0 645 282 1000
0 350 282 645
282 350 471 1000
734 0 1000 1000
471 350 734 1000
0 0 734 350
0 645 282 1000
0 350 282 645
282 350 471 1000
471 350 734 1000
0 0 734 350
734 0 1000 1000
0 645 282 1000
0 350 282 645
282 350 471 1000
734 0 1000 1000
471 350 734 1000
0 0 734 350
672 0 721 1000
644 0 672 1000
721 0 847 1000
847 0 1000 1000
0 0 644 346
0 346 644 1000
644 0 672 1000
672 0 721 1000
0 695 644 1000
721 0 847 1000
847 0 1000 1000
0 0 644 695
644 0 672 1000
672 0 721 1000
0 506 644 1000
721 0 847 1000
847 0 1000 1000
0 0 644 506
724 285 830 1000
0 166 830 285
0 0 830 166
830 0 1000 1000
0 285 302 1000
302 285 724 1000
724 285 830 1000
0 166 830 285
0 0 830 166
830 0 1000 1000
0 285 402 1000
402 285 724 1000
724 285 830 1000
0 166 830 285
0 0 830 166
0 285 279 1000
830 0 1000 1000
279 285 724 1000
0 584 234 844
0 844 234 1000
0 320 592 584
234 584 592 1000
0 0 592 320
592 0 1000 1000
0 844 234 1000
0 584 234 844
0 0 592 320
234 584 592 1000
0 320 592 584
592 0 1000 1000
0 844 234 1000
0 584 234 844
0 0 592 320
0 320 592 584
234 584 592 1000
592 0 1000 1000
384 705 689 1000
0 705 384 1000
0 294 689 527
0 527 689 705
0 0 689 294
689 0 1000 1000
0 705 384 1000
384 705 689 1000
0 527 689 705
0 294 689 527
689 0 1000 1000
0 0 689 294
0 294 689 527
384 705 689 1000
0 705 384 1000
0 527 689 705
0 0 689 294
689 0 1000 1000
0 847 460 1000
460 147 528 1000
0 0 754 147
528 147 754 1000
754 0 1000 1000
0 147 460 847
460 147 528 1000
0 0 754 147
0 147 460 427
528 147 754 1000
754 0 1000 1000
0 427 460 1000
0 147 328 1000
460 147 528 1000
0 0 754 147
328 147 460 1000
528 147 754 1000
754 0 1000 1000
0 749 627 1000
627 749 692 1000
0 303 692 444
0 0 692 303
0 444 692 749
692 0 1000 1000
0 303 692 444
0 644 425 1000
0 444 425 644
425 444 692 1000
0 0 692 303
692 0 1000 1000
0 771 384 1000
0 303 692 444
0 444 384 771
384 444 692 1000
0 0 692 303
692 0 1000 1000
0 266 664 321
0 185 664 266
0 321 190 1000
0 0 664 185
664 0 1000 1000
190 321 664 1000
0 266 664 321
0 185 664 266
0 321 417 1000
0 0 664 185
417 321 664 1000
664 0 1000 1000
0 266 664 321
0 185 664 266
0 0 664 185
0 643 664 1000
0 321 664 643
664 0 1000 1000
0 732 105 1000
0 0 501 283
0 490 501 732
105 732 501 1000
0 283 501 490
501 0 1000 1000
0 732 105 1000
0 283 501 490
105 732 501 1000
0 490 501 732
0 0 501 283
501 0 1000 1000
0 732 105 1000
0 0 501 283
105 732 501 1000
0 283 501 490
0 490 501 732
501 0 1000 1000
170 683 325 1000
0 683 170 1000
325 683 709 1000
0 0 709 376
0 376 709 683
709 0 1000 1000
170 683 325 1000
325 683 709 1000
0 683 170 1000
0 376 709 683
0 0 709 376
709 0 1000 1000
0 683 170 1000
170 683 325 1000
325 683 709 1000
0 376 709 683
709 0 1000 1000
0 0 709 376
0 255 351 1000
351 255 461 1000
461 255 582 1000
582 255 745 1000
0 0 745 255
745 0 1000 1000
