!
104 218 781 509 624
104 218
218 781
218 509
104 624
110 660 652 790 796
110 660
110 652
110 790
790 796
532
5 71 468 307 494 191 446 397 156 152 558 408 785 252 673 725 783 145 324 576 533 337
5 71
5 468
307 468
307 494
191 494
191 446
397 446
156 397
152 156
152 558
408 558
156 785
252 558
252 673
673 725
725 783
145 725
145 324
324 576
533 576
337 533
64 211 551 67 131 444 766
64 211
211 551
67 211
67 131
131 444
444 766
171 735 484 275
171 735
484 735
275 484
546
395 628
395 628
84 109 469 505 332 222
84 109
109 469
469 505
332 505
222 469
38 712 96 309 442 201 419 264 308 495 293
38 712
96 712
96 309
442 712
201 442
201 419
96 264
308 419
308 495
293 495
52 445 305 797 390 581 448 573
52 445
52 305
305 797
390 797
390 581
448 581
448 573
177 329 746 430
177 329
177 746
329 430
559
31 658 235 698 86 349 744 142 525 375 420 701 654
31 658
31 235
235 698
86 698
86 349
349 744
142 698
349 525
375 744
375 420
420 701
654 701
409 592
409 592
189 553 396 590
189 553
396 553
396 590
593
238 292 517
238 292
292 517
11 520 251 118 318 749 391 236 467 594 501 439 83 339 647 340 13 183
11 520
251 520
118 520
11 318
318 749
391 749
236 391
236 467
391 594
501 594
439 467
83 439
339 439
83 647
83 340
13 340
13 183
603
410 512
410 512
0 224 278 552 219 770 407 630 392 715 35 133 437 750 288 100 643 334 550 23 32 773 8 685 507 188 571 686
0 224
224 278
0 552
219 552
219 770
407 770
407 630
392 630
392 715
35 715
35 133
133 437
437 750
288 750
100 288
100 643
334 643
334 550
23 550
23 32
32 773
8 773
8 685
507 773
188 507
507 571
571 686
112 524 631 343 598
112 524
524 631
343 631
343 598
89 383 572 463 608 682
89 383
383 572
463 572
89 608
608 682
415 460
415 460
1 480 27 798 493 254 45 718 549 765 232 14 622 276 162 758 165 129 510 241 659 591 577 470 167
1 480
1 27
27 798
493 798
254 493
45 254
45 718
549 718
549 765
232 549
14 254
14 622
276 622
162 276
162 758
165 758
129 622
129 510
129 241
510 659
591 659
577 591
470 577
167 470
239 641 500
239 641
500 641
65 205 511 178 702 247 190
65 205
205 511
178 511
65 702
247 702
190 247
194 707 761 351
194 707
707 761
351 761
246 426 528
246 426
426 528
248 462 588
248 462
462 588
121 732 694 606 523
121 732
121 694
606 694
523 606
20 279 485 227 635 296 414 113 476 295 166 98 116 497
20 279
20 485
227 485
279 635
296 635
296 414
113 414
113 476
295 476
166 296
98 166
98 116
116 497
195 555 759 354
195 555
195 759
354 555
255 526 502
255 526
255 502
39 618 266 79 586 406 153 604 88 697 184
39 618
266 618
79 266
79 586
406 586
153 406
406 604
88 604
88 697
184 697
21 795 284 629 283 28 710 642 791 563 139 538 90 575
21 795
21 284
629 795
283 629
28 283
283 710
28 642
642 791
563 791
139 284
139 538
90 710
90 575
434 570
434 570
441 450
441 450
41 754 56 47 670 492 302 175 328 210
41 754
41 56
47 56
56 670
492 670
302 492
47 175
175 328
210 328
196 612 489 703
196 612
196 489
489 703
617
204 394 317 272
204 394
204 317
272 394
3 108 143 217 496 473 192 213 614 155 274 33 348 281 727 589 637 85 435 561 313 737 19
3 108
108 143
143 217
217 496
3 473
192 473
213 473
213 614
155 614
155 274
33 274
33 348
143 281
281 727
589 727
589 637
85 637
348 435
435 561
313 561
348 737
19 217
44 163 683 226 585 743 627 122 115
44 163
163 683
226 683
226 585
585 743
585 627
122 627
115 743
17 472 534 212 529 531 389 479 321 699 619 220 405 708 695
17 472
17 534
212 534
212 529
529 531
389 529
389 479
321 479
479 699
534 619
220 619
17 405
405 708
695 708
123 626 704 574 719
123 626
626 704
574 704
574 719
22 518 250 655 776 154 545 48 475 429 356 216 541 53
22 518
250 518
250 655
655 776
154 776
154 545
48 545
48 475
154 429
356 429
216 356
541 655
53 541
55 379 508 363 360 249 404 730
55 379
379 508
363 379
360 363
249 360
249 404
404 730
258 368 452
258 368
258 452
16 716 753 418 464 233 200 788 243 498 734 443 692 269 326 454 527
16 716
716 753
418 753
418 464
233 464
200 233
16 788
243 418
243 498
498 734
243 443
443 692
269 692
326 788
326 454
454 527
58 402 656 150 738 579 539 161
58 402
58 656
150 656
150 738
402 579
402 539
161 539
126 365 336 325 268
126 365
336 365
325 365
268 325
46 345 615 62 370 242 477 672 92
46 345
345 615
62 615
46 370
242 370
242 477
477 672
92 672
127 760 260 366 458
127 760
260 760
260 366
127 458
60 543 506 431 721 333 114 403
60 543
60 506
431 506
543 721
333 721
114 721
403 431
277 282 373
277 282
282 373
623
290 731 486
290 731
486 731
91 289 149 130 616 522
91 289
149 289
130 289
130 616
522 616
649
66 137 674 662 315 680 794
66 137
137 674
662 674
315 662
66 680
66 794
70 357 621 299 346 74 416
70 357
70 621
299 621
299 346
74 346
346 416
206 447 428 482
206 447
428 447
447 482
297 374 607
297 374
374 607
73 193 257 666 653 399 361
73 193
73 257
193 666
653 666
399 653
361 666
681
709
306 423 331
306 423
331 423
225 327 542 491
225 327
327 542
327 491
24 330 240 182 157 378 146 81 358 421 582 119 341 234
24 330
240 330
182 240
157 330
157 378
146 378
81 146
81 358
358 421
421 582
119 582
119 341
234 341
717
7 270 515 755 587 76 10 148 679 9 449 665 567 456 136 350 72 599 639
7 270
270 515
515 755
587 755
76 515
7 10
76 148
148 679
9 10
9 449
9 665
515 567
456 567
136 456
136 350
72 350
72 599
599 639
12 125 634 261 556 664 596 427 215 401 30 231 799 440 203 757 181 742
12 125
12 634
125 261
125 556
556 664
596 664
427 664
215 634
215 401
30 427
231 401
231 799
440 799
203 440
203 757
181 757
181 742
128 771 691 613 412
128 771
691 771
613 771
412 613
134 160 151 544 678
134 160
134 151
151 544
544 678
34 775 620 369 244 362 287 663 646 199 159 294 688
34 775
620 775
369 620
244 620
244 362
287 362
287 663
646 663
199 646
159 199
159 294
294 688
723
466 597
466 597
94 323 471 600 611 554
94 323
323 471
471 600
600 611
554 611
49 304 425 601 311 568 784 636 557
49 304
304 425
49 601
311 601
425 568
311 784
636 784
557 568
95 640 644 273 384 584
95 640
95 644
273 644
273 384
384 584
733
50 424 179 393 752 262 789 185 298
50 424
50 179
179 393
393 752
262 752
393 789
185 262
185 298
6 436 359 689 291 748 386 780 42 229 700 747 774 18 400 135 263 768 80 364
6 436
6 359
359 689
291 689
436 748
386 436
386 780
42 780
42 229
42 700
700 747
747 774
18 229
18 400
135 700
263 747
263 768
80 768
80 364
736
769
61 355 93 651 536 650 106 583
61 355
61 93
355 651
536 651
61 650
106 536
106 583
15 107 120 778 548 720 461 209 411 54 221 138 455 565 671 690 777 729
15 107
107 120
120 778
548 778
548 720
461 720
209 461
15 411
54 209
54 221
54 138
138 455
455 565
15 671
671 690
690 777
729 777
25 75 376 320 271 173 347 610 569 667 319 478 69 530
25 75
75 376
320 376
271 320
173 271
173 347
347 610
376 569
25 667
319 667
319 478
69 478
69 530
63 488 310 68 388 230 253 316
63 488
310 488
68 488
68 388
63 230
230 253
230 316
144 767 503 285 684
144 767
503 767
285 503
285 684
101 312 741 105 726 335
101 312
312 741
105 741
105 726
105 335
78 438 724 722 638 387 245
78 438
438 724
722 724
638 722
387 638
245 722
474 740
474 740
43 259 314 172 687 170 158 540 566 147
43 259
259 314
43 172
314 687
170 687
158 170
158 540
158 566
147 540
82 265 280 187 609 696 286
82 265
82 280
187 280
187 609
609 696
286 609
40 103 661 300 398 372 214 117 141 535 381
40 103
103 661
40 300
300 398
372 398
40 214
117 214
141 661
141 535
381 535
322 669 764
322 669
322 764
344 787 648
344 787
648 787
4 633 763 169 303 198 521 453 782 657 413 602 728 382 751 342 432 417 490 547 739 380 481
4 633
4 763
169 763
303 763
198 303
198 521
169 453
453 782
657 782
413 453
413 602
602 728
382 602
382 751
342 382
342 432
417 432
417 490
490 547
547 739
380 739
380 481
487 711
487 711
237 537 564 705
237 537
237 564
564 705
102 140 595 176 714 111
102 140
140 595
176 595
176 714
111 714
51 457 504 713 385 186 786 168 422
51 457
457 504
457 713
51 385
186 385
51 786
168 186
168 422
352 459 578
352 459
459 578
513 625
513 625
514 580
514 580
793
2 465 632 605 562 256 560 371 197 228 745 676 29 693 202 59 338 645 762 772 77 377 706 208 97
2 465
465 632
2 605
562 605
256 562
256 560
371 560
197 371
197 228
228 745
676 745
29 676
562 693
202 693
59 202
228 338
645 676
29 762
762 772
77 772
77 377
377 706
208 706
97 706
26 87 483 267 677 174 164 353 57 36 668 779 433 301
26 87
87 483
267 483
267 677
174 677
164 174
164 353
57 353
36 87
267 668
668 779
433 779
57 301
367 675 756
367 675
675 756
37 223 207 124 519 516 792 132 99 451 499 180
37 223
207 223
124 207
223 519
516 519
516 792
132 792
99 132
37 451
451 499
37 180
? 15 393 770 44 485 54 110 652 82 64 140 516 273 341 769 233
? 15 781 516 498 228 790 229 612 305 796 27 717 434 233 116 760
? 15 64 246 665 490 563 245 771 201 183 647 502 313 743 324 448
? 15 381 220 758 22 688 369 799 656 155 47 420 249 576 3 576
? 15 228 744 589 278 615 125 204 174 794 285 613 613 233 608 756
? 15 587 770 321 351 393 305 351 744 761 789 14 228 377 258 419
? 15 777 794 506 24 147 86 713 656 746 71 180 486 324 579 12
? 15 235 713 641 453 717 388 494 784 223 63 673 796 764 635 233
? 15 794 761 632 498 628 504 589 701 458 644 369 242 764 532 12
? 15 485 235 102 711 701 273 628 717 6 548 289 268 445 116 306
? 15 160 688 149 403 486 105 781 204 125 433 27 117 107 169 714
? 15 289 364 781 759 245 399 513 784 442 93 11 711 341 274 309
? 15 180 416 771 90 527 413 502 220 641 22 365 57 743 107 733
? 15 110 637 780 24 784 799 485 59 375 71 759 770 258 332 714
? 15 184 490 321 228 613 147 180 656 612 6 110 403 714 77 3
? 15 502 183 375 747 124 102 381 14 524 717 30 201 645 700 216
? 15 713 376 424 742 413 208 381 14 314 202 796 535 309 488 116
? 15 202 195 637 104 42 790 738 632 553 591 615 151 519 448 549
? 15 771 513 416 202 575 498 238 761 563 285 64 22 432 306 620
? 15 389 110 250 527 747 516 27 393 524 105 64 494 532 714 579
? 15 476 86 394 57 484 365 774 656 195 123 151 761 169 216 332
? 15 140 403 44 299 6 665 133 434 289 123 376 637 116 216 455
? 15 124 201 591 202 777 776 388 548 57 563 428 6 422 519 733
? 15 403 321 360 86 155 360 360 160 2 630 776 105 760 258 168
? 15 628 388 485 652 393 140 771 490 774 656 246 628 679 432 406
? 15 393 641 575 388 104 688 273 790 273 223 403 490 769 422 769
? 15 516 591 553 204 378 597 713 90 615 30 372 104 406 728 169
? 15 781 774 212 754 82 117 228 123 738 335 238 378 432 764 733
? 15 313 376 771 160 428 6 527 746 90 784 27 428 764 233 635
? 15 249 563 208 174 133 313 552 746 184 180 513 458 72 635 549
? 15 335 63 372 86 381 796 228 397 182 613 652 125 769 216 549
? 15 703 202 420 71 790 754 647 223 776 217 453 222 300 72 532
? 15 456 605 558 758 351 242 780 747 333 268 443 799 72 764 116
? 15 589 101 703 389 289 35 208 151 484 453 389 476 77 77 455
? 15 242 458 151 299 504 278 212 613 605 105 402 424 760 514 756
? 15 285 242 402 365 701 483 717 140 59 305 777 369 714 324 769
? 15 285 780 784 424 504 703 389 44 295 399 371 44 635 645 216
? 15 299 777 149 117 780 612 155 2 285 27 11 372 700 576 72
? 15 372 799 201 682 434 158 506 242 371 718 365 597 77 406 72
? 15 606 151 788 682 394 563 59 789 27 403 556 765 300 341 422
? 15 458 552 202 485 375 140 201 717 781 442 770 516 419 764 549
? 15 456 513 673 158 86 575 527 238 397 223 394 673 733 635 733
? 15 133 182 285 632 394 59 494 174 277 648 647 711 756 733 756
? 15 414 94 413 123 82 195 752 416 35 27 222 245 620 643 743
? 15 280 399 647 151 202 416 147 381 494 612 795 126 341 12 756
? 15 641 596 44 305 633 799 789 742 335 63 125 182 329 168 329
? 15 235 548 754 615 784 90 765 656 613 149 365 433 233 233 3
? 15 54 442 321 711 186 180 397 402 11 137 420 140 332 3 77
? 15 52 202 575 502 413 371 182 796 484 201 351 506 448 12 258
? 15 713 155 186 250 35 202 299 591 742 613 2 160 579 714 377
? 15 781 105 42 202 420 389 718 101 784 490 524 718 12 645 645
? 15 682 527 86 125 703 558 126 378 628 701 313 335 743 488 714
? 15 434 535 238 744 2 788 125 278 553 665 765 124 549 645 579
? 15 158 442 478 104 399 397 212 458 102 124 478 289 455 3 455
? 15 235 578 93 397 160 765 394 238 433 490 295 250 419 764 265
? 15 201 524 54 703 682 652 333 758 494 644 268 453 769 274 419
? 15 394 790 249 578 375 289 186 245 235 413 24 313 309 332 714
? 15 486 485 278 637 183 182 174 149 628 612 589 105 216 579 608
? 15 665 160 82 289 553 268 428 504 394 504 202 795 608 643 643
? 15 484 44 476 776 633 289 671 250 6 195 174 117 700 620 579
? 15 280 718 202 351 117 761 502 648 246 54 268 388 448 377 445
? 15 158 504 490 596 182 796 596 703 137 204 416 186 519 233 324
? 15 490 268 35 420 628 587 285 428 22 289 478 110 700 332 329
? 15 229 790 295 524 333 223 665 280 186 101 110 360 764 579 764
? 15 796 140 133 238 280 591 375 105 524 484 591 758 448 760 488
? 15 615 101 796 711 86 305 641 195 151 453 759 11 514 635 448
? 15 652 278 6 502 371 202 335 137 777 597 777 453 300 769 728
? 15 563 44 777 433 596 104 59 605 273 372 630 126 700 341 532
? 15 483 771 777 553 295 483 613 652 713 393 126 59 455 488 107
? 15 618 777 759 527 746 369 795 314 375 754 796 180 635 332 579
? 15 158 476 750 754 137 703 799 399 799 47 490 637 309 306 488
? 15 137 180 754 781 552 333 630 217 443 245 781 556 329 300 635
? 15 90 552 628 184 378 335 42 250 504 27 742 202 107 274 406
? 15 220 605 744 202 137 486 777 229 516 498 556 14 455 419 733
? 15 456 149 335 424 597 738 556 784 183 202 295 399 635 309 274
? 15 615 656 535 228 2 665 637 781 485 242 147 59 116 576 764
? 15 615 738 443 770 453 389 102 186 22 186 59 641 608 756 576
? 15 744 183 105 228 703 558 711 506 578 54 6 376 12 714 764
? 15 268 314 222 220 527 123 229 90 752 682 42 289 445 643 432
? 15 711 790 770 160 759 369 527 443 369 220 90 289 265 274 306
? 15 606 413 245 186 295 381 360 656 752 376 713 212 700 608 645
? 15 378 641 402 27 443 516 394 238 628 57 59 563 519 306 488
? 15 738 93 321 416 777 597 222 403 202 93 442 433 679 679 743
? 15 718 321 648 759 245 420 151 90 369 147 314 183 169 764 300
? 15 605 746 133 160 57 35 633 63 641 158 648 54 620 643 733
? 15 104 688 434 633 27 795 761 102 201 140 364 147 258 514 764
? 15 746 27 22 202 155 372 589 249 321 784 42 35 532 743 329
? 15 351 42 278 575 105 527 277 147 442 273 420 208 635 300 635
? 15 126 548 402 671 140 788 180 285 434 796 52 612 274 265 233
? 15 596 434 201 703 42 796 133 744 295 596 591 795 620 168 274
? 15 552 478 771 513 124 589 30 117 376 305 105 273 448 72 116
? 15 498 399 456 552 483 208 777 54 589 147 228 796 519 406 419
? 15 637 242 397 494 102 2 738 498 605 280 746 57 549 406 258
? 15 453 597 249 506 140 781 71 133 351 759 378 703 377 488 306
? 15 378 486 321 397 630 591 789 117 504 424 90 222 107 116 488
? 15 587 615 641 47 186 64 717 578 313 738 27 701 576 519 377
? 15 578 371 774 774 761 11 535 52 795 605 371 228 265 743 445
? 15 648 535 151 376 535 770 313 414 420 535 381 105 645 406 679
? 15 364 229 235 360 777 47 105 703 223 795 299 174 769 679 488
? 15 399 597 552 289 174 335 133 110 273 27 104 632 116 532 274
? 15 110 682 483 246 64 285 799 105 93 613 402 360 12 329 329
? 15 54 498 524 758 606 403 273 71 229 796 217 94 258 679 760
? 15 498 794 202 217 2 250 605 372 618 765 202 174 406 12 233
? 15 420 548 399 548 502 305 486 774 671 765 137 174 168 532 329
? 15 682 606 52 140 637 378 403 738 204 217 777 42 700 72 635
? 15 104 57 223 24 2 47 458 249 63 458 476 184 216 448 733
? 15 57 759 513 183 765 158 597 242 504 101 151 110 300 216 532
? 15 781 64 795 442 413 204 137 688 742 587 788 397 455 309 519
? 15 628 381 490 682 184 403 527 220 761 182 369 589 258 72 620
? 15 101 701 351 42 277 434 180 606 305 223 644 125 324 116 377
? 15 535 548 202 424 125 160 235 796 376 770 558 102 422 258 448
? 15 280 575 535 289 633 633 24 486 184 388 126 126 309 329 756
? 15 744 476 637 504 591 30 615 381 527 644 502 147 265 608 332
? 15 174 553 703 484 313 314 780 770 229 195 682 22 760 764 743
? 15 54 428 485 277 14 364 776 174 47 513 183 665 645 519 635
? 15 759 123 483 64 94 612 504 434 24 589 556 222 12 532 764
? 15 750 174 105 632 369 613 183 744 513 295 575 360 764 743 448
? 15 105 147 746 780 713 774 223 742 376 615 71 742 549 274 576
? 15 789 147 414 589 201 630 195 208 52 484 208 147 377 77 445
? 15 498 14 24 682 656 453 456 789 11 628 746 285 12 3 760
? 15 54 208 799 527 673 117 656 524 147 433 93 633 72 764 445
? 15 365 52 381 24 94 563 524 784 789 486 414 371 419 549 733
? 15 140 781 229 490 71 799 458 632 742 765 490 174 679 714 445
? 15 790 589 314 126 375 458 158 442 110 27 242 149 3 377 274
? 15 158 235 82 388 295 781 35 765 183 780 552 754 324 576 258
? 15 140 596 158 6 788 246 372 399 101 182 486 123 306 169 77
? 15 673 313 335 587 245 378 656 589 498 195 506 14 733 274 329
? 15 612 476 59 93 591 784 30 54 774 799 506 133 300 265 635
? 15 47 245 388 647 299 589 273 280 424 64 268 578 728 329 756
? 15 125 64 788 490 63 208 365 174 794 494 273 160 769 377 728
? 15 776 54 47 490 397 790 133 47 378 64 105 434 216 608 432
? 15 612 688 186 774 2 717 485 713 502 381 242 613 306 760 514
? 15 228 151 483 314 630 137 578 229 183 761 360 618 274 419 549
? 15 494 682 245 673 711 591 351 548 701 671 104 746 169 419 309
? 15 376 516 752 305 443 102 420 273 780 641 86 137 233 3 448
? 15 648 524 104 750 524 630 641 305 703 369 59 249 324 3 233
? 15 44 59 351 682 280 228 333 605 333 364 195 597 72 12 300
? 15 665 182 365 47 553 389 202 245 133 648 458 90 760 258 714
? 15 453 587 761 794 6 784 527 86 35 204 201 759 3 733 258
? 15 402 6 752 364 321 388 754 335 591 402 578 794 341 324 733
? 15 151 365 752 333 389 245 442 333 578 47 242 605 448 769 448
? 15 388 794 123 632 781 641 71 553 656 94 174 110 332 532 643
? 15 776 738 378 54 388 389 59 174 758 24 742 758 274 455 579
? 15 110 228 399 790 184 208 133 628 174 524 105 54 324 643 12
? 15 633 606 563 397 605 202 289 754 671 52 597 63 309 406 608
? 15 22 413 399 222 796 486 652 575 202 478 375 147 306 329 341
? 15 321 597 63 789 147 204 524 433 125 794 524 758 743 635 169
? 15 761 299 788 644 589 553 246 552 754 22 513 180 448 519 769
? 15 295 553 42 605 351 64 414 278 630 789 587 360 77 329 169
? 15 711 117 268 202 402 278 575 535 656 273 280 780 714 455 488
? 15 381 90 376 124 149 498 556 746 535 456 305 30 332 679 455
? 15 612 147 713 217 6 30 140 641 268 204 747 759 764 549 445
? 15 268 217 615 761 335 476 754 351 673 376 548 788 116 419 679
? 15 424 795 360 82 268 750 703 305 24 484 701 381 406 620 756
? 15 335 453 750 305 494 30 246 713 478 502 371 591 107 406 265
? 15 597 202 94 776 433 94 552 765 102 268 403 613 274 700 620
? 15 688 776 295 774 57 11 516 747 30 771 86 718 532 258 620
? 15 556 671 774 125 250 54 105 376 478 174 335 789 576 519 764
? 15 606 397 794 780 184 761 587 553 458 160 195 596 77 324 419
? 15 117 222 563 375 776 217 351 747 424 548 794 365 532 329 608
? 15 665 369 738 278 35 208 682 591 738 484 125 397 77 406 679
? 15 27 278 364 285 250 101 24 42 321 587 458 360 233 608 679
? 15 648 351 93 314 442 397 180 478 388 47 155 101 274 168 728
? 15 483 742 44 612 57 628 125 238 24 375 578 71 519 519 107
? 15 665 644 754 648 86 553 242 364 788 27 587 299 488 12 324
? 15 202 376 796 615 184 665 615 637 713 575 394 403 419 579 169
? 15 11 413 394 245 371 278 682 371 365 428 556 183 635 643 700
? 15 52 184 652 794 483 789 371 524 149 641 365 761 764 341 324
? 15 133 277 371 381 644 94 381 682 44 397 524 42 3 608 422
? 15 351 788 799 365 22 102 790 456 299 799 90 738 432 300 341
? 15 416 44 746 758 397 575 151 249 174 485 597 27 169 265 332
? 15 11 433 314 513 789 376 249 443 229 416 351 641 300 265 608
? 15 158 556 63 125 280 711 486 527 140 6 535 506 645 309 620
? 15 637 413 22 365 747 149 393 278 82 375 535 403 406 519 645
? 15 126 506 548 632 647 718 563 242 110 717 249 101 714 12 300
? 15 222 717 606 399 158 364 796 125 596 485 378 596 3 107 107
? 15 314 458 456 180 174 485 174 718 277 535 299 558 168 419 760
? 15 278 442 54 27 30 478 552 771 781 750 575 321 116 448 764
? 15 27 182 637 403 504 717 612 453 701 453 11 278 576 764 733
? 15 184 11 125 245 758 774 483 104 771 414 754 110 700 643 764
? 15 64 399 478 502 606 578 246 682 780 637 637 123 764 274 608
? 15 174 738 556 333 442 484 295 394 365 160 428 160 532 760 3
? 15 484 483 578 615 278 184 299 780 63 102 596 628 532 216 643
? 15 795 641 57 416 59 183 360 774 747 754 443 102 306 608 422
? 15 86 633 434 238 125 402 628 64 305 249 124 228 341 549 714
? 15 443 453 641 718 149 413 378 776 420 180 563 591 743 532 432
? 15 137 299 285 149 443 202 381 246 184 656 648 777 107 549 643
? 15 774 133 124 183 420 434 124 771 799 273 222 553 265 514 377
? 15 54 656 47 628 321 158 612 483 305 375 155 494 576 116 324
? 15 414 428 117 133 618 442 711 632 151 371 399 414 608 265 12
? 15 71 597 335 688 453 381 433 104 228 155 6 747 549 519 324
? 15 613 124 160 93 372 682 402 333 483 535 443 641 329 760 532
? 15 750 372 86 784 498 101 147 102 151 403 795 6 488 743 3
? 15 781 137 183 180 433 548 758 277 117 228 403 485 764 233 448
? 15 222 765 563 548 688 738 126 476 506 563 799 606 448 445 514
? 15 333 314 618 64 790 101 268 365 790 101 180 351 300 406 743
? 15 613 195 527 761 428 558 147 378 478 738 644 123 488 116 406
? 15 63 195 747 428 671 485 790 44 553 44 718 781 714 324 341
? 15 630 504 242 54 273 44 268 556 101 688 527 587 549 3 764
? 15 313 490 777 208 27 125 399 637 27 613 615 504 274 714 643
? 15 747 182 506 335 420 94 125 414 428 652 486 313 3 579 422
? 15 133 618 54 761 553 305 747 476 273 388 420 220 764 756 107
? 15 752 394 759 759 656 289 424 184 632 250 552 416 12 608 422
? 15 299 333 104 64 110 644 780 52 71 647 222 388 168 300 635
? 15 220 389 648 155 285 228 105 575 524 637 369 360 645 419 216
? 15 94 587 94 750 289 42 124 57 770 456 212 376 728 608 635
? 15 596 535 64 93 42 305 305 249 57 587 718 24 3 432 12
? 15 180 578 630 217 656 140 776 195 82 378 790 673 3 300 635
? 15 102 110 476 671 575 101 644 742 790 289 478 246 608 645 169
? 15 372 147 186 149 208 360 137 774 86 633 747 126 265 265 679
? 15 563 24 376 615 365 597 273 24 52 788 416 416 728 728 576
? 15 578 229 433 784 673 375 746 563 104 381 94 372 679 448 332
? 15 397 478 35 478 490 502 759 314 648 381 752 516 455 300 455
? 15 770 268 476 289 174 102 673 403 299 780 761 628 579 107 258
? 15 478 527 133 123 365 420 476 94 442 285 222 105 733 448 700
? 15 381 125 673 110 513 110 476 442 494 644 516 184 341 532 579
? 15 212 228 335 688 64 11 433 754 220 246 750 393 306 377 455
? 15 458 242 434 701 393 752 628 478 587 195 217 242 265 107 608
? 15 299 747 71 513 476 2 235 204 125 238 371 364 645 116 309
? 15 424 351 52 713 155 799 42 563 126 201 123 105 258 168 488
? 15 615 250 597 313 158 381 149 641 524 759 754 151 168 635 377
? 15 268 147 513 399 393 414 713 453 750 442 110 504 116 168 265
? 15 453 250 630 71 125 630 516 527 35 30 11 490 519 532 769
? 15 376 246 351 738 648 44 402 424 420 289 277 228 645 12 756
? 15 790 484 413 220 713 57 665 615 125 397 484 628 743 532 377
? 15 321 478 27 742 204 201 42 30 513 11 759 285 306 579 341
? 15 490 777 711 57 82 485 147 378 246 35 11 183 445 488 733
? 15 703 758 553 776 399 6 771 713 333 228 59 630 233 743 532
? 15 665 553 313 314 784 613 313 104 742 223 483 587 514 576 549
? 15 552 416 104 476 713 140 245 527 389 589 378 208 12 107 274
? 15 101 364 204 453 151 765 434 184 228 671 223 553 608 406 432
? 15 217 761 204 268 413 249 246 761 453 433 174 160 635 169 488
? 15 228 204 403 780 54 180 364 548 186 701 548 628 12 769 448
? 15 82 371 794 780 149 174 490 770 484 212 360 713 549 733 329
? 15 759 125 416 228 86 738 742 776 201 235 612 744 519 306 764
? 15 605 606 365 375 182 563 485 682 299 202 776 125 233 300 743
? 15 333 126 615 220 647 414 52 632 285 147 494 289 728 274 324
? 15 578 613 57 673 781 596 589 790 35 673 202 434 12 168 77
? 15 82 587 688 273 44 295 671 372 238 486 478 285 332 341 309
? 15 486 553 280 703 369 289 52 250 222 717 6 718 635 169 643
? 15 682 110 597 183 229 371 784 280 774 277 774 605 329 341 12
? 15 754 777 589 498 516 758 110 399 742 795 133 575 608 309 620
? 15 388 289 54 434 388 204 552 484 701 104 504 388 169 233 324
? 15 268 476 484 717 796 742 494 420 238 552 217 202 488 324 3
? 15 776 615 105 101 399 790 369 506 335 160 633 789 422 448 216
? 15 105 155 93 711 618 289 777 57 314 589 140 456 549 764 377
? 15 124 504 371 364 752 63 285 548 104 93 758 556 455 714 635
? 15 394 504 718 180 174 575 63 245 246 596 483 63 645 300 455
? 15 376 360 229 713 478 553 6 682 360 137 47 393 432 265 77
? 15 765 371 202 535 615 612 746 506 799 245 606 365 635 760 3
? 15 644 746 295 160 277 770 186 758 137 665 24 478 445 107 760
? 15 589 54 506 717 615 229 280 771 246 399 490 393 422 448 419
? 15 535 223 647 242 314 229 718 397 516 360 22 212 169 549 700
? 15 754 110 799 64 641 770 794 278 278 285 105 217 329 700 274
? 15 416 796 195 235 701 688 184 64 656 280 433 752 324 760 448
? 15 149 160 433 442 64 744 82 351 770 394 703 453 445 168 445
? 15 433 305 285 665 502 59 208 765 381 784 799 57 743 445 448
? 15 403 186 781 494 184 494 478 759 665 648 245 44 455 445 341
? 15 774 597 513 641 784 397 125 789 403 174 202 484 77 579 107
? 15 443 268 484 388 771 223 744 434 799 433 618 403 377 579 635
? 15 795 151 212 682 777 648 484 641 759 314 713 420 309 519 265
? 15 563 117 314 238 133 556 22 86 299 682 105 6 455 514 643
? 15 613 777 794 372 644 742 278 242 47 351 94 140 635 645 306
? 15 485 665 701 780 747 388 212 671 799 656 372 52 455 168 733
? 15 591 59 186 277 104 615 93 502 648 125 688 758 760 377 422
? 15 238 280 434 381 746 110 754 393 313 558 110 117 714 306 445
? 15 458 416 59 246 795 335 314 790 182 229 376 47 77 107 764
? 15 494 750 632 376 416 402 795 151 30 630 424 781 309 107 576
? 15 333 790 761 183 246 402 597 476 183 184 771 648 769 329 445
? 15 105 372 285 360 201 147 93 393 490 777 414 360 309 764 116
? 15 399 2 285 376 717 750 428 591 424 208 381 277 519 12 422
? 15 781 238 613 14 754 632 527 641 204 742 665 249 576 576 432
? 15 105 44 597 94 647 369 124 44 647 277 381 381 576 258 168
? 15 428 151 90 299 35 228 397 524 578 490 201 754 3 12 576
? 15 644 738 110 202 305 86 365 591 527 414 124 591 645 488 769
? 15 648 22 104 484 776 486 633 212 245 742 780 182 760 12 769
? 15 618 552 376 147 47 360 644 752 516 249 434 717 764 448 12
? 15 442 483 93 182 182 123 761 388 155 424 648 42 432 756 576
? 15 44 158 416 747 433 788 799 2 102 665 64 369 455 233 445
? 15 110 434 761 424 204 313 372 630 208 212 14 456 743 760 77
? 15 235 794 504 453 558 268 35 713 563 504 784 117 635 216 608
? 15 790 174 44 372 202 513 123 413 160 24 416 195 406 635 635
? 15 578 126 443 277 527 14 249 458 59 22 597 278 324 77 620
? 15 71 703 795 761 420 186 158 381 147 59 381 313 324 168 576
? 15 295 494 761 637 399 490 784 456 140 647 204 369 448 635 620
? 15 393 788 673 22 351 589 82 376 434 285 174 399 422 445 377
? 15 82 548 93 754 575 644 713 246 93 742 618 376 419 756 455
? 15 498 365 490 228 665 761 548 278 182 780 641 558 579 432 488
? 15 24 223 245 587 428 606 535 575 212 641 648 285 769 332 635
? 15 52 416 158 245 771 125 82 375 174 490 484 413 764 608 406
? 15 201 217 376 35 403 718 47 485 57 434 506 71 445 635 743
? 15 397 742 394 42 268 535 201 14 478 149 402 6 258 258 309
? 15 278 364 613 186 504 711 434 433 42 671 575 195 116 488 743
? 15 548 630 673 752 765 223 212 770 228 506 11 746 700 448 514
? 15 424 738 553 183 747 428 513 776 781 711 711 47 579 169 258
? 15 123 104 24 420 794 42 186 389 747 186 394 174 728 743 309
? 15 105 14 371 484 758 563 229 369 613 647 160 242 445 216 579
? 15 47 648 553 771 137 535 52 54 494 442 424 220 714 77 341
? 15 202 633 414 245 596 717 780 381 52 110 711 59 645 77 432
? 15 761 770 14 6 273 770 758 758 652 652 591 575 728 679 643
? 15 765 201 180 35 746 42 476 104 758 788 174 746 168 274 455
? 15 618 606 202 717 104 212 229 399 333 774 160 633 77 77 445
? 15 403 117 27 575 6 742 389 527 321 155 268 656 300 233 216
? 15 220 71 372 752 781 285 285 647 137 277 104 313 756 579 72
? 15 299 64 774 456 126 498 718 125 371 280 222 123 608 77 265
? 15 647 238 656 612 381 140 682 414 553 186 535 14 406 608 116
? 15 711 633 637 443 158 333 413 784 57 204 124 754 306 233 643
? 15 781 388 556 524 476 776 738 516 104 123 799 641 608 643 608
? 15 784 149 795 376 682 665 151 665 420 535 656 612 635 377 422
? 15 486 403 321 416 644 54 788 158 613 774 238 321 169 620 12
? 15 402 458 688 613 784 754 443 750 104 223 268 94 769 432 764
? 15 765 378 605 478 754 484 217 485 149 556 44 665 116 419 760
? 15 796 605 424 124 618 182 86 752 117 754 372 14 258 265 448
? 15 2 44 673 389 671 606 393 587 402 273 333 149 274 756 107
? 15 589 47 63 688 476 711 246 229 771 494 278 790 549 168 532
? 15 222 612 94 44 22 30 632 57 90 535 442 453 455 549 643
? 15 57 591 220 513 30 57 123 486 182 563 784 428 274 733 714
? 15 682 688 558 433 506 648 718 117 498 711 458 420 3 72 448
? 15 2 42 238 606 217 633 365 295 365 765 506 774 643 77 608
? 15 372 204 289 151 414 30 151 606 105 527 268 434 576 72 455
? 15 64 553 738 245 504 184 789 11 375 160 351 747 265 756 107
? 15 82 90 246 673 223 137 204 718 671 220 47 784 169 258 329
? 15 364 126 228 513 630 413 747 433 160 101 202 71 756 532 300
? 15 484 443 137 478 174 22 615 673 777 484 133 321 72 549 620
? 15 637 633 351 86 147 485 776 606 299 201 333 403 377 168 332
? 15 717 44 182 299 393 201 453 770 160 151 137 299 645 406 743
? 15 780 615 498 242 394 268 738 780 124 591 788 644 488 77 679
? 15 494 484 365 285 453 59 102 313 126 71 416 502 377 579 728
? 15 777 6 394 364 6 82 701 155 688 788 506 30 306 216 700
? 15 780 589 633 123 476 212 105 784 313 738 633 774 645 769 620
? 15 102 788 633 105 413 186 605 403 484 527 443 744 635 274 258
? 15 11 27 273 558 796 149 456 372 220 553 776 605 733 576 700
? 15 513 506 612 388 615 204 484 630 117 597 746 673 455 341 324
? 15 524 754 478 498 483 750 208 351 771 388 182 220 77 233 77
? 15 174 575 280 606 516 747 6 456 35 208 777 285 332 700 455
? 15 632 351 249 394 6 299 553 333 388 64 30 552 620 549 620
? 15 796 228 703 217 202 305 776 47 289 90 208 246 12 769 169
? 15 615 27 333 744 527 527 558 295 93 524 376 513 620 608 332
? 15 433 738 647 615 742 184 524 747 222 502 770 186 620 432 309
? 15 701 378 147 222 365 428 277 403 137 280 575 628 168 274 448
? 15 208 351 364 713 71 498 794 222 688 278 277 589 764 620 12
? 15 453 242 759 788 790 717 182 202 133 556 713 24 728 445 679
? 15 378 394 393 553 245 351 758 799 186 758 652 94 532 728 332
? 15 133 202 486 59 575 644 399 280 486 613 790 575 306 532 448
? 15 770 403 149 249 375 717 759 771 606 151 242 781 216 620 760
? 15 456 104 364 759 235 14 424 268 360 250 86 548 265 635 329
? 15 57 615 630 314 747 784 443 644 63 703 220 794 514 455 77
? 15 280 389 711 558 746 314 443 124 278 633 414 799 406 324 488
? 15 578 126 94 101 14 443 761 414 93 6 94 416 12 645 168
? 15 204 249 761 394 369 633 186 321 615 333 563 414 168 445 728
? 15 637 42 434 82 591 754 280 351 365 456 652 246 168 576 332
? 15 453 789 656 770 453 47 235 506 360 378 360 376 532 306 733
? 15 372 630 63 789 494 351 771 744 246 351 137 795 332 635 432
? 15 527 278 393 202 155 94 575 250 483 313 389 182 422 488 233
? 15 110 183 223 671 24 64 494 591 285 82 285 637 274 455 406
? 15 504 184 86 784 587 147 229 389 123 656 235 615 764 377 309
? 15 641 578 630 504 378 524 268 612 110 212 35 289 445 306 728
? 15 752 35 222 333 744 393 428 6 101 453 485 314 233 769 488
? 15 388 235 746 228 788 761 494 703 64 52 443 299 341 258 107
? 15 765 456 742 6 750 57 605 703 548 102 796 183 445 700 514
? 15 777 742 102 637 351 527 133 125 105 478 746 456 419 12 116
? 15 443 389 494 652 420 44 754 273 217 788 360 552 432 576 576
? 15 246 632 27 24 795 365 799 93 158 277 403 442 329 760 274
? 15 277 186 527 765 632 378 506 147 11 485 335 789 764 728 341
? 15 22 186 11 71 155 701 273 502 235 553 246 632 448 714 743
? 15 54 305 160 485 90 656 149 137 615 183 795 759 620 265 168
? 15 754 351 433 140 242 483 360 222 376 321 403 242 72 12 77
? 15 235 428 397 456 788 105 648 64 222 54 556 90 422 274 714
? 15 403 494 57 117 644 606 485 742 752 597 376 527 419 306 406
? 15 781 671 453 750 688 789 486 717 117 641 591 351 549 306 233
? 15 183 174 183 673 478 228 747 133 506 393 648 82 620 608 274
? 15 403 420 513 774 618 245 388 24 14 335 63 575 274 169 743
? 15 770 277 524 54 220 71 632 761 360 183 563 637 488 265 579
? 15 713 416 268 94 747 428 578 313 671 186 375 597 764 728 233
? 15 105 133 456 182 759 155 82 110 389 652 86 365 419 549 645
? 15 195 280 428 758 369 93 703 717 456 174 578 64 300 679 72
? 15 524 527 376 149 703 628 212 578 195 552 82 333 258 233 549
? 15 578 413 372 305 644 591 606 552 453 453 59 665 488 579 579
? 15 393 403 285 552 641 777 102 220 212 713 552 102 519 643 265
? 15 375 597 140 799 771 553 413 212 587 486 22 688 216 733 760
? 15 535 202 476 14 110 371 483 738 790 606 376 381 309 300 309
? 15 647 399 137 754 524 502 140 589 102 220 428 513 620 733 514
? 15 587 738 90 54 752 147 285 42 369 596 632 711 306 608 769
? 15 413 478 217 780 360 688 506 553 742 671 502 476 488 406 519
? 15 552 223 587 742 369 485 558 478 761 502 442 295 72 733 714
? 15 637 524 246 313 335 24 644 795 394 235 42 273 532 168 756
? 15 101 606 399 476 644 403 502 776 399 456 776 535 258 576 77
? 15 285 335 641 752 413 673 605 784 388 376 589 456 216 728 579
? 15 47 245 765 151 633 381 552 278 402 63 54 761 714 306 576
? 15 27 245 443 776 485 799 790 351 52 403 535 790 714 216 419
? 15 780 780 2 399 228 413 759 552 376 314 403 504 733 77 77
? 15 633 784 101 313 381 750 688 589 174 428 335 774 432 743 514
? 15 184 633 369 110 289 403 174 104 186 758 110 781 309 419 635
? 15 238 365 295 140 553 485 413 656 229 82 434 502 77 377 549
? 15 245 630 397 747 399 618 174 299 630 578 393 229 258 432 635
? 15 637 402 780 527 394 105 688 208 388 513 781 147 258 579 700
? 15 442 428 140 235 717 790 52 394 335 442 648 14 406 514 488
? 15 394 777 506 149 428 71 795 217 665 184 44 195 309 576 645
? 15 124 110 587 744 789 238 742 524 596 137 527 552 514 116 258
? 15 578 250 485 747 133 110 718 747 774 393 535 596 728 514 700
