!
369 477 560 
369 477
477 560
5 356 421 480 129 500 16 668 636 209 665 140 616 353 723 430 532 329 382 377 572 468 455 586 63 149 296 470 165 36 29 
5 356
5 421
421 480
129 421
480 500
16 129
16 668
636 668
209 636
209 665
140 665
140 616
353 616
353 723
430 723
209 532
329 532
329 382
377 636
377 572
468 572
455 572
586 668
63 353
63 149
149 296
356 470
165 470
36 165
29 165
21 681 243 481 67 443 680 669 104 663 717 472 476 358 620 58 269 793 701 250 
21 681
243 681
21 481
67 481
67 443
443 680
669 680
104 669
481 663
104 717
243 472
476 717
358 476
243 620
58 358
58 269
269 793
701 793
250 701
14 343 368 527 614 648 347 750 677 732 396 307 139 788 784 484 294 498 130 699 323 716 707 44 336 134 
14 343
14 368
368 527
527 614
614 648
347 648
347 750
677 750
677 732
396 750
307 396
139 307
139 788
784 788
484 784
294 788
294 498
130 498
307 699
323 699
323 716
707 716
44 707
44 336
134 336
0 34 497 115 407 456 85 231 10 273 100 591 225 391 84 179 91 321 631 53 543 689 706 419 615 355 467 651 576 176 42 154 413 755 38 565 201 393 371 194 581 703 512 162 305 466 223 50 787 178 49 488 621 146 166 389 462 195 
0 34
34 497
115 497
115 407
407 456
85 407
85 231
10 231
10 273
100 273
100 591
225 591
225 391
84 391
179 391
91 179
91 321
321 631
53 631
543 631
543 689
689 706
419 706
53 615
355 615
355 467
467 651
419 576
176 576
42 176
42 154
176 413
413 755
38 755
38 565
201 565
393 615
42 371
194 371
413 581
154 703
393 512
162 512
162 305
305 466
223 512
50 223
466 787
178 787
49 787
49 488
466 621
146 621
146 166
166 389
389 462
195 462
4 35 199 746 392 318 69 553 52 331 359 647 671 730 655 405 417 775 771 264 695 412 603 51 86 304 640 119 437 602 582 597 573 606 
4 35
35 199
199 746
392 746
318 392
69 318
69 553
52 553
52 331
331 359
647 746
647 671
671 730
655 730
405 730
405 417
4 775
392 771
264 553
264 695
412 695
412 603
51 695
51 86
86 304
304 640
119 304
119 437
602 640
582 602
582 597
573 597
597 606
188 218 312 719 791 
188 218
218 312
218 719
312 791
25 334 213 141 687 638 503 508 414 102 709 163 786 295 735 657 635 624 523 
25 334
213 334
25 141
213 687
638 687
503 638
508 638
141 414
102 508
508 709
163 709
163 786
295 786
735 786
657 735
635 735
624 657
523 624
81 263 383 410 666 203 105 205 254 287 
81 263
263 383
383 410
410 666
203 666
105 203
105 205
205 254
105 287
64 214 424 708 157 478 514 237 73 571 749 70 
64 214
64 424
424 708
157 424
157 478
478 514
237 514
73 237
73 571
478 749
70 571
7 285 15 185 262 159 180 248 13 520 739 763 734 24 611 83 148 397 142 215 298 720 89 600 517 236 792 428 143 728 676 
7 285
7 15
15 185
7 262
159 185
159 180
248 262
13 248
13 520
520 739
13 763
734 739
24 285
24 611
83 611
148 611
148 397
142 397
215 397
215 298
298 720
89 298
148 600
517 600
236 763
236 792
428 734
143 428
143 728
143 676
28 281 40 525 200 533 519 541 652 592 145 239 649 482 197 327 521 440 630 
28 281
28 40
40 525
200 281
200 533
519 533
519 541
541 652
525 592
145 592
145 239
239 649
145 482
197 482
197 327
197 521
327 440
239 630
12 403 506 39 577 432 184 670 284 562 705 228 697 276 249 274 659 642 60 387 486 41 118 272 538 342 90 
12 403
403 506
39 506
39 577
432 577
184 577
39 670
284 670
284 562
562 705
228 705
228 697
276 697
249 276
249 274
274 659
642 659
60 642
60 387
486 642
41 486
41 118
118 272
272 538
342 486
90 276
1 196 724 156 362 376 662 726 367 54 781 762 291 610 384 675 77 257 251 691 453 11 361 760 537 330 713 794 337 26 252 219 27 380 789 548 445 422 132 308 381 364 400 632 502 452 404 570 
1 196
1 724
156 724
156 362
362 376
376 662
662 726
367 726
54 362
367 781
762 781
54 291
196 610
384 610
384 675
77 675
77 257
77 251
251 691
453 691
11 453
11 361
11 760
537 760
330 537
330 713
537 794
337 794
26 794
252 361
219 252
27 252
27 380
380 789
361 548
291 445
422 445
132 422
308 422
308 381
132 364
400 445
400 632
502 632
364 452
404 452
404 570
3 623 314 302 339 17 539 87 450 62 753 524 121 727 731 556 639 317 664 94 202 554 447 345 743 261 542 78 152 68 365 123 18 171 153 658 289 117 411 114 
3 623
314 623
3 302
314 339
17 339
17 539
87 539
87 450
62 450
62 753
524 753
121 524
121 727
121 731
556 731
639 753
317 639
302 664
94 664
94 202
202 554
447 554
202 345
345 743
261 743
542 743
78 542
78 152
68 152
68 365
123 365
18 123
18 171
153 171
68 658
289 658
117 658
171 411
114 411
175 474 756 534 279 210 
175 474
474 756
534 756
279 474
210 279
241 459 451 256 
241 459
241 451
256 451
93 604 292 588 587 779 338 335 545 507 
93 604
292 604
588 604
587 588
587 779
338 587
335 338
335 545
507 545
47 220 48 144 766 395 653 319 316 290 748 95 795 
47 220
48 220
48 144
48 766
144 395
395 653
319 653
316 319
290 316
395 748
95 748
95 795
320 332 628 
320 332
332 628
190 797 370 487 
190 797
190 370
370 487
75 150 433 718 265 266 181 584 401 742 168 
75 150
75 433
433 718
265 718
265 266
181 265
584 718
401 584
584 742
168 181
122 796 313 352 448 224 390 
122 796
122 313
313 352
313 448
224 448
390 448
20 531 113 693 702 346 45 135 494 74 745 235 97 528 612 208 99 186 741 714 322 158 559 349 
20 531
113 531
113 693
113 702
20 346
45 693
45 135
45 494
74 494
74 745
235 745
97 745
235 528
528 612
208 528
99 208
186 208
99 741
714 741
322 714
158 322
158 559
349 559
46 513 232 698 558 271 439 613 72 420 501 672 88 328 
46 513
232 513
232 698
558 698
271 558
46 439
439 613
72 613
420 439
271 501
501 672
88 672
88 328
79 540 151 688 777 242 747 682 270 790 167 
79 540
151 540
151 688
688 777
242 540
242 747
682 747
270 682
270 790
167 790
120 454 465 173 446 460 598 
120 454
454 465
120 173
120 446
446 460
446 598
109 436 674 216 479 449 579 645 306 
109 436
109 674
216 436
216 479
449 479
449 579
579 645
306 645
244 280 696 360 
244 280
280 696
360 696
9 644 183 599 116 394 504 426 761 409 710 754 594 374 434 198 757 526 574 580 564 147 56 340 767 555 98 475 229 
9 644
183 644
9 599
116 599
394 599
394 504
116 426
504 761
409 761
426 710
710 754
504 594
374 594
374 434
198 434
198 757
526 754
526 574
574 580
564 574
147 580
56 147
147 340
340 767
555 767
98 555
475 555
229 340
31 182 240 634 172 333 550 268 350 103 491 82 363 758 596 
31 182
182 240
240 634
172 634
172 333
172 550
268 550
268 350
103 333
182 491
82 350
82 363
550 758
596 758
127 286 463 736 725 160 315 
127 286
127 463
463 736
463 725
160 736
286 315
551 711 
551 711
76 601 354 473 561 510 583 752 80 692 535 
76 601
354 601
76 473
76 561
510 561
510 583
583 752
80 752
80 692
80 535
193 679 515 770 
193 679
193 515
193 770
569 
192 516 685 496 
192 516
516 685
192 496
22 722 575 344 759 464 155 126 490 641 33 92 110 595 425 678 764 442 566 101 
22 722
22 575
344 575
722 759
344 464
155 464
126 155
126 490
155 641
33 641
33 92
92 110
110 595
425 490
575 678
678 764
442 764
566 764
101 566
8 61 780 59 608 416 133 650 768 643 733 373 469 125 23 552 399 267 585 740 310 590 799 557 619 211 357 253 457 372 
8 61
61 780
59 780
59 608
416 780
133 416
133 650
133 768
643 768
643 733
373 733
373 469
125 469
23 373
23 552
399 552
267 399
267 585
585 740
310 740
310 590
552 799
310 557
557 619
211 619
211 357
253 357
357 457
372 457
128 673 324 137 626 495 
128 673
324 673
137 324
137 626
495 626
567 
106 607 661 379 625 690 212 348 217 511 
106 607
106 661
379 661
625 661
625 690
212 379
212 348
217 348
217 511
398 578 
398 578
37 234 230 547 505 222 204 111 187 206 388 174 378 55 744 
37 234
230 234
230 547
505 547
37 222
204 222
111 222
111 187
187 206
206 388
174 388
378 388
55 378
55 744
366 435 492 
366 435
435 492
221 341 275 660 
221 341
275 341
275 660
30 246 667 483 351 293 471 721 408 684 297 622 238 778 627 
30 246
30 667
246 483
351 667
293 351
293 471
471 721
408 721
684 721
297 408
297 622
238 297
238 778
627 778
522 765 
522 765
605 
71 325 458 164 444 589 646 233 654 617 124 191 
71 325
325 458
164 325
71 444
444 589
458 646
164 233
233 654
617 654
124 654
191 617
2 161 283 769 259 170 704 493 637 549 700 509 485 300 177 299 207 301 43 406 169 423 288 66 441 518 226 694 309 431 385 686 729 386 544 546 776 303 258 438 
2 161
161 283
283 769
259 769
170 283
259 704
493 704
493 637
2 549
549 700
170 509
485 509
300 485
177 300
299 300
207 299
177 301
43 301
301 406
169 406
169 423
169 288
66 288
207 441
300 518
226 518
226 694
309 637
309 431
385 431
385 686
686 729
386 549
544 700
544 546
546 776
303 776
258 303
438 546
19 530 107 136 277 774 609 260 751 785 326 311 57 712 629 415 772 282 375 536 65 96 593 278 715 
19 530
107 530
136 530
19 277
277 774
277 609
260 609
136 751
751 785
326 785
311 326
57 326
57 712
311 629
415 629
415 772
282 772
375 772
57 536
65 536
96 536
96 593
278 609
278 715
6 131 683 427 461 568 737 138 247 738 618 782 429 656 227 245 773 108 489 563 499 32 112 255 418 402 189 783 798 529 633 
6 131
131 683
427 683
427 461
461 568
568 737
138 683
138 247
247 738
618 738
618 782
429 738
429 656
227 656
6 245
245 773
108 773
489 773
245 563
489 499
32 563
32 112
112 255
32 418
112 402
138 189
189 783
783 798
402 529
529 633
? 4 55 409 187 744
? 4 505 230 622 234
? 4 539 62 17 450
? 4 783 209 636 620
? 4 12 412 359 577
? 4 42 581 154 371
? 4 626 767 574 501
? 4 710 409 9 324
? 4 13 83 7 185
? 4 548 537 760 361
? 4 40 592 515 281
? 4 52 553 97 318
? 4 149 519 353 723
? 4 379 64 661 625
? 4 8 83 7 61
? 4 443 680 737 104
? 4 255 245 309 418
? 4 583 641 92 595
? 4 502 317 352 539
? 4 322 71 233 325
? 4 714 349 144 766
? 4 245 309 489 418
? 4 65 585 456 497
? 4 424 64 735 657
? 4 125 185 159 15
? 4 611 83 215 465
? 4 724 610 196 1
? 4 547 41 230 505
? 4 254 203 320 105
? 4 215 465 262 248
? 4 748 630 284 395
? 4 483 30 602 246
? 4 521 327 124 349
? 4 47 630 239 714
? 4 457 357 242 747
? 4 140 353 723 797
? 4 441 769 207 2
? 4 417 135 357 242
? 4 87 62 539 17
? 4 751 136 267 326
? 4 233 124 654 325
? 4 721 338 335 507
? 4 171 411 114 570
? 4 655 135 671 775
? 4 524 62 639 539
? 4 166 693 702 462
? 4 504 409 183 594
? 4 283 769 207 177
? 4 312 80 759 722
? 4 763 185 262 248
? 4 5 620 72 36
? 4 488 49 787 178
? 4 405 242 747 671
? 4 506 412 640 86
? 4 305 787 178 693
? 4 45 488 135 462
? 4 380 191 27 257
? 4 290 144 766 395
? 4 533 200 482 191
? 4 796 352 539 17
? 4 303 435 258 366
? 4 574 767 340 580
? 4 771 318 52 199
? 4 352 78 448 502
? 4 778 622 297 234
? 4 236 185 262 248
? 4 204 778 111 230
? 4 32 245 108 489
? 4 719 596 88 634
? 4 353 149 723 797
? 4 48 714 144 766
? 4 653 284 395 290
? 4 445 452 632 308
? 4 552 751 267 590
? 4 598 511 463 160
? 4 550 596 88 328
? 4 455 644 430 377
? 4 589 317 71 639
? 4 792 185 61 159
? 4 756 652 279 474
? 4 745 612 74 97
? 4 477 560 628 371
? 4 79 512 223 53
? 4 770 228 434 193
? 4 456 357 372 231
? 4 374 370 434 594
? 4 523 478 163 708
? 4 90 228 128 434
? 4 644 377 183 455
? 4 406 169 43 288
? 4 17 314 539 623
? 4 425 237 571 73
? 4 616 370 723 797
? 4 739 280 248 236
? 4 769 207 2 283
? 4 112 489 499 32
? 4 329 209 430 636
? 4 564 767 574 340
? 4 562 432 228 39
? 4 253 456 357 372
? 4 219 27 760 361
? 4 309 245 431 418
? 4 662 589 726 367
? 4 302 3 314 345
? 4 512 79 223 355
? 4 474 729 431 6
? 4 279 782 756 474
? 4 647 242 747 671
? 4 703 154 560 339
? 4 559 714 349 233
? 4 142 460 600 511
? 4 607 64 661 657
? 4 83 7 285 148
? 4 251 610 675 196
? 4 624 478 508 687
? 4 619 357 590 375
? 4 222 41 272 111
? 4 599 409 9 183
? 4 106 64 661 625
? 4 147 767 98 574
? 4 63 519 200 149
? 4 197 327 200 482
? 4 137 409 710 324
? 4 214 64 735 657
? 4 744 388 206 187
? 4 299 769 207 283
? 4 33 583 92 561
? 4 78 68 352 448
? 4 723 149 353 797
? 4 265 181 266 718
? 4 238 778 230 622
? 4 785 136 536 751
? 4 15 7 185 285
? 4 212 511 517 463
? 4 270 59 86 51
? 4 777 79 512 223
? 4 688 273 591 231
? 4 216 674 306 109
? 4 231 456 115 151
? 4 330 385 26 729
? 4 76 601 328 561
? 4 300 226 43 406
? 4 382 782 329 429
? 4 475 767 98 340
? 4 646 71 208 741
? 4 123 68 18 153
? 4 189 782 429 461
? 4 209 430 636 329
? 4 391 273 225 591
? 4 545 338 627 335
? 4 541 519 200 652
? 4 494 135 702 74
? 4 340 767 574 501
? 4 469 733 267 590
? 4 659 387 249 128
? 4 560 3 339 628
? 4 276 249 432 228
? 4 403 412 359 553
? 4 323 498 732 396
? 4 520 280 262 248
? 4 517 600 511 160
? 4 84 419 543 706
? 4 240 333 634 268
? 4 592 515 281 28
? 4 26 729 537 760
? 4 411 275 114 570
? 4 319 144 395 290
? 4 461 737 429 683
? 4 241 181 278 459
? 4 668 636 620 480
? 4 35 671 318 771
? 4 339 3 314 17
? 4 213 638 25 687
? 4 80 759 722 535
? 4 145 630 239 327
? 4 451 278 75 150
? 4 119 39 602 640
? 4 472 243 620 737
? 4 755 581 368 565
? 4 609 241 278 107
? 4 244 578 280 765
? 4 702 693 621 389
? 4 164 726 367 71
? 4 430 209 636 329
? 4 459 241 278 451
? 4 680 243 104 717
? 4 138 782 429 683
? 4 632 589 317 639
? 4 108 131 489 6
? 4 128 387 249 274
? 4 110 638 508 641
? 4 588 93 335 167
? 4 37 778 505 622
? 4 525 592 515 281
? 4 293 230 505 622
? 4 454 460 465 446
? 4 652 519 756 279
? 4 316 144 395 290
? 4 24 83 93 7
? 4 396 732 788 307
? 4 673 187 272 538
? 4 64 735 657 214
? 4 423 169 43 406
? 4 585 772 267 311
? 4 221 275 320 105
? 4 155 641 102 92
? 4 636 209 430 329
? 4 731 556 693 20
? 4 565 581 368 706
? 4 701 569 435 793
? 4 282 585 772 751
? 4 16 500 668 480
? 4 272 41 187 111
? 4 664 94 554 345
? 4 402 476 489 499
? 4 704 569 309 258
? 4 295 64 735 657
? 4 249 387 228 276
? 4 501 767 88 340
? 4 315 286 215 465
? 4 625 661 463 690
? 4 473 601 92 76
? 4 333 268 350 363
? 4 732 498 788 396
? 4 133 59 733 650
? 4 776 303 366 549
? 4 764 425 490 575
? 4 345 94 554 664
? 4 752 80 759 722
? 4 427 131 108 489
? 4 604 93 517 167
? 4 683 131 737 568
? 4 178 787 223 621
? 4 606 30 602 640
? 4 462 488 135 702
? 4 220 714 349 144
? 4 584 401 451 266
? 4 736 460 465 160
? 4 260 241 278 107
? 4 765 578 280 522
? 4 346 731 693 20
? 4 713 385 729 431
? 4 743 94 554 117
? 4 696 280 551 765
? 4 463 511 160 446
? 4 729 385 26 431
? 4 431 385 309 729
? 4 152 78 68 18
? 4 614 581 368 371
? 4 758 596 88 328
? 4 393 693 355 615
? 4 187 388 206 272
? 4 196 610 675 1
? 4 618 782 429 138
? 4 10 456 231 115
? 4 225 273 591 79
? 4 56 767 574 501
? 4 532 209 430 636
? 4 698 613 46 580
? 4 277 241 107 785
? 4 175 385 729 431
? 4 471 338 335 622
? 4 660 411 275 320
? 4 692 80 759 722
? 4 205 203 320 105
? 4 489 131 108 6
? 4 587 511 517 463
? 4 613 420 439 46
? 4 432 228 39 577
? 4 722 80 759 692
? 4 153 411 114 570
? 4 202 3 94 554
? 4 623 3 314 17
? 4 784 732 788 307
? 4 540 273 231 151
? 4 716 94 554 336
? 4 627 338 507 622
? 4 143 241 181 551
? 4 678 722 388 566
? 4 566 388 206 187
? 4 665 209 430 636
? 4 570 411 275 114
? 4 129 636 668 480
? 4 493 569 769 245
? 4 630 239 144 395
? 4 526 439 613 574
? 4 727 62 731 539
? 4 77 675 27 257
? 4 519 200 281 149
? 4 458 71 639 325
? 4 410 263 169 203
? 4 207 769 2 283
? 4 51 602 640 86
? 4 41 272 230 486
? 4 104 680 737 717
? 4 234 778 230 505
? 4 113 556 731 693
? 4 479 674 109 579
? 4 294 498 732 788
? 4 50 787 79 178
? 4 350 333 268 363
? 4 179 543 53 84
? 4 328 535 218 561
? 4 761 409 594 394
? 4 173 286 465 446
? 4 399 733 267 590
? 4 602 30 640 606
? 4 385 26 729 431
? 4 480 500 668 183
? 4 712 136 536 751
? 4 22 583 722 692
? 4 367 781 726 762
? 4 27 77 361 691
? 4 85 49 231 151
? 4 691 77 760 361
? 4 230 41 505 486
? 4 70 478 237 571
? 4 775 97 318 52
? 4 561 583 601 328
? 4 341 411 275 452
? 4 528 612 745 74
? 4 266 401 150 718
? 4 158 714 124 349
? 4 358 476 489 499
? 4 408 507 622 297
? 4 478 237 571 73
? 4 571 478 237 73
? 4 746 671 771 199
? 4 591 273 225 79
? 4 590 267 23 415
? 4 388 206 187 566
? 4 161 769 207 2
? 4 645 674 579 479
? 4 782 429 618 138
? 4 387 249 128 274
? 4 563 245 309 431
? 4 663 481 243 36
? 4 325 124 367 71
? 4 781 726 124 367
? 4 491 333 634 268
? 4 449 674 306 109
? 4 275 411 114 570
? 4 132 452 332 632
? 4 262 7 215 185
? 4 156 726 196 1
? 4 580 420 439 574
? 4 2 769 207 549
? 4 747 242 671 730
? 4 252 77 27 361
? 4 667 387 30 602
? 4 370 193 616 468
? 4 369 94 554 396
? 4 648 347 396 784
? 4 464 583 641 764
? 4 395 630 144 290
? 4 687 638 508 213
? 4 101 206 111 425
? 4 762 781 726 367
? 4 440 327 482 191
? 4 709 478 508 102
? 4 420 439 613 72
? 4 400 589 317 639
? 4 103 333 268 350
? 4 366 435 303 258
? 4 337 26 729 537
? 4 107 136 785 530
? 4 666 203 105 221
? 4 705 432 228 284
? 4 492 435 793 303
? 4 243 481 663 165
? 4 773 108 489 6
? 4 375 585 772 590
? 4 708 478 735 163
? 4 389 488 702 621
? 4 157 478 237 571
? 4 203 496 105 221
? 4 105 203 320 221
? 4 452 308 404 364
? 4 169 226 43 406
? 4 226 169 43 518
? 4 182 333 596 634
? 4 296 149 353 723
? 4 44 94 554 336
? 4 99 612 208 528
? 4 450 62 539 17
? 4 772 585 267 311
? 4 9 710 500 183
? 4 768 747 733 650
? 4 656 782 329 429
? 4 465 460 397 89
? 4 448 78 352 261
? 4 321 512 179 543
? 4 141 638 213 25
? 4 499 108 489 32
? 4 310 357 590 375
? 4 555 767 98 501
? 4 577 432 39 284
? 4 447 94 554 336
? 4 421 620 668 480
? 4 269 569 435 793
