!
11 662 187 455 780 707 176 512 119 555 686 344 350 287 713 795 787 74 400 34 336 621 45 791 244 392 447 140 6 518 201 
6 140
11 518
11 662
34 400
45 621
45 791
74 713
74 787
119 201
119 512
140 780
176 707
187 662
201 518
244 392
244 791
287 336
287 555
287 621
287 686
336 713
344 350
350 555
392 447
400 795
455 662
455 780
512 555
512 707
787 795
0 104 159 403 1 675 643 338 437 150 487 275 694 87 645 239 396 566 91 25 134 263 631 390 113 212 475 626 228 551 288 26 162 590 261 294 547 538 542 329 57 169 574 498 12 413 105 472 163 476 183 521 492 465 639 435 80 611 508 661 646 644 359 205 115 588 337 703 559 108 95 431 690 756 248 779 179 740 674 660 483 14 628 623 667 681 149 4 558 651 758 225 533 93 94 424 258 351 776 116 89 722 627 270 764 297 723 127 47 652 29 785 334 737 491 76 347 658 405 100 254 650 312 345 321 272 616 52 376 422 587 276 629 446 247 138 32 515 171 358 208 613 167 361 185 305 349 373 292 215 584 614 135 720 420 274 497 273 634 223 679 236 269 157 231 481 325 567 
0 403
1 57
1 104
1 338
1 643
4 681
12 413
12 472
12 574
14 483
14 567
25 91
25 626
26 162
26 288
29 722
29 785
32 376
47 785
52 247
52 376
76 491
76 737
80 435
80 611
87 396
87 694
89 297
89 776
91 566
93 533
94 558
95 108
95 431
95 483
100 405
100 658
104 159
104 403
105 413
105 476
108 248
108 559
108 703
113 212
113 325
113 631
115 359
116 776
127 270
127 723
134 263
134 566
135 614
138 376
149 623
149 681
150 437
157 231
162 590
163 476
167 613
169 329
169 574
171 358
171 515
179 674
179 779
183 476
185 361
185 373
205 661
208 515
208 613
212 294
212 475
215 420
223 634
225 533
225 651
228 551
231 269
236 269
236 679
239 396
247 272
254 405
258 351
258 424
261 590
263 390
270 764
272 321
272 616
273 497
273 634
273 679
274 497
274 614
275 487
275 694
276 587
276 629
288 551
292 349
292 420
294 547
297 652
297 764
305 373
312 321
312 345
312 737
329 542
334 347
334 737
334 785
337 359
337 703
338 487
347 658
349 373
351 776
359 588
359 644
361 613
373 720
376 587
390 631
405 650
413 508
420 584
422 587
424 667
431 756
435 465
437 487
446 515
465 492
465 639
476 492
476 521
481 652
487 645
498 574
498 644
508 661
515 629
538 542
542 547
551 626
558 651
558 681
566 645
584 614
623 667
623 779
627 722
627 723
628 756
643 675
646 661
651 758
660 779
674 740
690 756
756 779
772 31 152 165 330 234 213 240 540 307 132 464 571 313 173 295 339 271 385 184 730 777 37 51 711 262 148 20 377 219 44 161 427 460 449 509 386 668 317 98 327 778 769 15 688 249 477 757 112 121 556 782 64 617 786 519 640 537 504 177 458 24 53 50 432 592 728 746 763 123 367 434 54 41 414 5 738 525 700 792 425 426 202 180 406 282 633 680 466 
5 772
15 425
15 769
20 148
20 377
24 680
31 152
31 234
31 772
37 148
41 44
41 219
44 161
50 313
50 504
50 571
50 786
51 262
51 385
53 385
53 466
53 763
54 123
54 763
64 432
64 537
98 778
112 757
121 180
121 556
123 271
132 339
132 464
132 782
148 730
148 777
161 427
165 213
165 772
173 537
177 519
180 680
184 466
184 730
202 460
213 240
219 377
234 271
234 330
240 307
240 540
249 477
262 711
271 633
282 680
282 728
282 746
295 537
317 668
317 778
327 477
327 668
367 414
367 425
367 592
386 509
386 668
406 700
406 746
426 738
427 460
432 571
434 509
434 700
449 460
449 509
458 592
464 571
466 738
504 640
519 757
525 700
540 782
617 772
688 769
688 792
700 792
728 757
251 281 198 591 310 765 665 501 38 410 751 488 10 622 796 195 734 670 768 397 203 125 238 798 775 106 595 562 39 133 557 384 513 511 333 355 109 569 602 418 495 30 368 601 401 754 453 609 
10 488
30 355
38 488
38 601
39 562
39 569
39 665
106 765
106 775
109 251
109 281
125 203
125 591
133 333
195 310
195 768
198 384
198 602
198 798
203 238
203 557
238 513
281 397
310 765
333 384
333 513
355 569
368 495
368 501
397 418
401 670
410 595
410 665
418 495
418 601
453 665
453 754
488 622
488 751
501 754
511 513
562 798
591 765
595 734
595 796
609 754
670 768
8 759 61 103 309 17 77 747 13 153 188 550 222 457 122 753 58 596 579 463 303 362 342 594 315 669 340 214 526 383 585 242 280 378 666 600 790 65 380 
8 222
8 759
13 188
13 747
17 103
58 380
58 753
61 759
65 600
77 747
103 309
103 550
103 759
122 457
153 747
153 753
214 340
214 383
214 526
222 457
242 280
242 378
242 585
242 790
303 362
303 463
309 747
315 594
340 669
342 362
342 594
362 669
380 596
383 666
463 579
526 585
579 596
600 666
3 139 264 632 697 774 702 372 227 739 216 583 388 387 647 197 659 705 664 578 564 283 85 789 243 191 357 181 593 341 92 442 541 461 257 394 323 290 218 326 221 348 399 575 485 493 16 657 636 370 573 752 46 549 454 296 322 663 582 391 332 607 144 692 653 606 554 494 206 620 137 260 107 440 172 624 748 285 117 610 630 229 517 642 516 382 71 770 742 531 456 147 543 767 708 343 255 510 175 701 
3 139
3 582
16 739
46 752
71 543
71 742
85 283
85 701
85 789
92 181
107 172
117 175
117 624
137 206
137 260
137 440
139 264
144 607
144 692
147 255
172 260
172 285
175 255
181 341
181 357
191 243
191 357
197 647
206 494
206 620
216 583
216 647
216 739
218 326
218 752
221 326
221 391
221 399
221 575
227 372
229 517
229 630
243 541
243 789
255 510
255 531
257 394
257 461
257 485
264 632
264 697
283 564
283 578
285 748
290 323
290 326
290 394
296 322
296 454
296 663
332 607
341 593
343 708
348 399
370 636
372 702
372 739
382 543
382 770
387 636
388 578
388 583
388 636
391 607
442 461
442 541
454 573
456 531
485 493
494 554
516 642
516 770
517 642
531 742
543 767
549 752
554 606
573 636
606 653
610 630
624 748
647 659
653 692
657 739
659 664
659 705
697 774
702 774
708 767
506 193 
193 506
18 784 597 59 691 235 586 19 102 328 618 693 265 278 797 266 23 750 490 733 182 480 398 699 479 478 762 502 436 
18 597
18 784
19 102
19 235
19 586
23 618
23 733
23 750
59 235
59 691
59 784
102 328
102 797
182 398
182 480
182 699
182 733
265 278
265 693
266 784
278 478
328 618
436 750
478 479
478 502
478 762
490 733
586 693
783 709 306 230 612 419 735 520 529 416 189 70 470 
70 783
189 230
189 783
306 612
416 419
416 783
419 709
470 783
520 529
520 709
529 612
709 735
302 615 749 22 253 452 314 259 451 66 300 160 744 
22 253
66 302
66 615
66 749
160 259
160 314
160 451
253 314
253 452
300 452
314 744
452 749
35 210 145 689 715 673 430 534 527 88 761 69 530 745 648 524 672 649 141 685 67 166 356 450 
35 145
35 210
35 450
35 761
67 69
67 761
69 530
88 430
141 649
141 672
145 534
166 356
166 685
210 430
430 527
450 715
524 672
530 745
648 672
648 745
649 685
673 689
689 715
9 577 245 114 423 252 560 546 204 168 246 718 572 365 128 68 444 404 55 155 120 126 96 256 299 178 217 81 28 331 755 719 448 
9 114
9 204
9 577
28 81
55 155
55 404
68 204
68 404
68 444
81 217
96 120
96 126
96 256
96 299
114 245
114 252
126 155
128 423
128 572
168 246
168 423
168 577
178 217
178 299
246 718
252 546
331 755
365 448
365 718
448 719
546 560
719 755
83 196 570 209 371 684 499 599 164 496 131 
83 131
131 196
164 599
196 570
209 684
371 684
496 499
499 599
499 684
570 684
27 237 641 563 581 794 605 324 43 677 129 716 565 721 439 316 484 548 36 706 284 655 364 576 589 
27 237
27 641
36 439
36 548
43 324
43 706
129 677
284 576
316 484
316 605
324 565
364 589
364 721
439 677
548 716
563 716
565 721
576 589
576 655
581 716
581 794
605 706
605 794
641 716
277 654 40 736 514 773 186 443 445 637 156 687 200 293 411 544 474 366 90 505 56 743 604 346 352 704 781 766 
40 56
40 514
40 736
56 654
90 346
90 366
90 766
156 687
186 514
186 604
200 293
200 411
200 687
277 346
277 781
352 474
366 474
443 445
443 773
445 637
474 743
505 781
514 773
544 687
604 704
637 687
654 781
60 428 194 760 79 619 268 241 741 695 714 78 224 656 151 683 82 799 717 
60 428
78 717
79 151
79 760
82 268
82 799
151 683
194 714
194 760
224 656
224 717
241 268
241 695
241 741
268 619
428 714
656 683
717 799
2 522 503 130 635 500 539 568 462 725 552 676 318 671 729 381 73 489 459 170 407 84 553 232 143 75 678 473 7 625 375 793 279 48 250 360 710 363 408 158 211 207 698 468 49 72 402 97 771 433 374 469 409 696 726 561 731 63 190 528 724 192 638 532 21 267 304 174 99 33 788 441 536 369 598 523 580 379 393 471 124 289 311 727 42 335 233 110 389 535 142 286 412 226 101 298 354 308 415 429 438 682 86 220 320 712 732 111 291 136 118 507 603 301 608 
2 522
7 250
7 375
7 625
21 267
21 532
33 99
33 441
42 727
48 793
49 402
63 190
63 561
63 731
72 402
72 468
73 489
75 729
84 407
86 220
86 507
86 682
97 363
97 561
97 696
99 174
101 226
101 354
110 233
111 732
118 507
124 393
124 471
130 500
130 503
130 635
136 291
142 335
143 232
158 207
158 211
170 459
170 489
174 267
174 369
174 598
190 192
190 528
192 580
192 638
207 468
207 698
211 408
220 320
226 298
226 412
232 553
233 335
233 389
250 360
267 304
279 433
279 793
286 412
289 311
291 603
291 712
298 415
301 507
308 415
311 471
311 727
318 381
318 676
320 712
335 535
335 608
335 726
360 363
360 379
360 710
363 408
374 433
374 469
375 473
375 793
379 409
381 489
393 552
407 489
407 553
412 727
415 429
429 438
438 682
441 536
441 788
462 552
462 568
462 725
473 678
489 678
503 522
503 568
523 598
528 724
532 638
539 568
552 676
561 771
671 676
671 729
682 732
696 726
62 421 199 154 467 319 482 486 146 395 545 417 353 
62 319
146 353
146 545
154 199
154 545
319 482
353 486
395 545
417 486
421 482
467 482
467 486
