!
66 751 658 585 143 652 722 550
66 143
66 652
652 658
550 658
143 585
652 751
722 751
37 569 274 545 95 223 355 147 562 648 554 676 440 47 422 580 644
223 355
37 569
147 355
545 569
95 569
147 562
580 644
37 274
648 676
545 648
440 580
440 676
47 676
47 554
147 554
422 440
497
13 166 483 310 516 302 597 556 263 703 411 301 740 452 397 757 511 695 631 330 83 759 659 21 246 117 351 206 125 433 509 701 385 133 664 517 79 470 623 678
397 511
511 740
133 483
330 631
263 556
411 695
597 703
263 452
385 664
302 556
517 664
83 631
13 310
452 757
13 133
740 757
509 678
509 623
206 597
310 703
556 695
21 701
21 759
659 759
21 246
125 166
79 623
470 517
117 433
166 301
351 664
330 452
13 516
301 483
21 206
117 701
246 385
470 678
302 703
6 666 729 719 358 259 16 29 197 243 138 737 247 634 85 262 323 343 540 27 589 469 384 278 177 344 91 533 536 619 430 102 396 204 198 458 609 380 443 356 598 490 12
29 197
536 589
634 719
490 598
198 356
262 719
384 458
16 358
198 490
247 666
540 589
85 634
356 380
91 177
278 540
177 430
12 430
358 536
138 243
259 719
204 609
91 619
138 737
204 490
197 243
533 589
27 384
16 729
6 666
344 469
247 259
102 533
198 458
197 343
396 458
356 443
27 469
344 533
358 666
262 323
278 343
91 102
38 70 463 578 626 426 331 321 486 506 587 629 584 774 799 760 461
38 331
426 774
506 799
626 629
331 506
463 629
584 774
584 626
321 331
578 774
70 461
70 760
38 461
486 587
463 587
486 799
15 559 640 294 414 555 535 249 641 778 655 572 334 389 43 755 534 145 662 599 500 165 434 291
389 534
15 535
559 640
249 641
389 778
414 655
599 662
555 778
555 572
43 389
334 500
15 414
572 655
43 755
334 599
291 434
165 662
145 389
294 640
249 559
145 334
165 291
535 640
81 296 428 280 407 432
81 428
296 428
280 296
81 407
280 432
107 180 726 656 633 781
107 180
180 633
107 656
656 726
726 781
54 510 354 128 612 69 723 508 745 424 286
54 354
354 510
128 510
128 612
354 424
69 612
69 723
424 508
508 745
286 508
55 552 252 699 639 406 661 502 611 383 130
55 252
252 552
552 639
639 699
406 699
406 502
502 661
130 661
130 383
383 611
9 160 295 492 423 221 329 94 265 96 342 123 643 618 324 669 57 475 240 146 739 250 604 139 201 498 218 186 716 613 438 451 288 75 233 89 363 649 525 222 748 189 712
123 329
189 222
189 649
233 649
265 739
451 716
57 475
295 423
9 438
146 669
201 498
75 96
423 492
75 160
139 492
9 221
139 324
186 643
240 739
498 604
186 716
233 288
89 451
265 329
94 618
146 250
613 716
160 221
57 739
218 604
288 712
342 716
75 342
9 525
363 525
94 669
288 748
57 250
139 240
96 324
89 233
218 475
20 579 651 322 718 393 140 788 266 465 403 707 235 645 36 196 527 526 76 40
266 393
266 788
36 196
235 707
40 526
40 140
579 651
403 718
140 718
322 579
76 140
20 718
20 393
645 788
36 235
527 788
393 651
266 465
235 645
121 151 761 491 136 205
121 491
491 761
151 761
136 151
136 205
45 583 522 706 213 253 782 142 783 468 350 738 245 270
45 213
213 583
350 583
45 253
213 783
253 782
142 350
142 522
468 522
245 350
245 738
245 270
522 706
2 63 507 212 549 381 137 784 446 709 58 11 694 109 616 660 132 615 488 326 306 765 495 400 484 227 401 152 115 682 56 185 194 158 61 390 314 283 625 174 284 199 499 429 290 771 292 32 149 408 474 317 341
174 429
63 507
284 292
137 694
152 682
341 408
158 314
446 784
227 401
152 401
61 625
132 615
283 625
381 660
290 429
11 694
227 495
109 549
137 446
149 771
290 682
63 616
212 784
292 771
212 549
56 317
317 474
32 408
58 137
58 381
488 615
63 109
615 765
660 709
474 771
132 507
194 314
306 488
185 314
212 484
185 625
284 290
306 326
194 390
32 474
199 499
400 495
61 199
446 495
174 283
2 616
115 499
447 551
447 551
10 376 226 481 370 591 592 84 646 637 743 445 111 472 675 163 581 271 256 207 493 672 518 608 700 632 261 289 230 698 564 23 620 17 228 337 477 25 98 663 297 275 775
17 226
226 592
493 518
477 564
84 743
23 620
111 675
25 297
271 581
23 275
256 632
163 493
289 632
592 743
518 672
228 564
271 672
207 370
207 608
163 230
10 472
228 481
230 698
581 675
289 518
111 472
261 700
271 445
646 743
17 477
370 445
98 297
84 637
25 591
370 637
591 663
261 672
228 376
17 620
337 591
477 775
23 337
0 734 3 378 122 647 269 106 710 99 172 287 557 596 657 796 134 379 103 787 33 126 88 638 494 560 715 349 187 418 193 415 161 565 50 101 268 220 680 457 315 78 184 272 624 191 276 277 547 742 73 421 41 364 195 791 732 485 395 67 86 312 179 790 437 219 482 309 224 93 727 164
106 734
78 187
276 547
179 395
272 742
364 727
364 791
50 418
50 415
0 103
67 791
596 796
93 727
596 647
277 680
86 395
3 269
164 421
164 482
437 790
161 349
657 796
73 364
378 710
161 193
364 482
277 560
86 312
41 164
287 787
73 742
67 732
287 378
560 796
99 172
93 195
184 277
191 624
172 647
88 126
78 457
0 379
421 790
101 126
485 732
3 106
3 710
557 787
134 184
134 547
88 638
193 565
99 287
224 309
494 560
41 309
315 457
378 379
0 122
101 415
67 395
219 309
193 415
457 565
33 494
191 272
220 680
272 547
220 268
33 88
494 715
303 685 316 642 353
303 685
316 685
316 642
353 642
1 368 68 677 87 793 141 439 97 239 586 244 42 674 116 764 347 129 546 689 332 754 214 120 476 273 573 282 311 575 746 257 402 544 387 665 398 720 300 479 369 281 635 442 417 668 260 741 208 304 614 747 377 435 767 450 684 359 210 162 232 24
387 741
208 544
208 614
24 332
402 479
120 260
162 232
377 614
281 369
282 575
120 214
479 665
347 674
129 244
116 439
129 674
417 635
273 282
116 689
359 450
1 677
369 573
304 544
417 720
398 746
87 793
300 635
257 398
162 359
586 674
210 387
311 741
273 476
684 767
347 764
1 87
141 668
141 546
368 435
97 668
260 741
97 677
300 402
332 754
116 239
304 747
311 435
42 244
479 544
573 746
257 476
1 68
332 546
439 764
435 684
442 635
214 273
747 767
162 684
239 754
97 368
471 594
471 594
345 466 721
345 466
466 721
4 568 425 215 653 360 39 170 35 798 570 298 785 776 789 520 797 338 436 366 733 704 236 313 119 318 515 175 410 455 531 459 388 100 319 617 444 758 248 340 49 242 683 566 156 749 365 104 409 708
119 313
340 617
338 797
789 797
49 749
35 170
388 410
425 520
242 365
248 436
366 388
49 248
104 242
236 785
366 455
119 236
298 653
242 566
100 531
298 360
313 318
156 566
444 566
319 340
338 570
365 758
425 568
39 215
170 653
318 515
4 215
409 749
436 531
156 248
704 733
410 704
776 789
35 568
175 313
338 798
455 776
459 798
4 785
39 568
319 531
683 758
776 785
409 708
100 410
131 605 367 157 702 225
131 367
367 702
605 702
157 605
225 367
153 371 427 456 169 159
153 427
427 456
371 427
169 371
159 169
19 610 202 548 372 113 777 561 541 724 766 405 60 449 621 118 654 80 65 48 453
654 766
60 372
118 453
405 449
65 621
80 118
541 777
19 561
724 766
561 766
548 724
541 621
449 610
60 113
19 202
561 610
48 453
372 654
548 777
65 80
46 763 431 178 279 346 171 577 110 480 528 690
46 763
110 763
110 178
110 431
171 178
171 346
178 279
171 577
279 690
528 690
279 480
182 697 293 539 325 489
182 697
489 697
325 489
293 489
293 539
34 238 590 563 769 730 448 77 267 576 173 478 105 473 725 607 53 375
590 769
238 769
34 730
173 267
563 590
77 267
473 478
53 607
34 725
238 448
34 563
448 576
77 448
473 607
375 607
105 478
105 725
22 588 505 503 627 670 148 773 512 603 72 524 254 601 673 374 681 176 650
22 603
148 773
503 673
588 627
176 254
512 650
505 588
503 650
72 254
72 524
22 601
374 503
72 681
603 673
176 374
505 601
670 773
505 773
51 335 92 336 399 714 420 188 74 392 543 307
51 188
51 336
336 399
51 74
74 335
307 335
307 392
335 543
92 336
399 714
420 714
14 691 671 693 308 630 190 735 582 264 168 167 667 600 521 255 112 404 28 574 768 780 181 31 705 234 696 441 203 514 18 744 602
31 574
264 780
255 308
18 441
14 181
203 514
31 203
168 190
14 582
255 404
600 630
28 404
602 744
691 693
696 744
255 521
190 693
181 574
308 691
167 168
705 780
441 514
671 691
667 671
630 667
31 768
582 735
112 404
18 696
168 735
234 441
203 705
5 154 542 391 501 770 71 711 593 394 305 537 327 229 736 124 728 567 750 464 779 8 108 30 523 231 687 362 756 513 90 357 7 460 636 529 571 217 211 361 628 209 183 135 487 155 382 59 258 595
229 460
30 229
5 779
183 258
7 90
537 542
108 542
362 687
5 736
464 567
529 571
71 593
750 756
124 394
357 361
529 711
30 756
71 391
231 736
357 513
211 636
154 593
305 756
728 770
183 217
382 487
71 711
595 628
209 382
394 537
327 593
124 728
7 628
327 770
8 779
211 464
5 124
135 487
7 155
361 628
391 501
59 513
362 523
211 357
59 217
460 567
258 487
362 779
154 750
786
44 386 251 192 795 504 558 762 692 772 320 127 352 114 333
44 386
251 386
251 504
504 795
192 504
504 558
558 762
692 762
320 692
127 320
114 127
114 352
320 772
333 352
419 752 454
419 752
454 752
62 241 373 731 150 82 467 538 532 713 688
62 241
62 538
62 532
467 532
467 731
150 731
150 373
82 731
62 713
688 713
64 412 717 519 679 348 794 328 216
64 679
679 717
412 717
348 679
348 519
216 519
519 794
64 328
26 339 606 237 553 413 530 792 462 416 622 285 52 686 496 144 299 753 200
496 622
52 339
26 416
416 553
496 686
52 792
144 553
144 496
52 413
686 753
237 553
285 753
413 530
200 462
606 792
299 462
237 339
144 462
? 8 66 751 658 585 143 652 722 550
? 15 545 223 355 676 37 644 648 554 47 274 147 562 440 569 95
? 15 545 355 676 580 422 37 648 554 47 562 147 274 440 569 223
? 15 545 355 644 37 676 580 648 422 554 47 274 147 440 569 95
? 15 545 355 676 580 644 422 648 37 554 47 562 147 440 569 223
? 15 545 223 355 676 37 580 648 554 47 274 147 562 440 569 95
? 15 545 355 644 676 422 580 648 37 554 47 562 147 440 569 95
? 15 545 355 676 580 422 644 648 37 554 47 562 147 440 569 223
? 15 545 676 37 422 580 648 644 554 47 274 147 562 440 569 95
? 15 545 355 676 37 422 580 648 644 554 47 274 147 440 569 95
? 15 545 355 676 580 422 644 648 554 47 562 147 440 569 95 223
? 15 517 166 701 759 206 79 433 659 117 246 21 664 125 509 351
? 15 483 516 166 263 556 13 302 301 433 597 310 117 411 125 703
? 15 452 740 631 263 330 556 397 302 703 83 757 310 695 411 511
? 15 385 133 678 166 759 206 79 623 433 117 470 125 21 246 701
? 15 385 517 678 701 623 433 21 246 759 664 117 470 125 509 351
? 15 483 452 516 740 263 330 556 13 302 597 310 695 757 411 703
? 15 385 133 166 664 206 301 433 659 117 21 759 246 125 701 351
? 15 452 740 263 695 330 556 397 302 13 703 83 757 310 631 511
? 15 452 740 263 695 330 511 556 13 302 83 757 597 631 310 703
? 15 385 517 678 133 759 206 623 79 659 21 470 246 664 509 351
? 15 483 516 133 166 701 301 13 206 433 659 117 21 759 310 125
? 15 452 740 263 695 330 556 397 302 703 83 757 310 631 411 511
? 15 483 516 133 166 263 452 330 556 13 301 302 597 310 695 703
? 15 452 740 263 695 330 556 397 302 703 83 757 310 631 411 511
? 15 385 517 678 701 759 206 623 79 659 21 470 246 664 509 351
? 15 385 517 678 701 759 206 623 79 21 470 246 664 117 509 351
? 15 483 516 133 452 263 556 13 302 301 597 310 695 757 411 703
? 15 452 740 263 631 330 556 397 302 703 83 757 597 695 411 511
? 15 385 509 517 678 759 206 623 659 21 470 246 664 117 701 351
? 15 452 740 263 695 330 556 397 302 703 83 757 597 631 411 511
? 15 483 516 133 166 263 556 13 301 302 597 310 695 411 125 703
? 15 385 517 678 701 759 206 623 79 659 21 470 246 664 509 351
? 15 483 133 166 701 301 13 302 206 433 117 310 21 597 125 703
? 15 452 740 263 631 330 556 397 302 703 83 757 310 695 411 511
? 15 384 609 356 198 458 490 204 12 396 589 469 598 533 443 380
? 15 384 197 458 12 589 396 16 243 533 469 343 278 27 540 29
? 15 384 356 197 198 27 458 396 430 177 469 278 343 344 91 540
? 15 384 737 197 138 91 12 589 243 469 278 343 344 27 540 29
? 15 259 6 358 536 589 719 16 85 634 247 533 729 666 278 540
? 15 259 102 6 358 619 589 719 16 533 634 247 536 729 666 540
? 15 323 259 262 358 6 619 589 719 16 666 85 247 536 729 634
? 15 384 609 356 198 27 458 490 204 396 469 598 278 443 380 343
? 15 384 737 197 138 458 91 177 243 469 278 343 344 27 540 29
? 15 259 323 262 6 358 619 589 719 16 85 634 247 536 533 666
? 15 384 197 102 358 458 619 589 533 278 469 536 666 27 540 343
? 15 384 198 27 458 12 589 430 177 469 278 343 344 533 91 540
? 15 384 609 356 198 490 458 204 396 469 598 443 344 533 27 380
? 15 737 197 138 12 589 430 177 243 533 278 343 536 91 540 29
? 15 344 259 102 358 619 589 430 16 177 533 247 536 666 91 540
? 15 259 323 262 6 358 589 719 16 666 85 278 247 536 634 540
? 15 384 609 356 198 27 458 490 204 396 469 598 533 344 443 380
? 15 259 323 262 358 6 589 719 16 666 85 247 536 729 634 540
? 15 737 344 197 102 138 619 589 243 533 278 343 536 91 540 29
? 15 384 609 356 198 27 490 458 204 396 469 598 533 344 443 380
? 15 323 259 262 6 358 589 719 16 666 85 533 247 536 634 540
? 15 737 344 197 102 358 138 589 16 243 533 278 343 536 540 29
? 15 102 358 6 536 619 12 589 430 16 177 533 469 344 666 91
? 15 259 358 6 262 102 589 719 16 533 634 247 536 729 666 85
? 15 384 609 356 198 102 490 458 204 396 589 469 598 533 344 27
? 15 321 578 38 70 584 774 426 331 486 461 463 626 629 760 799
? 15 321 578 70 38 486 774 426 331 587 461 584 626 760 506 799
? 15 321 578 486 774 584 38 426 587 331 461 70 626 760 506 799
? 15 321 578 774 486 584 38 426 587 331 461 463 626 629 506 799
? 15 321 578 486 774 584 38 426 587 331 461 463 626 629 506 799
? 15 321 578 774 486 584 38 426 587 331 461 463 626 629 506 799
? 15 321 38 70 486 584 774 331 587 461 463 626 629 760 506 799
? 15 321 38 70 486 584 774 331 587 461 463 626 629 760 506 799
? 15 321 38 70 486 584 774 331 587 461 463 626 629 760 506 799
? 15 321 578 774 486 584 38 426 587 331 461 463 626 629 506 799
? 15 640 641 389 294 778 555 43 334 559 15 655 534 535 249 414
? 15 389 599 165 778 43 555 334 655 145 755 500 534 662 572 414
? 15 291 165 389 778 43 555 334 145 434 755 500 662 599 534 572
? 15 640 641 389 294 778 555 43 559 15 655 145 535 249 572 414
? 15 291 165 389 778 43 555 334 655 145 434 755 500 662 599 572
? 15 640 641 389 294 778 555 43 559 15 655 755 535 249 572 414
? 15 291 165 389 778 43 555 334 145 434 755 500 662 599 534 572
? 15 640 641 389 294 778 555 15 559 655 145 534 535 249 572 414
? 15 291 165 389 778 43 555 334 145 434 755 500 662 599 534 572
? 15 640 641 389 294 778 555 43 15 559 655 145 535 249 572 414
? 15 291 165 389 778 43 555 334 655 145 434 755 500 662 599 572
? 15 640 641 389 294 778 555 43 15 559 655 145 535 249 572 414
? 15 291 165 389 778 43 555 334 655 145 434 500 662 599 534 572
? 15 291 165 389 778 43 555 334 145 434 755 500 662 599 534 572
? 6 81 296 428 280 407 432
? 6 107 180 726 656 633 781
? 11 54 510 354 128 612 69 723 508 745 424 286
? 11 55 552 252 699 639 406 661 502 611 383 130
? 15 739 324 201 218 139 618 265 240 146 498 57 250 475 604 669
? 15 288 451 613 712 233 649 75 363 525 716 748 438 89 186 222
? 15 160 96 739 423 295 9 329 265 492 240 342 57 123 221 94
? 15 288 451 643 613 712 233 649 75 748 716 342 89 186 189 222
? 15 96 160 739 324 423 295 265 618 139 492 240 146 57 250 669
? 15 739 324 201 265 139 329 492 250 240 498 146 57 218 475 604
? 15 288 96 451 324 613 712 233 75 363 525 716 342 438 89 186
? 15 160 96 739 324 9 265 75 139 492 716 525 240 342 438 221
? 15 96 739 324 423 329 265 139 492 240 146 475 57 250 123 94
? 15 96 160 643 451 613 324 9 75 716 139 525 342 89 186 221
? 15 288 451 643 613 712 649 233 75 748 716 342 89 186 189 222
? 15 96 739 324 423 329 265 139 492 240 475 57 218 123 604 94
? 15 739 324 201 265 250 139 329 240 498 146 57 218 475 604 94
? 15 288 451 643 613 712 649 233 75 716 748 342 89 186 189 222
? 15 739 218 618 265 329 139 123 240 146 57 250 475 604 669 94
? 15 160 96 643 324 613 451 9 363 75 525 716 438 342 186 221
? 15 96 739 324 423 295 265 329 139 492 75 240 475 57 218 123
? 15 288 160 451 643 712 649 233 75 748 716 342 89 186 189 222
? 15 739 201 250 265 329 123 240 498 146 57 218 475 604 669 94
? 15 160 96 643 451 613 324 9 363 75 525 716 438 342 186 221
? 15 96 739 324 423 265 618 139 492 240 146 57 250 475 669 94
? 15 96 160 739 324 423 295 265 329 139 492 75 240 57 250 475
? 15 160 96 451 324 613 9 363 75 525 716 139 438 342 89 221
? 15 288 451 643 613 712 649 233 75 748 716 342 89 186 189 222
? 15 739 218 618 265 201 139 240 146 498 57 250 475 604 669 94
? 15 322 707 36 645 579 196 266 235 651 718 527 465 403 788 20
? 15 322 579 645 40 393 266 651 76 140 526 718 465 403 20 788
? 15 707 196 36 645 579 393 266 235 651 140 718 527 465 788 20
? 15 322 579 645 40 393 266 651 140 76 718 526 465 403 20 788
? 15 579 645 40 393 266 651 140 76 718 526 527 465 403 20 788
? 15 322 707 36 645 196 579 393 266 235 651 718 527 465 788 20
? 15 707 196 36 645 393 266 235 140 76 718 527 465 403 788 20
? 15 579 645 40 393 266 651 140 76 718 526 527 465 403 20 788
? 15 322 707 36 645 196 579 393 266 235 651 718 527 465 788 20
? 15 322 579 645 40 393 266 651 140 76 718 526 465 403 20 788
? 15 707 36 645 196 579 393 266 235 651 140 718 465 403 788 20
? 15 579 645 40 393 266 651 140 76 718 526 527 465 403 20 788
? 6 121 151 761 491 136 205
? 14 45 583 522 706 213 253 782 142 783 468 350 738 245 270
? 15 2 132 709 549 616 137 109 784 212 660 58 507 381 446 63
? 15 194 390 682 429 174 625 152 115 56 185 314 283 284 61 158
? 15 2 132 549 326 615 488 616 109 784 306 212 507 765 446 63
? 15 227 484 137 682 11 429 495 400 401 784 212 694 152 58 446
? 15 32 290 771 292 408 199 682 429 174 115 149 341 152 283 284
? 15 32 290 771 292 682 429 174 152 149 341 408 474 283 284 317
? 15 290 292 199 682 429 174 625 115 499 185 314 283 284 61 158
? 15 290 227 549 137 682 429 495 400 401 784 212 694 152 58 446
? 15 227 709 137 11 495 400 784 401 660 212 694 152 58 381 446
? 15 2 132 549 326 615 488 616 484 109 784 306 212 507 765 63
? 15 194 290 390 199 429 174 625 499 115 56 185 314 283 61 158
? 15 32 290 771 292 682 429 174 152 149 341 408 474 283 284 317
? 15 194 290 390 199 429 174 625 499 115 56 185 314 283 61 158
? 15 2 132 549 326 615 488 616 109 784 306 212 507 765 446 63
? 15 484 709 549 137 11 109 495 784 660 212 694 58 381 446 63
? 15 32 290 771 292 682 429 174 401 152 149 341 408 474 284 317
? 15 227 484 549 616 137 11 109 495 784 400 212 694 507 446 63
? 15 2 132 549 484 615 616 488 109 495 784 212 507 765 446 63
? 15 2 132 549 326 615 488 616 484 109 784 306 212 507 765 63
? 15 194 290 390 199 429 174 625 499 115 56 185 314 283 61 158
? 15 227 484 709 137 11 495 784 400 401 660 212 694 58 381 446
? 15 32 290 771 292 682 429 174 152 149 341 408 474 283 284 317
? 15 32 290 771 292 682 429 174 625 149 341 408 474 283 284 317
? 15 194 290 292 390 199 429 174 625 56 185 314 283 284 61 158
? 15 194 290 390 199 682 429 174 625 115 499 185 314 283 61 158
? 15 2 132 549 326 615 488 616 484 109 784 306 212 507 765 63
? 15 227 484 709 549 137 11 495 784 400 660 212 694 58 381 446
? 15 32 290 771 292 56 227 682 401 152 149 341 408 474 284 317
? 15 227 709 549 137 11 109 495 784 400 660 212 694 58 381 446
? 15 2 132 549 326 615 488 616 484 109 784 306 212 507 765 63
? 15 194 290 390 199 429 174 625 115 499 185 314 283 284 61 158
? 15 481 226 228 646 775 743 620 591 592 337 17 564 84 23 637
? 15 98 226 743 297 620 591 592 337 17 275 23 564 663 25 477
? 15 256 226 163 675 581 376 10 493 111 271 207 370 472 698 445
? 15 672 256 608 289 226 261 518 581 230 271 207 370 632 700 445
? 15 672 226 675 376 581 261 10 620 111 271 17 370 592 472 445
? 15 672 289 256 675 163 261 518 581 271 111 207 370 632 700 445
? 15 672 477 226 163 581 646 743 518 271 592 17 370 84 637 445
? 15 226 98 775 663 297 620 591 592 337 17 275 564 23 25 477
? 15 481 226 228 637 775 743 620 592 17 370 564 84 23 376 477
? 15 672 289 256 163 675 261 518 581 493 271 370 632 698 700 445
? 15 608 672 289 163 261 230 518 581 493 207 271 370 698 700 445
? 15 98 226 228 775 297 620 591 337 17 275 23 564 663 25 477
? 15 481 226 228 775 663 620 591 592 17 337 275 564 23 376 477
? 15 608 672 226 581 646 743 518 261 207 592 271 370 84 637 445
? 15 672 289 256 163 675 261 230 518 581 493 271 632 698 700 445
? 15 672 608 675 581 637 261 10 111 271 207 370 84 472 700 445
? 15 672 289 608 675 581 518 261 10 632 111 271 207 370 472 445
? 15 98 226 775 663 297 620 591 592 337 17 275 564 23 25 477
? 15 481 226 228 637 775 743 620 592 17 275 564 84 23 376 477
? 15 608 672 226 581 646 743 620 207 592 271 370 17 84 637 445
? 15 672 289 163 675 261 230 518 581 493 271 111 632 698 700 445
? 15 481 226 228 775 663 620 591 592 17 337 275 564 23 376 477
? 15 98 226 743 297 620 591 592 337 17 275 23 564 663 25 477
? 15 672 289 163 675 261 230 518 581 493 271 111 370 472 698 445
? 15 226 228 637 646 743 775 620 592 17 337 275 84 564 23 477
? 15 193 418 33 101 457 638 715 268 50 565 88 187 349 126 415
? 15 33 99 710 134 103 647 172 557 269 657 596 122 379 796 287
? 15 0 3 99 122 710 103 647 106 172 269 596 378 379 734 287
? 15 224 482 547 164 421 742 195 41 73 364 309 437 790 219 93
? 15 33 193 418 101 134 638 715 494 560 50 88 796 349 126 415
? 15 482 547 164 742 680 73 364 272 624 276 277 727 184 220 93
? 15 482 67 195 485 164 421 727 395 364 179 86 791 312 732 93
? 15 193 161 418 33 101 457 78 315 50 565 88 187 349 126 415
? 15 0 3 99 122 103 710 647 106 172 557 269 787 378 379 287
? 15 547 742 680 73 364 268 624 272 276 277 727 184 220 93 191
? 15 482 67 164 485 421 727 395 364 179 86 791 312 790 732 93
? 15 0 99 3 122 103 647 710 172 557 787 596 378 379 796 287
? 15 224 482 67 164 421 742 41 73 395 364 727 309 790 791 219
? 15 418 547 742 680 73 268 364 624 272 50 276 277 184 220 191
? 15 33 193 101 134 715 494 560 657 596 565 88 126 796 638 415
? 15 0 3 99 710 122 103 106 172 269 557 787 378 379 734 287
? 15 482 67 164 421 41 73 727 364 791 395 437 790 309 219 93
? 15 161 193 418 33 101 457 187 78 50 565 88 315 349 126 415
? 15 482 67 164 485 421 727 395 364 179 86 791 312 790 732 93
? 15 482 195 164 67 742 73 41 364 791 272 624 309 727 93 191
? 15 33 99 134 647 710 715 172 494 560 657 596 88 378 796 287
? 15 161 193 418 101 457 638 268 78 50 565 88 315 349 126 415
? 15 224 482 164 421 742 41 727 73 364 791 309 790 437 219 93
? 15 0 3 99 710 103 122 106 172 269 557 787 378 379 734 287
? 15 33 193 418 161 101 134 715 494 560 50 565 88 126 638 415
? 15 193 418 547 101 680 268 50 276 277 565 184 88 220 126 415
? 15 482 67 164 485 421 73 727 395 364 179 437 86 791 790 732
? 15 482 67 164 485 421 41 395 364 179 309 86 791 312 790 732
? 15 193 418 161 33 101 457 78 315 50 565 277 88 187 126 415
? 15 482 195 164 421 742 547 73 41 364 791 272 276 727 93 191
? 15 33 134 647 638 715 172 494 560 657 596 277 184 88 796 126
? 15 224 482 195 164 67 742 41 73 395 364 791 309 727 219 93
? 15 0 3 99 710 103 122 647 106 172 269 596 378 379 734 287
? 15 193 161 33 101 457 638 187 78 494 565 88 315 349 126 415
? 15 482 67 164 485 195 41 727 395 364 179 86 791 312 732 93
? 15 482 547 195 742 134 73 364 791 624 272 276 727 184 93 191
? 15 33 547 134 647 715 494 560 657 272 596 277 276 184 796 191
? 15 0 3 99 710 647 106 172 557 269 787 596 378 379 734 287
? 15 33 547 796 134 647 680 715 268 172 494 560 596 277 184 220
? 15 224 482 195 164 421 67 41 727 364 791 309 790 437 219 93
? 15 193 161 418 101 457 638 78 315 50 565 88 187 349 126 415
? 15 547 99 796 134 647 680 268 172 494 560 596 277 276 184 220
? 5 303 685 316 642 353
? 15 97 546 260 741 586 332 141 239 689 754 214 439 120 24 668
? 15 544 162 450 387 614 359 232 747 684 304 208 210 435 377 767
? 15 1 674 129 546 677 68 42 141 368 116 244 87 793 347 764
? 15 544 417 257 614 377 300 398 720 304 402 208 665 442 635 479
? 15 544 257 746 398 304 369 273 214 311 120 281 282 476 573 575
? 15 544 257 260 746 479 398 304 273 214 311 120 282 476 573 575
? 15 1 546 668 68 677 741 332 141 239 368 754 116 87 793 764
? 15 97 546 764 741 586 332 141 239 368 689 754 116 439 24 668
? 15 129 674 546 42 586 332 141 239 754 244 116 439 24 347 764
? 15 544 162 387 450 359 232 746 747 684 304 369 210 435 573 767
? 15 544 417 614 746 300 398 208 304 402 720 665 442 635 573 479
? 15 544 257 746 747 479 684 398 304 369 273 665 281 476 573 767
? 15 668 546 674 97 586 332 141 239 689 754 116 439 24 347 764
? 15 544 417 257 746 747 300 398 720 304 402 767 208 442 635 479
? 15 544 257 260 746 479 398 304 273 369 214 120 282 476 573 575
? 15 544 162 387 614 359 746 747 684 479 398 304 208 210 435 767
? 15 544 417 614 746 300 208 304 402 665 369 377 442 635 573 479
? 15 129 674 546 42 586 332 141 239 689 754 244 116 439 347 764
? 15 97 1 546 260 741 677 68 332 141 368 87 311 120 793 668
? 15 544 257 746 747 684 398 304 369 273 214 120 281 476 573 767
? 15 544 162 450 387 260 359 232 747 684 304 210 435 214 120 767
? 15 129 674 546 42 586 332 239 689 754 244 116 439 24 347 764
? 15 1 97 546 68 677 741 260 387 141 368 435 87 793 668 311
? 15 257 97 387 260 741 684 368 273 435 214 311 120 282 476 575
? 15 544 97 162 450 677 359 232 747 684 368 304 435 311 668 767
? 15 257 260 741 746 398 369 273 214 311 120 281 282 476 573 575
? 15 544 417 614 747 300 684 720 304 402 208 767 665 442 635 479
? 15 544 614 479 747 684 300 208 304 402 665 435 311 377 635 767
? 15 97 162 450 260 741 387 359 232 684 368 435 214 311 120 767
? 15 544 417 614 747 300 684 208 304 402 767 665 377 442 635 479
? 15 129 674 546 42 586 332 141 239 689 754 244 116 439 347 764
? 15 97 162 387 260 741 232 684 141 368 210 435 311 120 668 767
? 15 257 260 741 746 398 369 273 214 311 120 281 282 476 573 575
? 15 1 97 387 68 677 741 747 684 368 435 87 793 668 311 767
? 15 544 417 614 377 747 300 720 304 402 208 767 665 442 635 479
? 15 97 546 764 677 332 141 239 368 689 754 435 116 439 24 668
? 3 345 466 721
? 15 704 4 455 425 797 236 366 175 785 338 436 568 313 410 733
? 15 100 388 455 617 459 366 49 338 531 340 758 248 410 444 319
? 15 708 104 617 683 365 749 49 242 531 340 566 248 409 156 319
? 15 515 4 455 776 236 653 175 785 338 119 568 313 215 797 318
? 15 4 39 360 425 298 776 170 653 236 455 785 215 568 570 798
? 15 35 4 39 360 425 170 298 236 653 776 785 119 215 568 570
? 15 35 4 39 520 776 170 653 785 338 789 215 568 570 797 798
? 15 704 388 455 776 733 459 366 785 338 436 789 570 410 797 798
? 15 515 4 455 776 236 366 175 785 338 789 119 313 570 797 318
? 15 708 104 683 365 749 49 242 531 566 758 248 409 444 156 319
? 15 704 444 100 388 617 242 531 436 340 566 248 410 156 733 319
? 15 35 4 39 520 360 170 298 425 653 776 455 785 789 215 568
? 15 704 388 100 455 617 366 49 531 340 436 248 410 156 733 319
? 15 100 104 683 365 749 156 242 49 436 531 758 566 248 444 319
? 15 708 617 749 365 49 242 531 436 340 566 248 409 444 156 319
? 15 515 4 388 455 776 39 236 366 175 785 789 119 313 215 318
? 15 388 455 776 459 236 366 410 785 338 789 119 313 570 797 798
? 15 35 4 39 520 425 170 776 236 653 785 119 789 215 568 313
? 15 35 4 39 360 425 170 298 520 653 236 776 785 789 215 568
? 15 708 683 749 365 49 242 531 436 340 566 758 248 409 156 319
? 15 515 4 35 39 776 425 170 236 175 785 119 568 313 215 318
? 15 104 683 365 749 156 242 49 436 531 566 758 248 409 444 319
? 15 4 388 455 776 459 236 366 785 338 119 789 215 570 797 798
? 15 104 683 365 749 49 242 531 436 340 758 566 248 444 156 319
? 15 704 100 388 4 455 776 366 785 531 436 789 215 410 733 319
? 15 35 4 39 360 425 170 298 520 653 776 236 455 785 215 568
? 15 515 4 39 776 455 236 175 785 789 119 568 313 215 797 318
? 15 318 4 455 776 459 236 366 785 338 789 119 313 570 797 798
? 15 708 104 617 749 49 242 531 436 340 566 248 409 444 156 319
? 15 708 100 617 749 49 242 531 436 340 566 248 409 444 156 319
? 6 131 605 367 157 702 225
? 6 153 371 427 456 169 159
? 15 65 449 453 777 654 80 561 48 113 724 405 118 372 60 541
? 15 65 610 548 777 202 654 80 113 561 19 372 724 60 541 766
? 15 449 65 548 777 621 654 80 561 113 724 405 372 60 541 766
? 15 65 449 548 453 777 621 654 48 80 561 724 405 118 541 766
? 15 449 65 548 777 202 621 654 561 113 19 724 372 60 541 766
? 15 449 610 65 548 777 202 621 654 80 561 19 724 405 541 766
? 15 449 610 548 777 202 654 561 113 19 724 405 372 60 541 766
? 15 65 610 548 453 777 621 654 48 80 561 19 724 118 541 766
? 15 65 610 548 453 777 621 654 48 80 561 724 372 118 541 766
? 15 65 610 449 548 453 777 621 48 80 561 724 405 118 541 766
? 15 449 610 548 777 202 654 561 113 19 724 405 372 60 541 766
? 15 65 610 548 453 777 621 654 80 48 561 19 724 118 541 766
? 15 449 610 548 777 202 654 561 113 19 724 372 405 60 541 766
? 12 46 763 431 178 279 346 171 577 110 480 528 690
? 6 182 697 293 539 325 489
? 15 448 769 34 576 105 267 77 590 238 173 563 725 473 730 478
? 15 448 769 34 576 105 590 238 563 53 725 375 473 730 478 607
? 15 448 769 34 105 77 590 238 563 725 53 375 473 730 478 607
? 15 448 576 769 34 105 267 77 173 238 590 563 725 473 730 478
? 15 448 769 34 576 105 590 238 563 53 725 375 473 730 478 607
? 15 448 576 769 34 105 267 77 173 238 590 563 725 473 730 478
? 15 448 769 34 105 77 590 238 563 53 725 375 473 730 478 607
? 15 448 576 769 34 105 267 77 238 173 590 563 725 473 730 478
? 15 448 576 769 34 105 267 77 238 173 590 563 725 473 730 478
? 15 448 769 34 576 105 77 590 238 563 53 725 375 473 478 607
? 15 448 769 34 105 77 590 238 563 53 725 375 473 730 478 607
? 15 512 773 72 681 588 524 601 627 148 254 22 503 505 603 670
? 15 512 673 773 72 681 650 524 505 176 374 503 22 601 603 254
? 15 512 673 773 650 588 601 176 627 148 22 503 374 505 603 670
? 15 512 673 773 72 681 650 588 505 176 374 503 22 601 603 254
? 15 512 673 773 72 681 650 524 505 176 374 503 22 601 603 254
? 15 512 673 773 650 588 601 176 627 148 22 503 374 505 603 670
? 15 673 773 650 588 505 176 627 148 254 22 503 374 601 603 670
? 15 512 673 72 681 650 524 505 588 176 374 503 22 601 603 254
? 15 512 673 773 650 588 505 176 627 148 22 503 374 601 603 670
? 15 512 673 72 681 650 524 505 588 176 374 503 22 601 603 254
? 15 673 773 650 588 505 176 627 148 254 22 503 374 601 603 670
? 15 512 673 773 72 681 650 524 505 176 374 503 22 601 603 254
? 12 51 335 92 336 399 714 420 188 74 392 543 307
? 15 768 582 264 168 780 14 671 691 181 630 600 667 190 574 735
? 15 768 705 514 582 264 234 203 780 14 735 181 696 441 574 31
? 15 168 521 112 671 735 691 308 693 404 630 600 667 28 190 255
? 15 768 705 514 744 264 234 203 780 18 181 696 441 602 574 31
? 15 255 582 167 168 521 14 671 691 308 693 181 404 667 190 735
? 15 768 705 514 744 264 234 203 780 18 181 696 441 602 574 31
? 15 167 168 521 112 671 691 404 308 693 630 600 667 28 190 255
? 15 167 168 521 112 671 691 404 308 693 630 600 667 28 190 255
? 15 768 705 514 744 264 234 203 780 18 181 696 441 602 574 31
? 15 582 167 168 521 112 671 735 691 404 308 693 667 28 190 255
? 15 768 705 514 744 234 203 780 14 18 181 696 441 602 574 31
? 15 768 705 514 744 264 234 203 780 18 181 696 441 602 574 31
? 15 255 167 168 521 735 691 308 693 630 404 600 667 28 190 671
? 15 167 168 521 112 671 691 404 308 693 630 600 667 28 190 255
? 15 768 705 514 582 167 168 203 31 14 691 181 693 190 574 735
? 15 768 705 514 582 167 168 203 190 14 18 181 441 31 574 735
? 15 582 167 168 521 112 671 735 691 404 308 693 667 28 190 255
? 15 768 705 514 744 234 203 780 14 18 181 696 441 602 574 31
? 15 255 582 167 168 14 735 691 308 693 630 404 600 667 190 671
? 15 768 705 514 744 264 234 203 780 18 181 696 441 602 574 31
? 15 736 327 8 391 394 779 108 523 231 593 305 501 728 537 124
? 15 513 229 357 327 391 154 460 750 464 305 593 567 728 90 542
? 15 258 487 135 59 7 361 209 211 628 595 183 217 155 636 382
? 15 770 5 229 391 711 71 327 750 593 529 501 728 154 571 124
? 15 736 770 5 231 8 362 523 779 394 108 687 728 537 124 542
? 15 736 770 5 542 231 327 394 779 108 593 756 728 537 124 30
? 15 513 357 7 361 59 460 464 595 628 211 567 217 90 155 636
? 15 770 229 391 71 327 711 460 750 593 305 756 501 567 154 30
? 15 513 258 357 135 487 361 7 464 209 211 628 183 217 59 382
? 15 736 770 5 231 8 362 523 779 394 108 687 728 537 124 542
? 15 770 391 71 711 327 750 529 593 305 756 501 728 154 571 30
? 15 513 258 357 7 487 361 59 135 595 628 211 183 217 90 155
? 15 770 229 391 71 711 327 750 593 529 305 756 728 154 571 30
? 15 513 258 357 567 487 135 361 464 209 211 628 183 217 59 382
? 15 513 357 229 7 361 460 464 305 211 628 756 567 59 636 30
? 15 736 770 5 231 8 362 779 523 394 108 687 728 537 124 542
? 15 513 258 357 487 135 361 464 209 211 628 183 217 59 636 382
? 15 736 770 5 231 8 327 362 779 523 394 687 593 728 537 124
? 15 770 391 71 711 327 394 750 529 593 756 501 728 154 571 124
? 15 513 357 7 361 59 460 464 595 628 211 567 217 90 155 636
? 15 513 258 357 135 487 361 464 209 211 628 183 217 59 636 382
? 15 513 258 357 7 361 59 464 595 628 211 183 217 90 155 636
? 15 736 770 5 231 8 327 362 779 523 394 687 728 537 124 542
? 15 770 391 71 711 327 750 529 593 305 756 501 728 154 571 30
? 15 513 258 357 7 361 59 464 595 628 211 183 217 90 155 636
? 15 513 258 357 135 487 361 464 209 211 628 595 183 217 59 382
? 15 770 229 327 460 750 464 593 305 211 756 567 728 154 636 30
? 15 736 770 5 231 8 362 779 523 394 108 687 728 537 124 542
? 15 770 71 711 391 327 750 593 529 305 756 501 728 154 571 30
? 15 513 258 357 135 487 361 464 209 211 628 183 217 59 636 382
? 15 44 386 251 192 795 504 558 762 692 772 320 127 352 114 333
? 3 419 752 454
? 11 62 241 373 731 150 82 467 538 532 713 688
? 9 64 412 717 519 679 348 794 328 216
? 15 416 285 553 237 462 622 686 496 530 339 52 792 26 413 606
? 15 416 200 553 299 237 686 622 144 753 496 462 339 52 285 413
? 15 416 200 553 299 237 622 686 496 753 144 462 339 52 26 285
? 15 416 200 553 237 462 686 144 496 530 339 52 792 26 413 606
? 15 200 553 299 237 622 462 144 496 530 339 52 686 792 413 606
? 15 416 200 553 299 237 622 686 496 753 144 462 339 52 26 285
? 15 416 553 237 686 622 144 496 530 339 52 753 792 26 413 606
? 15 416 553 299 237 462 686 144 496 530 339 52 792 26 413 606
? 15 416 200 553 299 237 686 622 496 753 144 462 339 52 26 285
? 15 416 200 553 299 237 462 144 496 530 339 52 792 26 413 606
? 15 200 553 606 237 622 686 496 753 144 462 339 52 792 285 413
? 15 416 200 553 299 237 686 462 496 753 144 339 622 52 26 285
