!
38 
104 
84 548 385 
84 385
385 548
264 415 380 
264 380
264 415
799 277 
277 799
377 
255 494 
255 494
265 694 39 244 410 730 232 728 129 
265 694
232 694
232 410
129 410
129 728
728 730
244 265
39 244
464 
595 651 
595 651
407 794 271 445 488 139 27 203 780 131 
407 780
27 780
27 203
203 488
271 488
271 445
271 794
131 445
139 794
47 206 561 562 37 496 308 124 286 
47 561
37 561
37 562
47 206
206 496
308 496
286 308
47 124
10 715 56 582 763 526 272 463 400 756 482 738 360 372 170 749 
10 715
56 715
56 582
372 582
372 763
360 763
526 763
272 526
272 463
400 463
360 756
482 756
482 749
272 738
170 738
48 727 134 179 424 530 352 584 
48 727
134 727
424 727
134 179
179 530
530 584
352 530
543 349 564 681 
543 564
564 681
349 543
775 341 79 175 419 183 
419 775
183 775
341 775
175 341
79 175
149 753 6 569 
6 149
6 569
149 753
112 604 579 740 686 
112 604
579 604
579 686
579 740
550 
114 150 67 660 197 368 367 
114 150
150 367
67 114
67 197
197 660
67 368
408 
128 639 75 762 394 616 674 231 502 
75 128
128 394
394 616
616 674
639 674
639 762
128 231
128 502
617 
591 770 383 631 285 711 238 680 741 34 
383 680
631 680
591 711
285 770
238 711
34 285
591 770
383 741
238 741
478 363 
363 478
262 679 80 480 649 61 26 168 354 173 678 
26 168
168 678
173 354
80 649
26 480
262 649
26 61
354 480
262 679
61 80
58 483 713 15 208 287 74 
58 483
58 713
15 713
15 208
208 287
74 287
29 593 109 712 450 461 396 559 684 369 
29 450
450 684
461 684
461 593
29 396
109 396
109 712
559 712
369 559
293 541 687 619 288 20 327 121 57 312 505 675 
121 293
57 288
288 541
541 687
57 619
57 312
20 619
293 312
505 675
327 675
505 619
414 98 82 
98 414
82 414
35 243 734 608 689 491 695 773 187 
35 187
35 243
243 734
608 734
689 734
491 608
491 695
695 773
353 627 
353 627
236 708 484 351 313 
236 484
484 708
351 484
236 313
5 356 589 720 273 610 422 370 335 682 169 90 506 605 346 317 635 50 137 323 511 796 95 69 398 
169 370
90 169
90 506
506 605
346 605
317 346
137 635
137 323
5 589
5 356
95 796
50 635
317 511
317 635
511 796
69 796
69 398
273 610
335 422
422 610
335 682
273 720
589 720
370 422
683 429 503 630 207 612 159 442 752 590 247 
630 683
429 683
207 429
207 442
442 503
503 612
159 503
159 752
429 590
247 590
397 311 552 
311 397
397 552
318 89 87 643 228 172 
87 318
87 89
228 318
172 228
89 643
718 31 78 769 135 209 22 305 178 163 499 214 
31 305
209 305
163 209
22 135
718 769
31 769
78 178
31 499
78 718
135 214
135 178
115 106 
106 115
250 267 458 304 789 28 25 36 91 621 
250 789
267 789
267 304
250 458
36 458
36 91
91 621
28 36
25 28
23 
343 607 
343 607
324 140 402 282 459 
324 459
140 324
140 402
140 282
113 278 721 
113 278
278 721
455 176 672 586 
455 586
176 455
455 672
211 786 554 241 362 226 553 94 701 166 19 747 239 620 577 615 7 
19 701
19 747
362 747
226 362
226 615
226 553
239 554
241 554
211 239
211 577
94 211
166 620
94 786
7 94
620 786
620 701
1 761 303 642 793 704 454 723 71 517 588 532 30 476 556 53 219 710 623 537 275 234 743 260 544 300 625 628 626 632 122 662 609 509 791 
1 761
303 761
642 761
642 793
704 793
454 704
454 723
71 723
71 517
1 588
532 588
30 532
30 509
476 509
517 556
53 556
219 556
219 710
623 710
537 623
275 537
234 275
234 743
260 275
260 544
300 544
300 625
544 791
625 628
626 628
632 710
122 642
122 609
1 662
523 
381 86 248 771 508 462 54 500 297 101 269 576 9 638 669 527 
248 381
381 508
9 508
9 669
381 576
248 527
576 771
462 771
269 462
86 269
54 86
297 576
101 527
101 638
101 500
325 765 357 263 772 64 146 
146 325
325 772
64 772
146 263
263 357
357 765
103 587 
103 587
656 423 240 
423 656
240 423
533 776 142 498 
533 776
498 776
142 776
492 655 266 
492 655
266 655
412 495 
412 495
223 778 599 745 
223 599
223 745
599 778
726 161 456 573 592 384 229 395 719 196 452 668 127 298 
395 726
456 726
229 456
229 719
668 719
161 573
161 592
384 592
452 668
196 592
127 668
384 452
196 298
539 107 732 688 
539 732
107 539
107 688
515 
68 274 725 
68 274
68 725
294 141 447 634 
294 634
294 447
141 294
116 191 42 189 472 614 663 471 
116 663
189 663
189 614
191 614
191 471
189 472
42 472
690 574 716 270 516 
690 716
574 716
270 716
270 516
501 798 
501 798
665 757 431 
665 757
431 665
698 790 198 465 249 17 147 373 145 365 787 545 435 295 
545 698
147 698
17 147
17 249
198 249
198 435
198 373
365 373
295 373
147 790
787 790
465 787
145 465
314 542 446 309 486 
314 446
446 542
309 542
486 542
469 319 364 151 706 510 692 220 
469 510
220 510
319 469
319 364
364 692
364 706
151 706
16 
322 664 
322 664
257 525 546 443 227 602 321 514 673 751 378 597 88 470 521 436 736 536 171 154 535 
602 751
514 602
88 514
470 736
470 546
546 673
378 673
378 536
521 536
521 597
227 257
257 535
227 751
257 525
443 525
321 736
321 436
171 436
154 321
436 443
580 111 
111 580
338 144 504 202 18 76 108 180 379 143 449 280 387 
379 387
144 379
108 144
108 449
280 449
18 76
143 202
202 504
143 180
338 504
338 387
18 180
45 
594 158 735 386 334 148 2 759 709 120 320 766 43 315 746 485 32 566 348 340 767 326 156 77 644 531 316 276 192 291 
77 120
43 759
158 759
735 759
735 767
485 709
386 767
77 156
192 386
276 485
276 334
148 334
148 320
320 644
320 531
156 566
316 566
2 566
2 315
348 746
120 594
291 746
340 348
32 594
348 766
43 326
594 766
326 709
326 340
606 513 279 123 
513 606
123 513
123 279
382 
600 281 453 
281 600
281 453
217 253 258 
217 253
217 258
55 388 432 568 13 361 292 110 268 540 551 648 138 164 670 261 24 413 481 93 83 4 224 62 190 468 
13 568
13 481
24 481
24 648
540 648
540 551
361 540
292 361
164 190
224 468
55 110
83 261
55 261
4 83
138 268
261 268
164 413
138 164
110 670
62 432
110 388
93 224
388 568
93 432
388 432
41 
739 237 337 439 
237 739
237 337
439 739
162 332 428 
162 332
162 428
637 
204 
437 130 633 
130 437
437 633
342 328 538 299 51 40 430 310 
40 342
328 342
328 538
310 538
299 328
51 299
51 430
11 474 666 118 331 405 524 784 731 696 477 97 70 641 44 
11 474
474 666
11 477
118 666
118 331
331 405
97 405
97 641
97 524
524 784
524 731
696 731
70 696
44 331
100 92 493 251 565 
92 100
100 493
92 251
251 565
85 585 748 797 329 434 
85 585
585 748
748 797
329 797
329 434
547 117 558 
547 558
117 547
133 259 63 73 636 618 
133 636
63 133
133 618
73 618
73 259
0 671 487 254 200 448 460 136 99 571 703 613 33 724 737 475 184 421 781 160 563 647 490 375 132 289 779 21 401 230 195 105 8 657 473 218 466 705 344 389 
448 473
448 460
105 136
184 657
375 490
647 705
389 737
289 737
21 724
33 289
466 703
21 657
33 724
475 724
289 466
105 200
99 571
571 703
136 344
8 99
571 613
99 136
8 195
132 401
401 490
647 779
132 781
563 647
160 421
160 563
184 421
132 421
254 487
218 487
230 254
0 218
0 671
230 473
200 487
658 
59 235 777 519 222 652 119 
59 222
59 235
59 519
519 777
652 777
119 652
624 393 795 707 256 
393 624
393 795
624 707
256 795
205 714 418 691 
205 714
691 714
418 691
221 283 
221 283
425 782 174 426 
425 426
174 426
174 782
233 182 507 330 733 290 
233 290
290 733
182 733
182 330
233 507
157 646 126 760 
157 646
126 646
126 760
306 528 199 570 194 404 186 433 792 479 391 416 12 409 392 
306 479
416 479
391 416
416 792
12 391
306 528
404 528
404 433
186 433
199 528
199 570
186 194
194 409
392 409
754 722 598 774 717 622 
754 774
722 774
717 722
598 722
622 754
567 583 296 677 438 
567 677
583 677
438 583
296 583
403 572 
403 572
307 578 
307 578
366 225 301 371 302 451 611 153 768 339 512 
366 451
371 451
302 366
302 339
302 611
512 611
301 512
153 301
512 768
225 768
441 177 489 245 399 742 
177 441
177 742
245 742
245 489
399 489
785 534 417 358 575 347 581 650 
417 785
417 575
534 575
534 650
347 785
347 358
358 581
181 497 
181 497
155 216 549 46 654 406 653 640 
155 406
406 549
549 654
653 654
155 216
46 216
46 640
96 764 729 355 596 345 359 
96 764
96 355
729 764
596 764
345 729
345 359
699 252 215 
215 699
215 252
212 420 444 52 167 336 81 
212 336
167 212
52 167
52 444
52 420
81 212
411 659 645 661 427 152 
411 659
411 645
152 645
645 661
427 661
758 557 700 193 
700 758
557 758
193 758
788 667 
667 788
72 
440 702 242 284 102 
440 702
242 702
242 284
102 702
3 165 390 125 560 350 744 14 518 755 603 522 374 555 520 601 376 529 60 467 188 333 65 213 185 629 697 
3 165
165 185
185 188
188 390
125 188
390 560
213 560
213 350
350 467
125 744
14 744
333 467
333 518
518 529
376 529
376 697
629 697
629 755
65 601
522 603
603 755
520 555
520 601
60 755
374 522
374 555
457 693 201 66 685 676 49 246 
49 457
457 685
676 685
66 676
49 246
457 693
201 693
783 210 750 
750 783
210 783
