!
77 600 167 594 406 542 
77 600
167 600
167 594
406 594
406 542
783 
324 443 330 
324 443
330 443
317 526 412 
317 526
317 412
146 750 461 318 
146 750
461 750
318 461
90 362 353 142 557 458 
90 362
353 362
142 362
353 557
142 458
68 143 241 438 158 227 215 
68 143
68 241
68 438
158 438
158 227
215 227
41 457 681 213 303 265 603 107 194 
41 457
41 681
213 681
303 681
265 303
265 603
107 213
107 194
397 480 
397 480
370 548 
370 548
1 628 320 69 725 775 679 80 282 434 92 251 79 345 16 676 339 426 626 704 703 351 599 56 
1 628
1 320
69 320
320 725
725 775
679 775
80 679
282 628
282 434
92 434
92 251
79 251
345 434
16 345
16 676
339 676
339 426
339 626
426 704
703 704
351 703
351 599
56 599
133 708 517 735 
133 708
517 708
517 735
9 661 648 359 755 721 366 332 401 51 340 621 620 39 684 
9 661
648 661
359 648
359 755
9 721
366 648
332 366
401 661
51 401
51 340
51 621
332 620
39 620
39 684
116 678 796 574 699 
116 678
678 796
574 796
574 699
352 798 
352 798
350 590 
350 590
243 483 562 
243 483
483 562
196 218 640 592 
196 218
218 640
592 640
272 680 578 
272 680
272 578
257 625 264 
257 625
257 264
414 506 
414 506
254 469 734 
254 469
469 734
3 371 204 305 593 637 71 781 579 665 42 765 38 522 737 11 376 776 
3 371
204 371
3 305
305 593
593 637
71 637
71 781
579 637
579 665
42 593
42 765
38 765
522 765
42 737
11 38
11 376
11 776
49 278 711 66 659 653 608 364 
49 278
278 711
66 711
66 659
653 659
608 653
364 653
61 748 273 751 795 288 283 
61 748
273 748
273 751
751 795
288 795
283 288
425 447 
425 447
427 754 
427 754
24 219 532 313 82 416 772 286 477 473 348 145 
24 219
219 532
24 313
82 313
82 416
416 772
286 772
24 477
473 477
348 473
145 286
269 768 531 
269 768
269 531
428 662 
428 662
44 184 733 172 535 360 564 202 545 
44 184
44 733
172 733
172 535
184 360
184 564
202 564
202 545
27 513 759 638 97 664 125 654 714 234 381 170 
27 513
513 759
638 759
97 638
97 664
97 125
638 654
654 714
234 714
234 381
27 170
782 
22 245 222 276 140 334 697 59 306 541 559 746 728 
22 245
22 222
22 276
140 276
222 334
140 697
59 697
59 306
306 541
334 559
541 746
728 746
95 614 496 249 752 623 
95 614
496 614
95 249
249 752
249 623
162 455 763 491 
162 455
455 763
491 763
64 75 393 357 316 726 141 
64 75
75 393
357 393
316 357
357 726
141 726
5 777 788 419 685 236 81 610 437 691 642 12 315 582 790 178 83 534 
5 777
777 788
419 788
419 685
236 685
81 236
81 610
437 788
437 691
437 642
12 642
12 315
315 582
582 790
178 790
83 178
178 534
176 741 490 220 
176 741
176 490
220 490
119 722 157 280 442 
119 722
157 722
157 280
280 442
780 
292 635 478 
292 635
478 635
4 111 246 323 173 589 152 148 645 674 128 322 40 523 250 429 476 78 
4 111
111 246
246 323
173 323
173 589
152 589
148 152
589 645
645 674
128 645
322 674
40 148
40 523
246 250
250 429
429 476
78 476
779 
770 
296 309 717 
296 309
309 717
74 333 281 692 695 510 551 
74 333
281 333
333 692
281 695
510 695
510 551
757 
165 485 463 488 
165 485
165 463
463 488
719 
29 294 62 716 58 561 611 527 108 705 612 709 
29 294
29 62
62 716
58 716
58 561
561 611
527 611
108 561
108 705
612 705
612 709
8 136 549 131 471 619 175 793 606 289 117 248 150 387 732 
8 136
136 549
131 549
131 471
8 619
175 549
136 793
606 793
289 606
117 289
117 248
150 619
150 387
387 732
36 475 310 100 499 300 687 297 388 
36 475
310 475
36 100
100 499
300 475
499 687
297 687
388 687
6 26 319 597 649 675 584 616 221 138 242 418 565 200 224 160 93 
6 26
26 319
319 597
597 649
597 675
584 675
584 616
221 616
138 221
138 242
221 418
418 565
200 565
200 224
160 224
93 160
57 355 660 462 449 799 258 
57 355
355 660
462 660
57 449
449 799
57 258
15 568 266 797 520 670 720 402 85 261 543 115 707 
15 568
15 266
568 797
520 797
520 670
670 720
402 720
85 402
261 266
261 543
115 261
115 707
54 209 509 424 342 328 792 
54 209
209 509
424 509
209 342
328 342
328 792
0 613 378 706 773 179 693 700 569 546 267 91 524 677 203 745 247 304 201 683 791 287 336 482 778 240 
0 613
378 613
613 706
706 773
0 179
179 693
693 700
569 700
546 700
267 546
91 267
91 524
524 677
203 677
203 745
247 745
304 677
201 247
201 683
201 791
287 791
336 745
336 482
482 778
240 778
50 121 98 384 129 450 279 573 
50 121
98 121
98 384
129 384
129 450
279 384
129 573
311 441 394 
311 441
394 441
192 627 576 298 
192 627
192 576
298 576
312 544 644 
312 544
544 644
13 284 408 761 199 132 403 262 161 185 658 404 624 86 
13 284
13 408
284 761
199 761
13 132
132 403
132 262
161 262
185 761
185 658
404 658
404 624
86 624
101 769 105 210 144 
101 769
101 105
105 210
144 210
713 
698 
99 602 666 515 193 
99 602
99 666
515 666
193 515
67 636 421 464 154 368 244 
67 636
421 636
421 464
154 464
154 368
244 368
493 749 
493 749
498 758 
498 758
17 112 255 495 124 55 20 367 48 171 742 558 382 
17 112
112 255
255 495
124 495
55 124
17 20
255 367
48 55
48 171
171 742
558 742
382 558
52 135 102 89 212 76 764 448 
52 135
102 135
52 89
89 212
76 212
76 764
135 448
139 516 641 794 
139 516
516 641
641 794
501 566 
501 566
14 554 28 106 468 481 715 346 187 326 766 453 177 
14 554
28 554
28 106
28 468
468 481
468 715
346 715
187 715
187 326
326 766
453 766
177 453
686 
21 533 710 688 588 411 486 651 519 33 643 60 25 
21 533
533 710
688 710
588 688
411 588
486 688
486 651
519 651
33 519
588 643
60 710
21 25
7 657 259 301 120 156 88 109 771 432 174 226 217 465 392 539 
7 657
259 657
259 301
120 301
120 156
88 156
88 109
120 771
432 771
174 771
7 226
109 217
217 465
392 465
217 539
669 
331 415 
331 415
72 494 740 73 567 110 459 
72 494
72 740
73 740
567 740
110 567
459 567
563 736 
563 736
46 472 512 354 237 601 337 634 718 
46 472
472 512
354 512
237 354
237 601
237 337
601 634
634 718
149 639 632 285 
149 639
149 632
285 632
214 552 413 
214 552
214 413
43 293 586 774 252 538 383 134 123 
43 293
293 586
43 774
252 774
538 774
252 383
134 383
123 134
504 673 
504 673
205 655 690 
205 655
205 690
103 760 646 731 609 
103 760
103 646
646 731
609 731
207 211 607 
207 211
207 607
155 528 253 233 
155 528
155 253
233 253
195 260 389 466 
195 260
195 389
389 466
190 696 325 570 
190 696
325 696
325 570
180 521 256 299 
180 521
180 256
256 299
127 738 302 647 694 
127 738
302 738
302 647
647 694
663 
32 744 630 263 114 380 446 622 460 500 235 
32 744
630 744
263 630
114 263
114 380
380 446
446 622
460 622
460 500
235 500
168 314 197 385 
168 314
168 197
197 385
183 550 229 671 
183 550
229 550
229 671
96 762 652 505 349 277 
96 762
652 762
505 652
349 505
277 349
35 572 489 577 147 164 537 454 271 767 
35 572
35 489
489 577
147 577
147 164
164 537
454 537
271 454
271 767
19 225 514 540 479 474 47 363 159 712 87 153 30 
19 225
225 514
514 540
479 540
474 479
47 474
47 363
19 159
159 712
87 712
87 153
30 153
37 122 230 556 784 596 329 451 186 
37 122
122 230
37 556
556 784
596 784
329 784
451 556
186 451
31 361 181 70 555 137 553 400 789 231 502 
31 361
31 181
70 181
70 555
137 361
137 553
70 400
31 789
231 789
231 502
189 743 650 379 
189 743
650 743
379 743
405 723 
405 723
94 321 547 747 358 369 
94 321
321 547
321 747
358 747
358 369
656 
372 398 
372 398
629 
338 343 
338 343
23 377 373 786 595 335 525 344 228 166 223 239 
23 377
373 377
373 786
595 786
335 786
525 595
344 525
228 525
166 377
166 223
223 239
151 689 702 188 
151 689
151 702
188 702
104 374 365 391 433 
104 374
365 374
365 391
374 433
618 
206 452 682 
206 452
206 682
208 617 422 
208 617
422 617
2 631 291 198 672 290 435 396 169 417 409 216 583 431 386 529 268 113 511 571 420 347 560 375 
2 631
2 291
198 291
198 672
290 672
291 435
396 435
169 396
169 417
409 417
216 409
216 583
431 583
386 431
386 529
268 529
113 529
113 511
511 571
169 420
347 435
386 560
375 560
232 399 753 
232 399
232 753
118 668 530 395 430 
118 668
530 668
395 530
118 430
84 507 341 356 497 191 
84 507
341 507
84 356
84 497
191 497
580 
10 739 423 295 436 270 667 45 467 444 730 787 615 18 
10 739
423 739
295 423
295 436
270 436
270 667
45 667
45 467
270 444
444 730
467 787
615 787
18 467
126 518 487 785 439 
126 518
487 518
487 785
126 439
53 508 390 484 585 470 536 756 
53 508
390 508
390 484
484 585
470 484
508 536
585 756
598 
65 327 274 587 182 456 575 
65 327
274 327
65 587
182 587
182 456
182 575
34 727 307 724 492 503 445 130 238 308 63 
34 727
34 307
307 724
492 724
492 503
445 503
130 503
130 238
308 445
63 307
163 729 407 701 
163 729
407 729
407 701
591 
581 
275 605 410 
275 605
275 410
440 633 
440 633
604 
? 5 704 599 426 626 332
? 5 361 70 181 231 502
? 5 707 741 115 176 349
? 5 261 73 266 365 292
? 5 219 82 192 348 286
? 5 593 586 765 376 38
? 5 325 570 659 711 66
? 5 577 489 5 438 685
? 5 416 566 52 212 563
? 5 307 724 327 239 63
? 5 725 251 282 92 434
? 5 310 426 626 39 36
? 5 405 560 623 394 441
? 5 785 518 285 645 487
? 5 754 416 52 563 427
? 5 682 251 282 92 434
? 5 321 547 302 127 67
? 5 787 372 415 425 548
? 5 147 35 489 271 537
? 5 547 302 655 94 321
? 5 249 783 633 440 673
? 5 627 783 219 673 576
? 5 574 640 513 592 62
? 5 16 282 92 434 725
? 5 74 545 213 333 184
? 5 678 440 796 95 28
? 5 792 328 578 342 67
? 5 65 327 63 587 427
? 5 433 459 73 419 567
? 5 299 333 41 457 681
? 5 280 483 341 119 542
? 5 121 450 515 384 573
? 5 246 250 148 674 645
? 5 29 640 513 62 170
? 5 312 654 125 97 664
? 5 721 648 401 366 359
? 5 294 640 709 62 170
? 5 123 470 134 536 53
? 5 565 719 160 93 200
? 5 346 60 14 588 187
? 5 444 461 270 146 559
? 5 532 219 82 192 627
? 5 541 272 59 746 237
? 5 267 179 0 700 546
? 5 674 148 645 173 323
? 5 343 130 363 338 149
? 5 270 461 444 436 45
? 5 472 512 659 318 66
? 5 295 737 270 444 436
? 5 145 428 82 309 296
? 5 14 60 187 481 28
? 5 309 75 428 296 76
? 5 666 258 450 515 121
? 5 701 563 505 427 498
? 5 162 455 329 491 122
? 5 718 463 422 578 708
? 5 359 648 401 366 721
? 5 509 634 422 601 237
? 5 286 566 428 82 52
? 5 427 563 729 498 501
? 5 784 329 744 122 317
? 5 188 652 741 762 702
? 5 479 343 130 604 19
? 5 494 577 567 438 197
? 5 213 74 333 41 457
? 5 42 637 586 579 293
? 5 382 748 273 790 582
? 5 445 749 343 130 604
? 5 12 83 790 642 788
? 5 756 783 633 440 673
? 5 640 25 513 592 170
? 5 417 435 409 216 375
? 5 4 669 455 491 127
? 5 759 741 654 381 183
? 5 786 335 228 463 344
? 5 773 267 179 0 700
? 5 490 741 654 115 759
? 5 68 577 567 438 197
? 5 132 560 13 284 496
? 5 217 55 539 109 287
? 5 110 459 73 567 433
? 5 168 26 597 438 675
? 5 685 419 5 642 788
? 5 705 219 192 348 709
? 5 376 134 10 765 38
? 5 157 119 656 352 528
? 5 561 566 348 527 705
? 5 334 634 697 512 222
? 5 384 450 131 515 121
? 5 327 456 724 239 63
? 5 117 341 289 606 248
? 5 33 279 210 196 519
? 5 672 2 435 198 291
? 5 538 586 774 38 502
? 5 314 35 489 168 271
? 5 449 258 643 688 355
? 5 178 748 83 171 452
? 5 708 228 786 463 344
? 5 133 250 328 463 578
? 5 329 114 744 122 186
? 5 471 196 289 606 131
? 5 556 329 744 122 317
? 5 290 2 435 198 291
? 5 380 211 446 686 630
? 5 186 329 114 744 122
? 5 392 55 539 109 301
? 5 108 348 709 527 561
? 5 161 13 284 496 462
? 5 237 634 601 746 209
? 5 633 783 440 673 576
? 5 141 570 726 711 557
? 5 523 250 148 173 111
? 5 191 210 189 101 356
? 5 182 456 327 63 587
? 5 687 44 297 457 172
? 5 689 566 762 416 563
? 5 226 301 7 642 788
? 5 595 335 228 786 344
? 5 256 768 518 180 285
? 5 702 652 741 762 176
? 5 511 560 13 386 161
? 5 512 601 472 659 66
? 5 629 669 646 127 779
? 5 741 702 759 176 381
? 5 765 10 737 376 38
? 5 724 749 307 327 239
? 5 148 250 674 645 173
? 5 632 768 518 285 256
? 5 130 749 604 445 238
? 5 225 748 273 452 19
? 5 602 258 450 515 121
? 5 569 267 179 0 700
? 5 333 213 41 681 303
? 5 259 482 301 392 771
? 5 739 10 737 765 376
? 5 331 309 415 425 296
? 5 205 547 302 647 655
? 5 340 648 401 366 359
? 5 7 301 771 120 657
? 5 522 637 737 765 42
? 5 428 309 212 296 286
? 5 778 482 35 336 392
? 5 146 22 444 559 750
? 5 142 570 659 711 66
? 5 406 341 594 542 356
? 5 356 341 594 542 189
? 5 412 410 686 780 317
? 5 252 470 698 123 134
? 5 757 173 40 695 785
? 5 488 328 463 578 342
? 5 652 741 762 702 176
? 5 150 619 131 387 732
? 5 11 586 765 38 42
? 5 337 634 601 237 209
? 5 192 783 219 673 627
? 5 258 355 86 57 177
? 5 97 125 312 664 101
? 5 332 648 366 703 704
? 5 34 724 307 327 239
? 5 27 640 654 759 513
? 5 540 343 130 363 604
? 5 566 416 52 348 286
? 5 208 570 422 601 659
? 5 451 329 744 122 186
? 5 458 141 726 711 66
? 5 542 483 594 507 280
? 5 183 640 654 759 513
? 5 69 521 180 725 679
? 5 670 568 15 720 520
? 5 13 284 161 624 462
? 5 478 591 229 292 707
? 5 637 737 765 579 42
? 5 459 73 567 433 197
? 5 570 422 659 711 66
? 5 441 560 698 623 394
? 5 420 583 435 409 216
? 5 679 69 521 180 1
? 5 474 251 434 452 363
? 5 227 597 438 616 675
? 5 753 389 25 21 533
? 5 703 648 366 599 332
? 5 619 289 150 606 175
? 5 41 299 213 333 457
? 5 407 563 63 427 729
? 5 575 456 327 63 587
? 5 379 210 196 117 189
? 5 465 109 301 392 771
? 5 588 60 187 326 177
? 5 467 461 270 739 787
? 5 560 583 386 405 268
? 5 63 307 327 587 729
? 5 350 70 663 361 579
? 5 622 211 446 686 780
? 5 175 619 196 289 606
? 5 190 786 463 165 708
? 5 196 279 379 175 8
? 5 732 150 131 387 515
? 5 529 583 560 386 268
? 5 496 614 481 161 28
? 5 393 456 75 726 357
? 5 470 698 123 134 536
? 5 531 768 518 285 333
? 5 126 518 285 333 487
? 5 181 70 361 231 555
? 5 153 261 292 635 478
? 5 39 426 626 310 36
? 5 338 768 518 285 343
? 5 37 329 122 186 784
? 5 241 577 419 433 5
? 5 262 60 14 187 481
? 5 751 748 273 382 635
? 5 688 519 450 588 643
? 5 630 329 114 744 317
? 5 712 591 292 635 707
? 5 614 496 623 481 405
? 5 483 644 119 542 160
? 5 500 211 446 686 780
? 5 187 60 14 481 28
? 5 82 219 348 286 717
? 5 723 783 633 470 698
? 5 44 74 213 687 184
? 5 106 14 796 187 481
? 5 553 70 181 361 502
? 5 476 328 463 578 342
? 5 20 17 124 401 367
? 5 431 583 386 409 216
? 5 339 599 426 626 56
? 5 235 211 446 686 780
? 5 711 141 570 659 66
? 5 544 568 125 97 312
? 5 448 416 52 212 563
? 5 580 619 150 131 516
? 5 221 565 616 719 93
? 5 473 348 709 527 561
? 5 513 640 592 170 183
? 5 38 586 765 376 293
? 5 8 619 196 289 606
? 5 316 75 726 357 163
? 5 349 652 762 702 176
? 5 499 687 297 679 100
? 5 86 355 624 57 462
? 5 243 483 119 594 542
? 5 57 588 355 86 326
? 5 278 461 472 659 318
? 5 185 13 284 86 624
? 5 94 547 342 67 680
? 5 10 737 765 376 739
? 5 517 328 463 578 342
? 5 539 124 55 109 287
? 5 70 663 181 361 350
? 5 797 568 115 15 520
? 5 760 605 275 646 647
? 5 250 148 674 111 429
? 5 260 389 25 533 592
? 5 664 125 97 312 101
? 5 317 744 686 412 186
? 5 651 519 450 588 643
? 5 545 74 213 44 184
? 5 791 55 745 287 201
? 5 439 299 768 518 285
? 5 518 768 285 256 487
? 5 726 141 357 393 525
? 5 47 768 69 725 256
? 5 56 366 599 426 214
? 5 293 586 38 42 522
? 5 209 634 541 746 237
? 5 591 176 349 713 505
? 5 796 14 21 187 28
? 5 501 416 52 563 427
? 5 120 301 7 771 657
? 5 643 519 450 588 688
? 5 634 601 237 46 209
? 5 589 250 148 674 173
? 5 698 470 623 536 394
? 5 240 482 35 745 336
? 5 692 74 491 213 333
? 5 734 395 430 254 443
? 5 275 605 646 410 647
? 5 173 148 674 645 785
? 5 755 648 366 332 39
? 5 402 483 644 568 720
? 5 89 566 416 52 212
? 5 709 440 673 192 298
? 5 248 341 430 254 117
? 5 771 109 301 7 120
? 5 657 109 301 7 392
? 5 505 652 762 702 176
? 5 613 267 179 0 700
? 5 274 724 307 327 239
? 5 697 276 22 222 140
? 5 64 75 428 309 296
? 5 493 749 130 487 338
? 5 399 640 97 25 513
? 5 510 455 491 545 230
? 5 114 329 744 122 186
? 5 77 568 125 15 312
? 5 508 470 123 134 536
? 5 543 261 115 15 266
? 5 390 53 372 484 504
? 5 799 258 355 86 57
? 5 149 768 518 749 285
? 5 597 26 168 616 675
? 5 681 74 213 333 41
? 5 303 299 41 457 172
? 5 779 605 646 127 731
? 5 203 304 745 336 201
? 5 32 329 114 744 122
? 5 654 741 759 312 234
? 5 55 124 539 109 287
? 5 669 455 491 127 779
? 5 596 329 114 744 122
? 5 35 482 489 336 537
? 5 656 483 119 160 93
? 5 73 459 567 433 374
? 5 218 389 25 101 260
? 5 23 148 674 335 645
? 5 319 26 168 597 616
? 5 530 395 430 254 443
? 5 461 270 318 45 750
? 5 305 637 737 579 665
? 5 60 14 588 187 326
? 5 254 734 395 430 443
? 5 131 150 387 732 175
? 5 328 463 578 342 67
? 5 318 461 512 472 750
? 5 67 328 578 342 94
? 5 515 387 121 384 573
? 5 579 637 737 42 665
? 5 747 547 67 680 655
? 5 752 783 633 440 623
? 5 247 55 745 287 201
? 5 469 734 395 430 254
? 5 646 605 275 647 779
? 5 655 547 302 647 94
? 5 144 279 210 196 519
? 5 733 213 44 41 457
? 5 582 748 83 171 790
? 5 234 654 115 312 266
? 5 568 15 312 520 266
? 5 197 459 567 433 215
? 5 288 748 273 19 382
? 5 772 566 219 82 348
? 5 454 26 35 168 271
? 5 608 512 472 659 66
? 5 624 13 284 86 199
? 5 99 258 643 688 355
? 5 122 329 114 744 186
? 5 176 652 741 702 349
? 5 601 634 570 422 237
? 5 611 566 348 527 561
? 5 506 415 726 458 66
? 5 1 251 69 282 725
? 5 536 470 698 123 134
? 5 263 329 114 744 122
? 5 53 470 123 134 536
? 5 576 783 633 673 627
? 5 546 267 179 0 700
? 5 497 341 117 189 248
? 5 155 430 352 233 528
? 5 644 483 119 720 160
? 5 308 307 130 604 63
? 5 612 783 633 440 673
? 5 18 461 270 318 787
? 5 598 565 616 719 160
? 5 156 109 301 392 771
? 5 462 13 284 481 86
? 5 693 267 179 0 700
? 5 460 211 446 686 380
? 5 193 131 387 515 121
? 5 216 583 386 409 268
? 5 257 538 782 2 181
? 5 95 783 633 440 623
? 5 700 267 179 546 677
? 5 362 141 570 726 458
? 5 291 782 2 435 198
? 5 434 251 282 92 725
? 5 680 94 464 636 421
? 5 422 570 601 653 696
? 5 2 782 435 198 291
? 5 534 748 83 171 790
? 5 436 10 737 270 739
? 5 477 566 219 82 348
? 5 430 734 395 254 443
? 5 447 372 415 425 296
? 5 365 459 73 261 567
? 5 231 586 663 361 502
? 5 635 73 261 292 153
? 5 525 141 228 786 344
? 5 296 428 309 76 331
? 5 762 652 702 176 349
? 5 232 640 389 25 21
? 5 143 577 489 168 438
? 5 555 70 663 181 361
? 5 450 519 643 688 121
? 5 695 74 455 491 551
? 5 737 637 10 765 739
? 5 244 272 541 680 746
? 5 446 211 686 380 630
? 5 90 141 570 726 711
? 5 351 648 366 599 332
