!
507 491 358 
491 507
358 491
317 608 625 
317 608
317 625
418 
534 
351 
35 321 682 567 261 589 496 171 
35 589
35 496
35 321
321 567
261 567
261 682
171 321
424 592 5 532 159 105 211 726 281 314 22 
424 592
211 592
22 211
105 424
105 532
159 532
159 314
314 726
281 726
5 281
365 239 
239 365
247 377 775 
247 377
247 775
436 422 520 510 160 580 610 747 756 102 724 
436 520
520 756
436 610
160 756
160 422
436 724
422 580
510 580
510 747
102 510
542 423 
423 542
272 657 737 
272 657
657 737
415 166 
166 415
693 490 
490 693
588 
565 44 369 388 529 709 768 11 399 27 43 
44 565
11 565
565 768
709 768
369 709
369 388
388 529
399 529
27 399
43 399
485 631 
485 631
665 79 673 723 50 335 793 
665 673
79 665
79 723
50 673
335 673
335 793
236 
788 18 455 99 587 292 149 783 544 430 
292 788
99 788
18 99
18 587
455 587
455 783
149 783
149 544
149 430
760 487 339 97 731 
487 760
339 487
487 731
97 760
192 32 
32 192
628 
630 360 
360 630
753 641 297 
641 753
297 641
172 93 248 62 1 522 740 765 83 254 40 435 139 799 
83 172
93 172
93 248
248 765
740 765
522 740
1 522
62 522
40 83
1 799
40 139
139 254
254 435
759 516 169 622 782 
169 759
169 622
516 622
759 782
479 636 699 514 
479 636
636 699
479 514
15 266 253 604 677 577 237 460 104 180 
15 266
104 266
253 266
253 604
604 677
577 677
237 577
237 460
180 460
650 190 108 
190 650
108 650
337 403 307 712 
337 712
337 403
307 403
384 288 784 698 375 
384 698
384 784
288 784
288 375
539 755 112 654 642 
539 755
654 755
539 642
112 755
115 664 383 132 688 64 227 506 764 352 329 
115 227
227 688
132 688
115 329
329 506
352 506
227 664
383 664
64 383
64 764
725 393 789 
393 725
393 789
260 111 758 634 334 
111 260
111 634
260 334
334 758
313 513 
313 513
9 346 586 585 60 771 168 76 637 778 311 
9 76
9 346
346 637
76 586
585 586
60 585
9 778
771 778
168 771
168 311
341 13 25 680 306 238 421 55 183 10 511 
341 421
13 421
13 25
25 55
10 25
306 341
306 680
183 680
238 680
238 511
19 241 437 671 355 259 488 312 780 137 
19 671
241 671
241 259
355 671
355 488
437 488
312 437
437 780
137 780
286 
186 605 733 
186 605
186 733
719 301 468 700 103 
468 719
301 719
103 468
103 700
500 191 432 400 117 
400 500
400 432
191 500
117 191
727 614 689 215 
689 727
614 727
215 614
271 
30 122 41 603 645 348 521 457 
30 645
521 645
30 41
30 603
122 603
122 457
348 521
692 686 611 463 207 258 274 627 152 20 
686 692
463 686
463 627
207 627
207 611
258 627
152 258
152 274
20 274
0 672 226 473 119 401 58 450 649 120 643 574 486 509 499 210 405 535 449 597 579 518 270 14 410 738 267 398 185 
0 672
226 672
473 672
119 672
119 401
58 401
58 450
401 518
0 649
120 649
120 643
120 574
486 574
509 574
270 509
499 509
210 499
210 405
405 535
449 535
449 597
579 597
14 579
410 579
14 398
410 738
185 738
267 450
743 411 732 82 536 
536 743
536 732
82 732
82 411
39 
595 
361 562 273 114 179 268 
361 562
114 562
114 273
114 179
268 361
720 326 
326 720
359 
540 63 
63 540
621 170 113 530 235 
530 621
170 621
113 170
113 235
593 552 566 475 163 29 72 482 
552 593
482 552
482 566
29 593
475 593
163 475
72 163
679 387 345 
387 679
345 679
7 
304 
453 80 
80 453
154 
791 555 87 362 70 669 
362 791
70 362
362 669
87 791
87 555
502 376 206 
206 502
376 502
464 678 
464 678
33 751 617 456 774 353 205 386 
33 751
617 751
456 751
617 774
353 456
205 774
205 386
161 299 395 408 
161 395
161 299
299 408
148 
380 106 616 648 717 
380 616
106 616
106 648
648 717
126 143 
126 143
257 452 489 
257 452
257 489
734 757 49 68 481 569 349 
734 757
49 734
49 68
68 481
481 569
49 349
290 
69 200 151 746 324 371 
69 200
69 151
151 746
69 324
324 371
363 462 
363 462
110 319 245 483 527 429 
110 319
319 483
245 483
483 527
429 527
576 660 537 478 
537 576
537 660
478 576
619 
515 
498 696 545 
498 696
545 696
61 571 89 459 480 433 
61 571
89 571
61 459
459 480
433 459
201 
407 96 553 37 173 651 683 203 308 598 447 2 557 
308 407
407 651
96 407
96 553
2 651
2 173
2 203
37 173
37 683
37 447
447 598
557 683
164 242 750 762 347 243 46 707 
164 762
750 762
164 242
242 347
347 707
46 707
164 243
57 469 519 543 177 118 
57 469
469 519
469 543
177 543
118 177
74 309 635 663 265 656 
74 265
265 309
74 635
635 663
265 656
318 428 34 127 776 420 792 195 
318 428
34 428
34 127
127 776
420 776
420 792
195 792
497 250 182 86 629 
250 497
182 497
86 250
250 629
406 124 65 244 467 
244 406
124 406
65 124
124 467
214 178 219 138 204 533 16 412 228 694 
214 228
138 228
214 412
412 533
178 533
178 219
204 219
16 204
16 694
676 466 328 551 323 573 549 767 
466 676
466 549
328 676
328 551
551 573
323 573
573 767
404 146 623 332 
146 404
404 623
332 623
658 278 129 135 
129 658
278 658
129 135
666 316 
316 666
770 
583 
155 517 220 246 
155 246
220 246
155 517
394 564 735 670 291 167 174 77 
167 394
291 394
77 394
77 174
291 670
564 670
564 735
344 136 144 613 
344 613
136 344
136 144
706 736 
706 736
56 91 413 48 128 484 785 
56 128
48 128
48 413
91 413
91 785
484 785
302 73 222 402 632 6 
302 402
73 302
73 222
302 632
6 222
600 121 189 
189 600
121 600
710 289 442 100 224 293 742 26 797 
100 710
100 797
442 710
442 742
224 742
224 293
289 797
26 289
396 391 225 
391 396
225 391
142 147 
142 147
476 531 773 704 494 416 17 472 23 458 591 716 
476 494
476 531
458 531
458 472
472 773
591 773
416 458
17 416
17 23
23 704
704 716
221 548 109 
221 548
109 221
198 315 786 745 578 599 695 
198 786
315 786
315 745
315 578
578 599
599 695
357 300 761 212 397 287 333 368 470 
300 357
300 761
397 761
397 470
368 397
287 368
333 368
212 357
366 443 188 
366 443
188 366
708 730 285 618 107 
708 730
285 730
618 730
107 618
276 426 
276 426
230 156 181 471 
156 230
181 230
181 471
36 252 667 659 199 653 263 640 
36 667
263 667
36 659
199 659
199 252
252 653
640 653
131 
280 216 541 392 331 675 305 714 703 639 
216 280
216 331
305 331
331 675
280 639
216 392
392 541
541 703
392 714
275 
256 705 197 92 601 
256 601
197 601
197 705
92 705
233 88 209 249 606 71 
233 249
88 233
88 209
209 606
71 233
373 691 123 508 754 223 382 427 
373 508
508 691
691 754
123 754
223 508
223 382
123 427
722 303 728 67 590 434 
303 722
722 728
67 728
590 722
67 434
438 
12 
240 
729 196 193 
193 729
193 196
512 153 133 116 409 
153 512
133 512
116 133
153 409
798 
277 
184 
279 
28 295 
28 295
381 176 596 
176 381
176 596
284 
385 
379 721 417 
379 417
379 721
262 638 702 342 684 54 668 
54 262
54 638
342 638
342 702
342 684
668 684
90 354 31 24 570 45 749 59 690 
90 354
59 354
24 59
45 59
45 690
31 690
24 570
570 749
208 528 269 647 461 145 769 568 582 741 546 
208 269
269 568
546 568
208 528
528 647
647 769
528 741
461 769
145 769
145 582
556 701 503 
556 701
503 701
687 560 
560 687
431 213 330 
213 431
330 431
202 662 378 
202 662
378 662
711 633 
633 711
796 229 477 572 772 524 
572 796
524 572
229 524
229 477
572 772
495 364 766 232 51 526 538 
495 766
51 766
364 495
364 526
232 526
232 538
141 451 444 251 125 
125 141
141 251
251 444
444 451
624 575 581 
581 624
575 624
140 
3 
325 78 
78 325
615 264 607 322 
264 615
264 607
322 615
748 602 94 370 158 563 
563 748
370 748
370 602
94 602
94 158
439 
440 47 790 561 448 389 525 
389 440
389 790
47 790
440 525
47 448
448 561
465 609 
465 609
763 320 234 
320 763
234 320
559 
441 493 
441 493
42 
8 
298 343 
298 343
674 296 81 
296 674
81 674
620 231 255 
255 620
231 620
340 218 795 95 739 425 98 584 
340 425
340 795
218 795
95 795
95 584
584 739
98 739
350 
474 38 282 744 217 66 372 187 
282 474
38 282
38 66
474 744
187 744
187 217
217 372
626 
175 419 681 612 283 52 697 
175 419
175 283
283 697
612 697
612 681
52 681
53 644 
53 644
718 327 338 
327 718
327 338
134 336 646 752 
134 646
134 336
134 752
165 310 505 
165 505
165 310
547 
661 194 794 75 101 367 
75 661
75 194
194 794
367 794
101 661
85 715 554 787 374 
85 715
374 715
374 554
85 787
356 294 504 454 655 501 777 21 713 779 4 
356 504
21 356
504 655
454 655
454 501
294 501
294 777
713 777
4 501
356 779
130 446 558 414 
130 446
446 558
130 414
162 781 
162 781
150 84 157 445 523 
84 150
84 157
157 445
445 523
652 550 685 
550 652
550 685
390 
594 492 
492 594
