!
16 60 291 424 36 667 481 379 277 135 111 387 421 756 732 504 521 314 232 697 125 787 491 476 17 372 307 102 657 462 56 577
504 521
307 756
60 387
111 277
314 476
421 491
291 424
476 491
135 277
421 732
277 379
125 732
657 787
60 135
56 577
16 387
36 667
60 481
17 756
314 521
307 372
307 462
232 697
111 491
56 462
56 102
135 424
232 314
504 657
291 667
504 756
22 473 547 654 682 117 784 310 707 153 452 85 306 48 26 410 438 220 274 400 403 606 186
186 606
274 306
654 682
26 274
306 682
22 473
26 707
153 310
310 452
274 438
26 452
117 654
473 682
547 784
117 547
410 438
85 153
400 452
220 410
22 48
85 606
403 606
58 747 670 185 739 77 615 296 458
58 739
185 739
77 185
77 296
296 458
58 747
670 747
615 739
2 143 247 475 32 635 571 49 603 241 347 728 73 373 470 262 34 11 350 642 276 474 47 503 710 55 486 327 355 632 320 7 416 445 257 244 478 699 583 663 122 374 643 234 554 778 520 740 626 139 651 21 94 228 751 691 513 763 487 72 145 354 295 661 146 702 197 652 89 625 371 729 328 300 357 404 542 685 313 783 790 398 610 316 260 701 159 212 575 157 500 351 602 733 638 566 769 586 19 720 601 136 587 493 380 46
32 571
351 733
146 691
587 601
350 643
416 710
300 404
234 355
350 374
474 699
327 503
316 500
89 763
145 197
260 733
347 475
586 720
244 276
740 778
404 625
257 520
566 769
313 357
513 751
295 751
500 790
89 652
73 503
691 702
373 642
11 470
327 486
11 73
49 603
146 487
21 651
276 642
212 398
300 313
55 710
355 554
328 652
234 374
404 602
542 685
257 445
94 778
19 586
357 685
328 493
197 354
316 610
262 728
2 475
571 635
7 416
32 247
136 661
145 487
241 470
72 478
295 691
7 486
94 643
157 351
32 143
720 733
46 566
234 626
122 445
139 626
136 691
49 635
478 699
241 262
601 602
354 587
513 663
122 350
228 728
380 493
575 720
19 566
371 783
72 663
157 701
47 228
11 34
94 651
486 632
260 500
583 699
212 783
46 638
610 729
354 763
320 416
625 729
554 632
34 642
159 783
398 790
55 347
34 474
2 143
3 375 348 422 694 690 388 337 91 669 485 30 529 472 660 420 196 519 92 550 793 628 791 798 207 709 636 123 169 368 696 110 794 785 633 356 658 489 558 188 184 201 112 25 795 163 614 744 181 681 428 263 405 556 218 451 75 64 170 622 770 648 514 465 537 206 525 321 412 607 736 439 551 534 173 653 287 98 437 113 735 349 543
472 660
112 744
534 653
75 170
744 795
206 537
348 694
170 529
614 795
388 422
169 368
514 537
622 793
439 607
709 791
428 735
64 263
188 558
75 428
196 669
163 614
412 653
405 681
550 669
321 736
201 558
30 529
64 451
98 794
170 420
550 793
3 337
321 607
91 709
633 696
184 791
181 648
110 368
173 287
207 798
263 556
30 485
92 622
349 543
388 660
181 681
514 525
169 798
437 451
91 348
207 791
201 690
110 489
163 648
356 633
556 628
218 263
451 770
169 636
534 551
123 785
123 184
113 543
375 529
420 550
348 485
113 735
25 622
658 696
556 795
173 465
206 465
287 551
422 669
785 794
653 736
92 519
3 694
690 791
514 648
112 793
110 356
176 731 589 578 758 477 492
176 758
589 758
578 589
492 578
477 578
731 758
6 619 523 737 613 253 38 730 343 69 335 345 83 766 738 718 121 252 708 621 385 782 151 649 210 133 687 528 693 132 367 567 370 203 480 510 284 641 223 362 222 236 590 540 494 444 24 767 249 271 406 270 455 256 786 714 389 754 646 394 432 435 644 788 298 27 450 324 45 336
335 343
432 767
284 646
510 540
223 370
406 644
385 649
370 389
133 385
236 590
646 754
45 336
523 619
203 236
613 766
450 644
718 730
621 782
236 370
256 406
121 151
132 151
786 788
367 649
298 714
27 714
24 444
432 540
335 345
6 737
621 693
249 510
494 567
271 641
324 435
6 38
389 444
528 782
249 641
45 271
523 737
210 649
252 621
38 253
38 738
27 45
385 693
767 786
708 718
389 480
362 435
222 223
253 345
121 708
133 203
83 730
24 540
256 270
367 687
151 687
394 646
494 590
27 450
435 754
69 343
343 766
362 480
708 766
455 644
70 238 272 579 180 393 279 715 258
70 715
279 715
70 258
579 715
180 579
272 579
272 393
238 393
154 748 194 726 190 765 227 624
154 748
154 190
190 765
726 765
227 765
194 227
227 624
15 164 776 204 341 66 266 429 369 460 600 562 617 490 572 211 426 511 698 331 158 760 573 386 518 156 245 588 44 752 499 96 764 704 563
15 776
572 573
66 341
331 698
429 704
158 331
386 518
156 518
44 588
490 752
588 752
44 562
15 164
562 617
66 600
211 426
66 429
341 490
164 369
245 426
331 760
158 573
156 760
460 563
266 563
511 698
204 704
499 562
511 617
211 572
96 266
96 600
266 764
369 429
12 109 315 482 553 414 743 522 442 268 116 81 779 90 264 639 662 119 705 463 771 631 772 466 29 401 395 105 248 86 114 684 140 546 557 515 448 597 326 799 23
109 553
442 662
114 631
546 557
326 597
81 268
116 482
29 264
326 557
515 639
116 442
522 779
140 448
463 772
90 264
771 772
268 639
23 799
23 448
109 463
12 631
140 557
248 395
140 743
114 248
463 466
414 522
114 684
515 546
414 482
86 631
119 515
105 315
395 401
315 414
12 105
268 662
466 522
90 442
116 705
28 548 655 627 171 689 761 305 155 226 360 509 384 209 309 312 82 299
28 209
509 761
548 627
309 655
226 305
209 655
28 689
226 509
509 689
82 309
155 226
360 384
82 312
299 360
171 655
384 761
28 548
35 618 71 440 612 409 616 408 200 483 214 526 671 467 329 723 453 319
214 483
200 408
200 616
35 618
453 467
526 723
214 612
200 526
329 453
71 440
319 723
483 616
409 612
329 526
35 671
71 214
409 618
0 43 283 213 365 280 301 716 67 676 189 531 706 774 377 585 246 417 680 598 168 497 700 382 275 240 259 675 383 505 678 712 713 666 293 742 37 749 108 390 538 397 427 187 340 79 124 131 5 172 78 215 290 471 138 150 501 378 14 596 789 623 717 198 217 608 647 286 250 8 734 84 677 147 42 544 334 193 593 127 431 679 506 777 781 570 640 1 221 507 366 292 229 433 536 780 281 76 129 144 512 443 54 142 269 595 255 175 797 376 762 768 65 516 711 95 724 407 599 278 750 580 318 527 541 645 216 254 57 162 346 322 68 620 267 564 126 166 792 604 630 61 581 549 683 664 104 695 289 759 202 344 741 629 468 141 650 496 656 461 4 261 208 304 18 311 149 52 391 539 199 719 454 411 532 552 235 148 93 332 459 177 755 565 668 727 517 591 118 183 107 430 479 353 555 285 128 495 582 381 160 59 637 488 282 251 99 10 120 330 342 594 441 559 219 456 436 775 179 665 576 425 63 243 53 674 103 302 753 686 40 115 97 87 191 399
495 637
576 665
189 283
382 598
59 311
124 138
202 759
531 706
479 506
686 753
175 595
189 676
488 637
390 666
427 596
172 187
43 213
8 640
147 679
87 674
177 549
427 678
302 775
219 594
302 665
95 278
79 172
517 599
302 674
0 608
198 608
199 454
604 695
593 640
147 544
148 454
251 391
183 430
378 712
199 719
166 304
37 538
127 593
67 365
215 471
417 789
42 717
762 768
217 334
304 759
118 318
443 780
235 650
281 507
376 580
280 365
436 594
496 645
14 108
425 539
129 269
97 179
68 564
84 255
620 650
246 598
454 755
565 668
318 797
107 183
267 346
506 536
168 623
4 18
436 459
8 198
311 391
221 281
95 120
108 749
441 775
527 570
427 666
261 344
18 208
332 532
267 650
516 570
290 471
126 564
541 599
240 397
108 678
10 792
417 585
397 680
599 668
425 552
128 555
677 734
278 527
0 43
269 512
565 727
289 664
630 695
63 456
532 559
42 433
61 620
666 742
40 115
461 645
120 407
126 322
104 664
254 407
177 532
668 724
411 683
219 342
162 235
54 144
459 559
103 576
322 581
461 620
275 713
128 285
376 570
127 677
344 629
213 283
713 749
431 734
734 781
585 774
168 531
706 774
14 712
144 366
5 290
301 716
79 340
243 552
289 604
42 593
246 789
193 334
57 346
118 777
93 549
144 512
407 541
433 679
87 97
278 750
18 52
250 286
148 741
147 175
59 99
497 700
141 235
84 595
63 243
67 716
441 594
674 686
166 664
179 399
166 792
115 753
240 259
286 717
52 251
149 495
78 215
193 647
183 353
293 585
383 497
292 507
1 797
179 191
76 144
10 208
292 580
53 243
57 695
695 741
93 425
506 777
160 488
285 430
124 150
59 149
411 719
141 468
280 608
275 383
629 759
162 216
461 656
217 250
65 768
417 680
246 377
1 292
377 497
430 479
5 79
378 505
383 675
95 711
229 507
129 142
221 762
187 501
366 762
160 282
199 539
282 381
330 342
61 68
777 781
131 596
282 582
37 742
591 727
138 501
293 301
76 443
254 468
131 150
51 721 423 530 634 106 469 167 130 535
51 423
423 721
51 106
634 721
530 721
106 469
167 469
130 530
130 535
13 205 323 605 225 152 231 725 62 273 178 297 294 361 174 568 39 134 569 364 692 560 317 165 703 308 333 446 41 101 74 773 745 574 224 359 413 358 545 192 757
364 605
225 273
165 231
231 560
134 152
74 317
317 560
152 364
174 364
333 446
192 745
605 703
174 205
101 773
178 297
134 569
178 361
13 297
359 745
39 294
359 757
165 446
62 308
224 413
224 358
692 725
74 773
39 568
41 773
152 692
294 361
62 225
62 231
205 323
205 317
224 574
192 545
358 757
178 323
41 574
9 80 33 352 50 502 524 288 392 688 242 561 415 100 673 363 457 447 303 611 31 265 239 402 419 325 609 195 584 592 722 396 338 796 434 161 88 672 746 659 498 339 533 237 418 137 20 464 484
20 484
242 396
9 524
352 396
88 161
237 659
237 418
498 672
339 746
592 722
9 502
50 457
31 303
325 402
161 434
242 688
100 415
33 392
415 524
265 363
338 796
673 688
498 659
9 239
325 722
584 592
100 561
137 464
195 609
447 611
20 464
303 447
50 392
80 338
33 80
434 796
50 239
325 419
418 464
265 447
659 746
457 611
31 402
419 746
584 609
242 561
100 288
339 533
182 508 449 230 233
182 508
449 508
230 449
182 233
? 15 732 421 232 521 491 17 787 756 372 307 504 697 314 476 125
? 15 481 387 291 421 135 424 491 60 111 16 277 314 476 732 125
? 15 481 291 36 387 135 424 476 491 60 111 16 277 314 379 667
? 15 577 102 232 521 314 462 657 17 307 372 756 787 504 56 476
? 15 577 102 504 521 232 462 657 307 756 372 787 56 697 314 476
? 15 481 291 36 387 421 135 424 476 491 111 16 277 314 667 60
? 15 481 387 732 421 291 135 424 491 667 111 16 277 379 60 125
? 15 577 102 521 491 314 462 17 657 307 756 372 787 504 56 476
? 15 732 421 232 521 491 111 17 657 756 277 504 697 314 379 476
? 15 481 291 36 387 421 135 424 476 491 111 379 277 314 667 60
? 15 481 291 36 387 421 135 424 732 491 111 16 379 277 667 60
? 15 577 102 504 521 491 462 17 657 307 372 756 787 56 314 476
? 15 732 421 232 521 491 111 657 307 756 787 372 504 697 314 476
? 15 481 291 387 421 135 476 424 491 60 111 277 314 379 732 125
? 15 291 36 421 387 135 424 732 491 60 111 379 277 667 476 125
? 15 577 102 232 521 314 462 657 17 307 756 787 372 504 56 476
? 15 732 421 135 232 521 491 111 657 756 277 504 697 314 476 125
? 15 26 547 682 654 48 784 306 274 117 438 22 310 473 410 220
? 15 707 452 186 682 410 400 274 403 306 85 310 438 153 26 606
? 15 26 452 707 410 400 274 403 306 85 310 438 153 186 220 606
? 15 547 26 452 682 654 784 48 306 274 117 22 438 473 410 220
? 15 547 707 452 682 654 784 400 306 274 48 117 22 310 473 26
? 15 26 452 707 682 410 400 274 403 306 85 310 438 153 186 606
? 15 26 452 707 682 473 400 274 403 306 85 310 438 153 186 606
? 15 707 452 547 682 654 410 400 274 306 117 438 22 473 26 220
? 15 547 707 452 682 654 784 48 306 274 400 117 22 438 473 26
? 15 707 452 186 682 654 410 400 274 306 85 310 438 153 26 606
? 15 26 452 547 682 654 48 400 306 274 784 117 22 438 473 410
? 15 153 26 707 452 682 654 400 274 306 438 310 22 473 410 220
? 9 58 747 670 185 739 77 615 296 458
? 15 513 354 197 295 487 72 583 751 145 691 661 663 763 699 478
? 15 610 260 357 300 398 783 625 371 729 404 790 313 602 316 701
? 15 34 642 228 478 262 72 73 11 47 276 373 470 244 474 350
? 15 32 2 34 73 11 143 49 241 347 475 470 728 571 603 635
? 15 32 2 34 503 710 486 635 327 143 49 347 475 247 603 571
? 15 257 643 740 520 778 139 554 234 651 626 21 374 122 445 94
? 15 769 260 701 586 575 46 720 19 212 566 157 790 733 638 159
? 15 610 260 351 701 328 586 720 19 500 157 790 729 316 733 575
? 15 513 354 197 295 487 652 751 145 146 691 625 661 663 763 702
? 15 89 610 357 328 587 300 685 652 625 404 729 313 602 316 542
? 15 320 416 257 355 34 486 7 327 520 554 474 503 632 122 445
? 15 354 197 328 136 587 652 493 300 601 625 404 89 602 763 380
? 15 2 355 503 486 327 710 554 234 143 626 374 55 632 475 347
? 15 159 769 260 351 586 46 720 19 500 212 566 790 157 733 575
? 15 257 643 355 740 778 651 234 554 626 21 374 632 122 445 94
? 15 34 642 228 262 583 73 11 47 241 470 503 728 474 699 478
? 15 89 354 197 487 136 328 587 652 493 145 625 404 601 602 763
? 15 416 320 34 710 486 7 327 73 11 55 475 503 632 470 347
? 15 34 642 503 327 583 73 11 241 276 373 244 470 474 699 478
? 15 257 355 486 327 520 73 234 139 554 626 374 503 632 122 445
? 15 354 197 487 328 587 652 493 601 145 146 404 89 602 763 380
? 15 159 610 260 701 398 783 371 500 212 790 157 729 316 733 351
? 15 34 642 228 262 73 11 47 241 373 470 503 728 474 699 350
? 15 610 354 357 587 300 685 601 625 404 729 500 313 602 316 542
? 15 769 260 586 575 46 398 720 19 500 566 157 790 733 638 351
? 15 513 354 197 295 487 136 587 751 145 146 691 661 663 601 702
? 15 32 416 2 320 710 7 635 143 49 347 55 475 247 603 571
? 15 610 260 586 575 398 783 720 371 212 500 790 729 316 733 159
? 15 89 354 610 357 587 300 685 601 625 404 729 313 602 763 542
? 15 643 740 355 778 651 234 139 554 626 21 374 632 122 445 94
? 15 32 416 2 320 710 7 635 143 49 347 55 475 247 603 571
? 15 354 197 487 328 587 652 493 601 145 146 691 89 602 763 380
? 15 34 642 503 583 72 73 11 241 276 373 244 470 474 699 478
? 15 89 354 197 487 295 136 587 751 145 146 691 661 601 763 702
? 15 769 260 351 701 586 46 720 19 500 566 157 316 733 638 575
? 15 34 642 228 262 583 73 11 47 241 470 503 728 474 699 350
? 15 354 197 313 328 587 652 493 300 601 145 404 89 602 763 380
? 15 257 355 643 486 327 73 234 139 554 626 374 503 632 122 445
? 15 513 34 642 583 72 295 136 702 751 146 691 663 474 699 478
? 15 643 740 355 486 7 778 651 234 554 626 21 374 632 122 94
? 15 610 260 351 586 398 783 720 371 212 500 790 19 316 733 159
? 15 610 260 357 587 300 685 601 625 404 729 500 313 602 316 542
? 15 34 228 262 327 486 73 7 11 632 47 241 470 503 728 350
? 15 642 34 486 327 583 73 7 11 276 373 244 503 474 699 478
? 15 257 355 486 327 520 7 554 234 139 626 503 632 122 445 350
? 15 32 416 2 320 710 7 635 143 49 347 55 475 247 603 571
? 15 769 260 701 586 575 46 720 19 500 566 157 790 733 638 351
? 15 610 260 357 587 300 685 601 625 404 729 500 313 602 316 542
? 15 642 34 228 262 583 73 11 241 276 244 373 470 728 474 699
? 15 350 643 740 355 234 778 139 554 651 626 21 374 632 122 94
? 15 260 351 586 575 398 783 720 371 212 500 790 19 316 733 159
? 15 513 354 197 478 295 136 487 72 751 145 146 691 661 663 702
? 15 257 643 740 355 520 778 651 234 626 21 374 94 122 445 350
? 15 32 416 2 320 710 7 635 143 49 347 55 475 247 603 571
? 15 354 197 487 328 587 652 493 601 145 146 404 89 602 763 380
? 15 3 388 485 422 558 337 690 188 694 791 184 91 348 669 375
? 15 420 196 550 519 485 112 529 660 628 348 25 472 793 92 30
? 15 64 770 451 163 263 170 75 556 428 113 735 437 218 349 543
? 15 736 321 514 551 648 681 173 653 525 607 465 534 439 412 287
? 15 356 709 489 201 169 207 368 658 690 791 184 633 123 636 798
? 15 356 709 169 489 110 207 368 558 658 690 791 696 633 636 798
? 15 736 321 514 551 648 681 173 206 653 525 465 534 537 412 287
? 15 98 3 709 201 169 558 207 785 690 791 184 794 123 188 798
? 15 514 163 196 614 744 681 648 525 206 660 405 181 537 795 25
? 15 64 514 163 614 263 648 681 170 75 556 622 181 405 218 795
? 15 3 388 485 422 420 550 529 337 694 375 793 91 348 669 30
? 15 64 770 451 163 614 263 744 170 75 556 428 622 437 218 795
? 15 736 321 514 287 551 648 653 173 206 465 534 439 537 412 607
? 15 98 709 169 201 558 207 368 785 690 791 184 794 123 636 798
? 15 420 196 550 519 744 422 170 112 660 628 472 793 92 669 25
? 15 420 550 519 744 170 75 428 112 113 735 793 92 349 25 543
? 15 356 709 489 169 110 207 368 658 690 184 791 696 633 636 798
? 15 388 485 422 550 420 196 170 529 660 25 472 793 348 669 30
? 15 98 709 169 201 558 207 368 785 690 110 791 184 794 123 798
? 15 736 321 514 287 551 648 653 173 206 465 534 439 537 412 607
? 15 64 770 451 163 614 263 744 556 622 112 437 793 218 795 92
? 15 420 485 170 75 428 543 113 529 694 375 91 348 349 30 735
? 15 3 485 709 201 170 791 558 337 690 529 694 348 91 188 30
? 15 64 163 451 614 263 744 648 556 112 628 437 793 218 795 25
? 15 514 163 614 648 681 744 556 525 206 465 628 405 181 537 795
? 15 356 169 489 201 110 207 368 558 658 690 791 696 633 636 798
? 15 98 709 485 201 91 558 785 690 348 694 791 184 794 123 188
? 15 3 485 709 201 123 337 690 785 694 791 184 794 91 348 30
? 15 736 321 514 287 551 653 173 206 525 465 534 439 537 412 607
? 15 420 550 669 170 75 428 543 112 113 529 375 793 349 30 735
? 15 64 770 451 163 514 614 263 744 648 556 112 628 437 218 795
? 15 356 489 169 201 110 207 368 558 658 690 791 696 633 636 798
? 15 196 388 422 550 420 519 170 75 622 660 472 793 92 669 25
? 15 514 163 614 551 648 681 556 173 206 465 405 181 537 795 287
? 15 420 485 709 170 75 428 543 113 529 375 91 348 349 30 735
? 15 98 709 201 91 169 558 207 785 690 791 184 794 123 188 798
? 15 388 196 422 550 420 170 75 622 112 660 472 793 92 669 25
? 15 736 321 514 287 551 653 173 206 525 465 534 439 537 412 607
? 15 356 489 169 201 110 207 368 558 658 690 791 696 633 636 798
? 15 3 420 485 709 550 170 75 337 529 694 375 91 348 669 30
? 15 64 770 451 163 614 263 744 648 556 112 628 437 793 218 795
? 15 163 420 196 550 519 744 614 170 622 112 793 25 795 92 669
? 15 514 163 614 648 681 744 525 206 173 465 405 181 537 795 287
? 7 176 731 589 578 758 477 492
? 15 480 385 708 133 132 649 203 494 687 528 210 370 693 567 510
? 15 737 121 69 38 613 6 523 619 718 335 83 343 345 730 253
? 15 450 389 646 298 714 362 432 786 754 435 24 27 444 540 767
? 15 385 132 708 133 649 203 621 782 687 367 528 210 693 151 252
? 15 738 69 613 38 345 621 718 335 83 343 121 730 252 253 766
? 15 256 324 644 389 455 362 45 270 271 336 406 24 249 444 540
? 15 480 641 389 510 362 236 590 370 435 24 444 284 540 222 223
? 15 480 324 389 646 133 394 362 203 236 494 754 435 370 567 284
? 15 480 641 389 236 45 432 336 370 786 788 24 444 540 510 767
? 15 256 641 644 455 45 270 271 336 432 406 24 249 444 540 510
? 15 641 450 389 714 298 432 786 788 24 249 444 27 540 510 767
? 15 737 738 121 69 38 6 613 523 619 335 343 345 730 253 766
? 15 480 223 389 362 203 236 590 494 432 370 567 24 444 540 767
? 15 480 389 362 236 590 494 432 370 767 567 24 444 540 222 223
? 15 480 324 389 646 394 362 236 754 435 370 24 444 284 222 223
? 15 385 708 133 649 203 236 621 782 687 367 210 693 151 121 252
? 15 256 641 450 644 455 714 298 45 270 271 336 406 249 27 510
? 15 385 132 708 613 133 649 203 687 367 335 343 693 151 121 766
? 15 121 708 69 613 132 38 718 335 83 343 151 345 730 253 766
? 15 737 738 121 708 69 38 6 613 523 619 335 343 345 253 766
? 15 480 223 389 236 432 786 370 788 24 249 444 540 222 510 767
? 15 480 324 389 646 394 362 754 435 370 24 249 444 284 540 510
? 15 385 133 649 203 236 621 782 367 528 210 370 693 252 222 223
? 15 256 641 450 644 455 714 298 45 270 271 336 406 249 27 510
? 15 737 738 121 708 69 6 38 619 523 335 343 151 345 253 766
? 15 385 133 389 649 203 236 590 494 367 370 210 693 567 222 223
? 15 708 132 613 345 718 335 687 367 83 343 151 121 730 253 766
? 15 385 133 649 203 236 621 782 367 528 687 210 590 693 151 252
? 15 480 324 389 646 394 362 236 590 754 435 370 24 444 284 223
? 15 480 641 223 389 271 432 786 370 788 24 249 444 540 510 767
? 15 385 133 649 203 236 621 782 367 528 687 210 693 151 121 252
? 15 708 613 69 132 345 38 718 335 83 343 151 121 730 253 766
? 15 256 641 450 644 455 714 298 45 270 271 336 406 249 27 510
? 15 737 738 121 708 69 38 6 523 619 718 335 343 345 253 766
? 15 480 641 223 389 432 786 370 788 24 249 444 540 222 510 767
? 15 480 324 389 646 394 362 236 203 754 435 370 444 284 222 223
? 15 737 738 121 708 69 38 6 613 523 619 335 343 345 253 766
? 9 70 238 272 579 180 393 279 715 258
? 8 154 748 194 726 190 765 227 624
? 15 96 764 617 426 490 44 752 369 562 211 499 600 698 572 511
? 15 704 96 66 164 776 266 490 460 204 429 752 369 563 341 600
? 15 386 518 617 426 331 588 562 211 245 760 698 572 573 158 511
? 15 386 518 617 331 588 562 211 499 572 760 698 156 573 158 511
? 15 704 96 66 164 776 266 490 204 429 15 752 369 341 600 764
? 15 386 518 617 426 331 156 562 211 245 760 698 572 573 158 511
? 15 96 704 66 164 776 266 460 429 204 15 369 563 341 600 764
? 15 704 66 617 490 331 44 588 429 752 562 499 341 698 158 511
? 15 96 704 66 164 266 490 460 429 204 752 369 563 341 600 764
? 15 617 490 331 44 588 752 562 499 341 760 698 156 573 158 511
? 15 617 426 331 44 156 562 211 499 245 760 698 572 573 158 511
? 15 96 704 66 164 776 266 490 204 429 15 752 369 563 341 600
? 15 386 518 617 331 44 588 562 499 572 760 698 156 573 158 511
? 15 96 704 66 164 266 490 460 429 15 752 369 563 341 600 764
? 15 617 426 331 44 588 156 562 211 245 760 698 572 573 158 511
? 15 386 518 617 331 44 588 562 499 572 760 698 156 573 158 511
? 15 704 96 66 164 776 266 490 204 429 15 369 563 341 600 764
? 15 386 518 617 426 331 156 562 211 245 760 698 572 573 158 511
? 15 705 743 553 522 779 12 109 268 81 116 662 119 442 315 414
? 15 448 546 515 326 743 140 557 268 81 119 597 662 23 442 799
? 15 705 482 264 553 522 779 12 109 442 116 90 315 29 414 639
? 15 705 264 105 395 684 442 401 114 116 86 662 248 90 29 639
? 15 705 771 772 105 395 268 463 81 466 114 116 662 631 248 442
? 15 771 772 90 105 395 684 401 114 116 86 631 248 662 442 639
? 15 448 546 515 326 743 140 557 268 81 119 597 662 23 442 799
? 15 705 482 771 772 90 105 268 463 466 116 86 631 662 442 639
? 15 482 771 772 105 522 684 109 463 466 114 86 631 248 315 414
? 15 448 546 515 326 743 140 557 268 81 119 597 662 23 442 799
? 15 705 482 90 105 522 779 12 268 81 466 116 662 442 315 414
? 15 771 772 553 522 395 684 109 463 401 114 466 86 631 248 414
? 15 705 482 515 90 264 522 268 81 116 662 119 442 29 414 639
? 15 448 546 515 326 743 268 557 140 81 799 597 119 23 662 639
? 15 771 772 522 395 684 779 109 463 401 114 466 86 631 248 414
? 15 482 515 90 264 105 522 268 81 116 662 442 315 29 414 639
? 15 771 772 553 522 779 105 109 463 466 114 86 631 248 315 414
? 15 482 772 105 522 779 12 109 553 463 466 116 86 442 315 414
? 15 482 105 522 395 684 12 779 401 114 116 86 631 248 315 414
? 15 448 546 515 326 743 140 557 268 639 81 119 597 662 23 799
? 15 705 482 515 90 264 522 268 81 116 662 442 315 29 414 639
? 15 705 482 515 546 90 264 268 557 140 81 116 662 442 29 639
? 15 548 360 299 171 655 209 82 627 689 309 305 312 761 155 28
? 15 384 226 360 299 171 655 689 305 209 82 309 761 155 28 509
? 15 384 226 548 171 655 209 689 82 305 309 627 761 155 28 509
? 15 384 226 548 171 655 209 82 627 689 309 305 312 761 28 509
? 15 384 226 548 360 299 171 655 689 305 209 309 761 155 28 509
? 15 226 548 171 655 209 82 627 689 309 305 312 761 155 28 509
? 15 384 226 548 360 299 171 655 689 209 627 305 309 761 28 509
? 15 226 548 171 655 209 82 689 305 309 627 312 761 155 28 509
? 15 384 226 548 360 299 655 305 689 209 627 309 761 155 28 509
? 15 384 226 548 171 655 209 82 689 627 309 312 761 155 28 509
? 15 483 612 35 408 71 200 616 618 329 526 723 214 440 409 671
? 15 483 612 453 440 71 200 329 616 618 526 723 214 408 409 319
? 15 35 612 483 71 616 200 618 329 526 467 723 214 440 409 671
? 15 483 612 453 35 200 329 616 618 526 467 723 214 408 409 319
? 15 483 612 453 71 200 329 616 618 526 467 723 214 408 409 319
? 15 35 612 483 408 71 616 200 618 329 453 526 214 440 409 671
? 15 483 612 453 440 71 200 329 616 526 723 467 214 408 409 319
? 15 35 612 483 408 71 616 200 618 329 526 723 214 440 409 671
? 15 35 612 483 408 71 616 200 618 319 526 723 214 440 409 671
? 15 483 612 453 440 71 200 329 616 526 467 723 214 408 409 319
? 15 322 68 549 166 581 267 620 683 564 630 792 346 604 61 126
? 15 318 677 679 777 781 431 593 433 595 84 570 536 506 734 127
? 15 417 706 67 293 774 680 585 168 397 240 531 789 246 598 377
? 15 289 549 741 199 104 695 202 683 235 664 630 759 344 539 604
? 15 454 199 552 104 683 332 459 719 177 755 148 532 539 411 93
? 15 768 65 1 640 292 516 281 780 76 570 376 221 762 507 797
? 15 290 471 131 5 138 427 172 78 79 340 596 150 215 187 124
? 15 131 37 390 742 712 713 678 427 108 749 378 596 150 666 538
? 15 160 99 637 582 488 59 10 495 208 18 149 311 282 251 381
? 15 289 741 104 202 235 759 267 792 629 630 695 664 346 411 604
? 15 128 353 677 777 107 555 781 430 118 183 536 506 285 734 479
? 15 0 417 67 676 293 585 43 716 365 301 213 789 280 283 189
? 15 417 706 259 67 293 774 680 585 716 397 301 365 240 531 789
? 15 576 97 674 775 425 441 559 594 179 436 243 342 53 665 63
? 15 417 706 675 293 774 168 585 497 275 531 789 505 700 382 383
? 15 544 193 318 255 677 8 42 175 431 147 84 595 250 734 127
? 15 512 129 292 76 269 142 780 144 366 54 507 281 762 443 221
? 15 608 0 544 67 198 42 43 717 365 213 280 217 250 283 286
? 15 97 674 775 103 456 330 441 459 302 753 594 179 342 665 93
? 15 516 677 599 711 777 734 750 781 724 278 407 376 570 318 95
? 15 97 191 456 425 330 459 399 559 594 179 436 342 87 441 63
? 15 199 552 456 459 559 594 243 436 53 342 539 441 219 93 63
? 15 517 645 727 750 527 591 724 565 468 599 376 57 668 541 254
? 15 162 645 650 461 141 496 656 468 599 216 57 346 668 541 254
? 15 544 193 608 677 198 647 8 42 717 334 147 217 250 286 127
? 15 289 4 261 166 104 10 664 208 304 18 629 759 792 251 311
? 15 417 706 675 293 774 585 623 497 275 531 789 246 598 700 383
? 15 162 645 650 267 141 461 496 468 695 120 57 346 541 254 216
? 15 768 65 512 580 292 76 269 366 144 54 376 281 762 507 221
? 15 640 1 292 229 580 516 677 734 431 376 281 570 507 797 318
? 15 674 775 40 103 441 459 686 302 753 594 115 436 87 665 219
? 15 675 37 678 742 712 427 108 749 14 275 596 666 505 378 383
? 15 289 261 166 391 104 695 202 664 304 792 52 629 759 344 604
? 15 131 37 678 742 138 427 108 749 14 596 501 150 666 187 124
? 15 131 37 678 390 712 713 742 427 108 749 14 596 666 505 378
? 15 549 454 199 552 741 695 683 719 755 148 411 243 53 539 93
? 15 290 131 5 138 172 78 79 340 501 150 471 596 215 187 124
? 15 160 99 4 582 488 495 251 208 18 381 149 311 282 59 637
? 15 128 353 777 555 107 781 430 431 118 183 536 506 285 734 479
? 15 0 608 67 676 198 8 43 716 365 301 213 280 250 283 189
? 15 1 580 292 599 711 750 527 724 565 278 727 376 570 668 95
? 15 322 162 68 581 650 267 235 141 564 468 254 57 346 61 126
? 15 417 706 67 293 774 168 585 680 716 301 623 497 531 789 382
? 15 131 37 390 742 678 713 427 108 749 14 596 150 666 538 124
? 15 544 640 318 677 42 717 286 175 593 595 147 84 127 734 255
? 15 407 517 141 750 527 724 468 278 599 120 570 668 541 254 95
? 15 417 706 259 67 293 774 680 585 716 397 301 240 789 246 377
? 15 97 674 775 40 686 399 302 753 594 179 115 87 441 219 191
? 15 512 129 768 65 780 76 269 366 144 142 54 281 762 443 221
? 15 289 261 166 391 104 202 10 664 304 792 208 629 759 344 604
? 15 99 4 166 391 59 10 495 208 304 18 52 149 311 792 251
? 15 544 640 677 679 8 42 717 734 175 593 433 147 250 286 127
? 15 549 775 456 552 459 332 559 177 594 243 436 532 441 93 63
? 15 162 68 650 267 620 235 141 496 468 407 216 57 346 61 254
? 15 768 1 65 292 229 580 797 366 144 54 376 281 762 507 221
? 15 640 193 544 647 679 42 717 334 175 433 593 147 217 250 286
? 15 162 645 650 235 620 461 141 267 656 496 468 407 216 346 254
? 15 407 517 599 711 141 591 724 565 468 727 120 668 541 254 95
? 15 576 97 674 103 775 441 302 686 399 753 179 115 87 665 191
? 15 160 99 582 391 488 495 251 381 18 52 149 311 282 59 637
? 15 549 199 552 425 459 332 559 719 177 243 532 53 539 93 63
? 15 290 131 5 138 172 78 79 340 501 150 471 596 215 187 124
? 15 741 454 199 552 425 683 719 755 148 695 539 57 411 604 93
? 15 768 1 292 229 580 516 366 527 570 278 376 281 762 507 221
? 15 674 549 775 330 459 302 559 686 177 594 436 532 342 441 219
? 15 417 706 293 774 168 585 716 301 623 497 531 789 246 598 382
? 15 576 97 674 103 775 40 441 302 686 753 115 179 87 665 191
? 15 417 293 774 680 585 397 497 275 789 246 598 377 700 382 383
? 15 128 353 677 777 555 781 430 118 183 536 506 127 285 734 479
? 15 512 129 768 65 76 269 142 366 144 780 54 281 762 443 221
? 15 544 640 679 8 42 717 175 433 593 595 84 147 250 286 255
? 15 322 68 581 645 650 267 620 461 235 656 496 564 346 61 126
? 15 417 706 259 293 774 680 585 168 716 397 301 240 531 789 246
? 15 640 193 198 647 8 679 42 717 334 433 593 147 217 250 286
? 15 0 608 640 676 198 8 42 43 365 717 593 213 280 283 189
? 15 131 37 742 390 678 138 427 108 749 14 596 150 666 538 124
? 15 407 517 599 711 750 591 527 724 565 278 727 120 668 541 95
? 15 128 677 777 107 555 781 430 431 183 536 506 127 285 734 479
? 15 4 166 391 59 10 759 495 208 304 18 52 149 311 792 251
? 15 318 193 677 647 42 717 334 734 781 593 433 217 250 286 127
? 15 322 162 68 581 645 650 267 620 461 235 656 496 564 61 126
? 15 160 99 582 391 488 495 251 381 18 52 149 311 282 59 637
? 15 131 37 742 390 678 138 427 108 596 501 150 666 538 187 124
? 15 131 678 742 712 713 390 427 108 749 14 138 596 150 666 124
? 15 290 131 5 138 427 172 79 340 501 150 471 596 215 187 124
? 15 512 129 768 65 76 269 142 780 144 366 54 281 762 443 221
? 15 289 261 166 741 695 202 10 664 304 792 629 630 759 344 604
? 15 675 678 712 713 377 427 108 749 14 497 275 596 505 378 383
? 15 417 706 259 67 293 774 680 585 168 716 397 301 240 531 789
? 15 576 97 674 775 302 399 686 753 665 179 115 594 87 441 191
? 15 407 517 599 650 235 141 591 724 565 468 727 120 668 541 254
? 15 289 741 454 199 425 683 719 755 148 411 630 695 57 539 604
? 15 318 353 677 777 107 781 430 118 183 536 506 127 285 734 479
? 15 544 677 679 42 717 734 175 433 593 595 84 147 127 286 255
? 15 0 608 640 676 198 8 42 43 365 593 213 280 283 189 127
? 15 290 131 5 138 172 78 79 340 501 150 471 596 215 187 124
? 15 417 706 293 774 168 585 680 623 497 531 789 246 598 377 382
? 15 97 674 775 40 330 686 302 753 594 115 436 342 87 441 219
? 15 1 292 229 580 516 777 506 118 221 376 281 570 507 797 318
? 15 549 454 199 552 425 459 332 559 177 594 755 532 436 539 93
? 15 417 675 293 680 585 713 497 275 789 246 598 377 700 382 383
? 15 128 353 677 777 555 107 781 430 431 183 536 506 285 734 479
? 15 0 608 640 67 676 198 8 43 716 365 593 213 280 283 189
? 15 512 129 768 76 269 142 366 144 780 54 507 281 762 443 221
? 15 162 68 645 650 235 620 141 461 267 656 496 468 216 346 61
? 15 160 99 637 582 391 488 495 251 18 52 149 311 282 59 381
? 15 417 706 259 67 293 774 680 585 716 397 301 240 789 246 598
? 15 290 131 5 138 172 78 79 340 501 150 471 596 215 187 124
? 15 1 376 580 516 711 292 750 527 278 407 120 570 507 541 95
? 15 322 68 581 650 267 620 461 235 141 656 564 468 346 61 126
? 15 131 678 390 712 713 742 427 108 749 14 596 150 666 505 378
? 15 549 454 199 456 552 425 719 177 243 755 53 148 539 93 63
? 15 131 37 390 742 678 712 427 108 749 14 596 150 666 538 124
? 15 576 97 674 775 40 441 686 302 753 594 115 342 87 665 219
? 15 289 261 166 741 104 695 202 10 664 304 792 629 759 344 604
? 15 640 193 677 647 8 679 42 717 334 593 433 217 250 286 127
? 15 544 640 679 42 717 175 433 593 595 84 147 217 250 286 255
? 15 549 775 425 330 459 332 559 177 594 436 532 342 441 219 93
? 15 675 131 678 712 713 427 108 749 14 497 275 596 377 700 383
? 15 576 97 674 775 103 441 302 686 399 594 179 87 665 219 191
? 15 417 706 293 774 168 585 680 716 301 623 531 789 246 598 382
? 15 99 4 166 391 104 59 10 664 208 18 52 149 311 792 251
? 10 51 721 423 530 634 106 469 167 130 535
? 15 225 323 165 294 361 297 205 174 13 560 178 308 568 317 605
? 15 323 165 134 101 41 364 205 174 333 560 692 569 317 605 703
? 15 225 446 165 101 231 41 333 205 560 273 308 725 152 317 62
? 15 192 545 224 773 358 359 101 41 74 745 231 560 317 413 574
? 15 323 294 39 134 361 297 74 364 13 205 174 178 568 569 317
? 15 192 545 224 773 358 359 101 745 41 74 205 757 317 413 574
? 15 225 323 446 165 231 364 205 174 560 273 308 725 152 317 62
? 15 773 134 231 74 364 205 174 560 692 725 152 569 317 605 703
? 15 323 294 39 134 361 297 364 205 174 178 152 692 568 569 317
? 15 224 192 545 773 358 359 101 745 41 74 560 757 317 413 574
? 15 323 297 74 361 364 205 174 560 178 692 725 152 317 605 703
? 15 225 323 446 165 773 231 101 74 333 205 560 273 308 317 62
? 15 323 165 294 39 231 361 297 74 13 205 174 560 178 568 317
? 15 224 192 545 773 358 359 101 745 41 74 560 757 317 413 574
? 15 225 446 165 773 231 101 41 74 333 205 560 273 308 317 62
? 15 192 545 224 773 358 359 101 745 41 74 560 757 317 413 574
? 15 323 134 231 74 364 205 174 560 692 725 152 569 317 605 703
? 15 323 294 39 231 361 297 364 13 205 174 560 178 152 568 317
? 15 225 446 165 773 231 574 41 74 333 205 560 273 308 317 62
? 15 323 134 361 74 364 205 174 178 692 725 152 569 317 605 703
? 15 323 773 294 39 297 361 74 41 13 205 174 560 178 568 317
? 15 192 224 545 773 358 359 101 745 41 74 205 757 317 413 574
? 15 609 419 611 325 195 584 447 265 457 303 239 592 402 722 31
? 15 352 33 161 288 392 9 363 524 80 434 338 50 502 88 796
? 15 672 609 418 195 484 584 137 746 237 464 498 659 20 339 533
? 15 352 673 33 100 392 9 396 688 561 242 80 338 50 502 415
? 15 672 609 418 195 584 746 237 464 592 498 339 659 533 722 20
? 15 352 673 288 33 100 392 9 396 524 688 561 242 50 502 415
? 15 672 419 611 325 584 447 457 265 363 303 592 722 402 498 31
? 15 161 33 100 392 9 363 524 80 434 338 50 502 88 796 415
? 15 672 418 484 325 137 746 237 464 498 659 20 339 722 533 402
? 15 33 611 392 457 265 363 303 239 80 50 402 338 502 31 447
? 15 672 419 611 325 447 457 265 363 746 303 722 402 498 659 31
? 15 33 161 611 392 457 9 524 239 80 434 338 50 502 88 796
? 15 352 673 288 100 392 9 396 524 239 688 561 242 50 502 415
? 15 672 418 419 484 325 137 746 237 464 498 659 20 339 533 402
? 15 288 673 611 100 392 9 457 524 396 239 688 561 242 50 415
? 15 161 33 611 392 457 9 265 239 80 434 338 50 88 796 447
? 15 609 419 195 325 584 746 237 592 722 339 659 533 498 402 31
? 15 418 419 484 325 137 746 237 464 592 402 659 20 722 498 31
? 15 33 161 611 392 457 265 239 80 303 338 434 50 88 796 447
? 15 288 352 673 100 392 9 396 524 239 688 561 242 50 502 415
? 15 672 418 419 484 325 137 746 237 464 498 659 20 339 533 402
? 15 609 195 419 325 584 746 237 592 722 402 339 533 659 498 31
? 15 161 33 392 457 9 524 239 80 434 338 50 502 88 796 415
? 15 352 673 288 100 392 9 396 524 239 688 561 242 50 502 415
? 15 611 325 415 457 9 265 524 303 239 402 50 722 502 31 447
? 15 672 609 195 419 325 584 746 237 592 722 339 402 659 533 498
? 5 182 508 449 230 233
