!
24 114 99 716 484 
24 114
99 114
114 716
99 484
191 720 
191 720
479 
45 520 532 590 409 
45 520
520 532
532 590
45 409
474 
40 554 295 277 492 
40 554
295 554
277 554
40 492
473 
145 623 613 
145 623
145 613
467 
464 
339 509 
339 509
461 
423 
124 688 475 
124 688
124 475
36 203 487 288 735 
36 203
36 487
288 487
288 735
451 
348 764 
348 764
350 625 
350 625
356 550 
356 550
358 617 
358 617
126 312 788 
126 312
126 788
450 
128 571 586 
128 571
571 586
268 313 
268 313
112 578 190 
112 578
190 578
434 
432 
426 
257 702 
257 702
138 291 669 
138 291
138 669
548 
545 
306 584 
306 584
310 515 
310 515
32 51 132 65 755 
32 51
51 132
65 132
65 755
69 349 481 438 
69 349
349 481
438 481
315 547 
315 547
533 
140 354 565 
140 354
354 565
528 
527 
137 251 507 
137 251
137 507
486 
135 373 512 
135 373
373 512
133 618 748 
133 618
618 748
518 
510 
497 
491 
15 792 413 471 736 131 
15 792
413 792
413 471
736 792
131 413
490 
320 791 
320 791
519 
361 
125 155 460 
125 155
155 460
360 
368 
269 365 
269 365
301 427 
301 427
6 357 352 722 599 111 738 
6 357
6 352
6 722
599 722
111 599
111 738
117 154 538 
117 154
117 538
419 
416 
369 
408 
274 457 
274 457
379 
258 595 
258 595
387 
46 290 540 362 
46 290
290 540
362 540
335 573 
335 573
322 329 
322 329
10 44 759 793 746 558 754 
10 44
10 759
44 793
746 759
558 793
558 754
728 
151 670 526 
151 670
526 670
333 385 
333 385
152 468 224 
152 468
224 468
727 
723 
721 
316 787 
316 787
129 404 217 
129 404
129 217
33 93 529 337 472 
33 93
33 529
337 529
337 472
711 
691 
684 
83 355 698 
83 355
83 698
680 
280 483 
280 483
672 
305 690 
305 690
668 
91 211 523 
91 211
211 523
693 
97 208 364 
97 208
208 364
309 637 
309 637
48 683 412 64 
48 683
412 683
48 64
275 677 
275 677
102 346 591 
102 346
346 591
28 774 777 648 443 
28 774
28 777
648 777
443 648
27 701 696 182 522 
27 701
27 696
182 696
27 522
795 
790 
347 396 
347 396
338 742 
338 742
60 664 118 619 
60 664
118 664
619 664
330 557 
330 557
767 
729 
762 
336 743 
336 743
757 
75 700 372 300 
75 700
75 372
300 372
753 
752 
751 
744 
276 284 
276 284
299 480 
299 480
314 706 
314 706
601 
559 
67 246 282 249 
67 246
246 282
249 282
68 488 585 381 
68 488
488 585
381 585
304 546 
304 546
303 570 
303 570
582 
4 25 318 395 745 597 694 
4 25
25 318
318 395
318 745
597 745
597 694
289 776 
289 776
574 
88 780 714 
88 780
88 714
569 
103 679 718 
103 679
103 718
104 134 162 
104 134
134 162
273 503 
273 503
265 431 
265 431
298 771 
298 771
662 
16 71 673 646 589 566 
16 71
71 673
646 673
16 589
566 589
660 
658 
655 
34 615 388 109 635 
34 615
34 388
109 615
109 635
654 
343 707 
343 707
341 562 
341 562
11 150 750 405 85 577 
11 150
150 750
405 750
11 85
405 577
340 695 
340 695
652 
642 
640 
639 
636 
331 733 
331 733
323 455 
323 455
628 
84 449 231 
84 449
231 449
626 
703 
159 785 
159 785
163 376 
163 376
39 319 57 620 380 
39 319
57 319
57 620
39 380
630 
165 196 
165 196
172 392 
172 392
638 
175 254 
175 254
19 789 50 197 393 740 
19 789
50 789
50 197
197 393
393 740
22 119 62 186 579 428 
22 119
62 119
62 186
119 579
428 579
643 
624 
184 325 
184 325
187 469 
187 469
171 454 
171 454
37 252 587 502 765 
37 252
252 587
502 587
37 765
653 
21 240 524 262 236 221 
21 240
21 524
262 524
236 240
21 221
53 709 770 170 
53 709
709 770
170 709
58 555 107 629 
58 555
58 107
107 629
35 794 580 650 256 
35 794
580 794
35 650
256 794
76 294 285 710 
76 294
285 294
285 710
663 
153 279 
153 279
70 321 293 297 
70 321
293 321
293 297
666 
596 
564 
168 226 
168 226
101 113 121 
101 113
113 121
572 
157 311 
157 311
575 
576 
581 
156 324 
156 324
255 737 
255 737
592 
594 
77 593 781 287 
77 593
593 781
287 593
94 697 732 
94 697
697 732
96 108 608 
96 108
108 608
600 
100 675 278 
100 675
278 675
607 
13 92 499 604 544 551 
13 92
92 499
499 604
544 604
13 551
609 
610 
612 
614 
621 
0 283 415 207 266 445 508 429 588 370 326 
0 283
283 415
207 415
0 266
266 445
445 508
429 508
429 588
370 588
326 370
622 
30 223 749 41 633 
30 223
223 749
41 749
633 749
645 
730 
63 78 769 705 
63 78
78 769
705 769
29 459 521 496 560 
29 459
459 521
459 496
496 560
14 422 377 130 478 245 
14 422
377 422
130 377
422 478
245 478
234 611 
234 611
756 
106 307 158 
106 307
158 307
760 
230 561 
230 561
228 525 
228 525
95 534 149 
95 534
149 534
110 394 194 
110 394
194 394
105 271 665 
105 271
271 665
189 435 
189 435
768 
773 
218 286 
218 286
775 
786 
59 676 542 342 
59 676
542 676
342 542
55 261 493 647 
55 261
55 493
493 647
210 444 
210 444
796 
797 
98 779 317 
98 779
317 779
31 420 213 465 418 
31 420
213 420
213 465
418 465
23 758 403 505 424 
23 758
23 403
403 505
424 505
671 
200 782 
200 782
52 375 250 552 
52 375
250 375
250 552
678 
87 123 649 
87 123
87 649
17 195 141 549 536 127 
17 195
141 195
17 549
17 536
127 536
682 
193 241 
193 241
686 
192 659 
192 659
692 
667 
382 
80 334 247 
80 334
247 334
713 
9 440 402 447 243 344 453 
9 440
402 440
402 447
243 402
344 440
9 453
717 
82 292 567 
82 292
82 567
147 704 185 
147 704
185 704
726 
198 712 
198 712
199 215 
199 215
201 332 
201 332
8 42 407 115 81 535 657 
8 42
42 407
115 407
8 81
81 535
115 657
763 
411 
384 
146 167 772 
146 167
167 772
386 
202 631 
202 631
389 
390 
391 
397 
206 216 
206 216
209 296 
209 296
401 
406 
20 179 689 747 205 651 
20 179
20 689
179 747
205 747
205 651
212 463 
212 463
214 259 
214 259
116 371 183 
116 371
183 371
417 
7 563 136 353 498 517 501 
7 563
7 136
136 353
498 563
498 517
501 517
421 
398 
374 
120 598 603 
120 598
120 603
359 
367 
122 661 556 
122 661
556 661
220 516 
220 516
2 783 399 47 495 470 248 627 725 204 
2 783
2 399
47 399
399 495
470 783
248 470
627 783
627 725
204 725
26 225 731 327 43 
26 225
225 731
225 327
43 327
363 
227 441 
227 441
79 142 761 90 
79 142
79 761
90 761
232 264 
232 264
233 739 
233 739
235 799 
235 799
504 
506 
237 489 
237 489
511 
514 
238 410 
238 410
239 741 
239 741
242 766 
242 766
139 602 433 
139 602
139 433
244 485 
244 485
537 
5 494 253 466 437 715 641 
5 494
253 494
466 494
437 466
466 715
641 715
541 
143 531 687 
143 531
143 687
543 
219 674 
219 674
49 72 699 583 
49 72
72 699
583 699
160 734 
160 734
553 
164 456 
164 456
452 
425 
166 513 
166 513
430 
169 414 
169 414
74 260 173 448 
74 260
173 260
173 448
436 
174 383 
174 383
439 
442 
61 351 281 644 
61 351
281 351
61 644
54 530 328 681 
54 530
54 328
328 681
18 476 568 632 798 366 
18 476
476 568
18 632
476 798
366 568
1 656 86 73 605 345 685 176 302 66 539 
1 656
86 656
73 86
73 605
345 605
345 685
176 685
302 685
66 302
66 539
3 719 400 263 144 708 89 
3 719
400 719
3 263
144 400
144 708
89 719
177 500 
177 500
180 784 
180 784
181 229 
181 229
462 
188 724 
188 724
38 458 616 308 267 
38 458
38 616
308 616
267 458
178 778 
178 778
148 222 378 
148 222
148 378
161 446 
161 446
477 
12 606 272 634 56 270 
12 606
12 272
272 634
56 634
270 634
482 
? 8 691 146 167 143 279 144 61 751
? 8 332 596 700 152 301 795 464 427
? 8 617 727 229 763 761 90 598 387
? 8 597 94 694 733 545 318 25 745
? 8 344 623 447 9 643 440 39 251
? 8 256 35 265 650 212 580 71 659
? 8 783 722 376 460 111 738 618 674
? 8 487 758 420 8 213 299 465 610
? 8 559 316 672 105 781 567 787 526
? 8 719 134 668 560 521 496 400 490
? 8 254 592 150 273 609 68 585 488
? 8 137 623 380 447 9 440 251 506
? 8 631 114 358 763 576 716 671 674
? 8 723 225 306 149 216 731 586 546
? 8 424 758 420 24 99 42 418 487
? 8 345 702 710 259 548 400 490 605
? 8 434 181 764 229 720 96 269 246
? 8 385 670 520 672 590 392 355 526
? 8 77 782 200 526 287 374 645 780
? 8 757 169 340 228 201 746 695 721
? 8 533 592 277 250 273 609 68 254
? 8 413 399 174 636 204 549 792 624
? 8 570 46 51 123 303 564 642 279
? 8 46 134 668 123 649 3 89 564
? 8 607 84 769 409 589 741 510 78
? 8 558 621 321 741 646 793 116 183
? 8 378 277 250 68 552 555 52 369
? 8 39 447 9 479 643 344 440 381
? 8 762 57 140 679 380 447 9 479
? 8 59 786 438 676 755 349 735 342
? 8 111 722 376 783 399 627 125 460
? 8 120 727 763 761 142 90 712 671
? 8 614 670 520 672 409 590 392 355
? 8 161 35 231 239 396 580 692 589
? 8 380 57 447 9 479 440 324 718
? 8 788 231 126 692 794 790 185 600
? 8 180 410 503 273 68 105 781 555
? 8 680 163 6 352 722 763 576 357
? 8 219 114 358 576 24 716 674 179
? 8 573 186 463 212 54 190 659 297
? 8 72 151 37 409 392 78 765 359
? 8 163 6 352 720 357 738 269 680
? 8 431 463 212 54 190 256 659 297
? 8 491 134 668 46 123 303 649 540
? 8 32 483 717 676 658 755 65 255
? 8 70 186 463 659 297 428 693 192
? 8 737 679 483 476 717 635 32 319
? 8 94 694 597 733 318 25 745 651
? 8 598 181 79 727 229 778 387 553
? 8 174 376 421 210 399 627 636 141
? 8 465 758 420 8 213 418 299 487
? 8 714 410 537 503 267 273 381 585
? 8 418 596 379 421 758 420 495 299
? 8 352 163 6 727 763 576 357 738
? 8 599 722 376 783 460 111 738 618
? 8 549 272 636 204 792 725 131 270
? 8 185 231 84 126 309 396 739 449
? 8 791 675 93 170 709 48 770 669
? 8 124 35 650 188 580 692 794 71
? 8 320 94 694 597 560 545 393 521
? 8 606 186 98 54 681 693 192 317
? 8 359 670 151 37 392 355 200 526
? 8 308 57 140 679 620 798 381 319
? 8 231 239 769 396 692 589 449 510
? 8 234 169 340 201 746 461 795 332
? 8 562 35 232 650 188 580 692 794
? 8 323 442 733 786 438 652 303 318
? 8 99 722 783 758 424 618 418 474
? 8 621 300 293 558 321 741 646 464
? 8 157 35 265 650 188 580 794 724
? 8 295 277 405 750 150 554 250 609
? 8 522 216 649 586 3 708 89 756
? 8 369 410 629 68 105 781 555 593
? 8 363 134 668 560 521 400 649 490
? 8 414 223 340 228 658 721 432 218
? 8 265 650 314 212 580 256 588 71
? 8 306 726 225 149 731 364 43 723
? 8 596 152 795 332 418 299 427 289
? 8 461 340 201 795 213 695 721 432
? 8 794 35 650 188 580 692 71 311
? 8 93 350 709 770 454 20 171 689
? 8 61 146 324 691 441 167 143 450
? 8 228 340 695 721 432 218 765 391
? 8 9 380 447 479 344 440 39 718
? 8 716 114 358 576 24 20 671 171
? 8 336 592 150 609 160 254 110 488
? 8 370 265 650 314 212 190 256 588
? 8 262 315 221 547 422 148 552 14
? 8 171 93 24 454 20 689 595 42
? 8 546 216 259 548 400 708 285 302
? 8 604 551 554 175 215 715 544 199
? 8 497 316 230 513 672 21 385 236
? 8 346 405 750 315 554 547 215 544
? 8 682 726 306 97 353 364 7 723
? 8 795 169 596 201 746 461 332 695
? 8 763 727 352 576 680 553 674 775
? 8 636 399 627 174 125 2 204 549
? 8 567 316 672 105 781 787 526 593
? 8 728 19 683 496 605 789 740 50
? 8 475 35 650 188 580 692 794 256
? 8 248 376 783 379 421 210 399 627
? 8 489 405 750 150 554 609 175 217
? 8 195 98 272 12 22 268 725 270
? 8 287 410 77 782 200 526 374 645
? 8 97 726 306 60 136 353 498 7
? 8 586 216 351 723 206 144 522 644
? 8 54 186 98 463 190 659 681 328
? 8 31 407 424 24 8 42 487 535
? 8 292 410 503 77 105 781 567 287
? 8 554 405 750 315 547 215 85 544
? 8 536 399 627 174 125 636 2 204
? 8 585 592 714 537 643 503 267 273
? 8 453 623 380 447 9 457 440 251
? 8 455 676 658 755 65 721 735 432
? 8 738 163 6 352 722 576 357 618
? 8 19 683 496 605 789 740 728 574
? 8 481 733 438 407 8 349 651 42
? 8 227 380 447 9 440 324 441 251
? 8 376 783 379 421 210 399 627 174
? 8 16 35 239 769 396 580 692 589
? 8 318 694 442 597 733 303 25 745
? 8 125 399 627 636 2 460 111 204
? 8 50 19 496 605 789 740 728 574
? 8 690 330 557 730 125 155 792 624
? 8 47 330 557 399 125 636 460 111
? 8 642 570 51 123 303 564 713 450
? 8 708 668 216 259 400 649 490 3
? 8 217 750 150 175 110 129 734 85
? 8 4 94 694 733 244 482 595 651
? 8 441 154 703 167 506 227 61 538
? 8 327 225 95 306 149 731 364 43
? 8 428 700 293 301 468 268 464 427
? 8 469 186 98 463 54 659 681 693
? 8 279 570 146 691 642 143 450 61
? 8 798 140 476 620 550 406 308 616
? 8 506 380 447 9 440 324 251 137
? 8 594 520 84 769 510 242 566 541
? 8 421 376 379 210 627 174 152 141
? 8 354 57 140 679 479 620 319 550
? 8 412 675 278 170 709 683 48 770
? 8 785 35 650 188 580 692 794 71
? 8 632 476 223 717 635 660 109 34
? 8 639 727 114 358 763 576 716 674
? 8 409 520 37 793 78 541 72 583
? 8 362 134 570 46 51 123 303 564
? 8 347 339 233 84 309 739 242 637
? 8 555 629 105 781 787 369 593 784
? 8 34 223 151 660 109 782 632 200
? 8 511 330 528 557 249 720 730 357
? 8 685 702 710 259 548 400 345 490
? 8 692 35 231 239 396 580 589 794
? 8 718 57 140 679 380 9 479 620
? 8 687 570 146 691 564 143 450 279
? 8 329 134 46 123 303 318 540 322
? 8 539 702 710 259 548 60 257 285
? 8 468 700 152 301 22 268 464 428
? 8 169 340 201 746 461 795 695 432
? 8 3 134 668 46 400 649 708 89
? 8 193 316 629 105 781 567 787 555
? 8 769 231 239 396 589 741 449 510
? 8 576 352 358 763 738 680 674 775
? 8 122 592 277 150 250 609 68 254
? 8 389 407 8 213 349 42 487 657
? 8 797 163 6 330 528 557 249 720
? 8 280 483 717 676 658 755 32 65
? 8 667 306 216 586 708 723 546 206
? 8 76 702 539 710 60 257 136 501
? 8 442 694 733 786 438 652 318 323
? 8 253 551 13 554 215 715 544 5
? 8 784 410 629 105 781 787 555 369
? 8 678 350 93 709 482 770 454 20
? 8 495 376 379 421 210 399 627 174
? 8 230 339 509 233 513 242 433 385
? 8 444 376 210 399 627 174 125 636
? 8 689 93 482 454 20 171 595 535
? 8 613 274 623 344 457 251 752 612
? 8 135 330 528 557 249 720 357 269
? 8 765 228 37 746 432 218 72 252
? 8 162 560 545 521 496 400 490 740
? 8 312 232 159 126 188 790 264 600
? 8 205 350 93 482 770 454 20 171
? 8 796 19 496 345 605 789 740 302
? 8 63 670 520 37 409 590 78 541
? 8 474 722 783 576 460 424 111 738
? 8 361 596 379 421 210 152 141 495
? 8 527 232 159 126 196 165 188 790
? 8 748 163 6 727 352 763 576 357
? 8 71 35 650 580 692 794 256 183
? 8 662 352 114 358 763 576 716 674
? 8 33 761 472 142 90 712 671 744
? 8 581 670 392 77 782 200 526 287
? 8 285 702 539 710 259 548 400 345
? 8 356 714 537 267 798 381 585 550
? 8 60 702 539 710 136 501 97 640
? 8 284 225 95 306 448 149 351 731
? 8 200 151 392 77 782 526 287 374
? 8 697 407 24 8 171 689 595 651
? 8 42 407 424 24 8 171 535 732
? 8 374 392 77 782 200 526 287 645
? 8 297 463 293 321 646 659 116 693
? 8 454 350 93 482 20 171 689 595
? 8 651 733 438 407 482 745 595 184
? 8 128 216 586 146 691 167 143 144
? 8 6 163 352 720 357 738 269 680
? 8 488 592 643 150 273 609 68 585
? 8 51 570 46 123 303 323 564 642
? 8 420 596 758 424 213 418 299 487
? 8 119 186 98 272 12 17 220 317
? 8 373 163 6 528 557 249 720 357
? 8 144 216 586 691 206 143 522 696
? 8 722 783 576 460 111 738 618 680
? 8 24 114 407 424 8 171 42 535
? 8 672 670 392 355 567 526 645 385
? 8 498 539 60 136 501 97 353 640
? 8 73 19 521 496 605 789 740 728
? 8 545 94 694 597 560 393 521 244
? 8 671 350 358 761 472 90 716 20
? 8 542 228 676 658 755 32 65 255
? 8 400 668 259 345 649 490 3 708
? 8 289 596 379 421 210 152 301 332
? 8 379 376 421 210 627 174 141 2
? 8 615 267 77 109 782 200 287 374
? 8 232 159 196 165 188 724 572 264
? 8 725 210 174 141 12 22 268 204
? 8 103 57 679 483 319 642 718 450
? 8 767 134 668 46 123 649 3 89
? 8 36 420 461 213 735 630 299 487
? 8 393 94 597 560 545 170 521 244
? 8 709 350 93 170 472 48 770 20
? 8 744 761 472 142 90 648 712 671
? 8 732 482 454 171 689 595 651 535
? 8 749 223 151 228 37 218 765 34
? 8 787 316 629 105 781 567 555 21
? 8 739 233 84 309 242 185 637 655
? 8 75 596 700 152 301 468 332 464
? 8 98 186 54 681 17 220 317 335
? 8 258 93 482 454 20 171 689 595
? 8 178 181 79 177 229 761 778 712
? 8 110 175 394 160 217 129 734 544
? 8 746 169 340 201 793 795 695 432
? 8 149 225 95 306 448 731 364 43
? 8 154 351 441 91 703 167 227 538
? 8 577 405 750 150 554 609 175 217
? 8 264 232 159 196 165 188 790 572
? 8 648 28 472 142 48 774 443 712
? 8 121 272 636 101 549 792 113 624
? 8 512 181 764 249 720 96 269 246
? 8 215 551 554 486 715 544 199 5
? 8 268 152 12 301 22 468 725 270
? 8 717 483 476 223 635 660 109 632
? 8 629 105 148 787 555 52 369 593
? 8 514 537 267 798 109 782 384 38
? 8 315 405 554 547 422 552 52 130
? 8 176 702 539 710 548 345 257 285
? 8 540 134 597 123 303 318 25 329
? 8 510 231 239 84 769 396 589 449
? 8 574 19 345 605 285 789 302 50
? 8 605 19 496 345 285 789 302 728
? 8 23 758 424 420 8 213 99 418
? 8 665 629 250 221 148 552 555 52
? 8 449 35 231 239 769 396 692 589
? 8 460 722 376 783 399 627 125 2
? 8 300 169 700 621 293 321 332 464
? 8 303 570 46 51 123 318 540 329
? 8 525 223 151 37 218 765 72 252
? 8 731 225 95 306 448 149 364 43
? 8 351 225 448 149 731 586 703 74
? 8 659 463 212 54 190 297 693 192
? 8 524 629 315 221 422 148 552 14
? 8 538 448 351 154 441 703 260 173
? 8 423 134 668 46 560 123 649 540
? 8 242 339 233 84 309 739 637 541
? 8 646 239 621 293 558 321 741 71
? 8 624 272 730 101 549 792 113 131
? 8 777 28 675 278 709 48 774 443
? 8 118 702 539 710 60 136 501 97
? 8 321 700 621 300 293 558 741 646
? 8 786 442 733 438 652 676 755 323
? 8 747 350 114 358 93 24 454 716
? 8 402 57 380 447 9 479 440 39
? 8 74 225 95 448 149 351 731 260
? 8 164 447 9 479 643 344 39 381
? 8 167 146 324 154 691 441 703 143
? 8 216 586 708 723 546 206 144 522
? 8 48 28 675 278 709 774 443 669
? 8 552 277 405 315 250 547 422 52
? 8 175 551 13 554 217 110 734 92
? 8 433 339 509 233 84 309 739 242
? 8 139 233 84 309 739 242 185 637
? 8 350 93 709 472 770 454 20 671
? 8 96 181 764 177 55 269 500 246
? 8 341 35 265 650 580 256 71 673
? 8 81 114 407 424 24 8 171 99
? 8 660 476 223 717 635 109 632 34
? 8 91 457 154 441 251 612 506 227
? 8 88 537 267 77 782 287 374 384
? 8 117 351 154 441 91 703 260 167
? 8 513 316 230 672 21 385 236 497
? 8 21 316 629 221 148 567 787 236
? 8 407 438 24 8 349 651 42 535
? 8 699 37 409 558 793 78 622 72
? 8 626 727 352 358 763 576 553 674
? 8 494 315 554 547 486 215 715 199
? 8 683 675 19 278 170 789 728 50
? 8 301 700 152 141 468 268 332 427
? 8 276 726 225 306 149 731 97 364
? 8 755 786 652 676 323 65 255 349
? 8 79 181 229 761 90 778 712 598
? 8 485 93 170 709 244 482 770 595
? 8 681 186 98 463 54 190 328 693
? 8 403 758 424 420 24 8 99 42
? 8 484 24 454 716 20 171 689 42
? 8 17 186 98 272 12 22 268 725
? 8 68 592 277 250 273 609 369 533
? 8 694 94 442 597 733 318 25 745
? 8 664 539 60 136 501 97 353 640
? 8 740 19 560 545 393 521 496 789
? 8 317 186 98 12 54 681 17 220
? 8 635 140 476 717 798 660 109 550
? 8 541 520 84 769 590 510 242 566
? 8 41 223 228 717 658 660 109 632
? 8 622 621 300 293 558 321 741 646
? 8 349 733 786 438 652 745 132 651
? 8 625 93 482 770 454 20 171 689
? 8 550 57 140 679 476 620 798 319
? 8 334 351 154 441 91 703 260 167
? 8 191 163 6 330 557 249 720 357
? 8 273 592 410 714 537 503 267 68
? 8 419 352 722 763 576 738 618 680
? 8 392 670 151 672 355 200 526 374
? 8 779 186 98 463 54 190 681 328
? 8 84 233 396 739 510 242 185 637
? 8 516 186 98 54 681 328 693 220
? 8 155 163 6 330 557 125 357 460
? 8 247 448 351 154 703 260 173 74
? 8 314 265 650 0 724 588 508 445
? 8 115 438 407 8 349 651 42 535
? 8 290 134 668 46 123 303 649 564
? 8 105 410 629 781 567 787 555 369
? 8 789 19 683 496 605 740 728 574
? 8 712 79 761 142 90 648 387 198
? 8 136 726 462 60 501 97 353 498
? 8 391 340 228 461 695 721 735 432
? 8 425 730 101 792 113 624 131 690
? 8 674 352 722 763 576 738 618 680
? 8 627 376 421 210 399 174 125 636
? 8 145 274 623 457 440 251 91 612
? 8 141 379 421 210 174 636 12 2
? 8 331 94 694 442 597 733 438 318
? 8 470 399 174 125 636 2 204 549
? 8 753 225 306 149 216 351 731 586
? 8 668 134 46 123 649 3 89 564
? 8 770 350 93 170 709 20 669 412
? 8 565 57 140 679 479 620 319 718
? 8 153 570 146 691 642 143 450 279
? 8 521 560 545 496 490 740 363 162
? 8 319 57 140 679 479 620 550 308
? 8 640 702 539 710 259 548 60 257
? 8 704 339 509 233 309 739 185 637
? 8 324 380 9 440 146 137 450 506
? 8 220 186 98 272 12 22 101 113
? 8 218 340 228 695 721 432 765 749
? 8 188 35 232 650 580 692 794 724
? 8 464 700 300 293 301 468 332 428
? 8 523 154 441 91 703 227 538 145
? 8 1 19 683 605 789 740 728 574
? 8 221 629 422 148 14 52 21 130
? 8 282 528 764 249 720 96 269 246
? 8 302 702 539 710 259 548 400 345
? 8 375 277 250 609 68 552 52 369
? 8 108 528 764 249 720 96 269 246
? 8 40 277 629 250 68 552 555 52
? 8 151 37 392 200 374 34 72 359
? 8 326 265 650 314 212 190 588 112
? 8 396 231 239 84 769 692 589 449
? 8 132 442 786 438 652 676 755 323
? 8 745 94 694 442 597 733 786 438
? 8 222 629 315 250 221 422 148 552
? 8 212 265 463 190 256 659 112 328
? 8 734 13 175 394 160 217 110 129
? 8 743 592 150 609 160 254 110 488
? 8 564 134 570 668 46 123 649 3
? 8 142 79 761 472 90 774 648 712
? 8 67 528 764 249 720 96 269 246
? 8 388 223 151 228 660 109 632 218
? 8 305 330 528 557 730 135 624 690
? 8 53 93 170 709 244 482 770 454
? 8 504 596 700 421 152 301 468 268
? 8 7 726 60 136 501 97 353 498
? 8 86 19 683 496 605 789 740 728
? 8 126 231 692 794 790 185 600 311
? 8 368 28 761 472 142 90 774 648
? 8 618 722 783 576 460 111 738 680
? 8 688 231 126 396 692 794 449 790
? 8 601 339 509 230 513 21 385 766
? 8 0 232 196 314 165 724 572 677
? 8 673 35 239 580 692 794 256 71
? 8 307 232 159 126 196 188 790 572
? 8 35 650 580 692 794 256 71 673
? 8 711 94 694 733 244 482 595 651
