1000 50 50
63 931 1225 1515 2170 2194 2317 2435 2888 3824 4043 4059 5945 6386 6483 6513 7232 7445 7597 7761 8280 9685 10292 10344 10387 10679 11482 11956 12448 14277 15355 15494 15959 16507 17695 18475 20292 20691 22937 22991 24122 28002 30053 30712 33285 34052 48441 50960 55889 57829
31 43 659 1170 2379 2712 3555 3688 3931 3994 5132 5398 5572 5755 5952 6694 6899 7310 8132 8325 8415 8972 9173 9575 9933 10142 10842 11049 11192 11422 11536 11938 12184 12705 13045 13206 13423 14543 17219 17404 17817 20470 24039 24870 26121 33448 47175 48072 49888 67022
1166 2449 2657 2999 3073 3284 3646 4435 4679 4719 4775 5003 5130 5243 6100 6888 7087 7205 7237 7843 8190 8539 9206 10966 11352 11376 12408 12545 13312 15337 15407 15561 16100 18649 19203 19943 22574 23004 23654 27973 31355 31938 31985 33061 39217 42913 44941 50174 53248 56716
603 697 840 1427 1586 2031 2125 2350 2477 3088 4006 4074 4406 6146 6388 6821 7137 7206 7515 7602 7736 7859 7881 8314 8430 8746 8804 9143 9770 9987 10157 12684 15677 15929 16775 17109 20192 21103 22820 23369 28805 28811 30666 32310 34331 44129 45603 49804 54368 59187
1111 1327 2256 2816 3187 3457 3773 3824 4174 4583 5316 5409 5571 5804 6283 6413 6631 6737 6849 7247 7629 7959 8845 9478 9560 10445 10562 10648 11180 12439 12625 12646 13040 13171 14146 14949 15552 16075 17263 24487 25047 25054 27343 27482 28823 33874 36909 41662 49289 49571
1291 1486 1848 2070 2293 2329 3182 3369 4215 4462 4496 4588 4785 4919 5259 6280 6759 6908 7018 8475 8537 8840 8892 9364 9895 9955 10326 10702 11038 12305 12997 13269 13723 14181 15051 15364 17254 17425 17490 20614 20959 21311 26411 28679 33806 38285 39872 42123 52026 56155
36 453 793 1738 2024 2178 2220 2307 2849 3228 3606 4472 4584 4769 5315 5911 6790 6846 7314 7421 7451 7470 7782 8735 8737 8869 9215 9631 10550 10928 10970 11459 11734 12592 13088 13385 14103 17114 18158 18906 19401 21568 22948 25428 26390 32129 39179 57691 62341 66018
203 366 1992 2715 3135 3454 3631 4645 4882 5667 5819 6138 7190 7538 7972 8034 8605 8770 9062 9130 9157 9580 9845 10112 11409 11919 11956 12346 14460 14969 15223 15599 17162 17723 18398 20507 21530 21710 23300 24681 27232 27597 29415 30436 31134 34214 35496 40504 42341 53113
558 1020 1340 1425 1643 2277 3129 3155 3441 3455 3685 3695 4780 4903 5014 5573 5771 6004 7450 7461 7477 7527 7559 8777 9066 9305 11455 12073 12138 13213 14715 18006 19634 20215 21543 21706 22768 22973 23572 27132 33189 34433 36300 36794 38041 38753 39960 40170 42315 43909
248 448 1181 1682 2164 2543 3380 3588 3762 4109 4329 4426 5386 7167 8417 9060 9329 9437 10646 11038 11058 11094 11338 11720 12121 12945 13963 16861 17656 17697 18343 18788 19654 20000 20296 21561 22653 22982 26204 26365 27618 27703 32315 33975 34000 43142 44963 46850 54432 70522
999 1034 1278 1409 1568 2219 3110 3513 3840 4941 5442 6109 6504 6547 6703 7631 8518 8656 10634 10821 12084 12604 12750 12906 15435 16109 16534 16736 17176 17458 17511 17997 18576 19816 21193 23536 23572 23741 26655 26659 27192 27415 30160 31206 31371 42664 42699 44610 50925 67069
90 635 704 709 1177 1537 1760 1839 2099 2396 2727 3301 3575 6811 7478 7782 7850 8611 8694 8808 8967 9104 9236 9438 9871 10854 11482 11811 13613 14328 15188 15203 15408 15636 16534 17186 17751 18893 19512 20274 21213 23874 25102 25705 28488 33676 37372 39085 43306 46795
241 406 703 1024 1716 1856 2157 2308 3286 5438 6359 6589 7653 7793 8048 8708 9338 9815 10119 10373 10553 11000 11388 11918 12105 14201 14296 14463 14793 15254 15285 16573 18281 19596 20079 20826 21528 22063 22124 22946 26303 27362 30734 30863 31257 33730 37768 43453 56040 98754
58 563 1016 1198 1650 2160 2229 2927 3299 3377 3546 3904 4335 4806 4973 6211 6268 8285 8334 9099 9764 10005 10885 10913 10961 11674 11873 12127 13314 13892 14767 14809 16133 17039 17611 18277 19590 21103 21392 22506 22852 23847 26416 31304 34025 35309 45364 67842 69493 76176
310 327 485 691 786 1061 1264 1674 1982 2176 2937 2937 3447 3871 4623 4903 5033 5965 5981 6609 6831 6991 8344 8804 9455 9748 10386 10735 10824 11558 12212 13734 13785 16358 17280 17743 17976 18010 20351 22994 25818 26068 26197 26898 28048 31701 33834 35577 57504 60627
163 614 843 954 1444 2767 3040 3051 3298 4244 4676 4916 4939 5103 5124 5595 5846 6671 7069 7205 7549 7706 8114 8490 8901 9027 9031 9709 10361 10406 11461 11607 11705 12621 13306 13491 14045 14706 17784 19426 20207 21858 24935 27465 30399 31188 37323 42267 56398 67633
371 1299 1329 1662 1720 2054 2655 3082 3292 4199 4501 5021 5463 5667 6035 6806 6833 6835 7354 7413 8503 8858 9588 10402 10971 11276 12568 12584 13085 14212 15638 16124 16588 16625 20249 20711 21770 24283 25121 27094 27941 28726 28933 29180 34084 39203 44015 44293 55531 60733
512 883 1002 1034 1167 1502 1641 1949 2040 2079 2176 2664 2854 3148 3499 3536 4300 4895 5178 6201 6474 6611 7064 7503 8487 8698 10016 11237 12878 14967 15946 16634 17193 18504 19207 19260 19874 20833 26422 26719 30712 34425 39110 41173 52009 53137 55313 56715 57433 70357
312 335 339 535 796 887 915 1212 2349 2658 3110 3187 3612 4145 4565 5559 5890 5980 6754 6949 8508 10285 10455 11471 12198 13239 13792 15085 15293 15863 16618 17320 18184 18654 19853 20264 21835 22797 23739 24228 25535 31186 40160 41583 42272 46066 46787 48033 65029 82838
43 371 624 953 1554 2889 3113 3128 3135 3841 3850 4302 4782 5722 6506 8271 9187 11280 11811 12795 13025 13085 13246 13309 13691 14233 14492 15486 15764 16946 17015 18257 18285 19209 19412 19941 23779 23810 24136 24634 25479 25818 26441 29821 37877 42967 43070 53443 55706 60907
321 440 565 655 699 2224 2313 2436 3149 3423 3965 4585 4826 5077 5185 5845 5893 5977 6275 6288 6483 7930 8144 8305 8687 9249 10092 10486 10499 10570 11848 12916 13458 14742 16654 16700 17523 18962 19078 19861 21688 22237 22991 24122 25325 28282 47855 48725 49644 62043
444 573 1229 1319 1955 2989 3629 3682 4131 5125 5371 5537 5726 6137 7541 7815 8023 8027 8451 9576 10161 10664 10737 10874 12227 12390 13669 15320 15853 16521 16817 17216 18588 18928 19046 19882 19898 21303 21944 24855 29698 29835 31526 34273 35202 40418 40872 41589 47084 61669
109 267 357 611 1423 1494 2161 2206 2269 2752 3074 3580 3747 4863 4896 5074 5128 5514 5573 5719 5819 6038 6351 6802 8631 9258 9444 9473 9547 9653 10022 11197 11474 16553 18039 18077 18636 21158 21536 25121 26973 29762 32219 32848 33493 35291 39719 44897 45234 70776
434 987 1035 1472 1557 1868 1884 1970 2953 3075 3216 4149 4194 4715 6898 7173 9265 9963 10202 10862 11246 11347 11940 12015 13036 13303 13564 14087 14508 14706 15104 15380 16489 16963 17078 17965 18072 18491 20475 20971 21298 21646 24767 26257 28459 31605 34377 34957 41069 50855
32 67 540 1129 1351 1615 2531 3064 3955 4588 4946 5142 5218 5218 5740 5813 6400 6550 6764 7093 7791 8161 8273 8400 9314 9938 10083 10240 11212 11493 13201 13382 13657 16445 20785 20874 21324 21391 21932 24994 25097 25747 30178 32807 33211 33281 33689 37829 42259 54931
90 606 637 1108 1552 1689 2079 3012 3025 3098 3302 3613 3647 3978 5634 5666 6199 8041 8157 8772 8868 8920 9701 9866 10008 10494 10930 11044 11439 11612 12107 12507 13065 13180 15350 16100 18681 18687 18854 19185 19369 20704 21691 25760 25840 25997 29886 41158 47277 92148
42 610 782 855 1607 1851 1998 2027 4130 4155 4591 4712 4792 5508 5722 5739 6257 8059 8591 9140 9238 9544 10824 11567 11615 12437 12438 13413 13417 13731 14210 15657 17107 18017 18339 18427 20184 20538 21469 23760 28048 28128 31025 31157 32203 34403 35796 37108 41370 46208
199 590 1537 2019 2218 2808 2905 5574 5711 6210 7264 7372 7442 7506 7688 9070 9155 9374 9594 9602 9911 10080 10090 10335 10660 11075 11763 11883 12712 12968 13371 13582 14184 14414 14969 15970 17761 17869 18650 23923 24056 28572 31754 32392 41131 42134 42462 42469 55859 65231
206 400 956 1506 1635 2203 3236 3301 3667 3927 4070 5012 5023 5552 5651 5894 5968 6585 6752 6841 7366 7788 8484 9121 10230 10888 10978 11983 12998 13452 13960 14062 14767 14850 16430 17878 18928 19280 20120 21954 23864 25469 29634 29779 37772 41828 50944 59508 59547 62450
425 709 730 961 1997 2903 3017 3229 3293 3328 4077 4100 4222 4324 4370 4375 4762 5598 5833 5938 6619 6881 7243 7421 9346 10025 10123 10553 10799 12307 12665 12746 14495 15412 19382 20456 22626 22660 23274 24689 25496 26868 28182 29268 31936 39632 42127 49288 51698 85229
223 361 579 1352 1674 1676 1742 1963 2401 2636 2704 2772 2878 2912 4576 5377 6219 7435 7915 8723 8983 11056 11919 12352 13939 13952 14003 15045 15460 16527 16939 17581 18158 19901 21675 22328 28342 29599 29869 30475 30511 34928 35388 37755 38072 39058 43810 56663 63988 65543
972 1652 2082 2172 2846 2937 2976 3107 3524 3526 3706 3896 4295 4842 4973 5546 6403 6922 7569 7696 7703 9083 9324 9352 9821 12206 12258 12861 13592 14320 14333 14411 14844 15207 15790 18225 18556 20015 21552 25146 25383 27112 27511 27962 28002 28745 28801 35403 37623 42016
397 509 683 841 1470 1579 1624 2249 2940 3466 4053 4106 4278 5130 5427 5680 5950 5993 7567 8039 8297 8511 8932 9373 9740 10369 11566 11597 14943 16295 16499 17201 17775 18413 18999 19874 20562 21405 21897 23931 27759 28302 31895 32320 32412 32928 33164 34359 35536 36733
140 317 1009 1092 1299 1594 1809 2111 2133 2219 2319 2587 3054 3368 3492 4535 6016 6141 6217 6307 6482 6858 7271 7675 9618 9903 10706 11789 14252 14344 14615 15345 15789 16557 16602 17344 18436 20570 21846 22303 24339 24588 26931 29819 31749 33076 53299 57675 61206 111946
290 301 409 787 798 1111 1564 2185 2519 2693 2925 2985 4056 6965 7030 7182 8483 8991 9620 9837 10443 10552 10871 11135 11299 12132 13886 14106 15155 15842 16151 17635 17667 18278 20388 21765 22696 25077 25799 25892 25918 27297 28877 29295 30903 34274 39649 42106 47048 95629
88 724 1067 1552 2112 2341 2655 2846 3380 3624 3772 3786 3971 3976 3982 4006 4187 4274 4497 4814 5674 5813 6519 7239 7467 7731 8223 8971 10268 11820 12352 14420 16258 16708 16866 17777 19186 20686 21934 28270 33417 35966 37303 37955 39725 41469 41976 45037 46550 60632
90 667 1646 1733 1790 2199 2412 2564 3243 3302 3704 3810 4199 4285 4849 5839 6800 6873 6885 7005 7423 7606 8180 9052 9220 9254 9631 10198 11914 12396 12518 13865 14346 14527 15986 16751 18403 19026 21568 22538 23404 23459 26136 26964 29809 31915 44736 48233 52880 66755
184 523 615 1729 2546 2953 2962 2981 3235 4199 4792 5002 5086 5157 5235 5611 6013 6197 8123 8486 10212 10494 10505 12339 12385 13895 15479 16666 17695 18320 18707 18818 18850 18949 19638 19642 21196 21404 21909 22022 22522 22726 22775 26504 26682 28862 39937 61778 68508 74270
97 347 432 594 1125 1786 2045 2098 2426 2794 2814 2842 4862 5102 5218 5768 5952 6891 8216 8654 8850 8918 9117 9238 9422 9760 9913 10102 10946 11493 11673 13631 13719 15286 15679 18768 19535 19580 19755 20931 21152 21541 22771 25710 26138 28784 32393 36317 42601 93049
906 944 1033 1131 1287 1594 1713 2045 2103 2290 2442 2519 2610 2651 2823 3296 3552 3656 3848 4047 4072 4384 4513 5075 5763 6911 7152 7772 8471 10428 10622 10902 11164 11441 14553 15032 15301 15552 17171 17941 22343 24456 26952 28935 29309 34838 36732 52827 70912 72467
188 444 525 683 824 832 1119 1949 2726 2920 3054 3497 3552 3910 4847 5033 5208 5327 5402 5806 6450 6586 7603 8027 8085 9195 10225 11030 11564 11987 12093 12517 13643 14478 15033 15447 15828 16014 18648 19177 20788 22983 27648 27706 28841 32436 33176 41878 52575 58867
10 16 415 540 680 1659 1734 1766 2049 2366 2405 3726 5005 5731 5828 5896 6529 6943 7423 7502 7692 8081 8433 9039 10572 11113 11918 12956 13122 14122 14167 14270 14336 14720 14778 15146 16037 17666 17996 20702 23767 26025 27029 27468 28205 30570 33273 47758 49792 58830
80 567 2575 2593 2726 3334 3501 3597 3956 4159 4763 4893 5146 5498 5592 5921 6112 6631 7933 8506 8561 9408 9974 10235 10484 10913 11169 11382 11884 12759 13671 14532 15284 16583 16925 20293 23296 24377 25369 25730 27193 27320 30196 39769 41171 42399 51900 55867 64033 72931
52 512 597 1153 1384 1488 1555 1634 1762 2498 2587 2659 3288 3947 4406 5049 6185 6240 6641 6822 8977 9084 9483 10814 11791 11794 12522 13714 13758 13823 17177 17638 18215 18871 19581 21592 24838 25501 25683 27437 27445 27649 28409 30098 32176 33408 41464 43973 47993 50491
112 764 1015 1119 1504 4275 4362 4446 4608 4762 4834 5518 5880 6125 6524 6584 6757 7240 7621 8211 9020 11474 11995 12017 12252 12273 12485 12626 12987 13035 13281 13413 16297 17729 18093 18297 19932 20122 23441 27492 29436 32760 35232 36768 41044 41726 43333 44922 47204 55639
203 302 453 641 1081 1849 1949 2145 2147 2476 2553 3422 4257 5580 6552 6641 6799 6927 8139 8810 9202 9534 9981 10014 10035 10432 10715 11008 11382 11692 12035 12114 13373 13464 14312 14350 16512 17459 18018 19741 21809 21926 23596 25732 27434 30621 31613 31795 34006 83340
277 344 443 2085 3182 3940 4026 4120 4794 5148 5784 5934 6071 6501 6621 6853 7283 7946 8690 8735 9368 10100 10798 11280 11339 11450 12592 12758 13461 14745 15772 16815 17279 20614 20796 21203 21975 23607 24508 24548 26895 31059 34457 34749 35712 36805 47665 48488 51482 56662
587 753 786 815 956 1073 1332 2056 2302 2335 2691 3813 3950 4304 4529 4895 5689 6229 7301 8585 8824 9441 10428 11574 11792 12488 12767 13247 13350 14619 15968 22371 23232 23354 23999 24939 25167 28133 29832 30626 31323 32330 32776 36231 40295 43554 51581 53303 53876 69984
226 337 436 904 2860 2919 3033 3412 3712 4766 5352 6068 6460 6758 6860 9159 9360 9480 9598 9786 10519 11290 11647 11797 11995 12200 13237 13634 13811 14743 14984 15007 15661 17490 19160 21952 21963 22084 22496 23995 25442 25613 26499 28214 28566 33543 39876 40781 45356 50092
279 1492 2251 2256 2580 2828 2830 4494 5130 5618 5761 5984 6119 6210 6661 7039 7160 7403 7761 8342 8759 8914 9227 9257 9689 10175 10536 10659 13127 13491 13494 13559 13579 15278 16672 20709 21717 22077 24217 24319 24682 25911 25914 28007 28373 29653 33543 40515 54181 63962
