avg: 217866
0000 274831
0001 216921
0002 193905
0003 145783
0004 183551
0005 208654
0006 213915
0007 463036
0008 207452
0009 398909
0010 201519
0011 225469
0012 208433
0013 234445
0014 212780
0015 137630
0016 196861
0017 241516
0018 224998
0019 112492
0020 211178
0021 204945
0022 203029
0023 255488
0024 187059
0025 454159
0026 271231
0027 236976
0028 155901
0029 173167
0030 143176
0031 254768
0032 162876
0033 202380
0034 91823
0035 202549
0036 190528
0037 202818
0038 227399
0039 160771
0040 174634
0041 220829
0042 135329
0043 212830
0044 219034
0045 240438
0046 444077
0047 176954
0048 365827
0049 230962
0050 197285
0051 202754
0052 160690
0053 252097
0054 140617
0055 257255
0056 168950
0057 145217
0058 175987
0059 283173
0060 172775
0061 309512
0062 212991
0063 187109
0064 200668
0065 165751
0066 150471
0067 216109
0068 230786
0069 200025
0070 125488
0071 96214
0072 389117
0073 283626
0074 267875
0075 145563
0076 223192
0077 201645
0078 190133
0079 235452
0080 213145
0081 295360
0082 160219
0083 205792
0084 187411
0085 134793
0086 194607
0087 365844
0088 211059
0089 138315
0090 273907
0091 340682
0092 209168
0093 204609
0094 388080
0095 190709
0096 254878
0097 127216
0098 210819
0099 175263
