avg: 227027
0000 278002
0001 234204
0002 207728
0003 157819
0004 196210
0005 233216
0006 213932
0007 462254
0008 219521
0009 405344
0010 204045
0011 223482
0012 213087
0013 235460
0014 230712
0015 144816
0016 214289
0017 231887
0018 220386
0019 111031
0020 213953
0021 209733
0022 211701
0023 255224
0024 210685
0025 445313
0026 262757
0027 222920
0028 169566
0029 188699
0030 153858
0031 260609
0032 177843
0033 209667
0034 110751
0035 208742
0036 202896
0037 205559
0038 233397
0039 177890
0040 176973
0041 222587
0042 158240
0043 236835
0044 239264
0045 242039
0046 459396
0047 211847
0048 362339
0049 244707
0050 215767
0051 222428
0052 171243
0053 264065
0054 146736
0055 282164
0056 185370
0057 152533
0058 176231
0059 293382
0060 185981
0061 311375
0062 207566
0063 185841
0064 207508
0065 182992
0066 164222
0067 241942
0068 247573
0069 209229
0070 132375
0071 101552
0072 391986
0073 319049
0074 292196
0075 174147
0076 256424
0077 199027
0078 193575
0079 237643
0080 216590
0081 295062
0082 178312
0083 207085
0084 202942
0085 137799
0086 191161
0087 373907
0088 215639
0089 154221
0090 278586
0091 345232
0092 202879
0093 209460
0094 398362
0095 207170
0096 259240
0097 142225
0098 219814
0099 191484
