avg: 223021
0000 271097
0001 218082
0002 198308
0003 158797
0004 197333
0005 219554
0006 209835
0007 463941
0008 212997
0009 399372
0010 199897
0011 237895
0012 218401
0013 235215
0014 209881
0015 153693
0016 203647
0017 248086
0018 220934
0019 114377
0020 205130
0021 207396
0022 208403
0023 263433
0024 199030
0025 441820
0026 261175
0027 239419
0028 161267
0029 184271
0030 146771
0031 259612
0032 174061
0033 203850
0034 102610
0035 208311
0036 198822
0037 204370
0038 229761
0039 170216
0040 177055
0041 222638
0042 146493
0043 222465
0044 223728
0045 237127
0046 455235
0047 193489
0048 368325
0049 255603
0050 208828
0051 206633
0052 169394
0053 253226
0054 144515
0055 261032
0056 181803
0057 151891
0058 179581
0059 291194
0060 182199
0061 309321
0062 209792
0063 176619
0064 204252
0065 169703
0066 156468
0067 225874
0068 249480
0069 208706
0070 126612
0071 102086
0072 387450
0073 301754
0074 268624
0075 161338
0076 240471
0077 198219
0078 192993
0079 243318
0080 216941
0081 295609
0082 174277
0083 211425
0084 191591
0085 137349
0086 193662
0087 371446
0088 217359
0089 150096
0090 277912
0091 350660
0092 207291
0093 205639
0094 396515
0095 202954
0096 242628
0097 138987
0098 212919
0099 180270
