avg: 240167
0000 359546
0001 231770
0002 206916
0003 163166
0004 193830
0005 220604
0006 210757
0007 553900
0008 220609
0009 519969
0010 199496
0011 227164
0012 212790
0013 250433
0014 214141
0015 145462
0016 207414
0017 238198
0018 221362
0019 119658
0020 212206
0021 213141
0022 217715
0023 252759
0024 209857
0025 588572
0026 334066
0027 233993
0028 167028
0029 192174
0030 158891
0031 259150
0032 179409
0033 203134
0034 109891
0035 205667
0036 216193
0037 262624
0038 247376
0039 176122
0040 179909
0041 228163
0042 156827
0043 226481
0044 224401
0045 267387
0046 552983
0047 204573
0048 462141
0049 243396
0050 217601
0051 215157
0052 171436
0053 269272
0054 156212
0055 268864
0056 180519
0057 159360
0058 179943
0059 298700
0060 182434
0061 405068
0062 217381
0063 182836
0064 221259
0065 177297
0066 168066
0067 227817
0068 314305
0069 212445
0070 137537
0071 109859
0072 473133
0073 301429
0074 267382
0075 164241
0076 242661
0077 201151
0078 195847
0079 237503
0080 213368
0081 313735
0082 178994
0083 209337
0084 203163
0085 159541
0086 198223
0087 433560
0088 238392
0089 152444
0090 290832
0091 423198
0092 240603
0093 205771
0094 494495
0095 205833
0096 242878
0097 143233
0098 222508
0099 186452
