avg: 157734
0000 155876
0001 179966
0002 179235
0003 137665
0004 149565
0005 138069
0006 186939
0007 190309
0008 199236
0009 170447
0010 190014
0011 183863
0012 186014
0013 143130
0014 133808
0015 112020
0016 182011
0017 182682
0018 193324
0019 78314
0020 193602
0021 186278
0022 198397
0023 203782
0024 152406
0025 178305
0026 136807
0027 201528
0028 126625
0029 147648
0030 111424
0031 181613
0032 146282
0033 196789
0034 73350
0035 199857
0036 182718
0037 108764
0038 180009
0039 149598
0040 146324
0041 196277
0042 103263
0043 175317
0044 166589
0045 159785
0046 194526
0047 140250
0048 184161
0049 197627
0050 194963
0051 180144
0052 138608
0053 164050
0054 123460
0055 146926
0056 148700
0057 127688
0058 129609
0059 185687
0060 138714
0061 161814
0062 168384
0063 115496
0064 135319
0065 149364
0066 122442
0067 161017
0068 83561
0069 192278
0070 95966
0071 76379
0072 179065
0073 169306
0074 195999
0075 101500
0076 156293
0077 189648
0078 146236
0079 197846
0080 182382
0081 138281
0082 133727
0083 177795
0084 154774
0085 110270
0086 187883
0087 175400
0088 155605
0089 126587
0090 139893
0091 194030
0092 91796
0093 198087
0094 146932
0095 170580
0096 198030
0097 85545
0098 184412
0099 152502
