avg: 261322.23
0000 288902.0
1000 295941.0
2000 226823.0
3000 164837.0
4000 253824.0
5000 314403.0
6000 228165.0
7000 472511.0
8000 214559.0
9000 431696.0
1000 204788.0
1100 303917.0
1200 240241.0
1300 244610.0
1400 302184.0
1500 248425.0
1600 238487.0
1700 295308.0
1800 228946.0
1900 236369.0
2000 214259.0
2100 251549.0
2200 242675.0
2300 263562.0
2400 240581.0
2500 502656.0
2600 282276.0
2700 261546.0
2800 223382.0
2900 237626.0
3000 241736.0
3100 304287.0
3200 188768.0
3300 217748.0
3400 170269.0
3500 208093.0
3600 246368.0
3700 213576.0
3800 244166.0
3900 204682.0
4000 243457.0
4100 241284.0
4200 225572.0
4300 256265.0
4400 291323.0
4500 271632.0
4600 475246.0
4700 235349.0
4800 388878.0
4900 267106.0
5000 240166.0
5100 234717.0
5200 198968.0
5300 284905.0
5400 156491.0
5500 294327.0
5600 225001.0
5700 167214.0
5800 293873.0
5900 319685.0
6000 267531.0
6100 340142.0
6200 287411.0
6300 287468.0
6400 236930.0
6500 189639.0
6600 186747.0
6700 299263.0
6800 252229.0
6900 213465.0
7000 213035.0
7100 164739.0
7200 411636.0
7300 340919.0
7400 273405.0
7500 222528.0
7600 290344.0
7700 212860.0
7800 218550.0
7900 289593.0
8000 263821.0
8100 302704.0
8200 256910.0
8300 248593.0
8400 277959.0
8500 149192.0
8600 196183.0
8700 422726.0
8800 237312.0
8900 166491.0
9000 291347.0
9100 357849.0
9200 217155.0
9300 201899.0
9400 446931.0
9500 244276.0
9600 254582.0
9700 213307.0
9800 263055.0
9900 215297.0
