0
116
169
86
151
122
61
166
139
66
92
172
4
93
141
32
153
54
28
137
162
35
150
183
106
112
147
52
87
154
20
114
95
102
168
126
125
26
108
50
64
159
167
12
177
129
3
194
44
73
21
30
34
182
40
58
173
18
186
63
14
193
161
83
59
120
184
171
89
94
144
56
165
36
2
164
60
132
156
69
80
140
39
152
195
41
79
49
174
1
109
178
180
57
188
119
43
199
38
67
23
118
124
196
100
175
8
96
19
138
48
131
33
163
68
5
55
190
6
185
128
191
117
37
103
107
84
130
187
13
97
179
22
76
51
123
176
91
42
160
170
53
82
45
197
133
47
113
74
9
72
27
85
121
71
110
7
145
181
75
143
90
10
25
115
148
198
62
136
101
70
77
99
16
192
135
189
65
78
155
146
104
81
98
88
24
15
158
149
17
105
134
46
29
31
11
127
111
157
142
