724 243 734 1000
0 233 734 243
0 217 734 233
0 773 115 1000
734 217 767 1000
0 159 767 217
115 773 261 1000
261 773 459 1000
0 664 459 773
767 80 836 1000
0 0 836 80
0 80 767 159
459 664 724 1000
836 0 1000 1000
0 243 724 664
724 243 734 1000
0 233 734 243
0 217 734 233
0 691 118 1000
734 217 767 1000
0 159 767 217
118 691 280 1000
767 80 836 1000
0 80 767 159
0 0 836 80
280 691 523 1000
523 460 724 1000
0 460 523 691
0 243 724 460
836 0 1000 1000
0 233 734 243
724 243 734 1000
0 217 734 233
734 217 767 1000
0 813 263 1000
0 159 767 217
0 635 263 813
0 80 767 159
767 80 836 1000
0 0 836 80
263 635 502 1000
0 450 502 635
502 450 724 1000
0 243 724 450
836 0 1000 1000
724 243 734 1000
0 233 734 243
0 217 734 233
734 217 767 1000
228 758 333 1000
0 877 228 1000
0 758 228 877
0 670 333 758
0 159 767 217
0 80 767 159
767 80 836 1000
0 0 836 80
0 243 333 670
836 0 1000 1000
333 243 724 1000
845 97 871 1000
0 855 210 1000
0 706 210 855
0 49 871 97
0 0 871 49
871 0 921 1000
210 706 416 1000
0 541 416 706
416 541 568 1000
921 0 1000 1000
0 394 568 541
724 253 845 1000
568 394 724 1000
0 253 724 394
0 97 845 253
0 905 55 1000
55 905 65 1000
0 636 65 694
0 694 65 799
0 799 65 905
845 97 871 1000
0 49 871 97
871 0 921 1000
0 0 871 49
921 0 1000 1000
0 360 364 636
65 636 364 1000
364 360 583 1000
0 97 583 360
583 97 845 1000
0 762 38 1000
38 762 97 1000
97 762 159 1000
845 97 871 1000
159 762 255 1000
0 0 871 49
0 633 255 762
0 49 871 97
871 0 921 1000
0 397 255 633
921 0 1000 1000
449 397 628 1000
255 397 449 1000
628 397 845 1000
0 97 845 397
0 764 190 1000
0 732 190 764
0 690 190 732
0 633 190 690
845 97 871 1000
0 502 190 633
0 0 871 49
0 49 871 97
871 0 921 1000
921 0 1000 1000
190 502 352 1000
352 502 545 1000
545 502 845 1000
0 307 845 502
0 97 845 307
0 83 944 89
309 924 376 1000
0 924 309 1000
0 37 944 61
0 61 944 83
0 0 944 37
0 803 376 924
0 674 376 803
944 0 1000 1000
0 522 376 674
0 383 549 522
376 522 549 1000
549 383 712 1000
712 383 944 1000
0 89 944 383
0 83 944 89
0 767 105 1000
0 37 944 61
0 61 944 83
0 0 944 37
105 767 268 1000
268 767 454 1000
944 0 1000 1000
0 617 454 767
0 430 454 617
454 430 607 1000
607 430 767 1000
0 288 767 430
0 89 767 288
767 89 944 1000
0 83 944 89
0 61 944 83
0 37 944 61
0 0 944 37
0 840 309 1000
309 704 441 1000
0 704 309 840
944 0 1000 1000
0 565 441 704
441 565 588 1000
0 430 588 565
588 430 783 1000
783 279 944 1000
0 279 783 430
0 89 944 279
0 83 944 89
0 854 153 1000
153 854 240 1000
0 61 944 83
0 37 944 61
240 854 397 1000
0 0 944 37
944 0 1000 1000
397 668 605 1000
0 668 397 854
605 465 778 1000
0 465 605 668
0 89 778 275
0 275 778 465
778 89 944 1000
0 34 818 43
0 865 164 1000
0 792 164 865
0 714 164 792
0 0 846 34
818 34 846 1000
846 0 891 1000
164 714 342 1000
0 564 342 714
342 564 471 1000
0 412 471 564
0 238 471 412
0 43 471 238
891 0 1000 1000
471 43 818 1000
0 34 818 43
0 737 240 1000
240 737 299 1000
299 737 359 1000
359 737 427 1000
0 0 846 34
818 34 846 1000
0 663 427 737
846 0 891 1000
0 450 427 663
427 450 617 1000
891 0 1000 1000
0 261 617 450
0 43 617 261
617 43 818 1000
0 34 818 43
0 713 216 1000
818 34 846 1000
0 0 846 34
0 624 333 713
216 713 333 1000
0 511 333 624
533 511 611 1000
846 0 891 1000
333 511 428 1000
428 511 533 1000
611 511 818 1000
891 0 1000 1000
0 335 818 511
0 43 818 335
0 34 818 43
818 34 846 1000
0 0 846 34
0 662 232 1000
0 575 336 662
565 575 638 1000
232 662 336 1000
846 0 891 1000
336 575 443 1000
443 575 565 1000
0 472 638 575
0 324 638 472
891 0 1000 1000
638 324 818 1000
0 43 818 324
0 899 117 1000
949 53 960 1000
0 0 960 28
0 756 117 899
0 28 960 53
0 645 234 756
117 756 234 1000
960 0 1000 1000
234 645 457 1000
457 421 615 1000
615 421 782 1000
0 421 457 645
782 257 949 1000
0 257 782 421
0 53 949 257
949 53 960 1000
0 0 960 28
0 28 960 53
960 0 1000 1000
0 699 194 1000
194 699 391 1000
0 545 391 699
0 422 539 545
391 545 539 1000
0 196 685 297
539 422 685 1000
685 196 791 1000
0 297 685 422
791 196 949 1000
0 53 949 196
949 53 960 1000
0 28 960 53
0 0 960 28
0 802 220 1000
0 658 220 802
960 0 1000 1000
220 658 324 1000
324 658 435 1000
0 454 435 555
0 555 435 658
435 454 551 1000
551 454 699 1000
0 314 699 454
699 314 949 1000
0 53 949 314
0 631 47 1000
949 53 960 1000
0 28 960 53
0 0 960 28
47 631 109 1000
195 631 281 1000
109 631 195 1000
960 0 1000 1000
281 631 391 1000
0 521 391 631
0 348 391 521
578 348 743 1000
391 348 578 1000
743 348 949 1000
0 53 949 348
0 0 955 9
988 0 1000 1000
0 76 922 98
227 768 328 1000
0 768 227 1000
922 76 955 1000
955 0 988 1000
0 673 328 768
0 565 328 673
0 9 955 76
0 337 328 565
328 337 515 1000
515 337 724 1000
0 98 724 337
724 98 922 1000
0 741 82 1000
82 741 91 1000
0 0 955 9
0 664 91 741
0 76 922 98
988 0 1000 1000
955 0 988 1000
922 76 955 1000
0 500 332 664
0 9 955 76
91 664 332 1000
0 311 608 500
0 98 608 311
332 500 608 1000
608 98 922 1000
0 0 955 9
988 0 1000 1000
0 76 922 98
922 76 955 1000
955 0 988 1000
0 739 176 1000
176 739 334 1000
0 602 334 739
334 602 453 1000
0 477 453 602
453 477 566 1000
0 9 955 76
0 312 566 477
0 98 922 312
566 312 922 1000
0 0 955 9
988 0 1000 1000
0 76 922 98
0 739 261 1000
922 76 955 1000
955 0 988 1000
0 607 261 739
261 607 357 1000
0 471 357 607
0 9 955 76
0 305 568 471
357 471 568 1000
568 305 733 1000
733 305 922 1000
0 98 922 305
0 774 277 1000
0 733 277 774
0 661 277 733
378 661 456 1000
277 661 378 1000
0 582 456 661
456 582 552 1000
0 491 552 582
0 378 552 491
0 174 674 270
0 270 674 378
552 378 674 1000
674 174 826 1000
0 0 826 174
826 0 1000 1000
