920 120 929 1000
0 782 177 1000
177 782 289 1000
929 83 962 1000
0 684 289 782
0 608 380 684
289 684 380 1000
0 83 929 120
962 0 1000 1000
380 608 488 1000
0 500 488 608
488 500 595 1000
844 120 920 1000
728 378 844 1000
0 378 595 500
0 0 962 83
595 378 728 1000
0 120 844 228
0 228 844 378
0 929 196 1000
0 897 196 929
275 897 339 1000
920 120 929 1000
196 897 275 1000
819 329 844 1000
929 83 962 1000
0 83 929 120
962 0 1000 1000
0 754 339 897
339 571 470 1000
470 571 608 1000
0 571 339 754
844 120 920 1000
0 0 962 83
0 228 844 329
0 120 844 228
608 329 819 1000
0 329 608 571
573 610 590 1000
669 517 683 1000
920 120 929 1000
0 517 669 531
0 650 68 1000
0 228 844 253
0 610 573 650
929 83 962 1000
0 83 929 120
962 0 1000 1000
590 531 669 1000
68 650 200 1000
0 531 590 610
844 120 920 1000
0 0 962 83
0 120 844 228
683 253 844 1000
200 650 573 1000
0 253 683 517
210 936 229 1000
0 936 210 1000
229 936 272 1000
926 137 934 1000
0 123 934 137
0 108 934 123
0 88 934 108
0 57 934 88
272 712 415 1000
0 0 934 57
0 712 272 936
0 564 415 712
934 0 1000 1000
415 564 591 1000
0 430 591 564
591 430 740 1000
0 300 740 430
740 300 926 1000
0 137 926 300
0 902 124 1000
124 902 138 1000
0 875 138 902
926 137 934 1000
0 815 138 875
0 108 934 123
0 123 934 137
0 88 934 108
0 57 934 88
138 815 322 1000
0 0 934 57
0 639 322 815
322 639 481 1000
934 0 1000 1000
0 485 481 639
481 485 659 1000
0 315 659 485
0 137 659 315
659 137 926 1000
926 137 934 1000
0 108 934 123
0 123 934 137
0 88 934 108
0 780 123 1000
123 780 227 1000
0 57 934 88
227 780 387 1000
0 654 387 780
0 0 934 57
387 654 544 1000
934 0 1000 1000
0 531 544 654
0 407 544 531
544 407 662 1000
0 284 662 407
662 284 788 1000
788 284 926 1000
0 137 926 284
641 389 644 1000
0 613 16 792
0 792 16 1000
0 377 644 389
0 361 644 377
0 329 644 361
644 329 680 1000
0 241 680 284
0 284 680 329
0 190 680 241
16 613 144 1000
288 613 428 1000
144 613 288 1000
0 104 680 190
0 0 680 104
428 613 641 1000
680 0 797 1000
0 389 641 613
797 0 1000 1000
641 389 644 1000
0 377 644 389
0 361 644 377
0 329 644 361
644 329 680 1000
0 284 680 329
0 241 680 284
216 820 381 1000
0 820 216 1000
0 190 680 241
0 569 381 683
0 683 381 820
381 569 505 1000
0 104 680 190
0 0 680 104
505 389 641 1000
0 389 505 569
680 0 797 1000
797 0 1000 1000
641 389 644 1000
0 873 134 1000
0 377 644 389
0 816 134 873
0 361 644 377
0 329 644 361
134 816 246 1000
644 329 680 1000
0 284 680 329
0 241 680 284
0 190 680 241
445 816 641 1000
246 816 445 1000
0 104 680 190
0 0 680 104
680 0 797 1000
0 622 641 816
0 389 641 622
797 0 1000 1000
0 214 852 221
0 205 852 214
852 205 865 1000
0 192 865 205
0 794 174 878
174 794 253 1000
0 878 174 1000
0 723 253 794
253 723 321 1000
0 161 865 192
0 123 865 161
865 123 916 1000
0 72 916 123
0 0 916 72
0 512 321 723
916 0 1000 1000
321 512 561 1000
561 512 852 1000
0 221 852 512
0 214 852 221
0 192 865 205
0 205 852 214
852 205 865 1000
0 161 865 192
0 123 865 161
0 72 916 123
865 123 916 1000
0 695 190 1000
0 431 529 536
190 695 393 1000
0 536 393 695
393 536 529 1000
0 0 916 72
0 221 648 324
529 431 648 1000
0 324 648 431
916 0 1000 1000
648 221 852 1000
0 214 852 221
0 205 852 214
0 192 865 205
852 205 865 1000
157 890 262 1000
0 890 157 1000
0 161 865 192
0 785 262 890
262 785 392 1000
0 123 865 161
865 123 916 1000
0 72 916 123
0 657 392 785
0 0 916 72
916 0 1000 1000
0 441 392 657
392 441 566 1000
0 221 566 441
566 221 852 1000
0 760 125 1000
0 67 719 76
0 57 719 67
0 704 214 760
125 760 214 1000
0 628 298 704
0 545 298 628
214 704 298 1000
0 0 719 57
298 545 405 1000
719 0 772 1000
405 545 555 1000
772 0 844 1000
844 0 919 1000
919 0 1000 1000
0 393 555 545
555 393 719 1000
0 235 719 393
0 76 719 235
0 973 124 1000
0 57 719 67
0 67 719 76
0 834 124 973
124 834 320 1000
0 721 320 834
0 607 320 721
0 0 719 57
0 465 320 607
719 0 772 1000
320 465 434 1000
0 351 578 465
772 0 844 1000
844 0 919 1000
434 465 578 1000
919 0 1000 1000
0 200 578 351
0 76 719 200
578 200 719 1000
0 67 719 76
0 57 719 67
0 826 214 1000
214 753 270 1000
0 753 214 826
0 680 270 753
270 680 361 1000
0 0 719 57
361 558 457 1000
0 558 361 680
0 461 457 558
719 0 772 1000
772 0 844 1000
457 461 590 1000
844 0 919 1000
919 0 1000 1000
0 311 590 461
590 311 719 1000
0 76 719 311
0 894 144 1000
0 74 855 88
0 779 144 894
0 45 884 74
855 74 884 1000
0 514 269 614
144 779 269 1000
0 0 884 45
0 614 269 779
884 0 933 1000
479 514 579 1000
269 514 369 1000
369 514 479 1000
0 410 579 514
933 0 1000 1000
579 410 725 1000
725 259 855 1000
0 259 725 410
0 88 855 259
0 945 84 1000
84 945 165 1000
0 900 165 945
0 738 165 787
0 74 855 88
0 674 237 738
0 787 165 900
165 738 237 1000
0 45 884 74
855 74 884 1000
0 0 884 45
237 674 348 1000
0 564 348 674
884 0 933 1000
933 0 1000 1000
348 564 536 1000
0 377 536 564
536 377 855 1000
0 88 855 377
0 801 84 1000
0 74 855 88
0 45 884 74
855 74 884 1000
0 592 348 669
249 669 348 1000
84 801 249 1000
0 669 249 801
0 0 884 45
884 0 933 1000
0 477 493 592
348 592 493 1000
0 375 616 477
493 477 616 1000
933 0 1000 1000
616 375 733 1000
0 274 733 375
733 274 855 1000
0 88 855 274
779 237 786 1000
0 225 786 237
0 208 786 225
0 659 103 793
0 793 103 1000
786 208 813 1000
0 174 813 208
0 135 813 174
813 135 854 1000
0 72 854 135
854 72 916 1000
272 659 439 1000
103 659 272 1000
439 503 562 1000
0 0 916 72
0 503 439 659
916 0 1000 1000
0 237 562 503
562 237 779 1000
779 237 786 1000
0 844 138 1000
0 225 786 237
138 844 205 1000
0 208 786 225
0 771 205 844
786 208 813 1000
0 664 205 771
0 174 813 208
0 135 813 174
813 135 854 1000
0 72 854 135
854 72 916 1000
0 0 916 72
0 489 432 664
205 664 432 1000
916 0 1000 1000
432 489 779 1000
0 237 779 489
779 237 786 1000
0 931 289 1000
0 225 786 237
0 208 786 225
786 208 813 1000
0 174 813 208
0 135 813 174
813 135 854 1000
0 530 289 687
854 72 916 1000
0 72 854 135
0 0 916 72
0 687 289 931
0 376 468 530
916 0 1000 1000
289 530 468 1000
0 237 621 376
468 376 621 1000
621 237 779 1000
0 140 814 143
0 132 814 140
0 121 814 132
814 121 829 1000
0 104 829 121
0 728 82 1000
82 728 142 1000
829 104 859 1000
0 66 859 104
859 66 898 1000
142 728 265 1000
265 728 439 1000
0 0 898 66
0 580 439 728
439 580 651 1000
898 0 1000 1000
651 368 814 1000
0 368 651 580
0 143 814 368
0 140 814 143
0 132 814 140
0 121 814 132
0 104 829 121
814 121 829 1000
0 771 140 1000
829 104 859 1000
0 66 859 104
859 66 898 1000
140 771 305 1000
0 642 305 771
305 642 450 1000
0 0 898 66
0 335 605 459
0 459 450 642
450 459 605 1000
898 0 1000 1000
605 335 814 1000
0 143 814 335
0 140 814 143
0 132 814 140
0 121 814 132
814 121 829 1000
0 104 829 121
829 104 859 1000
208 752 310 1000
104 752 208 1000
0 752 104 1000
0 663 310 752
0 572 310 663
0 66 859 104
859 66 898 1000
0 0 898 66
0 366 310 572
898 0 1000 1000
310 366 558 1000
558 366 814 1000
0 143 814 366
0 39 803 48
0 26 803 39
0 854 283 1000
0 0 803 26
803 0 825 1000
0 745 283 854
283 745 416 1000
825 0 868 1000
416 636 534 1000
0 636 416 745
868 0 924 1000
0 522 534 636
534 522 668 1000
0 425 668 522
0 227 668 325
0 325 668 425
924 0 1000 1000
668 227 803 1000
0 48 803 227
0 919 186 1000
0 39 803 48
0 26 803 39
0 0 803 26
803 0 825 1000
0 802 186 919
0 666 186 802
186 666 297 1000
825 0 868 1000
868 0 924 1000
297 666 463 1000
463 540 588 1000
0 540 463 666
698 394 803 1000
588 394 698 1000
924 0 1000 1000
0 394 588 540
0 229 803 394
0 48 803 229
0 39 803 48
0 26 803 39
126 836 212 1000
0 0 803 26
0 836 126 1000
803 0 825 1000
0 723 212 836
314 723 408 1000
212 723 314 1000
408 723 511 1000
825 0 868 1000
868 0 924 1000
924 0 1000 1000
0 577 511 723
661 414 803 1000
0 414 511 577
511 414 661 1000
0 285 803 414
0 48 803 285
0 935 174 1000
854 97 863 1000
0 872 174 935
174 872 261 1000
863 55 888 1000
0 79 863 97
0 55 863 79
888 55 918 1000
0 0 918 55
0 668 261 872
261 668 424 1000
0 537 424 668
0 400 424 537
918 0 1000 1000
0 253 577 400
424 400 577 1000
577 253 705 1000
0 97 705 253
705 97 854 1000
854 97 863 1000
0 79 863 97
0 55 863 79
863 55 888 1000
0 706 142 1000
251 706 340 1000
888 55 918 1000
142 706 251 1000
0 593 340 706
0 479 340 593
0 0 918 55
0 377 574 479
340 479 453 1000
453 479 574 1000
574 377 691 1000
918 0 1000 1000
0 230 691 377
0 97 854 230
691 230 854 1000
0 872 67 1000
0 841 97 872
67 872 97 1000
854 97 863 1000
0 79 863 97
0 55 863 79
863 55 888 1000
888 55 918 1000
97 841 285 1000
0 722 285 841
0 588 285 722
285 588 380 1000
380 588 477 1000
0 495 477 588
0 0 918 55
0 399 477 495
918 0 1000 1000
0 97 477 399
477 97 854 1000
0 916 155 1000
0 857 155 916
761 80 774 1000
0 62 870 80
0 752 155 857
870 22 888 1000
0 0 956 22
0 672 274 752
0 80 761 115
728 115 761 1000
155 752 274 1000
0 22 870 62
956 0 1000 1000
888 22 956 1000
774 80 870 1000
0 115 456 310
0 310 274 672
274 310 456 1000
456 115 728 1000
559 213 569 1000
0 200 673 213
761 80 774 1000
0 62 870 80
870 22 888 1000
0 0 956 22
0 80 761 115
728 115 761 1000
506 404 559 1000
0 22 870 62
956 0 1000 1000
673 200 728 1000
0 115 728 200
888 22 956 1000
569 213 673 1000
774 80 870 1000
0 213 559 404
0 404 198 1000
198 404 506 1000
0 815 134 1000
134 815 149 1000
0 783 149 815
761 80 774 1000
0 62 870 80
870 22 888 1000
0 0 956 22
0 80 761 115
728 115 761 1000
0 22 870 62
149 783 328 1000
956 0 1000 1000
888 22 956 1000
0 570 328 783
328 570 498 1000
774 80 870 1000
0 115 498 312
0 312 498 570
498 115 728 1000
901 151 903 1000
0 143 903 151
903 143 912 1000
0 909 209 1000
0 115 912 143
0 82 912 115
0 47 912 82
0 743 209 909
209 743 353 1000
0 0 912 47
0 603 353 743
353 603 494 1000
494 463 601 1000
0 463 494 603
601 463 743 1000
912 0 1000 1000
743 305 901 1000
0 305 743 463
0 151 901 305
901 151 903 1000
903 143 912 1000
0 959 113 1000
0 143 903 151
113 825 199 1000
0 825 113 959
199 825 307 1000
0 115 912 143
0 82 912 115
0 47 912 82
0 0 912 47
0 684 307 825
0 535 307 684
307 535 487 1000
912 0 1000 1000
0 353 487 535
487 353 706 1000
0 151 706 353
706 151 901 1000
901 151 903 1000
0 954 147 1000
903 143 912 1000
0 143 903 151
0 884 147 954
0 809 147 884
147 809 250 1000
250 723 326 1000
0 723 250 809
0 115 912 143
0 47 912 82
0 82 912 115
0 0 912 47
0 541 326 723
0 348 326 541
0 151 326 348
912 0 1000 1000
326 151 527 1000
527 151 901 1000
0 699 34 712
690 224 698 1000
0 712 34 1000
698 224 720 1000
0 194 720 224
0 158 720 194
0 524 189 699
720 158 771 1000
34 699 189 1000
771 158 831 1000
0 83 831 158
0 0 831 83
0 385 546 524
189 524 350 1000
831 0 912 1000
912 0 1000 1000
0 224 546 385
350 524 546 1000
546 224 690 1000
0 921 350 1000
350 921 388 1000
690 224 698 1000
698 224 720 1000
0 194 720 224
0 158 720 194
720 158 771 1000
771 158 831 1000
0 486 388 629
0 778 388 921
0 629 388 778
0 83 831 158
0 0 831 83
0 224 539 355
0 355 539 486
388 486 539 1000
831 0 912 1000
912 0 1000 1000
539 224 690 1000
690 224 698 1000
698 224 720 1000
0 874 249 1000
0 194 720 224
0 661 249 761
0 158 720 194
0 761 249 874
249 661 340 1000
0 569 340 661
720 158 771 1000
771 158 831 1000
340 569 462 1000
0 83 831 158
0 0 831 83
831 0 912 1000
0 392 462 569
912 0 1000 1000
0 224 690 392
462 392 690 1000
0 969 242 1000
814 259 819 1000
242 969 281 1000
819 259 827 1000
0 250 827 259
827 250 845 1000
845 250 865 1000
0 216 865 250
0 178 865 216
0 803 281 969
0 632 281 803
0 456 281 632
0 0 865 85
0 85 865 178
281 456 435 1000
0 259 435 456
865 0 1000 1000
435 259 623 1000
623 259 814 1000
814 259 819 1000
819 259 827 1000
0 250 827 259
845 250 865 1000
827 250 845 1000
0 835 144 1000
0 739 144 835
144 739 205 1000
205 739 271 1000
0 216 865 250
271 739 366 1000
0 178 865 216
366 739 501 1000
0 602 501 739
0 0 865 85
0 85 865 178
865 0 1000 1000
0 259 501 602
501 259 814 1000
814 259 819 1000
819 259 827 1000
0 250 827 259
845 250 865 1000
827 250 845 1000
0 216 865 250
0 178 865 216
0 764 159 1000
0 642 334 764
159 764 334 1000
334 642 465 1000
0 538 465 642
0 420 465 538
0 0 865 85
0 85 865 178
0 259 646 420
465 420 646 1000
646 259 814 1000
865 0 1000 1000
0 180 787 182
0 168 787 174
0 174 787 180
0 155 787 168
0 140 787 155
0 910 197 1000
197 825 289 1000
0 825 197 910
787 140 810 1000
810 140 850 1000
0 682 289 825
850 140 915 1000
0 71 915 140
0 0 915 71
289 682 496 1000
915 0 1000 1000
0 401 496 682
0 182 787 401
496 401 787 1000
0 180 787 182
0 862 15 1000
0 168 787 174
0 174 787 180
0 140 787 155
0 155 787 168
787 140 810 1000
205 862 392 1000
15 862 205 1000
810 140 850 1000
850 140 915 1000
0 0 915 71
0 71 915 140
0 428 392 627
915 0 1000 1000
0 627 392 862
392 428 567 1000
567 428 787 1000
0 182 787 428
