0 0 990 1
0 213 825 216
654 369 657 1000
990 0 1000 1000
0 96 873 107
0 654 338 1000
0 359 685 369
909 69 914 1000
958 53 965 1000
982 1 990 1000
868 141 873 1000
783 299 789 1000
789 216 798 1000
0 53 958 60
0 311 727 327
0 299 753 311
951 60 958 1000
0 60 914 69
0 327 704 340
0 201 825 213
856 155 868 1000
685 359 704 1000
0 141 868 155
753 299 783 1000
0 22 965 53
727 311 753 1000
0 340 704 359
704 327 727 1000
965 1 982 1000
873 96 909 1000
0 609 338 654
657 369 685 1000
0 216 789 248
0 1 965 22
798 216 825 1000
0 107 873 141
338 609 391 1000
825 201 856 1000
0 69 909 96
0 155 856 201
517 369 563 1000
914 60 951 1000
0 369 517 438
0 524 391 609
0 438 391 524
0 248 789 299
563 369 654 1000
391 438 517 1000
0 0 990 1
0 213 825 216
0 96 873 107
654 369 657 1000
0 359 685 369
909 69 914 1000
958 53 965 1000
868 141 873 1000
982 1 990 1000
990 0 1000 1000
783 299 789 1000
0 783 176 1000
0 53 958 60
789 216 798 1000
951 60 958 1000
0 299 753 311
0 311 727 327
0 60 914 69
176 783 213 1000
856 155 868 1000
0 327 704 340
0 201 825 213
0 141 868 155
685 359 704 1000
0 340 704 359
704 327 727 1000
965 1 982 1000
727 311 753 1000
753 299 783 1000
0 22 965 53
657 369 685 1000
0 107 873 141
0 216 789 248
0 1 965 22
798 216 825 1000
825 201 856 1000
0 69 909 96
0 155 856 201
873 96 909 1000
517 369 563 1000
213 783 336 1000
0 369 517 438
914 60 951 1000
0 248 789 299
563 369 654 1000
0 592 336 783
336 592 517 1000
0 438 517 592
0 96 873 107
0 0 990 1
654 369 657 1000
0 213 825 216
0 359 685 369
958 53 965 1000
909 69 914 1000
982 1 990 1000
990 0 1000 1000
0 604 403 1000
868 141 873 1000
783 299 789 1000
0 593 403 604
789 216 798 1000
0 311 727 327
0 53 958 60
951 60 958 1000
0 60 914 69
0 299 753 311
0 573 403 593
0 327 704 340
856 155 868 1000
0 22 965 53
0 201 825 213
873 96 909 1000
0 548 403 573
685 359 704 1000
753 299 783 1000
0 141 868 155
0 340 704 359
704 327 727 1000
965 1 982 1000
657 369 685 1000
727 311 753 1000
798 216 825 1000
0 1 965 22
825 201 856 1000
0 69 909 96
0 216 789 248
517 369 563 1000
0 369 517 438
0 107 873 141
914 60 951 1000
0 248 789 299
0 155 856 201
563 369 654 1000
0 438 403 548
403 438 517 1000
0 96 873 107
0 0 990 1
0 213 825 216
0 877 74 1000
654 369 657 1000
990 0 1000 1000
982 1 990 1000
0 359 685 369
958 53 965 1000
868 141 873 1000
783 299 789 1000
909 69 914 1000
789 216 798 1000
0 53 958 60
951 60 958 1000
0 60 914 69
0 327 704 340
856 155 868 1000
0 299 753 311
0 311 727 327
0 201 825 213
685 359 704 1000
753 299 783 1000
0 141 868 155
0 22 965 53
0 340 704 359
704 327 727 1000
657 369 685 1000
965 1 982 1000
727 311 753 1000
0 216 789 248
0 107 873 141
0 1 965 22
798 216 825 1000
873 96 909 1000
825 201 856 1000
0 589 74 877
0 155 856 201
0 69 909 96
517 369 563 1000
0 369 517 438
914 60 951 1000
0 248 789 299
563 369 654 1000
74 589 214 1000
374 589 517 1000
214 589 374 1000
0 438 517 589
0 96 873 107
0 0 990 1
0 213 825 216
654 369 657 1000
982 1 990 1000
0 359 685 369
783 299 789 1000
868 141 873 1000
909 69 914 1000
958 53 965 1000
0 53 958 60
789 216 798 1000
951 60 958 1000
0 299 753 311
0 60 914 69
0 327 704 340
0 201 825 213
856 155 868 1000
0 311 727 327
990 0 1000 1000
685 359 704 1000
0 141 868 155
0 340 704 359
727 311 753 1000
704 327 727 1000
965 1 982 1000
753 299 783 1000
657 369 685 1000
798 216 825 1000
0 1 965 22
825 201 856 1000
0 69 909 96
0 216 789 248
0 107 873 141
517 369 563 1000
0 369 517 438
0 155 856 201
0 22 965 53
914 60 951 1000
873 96 909 1000
459 438 517 1000
0 248 789 299
0 694 137 1000
563 369 654 1000
137 694 294 1000
294 694 459 1000
0 438 459 559
0 559 459 694
0 0 990 1
654 369 657 1000
0 213 825 216
868 141 873 1000
783 299 789 1000
909 69 914 1000
958 53 965 1000
0 359 685 369
789 216 798 1000
982 1 990 1000
990 0 1000 1000
0 53 958 60
0 311 727 327
0 96 873 107
0 299 753 311
951 60 958 1000
0 756 239 1000
0 60 914 69
856 155 868 1000
0 327 704 340
0 201 825 213
685 359 704 1000
0 22 965 53
873 96 909 1000
0 141 868 155
0 340 704 359
704 327 727 1000
965 1 982 1000
727 311 753 1000
657 369 685 1000
753 299 783 1000
0 107 873 141
0 216 789 248
0 677 239 756
0 1 965 22
798 216 825 1000
0 69 909 96
825 201 856 1000
517 369 563 1000
0 369 517 438
914 60 951 1000
0 248 789 299
0 155 856 201
239 677 364 1000
563 369 654 1000
364 677 517 1000
0 567 517 677
0 438 517 567
0 823 240 1000
0 0 990 1
654 369 657 1000
0 213 825 216
0 359 685 369
982 1 990 1000
868 141 873 1000
909 69 914 1000
783 299 789 1000
958 53 965 1000
990 0 1000 1000
0 96 873 107
789 216 798 1000
0 311 727 327
0 53 958 60
951 60 958 1000
0 60 914 69
0 299 753 311
0 327 704 340
0 201 825 213
856 155 868 1000
0 141 868 155
685 359 704 1000
0 340 704 359
704 327 727 1000
657 369 685 1000
965 1 982 1000
727 311 753 1000
0 1 965 22
798 216 825 1000
0 216 789 248
753 299 783 1000
0 69 909 96
825 201 856 1000
0 107 873 141
0 155 856 201
517 369 563 1000
0 22 965 53
0 369 517 438
914 60 951 1000
873 96 909 1000
0 248 789 299
563 369 654 1000
0 650 240 823
0 545 396 650
240 650 396 1000
396 545 517 1000
0 438 517 545
0 0 990 1
0 213 825 216
0 96 873 107
0 541 292 1000
654 369 657 1000
990 0 1000 1000
909 69 914 1000
958 53 965 1000
868 141 873 1000
783 299 789 1000
0 359 685 369
789 216 798 1000
0 53 958 60
982 1 990 1000
951 60 958 1000
0 299 753 311
0 60 914 69
0 311 727 327
0 513 292 541
0 327 704 340
856 155 868 1000
873 96 909 1000
0 22 965 53
0 201 825 213
685 359 704 1000
753 299 783 1000
0 141 868 155
727 311 753 1000
0 340 704 359
704 327 727 1000
965 1 982 1000
657 369 685 1000
0 1 965 22
798 216 825 1000
825 201 856 1000
0 69 909 96
0 216 789 248
517 369 563 1000
0 369 517 438
0 107 873 141
914 60 951 1000
0 248 789 299
0 155 856 201
292 513 366 1000
366 513 441 1000
441 513 517 1000
0 438 517 513
563 369 654 1000
0 694 263 1000
0 96 873 107
0 0 990 1
0 213 825 216
263 694 266 1000
654 369 657 1000
990 0 1000 1000
0 359 685 369
982 1 990 1000
868 141 873 1000
909 69 914 1000
958 53 965 1000
783 299 789 1000
951 60 958 1000
0 53 958 60
789 216 798 1000
0 60 914 69
0 299 753 311
0 327 704 340
0 201 825 213
856 155 868 1000
0 311 727 327
685 359 704 1000
0 141 868 155
727 311 753 1000
0 340 704 359
704 327 727 1000
657 369 685 1000
965 1 982 1000
753 299 783 1000
0 107 873 141
0 1 965 22
798 216 825 1000
0 216 789 248
0 22 965 53
825 201 856 1000
873 96 909 1000
0 69 909 96
517 369 563 1000
914 60 951 1000
0 248 789 299
0 369 517 438
0 155 856 201
266 694 391 1000
563 369 654 1000
0 567 391 694
391 567 517 1000
0 438 517 567
0 0 990 1
654 369 657 1000
0 213 825 216
909 69 914 1000
868 141 873 1000
783 299 789 1000
0 53 958 60
789 216 798 1000
0 299 753 311
951 60 958 1000
958 53 965 1000
0 359 685 369
0 60 914 69
982 1 990 1000
856 155 868 1000
0 311 727 327
0 327 704 340
0 201 825 213
990 0 1000 1000
0 96 873 107
0 22 965 53
0 141 868 155
685 359 704 1000
753 299 783 1000
873 96 909 1000
0 340 704 359
704 327 727 1000
965 1 982 1000
727 311 753 1000
657 369 685 1000
0 107 873 141
0 216 789 248
0 1 965 22
798 216 825 1000
0 69 909 96
825 201 856 1000
517 369 563 1000
914 60 951 1000
0 369 517 438
0 248 789 299
0 155 856 201
0 848 283 1000
283 689 409 1000
563 369 654 1000
0 689 283 848
409 556 517 1000
0 556 409 689
0 438 517 556
0 0 990 1
0 213 825 216
654 369 657 1000
783 299 789 1000
868 141 873 1000
909 69 914 1000
789 216 798 1000
958 53 965 1000
0 359 685 369
982 1 990 1000
0 53 958 60
0 299 753 311
0 311 727 327
951 60 958 1000
990 0 1000 1000
0 60 914 69
0 96 873 107
0 597 367 1000
367 597 386 1000
386 597 406 1000
0 327 704 340
0 201 825 213
856 155 868 1000
0 22 965 53
873 96 909 1000
685 359 704 1000
0 141 868 155
0 340 704 359
704 327 727 1000
657 369 685 1000
965 1 982 1000
727 311 753 1000
753 299 783 1000
0 107 873 141
0 216 789 248
0 551 406 597
0 1 965 22
798 216 825 1000
825 201 856 1000
0 69 909 96
517 369 563 1000
914 60 951 1000
0 248 789 299
0 369 517 438
0 155 856 201
563 369 654 1000
406 551 517 1000
0 438 517 551
0 0 990 1
0 213 825 216
0 96 873 107
654 369 657 1000
990 0 1000 1000
868 141 873 1000
909 69 914 1000
958 53 965 1000
783 299 789 1000
0 359 685 369
982 1 990 1000
0 53 958 60
789 216 798 1000
951 60 958 1000
0 60 914 69
0 299 753 311
0 327 704 340
856 155 868 1000
0 201 825 213
685 359 704 1000
0 141 868 155
0 311 727 327
753 299 783 1000
727 311 753 1000
0 340 704 359
965 1 982 1000
704 327 727 1000
657 369 685 1000
0 216 789 248
0 107 873 141
798 216 825 1000
0 1 965 22
0 69 909 96
825 201 856 1000
0 155 856 201
0 22 965 53
873 96 909 1000
517 369 563 1000
0 369 517 438
0 669 143 1000
914 60 951 1000
0 248 789 299
143 669 262 1000
563 369 654 1000
0 438 406 551
262 669 406 1000
0 551 406 669
406 438 517 1000
769 301 790 1000
464 522 495 1000
743 326 745 1000
766 301 769 1000
438 522 464 1000
897 162 899 1000
0 187 848 201
0 146 899 156
0 156 899 162
745 301 750 1000
417 546 427 1000
884 177 890 1000
427 546 438 1000
890 177 897 1000
0 467 620 476
912 146 920 1000
992 0 1000 1000
790 236 801 1000
0 177 884 187
0 522 438 546
750 301 766 1000
899 146 912 1000
980 0 992 1000
0 162 897 177
620 467 649 1000
649 417 679 1000
0 236 790 258
826 201 848 1000
0 301 745 326
801 236 826 1000
0 52 980 73
0 476 495 522
848 187 884 1000
0 417 649 467
0 201 826 236
555 476 620 1000
0 258 790 301
0 73 920 112
0 326 743 368
0 112 920 146
495 476 555 1000
0 368 679 417
0 733 195 1000
0 546 195 733
0 0 980 52
679 368 743 1000
920 73 980 1000
195 546 417 1000
743 326 745 1000
897 162 899 1000
766 301 769 1000
0 156 899 162
0 146 899 156
0 187 848 201
427 546 438 1000
745 301 750 1000
438 522 464 1000
464 522 495 1000
890 177 897 1000
417 546 427 1000
884 177 890 1000
0 467 620 476
912 146 920 1000
0 177 884 187
769 301 790 1000
495 476 555 1000
992 0 1000 1000
790 236 801 1000
0 368 679 417
0 522 438 546
750 301 766 1000
980 0 992 1000
899 146 912 1000
0 112 920 146
0 162 897 177
0 326 743 368
0 723 208 1000
801 236 826 1000
0 301 745 326
649 417 679 1000
620 467 649 1000
826 201 848 1000
0 236 790 258
0 52 980 73
0 476 495 522
0 201 826 236
848 187 884 1000
555 476 620 1000
0 417 649 467
0 258 790 301
0 73 920 112
0 0 980 52
679 368 743 1000
920 73 980 1000
208 723 417 1000
0 546 417 723
416 878 417 1000
0 878 416 1000
766 301 769 1000
743 326 745 1000
438 522 464 1000
897 162 899 1000
0 156 899 162
745 301 750 1000
417 546 427 1000
427 546 438 1000
884 177 890 1000
890 177 897 1000
0 146 899 156
0 467 620 476
912 146 920 1000
0 187 848 201
464 522 495 1000
992 0 1000 1000
790 236 801 1000
0 177 884 187
769 301 790 1000
495 476 555 1000
0 522 438 546
750 301 766 1000
0 368 679 417
0 112 920 146
899 146 912 1000
980 0 992 1000
0 326 743 368
0 162 897 177
649 417 679 1000
0 301 745 326
620 467 649 1000
801 236 826 1000
826 201 848 1000
0 236 790 258
0 73 920 112
0 258 790 301
0 52 980 73
0 417 649 467
0 476 495 522
848 187 884 1000
0 201 826 236
555 476 620 1000
679 368 743 1000
0 0 980 52
920 73 980 1000
0 546 417 878
0 368 679 417
495 476 555 1000
743 326 745 1000
766 301 769 1000
897 162 899 1000
438 522 464 1000
0 146 899 156
0 156 899 162
0 187 848 201
464 522 495 1000
769 301 790 1000
427 546 438 1000
745 301 750 1000
417 546 427 1000
884 177 890 1000
0 467 620 476
890 177 897 1000
912 146 920 1000
0 177 884 187
992 0 1000 1000
790 236 801 1000
0 522 438 546
750 301 766 1000
980 0 992 1000
899 146 912 1000
0 162 897 177
620 467 649 1000
0 236 790 258
826 201 848 1000
649 417 679 1000
0 301 745 326
801 236 826 1000
0 326 743 368
0 52 980 73
0 258 790 301
0 417 649 467
0 73 920 112
0 112 920 146
0 476 495 522
848 187 884 1000
0 201 826 236
555 476 620 1000
679 368 743 1000
920 73 980 1000
0 0 980 52
230 695 417 1000
0 695 230 1000
0 546 417 695
766 301 769 1000
743 326 745 1000
897 162 899 1000
745 301 750 1000
417 546 427 1000
884 177 890 1000
427 546 438 1000
0 467 620 476
890 177 897 1000
0 156 899 162
912 146 920 1000
992 0 1000 1000
790 236 801 1000
0 177 884 187
0 146 899 156
0 522 438 546
899 146 912 1000
750 301 766 1000
980 0 992 1000
0 187 848 201
438 522 464 1000
0 162 897 177
649 417 679 1000
0 301 745 326
801 236 826 1000
464 522 495 1000
620 467 649 1000
769 301 790 1000
0 326 743 368
0 112 920 146
826 201 848 1000
495 476 555 1000
0 236 790 258
0 52 980 73
0 258 790 301
0 73 920 112
0 368 679 417
0 476 495 522
848 187 884 1000
0 417 649 467
0 826 417 1000
0 766 417 826
0 201 826 236
555 476 620 1000
679 368 743 1000
920 73 980 1000
0 0 980 52
0 546 417 766
