0 153 36 1000
0 0 331 153
835 0 1000 1000
36 153 331 1000
331 0 835 1000
612 353 835 1000
835 0 1000 1000
0 674 612 1000
0 353 612 674
0 0 835 353
451 0 477 1000
0 811 451 1000
0 466 451 811
0 0 451 466
477 0 1000 1000
451 0 477 1000
0 328 186 1000
0 0 451 328
186 328 451 1000
477 0 1000 1000
0 917 754 1000
0 301 754 399
0 0 754 301
754 0 1000 1000
0 399 754 917
0 966 754 1000
0 301 754 399
0 0 754 301
754 0 1000 1000
0 399 754 966
314 804 498 1000
0 804 314 1000
0 0 498 338
0 338 498 804
498 0 1000 1000
528 935 581 1000
0 935 528 1000
0 473 581 935
0 0 581 473
581 0 1000 1000
0 802 98 1000
0 0 98 65
933 0 1000 1000
0 65 98 802
98 0 933 1000
933 0 1000 1000
0 753 604 1000
0 389 604 753
0 0 604 389
604 0 933 1000
0 466 151 1000
151 466 302 1000
302 466 537 1000
0 0 537 466
537 0 1000 1000
0 832 258 1000
258 832 432 1000
0 0 432 401
0 401 432 832
432 0 1000 1000
450 886 663 1000
0 886 450 1000
0 0 663 180
663 0 1000 1000
0 180 663 886
0 0 663 180
0 180 372 547
0 547 372 1000
372 180 663 1000
663 0 1000 1000
945 0 1000 1000
0 535 176 1000
176 535 403 1000
0 0 403 535
403 0 945 1000
0 966 469 1000
945 0 1000 1000
0 631 469 966
0 0 469 631
469 0 945 1000
0 114 77 344
0 344 77 1000
0 0 332 114
77 114 332 1000
332 0 1000 1000
0 599 305 1000
305 599 565 1000
0 357 565 599
0 0 565 357
565 0 1000 1000
986 0 1000 1000
0 627 87 1000
87 627 444 1000
0 0 444 627
444 0 986 1000
986 0 1000 1000
0 708 316 1000
0 0 316 347
0 347 316 708
316 0 986 1000
0 91 236 165
0 0 236 91
0 165 236 1000
798 0 1000 1000
236 0 798 1000
0 145 68 1000
0 0 406 145
798 0 1000 1000
68 145 406 1000
406 0 798 1000
990 0 1000 1000
0 857 520 1000
0 423 520 857
520 423 990 1000
0 0 990 423
990 0 1000 1000
0 567 83 1000
83 567 541 1000
0 0 541 567
541 0 990 1000
0 480 27 1000
27 480 213 1000
213 480 490 1000
0 0 490 480
490 0 1000 1000
0 581 282 1000
282 581 544 1000
0 297 544 581
0 0 544 297
544 0 1000 1000
939 0 1000 1000
0 723 373 1000
0 449 373 723
0 0 373 449
373 0 939 1000
0 958 458 1000
939 0 1000 1000
0 0 458 421
0 421 458 958
458 0 939 1000
609 904 811 1000
0 904 609 1000
0 0 811 207
811 0 1000 1000
0 207 811 904
0 551 281 1000
0 0 811 207
811 0 1000 1000
281 551 811 1000
0 207 811 551
0 453 34 1000
981 0 1000 1000
34 453 178 1000
178 453 981 1000
0 0 981 453
981 0 1000 1000
0 806 574 1000
0 0 574 203
0 203 574 806
574 0 981 1000
0 924 445 1000
445 533 583 1000
0 533 445 924
0 0 583 533
583 0 1000 1000
0 875 445 1000
445 533 583 1000
0 533 445 875
0 0 583 533
583 0 1000 1000
0 0 244 175
0 175 244 376
881 0 1000 1000
0 376 244 1000
244 0 881 1000
0 724 416 1000
881 0 1000 1000
0 355 416 724
416 355 881 1000
0 0 881 355
0 0 365 8
365 0 406 1000
0 8 365 306
0 306 365 1000
406 0 1000 1000
0 0 365 8
365 0 406 1000
0 8 365 196
0 196 365 1000
406 0 1000 1000
767 0 780 1000
0 538 77 1000
780 0 1000 1000
77 538 767 1000
0 0 767 538
0 849 161 1000
767 0 780 1000
161 849 767 1000
780 0 1000 1000
0 0 767 849
0 858 351 1000
0 359 351 858
764 0 1000 1000
351 359 764 1000
0 0 764 359
0 375 196 1000
196 375 442 1000
442 375 764 1000
764 0 1000 1000
0 0 764 375
0 939 262 1000
0 666 262 939
262 666 711 1000
711 0 1000 1000
0 0 711 666
0 758 291 1000
0 350 291 758
0 0 711 350
291 350 711 1000
711 0 1000 1000
