585 579 586 1000
0 74 871 76
0 448 674 450
0 45 939 48
0 238 731 243
731 238 736 1000
0 0 961 5
0 232 736 238
939 31 946 1000
946 22 953 1000
953 22 961 1000
0 22 946 31
0 31 939 45
892 48 907 1000
0 672 585 697
704 448 731 1000
0 5 961 22
644 450 674 1000
674 448 704 1000
736 191 757 1000
871 74 892 1000
0 697 174 809
0 48 892 74
907 48 939 1000
0 809 174 1000
0 191 736 232
586 450 644 1000
0 76 871 114
961 0 1000 1000
0 579 585 672
0 114 757 191
0 450 586 579
757 114 871 1000
174 697 585 1000
0 243 731 448
0 992 302 1000
302 843 303 1000
0 74 871 76
0 45 939 48
0 832 303 843
598 376 604 1000
0 0 961 5
939 31 946 1000
946 22 953 1000
0 267 690 277
953 22 961 1000
0 22 946 31
0 254 690 267
0 361 604 376
303 832 359 1000
0 376 598 394
892 48 907 1000
0 31 939 45
0 5 961 22
871 74 892 1000
0 48 892 74
604 361 641 1000
359 678 439 1000
907 48 939 1000
641 277 690 1000
961 0 1000 1000
690 254 746 1000
0 843 302 992
0 394 598 472
0 277 641 361
0 678 359 832
439 472 598 1000
0 472 439 678
746 76 871 1000
0 76 746 254
0 74 871 76
0 45 939 48
0 0 961 5
946 22 953 1000
939 31 946 1000
953 22 961 1000
0 22 946 31
0 857 162 1000
0 31 939 45
892 48 907 1000
0 769 162 857
0 708 243 769
660 154 678 1000
0 5 961 22
162 769 243 1000
871 74 892 1000
243 708 312 1000
0 542 312 609
0 48 892 74
0 118 678 154
0 471 379 542
0 399 379 471
907 48 939 1000
0 76 678 118
312 542 379 1000
0 609 312 708
961 0 1000 1000
820 76 871 1000
379 399 459 1000
756 76 820 1000
459 399 558 1000
558 399 660 1000
0 291 660 399
678 76 756 1000
0 154 660 291
0 74 871 76
0 45 939 48
0 842 131 1000
0 0 961 5
939 31 946 1000
0 798 131 842
946 22 953 1000
131 798 168 1000
953 22 961 1000
0 22 946 31
212 798 253 1000
168 798 212 1000
0 759 253 798
0 718 253 759
0 31 939 45
892 48 907 1000
0 5 961 22
871 74 892 1000
0 48 892 74
333 718 413 1000
253 718 333 1000
413 634 482 1000
907 48 939 1000
482 555 560 1000
0 634 413 718
961 0 1000 1000
0 555 482 634
0 482 560 555
0 300 560 377
0 377 560 482
560 300 649 1000
649 300 742 1000
0 199 742 300
0 76 742 199
742 76 871 1000
0 195 795 196
0 193 795 195
985 14 987 1000
940 101 943 1000
0 850 176 1000
0 187 795 193
943 36 950 1000
0 36 943 45
824 131 837 1000
987 0 1000 1000
0 773 176 850
0 0 987 14
238 773 300 1000
176 773 238 1000
300 773 364 1000
0 14 985 36
795 187 824 1000
0 704 364 773
0 634 364 704
0 561 364 634
0 101 940 131
837 131 874 1000
950 36 985 1000
364 561 441 1000
441 561 519 1000
0 492 519 561
0 131 824 187
519 492 612 1000
0 408 612 492
0 45 943 101
612 408 703 1000
874 131 940 1000
0 320 703 408
703 320 795 1000
0 196 795 320
0 195 795 196
0 628 321 629
0 193 795 195
590 420 592 1000
985 14 987 1000
940 101 943 1000
0 187 795 193
943 36 950 1000
0 36 943 45
824 131 837 1000
987 0 1000 1000
0 0 987 14
0 629 274 689
519 533 555 1000
274 629 321 1000
555 496 590 1000
0 689 274 754
0 496 555 533
717 247 745 1000
0 14 985 36
795 187 824 1000
0 101 940 131
837 131 874 1000
950 36 985 1000
0 196 745 247
745 196 795 1000
0 420 590 496
0 131 824 187
0 533 519 628
0 45 943 101
874 131 940 1000
0 754 274 1000
592 420 717 1000
321 628 519 1000
0 247 717 420
