15 3 0.13
19 0 1 0 3 1 1 1 2 1 3 1 4 2 1 2 2 2 3 3 2 4 2 4 3 5 0 5 1 5 2 5 3 5 4 6 1 7 1
18 0 1 0 2 0 3 1 0 1 1 1 2 1 4 2 1 2 2 2 3 2 4 3 0 3 1 3 2 3 3 4 1 4 3 5 1
17 0 1 1 1 2 1 2 2 3 1 3 2 3 3 4 1 4 2 4 3 4 4 5 2 6 0 6 1 6 2 7 2 8 2
1 10
5 9
2 2
0 0 0 0 0 0 0 0 0 0 0 0 0 0 0
0 0 0 0 0 0 0 0 0 0 0 1 0 1 0
0 0 0 1 0 0 0 0 0 0 0 1 1 1 1
0 0 0 1 0 0 0 0 0 0 0 1 1 1 0
0 0 0 1 1 0 0 0 0 0 0 0 1 0 0
0 0 0 1 1 1 0 0 0 0 1 1 2 1 0
0 0 0 1 1 1 1 0 0 1 2 2 1 2 1
0 0 0 0 1 0 0 0 0 0 1 2 1 1 0
0 0 1 1 1 0 0 0 0 1 1 2 1 0 0
0 0 0 0 1 0 0 0 0 0 1 0 1 0 0
0 0 0 0 1 0 0 0 0 0 1 0 0 0 0
0 0 0 0 0 0 0 0 0 0 0 0 0 0 0
0 0 0 0 0 0 0 0 0 0 0 0 0 0 0
0 0 0 0 0 0 0 0 0 0 0 0 0 0 0
0 0 0 0 0 0 0 0 0 0 0 0 0 0 0
-0.7427387197
-1.3175612785
0.6497033041
0.4873930718
-0.3050804153
-0.0751513953
-0.8623574820
-0.8751527358
0.0593149198
0.5441576733
0.6907715283
0.8893340280
-0.5077803532
-2.3258826958
1.4163891054
-0.2368953733
-0.6308716207
0.6807921515
1.4440895870
-1.1447213640
-0.3968575160
-0.3173422623
1.2329815335
0.2981455136
-1.0409946014
-0.0392186103
0.4002598558
-0.8593516602
0.0241310128
-0.8347505102
-0.4971345644
2.4824835540
0.4539829384
0.2988973846
-1.5348969087
0.9723281577
0.4273843658
-1.2789151934
0.6260402858
-2.4536939460
0.9130255101
-0.7414810469
-1.0816614994
0.7151730958
0.4710226318
0.5763526630
-0.9858632145
0.2449677448
-2.3643735105
-1.2062099342
-2.4103088461
1.7771301491
0.1009285649
1.5910078298
1.3156088025
-0.9555400833
-0.5259385981
-0.0115932961
-1.2980357864
1.5081740425
-0.8588885652
-0.4085806528
-1.2486297298
-0.6615456188
-0.2156125596
-2.0951358625
-1.5160759215
-0.9117809818
-0.5361609404
1.4003246571
1.3356062916
-0.6800017595
-1.0177732995
1.6745720437
-0.2275510391
0.1855231217
0.4316688014
0.4532675150
0.0367534026
1.7312859868
-0.4191895018
0.2060522318
0.6424009882
-0.6401264515
1.6215696950
2.0745595398
0.1691421715
0.8368419467
1.7723237727
0.5222835649
-1.0274310282
2.4060308428
-1.1730591734
0.1938381790
-0.2629539056
0.3382332146
0.0226233883
-0.2140368812
0.4268857735
-1.3734099549
1.3250060157
-0.7623443521
-0.3951569407
0.9140503303
-0.3767229228
-0.4759485060
-1.0921860090
-0.9615715354
0.3769366413
-1.5412460297
-0.6785356950
1.9258930527
1.1973440913
0.5194049885
-0.5609323124
0.1280005485
0.2379085836
-1.5518624700
0.9133149403
-1.2927372098
0.3229953084
-0.8952129312
0.2497048121
0.2475524458
0.4605025020
-1.3414701824
-1.1773464833
-1.3042122693
-0.3202861522
1.6129871436
0.7101150150
2.5937506248
-1.5598683763
0.7830824972
0.0923075667
-1.5700601840
0.0922566540
0.6947282307
0.4335765385
-0.9997752185
1.4303730082
-1.9616282036
0.1428830013
-1.5927720781
-1.3992819879
-1.3737899781
1.7122507971
-0.0034977723
-0.6040333265
-0.3244420491
-0.4924388435
-0.1598444505
-0.5846038586
-0.5744144899
0.0873871701
-0.6036252937
0.6856022769
1.1945619006
-1.6416068048
0.3738111237
-2.0542277975
0.0083743160
-0.7928326227
-0.8515992969
0.2176325241
1.0342319797
1.5188245382
-1.2691537844
-0.4156808492
0.2193275611
0.3521158775
-1.8084003052
0.9971285989
0.0538360380
-0.4565758041
-0.9685865027
-0.4379031604
0.9470800327
1.0529205010
-0.9390274838
1.3378882013
-1.6949011488
0.6017781635
0.0240145880
-0.9389944100
-0.7999541789
0.8621125998
0.0221007457
0.7963247464
-0.9296815068
-1.4912830655
-0.9704990117
-1.3089836707
1.1388563744
0.4087586159
0.8854693850
-1.5662368306
0.3341589451
0.1703882413
-0.0809427363
-0.1856848538
-0.8773346989
0.3649554422
0.2869937230
-0.9905661296
-0.9129374934
0.1512099931
-2.7164955667
-0.2410762057
1.7913082038
-1.7318384473
0.4070083171
1.3719565766
-1.6199129383
0.7280209972
-1.7083286148
-1.0215957852
-1.0832227266
-0.1708581951
0.0369134053
0.7633880863
0.1988700855
-0.2234995763
-0.0295678448
-1.0773096577
-1.0322646020
0.4864107530
-0.0757030294
0.1986268823
1.3753320507
2.3142593920
-1.5292916100
0.1468772878
-0.1462249226
2.1664254892
-0.9668291334
-0.4684953969
-0.1333858878
-1.1865892662
0.6843159680
0.1201687532
1.0929562380
1.0983460048
0.8222488621
-1.1745962847
-1.1910904834
-3.3544813356
-1.6760803742
-0.1433464147
0.8534963713
0.4477226194
0.1944125288
-0.6780614149
-0.8178541584
-0.1543881168
-0.1550194762
-1.6701775197
0.3527848472
0.9980759508
-1.7432934357
1.4539882365
0.6909723476
-2.5914968734
0.2313450851
0.4600570466
0.4893069413
1.7992002781
-0.1395049657
-1.9336802474
0.0476817548
-0.5020068817
0.1613038058
0.1882726856
2.2869455947
0.6659539611
-0.5998276349
-1.1442890071
0.0689927947
0.7995796233
1.8942621872
0.9005546944
-0.8633841496
-1.1863539149
0.8006185758
1.1060586897
0.5697039052
-0.2489767375
0.6345812156
-0.1051331599
0.7821544645
1.3834295648
0.7966405902
-0.8753006795
0.5095833781
1.4103854557
1.0133078479
0.3025115084
1.8454868850
0.2456746064
1.5550374329
0.4721832618
0.4191004441
-1.0819274255
0.1540593759
-0.4609748563
0.5791113001
-1.4216398225
-0.6843765872
0.0093438673
0.9882197571
0.1844970833
0.9332175784
0.1194257531
-0.4032884800
0.9020040220
0.1277249355
0.4342478523
1.7719173844
1.1033018069
-1.0802842287
0.3620813655
-0.1775614291
0.4064491102
-0.9381136034
-2.5707534658
0.9783498081
0.5894935845
-1.0041477153
-1.0576835797
-1.2394433685
-0.3943594306
1.3942608572
0.3190058661
-2.0213618001
1.7895554531
2.0269059882
0.1877041666
-0.4553856109
-0.8477359231
-0.6411306024
-1.2174039215
0.1891347354
-0.0704139367
0.5241843308
-0.0224395229
-0.5042696393
-1.3363986238
0.9715673521
-1.5066729489
-0.1253909165
0.2585310645
-0.4715850126
-0.2509186220
-0.7118329823
-1.2365557318
0.9389971280
1.4454073621
-2.0889201479
0.1515384072
-1.0557936470
-0.3428041343
-1.9264416853
-0.6361946110
-0.9726760695
0.6866282187
-0.2165856289
-0.2530444925
2.5389200400
-0.8795435274
-0.1759643718
-0.0923488323
0.7877361685
-0.3975506259
-0.6362932061
-1.0596959272
-0.4890670624
1.6874454985
-0.0848364497
-0.5190056423
-0.4311159445
-0.1302831735
1.4661706460
-0.5392524451
0.2068012593
-0.3693976843
1.3598857988
-0.9876474631
0.4772021341
1.4042063740
-0.8024109184
0.7061909000
-1.0325189925
-1.3666088885
-1.2064236151
1.4685806190
0.4648070962
-0.1663716809
1.1353974758
1.5175366601
-1.2623755011
0.6406281917
-1.9392949948
1.5298161859
-1.1353230382
-0.3284938823
0.5212573181
-0.1843796124
-0.2004592225
1.2272376586
-1.3803112325
1.2283037540
0.9476557442
-0.9024333924
1.5021504050
-0.4726269266
0.0230293323
0.5847313024
-0.7926167131
0.6471173368
0.3354790622
0.1262994452
-0.2986634796
-1.7668693988
0.2079351376
-0.0821181250
-0.6121423020
0.6925183718
-0.6609942513
1.0284491149
0.5787325208
-0.1065882807
0.4037428245
1.1916982232
-2.3423412132
0.2469155034
-1.3905323096
0.2752503604
0.2135221139
-0.4708822551
0.6148750054
-0.1707067651
-1.2983508226
0.7424247890
0.0924288493
-0.8188310668
0.1087119076
-1.0803590325
-0.8509050959
-0.3595320961
1.3812593909
