15 3 0.20
43 0 8 1 8 2 4 2 5 2 7 2 8 2 9 3 3 3 5 3 6 3 7 3 8 3 9 4 3 4 4 4 5 4 6 4 7 4 8 4 9 5 3 5 4 5 5 5 6 5 7 5 8 6 0 6 2 6 3 6 4 6 5 6 6 6 7 7 0 7 1 7 2 7 3 7 6 8 0 8 6 8 7 9 5 9 6
26 0 0 0 2 1 0 1 2 1 3 2 0 2 1 2 2 3 0 3 1 3 2 4 2 4 3 4 4 5 0 5 1 5 2 5 3 6 1 6 2 6 3 6 4 6 5 7 2 7 3 7 4
29 0 4 1 4 1 5 1 7 2 0 2 1 2 2 2 4 2 5 2 6 2 7 3 1 3 2 3 3 3 4 3 5 3 7 4 3 4 4 4 5 5 1 5 2 5 3 5 4 5 5 5 6 6 4 6 5 6 6
4 1
5 2
4 3
0 0 0 0 0 0 0 0 0 0 0 0 0 0 0
0 0 0 0 0 0 0 0 0 0 0 0 0 0 0
0 0 0 0 0 0 0 0 0 0 0 0 0 0 0
0 0 0 0 0 0 0 0 0 0 0 0 0 0 0
0 0 0 0 0 0 0 1 0 1 0 0 0 0 0
0 0 1 0 1 0 0 1 1 1 1 0 0 0 0
0 0 1 1 2 3 1 1 2 2 2 0 0 0 0
0 0 1 1 3 1 2 2 2 1 2 0 0 0 0
0 0 1 1 2 1 2 2 2 1 1 0 0 0 0
0 0 0 0 3 3 3 2 2 2 0 0 0 0 0
0 1 1 2 2 2 1 2 2 1 0 0 0 0 0
0 1 1 2 2 1 1 2 0 0 0 0 0 0 0
0 1 0 0 1 1 1 1 1 0 0 0 0 0 0
0 0 0 0 0 0 1 1 0 0 0 0 0 0 0
0 0 0 0 0 0 0 0 0 0 0 0 0 0 0
0.4400461673
0.1327798986
0.0358760062
0.1250063106
-0.3738955354
0.3827601194
-0.7129344050
0.8089652552
-0.0703211737
-0.6135883376
-0.3264717736
0.0029100076
0.3548828250
0.2986038941
1.2745764601
-2.0921335884
-0.5927345987
0.3040182007
-0.9663651103
-1.2112973743
-1.8308149094
0.2287066819
-0.4184077477
0.5432041462
-0.6586847331
-0.6194203082
-0.6072607601
-1.1840769219
1.4774703534
0.4042061436
1.3654689623
0.9087418946
0.8443182890
-0.8516710769
-0.6235067887
0.0874424720
-0.7482698689
-0.6993202754
0.0863685818
-0.1227045230
-0.4115205625
0.8429398759
-0.6388795501
-1.0596223915
-0.7347992861
-0.8065063014
1.0318939515
-0.8510190635
0.3600206634
-2.0932340593
0.2564618340
1.7218332045
-0.9511297487
0.6603371838
-1.3208981358
0.6899518057
0.8989833970
-1.1086231586
-0.1408153214
-0.0022799587
-0.2544746966
1.0657683128
-0.6310383657
-2.4413006638
1.0290948174
-0.3144083218
0.3570650194
1.8200222727
1.3815791186
-0.0311045104
-0.2545327303
-1.4237868830
-0.1652978882
0.3408285810
-0.0586029421
2.1868672580
-0.5386164326
0.6918660038
-1.2147313245
0.2840229356
0.1629498246
1.5404597172
0.2742261868
-0.3112443797
-0.7696353688
0.4256938022
0.6615818732
-0.9603334246
1.0713951439
0.1591454597
0.6289406773
-1.4919879436
-0.9396056702
0.6395307360
1.8543865915
1.3584215952
1.3908548597
-0.6378446907
-3.4211795523
-0.8623516723
-0.2612377290
0.8049244212
-0.1512166327
0.1293531841
1.9734827751
1.1265735353
0.3032066323
-1.3387726895
0.3539783527
2.1973002544
-1.4396191189
-0.4589657338
1.3189291396
-1.8448264742
0.3354922101
1.5468350029
-0.0059969540
-2.3410048188
0.4503521097
0.6207690584
0.2766672946
-0.0114629140
0.7999140007
0.5154201318
0.7513548794
0.1859990831
0.3897834408
0.4650530981
0.0862533555
0.0955729107
0.1797421500
-1.2174429226
-0.3421977340
1.3654454120
0.3193292396
-0.9095571675
-0.1447628209
-0.5474296028
-0.7345261267
1.8672350925
-0.7159315081
0.1261605840
-0.1699643485
1.5585360563
0.3709923774
-0.7091102507
0.0549319324
-0.1858714423
-1.4470854408
-1.2101577394
-0.5485995737
1.3890611514
0.1338561240
-0.0694531437
0.6084244097
2.3209375788
-1.7475822752
2.2210336331
-3.1728177786
-0.3629312569
0.6894181934
-0.4156125449
0.7321141317
1.2340914748
-1.8232816981
0.7986119490
-0.5378940559
0.5394054740
1.4587878497
-0.9482412358
1.4638275974
0.4138875205
-0.2212620011
0.5193190754
0.1982737582
-0.8190826304
-0.0022526136
2.4711117990
-2.3340173671
-0.5985156320
-0.8496432989
-0.1843092182
-0.1838720587
-0.1216916852
0.3978621104
1.4519931627
-3.0660221636
-0.9639634148
1.3781465814
0.0392518164
-1.7139567922
-0.6766518323
-0.2695116511
0.4382792337
0.2334836711
0.1858387879
-0.7220011780
-0.5377469017
-0.5396630283
0.2495702363
-1.1281842470
0.8363377663
-0.1004783110
1.4317026482
-0.4889479432
0.2639545211
-0.7117890736
-0.2464523618
0.5152019308
0.6914083493
-0.3173834540
-0.7685040453
-0.2466160582
-0.5336886608
0.4512125651
-1.4517122210
-0.7450605364
-0.7571239043
1.0179571561
0.0397362092
1.8633409384
-1.2075612283
-0.0425289001
-1.2680784040
1.7743545023
0.0686444340
0.0303304852
-0.6087727095
1.1962738885
0.8530077882
0.3708049817
1.3727416378
0.4576184665
-1.2620182890
-0.8104662731
-0.5222630480
0.4494933105
0.7813314354
0.1535991996
1.3785316009
0.8341035281
-1.5083880717
0.0984910957
0.7473888917
-0.9640565168
0.1249634315
-0.2244640348
-1.3491908000
-0.7902498611
-0.2580205249
-0.7890971129
-0.7913676053
-0.5872577888
-0.0845097460
0.1949150083
-0.1041134409
-0.2026833610
0.0400815226
0.1215547694
-0.1346063979
-1.1086992010
1.5950422981
-0.5738390054
-0.0927308443
0.2225938038
0.5144282052
1.1658424311
0.4047349398
-0.1784344787
-0.4521303231
-0.7350337315
-3.0415110437
-0.5666427176
-1.1472827640
0.1523348696
-0.3245269190
-1.1235344486
-1.7213496745
-1.1333562072
0.4701208005
-2.4948874617
0.8409401680
-1.0437502057
-0.2709466782
-0.0556439866
-0.6936693170
1.6120501339
-1.5302543963
-1.6133372376
-1.6341333595
-0.2252359036
-0.2885960854
0.9804587124
0.0079927055
-0.1075679415
1.6920170746
0.5666037866
-0.5952236127
0.6215105919
-1.3226487228
2.0955607619
0.4221560863
-1.5893284686
-0.4293180402
-0.6102440278
0.0335828090
0.8171696140
-0.3816481787
0.4801714307
-1.3870222206
0.8066829469
0.8815344746
-0.4010696184
1.9137395177
-0.1373629888
-1.2530104127
-0.8630805182
-0.6143632422
-0.3649535495
-0.2308161975
0.9706893897
-0.9049619290
0.7374795558
0.9261965608
0.9441287578
-0.5633107150
0.2742112729
-0.4100869126
-0.9993190669
2.4150315018
-0.0514054156
-1.3053516176
0.4784705869
-0.1429707497
-0.2938575482
-0.3054193248
-0.9567250642
-0.5736934559
-0.4642012587
-1.8001460362
-1.0561474818
-1.2228445672
-0.9162007935
1.2116014761
-0.4195569320
-1.8272272492
-0.1717021070
1.2393823563
-0.6647217559
-1.4625799687
-0.4098252319
-1.4803863754
-0.4119209661
0.5523823060
-0.1269851143
0.1224878832
-0.1511786084
0.6156328053
-0.4867416210
-0.5067529538
0.6851746997
-1.1118792656
-0.8977218143
0.2686545897
-1.5507495341
1.5864064646
1.2627636173
-1.3289268980
0.0340192407
-0.7621691692
0.4672436986
0.6760966839
0.8205850281
-0.3579561935
0.0536554664
-0.3180735014
0.1073516255
1.4518436369
1.2635954431
0.1162292574
0.0646677976
0.1099428493
-1.1109702532
-0.4914781854
0.1470963423
-1.2295853353
0.2193261189
0.2097011535
1.6928721319
-1.3445855311
1.7134083039
1.1093055077
0.4263004419
0.3866993621
0.2241894578
0.8001759080
-1.4602614607
1.2135059082
0.1787425019
0.7249198825
1.0135006489
-0.2967225590
0.4296473095
0.0187602989
0.8497052880
-0.2919768985
-0.3451164734
-0.6183042717
0.1797504158
1.0914275883
0.8284049690
-1.7381188573
0.0978467124
1.0412497593
-0.4273871424
1.0148211390
1.0242743873
-0.9261335512
-1.0221550599
0.9459269137
-0.3875176707
0.8905146986
-0.6173103944
-0.2670835769
-2.0368370829
0.0863696706
-0.2356160179
-0.0017092770
1.3393738695
-1.3460873123
0.5751651542
-0.2875135712
0.7944502951
1.9354824098
-0.9842100015
0.1373076736
-1.0827344573
0.0222924112
-0.1111327778
-1.4199018778
-0.7852142359
-0.2803839510
-0.7349013799
1.0349552831
-1.0232143773
1.0078374115
-0.2701431532
0.8568069472
-0.3909322335
-0.3142396680
