15 3 0.05
28 0 2 0 3 1 2 1 3 1 4 2 2 2 3 2 4 3 2 3 3 3 4 4 1 4 3 5 0 5 1 5 2 5 3 6 1 6 2 6 3 6 4 6 5 6 6 7 1 7 2 7 4 7 6 8 2
30 0 3 0 4 0 5 1 3 1 4 1 5 1 7 2 2 2 3 2 4 2 5 2 6 2 7 3 2 3 3 3 4 3 5 3 6 3 7 4 0 4 1 4 2 4 3 4 4 4 5 4 6 4 7 5 2 5 3 5 5
26 0 2 0 3 0 4 1 0 1 2 1 4 1 5 2 0 2 1 2 2 2 3 2 4 3 1 3 2 3 3 3 4 3 5 3 6 3 7 4 2 4 3 4 6 5 2 5 3 5 4 5 6
6 8
7 1
4 0
0 0 0 0 0 0 0 0 0 0 0 0 0 0 0
0 0 0 0 0 0 0 0 0 0 0 0 0 0 0
0 0 0 0 0 0 0 0 0 0 0 0 0 0 0
0 0 0 0 0 0 0 0 0 0 0 0 0 0 0
0 0 1 1 1 0 0 0 0 0 0 0 0 0 0
1 0 1 0 1 1 0 0 0 0 0 0 0 0 0
1 1 1 1 1 0 0 0 0 0 1 1 0 0 0
0 1 1 1 2 2 2 1 0 0 1 1 1 0 0
0 0 1 1 1 1 2 0 1 0 1 1 1 0 0
0 0 1 2 2 1 2 1 1 0 1 1 1 0 0
0 0 0 1 1 1 1 1 1 1 0 1 0 0 0
0 1 1 1 1 1 1 1 2 1 1 1 0 0 0
0 0 0 1 1 0 1 0 0 1 1 1 1 1 1
0 0 0 0 0 0 0 0 0 1 1 0 1 0 1
0 0 0 0 0 0 0 0 0 0 1 0 0 0 0
0.0618365170
-0.1216195497
0.6935036012
0.5011353083
-1.7054708303
-0.9686949648
0.8931964189
-1.5911090913
-1.2957455108
-1.0960026687
-1.0395562900
-2.1736720968
-0.0254267484
1.6231794127
0.6958206734
-0.7193405771
1.3633929895
-1.1099515095
0.0598170593
-2.5656508707
-1.1036983348
2.4665415589
0.2812596884
0.1616881032
-0.8860638147
-0.2375668915
0.6738516328
0.1185911354
0.6521474089
-0.8273114357
-1.0583876948
-1.5358201714
0.2198618664
-0.7516509253
-0.8461960019
-0.0968297889
-1.9606795254
0.2506221032
-0.4104805509
-0.9790589769
-0.8974385109
0.5034884276
-0.4666108408
-0.5534346719
-0.7446681312
1.5948147311
-1.2844159760
-0.3099134134
0.5613934781
-0.1086881480
-0.4838061783
0.6667981462
-2.9502597313
-0.3093483417
0.7343872983
0.7992447336
-1.4307642534
1.0250135465
-1.9533714399
-1.0316293425
-0.1460258794
1.6564151091
-0.4057559046
-0.5612603563
-1.0789659600
0.8978133838
0.1624150258
0.0319787779
-0.8467077982
0.2459390915
-0.2594686240
0.5180721289
-0.5841168834
-0.2293977373
1.0622466110
-1.0551057823
-1.2319720990
1.4679713047
0.0433455562
0.0718654938
-0.1780053802
-0.1803611655
-1.2349718541
-0.8684821007
0.4630118008
0.1952084043
1.4696653509
-0.0678130193
-0.4402012014
0.3678106117
1.4615450576
-1.6053325662
0.3759270389
-1.8281168217
0.2904411258
-2.0798527840
1.1877695800
0.1248193804
0.6931580569
-0.0121086315
1.8460228351
0.7502245934
0.1323770593
-1.0290815511
-0.6413449562
-0.4712145128
-0.5593105680
-0.8517502771
0.6494318527
-1.7427718380
0.6573704034
-0.3630782379
-2.6150883865
0.0506739043
-0.8610553008
0.7800051707
-1.9082936576
-0.3873009383
1.1888272714
-0.2996258914
-0.5553348382
-0.3416221184
0.5104487775
-0.4415319589
-0.3299416987
-0.8813575727
0.2039853606
1.7398871331
-1.1207651887
0.6445050139
-1.1041656864
-0.6429100793
-0.7174918679
0.8639850360
-1.3773749306
-1.4587374665
-0.8224330955
1.1376787073
0.8793092205
-0.3473179025
-0.6227915226
0.3709327367
0.1593954501
-0.0214108498
0.2332202218
0.4430647271
0.5470708749
2.1502626378
-0.7703958536
-0.4298782630
-0.3285737179
-0.8680071687
0.4968721941
-1.8327448083
-0.1728438113
-0.4971352172
-0.1239969513
0.1428506145
-0.5177387696
-1.2885796211
0.1651387290
1.2162963625
0.1493728100
1.1422792860
-0.1952744341
-2.0665284438
1.3791290259
-0.7131643353
-1.3623470700
0.1338917475
-0.7743860461
0.2702368523
-0.9369568369
-0.1372075301
-0.5339678746
1.4012381827
0.6121662018
-1.4923681431
-1.1516906773
-1.8641893981
1.0148558230
-0.7539053025
-0.2064923167
-0.3436841488
-0.3591299436
1.1678933347
-0.1915695762
0.7285541215
2.1039947425
-0.7819081212
-0.1471288167
0.7434334104
-0.9269785656
-1.1809492183
-1.2668423245
0.6347557938
-0.7200359193
-0.8034044415
-0.9461329243
0.2893630073
0.3835805702
-0.8409515331
-0.3396790256
-0.7932356751
0.3028870328
-0.9879713255
-0.5889998883
-0.8895430756
0.9308363948
-0.4453719625
-1.7510732210
0.4503814086
-1.0891776080
-0.1938399362
1.5444247312
-0.4281865225
0.5994173668
0.2227082550
0.1771541399
-0.6058381673
1.1718980914
1.1962950259
0.6356443026
-0.1652170280
0.4073290317
0.2737523945
-0.1304780298
-0.9911243726
0.2661786964
0.2740755115
-1.0679398372
-0.2813181456
-1.0621637574
1.2804203215
0.5622494376
0.6272676836
-0.5030051018
-0.7875389442
-0.1476471757
0.2447457026
1.4425188045
-0.2148938719
1.8856795689
0.1812903731
0.3848834411
0.6390756820
-0.2817418904
-0.1828195461
0.8636262468
1.0173873697
-0.1074285243
-0.0083791921
-1.1970979384
-1.5041097745
-0.5630084633
-1.0184187238
0.7483958878
2.6913818711
-0.4084063031
1.2365568969
-0.6938242397
-1.4512586485
0.4239096725
-0.1921220104
2.0073214178
-0.3484417687
-0.3125971922
-0.9397923944
0.2953029284
0.4250924091
-1.1614930257
-0.6322610801
0.6953936209
-1.4793021584
0.3184396350
-1.2637287683
-1.6121215073
0.1548046434
0.3519865213
0.4714095631
0.5424062703
0.6865592052
-1.1370813126
0.8621779036
-1.8267485934
0.1754495013
0.0297627585
-0.0848343701
-1.3945769967
1.1226112298
1.6626553590
0.2173065861
-0.8245187162
-1.2760080547
0.6866369556
-0.5200168838
-1.4740621223
0.0693337237
-1.1559597825
-0.4243114514
0.4895928595
-1.5877329650
-0.5916908866
-1.4502126570
-0.8300903718
0.6872706285
-1.3931230167
1.0029610040
-3.0117917458
0.1308737438
-0.2573991699
1.3487818736
1.1933644050
0.9670209657
0.5034867456
-0.9763497997
0.1610109051
-2.1752291860
-0.7891119402
-0.8548548602
0.5535015567
1.1472782560
-1.9874923731
0.3009110900
0.8290354946
1.4662409133
1.5250930564
0.9920504131
-0.1305284820
0.4204114243
0.2907781200
1.5446155355
-0.5824265920
-1.7890078299
-0.8769705276
0.6106193481
0.0360788752
0.1808078881
1.4730954601
0.9609664479
-0.4802954585
1.0872347475
0.7434010877
1.0593103148
1.7718282975
1.8581512446
-1.3568693971
-0.8218936492
0.2889432156
0.7229616472
0.4348013837
0.7224260697
-1.3832780764
-0.3338620976
0.6881357293
-1.3845599144
0.2302893572
-0.0837216273
1.4352293034
-0.5504324385
0.9065774344
-0.7276540898
0.3513143821
0.9266665666
1.2113085954
0.2408925811
2.3447034349
0.0465892832
-1.3590137159
0.0542569450
0.0291860926
-0.6464492440
-0.0980282177
-2.1011342419
-0.7383236801
-0.2908951768
-0.6808819322
1.4716272792
-0.7992150655
0.1411529454
2.5969165571
-0.5967034845
-0.5647725712
0.4865890494
-0.9268623612
-0.0000186137
-2.2542943859
-2.0231548993
-0.5093983364
0.3381058062
0.8575197166
-0.0077420825
-0.5718368104
-0.2456019279
-1.2028673140
1.6337584395
-0.6159678457
-0.6545779126
0.2965870710
0.4349326749
-1.6698465627
0.2476416956
-0.8883727970
0.1751443229
-2.2703401123
-1.4707797655
0.0949186155
1.0774198446
1.9156431206
-1.0691755073
-0.0663555253
1.4675609419
0.3765692703
-0.1407386605
-0.8861550191
0.5356013412
-0.6077272311
0.8774357873
-0.7270717516
0.4459888799
0.9611142467
0.6734310918
-1.3694677208
1.1362138508
-0.0789466604
0.3383703275
-0.9665400538
0.0606108803
-0.6684920254
-0.9391377016
1.2793020353
-0.1709345303
-0.0755178999
-1.4791626149
-1.0559056029
1.4050658580
-0.3030177084
-0.4226163732
1.2764942742
-2.2387748228
0.7298944174
0.1198409134
1.3743444751
0.4757055354
-0.8545041855
-0.1545547202
-0.4211611008
0.7846283423
0.3193357670
-0.9836743173
