15 3 0.18
40 0 2 1 1 1 2 2 0 2 1 2 2 2 3 2 5 2 6 3 1 3 2 3 3 3 4 3 5 4 2 4 3 4 4 5 1 5 2 5 3 5 4 5 5 5 6 6 2 6 3 6 4 6 5 7 0 7 1 7 2 7 3 8 0 8 1 8 2 8 3 9 1 9 3 10 0 10 1 10 2
35 0 2 0 3 0 4 1 2 1 3 2 1 2 2 2 3 2 4 2 6 3 0 3 1 3 2 3 3 3 4 3 5 3 6 3 7 4 0 4 1 4 2 4 3 4 4 4 5 4 6 4 7 4 8 5 1 5 2 5 3 5 4 5 5 5 6 5 7 6 3
48 0 3 0 5 1 2 1 3 1 4 1 5 2 4 3 2 3 3 3 4 4 1 4 2 4 3 4 4 4 6 4 7 5 0 5 1 5 2 5 3 5 4 5 5 5 6 5 7 5 8 6 2 6 3 6 4 6 5 6 6 6 8 7 2 7 3 7 4 7 5 7 6 7 7 8 2 8 3 8 5 8 7 8 8 8 9 9 2 9 3 9 4 9 8 9 9
2 0
8 3
4 1
0 0 0 0 0 0 0 0 0 0 0 0 0 0 0
0 0 0 0 0 0 0 0 0 0 0 0 0 0 0
0 0 1 0 0 0 0 0 0 0 0 0 0 0 0
0 1 1 0 0 0 0 0 0 0 0 0 0 0 0
1 1 1 1 1 1 2 0 0 0 0 0 0 0 0
0 1 1 2 2 2 1 0 0 0 0 0 0 0 0
0 0 1 1 1 1 0 0 0 0 0 0 0 0 0
0 1 1 2 2 2 1 0 0 0 0 0 0 0 0
0 0 2 2 2 3 1 2 1 0 0 0 0 0 0
1 2 2 2 1 2 2 1 1 1 0 0 0 0 0
1 1 1 2 2 2 2 2 0 2 0 0 0 0 0
0 1 0 3 2 2 2 2 2 1 1 0 0 0 0
1 1 1 2 2 1 2 1 2 2 2 1 0 0 0
0 0 0 1 2 2 1 1 1 2 2 0 0 0 0
0 0 0 0 0 0 1 0 0 0 0 0 0 0 0
-1.5696725196
-0.0334991151
-0.5425727233
-0.5059205505
-0.0773776335
1.1601806701
0.6070843001
-0.5407369126
-0.7223061200
-0.5739143506
1.7913870375
-2.1681407227
0.0756650204
0.8193588706
-0.0605454088
-0.1103493445
0.6974771398
0.8286742287
0.7558460861
-1.6426699222
-1.0506962225
0.6800579831
2.3736339723
0.6742457411
-1.2797129348
-0.3883856142
0.7719349198
-0.1526996358
0.2149455330
-0.9489184735
0.1828630861
-0.1676267002
-0.6450581197
-0.2191716234
-0.3882474055
0.2124265298
-0.6880615124
-1.9212898705
0.0699641395
-1.0305903174
0.4738045702
0.3563209967
-1.9094320326
1.2821639831
-0.2594897294
0.2444992759
-0.1938031009
0.8009838698
-0.0532692294
0.6282898521
0.3877552976
0.7954067432
0.6136741226
1.5867532999
-0.3656919286
-2.1759102766
1.1077928136
-0.2452343355
0.4243957966
-1.4940791239
-0.1699635252
-0.9329857731
2.7383680465
1.2023230333
-0.9987306675
-1.6284688358
-0.5226065037
1.5279338457
0.5297717612
-0.8913887493
-0.5672307566
-0.0932391754
0.3158829861
-1.2859753967
-0.1572604456
0.0891336508
0.6432973603
-0.8852663805
-1.3015926880
-0.6254363661
1.1668895603
0.1515916711
-1.2469362856
-0.0137476264
-0.8924836342
0.6770690714
0.5796502128
0.3282297700
0.6544483146
-0.1603773051
0.5904529001
0.6544701330
-0.1996150895
-0.2428495534
1.5828955067
0.1137062192
0.2001091455
0.1441768122
0.0587125298
-0.8450316295
0.1152492602
-1.2979449108
0.5723374064
0.6486901512
1.1264710795
-0.1976515389
-0.2822804183
0.3632436825
-0.3181157470
-0.4176468949
-1.2417846548
-1.7528429153
0.5887026621
-1.6759403909
-0.2967044470
-0.2229902913
0.1658358426
-1.0003103244
0.9425511210
-0.7547249431
-0.1491063841
-0.3265367965
0.9375373513
-0.3386402499
0.0244005853
1.3651036759
-2.5248590921
-1.6657309113
1.2219962204
-0.9028647499
-0.0023635766
-0.2379197411
-0.6128464352
0.7724353885
0.4530139287
0.1745520354
0.6224662024
-0.6347785887
-1.3596796332
0.4415799981
0.7405104767
0.6039086055
0.7207869182
2.0386822903
-1.8021258039
-0.3892779500
-1.1572162737
-0.2053241237
-1.6972311037
1.2733350797
-0.5571173411
0.9557015263
0.0243408698
-0.2059681106
0.3311274427
0.7565484244
1.4820279828
-2.5531406280
0.0311504691
1.3170227645
2.3279024476
1.4375990871
-1.9028502543
1.1258467707
-0.2058132278
2.2495738056
1.0901101464
1.5980910859
-0.6811553156
0.1636887239
1.1010165346
-1.5902941848
0.1541428038
0.2749141562
-1.2820356321
-0.0608988035
0.6495748198
-0.2530307483
0.6737748929
0.7393848522
0.9578648152
-0.9906998946
-0.9126252870
-0.3505166994
-0.8408998727
-0.8789867223
-0.1429000737
1.8270879395
1.0679900074
-0.9093473509
0.5864950322
-1.0730823289
0.0954556027
-0.2022481565
-1.1266212661
0.6722326055
0.5028135051
0.5335950063
0.3030891233
-0.2213975119
0.9807194381
0.3622004166
-0.3946097618
1.2811141820
2.7823938168
-1.1423802539
-0.4281212200
-0.0988036126
0.5293429147
-0.7116482924
0.1688299475
0.4061590095
1.0330295843
-0.7873137615
1.0553226058
0.1028372958
1.0928445680
0.7918049886
-0.0693775541
0.2859814732
-0.3740523750
-0.0130728213
1.1904363917
-1.5483687781
-0.7927489837
-1.0097780114
0.0624623757
-1.9085505974
0.4066168007
-0.0187491947
-0.0785762319
-1.0219052715
0.4292939456
-1.6263978782
1.2038956082
1.9752285485
-2.0186211784
-0.9836073114
0.2647724673
-1.4182852966
0.8728944146
1.1935218010
-1.8783162858
1.6891473614
-0.3628135931
0.0992454428
1.9071225078
-0.8295154019
-0.3550224155
-0.1124168149
-1.3273985410
-0.0368786137
1.5076986484
0.4354509938
-0.1627841566
-0.3408022274
1.7590853752
-0.1446589460
-0.1957884072
1.5420404559
-0.4488174061
0.1370276856
-0.2405862559
-0.6297405943
-0.1057640999
0.3272722490
0.1907550325
0.8897017356
-0.1314734446
-0.7155540960
0.5626633273
0.3320437910
-2.0107792496
1.0323727300
0.2587001685
0.8483772132
0.7034505262
-1.2232583908
-1.1225778549
-1.0345931087
0.1649989918
0.0818285535
-0.8987888517
1.5030052062
-2.5454010506
0.6338463552
2.2036533688
0.8895984454
0.5077728216
-0.4071541006
-1.4020439306
-1.0073556664
-0.8024616409
1.4091674938
-1.3116900958
1.2687587785
0.1109006032
-0.2179934695
1.0808829821
-1.3612724113
0.5513221570
-0.6412018710
-0.4906257200
-0.2182372802
-0.1690155053
0.9345416595
-0.8458933558
-1.0675090423
-0.4598045579
-0.5272473394
-0.0380862336
-1.2447212509
-0.6421769442
1.3833658710
-1.1259415427
1.5422898049
0.2416664235
-2.3374353222
-0.3350767369
0.7732351451
-1.0639579943
-1.5937086083
-0.0431254614
0.6549135681
0.1106222425
0.4229972851
-0.2984747374
-0.1051408661
-1.5116792220
1.1629096803
0.5240763290
0.4611411660
0.3914247593
1.2833657382
1.8398976750
-1.9247782465
0.0006819432
0.5944183025
0.5561777978
0.1320289074
-1.0055552324
1.0271897621
-1.8120775996
-0.1590627831
-0.6229376042
1.0674774916
-2.3336305097
0.5875082720
0.0768599885
0.3021103917
-0.5479607369
-0.1467516071
0.5209558740
-0.6612196013
0.1178606815
0.3140605676
0.3727262933
1.0230349058
-0.7594792163
1.1989869056
-0.7951922508
-0.6623176018
-0.6371774661
-1.6371306053
-0.1572879509
-0.1641880357
0.3027222846
0.5260925231
-0.5431163042
0.8137804715
-1.6952267390
1.0813255965
0.2806726701
1.2513442744
0.2669146988
0.2217039031
2.1355513797
-2.7712828576
0.3814996615
-1.0255458111
-0.3091447105
-1.3532650444
-0.1355970135
-0.0820625802
-0.5049767225
-0.0671054036
0.0984856973
-0.8561985991
-0.2219462044
1.5567530632
-0.9849219553
-1.0624363744
1.3600154684
-0.1043044690
0.2320861690
-0.4578861092
1.0681636796
0.2819912993
1.3062179616
0.5379258112
-1.2955225306
-0.7334466577
-1.0787534606
0.0399259411
0.4480365980
1.6236980821
1.1836970592
-1.0110348384
0.6124488091
0.9115805244
2.1257364952
-0.0437395590
-0.4031370544
-2.0815739501
-0.7961308215
0.2866264216
0.2742556912
-0.4688899197
-0.9475616636
-0.9863361958
-1.0274618782
-1.5058677558
-0.9098179091
0.5051710422
0.7217874745
1.8186873339
-0.6881060414
-1.5903179987
-1.6635345202
0.3930949931
-0.3889069888
1.0388710246
-0.2881805682
-1.2531488828
-0.2880807228
0.4905271989
-0.5839228356
1.0757675735
-1.8448774857
0.8451452699
-0.9956059180
-0.0195790812
-0.3185041942
0.7445947806
0.6131125677
0.7211760948
-0.2691133671
-0.0646177382
0.0097752706
0.2975151870
