15 3 0.19
26 0 0 1 0 1 1 2 1 2 2 2 3 3 2 3 4 4 2 4 3 4 4 4 5 5 0 5 1 5 2 5 3 5 4 5 5 6 2 6 3 6 4 6 5 7 1 7 2 7 4 7 5
17 0 3 0 4 1 2 1 4 2 1 2 2 2 4 3 2 3 3 3 4 3 5 4 0 4 1 4 2 4 3 4 4 5 2
30 0 5 1 2 1 5 2 0 2 2 2 4 2 5 2 6 2 7 3 0 3 1 3 2 3 3 3 4 3 5 3 6 4 4 4 5 4 6 4 9 5 3 5 4 5 6 5 7 5 8 5 9 6 4 6 5 7 5 7 6
2 0
8 7
4 2
0 0 0 0 0 0 0 0 0 0 0 0 0 0 0
0 0 0 0 0 0 0 0 0 0 0 0 0 0 0
1 0 0 0 0 0 0 0 0 0 0 0 0 0 0
1 1 0 0 0 0 0 0 0 0 0 0 0 0 0
0 1 1 1 0 0 0 1 0 0 0 0 0 0 0
0 0 1 0 2 0 0 1 0 0 0 0 0 0 0
0 0 2 1 2 1 1 1 1 1 0 0 0 0 0
1 1 2 2 2 2 1 1 1 0 0 0 0 0 0
0 0 1 1 1 1 1 1 1 0 1 2 0 0 0
0 1 1 0 1 2 1 0 1 2 1 2 0 0 0
0 0 0 0 0 0 1 1 1 1 0 1 0 0 0
0 0 0 0 0 0 0 1 1 1 1 1 1 0 0
0 0 0 0 0 0 0 1 1 1 1 1 0 0 0
0 0 0 0 0 0 0 0 0 1 0 0 0 0 0
0 0 0 0 0 0 0 0 0 0 0 0 0 0 0
1.4980600903
0.5017589157
0.1474854758
-1.5545871588
-2.3331119105
1.8061735266
-0.8268632367
-0.7879469698
2.0944237310
-0.8692246467
2.0627539367
-0.3930734197
-0.1665308875
-0.9195918317
-0.7042434004
-1.0632459537
-0.3057180381
-0.8883770873
0.3025145361
-1.5190360280
-0.4350954280
0.1508121530
-1.1051856506
-0.8393999579
0.9954451833
-1.0208571271
-0.8281733908
2.4087602022
-2.0694090734
0.2846766246
-0.1792311014
0.7748728488
-0.3765556170
-1.8029981523
-0.0696614156
0.3682838929
1.0768394255
-0.3028380890
-0.8002264853
-2.2197536706
0.7133343880
-0.9407203323
-0.9648480153
1.8267233563
-1.1124150307
-1.1208205305
-0.1309962013
-0.8614922736
-0.8791155068
-0.3725501483
0.1898299639
-0.5584017742
0.3475951132
0.3000091950
-0.3780475162
-0.7076808782
-0.3890091604
0.2555904313
0.8347055417
0.2340635167
1.4899458479
-0.4163314438
-1.0915509776
0.5992233184
3.0879999670
-0.1278459080
-1.9418205901
-1.4378486006
-0.0802818354
-0.9344928220
0.5733720863
0.1356902316
0.0992220867
-0.2709254863
0.8700718796
0.6458053398
0.2653894522
-0.1586301748
0.6150663882
-0.4935937901
-1.6440569625
-0.5634215291
-0.9858039425
0.4815703302
-0.2390977203
-0.6593617244
0.6366654540
0.5770786641
-0.9031926547
1.0083002236
-1.6307531137
0.4647592547
-0.8328017975
1.5190501334
-0.2691449758
-0.3612327085
0.1891459053
0.0965427729
-0.5095504489
0.8659734279
0.1668436506
-1.6811510167
0.1622949172
-1.2374511742
1.2160184727
-1.0846966263
-0.3255736851
-0.4856159823
0.2052359355
0.2015548742
-0.1286408872
-1.2076110086
-0.0792251486
-0.2039421709
0.0916806402
-0.3558270370
-1.2118094618
0.9134384225
-1.4108136339
-0.0941831369
-0.2807518813
0.9721023756
1.0918626727
-0.5082157655
1.3901739147
0.6142677973
-0.7374707750
0.3328159449
1.1652384587
0.6439652242
0.6082243603
0.0168343274
0.1120209861
0.0048062629
-0.4088629968
-0.2047824699
-0.7994689436
-0.0373786620
0.6958493431
0.7837646347
-0.5008106406
1.1961376338
0.8594545840
0.7694055172
-0.3673802349
-0.7416315414
-0.6258607693
-0.2521697499
1.1189494369
-1.5213870720
0.2991697053
-0.4582704778
-1.5828426958
0.6817359083
-1.6457209950
-1.3130870503
0.7878656257
-0.9075210973
-0.5760663268
-1.4454194083
1.0131778126
-1.5155533485
-0.0328402672
-1.4977221748
1.2846502551
-0.2964360903
-0.9433993647
0.2564951663
-1.0717409462
-0.0580504031
-0.9041637216
0.2770062768
1.0586735773
-1.4310660171
0.1575810986
-0.4192290025
0.3821920416
0.5059587094
-1.3007991830
0.9706542365
-0.1736595907
0.8126062943
-1.2668921867
0.2816654139
-0.8932468529
0.7566950565
-0.6508736825
1.1673893278
0.3970934426
0.3476595252
0.8832292092
0.5590135768
0.7547275751
-0.2167022108
1.1090577677
-0.2207214961
0.8667151177
0.2991918552
-1.6989402870
0.6790808120
0.4867989252
-0.0476079697
-0.0707837432
-1.9628602059
-2.2003807443
-0.9989031270
-0.5724413030
-1.0502225671
-0.4073793221
0.4397548310
0.8686412222
0.7666860058
-2.6863075439
0.8074821111
1.9946495981
-0.4471110965
0.6689580359
-0.3411068159
-0.3067662514
0.1499537655
-1.5089027036
-0.1792891264
1.7101794403
1.1751248828
-1.0964112011
1.4303973602
-0.2658293418
0.3711795773
-1.9168044292
1.2148569443
0.2236423871
-1.7622711672
1.0970614802
0.2338543314
1.4070799245
0.3408036804
0.1497571047
0.5128359297
0.0768352522
0.0065081505
0.1469430093
-0.4819003113
0.1186917105
-0.2070908469
-1.2692951884
0.7884805793
-0.1490797495
-0.1485333069
-1.3771815211
0.5589954904
-0.7980549374
0.0348196054
-0.9200510368
-0.1022132947
-0.8438639831
0.9008514108
0.3050782206
-1.3468554544
-1.0460709964
0.7792473444
-0.4328542451
1.1692761412
-1.2314774113
0.5464478939
-0.3430514454
0.9960942465
0.4058468520
-0.5712567465
-1.0975205287
0.0695836683
0.9304693616
0.0146165492
0.8609280745
-0.7314121076
-0.0245352373
-0.8261399645
0.4894468918
1.0502151890
0.6170030751
0.2222985064
0.9955814164
-0.0297401211
1.5557746282
0.0748358040
-2.1486345577
-0.4373664909
0.1025738500
0.6961609545
-0.3030388306
1.6853824017
-2.3637426482
1.1275691645
0.1016467512
0.3287588120
-1.0203318818
1.1273289281
-0.5856432567
-0.6041114561
0.0333669216
0.9523467157
-0.8854480046
0.5373062937
0.8893545859
-2.4020170458
-0.7620797775
1.5287503504
1.6676475410
0.8127769027
-0.4045370094
-1.6926149556
0.0925634751
0.5980004586
-0.3432025819
-0.5071098646
-1.9315585442
0.4500217670
-0.1583687226
-0.1514779170
-0.8721585199
0.9271507362
-0.3017204003
0.0924969693
-1.2276486502
0.3635723244
0.3443539678
-0.2204819280
0.0116162833
-0.7496154555
-0.0024302807
0.0531636653
0.3991807383
-0.2025132635
1.6413751405
0.7298017994
1.4047545447
-0.4014716887
-0.8342949346
-0.5066641967
-1.1078345256
0.9276103741
0.6642027331
0.7699431426
1.1958858759
-0.7608389099
-0.5079480799
1.1588941216
-0.4240908915
-1.3224214633
0.2451711980
-0.2245903896
0.9208395398
0.4962195855
1.3159635480
-0.6642760284
0.3645815957
0.8505245096
0.6743048996
0.4617790020
-0.5175820339
1.1092903980
0.0537845764
-0.3311962060
0.0556797597
-2.0165422898
0.9671026295
-2.3356904428
1.3388657642
-0.0654393658
0.5168313303
0.8569609146
-1.2768191706
-1.4054694742
1.1705140479
-0.7719994077
1.7249038723
0.0756414910
0.6256606645
0.8917159373
0.3460558922
-0.2702613210
-0.1831787811
-1.2526178103
-0.1736078018
0.8998258551
-0.2252876989
1.3829492226
0.5580119298
-0.0627497697
-0.1995084320
-1.2822248760
0.9009079707
0.2524284872
0.0923008105
-2.6246045435
-0.2808702423
-2.1629490896
0.7318868169
0.7229732122
-0.3091793304
0.7527743419
0.4396533044
-0.2425207633
-1.9826901677
-0.0707859099
-0.6245560436
1.9602593499
0.0618572939
-1.8911708475
-0.6598861747
0.2461784100
-0.6638482769
-0.4823327507
-2.8252681103
0.1052038284
0.5724517904
0.5107152249
1.2643652474
-0.2875942217
0.7439873635
-0.9571462876
0.9030866595
-0.1102509713
0.4411720629
1.7549324658
-0.6409654212
0.8620431303
0.1397466434
0.0159234175
-1.5098949435
-0.0173948623
-1.8405812287
0.2927398828
-1.5307989109
-0.8218834350
0.2197780414
0.6717364761
0.1422218644
0.5502020757
0.3508835477
0.7982394408
-0.6027369980
-0.3292564553
-0.8763286478
-2.2494857663
-0.5447799863
0.4577364115
-0.0644657185
1.3133218274
1.3343236472
0.6540906272
