15 3 0.14
20 0 4 1 2 1 3 1 4 2 3 2 4 3 3 4 1 4 2 4 3 4 4 5 0 5 1 5 2 5 4 5 5 6 4 6 5 7 4 7 5
16 0 3 0 4 1 1 1 2 1 3 1 4 2 2 2 3 3 0 3 1 3 2 3 3 4 3 4 4 5 4 5 5
13 0 0 0 1 1 1 1 2 1 3 1 4 2 1 2 2 2 3 3 2 4 2 5 1 5 2
3 3
3 6
6 5
0 0 0 0 0 0 0 0 0 0 0 0 0 0 0
0 0 0 0 0 0 0 0 0 0 0 0 0 0 0
0 0 0 0 0 0 0 0 0 0 0 0 0 0 0
0 0 0 0 0 0 0 1 0 1 1 0 0 0 0
0 0 0 0 0 1 1 2 1 1 1 0 0 0 0
0 0 0 0 0 0 1 1 1 1 0 0 0 0 0
0 0 0 0 0 1 3 1 1 1 0 0 0 0 0
0 0 0 0 1 1 2 2 1 2 1 0 0 0 0
0 0 0 1 1 1 1 2 2 0 1 1 0 0 0
0 0 0 0 0 0 0 2 1 0 0 0 0 0 0
0 0 0 0 0 0 0 2 1 0 0 0 0 0 0
0 0 0 0 0 0 1 1 0 0 0 0 0 0 0
0 0 0 0 0 0 0 0 0 0 0 0 0 0 0
0 0 0 0 0 0 0 0 0 0 0 0 0 0 0
0 0 0 0 0 0 0 0 0 0 0 0 0 0 0
-0.5173734194
-1.4639793705
0.2621157592
0.9119616755
0.8151086060
-1.0478618777
1.0659149258
-0.9143299719
-1.0647448268
0.4050954332
-0.4590322910
0.2879204225
0.1923643144
-0.1142568508
0.4677233491
-0.8078386820
-1.2930643814
-0.8570573681
3.0012290783
0.7961720363
0.2567707548
-0.5686631913
-0.6534381052
0.3156648963
1.0861545560
-0.7775588042
-0.4972666714
0.8687035666
-0.8894037507
-0.6874750708
1.9643680413
0.6056722314
-0.5868406097
0.0302062876
-1.4995366624
-0.9031187163
0.9967408637
0.9828752176
-0.1976289545
-0.4320365788
-0.9734956360
0.7172499875
-0.5447330220
1.5882936233
1.0801946732
-0.6896627443
-0.7784902507
-1.8275624087
-1.9783863519
-0.2216116008
-0.1843580077
0.7509810748
-0.5316753820
-1.0072467545
0.3139742535
0.1886232626
-0.2818673217
1.0031161428
-0.0093348596
0.7794269914
0.5635153398
0.1713104388
-0.5299024941
0.3590888116
1.6566353484
-1.0189071022
1.8659326654
-1.2771720364
-0.3055638904
0.4364240287
-1.6041171748
0.8501252158
-0.4447981696
0.3176837017
0.9287813928
-0.1627195226
-0.1997563857
0.5011201326
1.0286074499
0.1454463462
0.6336981357
1.6080688123
0.2612207953
-0.4317341031
0.8819880594
-0.1593867811
-1.7789702268
1.1249527316
1.6321474215
0.0081111968
0.0498693799
-0.5818478757
0.7297891566
-0.4727572754
0.8565048986
0.1535816527
0.3179623700
-1.4595045672
0.5065377328
-1.2316987880
-0.5732367464
-1.7441542431
0.6126429001
0.3087735813
0.4056694087
1.7257185762
1.2294334123
0.0044756520
0.1272016851
-0.4563625008
-1.7114771021
0.8506571384
-0.3686507595
1.3710690167
-0.0662281847
1.5084701001
-0.6182540546
2.7428122920
0.5123624367
-0.2238640226
-0.2715933969
0.6521595913
0.5733104467
1.6547301418
0.7780342431
-0.8230330754
0.1679220212
-0.9327783095
1.5594925102
-2.2773410383
1.2564683573
0.5521512854
-1.0932578725
-0.1024693389
-0.8518736388
0.5654196589
0.7506406724
-0.0125519979
0.3210351008
-0.5324064825
-2.5875401250
-0.3875525817
-1.2002591061
1.3061914221
-0.2999854469
-1.4929000583
-0.3194509381
0.1512313312
-0.1132646269
-1.1581243929
1.7129242407
-2.0245295166
-0.0007837765
0.3877519568
0.2032562300
-0.0995241166
-0.1730262964
1.8584669208
0.1446860997
-0.8856957583
-0.3396382637
-0.9212170160
1.6774553788
0.2133952461
-0.9700858249
-0.9244206194
-1.3957474031
1.0377383454
-0.7397201403
-0.8145547356
-0.7914627879
0.5409913482
0.6047606620
-1.8622170417
-0.9643533669
-1.9210757390
0.7367224453
0.4983528672
-0.9031576757
-0.5514184634
0.0214822419
0.9360661709
1.9776846337
-2.8170222030
2.5017316245
-0.2421179742
0.2260906768
-0.8812667991
-0.0868703065
-0.9986129687
-0.3226703558
0.2320274416
-0.7146755038
-0.0196209792
1.3010327047
0.1803803321
-0.3362490639
-2.1561692854
0.0940595307
0.7631303831
-0.5335961383
-1.0711436668
0.5964713144
1.5471296240
0.3889278728
-0.1653680889
0.5966928007
0.6350490556
-0.5775276687
-0.9957500838
-1.3171260459
0.5149715169
-0.0989236595
-0.5150919285
0.5356373163
1.6016496227
-0.2064497074
2.1708121598
-0.4673608395
-0.3711063873
0.1514544000
-0.6445415846
-1.4770830112
0.1847808100
0.2456115320
-1.1221311472
1.2051437278
0.4315893858
1.0904960555
0.1479053920
1.2045969901
-0.0478987506
-0.0383842729
0.4144048678
-1.0092471434
-1.8415979655
0.3876319547
-0.7611028571
0.2765982011
0.2603120562
-0.6079191716
0.2601173388
0.5978017894
-0.4841077459
0.5649903290
0.0206041325
-1.9452398102
-0.4731174850
-0.9876052278
0.8236937372
1.0415631900
0.1321622554
-0.4851195068
1.0754573021
0.2769209834
0.0761617153
1.0248571509
-0.8555196853
-0.0141476440
-0.6752965780
0.7189030208
-0.8810204528
0.1007047698
-0.1670084000
-1.7645320407
1.1777381217
1.4202507503
3.7689452267
-0.9091463056
-1.3853626200
-0.5003131160
1.3575150475
0.0990651666
0.3154424000
-1.3459110550
0.5608099285
-0.7050062731
-0.3250552981
-0.4586681605
-1.1078827493
-1.4277371540
0.5331650758
0.0715144083
-0.4240874934
-0.7603411988
-0.4572338286
0.2796338335
0.6905731919
0.1631084279
0.9644115041
-0.1938980619
-1.2533460814
1.1112527970
-0.7066746073
-1.4606951816
-0.6318893987
1.7732475138
-0.0265985211
-1.9303518165
0.5443973197
0.4748839268
-1.4543781891
0.6810493658
-0.0725377899
-1.2283819132
1.0831123157
1.1240513246
0.8006794067
0.3020744162
-1.4196790345
-0.7719095613
0.3982339284
1.1974008568
-0.8620297274
0.3013362104
-0.6748869385
0.4782660534
1.4897324620
-0.7523228000
-0.0475073049
-0.4675029907
-0.0633617563
0.7972212028
-0.1965166609
0.9588013268
-0.8891754631
0.5316243814
1.3443788196
1.1167560140
-0.4294985950
-0.0703640470
0.0605165309
-1.2140119967
0.0675208425
0.0106607137
0.7725456027
0.2252088255
-0.5422158507
-1.2523704062
0.5013909403
-0.0751998087
0.7949566635
-0.2457850501
-1.4241179050
-1.1579851139
0.9023030649
-0.6063542869
-1.2342678370
-0.8446545477
-0.2818904442
0.3631211561
-0.6871806342
-0.8542158139
-1.0248565698
0.5943569636
0.7171177407
1.3020159351
-0.5524716494
-0.1552068790
-0.7548936294
-0.0614759652
0.2970757886
-1.0663601061
-0.4010856249
-1.1449655732
0.9399922099
-0.7560815806
-1.9796412192
0.4403883115
0.2983699844
0.2873573102
-0.1322941378
0.0524955009
0.3772889868
-0.5577749785
1.6026148951
0.6787689843
0.1455623825
-1.7309901230
0.7971908934
0.5274102186
-0.4737596112
-1.2000226524
0.4867604490
1.0352879828
-3.6179784800
0.1836796234
-0.5887398736
-0.2124593475
-0.0677248325
0.2858880092
-1.3464253072
1.2340441015
0.7440724470
-0.9272343728
-1.0300216580
2.7555884288
0.2943456789
0.1242236561
0.5905256372
-0.4223043166
-0.5157465460
-1.2417473943
-1.1992040939
0.2068316851
-0.1410036423
-1.0792461329
0.3566870531
0.9909975826
0.5133987961
-0.9720869932
0.0704315891
-0.1930693692
1.3352977727
0.0042646446
1.2743178676
-2.6210080203
1.4406422414
-1.6256382727
-1.5540605347
-0.3786294051
0.9126330209
-2.6421891826
1.5556736866
0.1034534177
-0.7721656053
0.2440851121
-0.0399795737
1.0551380334
1.6085491624
-0.6152997937
-0.5174514197
-0.3529110855
-1.3042400386
-1.3288319930
0.4909158603
0.8508165947
0.6476889125
0.6443734731
1.2135434185
-0.2746775762
-0.7575384084
-0.3166790252
-1.7338019922
0.9285619207
0.7051927405
-1.1761990109
0.4493095923
-1.2874512630
0.6006195472
