15 3 0.10
40 0 4 0 5 0 6 1 3 1 4 1 5 2 3 2 4 2 5 2 6 2 7 3 1 3 2 3 3 3 4 3 5 3 6 3 7 4 2 4 3 4 4 4 6 5 0 5 1 5 2 5 3 5 4 6 1 6 2 6 3 6 4 7 1 7 2 7 3 8 0 8 1 8 2 8 3 9 1 9 2
31 0 4 1 4 1 5 1 6 1 7 1 9 2 0 2 1 2 2 2 3 2 4 2 5 2 6 2 7 2 8 2 9 3 2 3 3 3 4 3 6 3 7 4 4 4 7 4 8 4 9 5 4 5 7 5 8 5 9 6 7 6 8
38 0 4 0 5 1 4 1 5 2 1 2 3 2 5 2 6 2 7 3 1 3 3 3 4 3 5 3 6 4 0 4 1 4 2 4 3 4 4 4 5 4 6 5 0 5 1 5 2 5 3 5 5 5 6 6 2 6 3 6 4 6 5 6 6 7 1 7 2 7 4 7 5 8 1 8 2
5 3
6 5
2 6
0 0 0 0 0 0 0 0 0 0 0 0 0 0 0
0 0 0 0 0 0 0 0 0 0 0 0 0 0 0
0 0 0 0 0 0 0 0 0 0 1 1 0 0 0
0 0 0 0 0 0 0 0 0 0 1 1 0 0 0
0 0 0 0 0 0 0 1 0 1 0 1 1 1 0
0 0 0 0 0 0 0 2 1 2 1 1 1 0 0
0 0 0 0 0 0 2 2 2 2 1 1 1 0 0
0 0 0 0 0 0 2 2 2 3 2 2 2 0 1
0 0 0 0 1 2 2 2 3 3 3 2 2 1 1
0 0 0 0 0 1 1 3 2 2 1 2 1 0 0
0 0 0 1 1 1 1 2 1 1 0 0 1 1 1
0 0 0 0 1 1 1 1 0 1 0 0 1 1 1
0 0 0 0 1 1 1 0 0 0 0 0 1 1 0
0 0 0 1 1 1 1 0 0 0 0 0 0 0 0
0 0 0 0 1 1 0 0 0 0 0 0 0 0 0
1.5894290483
0.1641245913
-0.6016826220
1.2805260097
-0.6220516031
1.2398419841
-0.5894223743
-1.6277462810
0.4206938019
-1.0772576016
1.0095062481
0.2268575705
0.6747577665
0.4328188977
-0.4799085969
1.6048756954
0.0861541488
-0.2131622139
-1.0391549052
-0.6820592621
1.2747447189
-1.7129715802
-1.3087292696
-0.6554853225
0.1274952556
0.7093169497
1.7328005940
-1.1751719261
0.2961066101
-0.2519706189
2.6848425497
0.0314625396
-0.9340298021
-1.6192910256
0.6151794384
-0.4406822302
0.3551188106
-1.0775585526
0.8010894234
-0.1740233561
-1.0840030666
-0.8943671070
-0.2512805480
1.0789913795
-1.0921116266
-1.1054166795
-0.0003393383
-0.5853774309
0.1941067382
-0.5403073713
-0.0513345199
-0.0597422811
-1.3557140035
1.1572584859
1.2422081870
0.0142482295
-0.9780478824
2.5823478068
-0.2178754934
0.7946750095
1.5439969948
-0.6811344582
-0.7599401970
0.8751682800
1.9465609432
-1.8838055780
1.7898315309
-1.0311189734
2.5258883510
-1.8643088059
-0.3982020857
1.8000306763
0.2959876405
1.1439727389
-0.4896981541
-0.7483309326
-0.2864653220
-0.0149499401
0.6887216346
0.7483817589
0.1349711253
-0.0953852029
-2.3180241097
-1.9602600444
-1.8915093217
0.5991369040
0.2173460694
0.6646851074
0.7653103353
1.6062822911
-0.0663829328
-1.8082719533
-0.9355328544
-0.2787522072
-0.1440915042
0.7282338849
-1.0526758549
1.0158583223
-0.2287553326
-1.5400716292
0.4470623842
-0.2204557244
0.6115070267
-0.9880805736
-0.1866850108
-0.0236989782
-0.5301630815
-0.5555440465
0.2296946884
0.6133622914
0.7654170801
1.7181976815
0.9652624542
-0.3105005478
-0.8193421507
-0.9458948889
0.0170268141
0.8376768473
1.4416657386
1.4191617871
1.3291193088
-0.2562387941
1.7551263228
1.4615176076
1.1268250996
0.2253117518
-2.2021624168
2.1077052845
0.2624844200
1.1799078831
-0.6553446688
2.3580482741
0.3077022885
-1.7959484779
0.8159305653
-0.5048846020
-0.3197215151
0.5704502250
0.1736263151
0.6751581448
-1.4936986637
1.5172064880
2.1695485570
0.4753019242
-0.2435060466
-0.3458230968
0.5802712011
-0.2391735938
1.1624920132
1.6734081662
0.3801728322
1.3792547909
-0.3975022359
0.3028784147
-0.6736373206
0.5795320921
1.5997712919
-0.5773605537
-0.1166369829
0.2666918265
-1.0262715239
-0.3781275238
0.4435024054
0.8316003882
0.0171866923
-0.4736451990
-1.6671824398
-0.5154750656
1.7287635692
-0.7803291846
-0.7055387768
0.2009859490
-1.1213813551
-0.5977292285
-1.3381842786
0.4274007899
-0.8211619398
-1.7338253025
-0.2941884299
-0.5837572810
-1.1899386890
-0.3744766417
1.4927961951
-0.1169302948
0.3416751154
0.9414073423
0.9483728352
0.5560723632
0.9390415109
0.6461890275
-0.5034888876
-1.6582607971
0.2944861867
-0.1001995736
0.0755915923
1.3571153668
-1.6463327657
1.6159864714
0.9770659438
0.7607135448
1.2051848536
-1.2575277160
0.7547646201
0.9823016312
0.5348474229
-1.4871279104
0.0542569744
0.6194649096
0.8220003145
-2.0997668283
-0.8070904104
1.0687983187
0.6065031394
-0.3312852552
-1.8759133636
-0.0725918685
0.6386525198
0.5725443867
1.1590660803
-1.7068465569
-0.0046070413
-0.4593723028
-1.1773997797
-0.3793121502
-0.6689411640
0.3460032142
-0.6606759798
-0.2966474074
-1.0862441997
0.0360516903
-0.8830447781
-2.0008715064
1.9651463167
-0.1709046143
1.2283229623
1.0639695903
-1.7082925776
-0.9946430541
-0.1978312534
-1.6555669972
-0.9440543595
1.0897459757
1.8594314935
1.5106734135
1.0503077800
0.6341800184
-0.6991550668
-0.5594759003
0.1450884273
-1.5647909531
1.1776702767
1.1090898656
1.4468400090
0.6058967699
1.0941630067
0.3523916146
0.9039631974
0.8712441883
-1.0053254280
1.2286552983
-1.3207334159
-0.8891697164
-0.6658559642
-0.1871237417
0.4165766064
0.7617057671
1.4432840858
-0.6978273527
0.7235345372
0.3710306197
1.0174273459
-1.8894093473
-0.8560701574
-0.4811481707
0.3591032672
-0.3722892642
0.7046998500
-0.8668637148
-0.6380134135
1.1626229798
-1.3616586072
-0.4939506579
0.3432316405
0.2373573934
-0.4638977689
-0.1574132480
1.6172144898
-0.0773734988
-0.7759187537
0.2271996686
-0.5134792279
1.0046233734
-0.0614121082
0.3291022776
-1.1314099256
1.9511346539
-0.3425507147
-1.4659047773
-0.6245427322
0.1910441608
1.3255476521
0.5441695940
0.0335394340
0.1131345213
-0.8058482423
0.3180088327
-2.6684358584
0.0787133644
-0.0561020516
1.0406712798
-1.2867484809
0.5618097854
0.3691599336
-0.2481915427
1.3273906348
0.2265657920
-0.9394454829
-1.9349626481
0.4695409444
0.8694972586
-1.0569438366
0.5282443433
-1.1158978512
1.4784985436
-0.5177334998
-1.1932233557
-0.0294975462
-0.5361614765
1.0428404071
-0.7580063404
-0.5254047300
2.2810893679
0.7210335076
1.3440474550
1.1637954684
-1.1602264950
-0.3267171251
1.1117845915
0.6149802305
-0.1259085552
-0.8634374266
-0.1536862681
-0.6362665116
0.2798457601
-0.0609942700
1.1902586083
-1.1526946094
-0.1434320492
-0.2187983565
-1.3481568589
-1.3539270723
-0.4542839112
0.3014501252
-0.2677339383
-0.5358368813
-1.6485529041
-0.2733808535
-0.3960128851
0.7766678887
0.9709960059
1.6826005978
-1.1977822508
0.8640888106
1.3637063059
0.2469082545
0.9221903626
-0.7938083205
1.4256278593
1.2884927074
0.1277072910
0.1490175418
-0.0266011545
0.1368050727
-0.8180584053
-0.8808271230
0.3175253297
-1.3890152582
0.6325114835
-1.0949535844
-0.4782437441
-2.1932607398
-0.1366227718
1.1724182960
0.1349196774
0.1496964905
0.0005827805
0.6568361563
0.9337998429
1.6411119782
0.7314669152
-0.0027933120
1.1280554650
1.9381538914
0.3287737029
1.3149435330
-0.5191124496
0.2408270378
-0.0894986314
0.5322710056
-0.5278572400
-0.8302708844
-1.6363680441
0.2411751020
0.0588056571
1.8011763936
-1.1212504914
0.1878399919
-1.2760466764
0.1169512328
0.5253164530
0.2334439202
-0.5694986075
-0.1144625884
0.5706559493
0.9385957627
-1.3083702289
-0.7994897842
1.4291956134
-0.5363432873
0.2547057789
-0.9677779023
1.4957115084
-1.4219434025
-0.2668737841
-0.0452681593
0.0258281626
-0.5830865304
-0.0978309023
2.1889983869
-1.1127733553
1.9176568017
1.6469390625
-0.4078545042
0.3624013164
0.5285547098
0.6502585484
-0.1326663902
-2.1289725400
1.0837639471
1.2753495522
0.8973009675
-0.5840062331
0.5526919343
0.2252234342
1.0771860732
-0.6976070411
1.8091281239
-1.6186097225
0.3270909586
1.0881504153
