15 3 0.18
25 0 3 1 1 1 3 1 4 2 0 2 1 2 3 2 4 2 5 3 0 3 1 3 2 3 3 3 4 3 5 4 1 4 2 4 3 4 4 5 2 5 3 5 4 6 2 6 3 7 2
25 0 2 0 5 1 0 1 1 1 2 1 3 1 4 1 5 1 6 2 0 2 1 2 2 2 3 2 4 2 5 2 6 2 7 3 0 3 1 3 5 3 6 4 5 4 6 4 7 5 5
20 0 1 0 2 0 3 0 5 0 6 1 2 1 3 1 4 1 5 1 6 2 0 2 1 2 2 2 3 2 4 3 0 3 2 3 3 3 4 4 2
5 5
2 7
10 7
0 0 0 0 0 0 0 0 0 0 0 0 0 0 0
0 0 0 0 0 0 0 0 0 0 0 0 0 0 0
0 0 0 0 0 0 0 0 0 1 0 0 1 0 0
0 0 0 0 0 0 0 1 1 1 1 1 1 1 0
0 0 0 0 0 0 0 1 1 1 1 1 1 1 1
0 0 0 0 0 0 0 1 2 0 0 0 1 1 0
0 0 0 0 0 0 1 0 1 1 0 0 1 1 1
0 0 0 0 0 1 1 0 1 1 1 0 1 0 0
0 0 0 0 0 1 1 1 1 1 1 0 0 0 0
0 0 0 0 0 0 1 1 1 1 0 0 0 0 0
0 0 0 0 0 0 0 1 2 2 1 0 1 1 0
0 0 0 0 0 0 0 1 1 1 1 1 1 1 0
0 0 0 0 0 0 0 2 1 1 1 1 0 0 0
0 0 0 0 0 0 0 1 0 1 1 1 0 0 0
0 0 0 0 0 0 0 0 0 1 0 0 0 0 0
-0.1997893217
-0.2390102075
0.8776030952
-1.2209753285
0.8720547889
-1.3735748580
-1.0854140827
2.8528994106
0.1221861235
1.1082493024
-0.7393887051
1.2897922534
-0.6647736224
-0.8538504825
-0.9074319553
0.9631565734
-0.0856997967
-1.9690419507
0.2738193350
0.6161165721
-0.2951175623
-0.7989614343
0.6449605213
-0.1349012814
0.2968457467
-2.0625211214
-0.5898863226
0.4713021593
0.1600407981
-0.4809025315
-0.4566341734
-0.2206109176
-0.1248502866
-1.1301031804
1.3145815030
1.6050296667
-0.5053059303
1.3720995384
-0.0566677982
-0.1736605080
-0.1524595018
-0.6322092861
-0.4398688411
-0.6493117518
-0.5072929511
0.3284479223
0.8695971130
-1.2236946120
0.7908465008
-0.7944417142
2.2701180426
0.0245856258
0.4044047234
0.1433917466
-0.3349464154
2.0552635732
-1.4146582337
0.2068038575
-0.4894911191
-1.7970716388
2.6243339717
-0.2458139130
-0.1955582679
-0.6203959295
0.4768738161
1.0898191296
1.5500603800
0.5889601751
-1.3433936763
-1.8660169984
-0.9559665529
-0.0850900450
1.0661173893
-0.7324060688
0.9091837572
0.9901080698
-1.4602134232
0.0648559356
0.0136327517
-0.1025226682
1.0819746939
-0.3464818525
1.4999432880
-0.9405964925
-1.0319773545
1.0177353330
-0.5127509302
-0.2468109837
0.8404287109
-0.3757207881
-0.1652663692
1.2236278579
0.6443353574
0.2092452986
0.3780481105
0.4896681544
-1.4638062541
0.8443282313
-1.4002720374
-1.2131745118
-0.7269407862
-1.7479906993
-0.9288467059
1.1724656135
1.1524003613
1.5245426501
-0.0641451647
0.5108286919
-0.3746481686
0.4997723787
0.4456196558
-0.1222317020
-1.1167287292
2.2425039900
0.2721370171
-0.3440894494
-0.6863820163
-0.2835673190
-0.3234403688
-1.0500594558
-0.7477826075
-0.9358345176
-0.1967218291
-0.2742604779
-0.8728381696
-1.3769529527
2.0628633833
0.4297177125
2.2666559668
-0.2113011865
-1.2881079905
-0.2553666586
0.5541312946
-0.0129947037
0.6755336998
0.3955393160
-0.0897750839
0.4445884500
0.7720032785
-1.3218125072
0.2625371279
1.2946817552
0.0315620783
-1.0708628442
-1.0293209546
1.8870024012
0.4495361668
-2.7457717003
-0.0154224845
0.8458707447
0.6325446068
-0.5710479751
0.2831295330
-0.0881403504
-0.7242796557
1.4367095740
-0.8243919659
-0.4786427553
-1.1980991697
1.1070503969
2.6091197125
0.6614539757
1.2399247421
1.0095970295
-0.7196361019
-0.0591389897
0.0821604171
-1.3739248549
-0.0450558784
0.4426234948
1.1294924846
0.5625575648
0.0672977161
-0.3446589368
0.2646143699
-0.3234244870
-0.4561538146
1.7509649582
-0.4436052174
0.3466690358
0.2831932319
-1.8567463080
-0.5150661997
-1.6924333062
0.9466749413
0.6091219379
-0.3375853594
0.8908886441
1.0151914409
1.4434117665
-0.3489604973
0.5680107417
-1.0514476458
0.0030286232
0.2819245126
-0.6919534295
-0.7611542028
-0.5597077474
0.4790533342
-0.7316257471
-1.0897741661
-1.5598079449
1.3053719712
-1.3537276857
-0.2036534919
1.6501017886
-0.4216829787
-0.8972783749
0.7561496179
1.4295319393
-1.2800179955
1.1710257023
0.1485729151
-1.3735955762
1.0047487785
1.5598396268
-0.4347478363
1.2352445798
1.9815038047
-0.2540778682
0.3232067354
-0.2317292900
1.6185934511
1.2994204253
1.5506393574
0.4765195967
-0.0698388470
-1.7629593685
-0.6992782003
0.6199957821
0.6215215673
0.0431717939
0.3286292982
2.0834860862
-0.5550768854
0.4353910471
-0.6034988055
-0.8467585273
-0.3714475715
1.1369975222
-0.4187550433
1.5550613893
-1.8612567024
0.7986254810
-0.1570683537
-0.2995807970
-1.3256782023
-0.1317922517
-0.3793814764
-0.7084338089
-1.4368303637
0.5867756671
-0.6426032738
2.0907920287
-1.6706323286
-0.0240105345
-1.0146008557
-0.6797272898
0.1140891681
1.5935769124
-0.6512098404
0.0305775052
0.1156956514
0.6166824921
0.9395495873
1.6589295692
0.0258601378
1.1290508046
-0.3800342345
-1.2683220135
-1.5098527920
0.0213768422
-0.6985106586
0.2065332321
-0.2117759726
0.4259483926
-1.4181592805
-0.6988889987
-0.1059180592
0.1049296032
-2.3503890713
-0.2068980885
0.2995192348
1.5663640745
-0.0352152467
0.1549470331
0.6430428560
-0.4789043337
0.0918580292
2.4187130050
-0.4594549737
-0.3489717491
1.6249770330
-0.8200344264
-0.6016241934
-2.0761163962
1.3230655420
-0.6038973314
0.3922788910
-1.3827074275
-0.5056569025
-0.2369797414
1.2956687425
-0.2688537988
-1.4497296292
-1.0420381825
1.0215563505
-0.8260951068
0.8684643303
0.2115692996
-1.2406957322
1.9393380025
0.5355480101
0.2883043041
0.3204761095
-1.4270539897
0.0225785320
-0.4691776106
-0.0162627603
0.8785551042
0.6790969894
1.6476606158
-0.0536886070
0.2820171894
-0.7084817144
-1.2402405181
-0.5225901015
-0.3695218779
-1.3890491465
0.8489556069
0.7120693975
0.6282326218
0.1880597195
0.1213633045
-0.1327709082
0.1448908828
2.6931769242
0.0043424370
0.7371166583
0.4990455095
1.7578956508
-0.0054278031
1.1060338005
-0.1307089352
0.0234066172
3.1901898431
1.8054645410
0.1844456845
-0.9884400477
-0.3979053133
-1.7681848140
0.7955642746
-0.4047114223
0.0269256923
-0.2228313604
0.4907919187
-0.4407186952
0.8535029212
-1.3860696188
0.4297815259
-0.0563273252
0.4144624001
0.5246973884
0.0544666679
0.0031173777
0.8458327865
-1.2097006768
1.7766430759
-0.8564366197
-0.5385827095
0.5386339201
-1.1454340988
-0.0072131523
-0.4309646270
0.4906486015
-0.0591092248
-1.0959289520
0.4765356756
1.1794499888
1.8598366592
-0.0623404544
-0.4335512680
0.7417813884
0.2512795947
-0.3705942843
-1.6623745751
-0.4475375678
-0.5685954804
0.8057034966
0.4534762955
0.3002146664
-1.3607271787
-0.8161349638
-0.1611888591
1.2617297122
-1.6769986729
-1.2169936729
-0.8714443753
1.1115171453
0.5242918459
-1.7812745338
0.3737341601
0.6356862277
-0.2319207017
-0.2025647732
1.7025971297
0.7061838350
-1.0733464263
1.2610322851
-0.8603797665
0.1330585249
-1.3454398768
-0.4095523976
0.4959303216
1.4073664079
0.9101222727
-1.4810360200
2.0364673648
1.4421447612
0.2248698849
1.8727259582
-1.3710430241
-0.3964643131
-0.2764101654
-0.6463810079
-1.1147555132
0.8376288007
1.3301845760
-1.2043180978
1.0952380416
-0.3554909700
1.0184327365
-1.1006679728
0.3431430175
1.5849786805
-0.1862469645
-0.7886613147
-0.5428705774
0.0894502811
-0.1524991019
-1.0662698212
-0.4413921003
2.0908074564
-0.5394718299
-1.6576934913
1.4817674739
-1.3440316988
1.0267113901
-0.4722821057
0.0619595153
