15 3 0.11
30 0 2 1 1 1 2 1 3 1 4 2 1 2 2 2 3 2 4 2 5 3 1 3 2 3 3 3 4 3 6 4 0 4 1 4 2 4 3 4 4 4 5 4 6 5 0 5 1 5 2 5 3 5 4 5 5 6 2 6 4
25 0 3 1 3 2 2 2 3 3 1 3 2 3 3 3 4 4 1 4 2 4 3 4 4 4 5 5 0 5 1 5 2 5 4 6 0 6 1 6 2 6 3 6 4 7 3 7 4 8 4
29 0 0 0 1 1 1 1 2 2 2 2 5 3 1 3 2 3 4 3 5 3 6 4 2 4 3 4 4 4 5 4 6 4 7 5 3 5 4 5 5 6 3 6 4 6 5 6 6 7 3 7 4 7 5 7 6 7 7
3 0
6 9
5 0
0 0 0 0 0 0 0 0 0 0 0 0 0 0 0
0 0 0 0 0 0 0 0 0 0 0 0 0 0 0
0 0 0 0 0 0 0 0 0 0 0 0 0 0 0
0 0 1 0 0 0 0 0 0 0 0 0 0 0 0
0 1 1 1 1 0 0 0 0 0 0 0 0 0 0
1 2 1 1 1 1 0 0 0 0 0 0 0 0 0
0 2 2 1 1 0 1 0 0 0 0 0 1 0 0
1 1 2 1 1 2 1 0 0 0 0 0 1 0 0
1 2 2 1 2 2 1 0 0 0 0 1 1 0 0
0 0 2 1 2 1 1 1 0 0 1 1 1 1 0
0 0 0 1 1 1 0 0 0 0 1 1 1 1 1
0 0 0 1 1 1 1 0 0 1 1 1 0 1 0
0 0 0 1 1 1 1 1 0 1 1 1 1 1 0
0 0 0 0 0 0 0 0 0 0 0 0 1 1 0
0 0 0 0 0 0 0 0 0 0 0 0 0 1 0
0.8494772976
-0.5681030483
-0.6269738071
-0.6975483807
-0.5256842117
-0.8299308388
-0.3758524981
-0.5500972637
-0.1806789707
-0.2610013977
-0.7465068670
-0.9881112517
-0.2436647438
0.4890860120
-1.1992358336
-1.1381892029
0.9709298951
0.1258549663
-0.3489792971
-0.7126311803
-1.9254566804
-0.7066666880
-1.3891096933
-0.3664043707
0.4585939928
-0.4399701588
-1.9318978395
0.4283517905
-0.4803819680
-0.5901960981
0.9404944731
0.1522689057
1.4139004910
-0.8497580190
-1.0502404849
1.3956433691
-0.2038956206
-1.1297693919
0.6760532071
-0.6438646969
1.0532652053
-0.5224323269
0.1660865747
-0.8126460456
-0.0000679443
-0.1179153985
0.1338326358
-1.0945900915
0.8958161632
-0.7862149392
-0.2129763650
1.6989343292
-0.5876411008
0.8054697012
1.0617635371
0.2614957300
0.1584028255
-0.0709243227
-0.3160471100
2.7496230775
-0.3187483562
0.0447525902
0.4620048071
1.5268799963
-0.3301830874
-0.7495710494
1.2518436503
0.6267619739
-0.6690891454
-0.8083634349
-0.6481746199
0.4102901939
1.4788099404
-0.4679902630
2.5142108402
-0.4396039730
0.2162526163
0.4803855948
0.1002638213
-1.2463242303
2.0865063749
-0.6373890884
0.9475362497
-0.4551012662
-0.4132741408
0.0812380897
0.8308673958
0.7886513928
0.2928090403
0.7040243713
0.0824134007
-0.1332960095
0.9719351214
0.3256259498
-0.7450896218
-0.7990275439
-0.6501649263
0.3839297835
0.6712354498
-1.4748322649
-0.2320560022
0.1370569996
0.8687631364
-0.1055724186
-0.2271673285
0.6096579696
0.0674391736
-0.0833225999
-0.7735712530
-3.0240619202
-1.4162610927
0.6715914082
-0.3728103842
-0.3778952748
0.9828840457
-1.1025771034
-0.8382398701
1.4854590892
-0.0676237289
0.2080618145
0.6086792105
-0.2265915034
1.1330474738
0.8035886155
0.8087597477
-0.0075720827
-1.6493809845
0.0341679367
0.7556577932
-0.3811933412
0.4933369537
-1.3274776177
0.1545724720
-1.1939748925
-1.0680845693
-0.2562774858
-1.4080008025
0.1680737851
-0.4985492132
-0.6002949204
-0.1393133078
1.1511329186
-0.9633524823
-0.2033650502
1.1068204261
-0.3240184462
0.6627051992
1.5726109871
0.4662512635
0.7144500996
-0.3155242658
0.4196299680
0.9970926224
0.5092483723
-0.1728856423
-1.7126442413
-0.7529236893
0.2173847514
-0.0273274062
1.0531897272
-1.8321249245
-0.0569945400
1.0075241938
-1.3369249883
-0.5829375017
1.1753250539
0.8331207705
-0.0649246748
-2.0194822419
-0.1678329234
-0.1155436897
-1.6703108673
-0.7337916222
1.5562294786
1.5740800031
-0.1407767050
-1.4750960906
0.3776552676
-0.9143469080
-0.8389904117
0.3863994676
0.5324619775
0.7348138909
1.1818446092
1.3328817413
-1.0289585786
-0.5152752551
0.2365637294
2.3580925563
-0.0868782253
1.4991535502
-0.1320840057
-0.5925534787
1.3980443148
0.4953153359
0.1431258284
-0.3635107447
1.1584197855
0.2393822682
-1.6279039752
-1.8262123071
0.3626394893
0.1782987405
1.3304814022
-0.1035628178
1.5160596623
2.3414389964
0.1110208973
-0.0017336327
-1.7705403270
0.1533233332
-0.5431983459
0.9914726786
-0.5448193186
1.3624578054
-0.3501539815
0.9523540930
-2.1827150343
0.5841657496
0.0202873352
0.7113792705
-1.3092628207
0.9163113010
-0.8022556601
-0.0351900396
-0.3461773371
0.1158571455
-2.3280075674
0.3532827770
-0.3287004875
-0.7304676262
0.6858680074
0.3208494211
0.8211362685
1.9916369720
-1.4647708532
0.8921617068
-0.4795419625
1.5556539277
-0.1963663391
-0.0210839458
0.5449350111
-1.4640528095
0.1310629835
0.8286617441
1.0350419048
-1.7071045112
-0.8858953859
0.8431259429
0.7127260398
-0.6207164929
2.3308834912
-0.3163208910
-0.1759152739
-0.6450307355
-0.1537713516
0.1186756267
-0.1919107511
-0.6758509025
0.4871349260
-0.0842948179
-0.0193913857
1.0963090894
0.4050265568
-0.3688079874
-0.4077445869
-0.6351923335
1.3415685587
0.3859590204
1.6774096567
-0.0307611240
-1.4969094038
-1.7882394594
-0.4316864619
0.7423995380
-0.5296300917
0.4572320901
0.8434966621
-1.0318413937
0.1291506444
-1.9644522682
-1.2456623689
-0.1394116936
0.0929519269
1.1457929160
0.5498080934
-2.0188665014
-0.4426848295
2.1117441711
-0.7296419991
-0.4766098097
0.5850514557
0.2939909799
1.0240495762
-0.8156529399
-0.2099351026
0.0936741718
0.6525148278
-0.8338848310
-0.6854276472
-0.8169991439
-0.8572057373
0.2370948014
0.8565744679
-0.7707654833
-0.5203664757
-0.2674447446
0.5378204560
1.4489108944
-0.2601906804
-0.0078804653
-1.5412525023
0.8250911019
0.3571102950
-0.6709918090
-1.5861909946
0.6154951539
-1.0315098459
0.4531490724
1.3994910578
0.9400400613
-2.8700604911
0.9663025096
0.4939940035
1.4169295077
0.0878797844
-0.4704342291
-0.3176646840
-0.0974802121
-1.1396420409
-0.7138294909
1.1376150605
-0.0916278076
-0.0244861314
0.3436648721
1.8780421097
-0.5537212479
-0.4452700610
0.0992097140
-0.1775104827
0.8596004362
0.2782868895
0.0785502897
1.8922851244
0.1042201274
1.8439054099
-1.8096882199
-1.5472831166
0.1077193262
-0.3223779335
-0.1006385493
-1.1660971304
0.4130389157
0.3747775855
-0.2220120448
0.4887481168
-0.6287843153
0.1116926049
1.5796393274
-0.0572312288
-0.2141214720
-1.7251155680
-2.1055517739
0.3903422787
0.5961839406
-0.7761412016
-0.5429206969
-0.6190340013
-1.8208721910
-0.4247476032
0.4603495829
-0.1037843732
-0.5047384760
1.0407602304
-0.0846267600
-2.2672974733
-1.5751956574
0.4422085674
1.2980274919
0.0121625104
0.2161176590
-1.2221469472
1.4670769048
0.0699074958
-0.3320543025
-1.0378153409
0.2158929962
-0.6009469350
0.8868934409
0.2034551256
0.8176299499
0.0980571064
0.1750018581
-0.5932828722
-0.6459850487
0.7805711810
0.8615435743
0.0203449145
0.4731671290
0.9320314884
1.0768339388
-0.0862772494
1.3346216995
2.0655639507
-0.5655871775
0.7495768988
-0.2476955714
-3.2500737960
2.3392788309
0.9084341371
0.1557759078
0.7801331136
0.0589878143
0.5754539490
1.4685941419
1.7603938454
-0.1592918112
-0.0883791380
-0.6449070212
-1.8717767309
0.7190632222
0.7658725092
-0.5308181288
1.8472934175
0.2515153523
-0.5547261679
-0.0205070653
-0.2694791717
-0.8187831478
0.4508870913
0.7436653543
0.0629596981
0.3151087699
0.0270050863
0.0876915633
0.8431569843
0.8031244766
2.3137252321
-1.4053623327
-0.9843262427
1.8072761071
0.9359196128
0.1558223750
0.0010980235
1.7827052115
-0.7023856112
0.5127481847
-1.1812826355
-1.5156450142
0.2660172895
