15 3 0.16
66 0 3 0 4 0 5 1 2 1 3 1 4 1 5 1 6 1 7 2 1 2 2 2 3 2 4 2 5 2 6 2 7 3 1 3 2 3 3 3 4 3 5 3 6 4 2 4 3 4 4 4 5 5 2 5 3 5 4 5 5 5 6 5 7 5 8 5 9 5 10 6 1 6 2 6 3 6 4 6 5 6 6 6 7 6 8 6 9 7 0 7 1 7 2 7 3 7 4 7 5 7 6 7 9 8 1 8 2 8 3 8 5 8 6 8 7 8 8 9 2 9 8 10 6 10 7 10 8 10 9 11 8
9 0 0 0 1 0 2 1 2 1 3 1 4 2 3 2 4 3 4
19 0 2 1 1 1 2 2 2 3 2 3 3 3 4 4 1 4 2 4 3 5 1 5 2 5 3 6 0 6 1 6 2 6 3 7 3 8 3
0 0
9 0
5 10
0 0 0 1 1 1 0 0 0 0 0 0 0 0 0
0 0 1 1 1 1 1 1 0 0 0 0 0 0 0
0 1 1 1 1 1 1 1 0 0 0 0 0 0 0
0 1 1 1 1 1 1 0 0 0 0 0 0 0 0
0 0 1 1 1 1 0 0 0 0 0 0 0 0 0
0 0 1 1 1 1 1 1 1 1 1 0 1 0 0
0 1 1 1 1 1 1 1 1 1 0 1 1 0 0
1 1 1 1 1 1 1 0 0 1 0 0 1 0 0
0 1 1 1 0 1 1 1 1 0 0 0 1 1 1
1 1 2 0 0 0 0 0 1 0 0 1 1 1 0
0 0 1 1 1 0 1 1 1 1 0 1 1 1 0
0 0 0 1 1 0 0 0 1 0 1 1 1 1 0
0 0 0 0 1 0 0 0 0 0 0 0 0 1 0
0 0 0 0 0 0 0 0 0 0 0 0 0 1 0
0 0 0 0 0 0 0 0 0 0 0 0 0 0 0
-1.0186972862
-0.6599097222
1.0247684839
-0.0389475744
0.3627884218
-0.2852473823
0.2959640503
-0.3121778353
-0.1608008555
-0.2944531695
0.1095245807
1.6535180111
-0.2830990459
0.7599559448
-0.6340617139
-0.6831683191
0.5341889326
0.9195851384
1.4124218488
-0.9684213286
0.9046329086
1.3858615232
0.9882207987
1.8804747611
-0.1871627735
-0.4716534755
0.3848428830
-0.3753975374
1.1750534025
-1.1880350939
0.0464174295
0.1367046988
0.1606794478
-1.4840233919
-1.6566545187
0.7755196188
-0.5879255692
1.1061088947
-1.7833918617
-0.4637320894
1.0699770643
-0.2948656890
0.7424835521
0.5523458860
-0.6441633359
0.9960676365
-0.4520262728
-0.2613092142
-0.9487849724
0.9290983702
1.1439811176
2.2527184064
-0.9707412961
0.8963674913
-0.0136865894
0.5334302733
-1.1912363089
0.0978318170
1.7712640753
-0.7575189068
-0.4044166973
-0.3790044428
1.9112874253
0.1325505918
1.1527194079
-0.8344082606
-2.0781418245
-0.7975551795
0.3409763887
0.3436862195
1.2837321514
-0.2795719416
0.5708198822
0.0066228569
1.8535390616
0.2344636639
0.1950220936
1.2462758125
-0.0506231942
1.8527134775
0.9672000399
0.1385650275
0.8815279533
0.2942691942
1.3158601820
-0.5262527036
1.1792940721
1.8359719487
-1.0477198706
-0.3595006018
0.3494780599
0.6477711427
-0.0258924946
-0.3494522534
-1.2257087463
-1.4358021237
0.3357020937
2.7165622754
-0.4801005663
0.5891551935
1.9529781437
0.2600528918
1.3655722304
1.4225451763
-0.2230956408
-0.1137774071
-0.5073945964
1.4137391259
0.4389901349
-0.5498861207
2.5327351967
-0.3650007760
1.1756871969
-1.5929485842
0.1664618342
-1.7611099780
0.8108472113
-0.4526809601
0.6157038467
-0.8467162864
-0.8824718160
1.0208101982
-0.9893257354
-1.1095876305
-0.9406104594
1.4870349565
-1.2045376600
-0.0113715201
0.3290040710
1.0572586832
0.4293558886
1.6825500357
-0.3291695828
0.0477165580
0.7520800986
1.9675668757
-1.2049406589
1.1684456918
-0.5854302212
-0.0312971033
0.3618802981
0.5634420330
0.5513205649
-1.8801533901
0.3796599371
1.4310824713
-0.7090372386
-1.5850240093
1.3217080619
-0.5075336615
0.1262856416
-0.7041081248
0.2032563248
0.1405092056
1.7149832005
-1.4033583151
-0.1573789036
-2.1824374215
1.9396306355
1.0527387421
-0.1408225682
-0.0616449136
-0.1227699997
1.8394496842
0.0016876836
-0.7745619564
0.9864454164
0.4306750161
2.0589250469
-0.4181359631
-1.4324075518
-0.4991503973
-1.6406849455
-0.8519849925
-0.5249028376
0.5745901938
-0.3206912673
-0.1730744688
-0.7266802131
-0.3016635792
-1.1422634662
-0.7896575310
0.0265514970
0.7232258340
1.0131127347
0.7529150946
-0.5226409351
0.8822436026
0.8596111125
-1.6838290905
0.4553646653
2.7006690189
0.2605879988
0.0796544299
0.5151104663
0.3277615567
0.0284994307
2.7385298242
-0.9353794479
0.8281730720
-1.0934660638
-0.9106527145
0.6779587897
0.8690421794
0.5614015792
0.9748509759
0.1418372002
1.2603412646
-2.3126082735
-1.8672022275
1.0031507920
-0.0200248247
1.6185687592
-1.0707147136
0.6063665372
-0.7538143532
0.1654179643
0.9093704228
-1.2718820292
-0.2501665582
-1.8937025175
0.7939439904
-1.3438480872
-0.1441350841
-0.0368481815
-0.6322746318
-0.2784413339
0.3611775047
-0.8562974692
0.5728974180
0.2923988990
0.9116748188
1.1036020318
1.3388167660
-1.0590929616
0.2103684587
0.1414102011
-0.7118173575
0.4711639514
0.4412235348
-1.0141035241
2.4756299633
-0.1140431085
0.1575178133
0.1211277537
0.4279287898
0.7308694380
0.9223694149
0.4505826140
0.6140666413
-0.6102356238
0.5430749885
-1.2398259101
-0.4890021868
-0.4487954564
0.3823950030
-0.8684355754
1.4498879561
1.2561805016
1.2314734943
-1.8930404394
-0.3427342189
0.2406006894
0.0565483888
0.7618097047
-0.3838231605
-1.9628231501
1.6784532449
-0.4576213987
1.3492486909
2.3522465032
0.3416995643
0.4505424559
1.0633150229
-0.1696279747
-0.3295598658
0.3860374612
-1.4878607574
-0.4406640021
-0.1101363739
0.0979619459
-1.0389852488
-0.3012691950
1.0649987463
-0.1850528085
-0.0542733993
-1.3273515329
-1.7920107547
1.2739312151
0.3859815815
-0.7364056117
1.4493022129
-1.0383338742
0.9239702176
-0.4876211989
-2.0891912443
-1.0552148639
-1.2770903399
-0.7867644420
-0.3682214094
-1.9238434751
-0.0708765246
-0.5359119369
-1.0973737678
-0.6747586805
1.0508481335
1.3165798311
-1.5847274527
0.2740442087
-1.6556551680
-0.9970686765
1.9279659061
-0.4203706714
0.1125165736
-1.1925477361
1.0267805424
0.1375258297
-0.5294514443
-0.6307551454
1.5659716299
-1.8915124288
-0.9430074372
0.3283356009
2.3617625404
-0.5064630230
1.0566963514
1.7106617627
0.2792658555
-1.6087985241
-0.6871413468
-0.4497755975
0.6477039778
0.7244063172
0.1530441122
-0.3037976374
-0.3561082412
-0.6439485064
-0.2065756849
-0.9899665180
1.5811714360
-0.5160405522
-0.4666342368
-1.3784981509
0.1821065564
0.2908661341
0.4921208513
1.3570074538
-1.1151151112
0.1553670082
1.7722539149
-0.9597987750
-0.6826772671
0.4286606185
0.8459975175
0.6566069323
-0.8067479572
-1.5733790126
-0.9298219861
1.3350081229
0.2319571782
0.8483809464
-0.8802116256
0.8359199751
-0.0971578930
0.2053138606
0.2103776357
1.8512394780
-0.3633923633
0.5733720118
2.5357971693
0.9584477795
-0.7082975627
0.5084619929
0.6169861026
-0.1869004369
0.8921373636
1.8841572250
0.7458130947
1.3976148998
0.1356673159
-0.5074920902
1.0432315623
-0.6260695326
0.5234136260
1.1610400254
-0.9984510312
0.1402668991
-0.2168467423
1.0206258810
0.1709133293
-0.0584726872
-2.3293540731
2.1387124664
0.5386129924
0.4109769503
0.3512517735
1.1503500494
-0.5708692852
-1.1223767942
-1.4052021365
-0.0854701488
0.0240713552
0.5543453148
0.1596255244
1.1309610176
-1.7661242443
-0.3898774723
-0.3364396291
1.2674297841
-1.5034479633
-1.1270875883
-1.6373043321
1.0096792596
-0.9261023494
0.8133721579
1.6179477601
-1.1292030761
-1.5228118947
0.5713550880
-0.6689391995
1.4726625017
-0.4973974948
0.6621246914
1.1770354410
-1.2249613734
0.2275845447
-0.7502491791
-0.0792756248
-1.6270098831
0.2340191575
-0.1203218602
-0.6294049669
0.6462529726
1.6832812597
0.8064907310
-0.3425237978
-0.0108716301
1.0548319791
0.1453783818
-0.6672382652
1.2864154329
-0.6566657950
0.1115749145
-0.4100633686
-1.7246312522
0.6220453627
-0.2655813133
-0.5593982491
1.3741045274
0.3233106970
