15 3 0.19
31 0 6 0 7 1 2 1 4 1 5 1 6 1 7 1 8 2 2 2 4 2 5 2 6 2 7 3 0 3 1 3 2 3 3 3 4 3 5 3 6 3 7 4 3 4 4 4 5 4 6 5 3 5 4 5 5 5 6 6 4 7 4
31 0 3 0 4 1 4 1 5 2 4 3 3 3 4 4 2 4 3 4 4 4 6 5 0 5 1 5 2 5 3 5 4 5 5 5 6 5 7 6 1 6 2 6 3 6 4 6 6 6 7 6 8 7 1 7 3 7 4 7 6 8 4
31 0 3 0 4 1 3 1 4 2 0 2 1 2 3 2 5 2 8 3 0 3 1 3 2 3 3 3 4 3 5 3 7 3 8 4 3 4 4 4 7 4 8 5 2 5 3 5 4 5 5 5 6 5 7 5 8 6 4 7 3 7 4
2 5
1 6
4 3
0 0 0 0 0 0 0 0 0 0 0 0 0 0 0
0 0 0 0 0 0 0 0 0 1 1 0 0 0 0
0 0 0 0 0 0 0 0 0 0 1 2 1 0 0
0 0 0 0 0 0 0 1 0 1 2 1 1 1 0
0 0 0 0 0 0 1 2 0 2 2 1 1 0 0
0 0 0 0 0 1 2 2 2 2 2 1 2 0 0
0 0 0 1 1 0 2 1 3 2 2 3 1 1 0
0 0 0 1 1 1 1 2 3 2 3 2 1 1 1
0 0 0 0 0 0 1 2 0 2 2 1 1 0 0
0 0 0 0 0 1 1 1 1 2 2 1 0 0 0
0 0 0 0 0 0 0 1 0 0 0 0 0 0 0
0 0 0 0 0 0 1 1 0 0 0 0 0 0 0
0 0 0 0 0 0 0 0 0 0 0 0 0 0 0
0 0 0 0 0 0 0 0 0 0 0 0 0 0 0
0 0 0 0 0 0 0 0 0 0 0 0 0 0 0
-0.0526799435
0.4253452258
1.4835276663
-1.3103573112
-1.6717995196
-0.4037562362
1.0929545612
1.3934055424
0.2949502093
0.8933660276
-0.2096291812
-1.6595438195
1.5669616450
-1.1057424304
-0.9069234264
-1.1673598258
1.1625073984
0.0421671000
-0.8100171491
0.4588963659
0.0676613670
-0.3102629577
-0.7242590455
1.7007057235
0.2443058513
-0.8347160862
1.4602467171
0.9357578895
0.0961857147
0.2254333276
-2.4241586617
-0.6339816845
0.3491992384
0.4309570212
1.4080207526
0.0244754219
-0.1085859400
0.8423111636
0.3415875803
0.1116522383
1.1992572591
0.2481671432
-0.8832028812
-1.0365252578
0.1903017864
0.4686610705
0.3073597709
0.6785775089
1.1456232496
-0.7125647285
0.5349130599
-0.0595159991
-0.5226383027
0.8034693402
-0.0329994288
-1.5248942800
-1.0468117725
-0.1135354613
1.5411171267
0.1072349116
0.6986452179
0.5250152048
0.7845641015
-1.6360575765
-2.0581150958
0.3165224604
-0.4170326518
0.1637481186
-0.5821908084
-1.2636114076
0.8544987515
0.7019413050
0.2382188063
-1.0985259163
0.7797346093
0.7514938052
0.3844956434
-0.9222755525
-1.8624998121
-0.9628083338
-0.2251489500
0.4040495713
-0.8329786203
0.7193508487
-2.5363767256
-0.3590669101
-0.8880383150
-0.7759924938
-2.3686071276
-0.4706176144
-1.1218886022
-0.3358440419
0.1247003078
-0.6142973012
0.0312620441
0.3662648330
0.3097146041
-0.2335427193
-0.1117445195
-2.1087746752
-1.4552541477
-0.6321325370
1.1658671162
1.0113131997
-0.9755990226
0.2211017302
-1.3327685048
-0.4780421366
-1.4468290328
-1.8654735617
1.5682959239
0.6442105503
-0.7208951312
1.0890795595
1.5216854382
-1.1060592212
-0.6834790240
0.8065716481
-0.0376200443
0.4872278365
0.5126980852
-0.1622084562
-0.9636526887
-0.0912618143
-0.3872127827
0.1544634851
0.0053539219
-0.0959870813
-0.7115672115
0.5460257330
1.5785890765
2.0268747581
2.0360761944
-0.0349397919
0.3753198178
0.4290317471
-0.3212468059
-0.3030657284
-1.4674363548
0.2343779984
0.6952148233
0.4077634805
1.3797036750
-0.1004333915
0.6915281185
-0.8286142663
1.8728175437
1.0795034816
-0.1322521923
-0.9581065496
-0.6119441376
-0.8241317448
0.5093818620
-0.9345026158
0.4740569043
-0.2793656651
-0.4856877580
1.4758623351
0.1435004974
-1.1565252319
-0.0580046134
-1.1089521710
1.4490645424
-0.7987444822
0.0750096973
0.1148057481
-0.5350462691
-0.0480049297
1.9946990843
-0.7890627326
-1.3233360944
0.8162912423
-0.4550033207
0.4944275120
0.3917441275
0.7717531661
-0.2101365212
-0.1556232250
0.4363655535
-0.1805002493
0.1095242407
-1.8334508590
-0.2151377972
-0.1965112867
-1.6048396525
0.9891434949
0.7480638344
-0.1479061677
-0.1820961339
0.2074920742
-1.2518824308
1.0419663261
0.0179785060
-1.0520889427
-1.9252243966
0.8683559417
0.6103599033
0.4785068470
1.8569116376
-0.8675948140
-0.9612882784
-0.3971344717
-1.1673066420
-1.1159720660
0.7927698866
2.9929388590
-1.0758737437
-0.0185283280
0.5530802272
1.3676562321
0.6974390223
-1.0002530383
1.3537339969
-0.1704851800
0.6461343809
-0.7931812034
-1.1274743288
1.5463450017
1.0792735349
-0.2641177691
-0.6073001771
-1.1150407382
-1.3835955254
1.4998016292
-0.7501959094
0.5325108963
0.7961985868
-1.0615987159
0.7150462249
-1.6071947223
1.2991658072
-1.3025303959
-0.1709896286
0.9893370792
-0.5413591660
-1.8088282111
-0.0732654291
0.8558792046
-0.1377716506
1.8105816573
1.6504430318
-1.8887413193
-0.2983291246
-0.0442945796
-1.2735061405
1.0977993830
-0.0700865989
-0.1249426832
0.4079520242
0.1860620269
0.8265058725
-0.9340590225
0.1322735617
1.6106845732
0.0885590381
-0.0619214194
-1.4133292095
1.4461072785
0.3822509054
-1.9822411476
0.0545911881
0.1561622505
1.0372927282
0.5728399167
-0.3645430709
-0.3079586406
-0.5432292215
-0.2324793036
-0.6574135361
-2.0649041052
-0.2987629834
-1.0491722754
1.1980504934
0.6069730775
-1.0939268793
1.5137652811
0.7054895995
0.8360141146
-1.6961434750
-1.7730161385
-0.0837971040
-2.2714715613
0.9607992983
0.0758571442
-1.2392949091
-0.6395843983
0.0027783861
-1.6504359006
1.6188945108
0.3765707146
-0.3843115104
-0.6333825090
-1.0306347687
-1.2090079240
-1.8344026393
0.5226004897
-1.3532388965
2.1424454911
-0.0608346082
1.0081292363
-1.2531339063
0.5799808768
1.0333969970
0.6552764124
1.9454743939
1.2829254906
-0.3413466500
-0.1436330531
-1.6995600162
-0.7235815634
0.5066683694
1.0845972851
0.0366446889
2.1224835129
0.2402213196
0.7562663826
-1.2585092578
-0.9986130097
0.1075221883
0.9012696777
-0.9107240163
1.4059858900
-0.5120547425
0.2955468637
-0.9199327436
-0.4451666471
0.8046552146
-1.7943496706
0.0038103595
0.3944782057
-1.9923728689
0.0501170685
1.7519744147
-0.3580775895
-0.8726949506
0.6492645417
1.8837907096
-0.2814773392
-0.8885997970
1.5466827426
1.5558672302
1.4765788621
-0.2851362699
-1.6212081247
-0.5090765707
-0.0471865569
-0.4318162829
0.6821139417
0.5260491837
0.6362459441
1.0288484985
-1.1819799802
1.0386157473
-0.4929520386
0.4508521836
-0.2931705529
-0.6884813285
0.5434979111
-1.2503222814
0.4505839977
0.9629117861
-0.5339752218
-1.6729495830
-0.8543878528
0.1907170346
0.0623974732
0.4290409182
0.8749997770
0.5001388018
-0.4808783981
0.8690730429
-0.8244982703
-1.1272180024
0.2912209789
-0.5859102515
-1.8917114415
0.0870374002
-0.4431667678
-1.6357898035
-0.8640149358
1.4913322232
-0.2845364386
0.1092101544
-0.6230298591
-1.1425960284
-1.3249245917
0.9208320353
-1.2856830004
0.0508000907
0.5237709766
0.6194332156
-0.9927317389
0.5530574894
0.8420699256
-0.7227390057
1.2966300289
1.5587942617
0.7981572059
1.8709921415
-0.1932140612
0.3452280559
0.7164288357
-0.9595002186
-1.8601660954
2.0955635329
0.1306711818
0.0010201860
0.0623879061
-0.4289587966
-0.1741345047
-0.3774587965
0.4764483288
1.0799585142
-0.9179681198
0.5491254302
1.7898377408
0.2561830135
1.3168999849
0.4759769978
0.6988712815
-0.1678520754
0.7094545992
0.2165614370
1.6130409472
1.1469162206
-0.5341055596
-0.4441629134
1.1254896403
1.2524532429
0.1116163413
0.4025226669
-0.6695049218
0.5038595223
0.9546510659
-0.6687083311
-1.2616659037
-2.7738244260
-0.1027031708
0.0008206645
-0.3490760628
0.4115695082
-0.6107281526
1.0875465614
1.3919720099
0.4806486121
-0.0250764053
0.4546649033
-1.0163221073
-0.1709999741
-0.8845546828
