15 3 0.20
11 0 3 1 1 1 2 1 3 2 0 2 1 2 2 2 3 3 3 4 2 4 3
31 0 4 0 5 1 3 1 4 1 5 1 6 1 7 2 2 2 3 2 5 2 6 3 1 3 2 3 3 3 4 3 5 3 6 4 0 4 1 4 2 4 3 4 4 4 5 5 0 5 2 5 4 5 5 6 2 6 5 7 5 8 5
18 0 2 0 3 1 2 1 3 1 4 2 0 2 1 2 2 2 3 2 5 3 0 3 1 3 2 3 3 3 4 3 5 4 1 4 4
3 7
5 6
4 8
0 0 0 0 0 0 0 0 0 0 0 0 0 0 0
0 0 0 0 0 0 0 0 0 0 0 0 0 0 0
0 0 0 0 0 0 0 0 0 0 0 0 0 0 0
0 0 0 0 0 0 0 0 0 0 1 0 0 0 0
0 0 0 0 0 0 0 0 1 1 2 1 0 0 0
0 0 0 0 0 0 0 1 1 1 3 2 1 0 0
0 0 0 0 0 0 0 0 1 2 3 2 1 2 0
0 0 0 0 0 0 0 0 2 3 2 2 2 1 0
0 0 0 0 0 0 0 1 1 2 1 1 2 0 0
0 0 0 0 0 0 1 1 1 1 1 1 0 0 0
0 0 0 0 0 0 1 0 1 0 1 1 0 0 0
0 0 0 0 0 0 0 0 1 0 0 1 0 0 0
0 0 0 0 0 0 0 0 0 0 0 1 0 0 0
0 0 0 0 0 0 0 0 0 0 0 1 0 0 0
0 0 0 0 0 0 0 0 0 0 0 0 0 0 0
0.4607890255
-0.2861313635
0.6713739657
-0.7970331118
0.9198769599
0.9226709584
0.2883490691
-0.6144268088
-0.4875942632
1.6699085051
-1.1695474723
-0.5615443951
0.4996563830
-0.5623828025
-0.3169016172
-0.9880755981
0.6384748559
1.8500657374
-1.0848227571
-0.6751454558
-1.1675149933
1.3555572778
0.7261514985
0.1808882634
0.2857406376
1.6124121479
-2.2340389938
-0.9126090927
0.2316576398
0.5187400203
1.3239935152
0.2960084887
1.1982514973
0.5274701273
-0.8084646307
0.5806058306
2.2816937121
-0.2420185726
0.7019185623
-3.1442401134
-1.1882475453
2.0538973900
-0.6204270521
2.0475268029
0.2955177127
-0.0919242922
-0.3390281285
0.2100089179
-0.4134664830
0.7693831325
1.6597617634
-0.0417022742
0.6992057196
-0.7611650755
-0.7336699254
0.4195924369
-0.5973962035
0.9074172504
-0.8800436172
-1.0417795950
-0.7147429051
0.8840998395
-0.7982295356
-0.8802805189
0.9798030724
-0.6230828773
-0.8781150517
-1.7706180978
-2.4257139332
-0.6756115898
-0.0740272059
1.0788824646
0.1459058877
-0.4166645524
0.6294331577
-0.6289871827
0.9134447325
1.0507493710
0.6381266529
1.9375680185
-0.0285969688
-1.3068333451
0.9380382149
-0.6036551567
0.4859068175
-0.3397499035
2.0865283273
1.3589161368
0.8071186347
-0.9323733701
1.0347681395
0.7381819714
-0.3609930013
-0.7418220581
-0.9265111642
-0.4563218065
0.3087626552
-0.5374050793
0.0434742166
0.2657760316
0.2279988241
-1.1847239162
0.2120706690
0.4889159313
-0.5358817371
-0.5758395845
-0.3872763009
0.2613358550
0.0562391948
-1.7846921737
1.0701106467
0.9674493829
-0.2984991385
-1.3557944974
-2.1123095407
0.0699072660
0.2055482354
0.3226047387
-0.3813648278
-0.3813405898
-0.4033643646
1.0954625144
-0.2960670977
2.1083376221
-0.3692218529
2.1209556661
0.8387102469
2.4518395780
-0.5886495636
0.9394433445
-2.2810111129
-0.2691750560
-1.4984604824
2.3445046390
-1.3085028794
1.1134318682
-0.5035909686
-1.0979213905
1.0587613879
2.4424166667
1.4756768937
-0.5952108301
0.0322699780
0.8245930558
-1.9626678464
1.6127572087
-0.0152878205
-0.2603741747
-1.2780172237
1.5603271162
0.1953744844
0.2219123521
-0.2447281816
-0.7373346493
-2.8261958542
1.8644801885
-1.5115924902
-0.9450321352
-2.0436366651
1.7681967264
-1.1124102933
1.0585284623
0.0050881189
-0.7103023283
1.8979590028
0.4407616910
-0.8479412505
0.3856545627
0.7385934888
0.1812939765
-0.2236367586
-3.4969011494
0.6971492970
-0.8836810089
-0.4175133688
0.2389767670
-0.6835360945
-0.4927150352
-0.0870767230
-0.9344633220
-0.6692988581
0.3126222337
-2.2022770739
-1.1449507219
-2.6858996446
-0.0181781635
0.9919355757
0.3121983867
-0.5152239604
-0.4549607419
-1.4002256136
-0.6064174771
1.3952780963
-1.5079415291
-1.6217306699
-2.9769722168
0.3252626661
1.0668050532
0.8277162191
-0.0175685648
-1.1554231229
0.5910151089
-1.1676748603
0.5503601598
-0.9221625667
-0.5241454284
-0.1974430874
0.9277433155
0.1402476316
2.1803910229
-1.4986946018
-0.4591000555
-0.7762693225
1.2468741288
-0.2712413188
0.2644792871
0.2355594755
0.7600909948
0.6813152790
0.6832821847
-2.3140207960
1.6350480173
0.8030993533
0.3878305173
0.8151188739
0.5287591141
0.5720801323
-0.2368280639
-1.1691815014
-0.5642570195
-1.6781014770
0.8511844272
-0.0014821927
1.4223780096
0.7317157120
1.1592436341
-0.4711713121
-0.6353292737
-0.8593773788
-1.0675741148
1.2910005369
-0.2297547626
-0.3091881997
0.4742911895
-0.9457401010
1.2426365324
0.5496521779
-1.0728740185
-0.8923559097
0.8346818319
-0.4320743999
-0.1731480498
0.1993098879
-0.2462207951
-0.0247002544
1.5251378010
-1.0650724062
0.0092118611
-0.2799514117
-1.6184663945
-1.1433745553
1.6590602702
-0.2442302668
-0.0415730391
-0.0892105200
2.6058769770
0.6702462411
-1.4986199842
-1.0263490426
-0.7045177302
-1.7830404390
0.4728854701
0.2705472992
0.3920904725
-1.4671192131
-1.4263182465
1.5906367275
-0.4928371767
-0.7926966181
-0.3991796367
-0.0135949188
1.5874290928
-0.7490784698
0.3638894445
-1.4864921810
-1.1909577590
-0.4305496580
-0.4283249259
1.7486237703
-2.6867871622
-2.5428541278
-0.5122242418
-0.1708459572
-0.5756947159
0.1618857551
0.1299284791
1.6138329412
2.3595238487
-0.2480644792
-0.2912068061
0.1296217650
-0.5816490667
-0.9899699793
1.0051075694
-0.4264839048
0.2743859938
-0.0144991136
2.4754286027
0.4558490379
-0.2835440923
-0.6753364071
1.5266874479
-0.5465537446
-1.5325546240
-0.3944332532
-1.0945158845
0.5913065096
-0.5411222893
-1.7701910688
-0.6135324088
-0.1487327975
-0.0128391462
-0.0269663972
0.3648798252
-1.1050296001
0.8496371617
-0.1463475338
0.2697497151
1.3153111493
0.3306113826
0.5408650916
-1.2275710107
0.8013056719
-1.2268990668
0.1620734540
0.1777257379
0.0209167283
0.7793842075
-0.1335580795
-0.1417653549
-0.6797013075
-0.3387532712
-0.0429730057
0.9165387495
0.4670512123
0.3977005991
0.9177881730
1.4156263337
-1.2347574873
-2.0878760736
1.0465660654
1.0514545203
-0.2942729865
0.9199221172
-0.4022193246
0.4903663639
0.7394987415
-1.0413955573
-0.0746784144
-0.1184451214
-0.2728953252
-1.6776828291
2.2064952912
0.0542042336
-0.2363727809
1.7722044501
-1.2439310457
-0.0382434918
0.4396203148
2.1138839188
0.4119453884
-0.2324834622
-0.0371112764
0.0880987228
0.9212363280
-1.1508294183
-0.8397819896
0.4771978848
-0.4160261826
0.5844458175
0.0380040461
0.6519010952
0.0521211297
-0.0291453493
-0.0150013257
-1.7159528300
1.2042018938
1.6398824815
-1.1171363664
0.5300253630
-1.0756802598
0.0988517138
2.7165859142
2.1404888821
1.2751672845
0.1645388768
-0.7928547301
-1.3105449528
1.0514931707
-0.1058334283
0.5321283599
1.0820219308
0.3558671359
-0.3389720726
0.7935473853
-0.2697763808
-0.9857516046
0.6148384429
0.7198663332
-0.2467114671
3.1082903994
-0.9249290510
-0.3057369452
0.7459952810
-0.5732679825
0.1376584153
-0.8713920088
1.3407231519
-0.0169839788
0.6021971839
-1.3459887029
-0.5017625076
-0.7507835339
1.3827399666
-1.2697676108
1.4685142199
0.6321513019
-0.6534756564
-1.2821951923
-0.0423496434
0.8439652719
0.0863191013
-0.6304404336
0.2266477755
-0.8181212041
0.3311929468
-0.3642452540
-0.4093452032
-1.2194842933
0.9215076388
1.0704033180
-1.8480900198
-0.1198717694
0.8705584105
1.7769020443
0.8751644157
-0.0015607648
0.9120382413
0.9310750613
-0.9731988295
