15 3 0.10
15 0 1 0 2 0 4 1 2 1 3 1 4 2 0 2 1 2 2 3 2 3 3 3 4 4 3 4 4 5 3
16 0 1 1 1 1 2 1 4 2 0 2 1 2 2 2 3 2 4 3 1 3 3 4 1 4 2 4 3 5 2 5 3
33 0 7 0 8 1 6 1 7 1 8 2 2 2 6 2 7 2 9 3 2 3 3 3 4 3 5 3 6 3 7 3 8 3 9 4 0 4 1 4 2 4 3 4 4 4 5 4 6 4 7 4 8 4 9 5 1 5 3 5 5 5 6 5 7 6 5
1 2
5 1
2 5
0 0 0 0 0 0 0 0 0 0 0 0 0 0 0
0 0 0 1 1 0 1 0 0 0 0 0 0 0 0
0 0 0 0 1 1 1 0 0 0 0 0 1 1 0
0 0 1 1 1 0 0 0 0 0 0 1 1 1 0
0 0 0 0 1 1 1 1 0 0 0 1 1 0 1
0 0 1 0 0 1 1 1 1 1 1 1 1 1 1
0 0 1 1 0 3 1 1 1 1 1 1 1 1 1
0 1 1 1 1 1 1 0 1 0 1 1 1 0 0
0 0 1 0 1 0 0 0 0 0 1 0 0 0 0
0 0 1 1 1 0 0 0 0 0 0 0 0 0 0
0 0 0 1 1 0 0 0 0 0 0 0 0 0 0
0 0 0 0 0 0 0 0 0 0 0 0 0 0 0
0 0 0 0 0 0 0 0 0 0 0 0 0 0 0
0 0 0 0 0 0 0 0 0 0 0 0 0 0 0
0 0 0 0 0 0 0 0 0 0 0 0 0 0 0
-0.0581260165
-1.1076725902
2.4314683345
-0.1447576640
1.0853589160
0.0325400970
1.6030708580
-0.2213857412
-2.5103868985
-1.3330212868
0.2572507760
1.3537946489
0.6803850965
-1.6923628518
0.1528390621
0.3496274776
0.0802778132
-0.6860651875
-1.5033477349
-0.5331072216
0.8851991811
0.3087125620
-0.3010708749
-0.2607655883
0.6841701706
0.6204497162
0.9849574428
-0.4855458564
0.3801787280
-0.4891235452
-0.2068372530
0.0061382049
1.0389757345
0.3036388663
-0.2145628609
-1.2150632082
0.3455596190
-0.5476909144
-0.1203762979
0.2206365201
0.2722757031
1.6745112216
-0.0830534353
0.1447908201
-0.1624001473
-0.1825951481
0.8037544423
0.2088073682
-1.0152636190
0.9656462537
0.8227746716
-0.3313198872
-1.0685994671
1.3503715045
0.6627102146
-0.3399516201
-0.5981091640
1.0910997229
-0.0238595974
-0.5399486834
0.4754142460
0.7415277705
-0.2291150048
-1.3296853929
-0.9312096337
1.6844914060
0.5122120279
0.2199753261
-0.3121526082
1.3539264179
0.6203426382
-0.4728626126
1.0397019365
2.1142076897
-0.6297184866
-0.6996877571
-0.3681206545
0.5297209877
0.2616489367
-0.9582039824
-1.2870892329
-1.5532487673
-0.9663040537
-0.0182240034
-0.4772790636
-0.6367939537
1.3071731811
-2.0527551811
1.6119748758
-0.7590088467
-1.1918004264
1.5625899955
2.1767783464
-0.2629233707
-0.2444594638
-0.1520277255
0.6650710942
-0.6739364804
0.8707147442
0.7676957858
0.4046113945
-0.3062387760
0.6449129799
1.5653525577
1.1611201597
-0.5861107276
-1.1035737214
0.8920724939
-0.7386883401
0.7684757715
0.5359928098
-0.3707235453
-0.4348827389
-0.4005489515
0.5123688567
-0.8267785701
1.7127923448
0.5163122437
-0.4579914027
-1.4335030950
0.3450606672
-1.4002579433
0.6677502056
0.1949529053
-0.0522613805
-0.2351560336
1.5621857894
-0.5887024579
1.3716740403
1.0034899949
-0.2752111491
-0.9987731536
-0.4622494958
0.5948133842
2.1451281029
1.6110860016
-0.9044961031
-2.1866904386
1.0939261811
0.3024857080
2.8313251298
0.0765652176
1.8624540465
-0.5677814473
-0.5138551371
0.2748036707
-0.2310943456
0.2929067987
0.5358602606
-0.5540387000
-0.8230014228
0.4520240882
-0.2421762468
0.8669315475
1.8613694569
-0.0942755658
-0.3019449820
-0.5948452670
1.3929328875
1.5938820467
-0.5112930553
0.2896996138
-0.5468658950
1.8964905401
0.0490696220
-0.6621007413
0.1163150721
1.1100524376
-1.2637958983
-0.7456627415
0.1803007104
-0.0150771322
0.6976915453
0.9016726756
0.6629327615
0.7600651740
-0.5193539581
-1.5761594900
0.8809976269
0.6651177044
-1.4290345856
1.5232411429
1.7856467993
0.8843649280
0.4520077893
-0.1569369233
-0.1903964276
-0.6136477060
0.3454048697
-1.1422832228
-0.3100992757
0.5519057800
1.6609838529
0.3035094560
-1.4205138024
-0.3608848371
0.6732423604
0.8988578399
-1.9788119908
-1.0914835516
0.9669375144
-1.0120267698
-0.0773085560
-0.9924568816
-0.4157508546
-0.9404693659
0.8857877830
-1.1611031662
0.0697206978
1.1072956992
0.9653820510
0.3369751987
0.4470581681
0.2331619730
-0.9654773844
-1.0471079984
-0.1470092024
0.3592581269
0.5579387404
-1.9640222821
1.1146783363
-1.1786831046
-0.7056035719
-0.7595063832
1.1124547506
-0.3424835449
-0.8481063502
1.6006928417
0.6406277234
1.5376537909
0.3784828024
-0.5111868751
-1.4730633613
-1.0764615720
0.2096571815
-0.1155381283
0.1451703964
-0.3728281015
-0.4703131748
-0.7209439413
-0.0718288837
0.0591516892
2.8837217587
2.0716148788
1.1289964514
-0.2169594100
-0.5759919232
0.3349684950
0.3561588835
1.5475775275
2.0027784836
-0.4277883867
-1.7563874766
0.2416557760
-0.2173052669
-1.0379906922
-1.4816272891
1.1179008701
0.7838006516
-0.4841363695
1.3559715082
2.3922574329
0.3467853138
-0.1228138006
0.1632094813
-1.2814229713
-1.1339818079
1.1328909767
-0.6059645328
-0.1802607649
-0.0486361676
0.7516189695
-2.8041427198
0.4204538750
-0.7979010904
1.9448110802
-0.2546948829
1.0671102783
-0.0541433048
-0.0588832416
-0.5312319204
-0.9538106781
-1.3565120812
2.9658056059
0.4889483783
1.6522956368
-0.7627171727
0.7989760242
-0.4802774759
-0.8346057048
1.2765401176
-0.7190752026
0.4067590470
1.4130066586
1.4883712668
-0.0759486102
-1.6597910681
-1.3342350946
0.0733206580
-0.3804968162
-0.8887304229
-0.6423210965
0.2450753360
-0.4620379189
-2.9807055916
-0.1694832914
-1.1569637634
-0.2261400324
-2.0243280587
0.9295799147
0.8822128258
0.8463615377
1.6398772947
0.3099599689
0.0693539576
-0.5409901841
0.3307922985
0.2119059811
-0.1569581057
1.0036203259
0.4446481238
-0.4960612386
-0.5554789053
0.1502431173
1.5052400210
0.4108919691
-0.1106278792
0.4155380198
-0.0135915544
-0.1024751316
-0.8930843337
1.4137408774
-0.7870074728
-0.1684193305
0.2202675694
-0.5060830777
0.7383864568
-0.2731847305
0.2525386374
1.3781629089
0.1212539908
-0.5227304346
0.7073817949
0.3796394875
0.0824685634
-0.8145087608
0.6755639225
-0.3242099057
-0.7778575870
-0.6707551307
-2.1470782314
1.9113735847
-0.0859965002
1.4031089602
-0.5356550135
1.9288934524
-0.5721800138
-1.3602204470
0.1806734275
-1.0989644644
0.8366655349
-0.6642699364
1.0618817709
0.2804619398
-0.2417520726
0.3283967001
-0.3290627821
0.6649583909
-0.1734889649
-0.3617787313
-0.0739353106
-0.8458606726
-0.4514214932
0.5771631564
1.8992860761
-0.7594741176
-1.7819454480
0.2860410507
-0.6319370990
-0.9525592396
2.6463713157
-1.0597086129
0.9178744549
0.2426791879
0.0828730740
0.3195727033
-1.2212952443
0.7357814784
-0.8142302434
-0.5372729067
0.4702177142
-0.9318868497
-0.5285962560
-0.1829216197
-0.1625580431
3.1896824455
1.2658640754
2.4807938518
-1.3934168314
1.0600002524
-1.0977166729
-1.5704145500
1.7545468213
0.6355843352
0.7096819381
1.5524285373
1.2950485895
1.2381611975
-0.4538699418
-1.2606557511
-1.1828342228
2.0067175196
0.6667908821
0.1488836508
-0.7798806831
-2.1026946430
0.1963541913
1.5146074052
-0.4772490660
-1.7473119344
-0.5895866375
-0.1033990709
0.1733689577
0.5351374693
-0.1568698268
1.1157604572
-0.5002531437
0.8333890145
1.4148805382
-0.6309279943
0.4113511293
-0.4435225402
-0.8718928303
1.0136961511
0.5961570118
1.7945717506
0.0135447296
0.6225533762
0.3503242437
1.5231707803
-0.4612032308
-2.1127063481
1.5678657500
-0.0430900059
-0.4084187608
0.2488186539
-1.2114646764
-1.4244409058
0.6994417179
-0.2548508448
