15 3 0.06
14 0 1 1 1 1 2 2 0 2 1 2 2 2 3 3 1 3 2 4 2 4 3 5 2 6 2 7 2
12 0 0 0 1 0 2 0 4 1 2 1 3 1 4 1 5 1 6 2 2 2 3 2 4
22 0 5 1 5 1 6 2 3 2 5 2 6 3 1 3 2 3 3 3 4 3 5 3 6 4 0 4 1 4 3 4 5 5 1 5 2 5 3 6 1 6 3 7 3
1 9
12 4
6 2
0 0 0 0 0 0 0 0 0 0 0 0 0 0 0
0 0 0 0 0 0 0 0 0 0 1 0 0 0 0
0 0 0 0 0 0 0 0 0 0 1 1 0 0 0
0 0 0 0 0 0 0 0 0 1 1 1 1 0 0
0 0 0 0 0 0 0 0 0 0 1 1 0 0 0
0 0 0 0 0 0 0 0 0 0 0 1 1 0 0
0 0 0 0 0 0 0 1 0 0 0 1 0 0 0
0 0 0 0 0 0 0 1 1 0 0 1 0 0 0
0 0 0 0 0 1 0 1 1 0 0 1 0 0 0
0 0 0 1 1 1 1 1 1 0 0 0 0 0 0
0 0 1 1 0 1 0 1 0 0 0 0 0 0 0
0 0 0 1 1 1 0 0 0 0 0 0 0 0 0
0 0 0 1 1 2 1 0 1 0 0 0 0 0 0
0 0 0 0 0 1 1 1 1 1 1 0 0 0 0
0 0 0 0 0 0 1 1 1 0 0 0 0 0 0
-0.6493292558
0.6878212347
0.0894161735
-0.4490473173
-1.1102631413
-0.4764293947
-0.6588156889
0.9834315732
-0.7478048741
1.0175121383
-1.0864418369
1.1768290073
0.5022937974
-0.9370996131
-1.6530335023
1.1388625485
-1.5609931348
-0.8743604907
-1.0502323897
1.0137652664
-0.7187951132
-1.3367499422
1.1663434401
0.8484999065
0.0491279332
2.1453575128
-0.2074811541
-2.3742603785
-2.4074247020
0.4536565373
-0.1083831365
0.5417460097
0.8315777599
-0.7778389776
0.6763153408
1.9555762895
0.4105576928
-0.0914093874
-1.0355844451
-1.2219572816
-1.4056347958
0.9341734635
-0.7434974743
-0.0656102857
-2.7169680491
-0.2320969848
-0.7896265598
-1.7659281459
0.4671898168
0.8542526217
0.5645981647
1.9975176618
0.6881971160
-0.6849351709
-0.9650032914
0.7033596650
0.6384879792
-0.7606571856
-0.7009556854
-0.1481476171
0.9066021826
-2.0239675284
-0.5196652728
-0.1917084303
-0.2769956234
-0.0987585788
0.9169879148
-0.4590167333
-1.1201980588
-0.9840549983
-2.1786625038
1.9862513484
-0.9168504963
0.6619771723
0.7605050750
-0.6094234343
-1.7640896526
-0.0291352319
-1.5212669811
1.3791351907
0.1625293509
-0.9178726678
-1.4584280220
0.2522433825
-0.2355365136
0.6929526664
0.1521565545
-0.0703949223
1.3350141405
0.3671658163
1.3459318800
1.1562815340
-1.0277436124
1.6352750163
-3.3666521905
-0.9268485645
0.0370457249
0.0415737415
-0.4813554336
0.1786104087
-0.2124344040
0.4580980904
-0.8956322683
-0.4612966857
-2.4395136685
-1.2835650518
-0.5709060142
-0.6186931547
0.1422597121
0.5887125100
0.8447263958
0.2067600283
-0.4758665712
0.0596571105
0.2302612336
-1.9279969761
-1.0493039749
2.6587546750
0.9618956334
-1.2650841851
1.2982601744
-1.4851236493
-0.7594478104
0.8961976585
-0.0297587815
0.3264554759
-0.7052538558
-0.7990064846
0.9701840611
0.1634837424
1.2051702766
-1.2000265552
1.5612638288
-0.1233044304
-0.5714912020
0.2249611035
0.0968504509
-1.6329093743
1.7381692898
-0.0670296860
-0.0883669556
0.5353249574
-1.1242759987
-0.1470280498
0.4145594132
0.4425448172
0.8057015203
-0.4785391959
-2.4016090738
0.9809754940
-0.3396519041
-0.5909614157
-0.5050509502
-0.8681266588
0.3394896481
-0.7907308573
0.8541461044
1.0273873514
-0.0727041203
0.8970687674
0.2546866778
0.1020643605
0.6417348866
-0.7749165681
-0.3190072809
-0.7122883697
0.3113997270
0.3433642807
2.2646587810
-2.2344280900
1.2624787687
0.6449015400
-0.0610604825
0.3006194949
-0.5091410582
0.1959028089
0.9786127149
-2.1261522261
0.7636920229
-1.0846721438
0.8827535322
-0.9044503683
0.2009836611
0.4672827737
0.6400579245
-0.3389644619
0.6676883200
-1.3391920001
1.2046331806
0.9073320821
-1.2029111999
-1.4563006303
-1.3762488550
0.1747776108
-0.2619236796
0.0985145102
0.5779494141
0.6208657138
-0.1780556988
0.4273767702
-0.9687760332
0.1994113457
0.2941846838
1.1712542259
0.0237775187
-0.2800292239
-1.9662179231
-1.9500707294
1.2425790975
-0.2218052981
-0.0000131736
-0.1820127552
-0.4003331546
-1.5205488329
1.0370502466
0.7523023629
0.3951005730
-0.5180325626
-0.3200615295
-0.7815802364
-0.8620420191
-0.1411579932
0.1836361782
-0.7995085812
-0.5725164680
-2.3063166743
-0.6760065278
1.0001438904
-0.1712016298
0.7372232743
-0.7337734315
0.7459454290
0.6870666665
-1.6852622743
1.3787141957
-1.1866373081
-0.6679639724
0.0426536272
-1.5256111687
0.4945498488
-1.2717749761
-0.7813806870
-0.3552855274
0.0255836661
0.7638386800
0.4148089650
1.3816601649
0.7052527364
0.3828616120
-1.0842441800
-1.3329578291
-1.8455643101
0.7824945760
-0.1456573916
0.2186152113
0.6473831205
-0.3929059254
1.0622625314
-1.1140426966
-0.1328402274
-1.0711141729
-0.7217255072
0.6088425735
0.9688279204
2.0197048143
-0.1047121923
-0.4755357765
-0.0182048097
0.6926162583
-2.0491737873
0.0986579117
-0.6155022151
-0.6881643232
-1.0090347082
0.7399514684
-1.3236260767
-0.0511498055
-0.1151951872
-2.5199868146
0.9802445342
-1.1148041389
0.0843334929
-1.1196507892
-0.5332088625
0.4928766664
-1.0592453630
1.3397657293
-0.9761560573
1.4279113491
0.5631493534
1.3142851352
-1.7864700929
-1.9589467573
0.5678040703
-1.5795925822
0.4665759456
0.4306937316
0.4660799409
1.8558029863
1.6228458803
0.6903298142
-0.2748271069
-0.9821274209
0.4322216434
1.3299683559
-0.5130896949
-1.5818311219
0.0324770525
1.3766644764
0.1132614346
-1.8164033680
0.3643121623
-1.0851538485
0.5951784109
-0.3948307246
0.2502082057
0.6825169128
0.4911567205
-1.2166353329
1.8003218795
0.1392338663
0.4111179336
0.9663035602
-1.4458457786
0.5945121857
-0.4172565161
-0.7703714103
-0.1063961509
-0.6906154496
-0.9832645586
-1.3329334412
-0.1413916731
-0.6945552492
0.5281034790
-1.8670618297
0.0535939152
-1.0229246164
0.2383709488
-1.2382530034
1.2091255433
-1.0163165624
-2.3670467544
1.3063076305
-0.2049747071
-0.0136895110
0.5785833280
-0.8847285321
-1.9992903433
0.8455656012
-0.0624088725
0.0537893275
-0.1059035359
-0.0463292756
-0.7991469554
-0.0746968035
-1.4772963261
-2.4841239273
0.8309837665
-2.1114804849
0.0975725854
0.0340394239
0.3082292344
-0.6074483401
-0.0873950660
1.3983918705
0.0305519903
-1.2401476434
0.7898620646
0.1849567118
-0.0042449581
-0.8055878935
0.0373339236
-0.0851717542
-0.4037760143
-0.3428161625
-0.1778784243
-1.9034274924
-1.2702011869
-1.2402675271
1.6572217416
-1.0948166650
1.2943468304
-1.9126962811
-0.3440299853
-1.5976159050
1.0414306433
-2.2765902104
0.1263047844
0.3573061118
-1.1048250389
0.0618729590
0.4190205808
0.0311095305
0.7611759349
-0.9703435421
-1.0418747985
2.6557468755
-1.0286688302
1.0836624904
-0.3277047015
0.2621818910
0.1609152890
0.6827955252
-1.3614237833
0.5708231561
1.0804611449
-0.6152575055
-1.0234214517
0.6142168581
0.6902777112
0.8806760360
-0.2978586930
-1.2052921424
-1.7427830596
1.4348965231
0.2694948168
1.8151126312
-1.6106945395
1.1123310916
2.3159130273
0.1494477598
0.0752583290
1.7562175491
0.6982247503
1.2623622456
0.1176517334
1.4469910586
0.2099972555
0.2005074011
1.9618434457
-0.2525264904
-0.3987734983
0.5006238620
0.8864461451
-0.8810665830
0.8151601145
-2.2898349875
0.2579709698
-0.0691466701
0.3159933876
1.8524732519
2.1423244842
-0.0733486729
0.6288529653
1.1624740381
-0.4149478289
-0.1741359423
-0.0143220221
0.1641388711
-0.1023489253
