15 3 0.13
32 0 4 1 2 1 4 1 7 1 8 2 0 2 1 2 2 2 3 2 4 2 5 2 6 2 7 2 8 3 2 3 3 3 4 3 5 3 6 3 7 3 8 4 4 4 6 4 7 5 3 5 4 5 5 5 7 6 3 6 5 6 6 7 5
34 0 2 0 3 1 2 2 2 2 3 2 6 3 3 3 4 3 5 3 6 4 1 4 2 4 3 4 4 5 1 5 2 5 3 5 4 6 1 6 3 7 2 7 3 7 4 7 5 8 0 8 1 8 2 9 0 9 2 9 3 10 2 10 3 11 2 11 3
41 0 4 1 3 1 4 2 2 2 3 2 4 3 1 3 2 3 3 3 4 3 5 4 0 4 2 4 3 4 4 5 0 5 1 5 2 5 3 5 4 5 5 6 1 6 2 6 3 6 4 6 5 7 2 7 3 7 4 7 5 8 1 8 2 8 3 8 4 8 5 9 1 9 3 9 4 9 5 10 1 10 3
0 4
0 8
1 0
0 0 0 0 0 0 0 0 1 0 1 1 0 0 0
0 0 0 0 1 0 1 0 1 0 1 1 1 0 0
0 0 0 1 2 1 1 1 1 1 2 2 1 0 1
0 0 1 1 1 0 1 1 1 1 1 2 2 1 1
0 1 1 1 1 1 0 0 1 1 2 2 1 0 0
1 0 1 1 1 0 0 1 1 2 1 2 1 0 0
1 1 1 1 1 1 0 1 0 2 1 1 0 0 0
0 1 1 1 1 1 0 0 0 1 1 1 1 1 0
0 0 1 1 1 1 0 0 1 1 1 0 0 0 0
0 1 1 1 1 1 0 0 1 0 1 1 0 0 0
0 1 0 1 1 1 0 0 0 0 1 1 0 0 0
0 1 0 1 0 0 0 0 0 0 1 1 0 0 0
0 0 0 0 0 0 0 0 0 0 0 0 0 0 0
0 0 0 0 0 0 0 0 0 0 0 0 0 0 0
0 0 0 0 0 0 0 0 0 0 0 0 0 0 0
-0.3431314377
-2.4308887908
0.4833493955
-0.2943082524
0.2324600332
-1.5681267637
-0.5662221158
-1.1585507955
-0.6659045484
0.3973879632
1.2558453194
0.5010002010
-0.0288095120
0.1758422030
1.6623496423
0.4321652354
-1.1992284064
-0.6052922422
0.7534085453
-1.1532761673
0.6095952244
1.4275038630
-0.4535120145
1.3941521165
0.5821654863
0.7915873390
0.2710232350
-0.5582308822
-1.4083428381
-0.9538821514
1.1926993772
-0.0189100750
0.8301725896
0.8956705407
0.6268984271
0.0041833598
-1.7443127947
0.4188399257
1.9048711347
-0.1456717897
-1.6487579002
0.3754768252
-0.1910785835
0.1859410088
0.1608837277
1.0348915546
-1.2947620902
0.5576221185
-2.2481505251
0.6528195484
1.5247668479
0.8497873088
-0.7253917572
1.0804242313
-0.8875446552
-1.4370857228
-0.5220803223
-0.3375753888
0.0883779228
-0.2011729136
0.0075778085
0.2900212261
1.2007687377
0.4649269800
-0.9089505515
0.2939552755
-0.2340200129
-1.5555650597
-0.7015296803
0.3750922662
2.4230784315
-1.2184898432
0.2530190083
-1.2991842497
-0.1142935134
0.8116864120
-0.0173860793
0.3899144703
0.4408414965
0.0218676818
-1.5739412949
1.4266880303
-1.5607925635
-0.2135616833
-0.0370677165
-0.9709852464
1.0328108728
-1.0258439633
-2.3009677168
0.1216348065
0.1298359868
-0.8831780871
0.2125571705
-0.0168754169
0.8524379551
1.1060837380
-0.8695728773
0.0989242790
1.2966354547
-1.1462982440
1.0350160918
-0.2342914727
0.4773272862
0.5377872764
1.3660295565
1.0108422542
0.1374641165
2.2124322947
-0.2349240117
1.3062572211
0.3473358355
0.4697690707
-0.8422478342
0.2660249415
-0.5130968444
0.2480895495
-1.2960088436
0.2486799448
0.4530476124
-0.6601534361
0.6453546963
-1.5424120170
0.2682233403
-0.3399611100
-0.8724720461
1.1936482041
0.8547465236
-0.6333259567
1.9251332847
-0.3668458869
-2.5316259939
-0.0889847775
-2.4920614665
0.7973163276
-2.3269613365
0.6228282890
-0.3311680816
-1.0053350490
0.0518975443
0.2628905148
-1.0830616285
-0.8617815188
0.1331705648
1.2355962764
-0.7123326774
0.0547164829
-2.6394337292
-0.1388968431
-0.1942030527
-0.4569580988
-1.0400888231
0.5729476958
-1.2204434958
-0.5549539030
-0.2394991415
1.0380578072
0.9413019269
0.2151850052
-1.3505720197
-1.2233708102
-1.0338751610
-0.5456100214
-2.2022806366
-2.2796483548
1.5922572907
0.6207381861
-0.2246094785
-0.8158156832
1.2605294168
0.0282206510
0.4957691203
0.5809005022
-0.6944745788
0.4574074931
0.1344949492
-0.4927642970
-1.7466674307
-1.1577674850
-2.2621944908
-0.4947030123
0.7351246445
-1.3218978316
0.5571508177
0.7787907557
0.3769820561
-0.5969067589
2.1171309126
-0.2070823651
0.1753205739
-1.0785336879
0.5720353581
-0.8815663116
-0.6485532233
0.3976586913
-0.3910260472
0.1519660199
0.1729748603
0.6979042020
-1.1477596774
-0.0655584163
-2.1944272843
2.6332604880
-0.0639662291
-0.9063106774
-0.7104193632
-0.3685159541
-0.3260775845
-0.1690192942
-1.4873478292
0.3090118257
-0.4120508875
-0.2488120839
-1.3143154585
-0.4295910345
-1.1265768563
-0.2708257225
1.3193100276
-2.3268012659
-1.0063758820
-1.9529542510
0.1996726951
0.1864322433
-1.4166500426
0.2984797699
1.0122824570
-2.5105919838
0.5812153778
1.2186428795
1.3042906146
1.8754655260
-0.9804182936
-1.4347696420
-1.1135197503
-0.8312499046
-0.4927939295
-1.0172553787
-0.0202526147
-1.3573726631
0.3190415761
-2.0077029254
0.9447675165
-0.2911017637
-0.6111005926
-0.3392725134
0.2853947371
-0.5152921952
-0.0314887029
-0.5079325940
0.8944334548
0.7695239117
-1.1692252383
0.6282326265
2.1651917837
1.1749089070
-0.8644079539
-1.2830541028
0.9235668366
0.5437898371
1.4582738964
0.4356032894
0.6742994717
0.5002222949
0.4402305297
-0.3905825444
1.3366352325
-1.6578493573
-0.0364370989
0.9349141166
0.3320673283
0.2774234387
0.5908709418
1.1889360672
0.8326204626
1.0935696974
-0.7522031958
-1.3720152500
-0.1027967716
1.0370748516
0.7729125826
-0.6532194550
0.0125530227
0.4272494122
-0.4729247987
0.0825036546
1.3659201181
-1.1698430410
0.4897461407
-2.1163578863
-0.0143254453
-0.2590170751
1.0435350573
-0.5656333640
-0.4592871330
1.3173054158
0.4088092995
0.5227524250
0.9752139525
-0.8707939043
-0.3487437059
0.3265649964
-0.5891987473
0.7980448772
0.0955144705
-0.3451724492
-0.1739583492
-1.2683228098
1.9546181567
-0.8206914137
-0.4579915852
1.7295268392
-0.1486820066
-0.2454226324
0.3971659333
-1.3358013718
2.2498700409
0.4862208128
0.5529238395
0.6802249756
0.1495505204
-0.8072214223
-1.0978031435
-0.2402464909
-0.3375206458
-0.0009663344
-0.3583992126
-1.4019466368
-0.6200417028
-1.8995717575
0.3662947601
-1.9106648937
0.6368312708
0.0737357791
2.3418335934
-0.8651097073
-0.7094423540
-1.2893389582
-0.8094742980
0.2403815609
0.8114450090
-1.7218936923
-0.7930290359
0.8794001692
-0.5315250420
-1.5546223263
0.4649158902
-1.9671902036
-1.4558578726
0.0921754551
1.0058540695
-0.8418027421
-0.5789183472
-0.2689634370
1.0859481198
-1.1856021455
1.2289548426
1.3358961257
0.6049781902
1.1129261658
-0.0109600666
-0.4677435178
-2.1228285641
1.6021043210
1.0782277279
0.9995737923
0.3650674400
-0.7410934534
0.4940306114
-0.2289468987
0.5965985938
0.5483068956
2.1004072800
-0.1001496615
-0.0433291882
1.9052182282
1.0384554891
1.4508252778
-1.4133956104
-0.1613214570
-0.4059227998
-0.9065896555
0.1473252360
1.1619176625
0.9896633565
0.4988528018
-0.7199351323
0.2264523495
0.1524712045
-0.4860573243
-1.1581824116
0.4590095895
1.4251413625
0.1406294716
-0.3084122297
-1.1026287176
0.4919354353
0.1042648862
-0.7661273653
-2.2173893062
-2.0334992872
-0.6879310241
-0.8606561773
-3.0292684896
1.1653651585
1.1368210434
1.9954568059
0.8798442642
-0.0462553741
0.4030608472
0.0453327887
1.0794512956
0.1213928971
0.9333455853
-0.0775472325
0.8380989771
0.7334212750
0.9009239058
-0.6756957158
0.3473730251
-0.2809390466
1.2344415413
-1.3845657024
-0.5504952880
2.1910960011
-0.7226211634
-2.1230230648
-0.6714404606
-0.7032268599
-2.1771870009
-0.7274927593
-1.2349561093
-0.7614247869
1.0535054153
1.3162499879
0.0210734318
0.2936964179
0.1078695061
-0.2952581099
1.9157323143
-1.2192887885
-0.8377571794
1.1491871533
1.1363739970
-0.1030865944
0.1689527278
-0.2327126527
0.0088079744
-0.4434879696
-1.0139265591
1.6642994208
0.8145112025
