15 3 0.19
18 0 2 0 3 1 1 1 2 1 3 2 0 2 2 2 4 3 0 3 1 3 2 3 3 3 4 3 5 4 1 4 2 4 4 5 1
18 0 4 1 3 1 4 1 5 2 3 2 4 2 5 3 0 3 1 3 2 3 3 3 4 3 5 4 1 4 2 4 3 4 4 5 2
23 0 1 0 2 0 3 0 5 1 1 1 2 1 3 1 4 1 5 1 6 2 0 2 1 2 2 2 3 2 4 2 5 3 2 3 3 3 4 3 5 3 6 4 3 4 4
4 6
6 2
4 0
0 0 0 0 0 0 0 0 0 0 0 0 0 0 0
0 0 0 0 0 0 0 0 0 0 0 0 0 0 0
0 0 0 0 0 0 0 0 0 0 0 0 0 0 0
0 0 0 0 0 0 0 0 0 0 0 0 0 0 0
0 1 1 1 0 1 0 0 1 1 0 0 0 0 0
0 1 1 1 1 1 1 1 1 1 0 0 0 0 0
1 1 1 1 1 1 2 0 1 0 1 0 0 0 0
0 0 1 1 1 2 3 2 1 1 1 1 0 0 0
0 0 0 1 1 1 1 2 1 0 1 0 0 0 0
0 0 1 1 1 1 1 2 0 0 0 0 0 0 0
0 0 0 1 1 1 1 0 0 0 0 0 0 0 0
0 0 0 0 1 0 0 0 0 0 0 0 0 0 0
0 0 0 0 0 0 0 0 0 0 0 0 0 0 0
0 0 0 0 0 0 0 0 0 0 0 0 0 0 0
0 0 0 0 0 0 0 0 0 0 0 0 0 0 0
0.8065561583
-1.3818824889
-0.5594946614
-0.2666050844
-0.0224530586
-2.1368102994
-0.1427882095
-0.0433996364
1.0283468220
-1.5018331487
1.0219945209
-0.4184537104
-0.8077009022
0.7142345080
-0.7256840772
-0.5663326233
1.7587792989
0.1496051586
2.1819516931
0.9634756155
-0.5326728912
0.3792989579
0.5020535593
-0.6102105471
0.4853492753
0.5180983285
-1.6419198462
1.2306727524
-2.0466984477
-0.0311965483
0.2479669732
-0.3525018138
2.2317118889
-0.7432215481
0.1653695977
0.8717636013
1.3151598303
0.6370241006
1.0678029666
-0.4346422204
0.2879972549
-0.1882116834
0.3875067684
-1.2589936572
-0.0307112059
2.1624486712
-0.6280585675
-1.8423387401
-0.3595907313
0.4012513992
1.6493215385
-0.1125909936
-0.6303890399
0.0654797024
-1.5537261612
-0.2730357122
0.0855220683
-0.1147205014
1.9355331870
0.1391813856
1.7348911503
-0.6275517426
0.8661066739
1.1482181572
0.3272912503
-0.9576559785
0.2939581070
0.5628124011
0.3982199120
-0.0903831445
1.4993925568
0.7785923301
0.0786164355
-1.4974534166
0.4551140557
0.7364538603
-0.5576653549
-1.3516146821
-0.1210966846
-0.5673088545
0.9407756389
-0.4353829399
0.9384137922
0.2051425256
-0.8462195006
0.3582693452
0.2323968577
-0.6161332699
-0.8207703184
-0.8526705424
-0.1001786154
-1.4678455786
-2.1444943064
0.1599098879
-0.1354716389
-0.5436285457
1.1457795703
-1.3906772457
0.3769133977
-1.2488848626
-1.9232498709
0.8504974662
1.5626056236
-0.6982228216
-0.4522447225
-0.9691427463
1.3522168632
0.9184647774
1.7110046118
0.5665378818
0.4174143770
-0.2466713759
1.8156947714
-0.1474787332
1.8213356500
-0.1403565423
2.9209330710
-1.2573573776
-1.5825471290
-1.9555631363
0.6659545616
0.2844328380
-0.4471602914
0.4237944956
1.8647287522
-0.5965417410
-0.6945802102
0.4240898196
0.4725561963
1.3743132837
-0.4771279479
-1.9567269734
0.4414173642
-0.4435732849
-1.0532770164
1.3635193976
0.1697454535
-0.8177046863
0.6978541177
-0.9616515453
0.9316290722
-2.0870040573
0.9275259587
1.9287255817
-1.0774673187
0.2279479261
-0.1111465849
0.6466958565
-0.1347043091
-0.7050115717
-0.5534929803
-0.4805181039
1.5296333379
0.0191596245
0.6414713731
-0.6363461972
-0.5188476239
-1.4648316622
-0.0953764857
0.6303904313
1.9269023494
0.3099210613
-0.5217467294
1.3496392574
1.9359638697
0.0752156162
0.5615120217
-1.2428334819
0.7801056868
-2.0719483077
-2.4111851329
-0.7968496984
0.2649825753
0.4578303933
0.3199600642
-1.5638319210
-1.4156652318
-0.5502777454
0.0032674897
-0.4222943976
-0.0329995295
1.4720988942
-1.6394663367
-1.3650902300
1.3524872795
0.3928753285
1.0677018912
0.1972161720
0.2228969892
-0.0531648347
0.0192149732
0.2505154592
0.5894146373
-0.1703004038
-0.5546933362
1.0943822063
-1.0728605198
-0.0761969130
0.1553684909
-0.0672124388
1.0347001027
0.3238217966
0.2548225732
-1.1197588457
0.9036694148
0.5024739154
-1.2554903041
-1.4275330452
1.5756965670
0.2834485238
0.7699941726
-1.4926284294
-0.8555807451
-0.1573821131
0.2207304579
-2.8843820836
-0.9090147624
-1.0520956520
-1.0933273883
0.5952086411
0.3422329157
0.5062799221
1.3182066537
-0.4005298136
-0.0597306345
-0.6869620617
-0.5110089653
-0.8924953692
-0.0092622474
-0.5285609842
0.3524920576
0.1223115760
0.8715555062
-0.1466114343
1.4007490815
-2.0013152588
1.4287155514
-0.2018370210
0.8657362591
0.4115078693
0.4989678596
0.7990193937
-0.3763230469
0.4306145327
0.1024196056
-0.0075520309
1.7423570135
-0.0615095065
-0.3226233253
0.0848486427
-0.4436374347
0.3033314817
1.8277007310
0.4545008714
0.8876565876
-0.1551678319
-0.6156125770
0.4444717824
1.1259391308
0.9367285065
-1.6208956877
1.0712196329
0.6777577336
0.0782821746
-2.5860411787
0.2216985357
0.3519678763
-0.2383716400
-0.9410005965
0.9387646838
-2.8436277451
0.0915726066
1.9210222640
0.6819162621
0.6012795937
-0.6131428462
-1.0662928511
-0.3950379664
1.1656687208
0.3802685147
0.8350410165
0.3528075978
-0.1050959788
-0.3669775447
1.4599176187
-0.8131290998
0.8386736535
0.3341422445
0.2615488937
0.0387612701
-0.8323500809
1.1105144136
1.2251110603
-0.6558261967
0.5447221247
0.8718540070
1.1308371663
1.1572041357
-0.6805406894
-1.6715227717
-0.4746293787
-0.3826665560
0.4772410123
0.1979899214
-1.5869386651
1.6084975677
2.1691530941
0.2161235963
-2.1399688384
-0.7272354659
0.3632143469
-0.3021841033
-0.4991013138
0.7372813911
0.5486125318
0.4842085440
1.0940093245
-1.3031847091
-0.1952547184
0.4011854263
-0.6842659417
-1.6479344847
1.8392316511
-0.3287021741
0.4676255904
-2.1403973653
-0.2726993109
-0.3755520950
0.0746170488
1.6844865101
-0.3882579005
-1.4097258117
2.0146262863
1.4973756946
1.7320081806
0.7105715421
-1.1669887735
1.0598353113
0.8900369018
-0.7339013824
-0.3543628966
-0.7788536848
-0.1030541055
-0.2181093570
-0.5830014275
0.8598393466
-0.0352587470
0.6542405615
-0.1664008461
0.5224408709
-0.7238295335
0.4933017740
0.2090691407
3.4340048767
1.0612277467
-0.6145137705
0.8455607514
-0.1257036592
1.3000638964
-1.2709252003
1.0438028349
0.8458820448
0.7756225481
-0.4221192667
-0.9618287166
-1.0293433197
-1.4249360616
-0.9559907497
1.0474584457
0.4159925139
-0.9183415142
-0.2341275360
0.0657332554
-0.1021909719
-1.0809488374
1.1138153554
-0.7944485032
0.7811905851
-1.4404386253
-1.1337370108
-0.7558522088
0.6368203149
1.1307950784
1.4781509674
0.1295855610
-0.8076914410
1.3318830829
-0.7663654714
1.2026654852
0.5736004494
0.9934308638
-0.5390860730
0.1015754957
-1.7557661182
-1.5263342037
0.1524984617
0.0803861403
-0.0346870211
0.5884299170
-0.3284878573
-1.3650544718
-2.4570086539
0.1362671157
-2.4106503650
-1.7138226570
2.5319452649
0.7700868211
1.3856303515
1.3683009396
-0.0259860452
0.0325934678
-0.7386572321
0.7007616414
1.5262955232
-0.6562263353
-0.8436096075
-1.4850708515
1.3333205818
0.3248396526
1.7881617065
-1.0569134734
-0.2819979965
0.7526208095
0.2581818174
0.5910999259
1.3253323664
0.3407255124
0.1427637563
0.8596549330
-1.5193642823
0.4548906717
1.8197809201
-1.8628633769
1.2101781470
0.3924211613
-0.1135245533
-1.7893686862
0.0132814108
-0.2897694405
-0.9119214849
-1.1411302283
-0.5846933818
0.1948921270
-0.3444228837
0.0774132246
-0.4051383845
-0.8371631110
0.2239059053
0.1997001830
-0.8104748549
