15 3 0.14
27 0 0 1 0 1 1 1 2 1 3 1 5 2 0 2 1 2 2 2 3 2 4 2 5 3 0 3 1 3 2 3 3 3 4 3 5 4 0 4 2 4 3 4 4 4 5 4 6 5 2 6 2 6 3
29 0 6 1 6 2 3 2 5 2 6 2 7 3 3 3 4 3 5 3 7 4 0 4 1 4 2 4 3 4 4 4 5 4 6 4 7 4 8 4 9 5 3 5 4 5 5 5 6 6 2 6 3 6 4 7 3 7 4
30 0 4 0 8 1 1 1 4 1 5 1 8 1 9 2 1 2 4 2 5 2 7 2 8 2 9 3 0 3 1 3 2 3 3 3 5 3 6 3 7 4 1 4 2 4 3 4 4 4 5 4 6 4 7 5 2 5 5 5 6
0 2
1 3
6 0
0 0 1 0 0 0 0 0 0 0 0 0 0 0 0
0 0 1 1 1 1 0 1 0 1 0 0 0 0 0
0 0 1 1 1 1 1 1 0 1 0 0 0 0 0
0 0 1 1 1 1 2 1 1 1 1 0 0 0 0
0 0 1 0 1 1 2 2 2 0 1 0 0 0 0
0 0 0 1 2 1 1 1 1 1 1 1 1 0 0
0 0 0 0 2 1 1 1 2 1 0 0 0 0 0
0 1 0 0 1 2 1 1 1 1 0 0 0 0 0
0 1 0 0 1 1 1 2 1 1 0 0 0 0 0
1 1 1 1 0 1 1 1 0 0 0 0 0 0 0
0 1 1 1 1 1 1 1 0 0 0 0 0 0 0
0 0 1 0 0 1 1 0 0 0 0 0 0 0 0
0 0 0 0 0 0 0 0 0 0 0 0 0 0 0
0 0 0 0 0 0 0 0 0 0 0 0 0 0 0
0 0 0 0 0 0 0 0 0 0 0 0 0 0 0
0.7023958127
0.9720685627
-0.0005526299
2.0644156753
-0.5365969273
-1.0998246619
0.8971466889
-1.0185008655
-1.2321842668
-2.2071771062
-0.6456859465
2.8642143351
-0.4712615713
0.4520366649
-0.5711435544
0.4186526145
-0.0046474882
-1.9834736209
-0.0783704967
0.1077462356
-0.7923044437
1.3390971976
0.7897675307
0.4860602773
0.7203355545
0.5805173281
-0.4852476329
-1.4636164087
-1.0809611510
1.8085498433
0.8172405237
-1.0989679093
-1.1346274467
0.5429746709
1.5553782124
0.8012623535
-0.3358331253
0.7424844034
-0.7579780395
0.3242579915
-0.3158306518
-0.9877366915
-0.3675701572
1.5288488446
0.6154729783
-1.0310826085
0.8868008658
-1.0120486443
-0.1708449808
-0.1835600820
-0.2537621999
-2.7328044431
-0.2747889779
1.8563081333
-0.4202612430
-0.3899800882
1.9284850655
1.2939304386
1.1365932390
1.6923871401
-0.1781473105
-0.1379326688
-0.9532866964
-0.3737548388
0.5483392849
-1.7939599913
0.7495209265
-1.3336948194
-0.5821157307
0.4338543421
-0.6375758744
2.3002621406
0.6773846785
-0.4735253294
0.2005522506
-0.2856052667
0.9562346639
-0.1079509364
1.6574668641
-0.9151100657
0.8471214674
0.4405085941
0.2840003742
0.7554987768
-1.6833361955
0.5249748871
-1.3258274737
-1.0124907434
-0.9967129475
-1.3332518320
0.8203052402
1.2160541250
1.1247927993
-0.7773085984
-1.5593522179
0.8710856455
-1.6699428028
0.0038131241
-1.0764094072
1.0824233172
1.4026411191
0.4288542759
-0.9382762933
-0.6227400610
0.4660382410
-0.7562902652
-1.1742165414
-0.0193440002
-0.0918688256
0.6791302895
-0.0733070718
0.5627754790
2.1201788010
1.0665937025
-0.5899414223
1.3535349917
-0.2790670916
-1.6561820938
-1.6499526431
0.1021964931
-0.0876643739
1.0897392841
-0.5261760180
1.2200461861
-0.2486629317
-0.3436885360
-1.7886057908
-0.0612602862
-0.4000684898
1.3501879052
-0.0507016501
0.4243540728
0.5161219227
1.2848916989
0.9999318973
-0.1634553521
0.8295149246
0.6914212630
-0.1461427573
0.3114645034
-0.0157751203
-0.5453772159
0.4360296199
0.5583795887
-0.0102929815
-0.9878787013
-0.4377213154
-0.5507640847
-0.5831557653
1.4187526796
1.5133691910
1.0643345890
0.4462994192
1.4010682969
0.9727378303
-0.3652031749
-2.4897177351
-0.3948429767
0.2292170408
-0.4867029125
0.2591752775
-0.4449718095
-0.6193891791
1.6550941784
0.5933022441
-1.2768551842
-0.6592047708
0.4484169447
0.6086150752
-0.8858672705
-0.2914838239
0.3554168100
0.4820881737
-0.8654792167
-1.4130839510
0.1551968034
1.1173893110
-0.7371359941
-0.2148340330
-0.1308003211
0.3807622506
-0.7372193296
0.2865639073
0.5724680370
-0.0319628257
0.7394997541
-1.2573756461
1.6637034781
-0.4100471629
0.7269919898
-0.2078743081
0.5631269228
0.8961135388
-0.5365212811
-0.8823827015
0.2228401689
0.0618798464
0.8838493113
0.7958408387
0.5104897617
-1.0993596785
-1.5887151128
-1.3005588475
0.3015506363
0.8457218272
-0.3561017821
1.2142584525
0.0538143411
-1.8921522325
-0.4441961749
-0.7892723861
-1.3236299004
1.0594273660
0.1874272788
1.2726841356
0.4846501803
0.6873084775
0.1073457839
-0.4933309761
-1.0160880012
-0.4270968412
-0.8213015262
-0.2754207550
-0.7717777909
1.8983197376
-0.2274893273
1.1392045795
0.8417896941
-1.0677663785
-0.1619384061
0.5038220792
-0.2946232186
0.2339733853
-0.7432275570
-2.1650665115
0.8657019246
-0.7486546239
-0.6872636107
-1.4951442708
0.5826491191
-1.4202215392
0.3216250743
0.8371089292
-0.9662248080
0.0503649972
-0.0483893956
0.3207282542
-0.3326181248
0.2129310368
-2.0520743271
-0.0963403818
1.3522718284
0.2856766175
0.8643035798
0.2167236699
-0.0296855705
-0.2324933025
-0.9527703894
1.6532359224
0.8864920924
0.0452260169
-0.2772406952
0.6775559354
0.6988460846
0.5340373510
0.5620882664
-0.3687638019
1.3978120365
-0.9835083372
-0.4517156842
-0.0978582383
-1.0392368632
0.6814850357
0.7405906773
1.0164357566
1.7689530817
0.5347782720
1.5366420734
-0.0662063458
-0.5475938490
0.7812833013
-1.5276256620
0.1820175219
0.5160532900
1.2236671782
0.4296776157
0.8289967029
-0.9459112715
1.0060504063
0.2234915305
-0.0437744276
-1.3844950257
0.7037287676
-2.0230692132
0.4213284244
-0.4031419955
-1.3232727632
-1.2212232714
-0.5538641766
-1.5193151528
-0.6106163053
-1.0304731847
0.2094000106
-0.3388323731
-0.4446681953
0.1631686368
-0.5741438987
0.9856040494
0.1312383865
1.4706370497
0.8495590912
1.0456092747
0.7226536294
-0.5839298422
0.5601870920
0.5992769178
0.3970552106
1.4322031264
-1.4271561026
-0.4807566167
0.0664116459
-0.3588419129
0.2663302151
0.3597666721
1.1346483574
0.3039681018
0.2813857276
1.5912694569
0.8831626984
-1.1565760175
-2.0112406968
0.2076787824
0.0699275481
1.2060252786
1.0612272734
-0.1168591387
1.1427418978
-0.5136878608
1.0376008857
-1.1226610497
-1.1111736801
-1.8733726319
-0.6999715098
-0.2267350968
-2.0868872439
2.4698025842
-0.3613461868
1.5199745766
-0.0292436203
0.2822492320
0.0101386099
-1.2179499672
0.7387458334
1.5989339224
-1.3400440421
0.1950951992
-0.1969889144
0.5160606649
0.3270408532
0.3651490360
-0.9880826502
-1.6936987183
1.0069987035
-0.4018909594
1.1932343973
-1.8154707095
0.2153593878
-0.7365415885
0.9519837406
-0.5215067411
-0.7450876843
-0.7522809586
-0.3338925219
1.0720004450
0.9665028260
-1.3603446843
-0.9888485245
-0.9804179783
1.8305132127
0.8028864893
-0.6347794903
0.9649946155
-1.5885683167
1.1746594224
1.0242482504
-2.2714695482
0.5789804284
-0.5481928469
-0.0836630929
-1.4642239604
0.5376788293
0.0044326911
-0.1384680345
-0.0840842369
1.3881255839
-0.3023837192
0.2024992864
-1.1184566638
0.7978781835
-0.6471950184
0.9621382276
-0.4821558474
-1.4669007046
-1.8138078696
-0.6154349494
-2.0142829178
0.2134092278
-0.4144018152
0.4078706398
-1.2489544201
-0.4014540795
1.5095830647
-0.6367673862
-1.3041213832
0.8448732288
-0.6764818285
-0.2929184704
2.1927902592
0.8930166087
0.7880547445
-0.2881360520
0.1608208424
-0.2022706210
0.0823420009
0.5249148319
-0.4055167453
1.8170662793
-0.0598165289
-0.5578920965
0.7983642861
0.1005799151
1.0615875317
0.9636096119
-1.0383605631
0.1543822248
-2.1779442557
0.0405377831
0.4704388006
-0.2870617209
1.1224986291
0.9843696241
-0.2960038304
1.2480445526
0.0849612307
-0.8799040037
-1.2115800118
1.0496965137
1.5867671369
-1.5481444750
-0.5377299094
