15 3 0.16
27 0 4 0 5 1 4 1 5 2 3 2 5 2 6 3 2 3 3 3 5 4 2 4 3 4 4 4 5 4 6 5 0 5 1 5 2 5 3 5 4 5 6 6 0 6 2 6 3 6 4 6 5 7 4
16 0 2 0 3 0 4 1 2 1 3 1 4 1 5 2 2 2 4 2 5 3 0 3 1 3 2 3 3 3 4 4 2
18 0 3 1 1 1 2 1 3 1 4 2 1 2 3 2 4 2 5 3 0 3 1 3 2 3 3 3 4 4 2 4 3 5 2 5 3
7 0
9 4
8 5
0 0 0 0 0 0 0 0 0 0 0 0 0 0 0
0 0 0 0 0 0 0 0 0 0 0 0 0 0 0
0 0 0 0 0 0 0 0 0 0 0 0 0 0 0
0 0 0 0 0 0 0 0 0 0 0 0 0 0 0
0 0 0 0 0 0 0 0 0 0 0 0 0 0 0
0 0 0 0 0 0 0 0 0 0 0 0 0 0 0
0 0 0 0 0 0 0 0 0 0 0 0 0 0 0
0 0 0 0 1 1 0 0 0 0 0 0 0 0 0
0 0 0 0 1 1 0 0 1 0 0 0 0 0 0
0 0 0 1 0 1 3 2 2 1 0 0 0 0 0
0 0 1 1 0 1 2 1 2 2 1 0 0 0 0
0 0 1 1 1 2 3 1 2 2 0 0 0 0 0
1 1 1 1 2 1 2 2 2 0 0 0 0 0 0
1 0 1 1 1 1 1 1 1 0 0 0 0 0 0
0 0 0 0 1 0 0 0 0 0 0 0 0 0 0
-1.8660626624
-0.0882019716
-1.2413582530
-0.4965541044
0.7555223724
1.9132064284
1.0594922142
-1.4322904695
1.0137070452
-1.2604993270
-0.0497429483
-0.5759382621
-0.0639164835
-0.7043039242
-1.3543071260
-0.6229259275
0.0376707881
-1.2272442007
1.0883150167
1.9593295552
-0.7471593623
-1.5476658777
-0.7067909534
-2.1870220500
0.5362893978
0.2727098930
1.0208188303
0.2735767258
-1.2252550487
0.4934003175
-2.0275172364
-0.2425844090
-0.6526865895
0.7308545750
-0.1340517973
0.0496930437
-0.4598592717
-1.0096083085
0.0725051155
0.5904393483
0.8407326134
-2.7826614751
1.1712361508
0.4683709088
0.7975011397
-2.2479093611
0.8052365663
-0.3910794314
0.6883098293
-0.6053353141
-0.3117373080
-0.7792947265
-1.1040407243
-0.1349449189
-0.7038741116
1.2062915811
0.9896969038
1.2821299812
1.0297674933
2.4517431184
-0.4214424420
-0.4845875848
-0.0476843231
0.8563940241
0.2861619620
1.6236974547
-0.6469628389
0.5782163008
-0.8765663402
-0.6538966640
-1.1170172120
-0.5513317942
0.0836336053
-0.2621994039
-1.6303037595
0.1951634041
1.1956322235
0.1868429427
0.5841773902
-1.1641206873
0.0029733579
1.7453069693
1.2426967391
1.4643063038
0.4225697019
-0.2712728606
0.2533418713
-0.4934090066
-0.0325292498
-0.8466419763
3.2184743738
-0.5179407804
-0.6436605204
0.6919911694
0.0086200925
-1.7556840282
1.0299480937
-0.1819512415
-0.8623173749
2.2953531183
-1.2545901638
1.1343535533
0.7898937032
0.0825497003
0.5710884698
-0.1014002784
-1.4503780936
-0.2271947045
0.3111595511
0.3494295855
-1.0769502543
0.8052762276
0.7128770231
-0.2770151664
-1.8774342914
0.2960091136
-0.0384571885
0.6775653521
-0.5982569100
0.3354200104
-1.2374446927
0.5552392405
-1.1894785580
-0.1534803141
-1.1638144169
-1.8393865979
-0.7240892481
0.0794350628
1.3733878138
-0.5802817611
0.4453367854
0.9150710405
-0.3903090547
-1.5073407590
-1.6707837508
-1.1450126376
1.4095373712
-1.7419665080
1.3884988978
1.3307550384
-0.1208024838
-1.0678132640
1.1829549906
-0.3251438784
-1.0617237475
0.2469172834
-0.3920276505
-0.5155133111
0.1391747194
-0.2484860826
0.9440479062
-0.1966374152
0.1189877222
-1.9542105120
-0.4201372034
0.1076547154
0.4641863217
0.4572175280
-0.8092577772
0.1611933806
-1.5299783573
-0.0320955029
-0.7995241460
0.0512672613
-0.7971690224
-0.6294962245
-1.5274167222
0.0764031986
-1.2003322337
-0.1828219926
-0.2686488261
-0.2165124015
-0.7878908559
-0.4507022995
-0.3204947365
0.0938554302
-0.4094827120
-2.1523086902
-1.2791237136
0.0165669894
0.5895848755
-2.2860106797
-2.1672713968
1.1223293628
-0.1273230999
1.0367850409
-0.0202412204
1.9064854011
1.8828493822
0.3550056186
-0.0801592618
-0.5250923066
-0.8651309282
-0.3402014385
-0.1596850558
-0.9435580220
0.0222239076
1.2082876136
0.7529820701
0.8853280730
-0.2107946905
-0.8997448307
-0.0122203821
0.5093538853
-1.3857406519
-0.4377832948
-0.0659828296
-2.0191413184
-0.3587886469
-0.7384474676
1.2647845904
-1.0989034653
-0.1687372673
1.5177714217
-0.7758470062
1.2269876092
-1.4591863517
0.2252048843
0.5261206726
-0.3583392584
2.8193612916
-0.0086369182
-1.0845836000
1.2921946277
-0.3222609728
2.8432263951
-0.5353645491
0.7735975725
-0.8131029962
0.2604610982
0.4035309776
-0.3404141999
0.9667205609
-2.3206480429
0.3127598589
1.8788471538
1.8219606886
1.5986553872
0.4793641430
-1.2561244167
-0.7017052101
-1.2680178948
1.7730125142
-0.1220737144
-0.1466524435
-0.0506800190
-0.5953936814
-0.0613636059
0.1278782501
-0.1662385119
-0.2865968323
1.1495857504
0.7102164195
0.8794080820
-0.5410902068
1.5168752582
-0.8701058852
0.7272667506
-0.1977726821
1.1070534115
-0.3192788994
-0.4776255844
0.1528588181
-0.0469332842
0.2407447398
0.4211714766
-0.1302371207
0.5684588670
-1.2045447146
1.4167086758
-1.8770584798
-1.2695148843
0.8949118455
1.6119815932
1.7258399396
-0.6018737546
0.5886759941
0.5708916404
0.5609257806
-1.5211426020
0.5293254405
2.0113042437
1.0165563344
1.3410372246
-1.4452612703
0.7538256780
-0.1405872956
-0.3872046163
-0.5418016184
-1.7692065043
-0.4911113343
1.9010694019
-1.2694841509
0.0543437643
1.5225770401
-0.9848010961
-1.0598545387
0.7732008918
0.9113035685
1.7410298110
-0.1056946787
2.5662546616
0.3488650811
-0.3452911901
-0.3565938421
-0.1107602466
1.0145131876
-0.7901039833
-2.3511586770
0.3300763128
0.1902829037
0.8576757261
-0.0421046664
0.1691913674
-0.0723854035
0.1377387474
-0.2507498148
1.0341218702
1.2423450898
-0.6889684634
0.0970518530
-2.0271664002
-0.5581822482
-0.6899506740
-0.4801898410
-1.3603560416
0.7258766675
0.6839075458
0.9030104685
1.3105047409
-1.9152421930
-1.9083177992
-0.5284234703
0.0353965517
-2.1820112660
0.3364374097
-0.3672092806
0.1868385414
0.9246614235
-1.3274708410
-1.1472446737
1.7964327922
-0.9593745843
-2.1275058574
-0.3737975700
1.2888161838
1.0569163247
-0.1840498303
-1.2948435274
-0.4966188631
-1.0112115677
1.2704460491
-0.4249741977
-0.3348438848
-0.0412377351
-0.5673578437
-0.2353316952
-0.2085294738
0.3341112163
0.8438843156
-0.0947061906
-0.0768516978
-0.2585291705
-0.2376789430
1.3049025547
-1.0528763721
-0.0571396328
0.2412886723
-1.2203932600
0.7243937263
-0.1148986652
-1.6383003601
1.2252784751
0.8490545681
0.2454973534
0.9877577796
-0.2227908341
1.1854777683
-0.1842626180
0.4459280172
-1.0100268180
-2.6512187142
0.7883145369
0.3857818898
1.8466982946
-0.6585402075
-0.8612662248
-0.2704408474
-1.4413146367
-1.2418576024
1.6434628756
-0.2151917591
0.9626691864
-1.0569007205
0.1451555740
-1.1767023084
-1.0897284095
-0.3204919437
1.2058059953
0.4467720911
0.4126414114
0.8197881839
-0.3849217703
-1.4100002119
0.2208566192
0.0402172640
0.0037279441
0.1077708622
-0.6945286534
0.0787535862
-0.4162761814
-0.0176855856
0.1063890850
0.1607179847
0.5727037811
-1.8604765782
-0.0614988770
-0.7733742446
-0.7058890036
-0.0370856004
2.1075207804
-0.8152052720
-0.6448328297
0.1458495238
-1.3780383439
1.2841033975
2.1612687834
1.0798506326
-1.7141281684
-0.0626666537
0.2664413985
0.0967204927
0.0834023062
0.7404440194
-1.3970744490
1.1150627833
-0.7817826287
-0.2188081224
-0.9611977773
0.6972017309
-0.1216852322
0.2060532783
0.1723428711
-1.0902019732
-1.1310104899
0.5768187005
-1.4154905542
0.4314389217
-1.6504534985
-1.2074795901
