15 3 0.10
22 0 2 1 2 1 3 2 3 2 4 3 3 4 1 4 2 4 3 5 1 5 2 5 3 5 4 5 5 6 0 6 1 6 2 6 3 6 4 7 1 7 2 8 2
35 0 1 1 0 1 1 2 1 3 1 3 2 3 3 4 0 4 1 4 2 4 3 4 4 5 0 5 2 5 3 5 4 5 5 5 6 6 1 6 2 6 3 6 4 6 5 6 6 7 1 7 2 7 3 7 5 8 1 8 5 8 6 9 0 9 1 9 5 10 1
13 0 3 1 2 1 3 1 4 2 0 2 1 2 2 2 3 2 4 2 5 2 6 3 4 3 6
6 9
4 7
11 6
0 0 0 0 0 0 0 0 0 0 0 0 0 0 0
0 0 0 0 0 0 0 0 0 0 0 0 0 0 0
0 0 0 0 0 0 0 0 0 0 0 0 0 0 0
0 0 0 0 0 0 0 0 0 0 0 0 0 0 0
0 0 0 0 0 0 0 0 1 0 0 0 0 0 0
0 0 0 0 0 0 0 1 1 0 0 0 0 0 0
0 0 0 0 0 0 0 0 1 0 0 1 0 0 0
0 0 0 0 0 0 0 0 1 1 1 1 1 0 0
0 0 0 0 0 0 0 1 1 1 1 1 1 1 0
0 0 0 0 0 0 0 1 0 1 1 1 2 1 0
0 0 0 0 0 0 0 0 1 1 2 2 2 1 0
0 0 0 0 0 0 0 0 1 2 2 1 2 1 1
0 0 0 0 0 0 0 0 2 2 2 1 2 2 0
0 0 0 0 0 0 1 2 2 1 2 2 2 0 0
0 0 0 0 0 0 0 0 1 0 1 1 1 0 0
-0.0487979609
1.0776267590
0.6495920879
0.4973417864
-0.2556354691
0.5143735206
0.2978432145
0.8402117340
1.2593615958
-0.1609404211
1.4068256252
-1.9855769437
-0.2880444791
0.8955190451
0.7233946204
0.2593524479
0.1008493234
0.1580421349
-1.0531751818
-0.3424689951
-0.3179323390
2.0307595018
1.9141379158
0.7307364009
2.1239012236
-1.1794702260
0.5311210038
0.6420615687
-0.5088953938
-0.2693692396
1.4552318292
-0.6505719321
1.3762299460
-0.8594819384
-0.3339011773
0.7149966576
0.1156922254
1.5629078087
0.3606258856
-0.5903623775
1.0673071999
0.5340738098
1.2864333534
1.3308611911
-0.3334911123
1.1782553210
0.4792026444
-0.5068670369
-1.1590497201
-1.3324254103
0.2352927807
1.4465997213
-0.8574206176
0.3421626544
1.9826238917
0.9540910141
-0.1999704981
-0.4245281538
-0.9202882499
-0.4582764057
-0.0142261805
0.5250118550
0.3747861291
0.0183875530
-1.2198272391
-0.6827097772
0.8519827576
-0.0136218417
0.5710385214
-0.6385291975
2.0622182595
-0.0974139758
-0.1625973176
-0.9621349151
-0.7420584140
-1.4956505394
0.2571461850
2.4411158154
-1.3783149412
0.6798734050
-0.2798872799
-0.4579666367
0.1991197462
0.5839424505
1.7996996300
0.8918288494
0.7464894543
0.2091349293
-0.1007799359
-0.3019416477
-0.9191754264
-0.5316176901
-0.4880783484
-0.3071187370
1.5592051643
-1.4991005982
-0.4887007872
-0.0835255175
-0.4118557003
-2.6637353338
-0.4388216397
0.2338345163
0.9534560338
-0.3128387297
0.3223861366
-0.7960842617
-1.6798579600
1.2890726603
1.1653851895
-1.3497002136
0.1156165938
-0.1162885935
-0.9681903469
-0.5994702955
1.3065136577
0.9836163386
0.0643955944
-0.9305727680
0.8922634598
-0.5327783274
-1.1514969075
-0.1830245554
1.1940515966
0.9800114686
0.8686578037
1.0497136904
0.2360859296
-1.0195196601
-0.1614700724
-0.4950231942
0.8544741451
0.6805370491
0.6702524733
1.6761460868
2.0586780688
-0.4022874535
1.3683698339
1.2201659310
1.7489877538
0.7941890254
-0.5711327395
-1.0709980019
0.8408221714
0.8475943024
0.2065829733
-0.5206893368
-0.0597508533
-0.2575565334
0.2665553114
0.1422917595
1.3568219320
-0.1694123934
0.0330659305
0.6040003013
-0.2166117170
1.9260775623
0.4553311650
0.7962558980
1.9709476281
0.2366458211
-0.5051007902
3.3125228474
-0.6854879160
0.5968479831
1.4680099117
1.3718195185
0.2587881471
1.9769215188
1.1677290344
-0.6040252885
-0.1753280260
-1.7863930948
-0.3715231000
1.0889260156
0.6633836598
0.3463503534
-0.6814281739
-1.0878554213
0.9821511473
-0.8884745288
0.6636478115
-0.0420311978
2.0369207381
0.1282666885
0.3428496174
-0.5312196471
-0.3245967296
-0.1393779296
-0.4143938480
0.8504079632
0.3903960654
0.0848617132
0.0170147234
-0.2396110219
0.5819334854
-0.1968735648
-0.3534969406
-0.3008694502
-0.0036470499
-0.3975675922
0.9243435625
0.0751753662
-0.2647915039
2.6059809269
0.5631828733
0.9649844622
-0.7965546893
0.3489412343
1.5131615000
-0.3524392280
1.2070851801
-0.1969384131
0.1938695461
0.8603952375
0.1891132229
0.0796876983
-1.6220786378
-0.2439699717
1.8859895383
2.0749625302
-1.4521497867
0.5530279394
-0.1315485499
-1.3086673152
-0.1900965023
-1.0492461455
-1.4755871177
-1.1889620009
0.9718679470
0.6458371913
-2.3917013413
0.7794411298
-1.1872886674
-0.3064948695
0.7088184184
-0.2035340507
0.4685254885
0.6390570249
1.2934567250
0.6882540309
-1.1463184905
0.0255403665
-0.8010555918
-0.9642061625
-1.7231157621
-1.0181488802
1.5066180088
-0.8343888787
-0.7857519572
-1.1766320260
0.9986198920
-1.3828356859
0.8498556494
-0.1564415329
-0.8014447187
-0.6926043901
0.4309077059
-0.1374961789
0.2662288173
-0.2120006635
-0.2245804291
-0.4545522732
-0.6663006553
-1.1199590705
-0.9992392372
0.3456188897
0.4140560917
0.4382542715
1.1350333282
-0.9919789705
0.8957126897
-0.4487121041
-0.1124443994
-0.6786061305
0.3587206130
1.4827075061
1.1528557542
-0.1705419108
1.2500802624
0.0477666000
-0.1335240996
0.2031951399
0.0687575402
0.7323572755
0.5099635801
0.6795323968
1.0950394175
0.5567556851
-0.5449240569
1.2329235742
-1.2273637006
0.4594540737
-0.3625563062
0.2508698817
-0.9713872613
1.6165221135
-0.3859380665
-2.0212641255
-1.9801453854
-1.4497340220
0.3675670086
-0.0064642368
1.2038854949
1.0811036802
0.7016190791
-1.1335605620
-1.0968312344
0.5028269697
0.1310285008
0.2209899456
-0.4355696537
-0.7656466656
1.6753013858
-0.4640877487
-1.1364813321
-0.2884397029
-0.5775503925
-1.1690683068
-0.7318512815
-1.8980383413
0.6652590044
-0.0003114884
0.2361845879
0.3602603858
0.7772447181
-1.1328595077
0.3631669131
1.9224334039
0.6674653498
-0.6803039434
0.1595989515
0.1603231870
-0.9646854423
-0.0930495989
-2.3989089903
0.4594496557
0.1327739423
0.6031180467
-0.4845629415
0.3449897946
-0.7958205806
-0.0992281312
0.0093348581
0.6561184371
-0.0260297946
-1.1324972376
0.7973166344
1.1241145329
0.4064685401
-0.6818401654
0.2781503604
0.0616986466
-0.2217801716
0.0474939286
0.2825144672
-0.1688763343
0.1888171422
0.5278067274
1.5117305598
-0.0741500499
-0.3614997632
0.7456532873
0.6289590135
0.3197873907
-0.5509412629
0.6239248980
0.8053439211
-0.7349303732
-0.2427726231
-0.4412688580
1.0942566291
-0.2192132285
0.7567530695
-0.4217508237
0.5410754547
-0.2403298208
-0.7148887249
0.0398232196
1.1127434818
-1.0268390313
-1.7457382777
-1.1978299638
0.0107613680
-1.0562027161
-1.4949535640
0.0024935213
0.7672186059
0.7639130302
0.2821332947
1.4723941871
0.1976710589
-1.2290163507
-1.8486074557
-0.9848425360
0.7663153853
0.2144661083
-0.7444912682
-0.4733076767
-2.2094570298
-0.7172961255
-1.4001618427
0.9180331688
0.8768207634
0.3635734665
1.3960542202
1.3761267761
-0.5455015606
1.1851537423
-0.6931030507
-0.1900107930
-0.3793735664
1.1638637555
0.8665681655
0.8105648286
-1.0684735557
-0.2814660546
-2.4511222158
-0.2969011271
0.9403893415
2.6535049318
-0.1229519246
-0.1326074463
-0.2033357491
-0.6481428218
-1.8429916580
-1.0052900191
1.8917828584
-1.1398418915
0.6662954106
-0.2716850974
-0.8543714582
-0.0647293304
-1.4856391993
2.1414481816
-0.3409566044
0.6361437371
1.1699924705
-0.6948078955
-0.2231359358
0.2364351892
-1.6639193000
-0.4084291046
0.9348825288
-2.0686633286
-0.1329321715
0.5597881932
2.2681573478
-0.0315781154
1.6254286660
0.9508936820
