15 3 0.14
24 0 0 0 2 1 0 1 1 1 2 1 3 1 4 2 1 2 2 2 3 3 1 3 2 3 3 4 0 4 1 4 2 5 0 5 1 5 2 5 3 5 4 6 1 6 2 6 4
33 0 4 1 4 2 2 2 3 2 4 3 2 3 4 3 5 4 1 4 2 4 3 4 4 5 0 5 1 5 2 5 3 5 5 5 6 5 7 6 0 6 2 6 3 6 4 6 5 6 6 7 0 7 1 7 2 7 4 8 0 8 1 8 2 9 1
34 0 3 0 4 0 5 1 4 1 5 2 3 2 4 2 5 2 6 2 7 3 2 3 3 3 4 3 5 3 6 3 7 3 8 3 9 4 0 4 1 4 2 4 3 4 4 4 5 4 6 4 7 4 8 4 9 4 10 5 0 5 2 5 3 5 4 5 6
3 5
1 4
3 3
0 0 0 0 0 0 0 0 0 0 0 0 0 0 0
0 0 0 0 0 0 0 0 1 0 0 0 0 0 0
0 0 0 0 0 0 0 0 1 0 0 0 0 0 0
0 0 0 0 0 1 2 3 2 0 0 0 0 0 0
0 0 0 0 0 1 2 2 3 2 0 0 0 0 0
0 0 0 0 0 1 3 3 3 1 1 0 0 0 0
0 0 0 0 1 2 3 3 2 2 2 2 1 0 0
0 0 0 1 2 2 3 3 2 2 2 1 1 1 0
0 0 0 1 1 3 3 2 2 2 0 0 0 0 0
0 0 0 0 1 1 2 1 0 1 0 0 0 0 0
0 0 0 0 0 1 0 0 0 0 0 0 0 0 0
0 0 0 0 0 0 0 0 0 0 0 0 0 0 0
0 0 0 0 0 0 0 0 0 0 0 0 0 0 0
0 0 0 0 0 0 0 0 0 0 0 0 0 0 0
0 0 0 0 0 0 0 0 0 0 0 0 0 0 0
1.4449857916
0.9078835717
1.2069200479
0.9332856473
-1.4234101927
-0.2668657925
-0.1454149207
0.1701312901
-0.8141922512
-0.1597865538
-0.5298590666
-0.7936670276
-1.6729996989
1.9236793629
-1.1238697764
0.8092651938
-1.0048390909
0.3380897212
0.1547730484
-0.9409898421
0.2933615706
0.9543352316
-2.1385543737
-0.6555247518
-0.8292841377
-0.2458805949
0.1754669645
0.7772982142
0.3377904137
0.6172298977
-1.3408885552
-0.2413828721
0.3970950194
-0.9591255979
0.8884846866
-1.6873665633
-0.3173595152
-0.0355929288
-1.1429115140
-0.0648570305
0.2094579826
0.7644422171
0.5390808822
0.1862291042
-0.8288916781
0.1778472868
-0.0418616070
-0.1902234051
-1.1511586009
0.5908781523
1.0366449986
0.8035004049
0.4682139782
2.0763061423
-0.6479915775
0.3109468524
-0.5259149940
-0.9711563379
-0.3138040633
1.2330681923
0.2799533394
-0.2498547150
-0.3424349097
0.7961904546
-1.4127812077
0.6222975455
0.4548806652
-0.5293119768
-0.4237535400
0.0056021352
-0.8289158581
0.3925566753
1.5741216013
-1.3589350565
0.4068055581
0.6992461809
-0.4197614454
-0.8853500949
-0.4039826372
1.0836349519
0.6700933039
2.0141052949
-0.5297594084
-0.5338028044
1.0512810281
1.0306094927
2.2847676794
-2.4043663526
-1.4037755183
-0.7134143619
-2.5767282740
-1.4290814782
1.2433723041
1.9677866203
-0.7570200979
1.1477826837
-0.0652243921
-0.9041120082
1.2259572180
0.7642728041
1.9936160514
-1.3566863752
0.6256703572
1.6933084057
-0.2656775603
0.5610421279
-0.4610003593
-1.6862477618
-0.1181998296
-1.5365418861
0.5162302376
0.4820426396
-0.3773200862
0.9888028782
-1.8962248959
-0.1166205260
0.4402037103
-0.7066395287
1.2601875467
0.7468550523
-0.6326603042
-0.3542552040
-0.4642731827
1.6686074741
0.1472713771
0.1079377507
1.0788562288
-0.3253466881
0.1120973234
-0.3614577903
-1.8521372324
-0.5618529971
-0.5752698437
1.4483512697
1.5258096450
0.4647214943
0.1078491894
0.4073595614
-0.0148467772
0.0976220608
0.6000661989
-0.3844043073
1.0435494486
0.4078175037
-0.7941601734
-0.0110775494
-0.7088684592
-0.2493813009
-1.2330964946
-0.5165544566
-1.0971889337
0.6596784063
0.7761349936
-0.5413604991
0.2186339447
0.1784040609
0.8414067389
0.1022610651
-0.9777725067
0.6370037129
-1.0369173700
-0.0059093937
1.6520987089
-0.0438606191
-1.3429311710
-0.2959516908
-0.6033322105
1.7128023631
0.0694391504
0.5749036715
1.5844951292
0.0290105558
0.4156637008
-0.1441220201
-1.3874760887
-0.4176604087
0.6794237570
1.6819014783
1.3324568167
0.0337370288
-1.9282829157
0.9703077416
-2.0991616909
-0.5406522392
-1.2507598396
0.0834452706
0.9786259029
-1.3170351446
0.4894755062
-0.4133577008
0.0645309516
-0.3527705762
-0.1589852050
1.4732338271
-0.2949767067
-0.9715699918
-0.3341430121
0.3979782619
0.3379179124
-1.1109735102
-2.3763423483
-0.1339656051
-0.4273995125
-2.1542620997
-1.3750776939
-1.4719372084
0.5680525294
-0.0024486554
-1.1239338806
1.6654003603
-1.4345389785
-1.4702892365
0.1551355525
-0.9432724487
1.7587777929
-0.8981927578
1.4033127771
1.0112675668
-0.8781180337
0.3126862996
-1.0528027113
-0.7007223192
-0.4090343185
0.3405423754
0.0523880672
1.5796320000
0.3971144058
-0.7478164895
0.5497838091
0.2123983285
-1.2098934637
-0.6685927070
0.5806127172
0.5001243169
0.3707533857
1.4598632074
1.1782363445
0.7382421868
0.8618199986
0.4233686505
-0.5366558588
0.0172150620
1.5266234613
-2.0822608931
1.5436447881
1.7688421084
-0.3298851457
0.4333917743
0.7928335186
-1.0170637633
-1.3304125647
1.2198688487
-0.1559465794
-0.4571694580
-2.9549906721
1.8634025114
1.4310441868
1.0707765563
0.4537534270
-0.4651304653
-1.1471841112
-1.2914815282
-1.8158810129
-0.3844922829
-0.3291918909
0.0346452631
0.5147204954
-0.2184107334
-0.1151939848
-0.1993736731
-0.5919324704
-2.2445483542
0.3289874545
0.0529943216
-0.5000004498
-0.7148490096
-0.2686823540
1.5343132573
-0.1547956343
0.8439850712
-0.4178698824
0.8602215582
0.0315566736
0.8106930328
-0.4226697497
-1.1289688466
0.3222477248
-0.4455446380
-0.8456050890
1.1897150665
1.4781314445
-0.1128830162
-1.3244721785
-1.9439708390
-0.3742790095
1.2545192998
0.4084255311
0.2705359841
0.2569253529
-0.4554624133
-0.6810330450
-0.3506117646
-0.7487115354
0.8470549339
0.0142954429
0.8605559930
1.2229524476
-1.6772536377
-1.7327444274
-0.2673940339
-1.4654963659
-0.9545125612
0.1532794899
-0.5437361412
-0.6489178517
1.5255109081
1.0732274167
-0.6527152648
1.1555416929
1.2058287728
1.8596343861
0.6385519995
1.0986143363
0.0974100089
0.2680660843
0.5431685350
1.4218447621
0.2406202437
-1.5733233715
0.8018796796
-1.9636893152
0.0002508588
1.4510782610
0.7638315154
0.0316465945
-1.8080866058
0.4924859566
0.9582433865
1.6561816909
-0.6466527405
1.5374062949
-0.3881756704
-0.0468464110
2.5384622805
0.9576340949
1.1602890864
0.5434770128
-1.1739413046
0.2807682530
-0.2016230563
2.8946852944
0.4595814112
0.7208093476
0.6973373690
0.2708493842
-2.1566698557
-0.7904915484
1.2088210667
-1.7179318085
-0.2602209025
-0.3973215497
-0.6040301205
0.0379320144
0.4393536023
0.0394822787
1.6517626990
0.2598876941
-0.1152930569
1.0511235960
-0.8316589507
0.2179189789
0.9889198022
-0.5297072858
0.1451337668
-1.2181208166
-0.0176215216
0.0543047293
-1.1340473587
-0.4853868719
1.0546899047
0.0439360864
-0.6173455027
-1.0232871169
1.4539243336
0.7671242007
-1.1132980412
-1.8592623828
-0.2996486477
-0.2369268389
0.1726324952
2.2415834373
0.6065823022
-0.6404850198
1.4475791530
-0.3554745385
-2.1665968746
0.9561334470
-0.3380861649
0.7105150999
0.1558625089
-0.2665958464
0.4132398882
1.5811174972
0.2229608379
0.9353492417
-1.3170125151
-0.7800808538
0.9311843082
1.0279795312
-0.7869547948
-0.6012175793
-1.3171777516
-0.3134773770
0.5677998552
0.9650573036
-1.0175110376
0.1975423537
0.3926502894
-0.5169669056
1.2667449164
-0.4106162924
1.0200081590
-1.8156691623
-0.2149243464
1.2701230851
-0.7717216108
0.1569532190
-0.6407043982
0.1289144515
0.4753827204
-0.5018415469
-1.4484726703
-0.5324097755
-2.4492787809
-0.3296011583
0.6960297152
-0.4713130125
0.3320945038
-2.6952430596
-0.7071013196
-0.1368357014
0.8254856274
-1.3303621507
1.7960914412
0.6856842048
-0.8885544143
0.5797461846
0.8633963752
-0.3624387033
1.2789632306
