15 3 0.07
21 0 3 1 1 1 2 1 3 1 4 1 5 2 1 2 2 2 4 2 5 3 2 4 0 4 1 4 2 4 3 5 2 5 3 5 4 6 2 6 3 7 3
10 0 0 0 1 0 2 1 1 1 2 1 3 2 1 2 2 2 3 3 1
13 0 1 0 2 1 0 1 1 1 2 2 1 2 2 2 3 3 2 3 3 4 1 4 2 4 3
5 5
11 3
3 5
0 0 0 0 0 0 0 0 0 0 0 0 0 0 0
0 0 0 0 0 0 0 0 0 0 0 0 0 0 0
0 0 0 0 0 0 0 0 0 0 0 0 0 0 0
0 0 0 0 0 0 1 1 0 0 0 0 0 0 0
0 0 0 0 0 1 1 1 0 0 0 0 0 0 0
0 0 0 0 0 0 1 1 2 0 0 0 0 0 0
0 0 0 0 0 0 1 2 2 1 1 0 0 0 0
0 0 0 0 0 0 2 2 1 1 1 0 0 0 0
0 0 0 0 0 0 0 1 0 0 0 0 0 0 0
0 0 0 0 0 1 1 1 1 0 0 0 0 0 0
0 0 0 0 0 0 0 1 1 1 0 0 0 0 0
0 0 0 1 1 1 0 1 1 0 0 0 0 0 0
0 0 0 0 1 1 1 0 1 0 0 0 0 0 0
0 0 0 0 1 1 1 0 0 0 0 0 0 0 0
0 0 0 0 1 0 0 0 0 0 0 0 0 0 0
-0.4810176887
0.8128003791
-0.3846908825
-0.1941686717
0.6669280911
1.5575822184
0.2830826045
-0.9711618001
-1.1684463254
0.4539593032
-0.3066888718
-1.7088085179
-0.8410453045
0.5308478297
-0.5637072852
0.9507640282
1.5994491100
0.0396045357
-2.3549060874
0.3949655523
1.5838975674
-0.3010185206
-0.4464086754
-0.2802410099
1.9145328949
0.4676090721
0.2471777599
1.1107605722
1.7418004232
-0.2287714838
0.0990154943
0.1187979080
-0.9998587340
0.0298278171
-0.0878471834
-0.1805899583
0.4312888312
1.1373252973
0.1096078054
-0.0369031460
0.0563140774
-0.9045411035
1.5212179980
0.6432848041
-0.8958117616
1.4975172457
-0.6753567705
0.4736249988
1.9622177289
-1.0094640977
-0.1395066344
-0.9555860472
0.2015942492
-0.1833653542
1.5602250672
1.0358360827
0.7480057916
0.1433299929
1.0320542310
0.3372865965
-1.1761733263
1.5782969536
2.1897433980
0.3248726796
0.9802802681
0.1417310552
-1.7035537483
-0.2248933619
0.1660588155
-0.8913076218
0.8194017247
0.3091630290
-1.6479871211
0.9311571179
-0.1372309081
1.2308266096
1.4385747670
-0.6366967204
-0.6745097162
-3.1202839704
-0.5565776106
-0.3297576257
-0.6603923962
1.8282504357
-0.2619326979
1.3249392285
1.2199844171
-0.3023773753
0.5482441054
-0.1540309137
-0.9114419005
-1.3810003481
1.5654797440
0.8503334522
1.4282103928
-1.3227081880
0.0773137648
-1.0238330602
-1.3556373054
-1.4705430784
-1.4211682575
0.7052495392
-0.6138563383
-0.2310911624
-1.2428599438
0.0110029339
-2.0773304535
-1.4666938562
-0.3384755706
-1.6788312684
1.6514674430
0.4648028033
-0.2565305337
-0.3346065301
-1.1075557458
0.7506566182
1.5629055813
-0.0136660662
-0.0624025834
0.9387945664
-0.3507714279
0.1417091764
0.8185171519
0.5205709707
0.4887481503
-0.9986788310
-1.9108021065
1.5391084481
-0.1312249995
-0.4579912132
1.8702626514
0.4843225757
-0.4124165758
0.5750530792
-0.5747417978
1.5053844217
0.4350090285
-1.0202659431
0.4016457048
0.4602986170
-1.6121108770
-1.1447547455
0.2538102761
-0.4258885830
1.0580852773
1.3574987278
1.5755170157
0.4810008511
-0.4376367526
-1.3484021510
1.2085796223
0.4234445973
0.4323863490
-0.8509481081
-0.8191067367
-0.8105287031
1.2247783835
1.9292176874
-0.3962855693
0.5874531931
-1.3072880701
0.3513451278
-0.2664356771
-1.7857822338
-0.6761123281
-0.7712338316
1.1166795846
-1.0568491539
0.3775670604
0.9338105727
0.4222706639
0.1239801590
-0.3037246502
0.5157448982
-2.0819919951
0.9146540037
0.2317410495
0.8063066654
-0.7349421265
1.9576488887
1.7979374109
-1.2085710857
0.2985165009
0.9164112923
-0.8636369335
-0.4747993503
2.5490450880
1.2712539197
1.6877124573
0.1019269993
1.0309175786
-0.0442674172
1.5354847557
1.0936857461
-1.1987914783
-1.1944101451
-0.4185622660
0.6849969995
0.0720095836
0.9706925906
-0.9278586626
-0.5504447326
-0.5483650734
1.4400072951
-0.2594128962
1.1570042779
1.0963724873
-0.4194450787
-0.6979462721
0.6749012904
-0.4958522893
0.0261812722
-0.5740399113
-0.5350981583
0.6751287432
2.6804707312
0.2495318866
0.8047572260
0.3425872467
0.2830899149
0.1643177521
0.4161228551
2.2659967086
-1.0494586461
0.9821490334
1.4803441179
0.7932068605
-1.8138260251
1.1574532290
0.7093045718
-0.7740717752
0.3520443451
-1.3504933100
-1.5445401585
0.0147245398
-1.4823304376
1.0603402033
-0.3551523653
1.7092826503
-2.2905075941
-1.5054482973
0.4182627329
-0.5060026477
1.5493841578
-0.1850191157
-0.5562755402
0.3107482194
-0.5233206899
1.6783901759
0.5123415898
-1.2187768998
0.2263535997
-0.5406165821
0.7636347953
0.3334946044
0.8994486792
0.7870426359
0.8863111289
-0.7907061221
0.6265304735
1.2284299412
-0.7884707056
-1.2484437453
-0.9806643741
-0.3587931464
-0.3102557991
0.9197492824
0.9844799290
-0.9406581370
0.5192750175
0.4244958844
-0.0993110767
0.0490374356
0.0738912088
0.8000270222
1.7144511790
0.1864808348
0.7266883888
1.4257715737
1.6325360574
0.2850840379
-0.0775607091
-0.2135662560
-0.7626453472
-0.5655151174
2.8295783421
0.3619758723
-0.5647704263
0.3163533327
0.7452820604
0.2678257389
-1.8760573381
0.8890087209
-0.1688352313
-1.1477315142
0.2064843869
0.6078548661
0.4120193409
0.7282804918
-1.2794012096
1.1483285336
-0.2616117061
0.7915524201
0.6443303366
0.0766007757
0.6350360013
1.8759224984
-0.5021077314
-2.5234953174
-1.3825906710
0.8722368113
0.4824139419
1.5820274240
1.3948155619
-0.1708325758
0.4001838847
-0.7674309384
0.8680484567
2.9938505188
1.0801294287
-0.5767966538
-0.5918815814
-0.5403684612
-0.1148983383
-0.8708508621
-0.9832782691
-0.3509312700
-0.4193962823
-1.7499471234
1.1665525445
-2.1445549825
1.0072216646
0.3863137401
1.1518485376
0.7296133395
-1.1423433314
-0.2588289670
1.1797549521
0.2202205635
-0.7820316001
-0.4334351027
-1.0923408985
-2.0880323723
-2.6671089822
-0.1555954004
0.2994416230
-0.5449582760
-1.4921368495
-0.1326599160
1.1576987519
-0.0160074629
-1.7499763273
-0.5263736114
0.3208983728
1.0829916813
1.1442916717
2.4357129140
0.4652838751
0.2573371308
0.6811341265
0.2692739648
-0.8471192575
0.9356753501
0.3959607379
0.6223022928
-0.5248136176
0.9734980820
1.2113793308
1.2426125445
0.2560983753
-0.5564564845
-1.1326418363
1.2652512437
-1.3999598114
-1.0578699313
0.0496127824
0.0077536997
0.2183168901
-0.8577323100
-0.0521018457
1.3408074444
0.5905453555
-0.4070214387
-0.0663180944
-1.4934768461
0.4264807285
1.8091115727
0.0908991918
0.2585968349
-0.5049894682
-0.7960071454
1.1234313045
-0.3096219991
1.1688745948
-0.1505888720
-1.6896480140
-0.7199764571
0.4801071854
-0.7695664070
2.0566384154
1.0879170658
-0.1055602251
-0.4019599186
-0.8595413583
0.2277011716
0.1098157553
-0.5628518443
1.6207138693
-0.1036825073
-1.9082070996
0.4154208303
0.7304794366
-1.3924949031
1.7550227614
-0.5971043214
-0.7905989861
-1.0256844178
0.1505609714
-0.3113961352
-2.3679191360
-3.2215550263
-1.2057893544
1.3458258114
0.1050309308
1.2411521518
-1.1276409505
-0.0275623249
0.0663651649
1.7676248880
-1.2183337332
1.3941048576
-0.3774652192
-1.7994106198
1.4348552930
0.5858429638
0.9255252601
0.6450073713
-1.2233366698
0.2714745699
-0.0298818472
0.1741001500
0.6817297782
-0.1212482927
-0.4183000522
0.4070516074
-0.8176503739
-1.8604719395
-0.7261207587
0.9754857573
0.3585996521
