15 3 0.19
26 0 3 0 5 1 0 1 1 1 3 1 4 1 5 2 1 2 2 2 3 2 4 2 5 2 6 2 7 3 1 3 2 3 3 3 4 3 5 3 6 3 7 4 2 4 4 4 7 5 2 5 3
6 0 1 0 2 1 0 1 1 1 2 1 3
19 0 4 0 5 1 0 1 1 1 2 1 3 1 4 2 0 2 1 2 2 2 3 2 4 3 2 3 3 4 2 4 3 5 1 5 2 6 1
6 7
3 2
7 9
0 0 0 0 0 0 0 0 0 0 0 0 0 0 0
0 0 0 0 0 0 0 0 0 0 0 0 0 0 0
0 0 0 0 0 0 0 0 0 0 0 0 0 0 0
0 0 0 1 1 0 0 0 0 0 0 0 0 0 0
0 0 1 1 1 1 0 0 0 0 0 0 0 0 0
0 0 0 0 0 0 0 0 0 0 0 0 0 0 0
0 0 0 0 0 0 0 0 0 0 1 0 1 0 0
0 0 0 0 0 0 0 1 1 0 1 1 1 1 1
0 0 0 0 0 0 0 0 1 2 2 2 2 2 1
0 0 0 0 0 0 0 0 1 2 2 2 2 2 1
0 0 0 0 0 0 0 0 0 1 0 2 1 0 1
0 0 0 0 0 0 0 0 0 1 1 1 1 0 0
0 0 0 0 0 0 0 0 0 0 1 1 0 0 0
0 0 0 0 0 0 0 0 0 0 1 0 0 0 0
0 0 0 0 0 0 0 0 0 0 0 0 0 0 0
0.5874481743
2.1592783009
0.9447538310
0.0144566385
-0.0609171000
-0.2959387961
-0.9214163502
-0.5549874478
0.7563308803
0.4442940239
0.1766627814
-0.5519305195
1.8948802477
-1.2666277710
0.6916579268
-1.5397142246
0.2466772722
0.0920722063
0.6850205669
-1.5393282905
0.7143808089
-0.5472819246
0.9583525782
-0.0256671893
0.4146025672
0.7442936158
-0.6650339024
0.1133360960
0.9452861809
0.3016052629
-0.0949169962
1.7816784229
-0.1468837267
-0.4743345542
1.8177650612
1.8785880011
2.7107882490
1.2678245753
-2.6594216031
-1.2703100426
-0.9280544597
0.5386549180
-0.3220703621
0.8975177847
0.2610493186
-1.4393673014
1.1077050442
-2.3106664559
-0.2733896751
-0.2243674099
-0.9064582675
0.4252295098
1.3951461825
-0.0947143346
0.4968295104
0.6062551830
-0.7198657498
1.7397241732
-0.2374591478
-0.8513206753
-0.9614825345
-2.3515075836
-1.1878373493
0.1533591316
-1.1074984971
-1.5335000437
-0.2220726737
-0.6678059119
1.0591962998
1.3537899839
0.4906057533
0.8710847183
0.5956332179
-0.8418586953
2.1524279869
1.1733957246
-1.2380618831
1.3063898019
-0.6868663502
-0.9393768545
-2.0989064255
-1.0036596254
-1.0548599504
-0.9531899629
1.6290809893
0.1502013233
0.4739122030
0.4795582813
0.3540937434
0.5107492615
0.6766460336
1.2700986020
-1.1477041748
-0.4171666112
1.3524256347
1.4086953830
-0.6767152118
-1.2138822499
0.1782851688
1.0912722021
2.1684498938
-0.9983716234
-2.2630272729
-1.9099076775
-0.7437316023
-0.0354253354
0.4995210134
-0.9270345036
1.3692342872
0.7270679097
-0.0396825303
1.0996116569
-0.2388517535
-1.0163500746
-1.4929628954
-0.0733220001
-2.0769306060
-0.6068579787
0.0314911399
1.4044218290
-1.0769364562
-0.0027716678
-0.5646202976
0.9588534591
-0.4112379462
0.4523691672
1.7100170089
-1.6998340263
-0.1517224980
-0.5333902719
1.9186901915
-0.3798937286
0.3954896867
-0.7925897738
-0.0624646751
-0.8534497294
-0.8044960738
3.2467860168
0.3587218319
0.1772402111
-0.4672294422
0.2356485449
1.2258346426
-0.1424313397
0.1990392899
-1.0966374414
-0.9893253590
0.8821664739
0.1463172290
1.5597219909
-2.3251315258
-0.0935138958
0.4143446452
0.8305398330
0.2939677823
-0.1732027053
1.3062640622
0.7872993336
0.0698524291
-0.9541135076
-1.7519872145
-0.7699459273
-0.9717575472
-0.3772177941
2.8378304753
0.4433794164
1.0460474360
-0.9376161441
-0.3820753111
0.7923109090
0.1546641367
-0.6374538651
0.1694293349
0.1592029432
-1.6673913752
-2.6057029470
1.4419473748
-0.6126339186
0.7586422904
-1.8974049327
0.6714681670
0.8800840505
-1.0616553955
-1.0130049940
0.8808051047
-0.2999327295
-0.1401337238
1.3541448351
0.0211379443
-0.1389324789
-1.6791285917
-0.5491112577
-1.0878521144
-0.2094291183
1.5529190847
0.4392265825
-0.1735384870
-0.6733405207
-0.2622671635
-0.3711070026
0.9470679996
-1.1807546116
-0.0617204425
0.4861868762
0.2328960271
-0.2800764313
-0.8427657236
-0.7316813821
-0.9029907834
0.7861642010
-0.4609018133
-1.3974705470
1.7508968426
-0.0413507951
-0.6272895064
0.0563080183
-0.8540698866
0.1631100503
0.7579177181
-1.7303630528
0.7820897616
-0.8806274593
-1.2103705125
-0.2942747154
-0.2116072711
0.1569666075
0.1147872752
-0.2215073302
1.3923777922
-1.5485610155
1.2030678558
-1.9154569232
1.8107807269
0.8264962809
-2.1115551871
-0.3925489945
0.8579812110
-0.6419872080
-1.3172739885
-0.7830142251
0.0497023811
0.6445683899
0.8620126856
-0.0827620040
1.0805119049
1.3051997792
0.3550491703
0.8030112914
0.4472533806
0.7015941736
-1.1607710088
0.5543277103
-1.4848839039
-0.9332668731
0.5063218683
1.0708185477
-0.7741278209
-1.1306166120
-0.4533369658
0.2341423848
0.6648044527
-2.1287392339
0.7135950645
-2.0829323137
-0.9533917330
-0.1688013057
-0.8932935120
0.5682706346
-0.3859935251
-0.4524836174
-0.3223341584
0.4599801353
1.2333878283
-0.8310050715
0.7719429265
0.4691172599
-1.6777225936
-0.9553352833
-1.8735097479
-0.5070387352
1.6178268614
-0.5603774476
-0.3523435670
-0.0846414794
-0.1678276255
-1.6016127242
-1.6557781611
0.0513401429
0.4725321791
1.2207263709
1.8642873034
-0.8091254942
-0.3322304225
-0.2054055381
-0.6042155927
-0.7077520430
-1.4151739039
-1.0251818684
0.4646421698
-0.8219278167
1.2413116155
-0.6496114581
0.2509805083
-0.2867672786
-0.9106511246
-0.0222035630
-0.6687549712
1.9248530574
-0.3430265335
0.8614404138
-1.3310893580
-0.5525919196
0.0839229024
-0.3821459069
0.2892138087
-0.1257069984
0.9209586689
0.5531102651
-0.7494219724
-0.0829349633
-1.7546598589
-0.7302040751
-0.6551153958
-0.8496737189
-0.7586878099
-0.6199514271
-2.4247154392
0.2452328105
-0.7711364297
1.9551442579
-0.2851993221
-1.7973162723
0.5016755229
0.4900838295
-2.8686468487
0.8105352165
0.1228898466
0.6543467138
-1.9395460980
0.0749739604
-1.6095325408
0.0619504073
0.5779441782
-0.3748219431
1.7992537172
-0.9714353805
-0.1351573711
-1.7573364082
1.1823161163
-0.8327652173
1.4608153288
-0.6414838731
0.1062984058
1.1324946854
-0.9805118668
-0.4055889422
-1.3453487583
1.2231673949
1.3959392778
-0.4263377648
0.2099996307
0.9232534480
0.1174734408
-0.1921628418
0.2637855012
0.2295779843
-1.2231624411
-0.7074620144
0.8923971763
0.2058599583
-1.5566152529
-0.6130933374
-0.6284928678
-1.4833979755
0.0644667954
-0.1654446986
1.3297170531
0.0711768424
0.0032414787
-0.3810074549
-0.2537918493
-1.6684774299
0.9579124057
1.1286199331
-1.2600091612
-1.1173567899
2.0974608542
-1.1891924558
-2.2446260860
-2.0301016456
-1.0116677074
0.0673336239
1.0164128806
0.4367231868
0.1427207824
0.6786973449
1.8483535269
1.0238528229
-1.5259858154
0.1402670392
0.1230566786
-1.8681198040
0.3880457985
-0.1775239734
1.4675453473
0.0393567983
-0.2394671238
-1.0825801917
-1.9033147360
0.9233419497
1.7607886731
-0.2684086948
1.6392603353
-0.2723369011
-0.5440039290
-1.6281945999
-0.0319179619
-0.9321225642
0.7172726418
0.8046342176
0.9137739131
-0.8442735850
-1.6286528892
0.9210441702
0.2519322081
1.8480723368
1.5036168874
-1.5849685383
0.7655247384
-0.0609619498
0.0217458727
1.0651070353
0.6156589488
-0.2143202083
1.9443953342
-0.6875687625
0.8502356802
0.8012439932
1.0400600304
-0.4409722596
0.0102583352
-0.0881359498
-1.4814863599
-0.3203662737
0.6869128475
-0.6219207040
-1.0224728978
-0.2472367533
-1.4040066785
-0.6519933389
