15 3 0.17
36 0 3 1 1 1 2 1 3 2 1 2 2 2 3 3 2 3 3 3 4 3 5 4 1 4 2 4 3 4 4 4 5 4 6 5 1 5 2 5 3 5 5 6 1 6 2 6 3 6 4 6 5 6 6 7 0 7 1 7 2 7 3 8 2 8 3 9 2 9 3 10 3
41 0 3 0 4 1 3 2 3 3 3 3 4 3 5 4 3 4 4 4 5 5 2 5 3 5 4 5 5 6 0 6 1 6 2 6 3 6 4 6 5 6 6 6 7 6 8 6 9 6 10 7 0 7 1 7 2 7 3 7 4 7 5 7 7 7 8 7 9 8 0 8 4 8 5 8 6 8 7 9 5 10 5
36 0 5 1 3 1 5 1 6 2 3 2 4 2 5 2 8 3 1 3 2 3 3 3 4 3 5 3 6 3 7 3 8 4 0 4 1 4 2 4 3 4 5 4 6 4 7 5 2 5 3 5 4 5 5 5 6 5 7 5 8 6 2 6 4 6 5 7 3 7 4 7 5
3 6
3 2
7 1
0 0 0 0 0 0 0 0 0 0 0 0 0 0 0
0 0 0 0 0 0 0 0 0 0 0 0 0 0 0
0 0 0 0 0 0 0 0 0 0 0 0 0 0 0
0 0 0 0 0 1 1 0 0 1 0 0 0 0 0
0 0 0 0 0 1 0 1 1 1 0 0 0 0 0
0 0 0 0 0 1 0 1 1 1 0 0 0 0 0
0 0 0 0 0 1 1 1 1 1 1 1 0 0 0
0 0 0 0 0 1 2 2 1 1 1 1 1 0 0
0 0 0 0 2 1 2 3 1 1 0 1 0 0 0
0 0 1 1 2 2 2 2 2 3 2 2 2 0 0
0 0 2 2 2 2 3 3 2 3 1 1 0 0 0
0 1 2 1 1 0 2 2 3 2 0 0 0 0 0
0 0 0 1 1 1 1 2 2 2 0 0 0 0 0
0 0 0 1 0 1 1 1 0 1 0 0 0 0 0
0 0 0 0 1 1 1 0 0 0 0 0 0 0 0
1.0052451438
0.4037105944
0.0071320033
-0.0814290655
-0.3779344726
0.6353392619
0.1576872856
0.2543546701
-1.2652772050
-1.5350462636
0.2124950787
-0.4581994934
0.1307915231
1.7093457924
-1.1473670499
0.6139420898
-0.0726879453
-1.3060093058
-0.8626060614
0.7178104644
0.6694519578
0.7696615007
-0.3578770556
1.3454536990
-0.8940287258
1.3772801978
1.6589111555
1.4255629506
0.0695421041
0.2944724949
-0.5588405250
-0.4562374207
-2.5753743201
1.3980800459
-1.2817351269
0.9356030148
0.3286754266
1.5345261035
1.5080991197
0.3056144706
-2.2958443055
0.3285858893
0.9383322718
0.9885333490
1.1523143157
-0.1886723244
-0.1031345194
-0.2104407441
0.5418771269
0.2117155403
1.0149895495
0.4715398456
1.0428092435
-1.9702035067
0.0182130182
0.6131019304
0.0561932780
0.3499803496
-1.0235299016
-1.3435627131
-0.8250434771
-0.5862129202
-0.8825690882
1.0849645323
0.0422240391
1.3289284922
-1.1430715244
1.6093695369
-0.6027865575
-0.2783623710
0.4821659030
1.4327069410
1.4447285148
-0.3563224877
-1.3468805226
-0.1583903474
-0.5511721627
1.4439616077
0.0139097828
-0.5010381005
-0.1703346298
0.3147825720
-0.2850188844
-0.1691846968
2.1759175909
-1.2951438712
0.6446163754
-0.7890931408
0.5601166271
-0.0039950951
-0.8013031848
-1.4438870438
0.2614564214
1.3346972695
0.5742891182
-0.1506592904
-1.0494467718
-0.2944048083
-2.0763546433
-0.3072984874
-1.1740003102
-0.2918303080
-0.8370829756
2.4432367795
-0.1630070767
-0.9840606660
-1.3645769129
0.1791882226
-1.6277085409
-0.1927506105
0.5056835514
0.4608530398
-0.0908432088
0.2425994484
1.3921710629
-0.8548080009
0.8371157883
0.9165754968
0.6927025582
0.5413344408
0.8272328147
0.3397523273
-1.2051438357
-0.7135768983
-0.6774441599
0.2507481522
1.2207510136
-0.9325422369
-1.0028172284
-1.4495911348
-0.3863705838
0.1783807800
-0.0075595404
0.7884364464
1.0469701879
-0.4060018040
-0.7479508701
1.9615888209
-0.4829051607
-1.0954816650
1.2570081265
1.3879025075
1.1152290408
1.7779202509
-0.2387813764
0.5360164398
0.0365925582
0.6619085958
0.1196629178
0.4135762656
0.3398352684
-0.1570142561
-0.6160350024
-0.6106334444
0.0744580832
-0.8518847764
1.1809581087
-0.0241410997
0.0124487018
0.8653843031
0.8316699971
1.6395856970
-1.9302117455
0.2863404729
0.8388529472
2.8013007611
1.9009005296
-0.8391442404
1.4943207309
0.3875018507
-2.0732273449
0.9691009008
0.3015080405
0.6180560018
0.1193975385
-1.5317651266
2.4155735656
0.7387920433
-0.5143241007
-1.4577648080
-0.5603605463
0.2356195307
0.1372823525
0.0535338957
-0.4055856218
1.5512077015
0.7168523275
-0.1013729414
-0.5090811896
-0.9480570102
0.8356588517
-0.7969078922
-1.4125058313
-0.3806621372
-0.4024440919
0.8192443536
1.2095459665
-0.0738900275
-0.7377104170
0.2254975495
-0.2813013659
0.0125812682
1.0533387249
-0.9644746123
0.5316222790
-0.0651240992
0.8652819476
0.5612470323
-1.7040259998
-0.2384834165
2.0520626238
-1.3991465895
-1.6341764662
-2.8730087702
0.5571523558
0.1793909984
-0.8595298109
0.6423571222
-0.3123887206
0.5980120756
-0.5988465562
1.6012431444
0.1586385831
-0.8553838032
0.0197073741
-1.2610223816
-2.0022617929
0.8659343037
1.4103376573
-0.3946148960
0.4028193280
0.1471531567
-1.3255952472
0.4900115271
1.6950773333
-0.4490129787
-0.5327604917
-0.1734838754
2.0173326469
0.6099541789
0.5433735807
-1.0736408073
-0.1783433464
-1.4714021160
0.2980925620
0.2763177458
1.4867541029
-2.2093010917
0.3971964557
0.4412841718
-0.1884586919
0.0460903165
0.4848654012
0.8390712835
0.5229986605
-0.2024851685
0.2602999329
-0.7453228525
-0.6593036407
0.1182633076
0.5556088264
0.1852757892
-2.5461917098
0.9952839711
0.1107790079
0.2186166542
-0.0904228355
-0.0786103909
0.1838122075
-1.9061610438
-0.9483355457
-0.9363528655
1.4604375294
1.1972141387
0.0921874761
-0.6320896304
0.4131963883
-1.7446209300
0.6056602750
0.9125387713
0.7716375095
-1.2606554231
-0.9894350173
-1.2569339379
0.5191812261
-0.8192969216
-1.3014873766
-1.4976834549
1.5648567031
-0.3580305142
0.3606812560
-1.0777371019
0.3385380947
2.3701501237
-0.4695681386
0.2415479428
-0.3811133515
0.8899501074
0.4027439392
-0.3900194091
0.8766019786
-0.1507621329
0.9638563996
1.2270622387
0.4437364208
1.9536486687
0.1378919866
1.2494589290
0.3152544283
-1.1562899446
1.1821717001
-0.0075125165
-0.5400174070
-0.6350673825
-0.2507194482
-0.8136894532
0.9674855261
-1.1520094451
0.4476386064
1.5480318589
-0.0097647424
1.0556833910
-1.4681965949
-1.3590529415
-0.1819723635
-0.5700260592
0.1348874842
1.3827494310
-2.6891392066
0.5339910075
0.7352353990
-0.3304482390
0.7476767833
-2.7718285874
-1.6321215922
0.8812894335
-0.7535425191
-0.7851923852
-0.7877110106
-0.6255655292
0.6139753202
0.2257427450
0.5685166598
1.8621125268
-1.5345874683
-0.2519094830
-0.0981974425
1.2216303742
-0.8179117355
0.3478921467
-1.7875261518
0.4596243413
0.1009498340
0.4616698565
-0.3605660022
1.3809797035
-0.4164278246
0.4592244940
-0.9120391747
-0.4186850102
2.2275303700
0.1686846781
-1.4012404590
-0.9968151126
-0.9232249344
-0.3451799180
1.3983318419
1.3320909566
-1.3993360641
0.3154001926
0.3944273391
0.4146640553
0.9612473238
0.6910887068
-1.2776722625
-2.2498774307
-0.8175293527
0.0830495120
0.6554414343
-2.0400570832
-0.5424896630
0.2872317432
-0.7912994097
0.7641901247
2.1715381743
-0.6609926832
0.3025228956
0.2146143653
-1.9275247807
-0.2180777741
0.0858942126
-0.8271594433
0.8006901327
-0.9129805222
0.6324035893
-0.1044883188
0.1466532944
-0.5817885046
-0.3431153657
-0.3373775825
-0.4904380128
-0.0307920513
-0.5087119334
1.3035749029
0.4364425035
-2.2632631292
0.3255329646
-0.7842603288
-0.2183206523
-0.2664344433
1.4773720071
-0.3636029658
-0.0507849033
1.4510316042
0.5449801984
-1.2765228416
-0.8543955630
1.6005020939
-0.1637360161
-0.9519483071
1.5616489333
-1.8551309790
0.1087509696
-0.1963988681
0.2532997727
1.3637278998
0.7230466258
0.1282379871
-0.2849282653
-0.4038253907
1.5427820141
1.6801973135
2.2016442042
1.7344645903
-0.7146105858
-0.0206751864
0.9678277644
-1.0393905139
1.8687279903
-0.4608180713
-0.6353994114
-1.0273223242
0.0777315644
2.1796272396
1.0025161151
-0.3803475596
-2.4913352224
1.6476894811
1.9140444190
1.1886767885
