15 3 0.12
27 0 4 1 3 1 4 1 5 1 7 1 8 2 1 2 2 2 3 2 4 2 5 2 6 2 7 3 0 3 1 3 2 3 3 3 4 3 5 3 6 4 4 4 5 4 6 5 5 5 6 5 7 6 6
15 0 4 1 0 1 1 1 2 1 3 1 4 2 0 2 1 2 2 3 0 3 1 4 0 4 1 4 2 5 2
46 0 5 0 6 1 4 1 5 2 4 2 5 3 5 3 6 3 7 3 8 3 9 4 1 4 2 4 3 4 4 4 5 4 6 4 8 5 1 5 2 5 3 5 4 5 5 6 0 6 1 6 2 6 3 6 4 6 5 6 6 6 7 7 0 7 1 7 2 7 3 7 4 7 5 8 1 8 2 8 3 8 4 8 5 9 4 9 5 9 6 10 5
0 6
8 3
4 5
0 0 0 0 0 0 0 0 0 0 1 0 0 0 0
0 0 0 0 0 0 0 0 0 1 1 1 0 1 1
0 0 0 0 0 0 0 1 1 1 1 1 1 1 0
0 0 0 0 0 0 1 1 1 1 1 1 1 0 0
0 0 0 0 0 0 0 0 0 0 2 2 1 0 0
0 0 0 0 0 0 0 0 0 1 1 1 1 1 0
0 0 0 0 0 0 0 0 0 1 1 0 1 0 0
0 0 0 0 0 0 0 0 0 0 1 1 1 1 1
0 0 0 0 0 0 1 2 1 1 1 1 0 1 0
0 0 0 1 1 1 2 2 1 1 1 0 0 0 0
0 0 0 1 1 2 1 1 1 1 1 1 1 0 0
0 0 0 1 1 1 1 1 1 1 1 0 0 0 0
0 0 0 1 1 1 1 1 1 1 1 0 0 0 0
0 0 0 0 0 1 0 0 0 1 1 1 0 0 0
0 0 0 0 0 0 0 0 0 0 1 0 0 0 0
0.0082131649
1.4583509332
-0.1566871052
-1.4679151904
0.9512446513
0.3138459664
1.8912905171
0.3340387357
0.1184382663
-1.5501622905
0.8154525769
-0.3168061527
-0.0299598662
1.3259825622
0.1624160931
-0.6354142823
0.5384057531
1.3734148807
-2.5417425208
-0.6097856919
1.8356648137
-0.5782596928
0.9573997533
1.0793221649
0.5587450195
1.6659855208
1.0957994631
0.2400103309
0.1379268166
0.1227877964
-0.2028928965
-0.9120187688
0.2693972999
-0.0357334493
0.0015572667
0.4298298712
0.1089497901
-0.5010494717
-0.1746445988
-1.3148595521
-0.7672468490
-0.7990551776
-0.6132859684
0.2831323263
1.8472245895
-0.2868455298
1.1285943161
-0.3510635507
0.3059535024
0.1358402535
0.2293581535
0.0424422962
-0.1398997500
-0.8533955078
-1.4365572067
0.8611982672
-0.4591892355
-0.1253312443
0.0983518264
0.2862119899
1.0888939464
0.5183658155
-1.6435965123
0.7340816386
-1.4331886672
-2.3737625921
1.3688032288
0.4805735398
0.0302668946
-0.1620425904
-0.4544396562
-2.3540699310
0.1317274478
0.6758884070
-1.0204668235
-0.1262007910
1.4698111685
-0.4078701942
0.6066478781
0.7962002326
0.7595002166
0.0210787155
2.0889776159
0.4603805399
0.4762523732
1.2301441873
-0.4443255671
-0.1242436750
0.9006227350
-0.3116325622
-0.5618128329
-2.2016068047
0.7341153739
0.0337518891
-1.5902067735
-0.6273673615
1.0544026686
0.6357263370
0.5448632937
1.5285629996
0.8702939507
0.4220609842
0.2780706681
-1.2025699282
-0.8422608169
-2.1828730015
0.8257917455
1.1692958283
0.4518887124
-0.9544088410
-0.9352396348
1.3657428002
1.2112982999
-0.1378087617
-0.7178592968
0.7602104507
-0.6151431120
1.2677538964
-1.3349684492
3.3650439571
0.3881658411
0.2480702197
0.1359672103
0.9793462327
-1.1851953631
-0.2266253951
-1.8837816157
0.4568096621
-1.6494958941
-0.5686829081
-0.1910769257
-0.5359484688
-0.1989680699
-1.1934872746
-1.2197911496
1.3441373733
0.5420349203
0.7144292936
-0.8262509796
1.4870891421
0.7416336424
-1.4304318705
-0.8322575943
0.0920387045
1.0776854454
-2.1362745740
-0.2417534841
-0.2075339082
-1.1540083618
-0.3021679370
1.2467922735
-0.9686081399
0.9647033295
-2.4157092640
0.0515185334
-0.1321059704
-0.6096961589
-0.4000245743
0.7668021025
-0.0096839670
-1.1529353180
0.7464925104
0.7807754666
-0.7720656730
-0.2541038184
-0.7574365822
0.7117211428
1.5998716020
1.6182211358
-0.3487798558
0.1287919073
-0.6301858941
0.3162802873
-1.1103255008
0.4919077600
-0.0378910908
-1.3722295087
-0.7152185597
0.8672572439
0.2683011925
-0.1444659340
-1.1295554208
-0.4077377821
-1.6793775050
1.1508302020
0.8839363686
0.1289254484
1.4316177719
1.5298117162
0.2720389969
-0.4065265168
-0.7476990710
-0.6013122083
-0.8282669199
-0.7280704078
0.2723453519
0.0001424718
0.5988009748
-1.1369063369
0.7615656139
1.1792952240
-0.3325435562
-1.0447068236
0.4936469672
0.5575872668
0.7347535004
0.3335035775
0.3851302212
1.3519072530
-0.7720300572
2.2856567081
-0.2862801036
-0.0764827420
0.0272129167
1.5493842195
1.1053314256
-1.3936728954
-0.9571912977
1.2568332572
1.2292801345
1.8013909623
0.7530383654
0.6699625067
-0.2954006714
0.2371658991
1.1988746810
-1.8259387076
1.1387417385
-0.1635785119
-0.0477606749
-0.4782901371
0.6680339978
-0.1067016555
-1.0431779450
1.0418577128
-0.9468303688
0.2125997283
0.2553122794
1.8477686378
0.4255470284
0.1264363773
-1.7247739294
-2.2321029506
0.0477282914
-0.2002599698
-0.5241037952
-0.3783500085
-2.0871421430
0.5320370818
-0.3764948243
1.1962562005
0.2920663374
0.5516973594
0.8381049003
0.3769499409
1.3333819773
1.1417958667
-0.7314744418
0.8943386561
0.7168097903
0.2628393779
-0.4261013013
-1.1936137666
1.3014985337
0.3167046051
-1.1753475611
1.0940975025
-0.6197016482
-0.4193237782
-1.5431361729
0.9340875595
1.5837667166
1.2275568906
-0.0177518428
0.4398586212
-1.6908495646
-0.6566636038
-0.4602206424
-0.2817525389
1.1583626725
-0.7397909251
-1.3201178354
0.7724439718
1.2541049948
0.9898372109
0.1209740944
-0.4265369859
-0.4623448301
-2.2150269046
0.2261368560
0.0302821597
-1.6154409181
-0.5115653258
-0.7324912178
-0.6522595735
-0.6000571062
0.8707454960
-0.4025887838
-0.0995994748
-0.6700496536
-0.1615486617
0.7109502750
-0.6181966849
-1.0803699709
-0.8597358860
-0.4799060967
-0.6611437236
-0.0449517108
-1.0106125870
0.0714042497
1.7793813220
-1.8858751660
0.8519320372
0.9522481567
-1.4635762884
1.0145084796
0.8500242303
-1.1685219813
-0.1655849854
0.4986324262
1.2234177528
-0.2111497487
-0.3898002462
1.6317916923
0.1237614944
0.6541034713
-0.4303336507
-1.0388096386
-1.4800611911
0.8417382647
0.6816846759
0.5059985436
1.4222510703
1.7422489108
1.4510182088
-2.0039510184
-0.2762886721
0.8200299565
0.1916237364
-1.4904433688
1.9845050264
-1.4597197111
0.7578655091
0.3809225854
0.9716258263
-0.5984731449
0.1396278669
0.2527954086
-1.0350096101
0.5255362989
0.7844988981
-0.9544711039
-0.5931107962
-0.5615710440
0.9491413973
-0.4762429003
1.4605582557
0.3854359739
1.7434771673
-0.9301968953
1.1011201718
0.6651106807
1.8349817990
0.0779419515
-1.0929688106
1.7204483992
0.5023748657
-2.7167376786
0.2498214481
0.5805273673
-2.1109374408
0.1023708569
-0.1647075635
-0.5909788508
0.3231731171
-2.2372652096
-0.2006667189
0.3714546640
-0.7495748553
-0.2899779455
-0.5579230807
1.2937534780
0.8642472158
-0.2597158671
-0.3512307583
1.1841616317
0.4795562542
-0.7728828165
0.1507339956
0.1497158270
-0.7941152258
0.3811533902
-1.3345694008
-1.7750333873
-1.2519106116
1.2082438122
-0.8237719636
1.6174762986
-0.7937207232
0.9682759306
2.1711169152
-0.2732835961
-0.0567714656
-0.6082705364
1.9436947752
-0.8006453426
1.0125823251
-0.3177637272
1.2709616792
-0.5814053238
-0.1225229461
-1.1084765468
-0.5754179362
0.5345331688
0.0255722064
2.2483530769
-2.0276503921
0.3372856391
0.4594326324
0.5420042114
-0.8356478267
-0.0386037827
-0.1143498235
-1.3026063594
0.0650185012
-0.1102037361
-2.0078267010
0.1118216457
-1.2839527221
0.4154498933
-0.4477723594
0.3293123592
-0.9281571618
0.4486102487
0.0899773000
0.4297504671
0.9384034993
-1.4164910226
1.3192417697
2.2119895026
-0.0117248885
0.9777389153
0.2198469567
2.5225631030
-0.6231819945
-0.5983548384
-0.1860440005
0.0464581337
-1.6325661369
0.0155352129
