15 3 0.18
29 0 4 1 1 1 2 1 3 1 4 2 2 2 3 2 4 3 2 3 3 3 4 4 1 4 2 5 2 5 3 5 4 5 5 5 6 6 2 6 3 6 5 6 6 6 7 7 0 7 1 7 2 7 3 7 4 7 5
25 0 1 0 2 0 3 0 4 1 1 1 2 1 3 1 4 1 5 2 0 2 1 2 2 2 3 2 4 2 5 2 6 3 2 3 3 3 4 3 5 4 2 4 3 4 4 5 4 6 4
30 0 3 0 4 1 4 1 5 2 5 2 7 2 8 3 3 3 4 3 5 3 6 3 7 4 0 4 1 4 2 4 3 4 5 4 6 4 7 5 2 5 5 5 6 5 7 5 8 6 5 6 8 7 7 7 8 7 9 7 10
5 7
3 0
7 1
0 0 0 0 0 0 0 0 0 0 0 0 0 0 0
0 0 0 0 0 0 0 0 0 0 0 0 0 0 0
0 0 0 0 0 0 0 0 0 0 0 0 0 0 0
0 1 1 1 1 0 0 0 0 0 0 0 0 0 0
0 1 1 1 1 1 0 0 0 0 0 0 0 0 0
1 1 1 1 1 1 1 0 0 0 0 1 0 0 0
0 0 1 1 1 1 0 0 1 1 1 1 0 0 0
0 0 1 1 2 1 0 0 0 1 1 1 0 0 0
0 0 0 0 1 1 1 0 0 1 1 1 0 0 0
0 0 0 0 1 0 1 0 2 2 0 0 0 0 0
0 0 0 0 1 1 1 1 1 1 1 1 1 1 0
0 1 1 1 1 0 1 1 1 1 1 0 1 1 1
0 0 0 1 0 0 1 2 2 2 1 1 1 0 0
0 0 0 0 0 0 1 0 0 1 0 0 0 0 0
0 0 0 0 0 0 0 0 1 1 1 1 0 0 0
0.8094760113
-0.9613013676
-0.8428689576
-0.6846198360
0.1464577270
0.2242417082
-0.7878685619
0.0243514036
-0.2219178746
0.8339543932
1.0959789406
1.7067568203
-0.1172991015
-3.0471746253
1.0863298121
1.3967885559
0.3579668452
-0.3811314698
-1.5887122377
0.9963762626
-0.2703298636
-1.3591836546
0.6485771446
1.5187547271
1.5676303865
-1.8627945812
-0.0512880185
0.7505401556
0.3815062782
-0.4874125330
-0.2150678732
-0.1069991104
-0.6477765990
-0.0721314201
-0.0762792302
0.4429324888
-1.4652441621
1.1046839020
-0.1674972431
-0.2437175588
-0.9430898932
-0.6843606039
-0.9234412224
0.8551353465
1.1604462445
0.5326546614
-0.3926454641
-0.3651780625
-0.3401670163
2.4233657336
1.6856944906
0.2980715133
-0.2644783851
-0.9457747884
0.7415607433
-1.4644485215
0.4973019887
-0.4688561558
0.3966670935
-0.8429137047
0.7771308760
0.9418189406
0.4780831540
-1.4933165185
1.0340603262
0.4822270487
0.5104029339
1.0658115680
-0.8149174676
2.0397510655
1.6391812834
1.0173000260
1.5145343035
-1.1109374946
0.9769535531
1.2412890049
-0.5417110326
0.3076821781
1.3293996630
-0.4884640365
0.8864897529
1.3591517310
-2.1986863891
0.9788476209
0.5532809593
0.0495802799
0.4911365340
-0.2874650793
0.0795520326
0.1712362240
-1.7314029497
-1.8191493859
0.5421820903
-1.3699463598
-1.8198159720
-0.3451539681
2.4060791918
0.4558808849
1.7705436836
-0.7768071263
-0.6072198968
0.4138265871
-0.8241804481
0.0487312168
0.1053169419
-0.0423601956
0.9434219092
0.3449782954
1.1525131966
-0.4939885398
0.0738197321
2.6545563387
0.3310437717
0.1129981077
1.7801820843
-1.0550819678
1.0113678235
0.1962794378
0.8317248748
1.4815928434
0.0750763699
0.2501867378
-0.0644770011
0.3823889531
0.1013819979
0.8655697326
2.1227082544
-0.6460402129
-0.3213651758
0.6534197622
1.6128058046
-0.0003734441
0.0984684665
0.6660027551
0.5478262883
1.7201384634
0.8618017412
0.2238782044
0.5035173259
-1.5330459999
-0.1700947700
-0.5934228628
0.1838177369
0.1258474480
1.5140967992
1.0281155449
0.5337091147
0.3340863105
0.6130561952
-0.4449533723
1.2604862384
0.4624387608
1.2257593270
-1.5619094423
0.8413686667
0.4686889638
-0.7068348717
-4.3673298443
-0.0132561560
0.5399340795
-0.3474091521
1.0905884482
-0.6097178755
-0.9166029427
-1.1419096839
-1.4973077167
0.6189650991
-0.6628013690
-0.0930051491
-1.5523651994
-1.6605704895
0.5533646493
-1.6530565460
0.3503486689
-1.1800595943
0.9727264170
-1.1767224565
1.3782394068
0.3723246294
-0.9638466220
1.8170414381
-0.5057572227
0.3301026155
0.1517870451
0.2760390719
1.2820264760
0.4770474135
2.3375341390
-0.1880287901
-1.1140715220
0.9045247322
1.2152242220
0.5133280361
0.7818681512
1.2935967720
-2.2332006941
-0.9355459641
0.4133062369
0.0583581386
-1.6347323750
0.6172787038
0.2109238968
1.7998394010
1.4749466056
1.8515159813
-1.1462951657
-0.1134287518
-0.2185046118
-1.4285788043
0.4253521917
-1.3644723295
0.2486129112
-0.9166962884
1.1828092062
-0.4072098526
-1.8531506078
-0.9051685992
0.6672585356
-0.1650455590
-2.7360990796
0.2475750326
0.8398876699
-0.1925397208
1.4074745293
0.7088407159
1.1691848218
-0.4302680654
-0.3393837885
0.4063034870
0.9520492557
-2.4740131294
0.3066752015
-1.3816968006
-0.1808016557
0.7280765707
-0.4210297198
0.2030697677
0.0968766166
-0.4936269724
-0.7119717263
-0.6896515999
1.6419774068
1.0072553582
1.2063514488
0.9789332579
1.8014464614
-0.2296833267
0.8005523465
0.4648058819
1.9593421990
-0.2018874109
-0.0789531801
-0.8583612983
0.1188357306
-0.5932837271
-0.7446447887
0.5362375671
0.3953085548
0.5559762197
-0.1662036071
1.0082868906
0.4616449646
0.8708705335
-0.9696564261
-0.6263998673
1.9617078130
-0.6456164139
-0.7254671400
-1.3961360231
1.3238341947
1.4162079984
-1.0034221822
0.1157004019
-0.6477714772
-1.2706759842
-1.3725767372
-0.9357242676
-0.1403417396
0.2713119988
-1.1632280930
0.6609388160
-0.2935363436
-0.5276963262
-0.1666219810
-1.0737168221
-0.4701577418
-0.3773701526
-1.6315892326
-1.8173521925
-0.7531447610
1.5443207466
0.9240667880
-0.9680997889
-0.9775203939
0.1092292862
1.3099051250
1.2977361680
-0.7277413061
-0.2475409873
0.8612668057
0.5349686205
1.6790778829
0.6514710380
1.3643771365
0.6697462943
-0.2443049376
-0.9534473689
1.0278937564
0.3001582257
1.2271792468
-1.0499690917
1.7112102145
0.4008791855
-1.5212523260
-0.2778337458
-0.0652348773
-0.6531091509
-0.4317477497
0.2713975294
1.0000923710
1.7698202232
0.5117512077
-0.1308647566
0.6622438615
0.7344784907
-0.1888222148
0.5322348599
-0.7512093531
0.3028231989
-0.4736604162
0.1279367938
0.3950031144
-0.9167027473
0.6832094227
-0.6151585797
0.3276370565
0.3241935508
-0.5637131783
2.1569685361
0.4992490952
0.5731625857
-0.4837902654
-1.0281584285
1.2684930024
-0.4759202621
0.3656292336
1.3264422478
-0.6841341063
-0.1783204006
-0.5756581177
-0.2225361729
0.3943765189
0.1374431769
-0.1138406299
-1.1713518548
-0.1702907835
-0.3995511858
1.2839042262
-0.3890153634
0.6403631938
0.3515194546
0.2302617811
-0.0746161497
0.9439332825
0.6016469049
1.1211965106
0.8482532658
1.8872938270
-0.4441943403
-0.2583875945
-0.9957403492
-0.6057576616
-0.7597818015
0.9327888697
0.5191151120
-0.0457662214
-0.1727282409
-0.1765650385
-0.3241275749
-0.8651584010
0.0176468219
0.0899966679
-0.2123749513
0.7279234452
-0.6624878320
0.3012258638
0.9306192555
-0.9401924797
-0.4505640432
-0.7578736991
0.5468774891
-0.5964540074
-0.6684877582
0.4876354945
0.9411669475
-0.3952677708
0.0488858680
0.7774443676
-0.6044863713
2.6629365826
2.1244060356
1.2618707448
0.4599978365
1.1097425523
-0.7245792001
1.7283315252
0.5056088088
-0.8726334854
-0.0777274065
-1.2542794479
0.1165402188
-0.2751771514
1.2196841427
1.3180026608
-1.1321909998
1.5782264231
0.3426658074
-1.9597105791
0.2207453648
-0.8978343612
0.6070595990
0.7304565516
0.1211009003
0.6915694116
-0.6440627048
0.7242490809
0.5552739258
-0.7222875255
-0.4867040898
0.1564224235
-0.2438382293
1.4766978595
0.0211365618
1.6433179571
-1.4560579705
-1.3342199929
-0.8112745220
-0.1952940360
1.0605588654
0.3966937739
0.0698867874
1.1685424168
0.8555923569
-0.3859050124
0.1505346833
-0.4680726151
-0.1976746805
-0.3983761037
0.4675709381
-1.7293462547
