15 3 0.17
26 0 5 0 7 0 8 1 2 1 3 1 5 1 7 1 8 2 2 2 3 2 4 2 5 2 7 2 8 3 0 3 1 3 2 3 3 3 4 3 5 3 6 3 7 4 3 4 4 4 6 4 7
32 0 7 1 5 1 7 2 4 2 5 2 6 2 7 2 8 2 9 3 0 3 1 3 2 3 3 3 4 3 5 3 7 4 1 4 2 4 3 4 4 5 1 5 2 5 3 5 4 5 5 6 2 6 3 6 4 6 5 6 6 7 4 7 5
26 0 5 1 3 1 4 1 5 2 0 2 1 2 3 2 5 2 6 3 0 3 1 3 2 3 3 3 4 3 5 4 1 4 2 4 3 4 4 4 5 4 6 4 7 4 8 5 3 5 4 5 7
0 1
5 5
9 1
0 0 0 0 0 0 1 0 1 1 0 0 0 0 0
0 0 0 1 1 0 1 0 1 1 0 0 0 0 0
0 0 0 1 1 1 1 0 1 1 0 0 0 0 0
0 1 1 1 1 1 1 1 1 0 0 0 0 0 0
0 0 0 0 1 1 0 1 1 0 0 0 0 0 0
0 0 0 0 0 0 0 0 0 0 0 0 1 0 0
0 0 0 0 0 0 0 0 0 0 1 0 1 0 0
0 0 0 0 0 0 0 0 0 1 1 1 1 1 1
0 0 0 0 0 1 1 1 1 1 1 0 1 0 0
0 0 0 0 0 0 2 1 1 1 0 0 0 0 0
0 0 0 0 1 1 2 1 1 1 1 0 0 0 0
0 1 1 0 1 0 1 2 1 1 1 1 0 0 0
0 1 1 1 1 1 1 0 0 1 1 0 0 0 0
0 0 1 1 1 1 1 1 1 1 0 0 0 0 0
0 0 0 0 1 1 0 0 1 0 0 0 0 0 0
-0.7461994473
1.1020365704
1.2545280793
0.6350718052
0.2091410495
-1.6925657343
-0.0744466820
0.2364018361
1.1500380907
-0.9031611002
1.1734160610
-0.7270341852
0.0496296558
-0.1066225870
-0.8346234188
1.3191954178
-1.1486890834
-1.0726869217
-1.4803220416
0.9868382977
-0.7235680497
0.9391312227
-0.1564981411
1.1633465859
1.6652597504
0.7978122702
-0.9543723068
0.1581011069
1.1272696053
-0.3614745163
-0.8591233232
-2.8643185103
0.0851490938
0.6721626418
-0.5385921440
-0.2242365699
0.8554148883
2.0524609527
0.9653952862
0.7934002918
0.7479434275
0.2687670160
-0.8209932769
2.3306381258
-1.2619039254
-0.9000021819
0.3774754359
-0.2178493380
1.0718511093
0.0141338104
-0.5137183856
0.0234391541
0.4531877403
-1.3036170850
0.1856692148
1.9639827389
-0.8476184198
1.2854647840
1.5583200556
1.2173312423
-0.7089456082
-0.2636118902
-0.3768127306
0.2197512128
-0.0046203932
-1.3882079991
0.1157872004
-1.3764186041
-0.8706075888
-0.6839808218
-0.8488687815
0.2112720962
-0.5379764360
0.5400308322
-1.0907399027
0.4259565601
-0.1764856281
-2.2115655886
-0.5522836647
-2.4307012158
-1.0689838307
0.0687419844
-0.4474997657
-0.8855935885
-1.7230245740
-1.0353188351
-0.0169110255
-0.0724623390
-0.3979141398
0.0848483958
-0.2125150133
-0.5253617588
1.2557123528
0.0244052729
0.9763018855
-0.8880694312
-0.2773347628
-0.2046921802
-1.2728310646
-0.6821440490
1.1791717572
-0.8936941244
0.5799716671
0.7327860220
0.5910951492
-0.8352064602
-0.6344190854
1.9871637861
-1.5814904444
-0.1044044007
-0.3636783465
-0.2825740398
-1.7016439088
1.0944514919
0.0358715984
1.3916533355
1.6292756350
-1.7785002383
-1.5127737381
-1.7773555474
0.2463734308
0.5490254968
1.0816300369
-0.4299340923
0.5499148364
0.5365911895
-0.3216392310
-0.5253593989
-0.9026357146
-2.0671694506
0.4291313760
0.6703765787
-0.0200292259
0.1211992571
-0.4753885820
1.5997283733
1.8312447083
-0.9286599222
-2.1054251167
0.6911541351
0.3757505455
-0.8880455112
0.5136177300
-0.5672205302
0.0276091142
-0.7455690898
1.6278371282
2.2148035510
0.0201406087
-0.0649384785
0.4526726939
0.7425077640
-0.8357649341
0.5875439377
-0.3132911509
-0.3451422706
-0.2827797586
0.4230474028
-0.8672234740
0.4963961063
0.6243053389
-1.0565217155
1.2865235696
-0.4243562852
0.8907090593
-0.8556351485
-1.5303185543
1.0486624137
-0.4107911888
-1.1489874683
0.1548164413
-0.5363021887
0.9360987928
1.2796238795
0.1771402558
0.4220962627
1.0812222041
1.9422751812
-0.5232322689
0.8676170774
1.3346185799
0.3949728418
0.1366651138
-0.7294186337
-0.1058315053
-0.5176578447
-0.5700239768
-0.7199310988
-1.7094966258
-1.7415178762
-0.0891789592
-2.3089313569
-0.3232128953
0.3708346544
-0.5530203318
-1.7043775051
0.4360997180
1.2842656280
0.9716128104
-0.8644382182
1.0088582200
0.2835624038
0.5824014266
-1.4115847653
-0.5557898223
-1.0571109638
0.1899821212
1.0506964343
0.4240969321
-0.2353492863
0.8100343977
0.4243443687
-2.1487379961
1.3624533104
0.0284223359
-0.5096958642
1.2516626525
0.8029650283
2.1602054087
-1.2989085720
2.3275346816
0.2430967866
-1.6489432265
-0.1793779624
-1.3374225549
1.5215662613
-0.9215048450
-0.6369396659
-0.7389237444
-0.6127822298
0.6938056787
0.1497780487
-0.2337033825
-0.0648762159
-0.9764035343
-0.9484042958
-0.5150719539
0.4292842057
-1.7116865898
-2.8716298214
1.2411156434
2.0413152880
2.5568552474
-0.1223235190
-0.2690933988
0.1595337254
0.8424272464
-0.0559691023
0.2892028953
-1.5530323103
-0.2236356563
0.9287057717
-0.0530339214
-0.7596254441
-1.4938224987
0.8113250937
0.7084520035
-0.8907218041
-0.2611970309
-1.4745645383
0.3961283767
-0.9254454771
0.4581385601
-0.8594705812
-1.4870537072
0.8448997903
0.8935785693
0.3804553117
1.5857617533
0.3417060640
-2.0530608317
-1.9377576336
0.8987174817
0.5858397435
-0.4547253049
0.3902173937
0.0774708446
-0.2369618779
-1.0844910811
0.2597681362
0.6154603561
-0.2935420754
-1.3409176086
-0.5705484353
1.5774345849
0.4580706056
0.1283540145
0.9332814158
-0.8088866898
0.6549661761
-0.1444866619
1.3401719344
0.9552852752
-0.4798719281
0.7066882193
-0.7426890430
-0.1020695903
1.8289877078
0.4492132941
-1.1137882024
-0.9653163856
-0.0273488085
-0.8400395827
-0.8734070034
-0.4166472656
1.3145769031
-0.8901481289
0.1411144333
0.8702533763
-0.2645384288
0.6161482633
-0.0708277803
-1.3094644712
1.0934147499
-0.1425059719
0.6817893173
1.9605934727
0.6490435676
0.4246387382
-0.5426436897
1.0455079359
0.1252783746
1.6937215379
1.5793452717
-0.8047006645
-1.7482424535
-0.5354855032
-0.4367426393
0.2113806738
-1.1258116698
0.5226345965
0.2891311752
-1.0388599473
0.5339128679
1.3125969502
1.5198220449
0.4130648359
1.3558753790
1.3466644170
0.6226168416
0.6237733208
-0.3712475286
0.1237867527
-0.3405407371
-2.1691956824
1.5903381447
-0.8779120454
-1.9625683694
0.9543072246
-1.1339159094
0.0100003903
-2.8369040415
-0.7562463061
0.3484388849
-0.1390551790
0.8887366626
-0.1837363590
2.0154914397
1.1425045791
1.6747297964
-1.2354869609
1.4107217836
0.2436952111
-1.2010608563
1.5299340977
-1.5568842569
1.1219782913
1.0411140585
-0.1998680321
0.1563392129
-0.9778754429
1.7003354996
0.0882020233
0.9683110484
1.3376578703
0.9585346099
-0.1514439669
-0.0103702229
-1.8974486119
-1.0659947160
0.1528287455
0.6324072183
-0.2688077243
-1.1676874647
0.4549070748
-0.6159111175
0.2111822203
1.6316966419
0.2245458695
-0.5254904915
0.9848782649
-1.2760218657
-0.6644489701
0.5046919911
0.5822225037
0.0635414368
-0.9796929339
-0.2289016187
-0.6077335680
-0.5731651641
0.5266049842
0.4288499557
0.4962248137
0.1957088932
-1.1501298336
-0.6685868102
0.8895111744
-0.5128959907
-0.9464295645
-0.6665987864
-0.3479284691
0.8338438329
0.7020291198
0.3532004716
1.2561607322
0.3060593548
0.3884927773
-0.4222032135
0.3910915403
-0.7265980810
1.2888745569
-0.0370681711
0.0790850536
0.1359502330
-0.3234035242
0.1127576833
-0.8395732137
0.2893207283
0.2387454021
-0.1614794761
1.0284963478
0.1505898808
-0.9632734331
0.1462130357
-1.1692974678
1.3062798248
0.3942735437
0.6029718041
1.4435379552
1.2991510093
1.2847219057
0.0921610313
-0.8001416443
0.5040205178
2.4151636655
1.9648416576
0.8692269141
0.2197110126
0.0760631537
-1.7308517172
