15 3 0.10
31 0 5 1 5 1 10 2 0 2 5 2 7 2 9 2 10 2 11 3 0 3 1 3 2 3 3 3 4 3 5 3 6 3 7 3 8 3 9 4 0 4 1 4 2 4 3 4 4 4 6 4 8 5 1 5 2 5 3 5 8 6 1
32 0 3 1 3 1 4 1 5 2 0 2 1 2 2 2 3 2 4 3 1 3 2 3 3 3 4 3 5 4 2 4 3 4 4 4 5 5 2 5 3 5 4 5 5 5 6 5 7 6 4 6 5 6 6 6 7 7 4 7 5 7 6 8 5
35 0 1 0 2 0 3 0 4 0 5 0 6 0 7 0 8 0 9 1 0 1 1 1 2 1 3 1 4 1 5 1 6 1 7 1 8 2 0 2 1 2 3 2 4 2 5 2 6 2 7 2 8 2 9 2 10 3 0 3 1 3 5 3 6 3 7 3 9 4 9
5 1
5 0
1 4
0 0 0 0 0 0 0 0 0 0 0 0 0 0 0
0 0 0 0 0 1 1 1 1 1 1 1 1 1 0
0 0 0 0 1 1 1 1 1 1 1 1 1 0 0
0 0 0 0 1 1 0 1 1 1 1 1 1 1 1
0 0 0 0 1 1 0 0 0 1 1 1 0 1 0
0 0 0 1 0 0 1 0 0 0 0 0 0 1 0
0 0 0 1 1 1 1 0 0 0 0 1 0 0 0
1 2 1 1 1 0 1 0 1 0 1 1 1 0 0
0 2 2 2 2 2 1 1 1 1 1 0 0 0 0
0 1 2 2 2 2 0 1 0 1 0 0 0 0 0
0 0 2 2 2 1 1 1 0 1 0 0 0 0 0
0 0 1 0 1 1 1 1 0 0 0 0 0 0 0
0 0 0 0 1 1 1 0 0 0 0 0 0 0 0
0 0 0 0 0 1 0 0 0 0 0 0 0 0 0
0 0 0 0 0 0 0 0 0 0 0 0 0 0 0
-0.9394664756
-0.6992656926
0.7080369404
2.3050304594
0.9873373697
-1.4083693927
-2.6090805402
0.0024490717
0.9504961123
1.8869387469
-0.1509048930
0.2581317868
-0.7625143156
1.7432048492
-2.1917314828
-0.8546836242
0.0425835480
1.0816389771
0.0577202249
0.2823179001
0.5379712245
-2.2371443406
-0.7629551912
0.7015917136
0.4906413413
-0.5311481849
0.1510399745
-0.1378276334
-1.6468044886
1.2536980646
0.3144153554
0.8371447826
-0.1688839865
1.4744385404
1.2341643576
-0.2807916165
0.6314637103
-0.3610228293
0.4904759166
-0.8350814111
0.0837875062
0.2740982175
-0.6595161075
1.2277348819
-0.0006730973
-0.0693588731
0.8657523042
-1.3272640609
1.0173063387
-0.3439449683
0.2827471003
1.3374026027
1.1424119775
0.7709384084
-1.4652091438
-0.6239266775
0.0520917292
-0.6903237058
-1.4004592275
-0.1396293753
1.0141757547
0.7364228049
-0.5356625831
0.0054717973
-0.1691480362
1.0923702724
-0.3907168160
-0.0520741549
1.7657200859
0.7264093029
-0.7846166618
0.6192014376
0.1012987943
0.2714394968
0.5156851679
-0.6289396308
-1.4897671287
-0.1001574718
0.0193524759
2.2965903616
-0.1951443201
0.5703492648
0.2669669386
-2.2820755188
0.8716368379
0.3607502480
-0.3764177249
-2.1218789860
-1.1658967178
-0.6523856710
1.4171113162
-1.1600725913
0.0059353623
0.4661335638
0.6620961237
-1.7436172855
-1.2533002068
1.3886972252
-0.6048848464
-0.2096072237
1.6442690165
1.1784885175
0.1962748625
0.9428820729
1.6854059632
0.5599683523
0.1894053665
1.3920353910
-1.0984986658
0.7781547183
1.1104533946
-1.1195530340
0.8518014016
0.6680835528
1.2323368761
-0.6452442056
0.1554540778
-1.5935864491
1.3101599889
-1.2094282041
1.2310527252
0.1081320013
1.2933355442
0.5270720287
-1.2559123754
0.0742297452
-0.4780493758
0.8446720483
1.5294783338
1.9671136314
1.1788357844
-1.1479664027
0.0306192711
0.1352456937
0.1473745211
-0.4181651307
-0.2182085199
0.1762012805
-1.0566841081
-0.3627943177
1.9123061308
1.1009326703
0.3417559352
-0.5446836049
-0.8808314654
0.5843716247
-0.8778455788
-0.3624903092
-1.7228056608
-0.9130015356
-1.2110609229
-0.2520089591
1.5295921570
1.0890465191
-0.6275280882
0.2298070112
-0.1160941466
0.6491085325
-2.3045510354
-1.3216702231
-0.7585450413
-0.5090600873
0.8169932281
0.4916614782
-1.7177912597
-1.7078160573
0.3576171601
-0.4330753574
-0.8327108316
-0.2711060292
-0.0250846985
-0.7459479335
-0.2008469880
-0.6714782735
0.0106217339
0.5221894853
-0.1708804240
1.0282547189
-0.3146012007
0.5884791441
-0.9267831962
-1.6750972563
-0.7273540308
-0.6657185274
2.1698581544
-1.1078179449
1.9514194776
-1.2692260344
-0.4942046230
0.9137567821
-0.0449715344
-0.3075806592
-0.3461755488
-0.4873507508
0.6823450634
-0.6114922445
-0.5936303674
-0.5469627991
-0.7724405769
0.1950967134
0.1808860493
-0.5853252871
-0.5763119317
-0.3788627354
-0.6814094574
-0.8795985080
-0.4574864692
-0.1034045084
-1.1232958701
-1.3143019606
1.1132563477
0.0858139773
0.4481758922
1.8072744272
-1.3003655360
-0.0564878352
-0.7739034543
-0.2170031596
-1.1168309399
-0.1510300193
-1.6895365672
0.2837620082
-1.5981416173
1.1672301088
-1.4182280691
-0.0397930694
-0.7977459919
1.5567857793
-1.0292596204
0.7114098869
0.4437295292
-0.4088837739
0.3862669061
0.5864507896
0.0677608175
-1.3514699364
1.4444316441
1.3517448903
-0.9823706249
-0.0271338786
0.2600022027
1.3128249263
-0.0215573292
-0.8109445731
1.4502849602
-0.9525333064
-1.6583573252
3.4766635565
-2.1444413115
-0.0333395024
0.2891320766
0.0223350062
0.0554255903
1.6940822999
0.0268874692
-1.4919263522
-1.5085843552
-0.1465102170
0.1129315716
0.6933732418
1.8545171631
-0.1974080669
0.7423831181
-0.1473123646
1.0142965758
0.4297161110
0.4757408586
-1.1801050064
0.2108895999
-0.9737788918
3.3229780337
0.5755771474
-1.0335397545
-1.7714804046
-0.6158116041
1.4558641933
-1.0768355710
0.4419245324
-0.7894056562
0.2434134704
0.0820264702
0.7028057554
0.5836290722
-1.5702189358
-1.7070025009
-0.9132222779
-0.6494541427
-0.6354151226
1.8686369763
-0.0639056105
1.6251890912
0.5889661875
0.0820457975
-1.4768024787
0.9754380681
-1.4917419234
0.0954428894
0.1321113877
2.0557985506
1.4809579313
0.0360679618
0.8119833076
0.2619861571
-0.5662914891
1.2450087929
2.7370030448
0.6699849846
-0.2012231923
-1.2976554123
1.2999903820
-0.0041327706
-0.7136542689
-1.5248324020
0.8919887690
0.6500241232
-0.9870175813
1.0064267186
1.0319016892
-0.5646634174
0.6736995818
0.0282523201
-0.8458341923
0.3604809716
-0.4810052798
0.4582057294
1.6321072909
-0.7473403799
-0.4765779140
1.0452404927
-0.8869554586
0.4276876089
-2.1012920758
0.3449042963
-1.4125448107
-0.1794439117
1.3600262552
-0.3565461259
-0.1932135713
-2.0909449869
-0.8201063079
0.6344244497
0.4808789512
-0.8872945883
0.8713671256
0.6032614131
0.0663639891
1.1351935276
0.4586052834
-0.6947433366
-1.2846503597
-0.3218828800
-0.2474250205
0.2257108580
-0.0725168778
0.0035010362
-1.4436595865
1.4763065615
0.1883931241
2.1599099919
0.3187255119
0.6930454294
-0.4405442107
0.1828656940
-1.1570086816
0.3161382076
-0.0562110844
0.7027061734
1.1585552917
-0.2063027673
1.6398115286
0.6739627404
1.8569469332
1.5868975308
1.1706990264
1.9431398140
0.6722769022
0.1628345519
-0.4325792039
-1.3121732529
-0.4102829019
0.2401257007
-0.9707978105
-0.2765590449
-0.3066788613
0.8353101174
-1.5073316797
-0.2381774452
-0.0020744636
0.5925223288
0.3900896102
-1.7699134071
0.0361322480
-1.7231259491
0.1822496189
-0.3853011811
0.5078865973
-1.1607363598
-0.6905765513
-0.5647703315
-1.6583916661
1.0279705765
-0.6038604882
-2.4290166085
0.3573652996
0.3321744145
-0.7943128791
-0.4959908588
1.9588433273
-1.6515113498
0.9539545174
1.6196125797
-1.4710565741
-0.2719065014
1.6315641746
0.4932132881
0.1131013061
0.3367324633
0.9758993602
-0.6113493156
-0.9663156531
1.1815809861
-1.0114807075
0.5624094464
1.2525901479
0.5022424762
-1.4698531981
0.8847327985
-0.5217266352
2.3807278477
1.5529801530
0.3436169070
1.8927306092
0.0134141601
0.3182576823
1.6797303826
0.5999541825
1.4525321314
-2.4705883264
-2.2628324202
1.4148202332
-0.6253690860
-1.6058927357
-0.5879389141
-1.7552231901
-0.7618947614
0.4021775148
-0.7351630421
-0.0088526723
-0.5890332060
1.2181275145
