15 3 0.20
13 0 1 0 2 1 1 1 2 1 3 2 0 2 1 2 2 2 3 2 4 3 0 3 1 4 0
16 0 2 1 0 1 1 1 2 2 0 2 1 2 2 3 0 3 2 3 3 3 4 4 1 4 2 4 3 4 4 5 2
28 0 0 0 1 0 2 0 3 0 4 0 5 0 8 1 1 1 2 1 3 1 4 1 5 1 6 1 7 1 8 2 4 2 5 2 6 3 4 3 5 4 3 4 4 4 5 5 3 5 4 5 5 6 3 6 4
4 4
5 1
5 0
0 0 0 0 0 0 0 0 0 0 0 0 0 0 0
0 0 0 0 0 0 0 0 0 0 0 0 0 0 0
0 0 0 0 0 0 0 0 0 0 0 0 0 0 0
0 0 0 0 0 0 0 0 0 0 0 0 0 0 0
0 0 0 0 0 1 1 0 0 0 0 0 0 0 0
1 1 1 2 1 2 1 1 1 0 0 0 0 0 0
0 2 2 2 2 2 2 2 2 0 0 0 0 0 0
0 1 1 1 2 2 1 0 0 0 0 0 0 0 0
0 1 0 1 3 2 0 0 0 0 0 0 0 0 0
0 0 1 2 2 2 0 0 0 0 0 0 0 0 0
0 0 0 2 1 1 0 0 0 0 0 0 0 0 0
0 0 0 1 1 0 0 0 0 0 0 0 0 0 0
0 0 0 0 0 0 0 0 0 0 0 0 0 0 0
0 0 0 0 0 0 0 0 0 0 0 0 0 0 0
0 0 0 0 0 0 0 0 0 0 0 0 0 0 0
1.2631342373
0.1093480641
-1.0703288455
0.7832571296
1.0138786899
-1.0035179161
0.0417260719
0.1835597663
1.2945828988
-0.1769274271
2.1273096900
0.7316531097
-0.0414906507
-0.2259538078
0.6781933161
0.7512456686
-0.4129463529
-0.9891391331
0.8219844137
0.0469543160
0.8483333927
-0.2183109097
-1.1713598135
0.9260288806
1.0913475731
-0.2852983199
0.5956362916
-1.2063846484
0.3938337324
1.1883338416
-0.1595761467
0.9717017880
-0.7087745420
1.2921534729
-1.2983277020
0.7344063573
0.4613627319
-0.6788700101
-1.6460361822
0.4855136431
-1.3441437207
1.3966847342
0.0335846847
-0.1215186594
-0.0530131642
-0.2351079923
0.7598650594
1.2913703904
1.0489876411
0.8000318894
-0.9351220495
0.1964448876
0.2402566580
3.8463295232
0.0046277247
1.7693759997
-0.6513817419
0.9678750983
1.0226127662
-0.0896267585
0.8923845825
-0.9414741626
0.6878201625
-0.7149408814
0.8510066960
-1.0462236031
-0.4044518099
1.9345233178
0.4953670714
0.2350361982
-0.4437559301
-0.3286246838
-1.7127130079
-0.5737525983
0.2943130866
0.4666505043
2.2553305297
0.9035819968
0.2604198140
0.3205371720
-0.2254951748
0.0269348415
0.7043279316
-1.4244035050
0.6968026536
-0.5415702823
0.8055479291
0.1939399915
-0.3837641024
1.2670878639
-1.1118587240
0.4523759122
1.4569920946
-0.5764518316
-1.0098800619
-1.5936426473
-1.0016140275
-1.4133884233
-2.2890309225
-0.5315851595
-0.1097436659
1.5892501364
-1.4322680532
1.0180133274
-2.3273738680
0.2567277887
-0.2256576950
-0.4063162620
0.5262499144
-1.7203137304
-1.5486272376
1.8663548051
0.3334638930
0.7242040559
-0.4258141047
0.6413551580
0.1290950364
-1.2161730676
1.7880327752
0.1248559390
-0.2148282783
0.1369504730
-0.2922264967
-0.2410509188
-1.0473514767
-0.8840324186
-1.3471389161
-2.1519388096
1.6698432867
-0.2360779583
0.3050223601
1.5078075286
1.6271838878
0.1340540912
2.3718701337
-2.3466460714
-0.1935967400
-0.4651370371
-2.8795480300
0.2886272611
0.5106743971
-0.6039075593
-0.3080271979
-1.1073182591
-0.2265194716
-0.5980149121
1.5144126021
-0.5266390038
-0.0132399706
-0.3607403742
-0.2980310508
-0.3682987785
-0.8824436435
-1.7164360630
-0.2593120303
-0.6223684590
0.0602919945
-0.6546924118
-0.5710703836
-0.7691345108
1.5285007967
2.2309431327
-2.1605245364
0.2661638787
-0.6178229377
-0.6168307937
0.6060870335
-0.6421916227
1.6197408792
0.1711241031
-0.8143050250
0.7532471274
-0.6562139453
0.4018585609
0.5435201821
1.2753746252
-0.7904281657
1.5672496272
-2.0971071373
-0.2899830918
-0.3341222488
0.9706030373
-0.4158512039
-0.7341687749
-0.9148905673
1.4437177215
-2.5907985510
-2.1641456440
-0.1493765447
-0.6378226319
-0.0317664963
-1.1629509974
1.1508304353
-0.4640447454
-0.0308728595
-0.1185901192
-0.7340022197
0.3300596569
1.2874752581
-0.7208541892
-0.9214434499
-0.2563413911
0.6571973963
-0.3821303413
0.5121049154
0.5148940973
0.2375432484
0.0740880801
0.2139840126
1.2097802884
-0.2329147941
-0.2742693444
0.5480819619
0.7566402481
-1.0237970385
-2.3696135471
-0.0624674032
-0.1942279082
0.6605125083
-0.4165036020
0.0084046313
-1.3690501059
-0.9085421437
-0.8797387557
1.2371929707
0.1663395669
0.4567761116
1.6951399945
0.7122393092
1.1631816613
0.6722657452
-1.3305165542
1.8096045169
-0.9909686118
-0.4447394913
0.4718111058
0.6909978844
-1.2150513025
1.6742566811
0.5386098554
0.7192041547
0.6426743759
0.2516943188
-0.6743551565
-1.1976355333
-1.5080790809
1.5705843904
-0.3107480622
1.0580038802
1.7716455207
-2.5545161590
-2.1326379574
1.5626131804
1.0382209185
0.1624871156
-0.1551885261
-1.7479652306
-0.3070011081
0.3483571276
-0.7813959369
-0.8021677422
1.2620870086
-0.1648018279
-1.0258354507
-0.8632384485
0.5568199977
-2.1971308609
0.0413443619
0.5687004338
-0.3683225132
-0.2068712195
-1.5287864752
-0.6734015114
0.7166369677
-0.5615823755
-0.6729241629
1.3902593184
-1.1597133152
0.3537560510
-0.6552809457
-0.1873107446
-0.6436899793
0.3804656333
-0.2853640801
0.3719083748
0.2552945029
-0.5257151064
-0.6557817060
0.0975071146
1.7772427572
-1.6691443610
-0.2606723713
-0.1557033999
0.8527969152
0.1449581524
-0.0323291471
0.6644024298
0.8640144189
1.2900114672
-0.2635721653
0.9708487081
0.6243105155
-0.7417160590
-0.1201320825
0.2031844765
0.1004580810
-0.4657422712
0.5429356755
-0.2113860487
0.9854183728
1.8091066116
-0.5623815382
-0.3640066707
0.8696406779
-0.6018092625
0.5910682240
0.2119639005
1.0773941926
-2.0228388752
0.0493158234
-1.2529219999
-0.3704163124
1.0859206339
0.1907618084
0.3469583638
0.6384416177
-1.4559063402
0.0243602062
-0.4978560138
-0.3335198731
0.6731292640
-0.0737315673
-1.1163352083
-0.5909174660
0.8019120196
-0.8764571954
-0.0197134490
-0.0312798178
-0.9328380243
0.3598055163
1.8730116112
0.4836927124
1.2134459420
-0.9167048072
-0.0636920380
0.6642884800
0.6062746453
0.0344396249
1.3038477014
1.2646828140
0.6163488361
-0.4713408324
1.7020021622
0.6330147340
1.9437198531
-0.5223973177
-0.0416365309
-0.7878399931
0.6960535372
-0.6822036553
0.8953200795
0.3822487292
-0.1776771047
-0.2416014328
-1.9072326766
0.7667526928
-0.1697898592
1.6647828572
-1.2059329822
-1.5858899915
-1.7509196948
-1.7735196090
-0.3328655480
-0.0894296088
-1.1605150472
-0.9012936213
-0.7407327324
1.6648139660
0.5121154114
0.0750238184
1.2138185645
-2.5832533592
0.0043101647
-0.0761567736
0.0164741261
-0.6032953488
0.5316148543
-1.1361000886
0.2421970185
0.5716842090
0.6345159341
1.0415016617
-0.2137864617
0.1620204703
0.3180731061
1.9523871503
0.8661141063
0.8849204802
-0.3362968881
1.3285432534
1.3413114521
-1.3688956564
1.2337225919
-0.3804420213
1.9673649289
0.9552974368
1.8968210062
-0.8801872676
0.0783602418
-0.2473920244
-1.5366264058
-0.7952510066
0.8623238839
-0.5005478681
-0.0703028905
0.5588793272
-1.2356163978
0.8526211805
1.1988015079
0.5546895290
0.4802793907
-2.5999513396
0.3282729575
0.4934542366
0.8075146902
1.5851270648
0.9843451214
0.1621787131
0.1339471653
1.0831575180
0.1013619605
-0.1828836617
2.2979489544
-0.3226731774
0.5389688352
-0.9643841573
0.5913888534
0.7414650477
-0.4289200369
0.8998097398
-0.1571654947
-0.2395818501
-2.3042654920
-0.8249869766
-0.5093843839
0.8063032500
0.7576404285
-0.0517695982
0.7069204170
0.7457861233
