15 3 0.18
19 0 2 1 0 1 1 1 2 1 5 2 0 2 1 2 2 2 3 2 4 2 5 3 0 3 1 3 3 4 0 4 1 4 2 4 3 5 2
21 0 2 1 0 1 2 1 5 2 0 2 1 2 2 2 4 2 5 3 1 3 2 3 3 3 4 3 5 3 6 4 1 4 4 4 5 5 5 5 6 6 6
19 0 3 1 3 2 2 2 3 3 1 3 2 3 3 3 4 4 1 4 2 4 3 4 4 5 2 5 3 6 1 6 2 7 0 7 1 7 2
4 0
1 6
0 1
0 0 0 0 1 0 0 0 0 0 0 0 0 0 0
0 0 0 0 1 0 0 0 1 0 0 0 0 0 0
0 0 0 1 1 0 1 0 1 0 0 1 0 0 0
0 0 1 1 1 1 1 1 1 0 1 1 0 0 0
0 0 2 1 1 1 0 1 1 1 1 1 1 0 0
1 1 1 1 1 1 0 1 0 0 1 1 0 0 0
1 1 2 2 1 1 0 0 0 0 0 1 1 0 0
1 2 1 2 0 0 0 0 0 0 0 0 1 0 0
1 1 1 1 0 0 0 0 0 0 0 0 0 0 0
0 0 1 0 0 0 0 0 0 0 0 0 0 0 0
0 0 0 0 0 0 0 0 0 0 0 0 0 0 0
0 0 0 0 0 0 0 0 0 0 0 0 0 0 0
0 0 0 0 0 0 0 0 0 0 0 0 0 0 0
0 0 0 0 0 0 0 0 0 0 0 0 0 0 0
0 0 0 0 0 0 0 0 0 0 0 0 0 0 0
-0.3274274177
-0.2921078936
-0.5553523176
0.1904850855
-1.4494479466
-0.3092919767
-1.2318946594
1.0425479621
1.4254047373
-1.6770466274
-0.1846867103
-0.8211360194
1.5579172052
1.8969376251
-1.1359506825
-0.3014215914
-1.7169636245
-1.3254016589
-0.5386668824
-0.4031474181
2.2585221625
-0.0350159855
-2.2376772995
-0.3784908832
-0.3869217795
-1.5953817093
-0.5053673383
0.7317815655
0.1592399215
-1.6783510048
0.5978489894
0.0557726867
-0.7986635496
1.2697492023
-2.3001265385
-0.7505337642
0.7561709382
0.0868899102
0.8716687131
0.4774477393
-1.1988166735
1.7137062373
0.9400121578
-0.1130274816
1.1210850382
0.1885290719
0.5715980294
0.7676229553
0.8316230188
0.4797887416
1.2334283908
-0.4969968015
0.0203184846
1.7637471920
0.4739069643
-1.2067324289
-0.0149961422
1.6165932600
-0.0240278789
1.0204189457
-0.2844530779
-0.4925898830
0.9166004912
-0.7631006266
-0.1063608568
1.4080328325
-0.5851422086
-0.8259287631
-1.1388687403
0.4781673262
-0.2284913583
-1.9497456565
0.8082387727
0.3489861051
-1.4678012555
0.1090551505
0.6542455300
0.1567595629
0.1866175816
0.1145867804
-0.2837149052
0.2216223017
1.5865466699
0.7756000220
-0.0719271490
1.2900892996
0.5513366920
-0.7389632548
0.4835105488
0.6341059875
-1.1076843437
-0.2771838108
0.3338848733
2.2971222508
1.6554386163
-0.6980149487
0.2000827908
0.1798829852
-0.5575321129
0.0118342629
0.7292496958
1.9192048947
0.9215008746
-0.2301045137
-0.3593357633
1.6706551450
2.6047457567
-1.2800504292
1.5459002055
-1.3814343014
0.8747287772
-0.1647265100
-1.1580683354
-0.3782955679
-0.6758998778
-0.6923789612
-1.1995694564
0.6455809790
2.1064892130
0.3994415118
0.6441895465
-0.6572962909
-1.4192495726
1.2109930981
0.7101525280
-0.6276978851
-1.1198394822
-0.3188267816
0.3357149623
1.0826372397
1.1060123726
-0.3095416076
-0.3182013587
0.8986976609
0.8537084570
-0.8270546941
0.0606320660
0.6062414350
1.1647514592
-0.3987394016
1.0264900982
1.3863384296
-0.3066521160
0.2296468155
-0.2202626480
1.2172298618
0.2297358421
-1.5175050313
0.2264131134
-0.0531130697
1.7541050303
0.2174139447
-1.8508192545
2.1037283302
-0.3775563659
0.8966975553
1.8807772414
0.6107227917
1.2318538674
1.2901273653
0.9601946119
1.3464303444
-1.2436076493
-1.3307434828
-1.4941032892
-0.4928846547
-0.4657269321
-0.2563588136
-0.5877100235
0.9366703704
-0.8586891164
-0.0148304654
-2.0424807378
-1.0961929119
-0.2372794098
1.6531550259
-0.7425343775
-0.4204821585
0.2688618250
0.5370294314
-1.1631146773
1.6749795422
1.6685155440
-0.5803605281
0.4146385763
0.2080284030
-0.0306036088
-0.9765178664
0.8413163243
0.5684895734
-1.2761768670
0.5309867211
0.2881693412
-0.0904440812
-0.4803160627
-0.1611209260
1.1701686462
-0.6617266937
-1.2788167307
0.0208964648
-0.1695129850
0.5183618368
0.9666436968
0.0621013809
1.0264328659
0.5227250657
-1.1837911636
-0.1823092620
-0.9985411735
0.0843118465
0.5287925247
-0.1372284144
2.0232445079
-2.2691466490
-0.1405271906
-0.9650177044
1.0102467761
-0.9791022820
1.5834428022
0.9456946228
1.2845478695
1.3282086289
-1.6174454353
0.4442246963
0.2718107997
-0.1708781741
-0.4634993632
-0.6775184032
-0.2909172652
-0.0417140579
0.3886818181
0.2896315150
-0.7185854024
0.2683610615
0.3886273100
0.0865378914
1.2109936638
-0.4222176596
-1.5229395403
0.5018498280
0.0518627659
0.5659360916
1.2473718918
-1.7154142919
-0.3580123800
0.8890134502
-2.5666822346
1.7994510337
-1.3843093913
-0.6685094945
0.2176915693
0.3053225653
1.7953442988
0.5567623354
-0.3561804006
-1.0124256780
0.9644063950
-0.2767123910
0.2017391636
0.0058104299
-0.2170173673
0.6310510834
-0.0139906458
2.3816029826
0.2921697638
-0.3322289352
-1.4419402258
1.2973851733
-0.2371006953
0.3587070672
0.8598828934
-0.1546208734
0.8823027682
-2.2061209214
0.2774939327
0.4395263671
1.9326105138
-1.9987877497
-1.0577296069
0.2368866116
1.2386386277
-1.1123589720
-0.0452308227
0.4554213970
-2.0692352020
0.6525795166
0.3395974666
-0.6222415746
0.2369864974
0.1797973637
-1.3448440414
-0.7991440655
-0.1416829947
-0.5226991912
0.0572307388
0.7918521430
-0.2929946799
-1.3046592926
-1.5948741996
0.2294777780
-0.0529612632
-1.1207872657
0.7931000751
-0.4944831308
0.4764519872
0.2677187176
1.5476959482
-0.4515653774
-0.7042321108
-0.1159760695
1.0435420815
0.0746413928
0.0667300269
1.3731111694
-0.2294668381
1.2491221135
-0.4404734510
0.7122383990
0.3999201989
1.2833553228
-0.2358654225
-0.0158243586
0.6222527330
-0.2701692328
-0.9854656810
0.3281519176
0.4000755329
-2.0827651724
0.6504982466
0.1510429198
1.6640500288
0.3021511434
-1.4238137416
-0.4609644911
0.9345703671
1.3566318143
-1.1547220736
-0.1294789161
2.3718891679
-0.8476907603
1.1228126829
-1.0901155087
-0.4761509332
0.9737704389
0.8852885899
1.1128035151
0.0651351134
-0.9354077408
0.2322157637
0.7636942603
-0.3298760869
0.0707559420
-0.2336677931
-0.2842121824
-0.8556150453
1.7052955272
-0.3793776447
-0.2390148103
-0.6518490869
-0.0664258925
0.6204632263
0.5304451962
0.8135210636
-0.1364722309
-0.2121433421
1.1149954981
-0.3021819710
0.8325091457
1.4436389202
-0.3736251383
0.4746838020
-0.0425951027
-0.4222745058
-0.2085819427
1.4697179451
1.2668845230
0.3138913700
-0.8633083092
-0.4713851620
-1.7935995973
0.2185660350
1.5148652815
-1.0811820674
-0.4751240967
-0.4177158879
-1.3580634979
0.7524103403
0.2508633097
2.0529263904
-0.8058151460
-0.2154690574
-0.4543182922
0.8251218761
1.3563225193
-0.7036376105
0.0680414289
0.1723713806
0.1039108908
-1.1593157650
-0.3619316833
0.0145806862
1.6103003382
1.1937829184
-0.3447293213
1.7289050099
-1.0876476428
3.0738033605
2.4986048204
-1.2053615869
0.5565599257
-2.1255516938
0.6454958821
0.3654417736
-0.2369030351
-0.9738430439
-0.1296816327
0.7808712399
-0.5727266931
-1.2319575718
-0.5111926316
0.3110582282
-0.0359731700
0.1804236150
-0.3433497938
-1.0717353195
1.7513143776
0.3201923130
-1.1718276619
-0.8800554896
0.7469600709
0.8717582405
-0.4628279393
0.4015107841
1.1149436779
-0.2548519663
0.3258592317
0.9160580876
0.2241952151
-0.5428459458
0.8297808740
-0.5787278680
1.6423196224
-1.0189879838
1.3941885859
-1.1165708730
0.6358724557
0.3620828568
-0.8941713202
-1.3600559031
0.2603793137
