15 3 0.03
16 0 0 1 0 2 0 2 1 3 0 3 1 3 2 4 0 4 1 4 2 5 1 6 1 6 2 7 1 7 2 8 1
18 0 3 1 3 1 4 2 3 3 0 3 1 3 2 3 3 3 4 3 5 4 1 4 2 4 3 4 4 4 5 4 6 5 2 5 5
20 0 4 1 1 1 2 1 4 2 1 2 2 2 3 2 4 3 1 3 2 3 3 3 4 3 5 4 0 4 1 4 2 4 4 4 5 4 6 5 5
6 8
6 2
2 7
0 0 0 0 0 0 0 0 0 0 0 0 0 0 0
0 0 0 0 0 0 0 0 0 0 0 0 0 0 0
0 0 0 0 0 0 0 0 0 0 0 1 0 0 0
0 0 0 0 0 0 0 0 1 1 0 1 0 0 0
0 0 0 0 0 0 0 0 1 1 1 1 0 0 0
0 0 0 0 0 0 0 0 1 1 1 1 1 0 0
0 0 0 0 0 1 0 1 2 1 0 1 1 1 0
0 0 0 0 0 1 1 0 1 0 0 0 1 0 0
0 0 0 0 0 1 0 0 1 1 0 0 0 0 0
0 0 1 1 1 1 1 1 1 1 1 0 0 0 0
0 0 0 1 1 1 1 1 2 1 1 0 0 0 0
0 0 0 0 1 0 0 1 0 1 0 0 0 0 0
0 0 0 0 0 0 0 0 0 1 1 0 0 0 0
0 0 0 0 0 0 0 0 0 1 1 0 0 0 0
0 0 0 0 0 0 0 0 0 1 0 0 0 0 0
-0.6372616083
1.5857401194
-0.8853968048
-0.2976512911
1.1154392737
-0.9633275739
-1.4835271497
-0.3792279212
0.3859275714
-0.5238631814
-0.4178632041
-0.4208816163
-0.2798378972
-0.1461337670
0.8830571755
-2.3201374664
1.1411845885
-1.5547262115
0.1488283911
-0.3512657273
-0.4999630340
1.3557348364
-0.9520152860
-0.7604097442
-1.2885681107
1.3923035064
-1.3906694463
-1.9167160063
-0.3194358341
-0.0822282936
-1.0880375081
-0.5087618279
1.6348641411
0.0195132358
0.0111993831
1.4964494225
0.0067299717
-1.2191184706
1.1567081793
-0.4972749068
0.2849984551
-0.8826209798
-0.4333747894
-0.6112316960
-0.1217651737
0.8412273785
1.3072975764
-0.4842183647
1.3540292569
1.6110333145
-0.1466581665
0.8496191127
-3.4571870097
1.5903692084
0.6432500437
-2.0538778192
-1.9826752674
-0.3479442592
1.2973576703
-1.1997384458
0.0566285420
1.4545366910
0.7377541806
-0.0986439433
-0.2120697061
1.3951369713
-1.1882306846
1.2162775453
-1.3398394004
0.5465294691
0.3552747832
-0.4460180792
-0.8583506814
0.1393036845
0.0636459642
0.0649351137
-0.0543807941
-0.6925090786
-1.3813362684
-0.3434623561
-0.4170149667
1.1115582151
-1.7420343766
0.0337428862
-0.7384252701
-0.2459884292
1.8547237429
0.3235232273
0.6345783738
2.2698181270
0.8755388084
-0.6050707575
1.3049765665
1.5381842390
0.7362593216
-1.6785451468
-0.0206931435
0.3340426154
-1.1027353288
0.0005478756
-1.1954429895
-0.9061464334
0.5041231785
-0.1601830611
0.5581013959
-0.3540834743
-0.7877001636
0.4921398238
-0.0097933386
0.2531786729
-0.3347784614
0.1216749943
-0.1335096807
-1.3649112162
-0.8288840648
-0.1504609684
0.6537978686
0.2597965245
0.1364745652
-0.6936907764
0.4630352542
-0.9495372622
0.2033873001
-1.2922067157
1.4112563741
0.2832985444
0.6068265957
-0.8495152925
-2.0624271829
1.2108862059
0.0009258438
0.7653186246
-0.4799672836
1.1732450227
0.7842376189
0.2233718143
-2.0515939386
-0.4137486232
0.5722290867
0.7229719684
1.4559903170
1.5931381091
-2.6153326272
0.8123660137
0.8225350364
1.5650284406
1.3330243089
0.2154289622
-0.7859821855
-0.7132544817
1.5652276061
1.7031059141
1.4145938847
-0.0819059771
0.3114561781
-0.9829092553
0.2488264886
2.0101253513
-0.4320705537
0.9909380022
1.3844618044
0.0399730724
-0.0392593245
-0.7823108759
-0.8138944683
-0.0799825340
1.1688557690
0.6573084249
0.1202560635
-0.9675985662
-0.4393622598
-0.3299170333
1.7741784181
0.0928887963
-1.3452631775
-0.0281363707
2.2845354860
0.1220767963
-1.6699464377
0.1605654087
0.1922244165
-1.7493115363
0.1769379622
0.0844007651
-0.5161552507
0.3513233967
-0.9162355355
-1.3593800323
-0.1601757162
1.1260721780
-0.9878837547
0.2949280004
0.8456596220
0.7191317685
-0.6238112044
-0.8233663828
1.1983986123
-0.1914879983
1.3874024019
-0.8399594869
-0.4799457633
-0.5926252344
-1.3959807429
1.0944912779
-1.0742503174
0.7069989053
0.0919990300
0.7098161977
1.3726815694
0.5225723133
0.0527605677
-2.0779387228
0.4677964324
-1.0643787166
0.5999939057
-0.0153675699
1.1995118330
2.1544593098
-0.9556563077
-0.4382862926
-0.1886124715
3.0223314604
-0.1171467540
-1.0311202650
0.5335623480
2.4813856674
0.0714227228
0.8410551724
0.3395012178
-1.2317227815
-0.7527606312
0.5058142860
-0.6524497097
-0.0062674475
-0.8311386897
-0.8966549755
-0.0868037165
0.3272297710
-0.6305698275
-0.1804293505
0.1376237580
0.4326736358
-0.0856158458
-2.1118208324
-1.3262533839
0.3262982250
0.3592164074
-1.0529542568
0.6607185430
-0.8887241746
1.2409880308
0.5042388933
-1.0663220869
1.9013426391
-0.2306217280
0.9339558937
-0.2309245519
-1.5190934598
-0.7228510364
-1.3348154263
0.8925442076
-0.8786763031
1.4733960550
1.2382104675
-0.2227643951
2.1456516826
0.1846880456
0.4554262930
-0.3960795901
-0.0249539051
-0.7883013293
1.4620090371
-1.4027078680
-0.2463233271
-0.8337002356
1.7250248534
-0.1174451868
-0.6919754145
0.0631996338
0.5210863461
-2.6898836011
-0.0571483223
1.2910080295
0.1389891470
-2.2308356018
0.4124948243
-1.0693525455
0.8041981848
1.0607363620
1.5491727644
-1.0014104811
-1.4056586025
-1.1223075043
1.5847654696
1.5369982422
-0.4128496464
0.2361414014
-0.4067863244
-0.1368912174
0.3904319184
-0.9195475721
-0.4334630703
-1.0582092907
-0.4628057807
-1.2377369288
1.6347809120
-2.7505484081
0.5520552724
1.4884393429
0.3445381365
-0.3263206824
0.9024363369
0.7353808841
-0.1763045197
0.6308115053
-0.1723469616
1.5365516250
-0.4354982610
0.4070225961
-0.0569676725
1.3427222576
1.4007524104
0.4359356989
0.8012546283
-1.6846713540
1.0873209330
0.4662536577
1.3761028586
-0.7808825256
0.8817003290
-1.7079249689
-0.0159710294
-1.3041990054
1.7007180552
-0.1793173479
-0.5985723507
0.6113676589
0.0140179254
0.3812676511
1.4381188547
-1.1320595634
0.5672533681
-1.4538501202
0.4338301118
0.3919680905
0.2370657680
0.1301662443
1.4998299440
0.4612614097
1.9645593383
0.6971562186
-0.0378854476
0.6840096732
0.5508967870
0.6952248769
-1.3065858723
-0.3849659204
-1.1317893771
0.0578259808
1.9385510872
0.8941078545
-0.4698849112
0.6349244259
-0.9856059050
-1.0222226343
0.1916338398
0.0397887274
-1.7657758339
-0.6702455498
-1.9432263638
-0.5665795345
-0.0042370959
-0.8064132431
0.3735778662
1.0110300893
-0.5763342360
-2.0536143462
1.2637270005
-1.3728794998
0.3973200163
-2.1971090600
-0.1038673890
0.0598357660
-0.1121623462
0.4934025489
-1.1844189022
0.3339310394
-1.1119182716
1.0925590124
-1.2127914398
0.9309582354
-0.0830947055
1.4693793653
-1.1938338765
-1.7304398343
0.5103805819
-3.6442989857
0.1550249524
-0.4220246454
-0.3618624417
0.8842311883
-0.5749967525
-0.5141923539
0.1146130779
-1.0184684774
-1.2943498121
0.2416129825
-0.4557392396
-0.5335785490
0.5067525794
0.9387924534
0.5198627237
-1.3060060285
0.7186193668
-0.1796299965
-0.4023572441
1.3000547587
-0.5695853941
-0.5458999383
-0.9143012149
0.3184494329
-0.0496029518
-0.9769855040
0.9968657904
0.4893676133
-0.0768140477
0.8257513623
1.7285047503
1.3869442944
1.3179434359
0.6618697730
-2.1431278926
1.1269502649
0.9013433183
-0.1625257404
0.4749053340
-0.1486082541
-0.6625573820
-0.6645015759
-1.0406381355
-0.1747934045
-0.3830195376
-0.8423278360
-2.0062196548
1.8820758803
-1.1954998492
1.1502933858
-1.2298566633
-1.5063452960
1.1157226147
