15 3 0.10
36 0 7 1 7 1 8 2 3 2 6 2 7 2 8 3 0 3 1 3 2 3 3 3 4 3 5 3 6 3 7 3 8 4 1 4 2 4 3 4 4 4 5 4 6 4 7 4 8 5 1 5 2 5 3 5 4 5 5 5 6 6 2 6 3 6 4 6 6 7 2 7 3
35 0 5 1 4 1 5 1 6 2 4 2 6 2 7 3 4 3 5 3 6 4 4 4 5 4 6 5 4 5 5 6 5 6 6 6 7 7 4 7 5 7 6 7 7 8 4 8 5 8 6 9 4 9 5 10 0 10 1 10 2 10 3 10 4 10 5 11 4 11 5
36 0 3 1 3 2 2 2 3 2 4 3 0 3 1 3 2 3 3 3 4 4 1 4 2 4 3 5 1 5 2 5 3 5 6 6 1 6 2 6 3 6 4 6 6 6 8 7 1 7 2 7 3 7 4 7 5 7 6 7 7 7 8 8 1 8 2 8 3 8 7 8 8
6 2
0 5
5 4
0 0 0 0 0 0 0 0 0 0 1 0 0 0 0
0 0 0 0 0 0 0 0 0 1 1 1 0 0 0
0 0 0 0 0 0 0 0 0 1 0 1 1 0 0
0 0 0 0 0 0 0 0 0 1 1 1 0 0 0
0 0 0 0 0 0 0 0 0 1 1 1 0 0 0
0 0 0 0 0 0 0 1 0 1 1 0 0 0 0
0 0 0 0 0 0 0 1 0 1 1 1 1 0 0
0 0 0 0 0 0 1 1 1 2 2 1 1 0 0
0 0 0 0 1 2 1 1 2 2 2 1 0 0 0
0 0 1 1 1 2 2 2 1 2 2 0 0 0 0
0 0 0 1 1 3 3 3 2 2 3 0 0 0 0
0 0 0 1 1 2 2 2 2 1 2 0 1 0 0
0 0 0 0 1 2 2 1 2 1 1 1 1 0 0
0 0 0 0 1 2 1 1 0 0 0 1 1 0 0
0 0 0 0 0 0 0 0 0 0 0 0 0 0 0
-0.1641162240
-0.6885526981
1.1231729814
1.1115447041
0.7650015886
1.0486246840
-0.7681419613
1.3746524097
1.2046301076
0.2978902052
-0.0266647792
-1.5957040461
0.8556392219
0.1713981441
-1.1524898733
-1.1292506451
0.2028401571
0.0560398588
-1.2397911390
-0.6083728417
1.3721856518
-1.1514301677
-0.1350253829
-1.4096997202
0.5057069707
-0.7743080017
-0.3844967943
-0.7489337403
0.6380837378
-0.6849825719
-0.7947694359
-0.6513218904
-0.3325747009
1.1570244209
0.7644185303
-0.4795485238
0.5169007344
0.8468426485
-0.6413227629
-1.5342892175
0.5523995195
0.8733173721
2.9569751681
-0.7883270731
-0.5995755521
0.3073523905
0.1306029288
0.8051605717
0.7414551694
-0.1970361615
1.2150352830
-2.0706915383
-0.1998920149
1.0500609575
-0.5844303703
-1.3522423340
0.1540541246
0.0990483908
-0.5566615039
2.0566252371
-1.6386887837
-0.4422086830
-1.0435191872
0.1810658282
-0.2226300828
0.2698005194
0.7194113603
1.2012589928
-1.0396418169
-0.1963371462
-0.0001534817
-0.7459667174
0.1446429757
-2.5391606725
1.0523179289
1.4884535421
-0.3629764919
0.4181156227
-1.6845100820
1.3534383768
-0.8056622673
-0.7627564468
0.1806252762
1.3963993949
-0.5250732956
-0.3466749823
-0.6793733707
1.9150154878
0.2887335311
1.5057803496
1.0703277979
1.0686063178
0.1887166118
-0.3412332364
0.3933642249
0.3177081392
-1.2955033010
-1.1682379906
1.3747423562
-2.3205106762
-0.0163348723
1.3574075516
-1.7982962478
1.4210440220
1.8537630595
2.5322857709
0.6223431551
-1.1643435739
0.5892128450
-0.4843045231
-1.4233008272
-0.2586599614
-0.1712996184
-0.6145490178
0.4953940809
0.2474679199
1.0961517718
0.1666736407
0.7822402029
0.0701665666
-0.4256194414
0.4135618613
0.7797833492
0.4536419218
0.6697080161
-0.6375632000
-0.3542455285
-1.0802493263
-0.2570358953
0.4528508018
-0.1665503246
-0.8884986879
-0.5019526356
-1.5232811684
1.2500990720
0.9625426395
1.3830757126
-0.3787598819
2.4993090286
1.0337543512
-0.6103709069
-1.1643757704
0.1542944185
1.0094655959
-0.4800717611
-0.3102840642
-0.9077556580
0.2946617373
0.1895680774
-0.0431632889
0.4417312642
-0.4580440525
-0.8838488464
0.5448986880
0.1974560920
1.1223064123
1.6524513853
-1.4015103195
-0.1770262216
0.0671377735
-0.9389959184
0.7463712891
0.2049654544
0.5192331651
-1.0700670958
0.6181427926
-0.7180743476
0.3602218540
-0.4434637607
0.4847305432
-0.0061721991
0.9658148487
-0.4936881654
0.4464762966
1.1664945501
-0.2478630011
1.4857762461
0.0570187148
-1.2622931219
-0.1210350480
0.7689278441
0.8199838418
-0.2923280649
0.1011710647
0.2714323446
1.5442359487
-0.4918984190
-0.4025590044
-1.2264814011
-0.1088098915
-0.2773359005
-0.6893080027
-1.3107025363
1.4332460557
-0.5244966748
-0.2532272887
1.5845228964
0.6759966115
0.1306534447
-1.2725801214
-0.8718227548
0.1071622638
-1.4523188751
-1.3772702976
1.1282316162
0.0399558360
0.3753966565
0.0877645378
0.0280263594
1.0472069258
0.9827314494
-0.4907348872
-1.8383826870
0.4908167405
-2.7048770613
0.4589797913
0.9913468309
-0.9775730072
0.4585024407
1.3054661850
0.6440504839
-0.0493461360
0.0500799634
-1.4514721640
0.3934520600
0.3277587596
-1.2721835498
-0.9588933499
-0.3304380390
0.3907430838
-0.3715277702
1.0154319689
0.0912412342
0.7465822304
0.0039949033
-0.1176750659
0.3979435690
-1.8717522854
0.5932563181
1.6158366199
-0.4512333226
0.0745073818
2.3738945826
-0.0584199762
-0.2892166517
-0.8698470302
0.8992700516
1.1381823403
0.3935900671
0.1839547086
0.3301477629
-1.4726732766
0.5561226011
0.0054207548
1.2729626955
-0.2959062843
0.2639742116
0.9436966689
1.2325664356
0.1099871244
0.0093731804
-1.5052986986
-2.3738929305
-0.0931685856
-1.1748249801
-0.6073455182
-0.5588433621
1.2477712857
0.1334796444
0.0554606840
-0.7871485975
0.9374114742
1.3356449235
-0.9068954581
-1.5850142987
-0.7062571099
0.1833403044
-0.1432083713
-0.9441448212
-0.8590627929
1.5050483546
0.5966098612
-0.2965442457
0.6195589244
-1.1740700279
-1.2662751174
0.2547449613
-0.2263456358
0.2943923464
0.1935956875
1.2231217081
1.3761699158
0.6839107699
-0.0714916339
0.9061253557
-0.2226951808
-0.0299343844
-3.4219463244
1.3473200821
0.4550960144
0.0026806039
-0.5208017076
-0.6632270280
-0.6511395178
1.2268977021
-1.3195193633
-1.1303601474
-0.0730623323
1.0554432419
-1.1709108186
0.0972659117
-1.6860890047
0.5051111102
1.0361455258
0.3775736327
-0.7808305665
1.6483787485
-0.1845191790
-0.3259319590
-0.6168419010
-0.0978962843
2.3068469941
0.5413696698
-0.3226653081
1.7627132070
1.2833371572
-2.3929097768
1.1913328228
-1.9351897117
-0.9596942488
-0.1134741144
-0.4490824682
-0.8569079238
0.3400010126
0.8028643538
-0.7220093510
-0.0867661058
-2.1110757505
0.4715218806
-0.9556316167
-0.6519655170
0.4991164297
0.3176254592
-1.1978865288
-0.2122783399
0.4372726048
0.6801484864
-1.5303827816
-0.1240743408
-1.1816031445
2.9993925538
-2.0448052305
-1.1209372209
-0.3657029018
-0.7804505340
0.9197546267
-0.4948563304
0.7931071104
0.5805343603
0.3332993924
-1.0140220378
-0.3417597784
0.6193805702
-1.9892096253
0.5692843336
0.3691364589
0.1275935116
-0.7201521670
-0.0784845140
-0.1676531580
0.9615418152
0.5166828030
0.5968001674
0.2571746127
-1.1080432089
-1.1108338851
1.9261565659
1.0123273969
0.2760929996
-1.8623002786
-0.2100507111
-1.2109885696
-1.2267168451
-0.8723255371
0.5249905983
-0.4954231726
1.1151163754
-1.2412169928
0.3762841607
1.2269646402
-1.2398227644
-0.2831802191
0.9103510360
0.7170255582
1.2543347861
-1.6345781154
0.1611192146
-0.4912694114
0.4503785702
-0.1421972983
-0.1259465658
1.1172170250
0.0041881240
0.2678674105
-2.7281902431
1.3251320222
0.4859074847
1.3550975268
-1.7203477169
-2.1461983985
1.9353157930
-1.5384376900
1.4384941707
0.9449510345
1.8506420388
-0.0492731511
1.0872998873
-0.2845147499
0.1705536574
-0.6484345261
2.0563608447
0.1471589176
0.6752455173
-0.7039520254
-0.1008790525
0.8365805733
-0.1042500710
-1.0322418348
-0.7441398316
0.7497193671
-0.4822670438
-0.5489091152
0.4857769003
-1.4606522789
-0.4809221027
0.3449244456
1.0862388461
-1.5147793399
0.4305713643
3.8691601762
1.1523457777
0.7462061176
1.0759004771
-1.8261237222
-1.8814751497
1.5337696182
0.2665383520
1.2970357865
-0.0400549663
-0.7964074591
