15 3 0.08
23 0 2 0 4 1 1 1 2 1 4 1 5 2 0 2 1 2 2 2 3 2 4 2 5 3 0 3 1 3 2 3 3 4 1 4 2 4 3 4 4 5 2 5 3 6 2
7 0 1 1 1 2 0 2 1 2 2 2 3 3 1
14 0 3 1 0 1 1 1 2 1 3 2 0 2 1 2 2 2 3 3 1 3 2 4 1 4 2 5 2
8 7
8 6
4 10
0 0 0 0 0 0 0 0 0 0 0 0 0 0 0
0 0 0 0 0 0 0 0 0 0 0 0 0 0 0
0 0 0 0 0 0 0 0 0 0 0 0 0 0 0
0 0 0 0 0 0 0 0 0 0 0 0 0 0 0
0 0 0 0 0 0 0 0 0 0 0 0 0 1 0
0 0 0 0 0 0 0 0 0 0 1 1 1 1 0
0 0 0 0 0 0 0 0 0 0 1 1 1 1 0
0 0 0 0 0 0 0 0 0 0 0 1 1 0 0
0 0 0 0 0 0 0 1 0 1 0 2 1 0 0
0 0 0 0 0 0 0 1 1 1 0 1 2 0 0
0 0 0 0 0 0 1 2 2 2 1 1 1 0 0
0 0 0 0 0 0 0 2 1 1 1 0 0 0 0
0 0 0 0 0 0 0 0 1 1 1 1 0 0 0
0 0 0 0 0 0 0 0 0 1 1 0 0 0 0
0 0 0 0 0 0 0 0 0 1 0 0 0 0 0
-0.2510688323
-0.9046229365
1.0149436228
-0.8072762265
-0.1978143579
-0.6928226661
0.6474595619
1.7426651026
-0.1386961001
-0.8194356163
-0.3867158495
0.1669377048
-0.6482625479
0.0907787825
1.1037691290
-0.8382376559
-1.8671270126
-0.0727966147
0.4703021641
-0.9814697375
0.4247970822
0.7053672869
0.7825887604
0.6888684282
-0.6226540824
-0.0436994413
2.1855740443
-1.8240024053
0.2998267940
-0.9653755690
-0.3790317765
-0.0127506098
-0.1767979828
1.1223667870
-0.8698428868
0.0425158376
1.1297529924
0.7698227149
0.7855435076
-0.8250043854
-0.0980937004
-2.9844919303
1.2736636375
0.3935601595
-0.6884852126
1.0750252589
0.6042766566
2.5638958235
1.0352253745
-1.6633001130
0.1583800229
-1.2566070584
1.5188232695
1.5055699665
-0.8507960230
0.6997623458
1.4028461345
0.4453144430
1.7787410284
-0.1696209881
0.7544944135
0.0239170203
-1.0012918025
1.1843548594
-1.8157211140
-0.6742930637
-1.6892381618
-0.7953012970
-2.6550538237
-0.4647245483
-0.6238889115
0.5287503530
1.1187509401
-2.0227808599
-0.5481248092
-1.0865340233
1.3013801261
1.3096857918
0.2661056437
-0.7319663862
-0.8918613099
-1.2829593087
0.9538301013
-0.8948883770
-0.9372984951
0.9418636717
-1.4061368255
-0.2437811035
-0.1036568130
-1.2872781300
-0.6344892627
-0.8897819766
-0.6373879060
1.1997219002
0.1957618221
1.2080702153
-0.7927443610
-0.6548984125
0.9318491468
-0.0320463403
-0.2288172367
-0.4357555115
-1.5804635317
-0.3790821938
-0.2331342117
-1.0010015171
0.0482528033
-0.2268884690
2.7913767390
-0.0529091948
-0.0918338473
1.4793563297
1.3085990375
0.1282822609
0.6310796518
1.3823845091
0.3838319570
-2.5714365350
-0.1917387298
0.0627740239
-1.6190938924
0.5008472234
0.5896557126
0.1677551138
-1.9440141056
0.8476278054
-0.8357168012
0.5829655789
1.0384719507
-0.2195585653
-0.9122228157
-0.3518205189
-1.3669370841
1.0165685503
-3.0502159616
0.3243217346
1.9828039276
-0.3267720770
2.0369904545
0.8916116252
-1.0736894469
0.7041335605
0.7654745007
-0.7386388494
2.0459823700
-0.6255446225
0.1882249364
0.1133311886
1.3318872526
-0.0505560518
0.6502978143
0.6342227579
-0.2318952970
0.0710454680
-1.2600732871
-2.1818190302
1.8752605300
-0.3411504634
-0.5761472109
0.4071034748
-0.3926485921
0.4349559110
1.8366852299
0.5530495693
-0.0161294204
-0.9565312450
-0.7319234985
0.9114356670
0.7557841875
0.2119896618
0.0910762244
2.4852756271
-0.6502962995
0.9134337729
-2.4844757675
-0.5096235842
1.3323028757
-1.7045045777
-1.7682665351
-0.6911765250
0.4078213332
-0.2309481607
0.3923052862
-0.3848573626
-0.3932476514
-0.1898656727
0.5258206122
0.7507325925
0.3705054480
1.2554556566
0.0983409526
1.1753198585
1.4890566417
-0.0799611683
0.5213458042
-1.2597932142
-0.0606267051
0.5480169975
-0.6906093044
0.8367889023
0.5267586148
-1.6472117700
-0.8746700360
-0.6709407168
0.4580009697
-0.6394619218
-1.0504637695
-0.4522281262
-0.2205470130
-1.7205051074
1.2160787886
0.1148732565
-2.0865738347
-1.3398316257
0.1885633696
-0.4813694613
0.2522704198
0.6878390041
-0.7881974203
-0.6438550950
0.7557409267
1.6338711823
0.3198602403
-1.4584960068
0.3067225581
0.1342441790
-0.7479129316
1.2164459834
-0.5344210679
-1.6964387859
0.8722584388
-1.1811139257
-0.7690848787
-0.4922692401
2.0796142276
1.4554071123
0.6296886058
-0.9455651539
3.4520603928
-0.4815990992
2.2736337883
-0.0496094932
1.5848355756
-0.7294152709
0.2925995853
0.9435258027
1.6069570947
-0.3696865032
-1.6531625353
-1.6039457366
-1.1894764593
1.4032933493
-1.1119933625
-0.0575379583
0.7456901031
0.2371360969
-0.5283241587
2.5106899654
0.7652059238
-0.2409469977
2.1362613610
-0.2194709915
-0.3176378282
1.4232814954
-0.1420345043
-0.0070182879
0.9181321714
-1.0263558624
0.3501690102
-0.5637534475
-0.7764762423
0.1922414850
-1.1858074267
1.0742225338
0.7720712533
-0.7512867740
-1.1505963964
-1.3241736814
-1.8532091325
-0.7953681656
0.5270403743
-1.4065647755
-0.6254115479
-0.3142861570
0.0383048514
-0.6303620588
0.3164387304
0.7399914343
0.3461273023
0.6539330889
0.4475304290
0.9805954130
-0.1388482131
-0.1124732780
1.1730703318
1.0311749232
-1.3964900596
1.0820783042
0.4749593038
-0.8097551689
-1.6151354539
-0.4254303518
0.2608349797
-2.2472103726
-0.7092586788
-0.2030803040
0.6866990270
-1.3544589761
0.3908761046
-1.1677693458
-1.0845492220
-0.3588164348
-1.3674456935
0.3101908515
-0.4912252120
-0.5267070600
1.1280684443
-0.1963494254
0.7060903337
2.7456643242
0.3339763626
0.2314034366
1.0616144548
-1.2419656727
0.9466295418
0.7853542909
-0.3071392513
-0.3124360975
-0.8937869315
0.0485827766
0.6667756748
-0.2561930439
0.2018850475
-1.1360275300
0.6037297911
0.0885089523
-1.8731566508
-0.6974617060
0.0971519637
-2.1397858655
0.3277931977
0.2117802488
-1.5315033003
1.4237021857
-0.2027925006
-1.2524002162
-1.2456352312
2.1101056406
-0.5050404373
0.1154157446
-1.6817605949
0.1832348114
-2.0086067503
-0.6880943458
1.1930947877
-0.1070573972
0.2092191353
0.7978996444
-0.8342231381
-1.6520890896
-1.0429239103
0.4364268138
-2.0678767686
-0.4266509493
2.1466929635
1.5636185659
-0.4710967394
0.3354516594
-1.4974718875
-0.5527559909
-0.1542176663
-0.6884924346
0.4101168865
0.2949913637
0.2352193136
-0.9032502811
-0.2688677111
-1.6990389627
0.3643412565
-0.8120473573
-1.5469240633
-0.3332048580
-1.0147579341
0.9704336948
-0.1962980295
2.4976774933
-0.5320648031
0.1941990356
-0.3009069999
-0.8394761746
0.5879253778
0.6354998583
0.8467368613
1.1313729613
0.6017161511
0.1877816274
-0.3380152694
0.2549774816
1.5565586899
0.0041406370
-1.4186497848
0.9038065835
-0.1867254944
-0.9922117814
0.4683995499
-1.7591252790
0.3483749401
-0.4604027405
0.8810691568
1.2257348253
-0.6534510551
-0.9798278280
0.1505520463
1.7969667387
1.2121186808
-0.7846309970
1.1163827548
2.2071690060
-1.2365549111
-0.8044090930
0.3327472502
0.4962787673
1.2586085313
0.3264817846
-0.7303337750
-0.2694323134
0.6535975854
0.6460637102
0.4622158611
0.6438072323
-0.1777990845
0.6955207144
1.2611555367
-1.6523836972
-0.1787766930
-0.1653355548
1.0936761574
0.1406688345
-0.2716600750
-0.1847202765
0.0573374997
1.0938218348
0.1825430590
-1.0946426418
0.8756809087
0.8885613863
-2.7688729235
0.1178648025
0.1796203942
-1.0866877051
