15 3 0.17
25 0 3 1 3 2 1 2 3 2 4 2 5 2 6 2 7 2 8 3 0 3 1 3 2 3 3 3 4 3 5 3 8 4 2 4 3 4 5 4 6 5 2 5 3 5 5 5 6 6 5
26 0 0 0 2 0 3 0 4 0 5 1 0 1 1 1 2 1 3 1 4 1 5 2 0 2 1 2 3 2 4 2 5 3 0 3 2 3 3 3 4 4 0 4 1 4 2 4 3 4 4 4 5
32 0 5 0 6 1 2 1 6 1 7 2 0 2 1 2 2 2 3 2 6 3 0 3 2 3 3 3 4 3 5 3 6 3 7 3 8 4 4 4 5 4 6 4 7 4 8 4 9 5 3 5 4 5 7 5 8 5 9 6 4 6 7 6 8
6 6
0 9
3 0
0 0 0 0 0 0 0 0 0 1 0 1 1 1 1
0 0 0 0 0 0 0 0 0 1 1 1 1 1 1
0 0 0 0 0 0 0 0 0 1 1 0 1 1 1
0 0 0 0 0 1 1 0 0 1 0 1 1 1 0
0 0 1 0 0 0 1 1 0 1 1 1 1 1 1
1 1 1 1 0 0 1 0 0 0 0 0 0 0 0
1 0 1 1 1 1 1 1 1 1 0 0 0 0 0
0 0 0 0 1 1 1 1 1 2 0 0 0 0 0
0 0 0 1 1 0 0 2 1 2 1 1 1 1 1
0 0 0 0 1 0 1 2 2 1 1 1 0 0 1
0 0 0 0 0 0 0 0 1 1 0 1 1 0 0
0 0 0 0 0 0 0 0 1 1 0 1 1 0 0
0 0 0 0 0 0 0 0 0 0 0 1 0 0 0
0 0 0 0 0 0 0 0 0 0 0 0 0 0 0
0 0 0 0 0 0 0 0 0 0 0 0 0 0 0
-0.1050676352
-1.1233700931
2.1233431109
0.4588122124
-0.5870065416
0.0147195620
0.1302625232
1.7304753262
-1.5710497543
-1.5224935292
-0.0530403087
-1.9313021565
-0.5978415483
0.9299887562
2.6337457596
-0.8487853743
1.4203503413
0.4918736901
1.0465838395
0.2610958005
-0.4224921144
0.1263186637
-0.1002135146
-0.0906775803
-1.2072144636
-0.1586663178
-1.0363640196
1.0688532534
0.0323967914
0.5362029826
0.3162635159
-1.4585199189
1.2969935441
1.2319188069
0.4469328547
0.0946444027
-0.2104412646
0.9556369842
-2.3890622071
1.2470578452
-0.5052164602
1.0383853185
-1.2200312827
0.0211396367
-0.3221347757
-0.7669326088
-1.1556321612
0.7773111749
-0.6687928921
0.4540764716
-0.4980165906
0.5531740845
0.7694401722
1.4703383492
-0.6395408284
-0.0728621945
1.1757068670
-0.6877116977
-1.8506178336
-0.4212427906
-1.2893565597
-0.4677061456
-0.9616452021
0.5100114259
0.4865277792
-0.9683853568
0.5852259748
-0.4288567252
-1.0462968337
0.3164191853
-0.8846105156
-0.1585600335
-0.4905684285
0.7478096631
0.6788595587
0.4302498983
-0.5701496513
-0.0442736748
-0.4559771502
0.6525811899
1.6999734500
-0.5008468282
0.2558894417
-1.2814947343
0.3828016834
0.1937428197
1.6379421243
-0.0273050763
-2.3286181242
1.1227631578
1.2321919124
-0.0708607628
-0.3220701166
0.0422570102
-0.9882324259
0.2823886260
-0.7225470638
-0.8317266591
-1.2420900070
0.3488397111
-0.4853198663
-2.2392186649
-0.3825082209
0.5025415181
-0.2719621282
0.1591226178
1.9697913987
-0.1139296075
1.2753944272
-0.4683037562
-2.6018344067
-0.8090731474
0.9859707920
0.0239690526
-1.2854169352
-0.4687699096
-1.1984478522
1.0084018219
0.6099358773
-0.3738509710
-0.0787021597
-1.0228546536
-0.8379539371
-0.3804570243
-0.8213679387
-1.2632785839
-0.4229412630
-0.0150361581
0.7072651310
-0.8995914462
1.9186447987
-1.5388413661
-2.6483085587
-1.5579529647
-1.0001258155
-0.4928320504
0.0074641531
-0.1560327668
0.6351453887
1.8925429206
1.3258257901
0.6449526746
0.8377004261
0.5324249905
0.0449492539
-0.6305526788
-1.6999964754
-2.0429928096
0.0864153960
-0.2210880736
0.2155550436
0.5119464455
1.4755104777
-0.8282092107
0.9234284292
-0.4105287812
0.8894328739
0.6657140125
0.8819524869
-0.2645605286
-0.5826993417
1.8089050155
-0.0167797854
0.3842513545
-0.6317737808
2.2218202160
-1.0268798508
-0.6116072152
0.0344966735
1.0853451782
1.1279636321
-0.4298155120
-1.4337691582
-0.1868428291
-0.6806926735
-0.1116514199
-0.2842416133
0.3001743846
0.5390818548
-0.2675773142
0.3768660821
-0.7716478998
-0.9457217988
-0.4956729604
0.5094394944
-1.3061247056
1.8471469226
-1.8468440527
0.3080978326
0.7683874822
-0.2916200866
-1.5956028458
-0.3515424260
-1.3807238020
-1.0073937413
1.0488712607
-1.1531128607
1.0249067373
0.6880911019
-1.6465173813
-1.0244483925
-0.7488686886
1.3927915784
-3.5320624015
-0.3058806501
0.1289235656
0.5860022256
0.0142818781
-0.9760575712
0.3440677646
-2.8709266779
-1.1151628989
1.3883543816
-0.5333627248
1.4147055131
-0.1394674734
0.1711792340
1.4072508512
0.8766741304
0.7196543609
-0.7286535405
0.5247408541
-0.5891307228
-1.9596452775
-2.3417244227
0.8732763526
0.3747287655
-0.2974245802
0.9691105672
-1.1214765903
1.2299276405
-0.7257894483
0.4520655574
-0.0504408599
-1.1033355298
0.1729460966
1.2881621761
0.3736265110
0.6396862357
-0.5249904845
0.8993937827
-0.1738757013
-0.1800798621
0.1388990023
-1.3114572876
-0.6073669595
-0.4809321903
0.3896107196
-0.1453839905
0.0769883857
0.0342186821
-0.7173980108
0.1347195912
-1.0649971085
-0.5692004747
-0.3087069980
-1.7449075602
0.7655164894
-0.4098208600
-0.1287458171
0.3854484513
-0.0784229761
0.9588487308
-0.1381997413
-0.5188136348
-1.5304992077
1.0666137984
-0.8972618961
1.1587263782
1.0311423126
-0.2131662903
0.7260549134
-0.6187564877
1.0580662245
0.4794429391
0.0273231681
1.1619892569
0.3087348633
-1.7286972521
0.5806127840
1.9047554846
0.6867618080
-0.4240619279
2.2746928986
-1.2144584216
0.7785934569
1.0278360877
-0.0202962633
0.2812059539
-0.6961002481
-0.4748091541
1.5233585067
-0.4484234439
0.8794783594
1.7404065346
0.5182421225
0.0813440364
1.0431192752
0.4359574897
0.4283852604
-2.2916831753
-0.6844207509
-0.5910923053
0.6797309211
1.0068709841
0.1268295801
-0.4590735825
1.2176924145
0.9810537946
-1.2575670264
-1.6940908227
-0.8642849196
2.0090030091
-0.9888659296
-1.1391925397
0.0896608241
0.7166449972
-2.3809039295
0.4213885917
1.1491903858
-0.4987659266
0.2528098318
-0.8091493786
0.5694951688
-0.2566640921
0.5216980384
-0.2030986277
3.3353831863
0.2451000935
-1.5255116400
-1.3153915178
0.2133453641
0.7046327387
0.7034060720
1.0021035105
-0.6566977264
-0.2217947511
0.1099331208
0.0107997099
-0.2205005657
1.7168992186
0.6493290317
0.8181824495
0.5218150660
1.5160343127
-0.0314521633
0.2090132246
0.6009163175
-0.0044726176
2.1245060612
-0.9633858380
-1.1154997697
1.3416191213
0.0239872394
1.0669865118
-0.5865446056
1.1594417727
-0.0707667014
1.1223808342
-0.1347421553
2.0887811747
0.7714935514
0.8514944217
-0.9591074725
-1.6044468755
-0.9316583401
1.5695842386
-0.7197111529
-0.4440510720
2.1147544892
0.7114431623
0.4443688425
0.8588291670
0.0690235356
-0.1426274880
0.3924670956
-0.5732734056
-0.1748635273
-1.0236758984
0.1298724788
-1.4793199684
-0.9367457615
0.4560837578
-0.4717479866
0.1816238723
-0.8636979326
-2.4790265976
0.8059098623
0.9316970776
-0.5504072909
-0.6701773593
1.1534046891
-0.5252884782
-0.6517206505
-1.5385402476
-1.5053066568
1.5838754522
-0.1918180346
0.1993047871
0.5948855533
0.3972448723
-1.0263638596
0.1285425296
-1.5240053920
-0.9294477872
1.3554208232
0.3850233221
1.1524840975
-0.6866656409
1.3592252564
-2.2289277402
-0.7602216730
-0.5030932587
0.8844966287
2.1688810716
0.0484369343
0.0495261998
-1.5412175751
0.7834808456
-0.6189117333
1.3447430647
-0.6649136513
-0.3591219602
-1.3126229229
-1.0406096510
1.7349577386
1.1982619548
0.0923094691
-1.3348602873
0.0968685576
-0.4808730685
-1.5190123849
0.7212461271
0.6350052740
1.2847327916
-1.6245095538
1.1953795272
0.6091022982
-0.7942813318
0.6116383541
0.4353020968
-1.8519894700
-0.5198475752
-0.7358552327
0.6484926449
-0.8480109538
0.5079530424
0.7365736449
0.3265944792
-0.7680340144
