15 3 0.08
18 0 0 0 1 0 2 0 3 1 1 1 3 2 0 2 1 2 2 2 3 2 4 2 5 3 1 3 2 3 3 3 5 4 2 5 2
22 0 3 1 1 1 2 1 3 2 1 2 3 2 4 3 1 3 2 3 3 3 4 3 5 3 6 4 1 4 3 4 4 5 0 5 1 5 2 5 3 5 4 6 1
21 0 3 1 2 1 3 1 4 1 5 2 1 2 3 3 0 3 1 3 2 3 3 3 4 4 1 4 3 4 4 4 5 5 3 5 4 5 5 5 6 6 4
0 9
7 1
2 1
0 0 0 0 0 0 0 0 0 1 1 1 1 0 0
0 0 0 0 0 0 0 0 0 0 1 0 1 0 0
0 0 0 0 1 0 0 0 0 1 1 1 1 1 1
0 0 0 1 1 1 1 0 0 0 1 1 1 0 1
0 0 1 0 1 0 0 0 0 0 0 1 0 0 0
0 1 1 1 1 1 0 0 0 0 0 1 0 0 0
0 0 1 0 1 1 1 0 0 0 0 0 0 0 0
0 0 0 0 2 1 1 1 0 0 0 0 0 0 0
0 0 1 1 1 1 0 0 0 0 0 0 0 0 0
0 0 1 0 1 1 0 0 0 0 0 0 0 0 0
0 0 1 1 1 1 1 1 0 0 0 0 0 0 0
0 0 1 0 1 1 0 0 0 0 0 0 0 0 0
0 1 1 1 1 1 0 0 0 0 0 0 0 0 0
0 0 1 0 0 0 0 0 0 0 0 0 0 0 0
0 0 0 0 0 0 0 0 0 0 0 0 0 0 0
-0.4093800856
-1.2533718819
1.8200385291
-0.2718953987
-0.7390677498
0.9309336706
-0.5113826169
-0.5354532539
0.2327851066
-1.4003037436
0.9615239006
-0.8726058923
0.8211082402
-0.7166429385
-0.1275612560
-0.9609552211
-0.2962038502
-0.9602255824
1.1167556682
0.9453663681
-0.4867307282
-1.3184226697
0.4983872732
0.4703275422
-0.9406679885
0.3938974177
0.4678762090
0.4942245924
0.3248377118
-0.9712544599
-1.0150004595
-1.0171567358
1.4914749051
1.1322451529
-0.8144685651
-0.9361966953
-0.5266188849
-0.3859425317
0.3421777225
-0.4470442773
-1.4266367702
0.4585274993
0.0446675622
-0.4220174408
0.1387973781
1.0270333371
0.7804574257
-0.4741102280
-0.7842277515
0.9295074969
1.5931667317
-0.0610805162
0.9983916443
-0.1038652385
-0.0898771078
-0.9566009936
1.5673287936
0.4547700993
0.4142179602
-0.2517689207
0.2023899003
-0.6148009963
-0.1439424600
1.1902657298
0.8741926665
-3.0435655199
-0.7416649631
0.7060968420
-0.2704318435
0.9666605627
0.1446954444
1.9997678067
-1.1274624893
-1.3963141515
0.1845290958
-0.6945999495
-0.6879043455
-1.6665996438
0.2226603272
0.1372221672
0.4020243515
1.2356874352
-0.3152424423
0.0125380178
0.0722807809
-0.1690334785
0.3269344378
-0.0549343152
0.7682468108
-1.3137988193
0.9795652361
-0.2433347330
0.5750234128
0.0451597504
-0.2383808351
-1.8304907325
2.2939087175
2.0991309524
-0.1252601895
1.0287515839
-0.0091023087
-0.3136082277
-1.3829628517
-0.7547364535
0.3958979824
1.0044845676
0.7981523738
2.4103422413
0.9119143530
-0.0674330002
1.9648807756
1.5115118007
0.6459665947
2.8755262741
-0.2852925158
-0.1354176035
3.4256319678
-0.5631859116
-0.0530219509
-0.5285237310
0.4574782074
0.0499954354
0.2092742351
-1.0286401099
-0.3563122448
-0.6871715744
-1.4533198768
-2.7140515611
1.1353536290
-0.2643558762
-1.9059675719
1.1189931399
-0.0786066318
-1.5360693704
-0.8031773023
1.6931256750
-2.1838910559
0.0410043659
0.6903930087
-0.1049437312
-1.0945329870
-0.8653539428
-0.3333841067
-0.0550054257
-1.3007712977
0.7622582207
-0.5477098451
-0.4498868376
-1.0740121822
2.3052499314
1.1330947496
2.1477602738
0.5790095802
0.5842202082
-0.0483337597
0.1123543255
1.0003076187
0.7367498863
0.2339881217
0.9364665585
0.4555575329
-1.1957238212
-0.2357822162
-0.1346715515
-0.2030608248
-0.0969558959
0.1480062736
1.2276274166
0.1716214738
0.0879143786
0.4639410732
0.5006218131
0.6350023615
0.3578280988
0.6663969592
0.7467979508
0.9537991437
0.2241840001
0.1715547380
0.2869011665
-0.7576590455
0.6292380492
0.2417188942
1.8349969478
0.9587257179
-0.7710730828
-0.8670346788
1.2219932491
1.5451351379
-0.4399500630
-0.5210939073
-0.0443219554
0.0975389324
0.5027494356
0.1823785170
1.7403646836
-0.6655059226
0.4705822264
0.7875144597
1.2276489405
1.2081396863
1.2143532139
1.0325515133
-2.4947855126
2.9248597932
0.0059484743
0.4012210923
0.0011427545
0.0805082635
0.5196447363
0.2207142861
1.0927914440
-0.9553898195
0.2049558839
0.0469980958
0.8037912520
-0.7263206566
-2.1196110745
-0.5497296036
-0.9394313132
0.3582697788
-0.2735510713
3.0382879394
-0.9100549340
-0.3665199466
1.8815851367
1.1135373213
0.3166344872
-0.3475380216
-0.1598129048
-0.6549629379
0.3693202902
-0.6115996518
1.7042475599
-0.1090067333
-0.1384016478
1.3127197450
-1.0433722085
0.8593069838
0.5923375695
0.8141514884
1.6851008983
1.2816773190
-0.3568879089
0.7448244457
0.3251810483
-0.1540738484
0.6241890193
0.1657547144
-0.6406940973
-0.3744998904
0.8455378175
-0.1570567485
-0.3716472636
1.8220477219
-1.1059829795
-0.8902133648
-0.0779045269
-2.5962471419
0.5978290205
-0.3022663967
1.0758130781
1.2617899233
-0.1719866974
-1.5126687130
0.6476287125
-2.0189619423
-0.2802654282
-0.5311045929
-0.0077959211
-1.0298874962
0.0558498567
1.2332006918
-1.4878377310
0.0012921608
0.4929860279
0.4812481906
-0.6202518889
0.0897760357
-1.9780596124
-1.2714459697
0.3819971333
1.6509421995
0.8152280829
-1.3892143446
0.2378096208
-1.0318167541
-1.1235756311
-1.5332124671
1.3209267771
-0.3682631940
1.5308017248
-0.1488073480
-1.0823474699
-2.3243098472
0.0478753796
0.4050767857
0.6599010385
-0.5338218400
0.5817486866
-0.4596520899
-0.5934363750
-0.6460419393
-0.0038042263
-0.7520699707
-0.4322814741
0.5180385037
-0.5749016860
1.1031129206
-1.0303921001
-0.2982042140
-0.4388200201
0.9357667569
1.3103749002
-0.9810867973
0.0894362564
-0.1824915641
-1.1380922354
0.3666098647
-0.0031166386
1.5084559345
0.3305369374
0.4353540377
-0.0559283882
1.2729639374
1.3875172507
-0.8462866018
-0.4157779095
1.2339391162
-0.1327853993
-0.8859932220
0.2298412703
0.4674700518
-1.0088568392
0.3083144358
1.1037357531
-0.5806642562
-1.4166559810
0.4922928467
0.1896478281
-0.5863945293
-0.5731548438
-0.6057584066
1.1480844169
-1.3110905779
-1.3254603035
-0.4264483665
0.8347099916
-0.1829116240
1.4142954130
-0.2843672850
-0.8796798484
-0.7485068719
0.4177917460
-1.2034446444
-1.0616347110
0.9509977969
-0.6379348953
0.5002227529
0.0200242118
-1.1628415778
-0.8354645713
-0.6527259368
-0.0417798384
1.7836384747
0.2380652478
0.2022275812
-1.3559920218
-0.1219668882
-0.9494336307
0.4902266272
-1.8314344283
-0.5112839083
-1.2692457462
-0.4572553923
-0.4369768398
0.2904783515
-1.1753525327
-0.7467464937
-0.3402031142
2.1012298340
-0.1813803202
1.7566039082
0.9349748088
-0.4173306864
-0.7782664027
-0.2861455237
0.7167763325
-0.3969688621
-1.5988608287
-1.0205444465
0.5830861524
-0.1488545055
0.0707053025
0.1108772934
-1.2256270919
-0.3270433857
-1.5772668791
0.1320599689
0.0240336062
-2.6356055312
0.1345700633
-0.4545874997
0.8546826737
-1.2548641296
-0.6710468546
1.7219182105
-1.6536700913
1.0004547293
-1.4607018857
0.0781960467
0.3621947965
-0.6781218337
1.0195296517
-1.1173673717
-0.0662745196
-1.7130358420
-0.0285433075
-1.5005512974
-0.0512644333
-0.4012171931
0.0355099350
0.7562795697
0.7981720935
0.8111537613
0.8347473370
0.8344665860
-0.5150841701
0.3597582384
-0.0488623177
-0.5622857158
-0.2508614853
0.5808753591
1.3035858753
0.1124422531
-1.6559232430
-1.8806093406
0.4519404919
1.8351460513
0.5407626725
-1.3160136835
-0.2494372043
-1.7601522714
-0.5645310544
-1.1663445196
-0.3588771327
0.7096620539
0.1160945721
1.4556752206
1.0184874039
