15 3 0.15
28 0 6 1 6 1 7 2 3 2 5 2 6 2 7 3 1 3 2 3 3 3 5 3 6 4 0 4 1 4 2 4 3 4 4 4 5 4 6 5 2 5 3 5 4 5 5 5 6 6 2 6 3 6 4 6 5
30 0 0 0 3 1 0 1 1 1 2 1 3 1 4 2 2 2 3 2 4 2 5 3 3 3 5 3 6 3 7 3 8 4 3 4 4 4 5 4 6 4 8 5 3 5 4 5 5 5 6 5 7 6 3 6 6 6 7 6 8
29 0 5 0 6 0 7 0 8 1 0 1 1 1 2 1 3 1 4 1 5 1 6 1 7 2 1 2 2 2 3 2 4 2 5 2 6 3 2 3 3 3 4 3 5 3 6 3 7 3 8 4 3 4 5 4 6 4 7
7 5
4 2
7 4
0 0 0 0 0 0 0 0 0 0 0 0 0 0 0
0 0 0 0 0 0 0 0 0 0 0 0 0 0 0
0 0 0 0 0 0 0 0 0 0 0 0 0 0 0
0 0 0 0 0 0 0 0 0 0 0 0 0 0 0
0 0 1 0 0 1 0 0 0 0 0 0 0 0 0
0 0 1 1 1 1 1 0 0 0 0 0 0 0 0
0 0 0 0 1 1 1 1 0 0 0 0 0 0 0
0 0 0 0 0 1 0 1 1 2 2 2 1 0 0
0 0 0 0 1 2 2 2 2 1 2 2 1 0 0
0 0 0 0 0 2 2 2 3 2 2 1 1 0 0
0 0 0 0 0 1 2 2 3 2 3 2 1 0 0
0 0 0 0 0 1 1 2 1 2 2 2 0 0 0
0 0 0 0 0 0 0 1 1 1 1 1 0 0 0
0 0 0 0 0 0 0 1 1 1 1 0 0 0 0
0 0 0 0 0 0 0 0 0 0 0 0 0 0 0
-2.3487673060
-1.0238563522
-0.4196154230
-1.3178672435
2.0672276427
-0.7075019783
0.6257101084
0.0580487915
-1.0850133773
0.4489913421
-0.9998026826
-0.0610139955
1.0525440630
0.1032331606
-0.5026995469
0.5589425830
0.4797916260
-0.5318207097
0.5466842154
-0.0138434527
0.4666800584
0.4157235117
1.2894862452
-0.0368750306
-0.2579517478
0.5756218522
0.6859172948
1.8359779517
1.1669691561
0.4942664801
1.1525470920
-1.3828651637
-0.6271722356
0.5190311067
-0.6560395211
-0.2106323574
-1.9473745976
0.1944202166
-2.7000113255
-2.2855140858
0.0489273328
0.1454100218
-1.9284844316
1.3316787401
1.6114305571
-3.6007070776
0.6321552999
1.0779860857
-1.6959003340
1.2154254257
-0.2141802352
0.2455217558
-0.0136067622
0.9533847681
-0.3351471128
-2.5105538571
-0.6629051871
-0.4427701361
0.9258247341
-0.7579378329
0.1223476072
-0.7686341362
1.1512744240
-1.0119292625
0.0173024391
0.7819783341
0.3963021423
-0.7707225856
0.6832700297
-1.3746957409
0.1113069609
0.5431935727
1.4766531512
-1.3429804646
-1.6481180873
0.8611204687
-0.4551350458
-0.8342210059
1.5168616243
-0.4550432063
-0.4592970789
-0.6468473462
1.2497188835
-0.4509278471
-1.4048610882
0.6538094656
-0.0066065276
1.0091749527
-0.4869858214
1.2324709309
-1.2945455597
-0.0063416550
-1.1697937374
-0.9233090544
0.2675726576
0.4267053584
0.3329920877
-1.3374526632
-1.0615396412
0.1684780283
0.4070939830
-0.6440410319
-0.0919646952
-1.3291750786
1.5580145590
-1.5891165541
0.5635299039
-0.7854554540
-0.0546130223
0.4920969612
1.2932502692
-0.7275318173
-0.3962494262
-0.3890459500
-0.4494733058
0.7185636703
-0.3455702395
0.4451067719
-1.0797714530
-0.2853172609
0.1365542237
-0.7915003248
-0.1997677741
-0.7056282695
-0.6882277215
1.1647279968
0.7962476654
-0.2443882953
-0.8734281908
-1.0277990440
-0.3583092263
0.6321406787
0.1059520819
0.1240713980
-1.3444807171
0.2136793477
-1.1882001781
-0.1187824230
-0.0054330469
0.5337536629
0.1509808712
1.2710083418
-0.7229527382
0.9439090499
-2.1169860246
-0.3425458067
-0.7512091439
-0.0435429642
1.5313719287
-1.3876976802
-1.2008573853
-1.7039415913
0.7081259953
0.1598634001
-0.1727905738
0.3196213025
1.0650371157
0.0677095779
1.6333567464
0.5888270649
0.0172048270
0.6820179281
1.8986792284
-0.6495467637
-0.7993654619
-1.8716598901
-0.7769070649
-0.4737415001
0.4989387310
-0.6585424411
0.4996108933
-0.3540661115
-1.3366099229
-0.3746995353
0.5365046684
-0.7793097857
0.1441969297
0.8786299015
-0.0466995015
-0.5342780602
-0.1437482307
-0.5780668681
-0.2782392228
-1.1869106781
0.0722680294
-0.3760939376
0.6555943713
-0.2576136339
1.3191484272
-0.6281982834
0.0455981865
-0.5240320109
-0.3365765669
-0.7758224084
0.5256922909
0.1864636449
0.7585951220
-2.7327298020
-2.3863316260
-1.2710077498
-0.2115931742
-0.0816801729
-0.4235203282
0.2122318405
-0.3636690236
0.7732493146
0.4871163458
-2.0489849270
1.1817000910
-0.4046056228
0.6469780487
-0.3038614026
0.0793179488
-0.6524003324
-0.7795931585
-0.2455779056
-1.8161710184
-1.2251808090
-0.2845568894
0.1285520320
-0.8219867299
-0.5488611380
0.7818039913
1.8786212942
-0.2715883884
-0.1302721706
-0.4359751758
-0.5766433149
0.2949163424
0.0482252362
-0.6364950316
0.9556529961
0.5483711973
-1.0368981006
-1.0452427484
0.0819398514
1.3349520707
0.0776881186
0.4861386609
-1.8925556364
0.5229811931
1.3787360663
-1.0534387918
0.1417485131
-0.6179361301
-0.1156677056
0.4334689527
0.5761985479
0.4070831323
0.2483327149
-0.7266055003
-1.0708465369
-1.1574405792
-0.1047289062
1.1405298694
-0.5517830427
1.8400397885
-1.3089510064
-0.3717465708
0.3539930129
0.0882699230
0.4137981105
1.0047706938
-0.3407449865
1.3181525675
-0.6140962388
0.2169998517
0.2066664040
-0.1381537494
0.5751851037
0.5095606217
-0.5593212192
-0.7384153912
-0.3956622624
-0.8846070921
-0.9383385447
-0.8446315498
-0.9107628150
0.1247386823
0.5868797604
-1.0631526469
-2.2089694691
1.1189450336
-0.2446144478
-0.2013137509
-0.7892203765
-1.1690459337
-1.5363406051
0.8761349249
0.4712577865
-0.0875128846
0.7696048314
0.7195710006
-0.4288774216
0.6874872496
-0.1124078840
-2.1770061432
-0.7547875596
0.1635986894
0.3340388548
0.6425121115
1.7846839186
-0.2808663157
-0.1614313856
0.4086753450
-0.2130334054
0.1948571813
0.5280691947
-1.5925534256
0.9184573296
-0.4579278181
0.1187635648
-0.3240415977
-1.0479782999
-0.1036813549
-0.5701893848
0.1440331196
-1.2082747000
0.4473822009
-0.8870976968
-0.8073944928
-0.0047986873
1.1267062913
-0.8089950682
-2.4181404601
-0.7633062402
-0.1403736824
-0.7380713937
-1.0391908242
1.9987977046
0.7749402409
-0.4152477845
-0.1510802960
-0.4760438913
-0.7430515435
-2.3572256826
-0.5503657328
1.0352310290
-0.2656168936
0.1077968294
0.0208366792
-0.6868924919
0.6191391488
0.3732959800
0.3697908834
0.4137914214
0.8419890997
-0.1732335157
-1.4815487064
-0.4055451598
-0.5606572803
0.0023461820
-0.8501052962
0.1853883350
1.0181261523
0.8186671768
-0.4288866505
-1.0109732787
-0.4828487082
-0.4526872922
0.0787764174
0.8544452103
-1.0685308616
1.1340224854
1.5485648607
-0.4916671182
-1.4215387106
1.0015528037
-1.1710745374
-0.0087697141
0.0032713751
0.7450501048
-0.3864003212
-0.2032311277
0.0598215870
-0.2073577953
-0.0622866406
1.0351100019
1.8430121516
0.6131520930
0.2879259943
-0.9709348034
-0.9951407773
-0.3454986661
0.2042444447
-1.0425016774
0.5329752754
-1.1977291474
0.0492370432
-0.3374274408
-0.9000251861
-0.7982276551
0.6046237031
-0.8123100533
0.2938856285
-0.4408212904
0.4139394021
-0.7002335815
0.3494464758
-0.8643352031
-0.5870259045
-0.3749443118
0.6043860603
0.3306203542
0.6701767584
0.4175820817
-2.0521466226
0.9256547606
-2.0473019094
1.7467725202
0.3244177992
-0.0101755991
-0.9757553329
-0.6048574893
0.0373249483
-0.6594753267
0.5192666879
0.6997698523
-0.0529035270
-2.0021764839
0.6001298075
-1.5507986334
-0.4541871162
1.6784796573
0.3896882839
-0.1092892596
0.2814467406
0.4082501102
-1.3421469604
0.7082617228
-0.4693165153
0.4350529085
-0.2817528640
-0.3337768639
1.0098414716
-1.2597541161
-1.0057475175
-0.4599351052
-0.0246505430
0.7436884961
-0.5291443709
1.0031300218
-0.5720368304
0.8519259880
-0.2340303558
1.3841621158
-0.2284550615
-0.6754051048
-0.9632931914
-0.1651680085
