15 3 0.15
33 0 2 1 1 1 2 1 3 2 1 2 2 2 3 2 4 2 5 3 1 3 2 4 1 4 2 4 3 4 4 4 5 4 7 5 0 5 1 5 2 5 3 5 4 5 5 5 6 5 7 6 0 6 1 6 3 6 4 6 7 7 0 7 1 7 4
39 0 5 1 5 1 7 1 8 2 2 2 3 2 4 2 5 2 6 2 7 2 8 2 9 3 4 3 5 3 7 3 8 3 9 4 0 4 1 4 2 4 3 4 4 4 5 4 8 5 0 5 2 5 3 5 4 5 5 6 0 6 1 6 2 6 3 6 4 6 5 7 4 7 5 8 4 8 5
26 0 6 1 5 1 6 2 0 2 2 2 3 2 5 2 6 3 0 3 1 3 2 3 3 3 4 3 5 4 1 4 2 4 3 4 4 5 2 5 3 5 4 6 1 6 2 6 3 7 1 7 3
7 5
2 5
6 4
0 0 0 0 0 0 0 0 0 0 0 0 0 0 0
0 0 0 0 0 0 0 0 0 0 0 0 0 0 0
0 0 0 0 0 0 0 0 0 0 1 0 0 0 0
0 0 0 0 0 0 0 0 0 0 1 0 1 1 0
0 0 0 0 0 0 0 1 1 1 1 1 1 1 1
0 0 0 0 0 0 0 0 0 1 1 0 1 1 1
0 0 0 0 0 1 1 1 1 1 2 0 0 1 0
0 0 0 0 0 1 0 2 1 2 2 0 0 0 0
0 0 0 0 1 1 3 3 2 2 2 0 0 0 0
0 0 0 0 1 1 2 2 2 3 2 0 0 0 0
0 0 0 0 0 1 2 2 1 1 1 0 0 0 0
0 0 0 0 0 0 2 2 2 1 1 0 1 0 0
0 0 0 0 0 2 2 2 1 1 1 1 1 0 0
0 0 0 0 0 2 1 1 1 1 0 0 1 0 0
0 0 0 0 0 1 1 0 0 1 0 0 0 0 0
1.4287901231
0.8855555062
0.0404356663
0.8112220340
0.9644968576
0.6296638023
0.7065078820
-0.4425964598
0.1611354021
-0.8797443505
-0.3826710440
0.3267986964
1.2379203829
-1.1283882541
-0.9629813042
-0.1659806769
-1.4832716241
-0.6654966455
-2.2988562234
-1.9743449478
1.8747424208
0.7900912433
0.3764067900
-0.5815796520
-0.2124671675
0.2920415305
0.8618733054
0.7553193178
0.8506000756
-0.3382897668
0.1843115649
-0.4848122934
0.5087488684
-1.1576466270
1.5480557405
-0.0838268754
0.7729081332
0.2636190294
-0.8729965366
-1.0350536973
0.6930943693
-0.3351569800
1.2937613772
0.6757731919
-0.9049356788
0.1791084521
0.3018809142
-1.3314645945
2.3689442277
1.2960274157
-0.3964371092
-2.1837368839
0.2089987196
-1.4249452493
-0.4752144748
-0.6997521561
-1.4560414375
0.2623479039
0.1847495277
-0.3433351768
-0.0293166398
0.0003704495
0.6427795804
1.0873513222
0.9427023457
0.7822235001
-0.5694946848
0.1428986823
0.8625266935
-0.0290140907
-2.6123738135
-1.6248285685
-1.3123909753
-0.0847844689
1.7496264547
0.4589251863
0.1077048043
0.8106044584
-0.9591349851
-0.1302542335
0.2995564108
-0.4079659689
0.3890978786
1.6331668728
1.3097493135
-0.2433217345
-0.3290091448
0.8531986274
0.0225414549
-0.2986247286
-0.9107290189
-1.1013623272
0.0146472147
1.1748239278
0.1821165586
0.9332826805
-2.1728130207
-0.9126403760
0.6031207840
0.1765798419
-1.8378645984
0.5566399614
-0.2520594411
-1.0160352940
-0.3864432729
-1.6452171313
1.2998271583
1.8953915964
1.1192497997
0.8976826473
-0.9806928674
0.2940305816
2.0613341143
-0.3591442065
-1.0262827629
-0.3344993411
-0.0585307925
-1.0845559021
1.3141837844
0.0047112557
-0.6434718617
1.1852702474
-0.5481022850
1.6185621807
1.0103006241
-0.1230442675
2.0754279492
1.3477569205
-0.2866108530
0.2029082092
-2.7648519993
1.9347329881
-1.5591314711
-1.8678782290
0.3082343483
-0.5879018156
-0.7327471835
1.4154029719
0.2526589020
-0.7152040788
-1.6507575124
1.6350193917
-0.6180724464
0.8702951468
-0.5757534919
-0.2925695312
0.7574384248
-0.9213887209
0.6139544870
-0.4124943615
0.6596765062
-0.6672674451
-0.9206658718
0.2556700358
-0.6860522111
1.4925878155
-0.2470314614
0.4009336974
-1.3889501383
0.1612331049
0.0177241384
-0.3300241326
0.3850529076
0.2280584692
0.3363398059
-0.0923972015
-1.2883163037
2.2703326656
-1.4882733015
1.1377895116
0.5288914420
-1.8012578833
0.1156335168
-1.2332715170
-0.1115933420
-0.6472499603
0.3178738048
0.4439444749
-1.4080579672
-0.2699692192
1.4725552549
0.3905133632
0.2142324211
0.2876203003
-0.2215614590
0.6114226387
-0.9693966885
-0.8012742181
-0.8476883194
1.3342981286
1.3740209285
-1.1267432470
2.0611311027
-0.7493146163
-0.3583961533
0.0276767040
0.6445732417
1.2287381275
-0.4337371182
0.7176141291
1.3282565286
-0.8876372414
0.6509173402
0.6350844865
-1.4166648076
-2.6170079205
-1.5672133376
-0.0442629868
-1.4723063149
-0.0505660561
0.4238926402
-0.9742180106
-0.6317360726
-0.0274133420
0.5810115905
-0.5912769216
0.4294881062
0.9633633981
-0.1430600254
-2.3982512927
0.1676243470
1.1800967459
0.2037500168
0.6253511159
-2.2625378411
1.9240882748
0.0025281187
-0.6289359778
-0.7994616961
0.0803937531
1.5139179539
-0.1476980750
-0.3907411328
0.8157084099
0.9278759434
0.6382551950
-2.2341823992
0.2289684658
0.1561614732
0.8641200941
1.5212134324
0.6077837471
0.8173972272
-0.8135939523
1.6726398274
-1.0793986685
-1.2264443903
0.0263015403
2.3693646803
0.1056054253
0.1924524350
-0.9778393724
-1.4140368549
1.7769523222
0.8701816010
0.4367736478
1.0984720935
-1.7661264236
2.2812386833
1.0025706712
-0.4820813023
-0.6250652859
0.8734681549
-1.4883361810
-2.2973036483
-1.2930384294
1.7597149379
-0.6752454340
0.8984040237
-1.3343317954
-1.1474617377
0.2352772899
-1.7329086683
-0.4045086524
-0.4819882201
0.2890036207
0.4509348149
0.3158302856
-0.2309589481
-1.7382335033
0.6616366909
0.2486479115
-1.8786515159
-2.8712374701
-1.3365158457
0.6983941555
1.3211523330
0.2467952957
1.1123946043
1.4567621668
-0.4737698598
1.1152632043
-0.8580170765
0.5105293219
0.1160425094
-1.5057567085
1.3503728921
0.3077995133
0.2790183065
-0.8211347324
-0.2766956652
-0.0540124744
0.1131497520
-1.0696117804
0.4525082594
-0.0523811562
-0.2560709728
0.0942925943
-0.6439166213
-0.2715190747
-0.3842330139
-0.1856828085
-0.0788497212
-1.5934957265
0.1858934240
0.2868655139
-0.6762992405
-0.9989199048
0.7408286889
0.8817061920
1.2372129095
1.7928422962
-1.6511777768
0.7323618287
1.1428734036
0.8879431567
1.7673711070
-0.2522766773
1.8329445544
1.9740328496
0.0886202539
1.3336810506
0.2774348823
0.3943477440
-2.9452060261
0.7540738933
0.3500259175
0.4462962726
-0.1871770611
-0.5728307944
0.7669015719
-2.1095172844
-0.5711812580
-0.4556952829
0.3035166573
1.5370962294
0.6187155892
-0.5242556633
-1.1700172751
-1.5609181876
0.6852249510
-1.2400549925
-2.6448688550
-0.6503367972
0.9400250490
0.9613842407
-0.0837914600
1.2249146742
-0.9671094119
-0.5268175390
-0.3498665521
-0.4247563615
-1.0946845430
-1.2378969958
-1.3726453364
1.3445289063
-0.8166026609
-1.5308627791
0.0414303195
0.6046615888
-0.0771309122
-0.0129093635
-0.5841144251
0.3550211103
-0.3936053915
-0.5096864844
-0.8422152123
-0.5337514902
-1.0996212829
0.8080071321
2.3766641202
-0.3313695590
0.4019337072
0.5578141157
-1.7178752379
-0.7279239438
-0.2287556794
1.4992209331
-1.6483926719
-0.0162157285
0.7306356037
0.6607395554
1.2088929781
-0.8049783541
-0.2767381748
0.1311324570
-1.2112605819
0.3204150225
-0.4808961739
-0.2284440095
-0.6548390922
0.7348036609
-2.3923401637
0.6807066060
-0.7239282199
-0.5432864825
0.2330152808
-2.0430467402
0.0958418604
2.4005718249
1.2198699459
-1.5908198371
0.4580384494
-0.0502681452
1.6312837013
-0.6391439251
0.4959158923
0.8588743213
0.3472506949
1.2896908232
0.0354626055
1.3610582454
0.0765019841
-0.1713044252
0.2287488625
-0.4732117662
-0.7025855467
-0.2427735740
-1.5205088880
0.4816944322
-1.0378109608
-0.3204980773
1.2573125044
-0.3246681358
0.2524348737
-1.1341140725
0.0193214828
-0.9540789764
-0.1143575643
-0.1920024116
-1.0691001253
-1.1754170705
-1.0741004896
-0.3424790009
0.0192179643
-0.0794666554
1.2639012467
-1.2803693029
-0.3935776278
0.1650146406
