15 3 0.20
30 0 4 1 2 1 3 1 4 1 5 2 0 2 2 2 4 3 0 3 1 3 2 3 3 3 4 3 6 3 7 4 0 4 1 4 2 4 3 4 4 4 5 4 6 4 7 5 4 5 5 5 6 6 4 6 6 7 3 7 4
38 0 6 1 4 1 6 1 7 1 8 2 1 2 4 2 5 2 7 2 8 2 9 3 1 3 2 3 3 3 4 3 5 3 6 3 7 4 0 4 1 4 2 4 3 4 4 4 5 4 6 4 7 5 1 5 5 5 6 5 7 5 8 6 6 7 6 7 7 8 4 8 5 8 6 9 5
28 0 1 0 2 1 1 1 2 1 4 1 5 2 2 2 3 2 4 2 5 2 6 3 0 3 1 3 2 3 3 3 4 3 5 3 6 4 2 4 3 4 4 4 5 4 6 5 2 5 3 5 4 6 2 6 4
7 0
1 5
4 1
0 0 0 0 0 0 0 0 0 0 0 0 0 0 0
0 0 0 0 0 0 0 0 0 0 0 1 0 0 0
0 0 0 0 0 0 0 0 0 1 0 1 1 1 0
0 0 0 0 0 0 1 0 0 1 1 0 1 1 1
0 0 1 1 0 0 1 1 1 1 1 1 1 0 0
0 0 1 1 0 2 2 1 1 1 1 1 1 0 0
0 0 0 1 1 1 2 1 0 0 1 1 1 1 0
0 1 1 1 2 1 1 1 0 0 0 1 0 0 0
0 0 1 2 2 2 1 1 0 0 0 1 1 0 0
1 0 1 1 2 1 0 0 0 1 1 1 0 0 0
1 1 1 2 1 1 1 1 0 0 1 0 0 0 0
1 1 1 1 1 1 1 1 0 0 0 0 0 0 0
0 0 0 0 1 1 1 0 0 0 0 0 0 0 0
0 0 0 0 1 0 1 0 0 0 0 0 0 0 0
0 0 0 1 1 0 0 0 0 0 0 0 0 0 0
1.0105547054
-1.7308656072
0.6090734273
1.5221504067
-0.8685467628
0.8555323433
-0.9887234299
0.5308684459
1.3847271615
0.1787757276
0.5740841744
0.7893610606
0.4699612927
-0.7396438450
-0.6426179559
-0.5374231140
-0.5234004120
-0.0428030052
0.5636388004
0.8101850336
-1.4722845594
-1.7423703276
-0.1741126581
0.0216252998
-0.3299705753
-0.1309837699
0.7501923450
-0.0910724904
-0.4097987440
-0.1409799940
1.7909525182
-0.5657181911
0.9742558648
-0.2546664236
1.2527173796
0.9461107312
0.1953022662
0.8911964734
-0.7232951606
0.4156032864
-0.2021132415
-1.6220318122
-1.1498978248
-0.5579412484
-0.3117009238
-0.0544033921
0.0726296541
-1.2043540241
-0.5314500134
-0.2561893468
0.1502229798
0.5122942557
1.0026053969
-1.0120414632
-1.1002004420
1.9202038941
0.3173988466
0.7797525959
0.4794985162
1.8024288478
0.4264147119
0.3073886364
-0.5754257288
-0.4047185600
0.6228240920
0.6051517979
0.4010399211
-2.0701359609
0.3270652392
-0.1614866935
-0.0652066762
-0.9255427150
0.2438389453
1.3097435820
0.2650693911
-1.7815436235
-1.2745747901
-0.9256844571
1.3196327236
0.0523472623
-0.4904774117
0.2533013745
0.8104621134
-1.5401830757
-1.1649930267
1.3222539211
-1.2402718115
0.8264681908
0.1116487120
1.1625736201
-1.0269894903
0.9866576624
1.2864354204
-0.4157705486
-0.6301281984
-1.1070781793
0.1573250338
-0.5038649781
1.3028097453
0.1524547764
-0.0201376139
2.5528470531
0.0665891948
0.8783896150
0.8109476070
-0.1303531974
-0.1782351128
-0.2306231752
1.3324334866
-0.0641623701
1.5870493815
-0.4323274962
0.9109638501
-0.2819914313
0.0367540831
-0.1275230808
-1.5842314447
0.0158051814
0.7141852949
0.7491908104
-0.1422663073
-0.2893966656
0.1064003915
-0.0563720791
1.2966668926
1.2332347961
-0.6127475912
0.3833811381
0.1444728509
0.4524172872
3.1595865910
-0.2696305978
2.0940940187
-0.9385364933
0.0989943462
0.1356816963
-0.4521650909
-1.0680207495
0.6578228432
-0.3718927999
-0.3722296424
-1.4168964279
-1.3119434942
0.3311872060
0.1752797206
-0.3538957857
-0.7215297409
1.3895529626
0.0758651676
-1.7930741597
0.7064274881
0.6398984674
2.3842128001
-0.3947438418
0.3294463508
1.4547925090
-0.7029249463
0.9345801142
0.1306098618
0.0783266619
-1.4191716601
-0.4735347306
-0.2356005314
-0.2292862915
0.1822068532
-0.7114493998
-0.2709492921
-0.2987977948
-0.8830520856
0.9618578452
-0.1254272767
-0.1479380642
-1.1683443197
1.4705343497
-1.1830537607
-0.6359766040
-2.3394828759
1.1026672270
0.1153658379
-0.1923864985
1.6308363749
1.3275140367
-0.2962186215
-0.1331406399
0.9059660862
0.2575782684
1.1094207622
0.7483121422
-1.0361008246
0.8722198575
-0.6669201020
0.3829301977
-0.7571157284
-0.6000263134
0.1782430750
0.4739745935
0.2172574838
-0.9575862705
-1.0236271481
1.4227215384
0.8762858713
0.3294774713
-0.4671334410
-0.7555336735
-1.1891045232
0.9922408923
0.7910124664
0.0900692378
1.3395033419
-0.7616278614
-1.2407298906
0.7338260915
0.6426601901
-1.1211145222
-0.9835601718
-1.0823031000
-0.4715724418
1.5002051133
-0.2728845373
0.4013706934
0.0559670537
-1.4608636084
0.7138773145
1.5123049123
-0.0147344590
-0.1054815868
2.4866163384
0.1808131696
0.5656353874
0.7335383344
-1.8847411074
-0.7187345362
-0.7153361933
0.6963872842
1.1928600509
-0.0746268772
-0.4297021776
-0.6419061121
-0.2117487956
0.3526867546
-0.4327343526
-0.8986282090
-0.7898028908
-0.6831309232
-0.4617236985
-0.7583038971
1.3145334050
0.0824069833
0.5766668206
0.8126338363
0.9595472585
1.9984293183
-0.0059839182
-0.4879742686
-1.2676969938
2.1942952652
-0.0173369574
-0.3332705741
0.0177915335
1.2474650847
-0.5833209508
-0.5162599706
-0.2200692036
1.2544133766
-0.4978531522
1.6044961826
-0.1152924644
2.6427792665
0.1308665369
0.1627373627
-1.0052203308
0.9437717225
-0.4536160735
1.7859337054
0.9043531872
-1.4201575747
-1.4895151283
-0.8309517965
0.6117520067
-0.6848742866
-0.6920788892
1.6177436822
0.6952558172
-0.7606355144
-1.4204817212
-1.9610734677
-0.3153987766
-0.4816887498
-0.0613158197
-0.3734552172
0.2921843474
-0.6750482658
1.5995660033
0.3418132224
-1.3203511150
-0.1475716924
1.3402523799
-0.4393873836
0.5381056188
-2.0828449535
0.7009832566
-2.1350708870
0.3931139909
-0.2849920660
0.4453841091
-0.1719386177
1.0945317798
0.0047890467
0.8256084767
1.8279087217
0.5178885248
1.3975670163
-1.0042181417
0.1540720427
2.2375789177
-1.6594390466
0.2034553587
-0.4000102648
-0.6933950092
-0.5468179829
0.0632762496
0.6888745627
0.2205440128
-0.1136860076
1.4441580120
-1.2912680564
-0.3220978619
-0.5692921576
0.2018775924
-0.0570508156
-1.6018374546
0.7790290156
-0.0057023816
-0.9456519323
-0.5744522951
0.3283669430
-0.5303489628
0.4692420959
-1.5979919003
0.9580437225
0.0488722133
1.0728904681
-0.7822775252
0.0403969557
0.4920016067
-0.0262163435
1.5299834432
-0.4586823955
-0.3119964760
-0.3347305618
1.8513364091
-0.6417189720
0.3839222478
-0.7246336785
1.7391921097
-0.0098104051
-0.4880735910
0.1134622030
-0.8164596549
-0.3994463963
-1.0160183158
0.4562074791
0.7465590529
-0.7485067880
-0.8197491327
0.1952012074
-0.4468275623
0.4640458565
-0.8777837108
-0.0398990950
-0.2938555933
-2.3861547388
0.5087950206
-0.1256826672
1.3031934245
-2.5716066481
-0.7245261686
-0.0605744718
1.4689903309
0.2144270677
-0.1359883001
-0.8779348074
-0.7389770825
-0.1709619906
2.1560340115
0.1752852111
0.1094623605
-1.1555651825
-0.9437257048
0.6974205370
0.9646114745
-1.0992896537
-0.2560152095
-1.6533227057
1.9813753289
-0.6987211060
0.1445018494
-0.3435469682
0.0648638508
0.0076354083
2.3026941923
0.4246505038
0.7205830670
0.7427169819
2.1033374403
0.2840432963
0.2893366307
0.3046742329
-0.6540883932
-0.1473322867
-0.9866872622
-0.6312743431
1.5011745122
1.1594490157
-0.2051719228
-2.6958597639
-0.2036011089
0.3909020467
0.4406811426
-0.6488328657
-0.0304829201
-0.9328917105
-0.5009736654
0.8987252740
0.1405788824
-0.3269461325
0.4220017503
-1.3132487486
0.9581570790
-0.7199265971
-1.4908320562
0.5402394998
1.9363907664
-0.1575099680
-0.4528081856
-2.1206827457
-1.3579499280
-0.2617728373
-1.2778823079
1.2895510021
-0.5748317742
0.6594552587
0.0752532311
-1.4695149613
-0.6686997635
0.7670500003
0.0577116448
0.5389187586
0.5813085422
-1.6325289152
