15 3 0.01
11 0 0 0 1 1 0 1 1 2 0 2 1 2 2 2 3 3 0 3 1 4 0
16 0 1 0 2 1 0 1 1 1 2 1 3 2 1 2 2 2 3 2 4 3 0 3 1 3 2 3 3 4 3 4 4
25 0 4 1 3 1 4 2 2 2 3 2 4 3 2 3 3 3 4 3 5 3 6 3 7 3 8 3 9 4 0 4 1 4 2 4 3 4 4 4 5 4 6 4 7 4 8 4 9 5 8
1 11
7 3
6 2
0 0 0 0 0 0 0 0 0 0 0 0 0 0 0
0 0 0 0 0 0 0 0 0 0 0 1 1 0 0
0 0 0 0 0 0 0 0 0 0 0 1 1 0 0
0 0 0 0 0 0 0 0 0 0 0 1 1 1 1
0 0 0 0 0 0 0 0 0 0 0 1 1 0 0
0 0 0 0 0 0 0 0 0 0 0 1 0 0 0
0 0 0 0 0 0 1 0 0 0 0 0 0 0 0
0 0 0 0 1 2 1 0 0 0 0 0 0 0 0
0 0 0 1 2 2 2 0 0 0 0 0 0 0 0
0 0 0 0 2 2 2 2 1 1 1 1 0 0 0
0 0 1 2 2 2 2 1 1 1 1 1 0 0 0
0 0 0 0 0 0 1 1 0 0 1 0 0 0 0
0 0 0 0 0 0 0 0 0 0 0 0 0 0 0
0 0 0 0 0 0 0 0 0 0 0 0 0 0 0
0 0 0 0 0 0 0 0 0 0 0 0 0 0 0
-1.3116637616
0.7029516024
-1.2750491461
0.8474090649
0.5000498791
-1.0070761284
1.6834376012
0.5489727587
0.4989277544
-0.6323964922
0.8473232758
-1.2320713692
-0.7080753394
-0.7339424823
-0.7019729092
-0.0321624252
1.5820958633
-0.7326719140
0.3799282092
0.5844081582
-1.1885856869
0.1923709927
-2.6725763554
0.5622557802
-0.9532950454
0.4514662541
-0.4806137793
-1.1070656112
0.4215250375
1.3178115195
-0.7376524391
0.5982592711
-0.9928697882
-0.6081839691
0.5729107946
-0.3294460943
1.2877552579
-1.5017057793
1.9157494811
-1.2699336968
-0.5478074253
2.5382743026
0.6903015375
0.3277861943
-0.6479808561
-1.0714268619
0.1200155509
-1.0846032267
1.5732141528
-1.3562726549
0.3815963142
0.0686399341
0.6820558298
-0.0365609681
-0.3756359836
0.9351828397
0.1151279527
-0.5520115168
-0.4130961618
-1.1530651656
1.2147535957
0.8125812050
-0.0053058378
-0.3870360686
-0.7800030449
-1.0066379776
1.0777897517
0.8732836396
-2.4365056071
0.1143128555
0.6063713995
-0.3383075710
0.5132278285
-1.1082322322
-0.4921967042
-0.6236586570
-0.1512118464
-0.6117941341
2.4798192354
1.1463972048
0.2856064943
0.2186141785
1.7598694138
1.3419507544
-0.6266397748
-0.3873707300
-0.3082041738
0.2787756506
0.3360946327
-1.0202062391
2.1796932687
-0.3411355357
1.0919482415
-1.4411569088
-0.6648327760
0.4393276417
-0.1521122994
0.3165197514
1.2460266743
-0.8070154415
0.5452254394
0.0864996988
-0.2315304819
1.1702806550
-0.4584662956
-0.3833025609
1.6853478341
-0.4288648705
0.4600058957
-1.5135846544
-0.1951182025
2.0358100150
-1.5989643721
-0.1164539306
-0.5757218810
0.0591310708
0.1716931179
1.0691592514
0.1020239252
-0.7787925054
1.2432733773
0.7353299211
-0.1926909664
0.7828491234
-0.0919138896
1.0940346162
-0.9235150546
0.4796863901
-2.3282982825
0.0453532830
0.5879594428
2.0751969094
0.0594594218
-1.4265934078
-0.3114872757
0.3122477989
-0.4671787881
1.0877134862
-0.3917820404
1.8356988099
-1.8790986253
-0.5226594045
-0.2840637932
0.2705064033
2.5176947651
-0.9268318706
-2.0974812779
-1.2676353170
0.4450019565
1.8831977863
-0.3531875156
0.2540975318
-1.0050704001
1.8671214513
0.4485756379
-0.5085902893
1.1208173762
0.8061091683
-1.7284916325
-0.4911443048
0.7668757267
0.9320858285
-0.6229903145
0.5027122355
-0.3570749827
2.1411211748
0.8398392098
-0.0688676806
0.6786238130
0.7840023188
-1.5649816779
0.5402729534
0.1379752868
-0.7156725067
-0.2754683893
-0.2352285930
-0.6101831544
1.5686081472
1.4459639964
0.0187698760
0.2001333433
-1.0859337277
0.2344336020
-0.1049309583
2.8291750381
0.0320601289
-1.1778377020
-0.7408802389
-1.0480206894
-0.5215539717
-0.6935663095
-1.3760082740
-1.1869633116
1.7775985077
1.3501816777
-0.2924120580
1.9601483994
-0.2074545050
1.5601991104
0.9170784752
1.5858397407
0.6348418760
-0.2740929446
-1.5240938199
-0.0958261980
-1.3038609533
0.4646486858
-1.0370193575
-0.8519321602
-0.1971459396
0.2009912310
0.2937576854
-0.3736345256
-1.1844822003
0.4014164389
0.1557466554
0.9658305477
1.0007339786
0.1049798619
0.0671124943
1.3465806520
-0.1130599026
-1.9948379606
0.7005531870
0.8965211934
-0.4114703362
0.7524771331
-0.8229776565
0.3376177765
1.5184726122
-1.2675132600
0.2217665878
0.3347897497
-0.1939315292
-0.3590170800
0.7112708401
0.8063144686
0.0483024494
0.4794372685
0.6065921515
-0.7108318675
1.6574469779
1.1160550984
1.6165367272
-1.4458414757
-1.0692913539
0.1790342369
1.2997971486
-1.1780943241
1.4115341147
0.7053384650
0.0047741177
-0.8856293198
0.5295666090
-0.3877445375
-0.1316823347
1.8377697135
-0.4577192263
-0.8876829039
-0.1452950640
-0.1456519572
-0.7818462348
0.1583079729
0.0042738176
-1.4862986914
0.8503431647
-1.0142513208
-0.7079460331
0.0424228110
1.1389785055
-0.7119010477
-1.0355667336
0.3305008369
-1.7611068488
0.9272836818
-1.9686643359
0.9296040126
-0.5897640206
1.4176967897
-1.2011039786
-1.2965665409
0.7122779481
0.0639988389
-0.0338081948
-0.7621520643
0.1157127174
-0.3895574415
0.2321711003
-1.2811607305
1.3515947644
0.1402434543
0.1765770040
-0.0982143192
-1.4760088262
0.4902783694
-0.3692700304
0.6096383300
1.3800083598
-0.1921948505
0.8419831021
-0.8064474269
0.6094122756
-0.0112207139
0.0394049886
-0.7569045439
0.4973908645
-2.1313948441
0.3089648044
0.6275986397
0.0334922305
0.2659403276
1.5677553118
0.2507459301
0.0021454955
1.1185037944
-0.0381398899
0.0960878492
-0.2484513533
1.4640058195
-0.4270907632
-0.8717782874
-1.0489896986
1.0321086868
1.2087973188
-0.3932893729
-0.5459611449
2.2137196183
-0.2735742922
1.4323574395
0.3462720955
-0.4386856363
1.0139598312
-2.9473829043
-0.1522683058
1.1892382887
-0.4826306465
-0.4324127818
0.1572837440
-0.9899121982
0.1479737070
0.7936942357
-0.2298003617
0.5833443676
-1.2595047604
-0.3338662712
0.8620472223
-0.4105087934
-0.2727985185
-0.4059554212
-0.9136437004
-0.3609999593
2.3006817353
-0.3676217667
0.9827874805
-1.0371853295
-1.5622361858
1.1966159409
0.5688708334
0.2011010213
0.3017771421
0.7111645680
-0.2311027587
0.6862053501
0.1696742454
0.6272793967
-1.1435967542
0.2935420613
-1.0909060420
1.1495554960
0.7958613597
0.9506623031
-0.6852061605
-0.1961294522
-0.2625419436
0.8003012644
1.2038115142
1.4194701998
0.7128099595
0.9967045220
-0.4959929789
-0.8496021724
-0.0427125978
0.8850767756
-1.7395097582
0.9257827354
-0.2933576426
1.3486818793
0.0019692332
-0.0292717400
-1.3064356637
2.6132544083
0.0315021543
1.2879086909
0.4172889410
0.7791446263
0.0073098277
-0.0933120177
0.8313809742
-2.0212095319
-0.5045103350
-1.5422096470
-0.3419463400
-1.4073533653
0.0931039833
-0.6263885144
1.9832315401
-1.0013413898
0.1577398940
0.7511313454
-0.4113215229
-0.1380367162
-1.2294112599
-1.6898000322
0.6785519740
-1.1144881547
0.1566945108
0.6229527073
-0.9018599440
-1.2563529955
-1.8717528109
-0.2307170032
0.4356407616
-0.2009876501
-0.4082622765
0.3391773225
0.5363512421
0.9271277754
0.1467300300
0.1456953412
0.3444433827
-0.3331755608
-0.2816369853
-0.4264387062
-0.5372475410
0.8685988526
1.0276537816
-1.0757864057
1.1708345716
-2.2432717331
0.6079230689
-1.8646332769
2.3218028323
0.3115759406
-0.2244248995
0.7465980642
1.1923742602
0.4025681775
0.8966833489
-0.4156909477
0.3811776361
