15 3 0.05
31 0 5 1 5 2 4 2 5 3 1 3 2 3 3 3 4 3 5 3 6 3 7 3 8 3 9 4 0 4 1 4 2 4 3 4 4 4 5 4 6 4 7 5 1 5 2 5 4 5 5 5 6 5 7 6 3 6 4 6 7 7 3
25 0 3 1 3 2 3 2 4 3 2 3 3 3 4 3 5 4 2 4 3 4 4 4 5 5 1 5 2 5 3 5 4 6 0 6 1 6 2 6 3 6 4 7 4 7 5 8 4 8 5
25 0 0 0 1 0 2 0 3 1 0 1 1 1 3 1 4 2 0 2 2 2 3 2 4 2 5 2 6 2 7 3 1 3 2 3 3 3 4 3 5 3 6 4 4 4 6 5 4 5 5
3 2
5 1
9 0
0 0 0 0 0 0 0 0 0 0 0 0 0 0 0
0 0 0 0 0 0 0 0 0 0 0 0 0 0 0
0 0 0 0 0 0 0 0 0 0 0 0 0 0 0
0 0 0 0 0 0 0 1 0 0 0 0 0 0 0
0 0 0 0 0 0 0 1 0 0 0 0 0 0 0
0 0 0 0 1 0 1 1 0 0 0 0 0 0 0
0 0 0 1 2 1 1 1 1 1 1 1 0 0 0
0 0 1 1 2 2 1 1 1 1 0 0 0 0 0
0 0 0 2 2 1 2 1 1 1 0 0 0 0 0
1 1 1 2 1 2 2 0 0 1 0 0 0 0 0
1 1 1 2 2 2 0 0 0 0 0 0 0 0 0
1 1 2 2 2 2 1 1 0 0 0 0 0 0 0
0 1 1 1 1 2 2 0 0 0 0 0 0 0 0
0 0 0 0 1 1 2 0 0 0 0 0 0 0 0
0 0 0 0 1 1 0 0 0 0 0 0 0 0 0
0.1248533712
-1.1560639584
0.0500187818
-0.2775206270
0.5680730036
-0.8778466763
-3.7528428681
0.2685544342
1.7849672339
0.2554017384
0.0869037660
-0.9564856701
-0.2542609496
-0.8865535161
-0.6097035801
0.2485597106
-0.0249193659
0.2618412656
-1.9234301527
-0.9921431333
-0.3276593035
-0.5277797724
0.4961951643
1.2998532342
-1.7647797491
0.5067140949
0.4526469270
-0.8964890032
1.8241422460
0.3756747997
-0.5667848935
0.6054516794
-0.4436395027
-0.2075431371
-0.0736991809
0.4294694340
1.0437275150
-0.1232371405
1.8507666538
-0.2269190268
-0.0448771673
1.1442294527
0.2682436294
-0.2475152172
-0.8957190256
1.1809744106
0.9623772730
0.0054914938
-0.0553661755
-0.0699804058
-0.2567159746
0.4596199087
0.2606355294
0.7637155093
-0.5617234305
-1.2917326665
0.3285994000
-1.4032079477
0.2849243339
0.2086370326
-0.0875090054
-1.0517392203
0.8487552837
0.8481658259
-0.0799686851
-0.2612974230
0.1154831529
-1.7484004242
-1.1795423420
-0.5561523265
1.1996059992
-1.3294703559
0.8753614190
-1.1401588623
1.7751968741
-1.1858483469
-0.3398991695
0.1927398822
-0.1107608331
-0.0532540213
-0.3055566550
1.1685131028
-0.8488568314
-0.0406121395
-1.1004932651
0.6451698240
1.7724967193
0.2392188653
1.3844747541
-0.3378847070
0.2780833754
-0.5825999273
0.9345327482
-0.4124633543
-1.1499591654
-0.0198665795
-0.3835898532
-0.4830475349
0.6018662732
-1.3384447449
0.9495391624
-1.1021184016
-0.1892310581
-1.4304712887
1.0361046608
1.3350780833
-0.4056837781
1.7403470528
-0.9205329342
-0.0057984235
-0.1911677026
0.4604436986
0.0569850984
1.4331613076
1.6795121964
-3.4234492578
-0.9019291561
-0.8269873522
1.9950261081
0.1415495245
-1.0005520522
-0.5536470434
-1.5706539968
-1.5259372664
-1.6347055676
-0.7205704850
0.4810373222
-0.1450537392
0.9990588424
-0.2804096358
0.7154281208
-0.2805615734
-0.0822405614
1.6033083815
0.2584066876
1.0972062048
-0.9776324672
0.1563857926
0.0745724744
1.3453245635
1.5781103208
2.0873629000
1.4334301554
-1.1220815643
-1.4314737168
0.9872951317
1.5064273086
0.6270154991
-0.0379244399
0.7911938859
-0.6094300872
-1.4022335713
-1.4907349654
-3.1750155609
0.2204858276
1.6082214478
-0.3197785033
0.2188419309
0.6643693201
-1.7475564695
-0.0150553134
0.7663306397
-0.4506530853
-0.3262857223
-2.2112351839
1.5971608691
0.4476112822
1.0229013874
1.4587290042
1.0699536825
1.1643901457
1.0019550541
-0.1641812717
-0.1346693208
0.7529710678
-1.6048582604
-2.1719382388
-0.9728444217
0.8080205776
0.9497750412
0.2146801060
-0.4132267413
0.6704604436
0.3172989145
-0.8694243112
1.6612464670
-0.2142303782
-1.4714211376
-0.6888871192
-1.3891471930
0.5077653275
-0.7793542540
0.7478675093
-0.5019420260
-2.8403895470
1.7344945183
-1.6743516309
-0.3334789398
2.7990048309
0.9864617647
-1.0729026755
-0.4377243393
-0.4213963032
-0.0118052819
1.4067017730
-1.0336422268
0.3057494390
1.0712792484
-0.4491958813
-0.9961922427
-1.0966028149
0.2190281573
-0.3742235923
-0.4450762327
-0.1514176514
-0.6568257251
-0.1028987659
0.5863536020
0.8519131237
-1.6089933617
0.8720741194
0.2109484276
-1.9507738053
0.2501037347
1.1056913698
-1.1715304445
0.7821147100
1.0769288919
0.0844446941
1.1706817823
1.3642482668
-0.6117797745
-0.2354570324
-1.0183179313
0.8057577737
1.1062303257
-0.0674623253
0.3947224096
0.9802687388
1.2534755127
-0.5708520618
0.3451078082
0.3301160576
-0.4146751190
0.0584360333
2.0698971485
0.6525129603
0.5715498450
0.2753825720
0.1941164087
-0.1393168036
0.4721349303
-1.1100160260
-0.0266285525
1.1607876265
1.1311030813
1.6140019500
-0.9628976719
-1.0840338930
2.0618007360
0.2648757448
1.1221209287
0.2069955653
-0.2360121996
-0.7675245063
1.7545362674
-0.1573571182
1.0180711206
-0.4106877182
-1.7332435662
1.2799489811
-1.7927182770
0.5755070876
-2.8063070362
-0.1594904375
-1.1695973807
-1.2697534939
-0.0684217446
-1.0341010408
0.3496014726
-0.4592834813
-1.5496074317
1.1643608819
-1.2930153522
0.4856299554
-0.6677893777
0.5076378902
0.1409488547
-0.0438094548
1.5600805379
0.7021031347
-0.9254604387
0.0392218363
-1.0072697252
0.7683787700
0.4980792302
-0.6064508690
1.3938284391
0.3513309666
-2.0377711119
1.3266216784
-1.6511593945
-0.3752916007
-1.5891872351
1.0066180003
0.2902260879
1.5536684963
-0.2431850122
1.5257759171
0.8987258233
-0.2863256935
-0.0209151724
-0.1683164862
2.5729059135
-1.0206853229
1.1772182227
0.7325439831
-1.6389142145
0.3591452868
-0.5812718533
-0.7548508173
2.3791673167
0.6304570211
0.4250867366
0.8704133004
0.8377356643
0.0568575112
-0.8746836155
-1.5064315832
1.0360557763
0.5280763843
-1.5229099295
0.5210133269
0.2414187295
-0.4256998846
-0.6882866640
0.8601162338
-1.5076639537
-0.7878964650
-0.3885924324
-0.5302597643
-0.3651942481
0.0563123163
0.4125439952
-0.2556341649
0.0448503383
-0.4880387380
-1.2972723894
-1.1043611990
1.1058208445
1.0524739356
0.9351397040
-0.0864886069
-0.6036148289
0.5467750824
-1.7413904049
0.6238921504
-1.1776434946
-1.5422696758
-1.0848430054
-0.5439952271
0.0786038463
-1.1761380976
-0.4051551202
0.0324796603
-0.4101726443
0.7309122267
0.7046512073
0.2653941569
-0.9675362203
-1.1652068986
0.5857670927
-0.2108339773
-1.4005942986
-0.6301116355
1.3131969285
0.3170019277
-0.3765947031
-0.1344933965
1.5232785998
1.1146716169
-0.6693458999
-0.0670049192
-0.1482913773
-0.4972698301
-1.2654934830
0.0894204979
-0.7949819641
0.4599083859
-0.9671507706
0.8033051488
-2.0407983935
1.3093446743
0.7906649502
0.7987944460
0.5899918428
-1.2402052949
0.3651778666
1.2212938635
0.1034610499
1.0392798265
-1.1785844918
-0.8028413843
-0.7076363350
-0.7585692900
0.2353901202
0.3703708007
-1.4716203153
1.1236660300
1.0486739839
-0.6898102207
0.4235630176
1.0595119623
0.6293639262
-0.3882997523
0.4084105130
0.7204499674
0.0201441229
-0.7640899158
0.9220473608
0.6603604056
-0.2180071024
1.2792657844
1.5347965466
-1.2895431708
1.8056242134
0.5826519677
0.2043253264
0.5283996245
-0.1710986774
-0.5138970844
-0.7869481061
0.1492415917
0.3497685560
-0.1825063358
-1.0401289650
-0.5367534323
-0.8562355285
-0.2932379080
0.8945098515
-0.6837571131
-0.1604804825
1.0996011960
-1.5569611498
0.4690747997
0.6911549494
0.7223585809
1.1026621404
1.6321700233
0.1488240761
