15 3 0.06
34 0 2 0 3 0 4 0 5 1 1 1 2 1 3 1 4 1 5 2 0 2 1 2 2 2 3 2 4 2 5 2 6 3 0 3 2 3 3 3 4 3 5 3 6 3 7 3 8 4 3 4 5 4 6 5 1 5 2 5 3 5 4 5 5 5 6 6 2
26 0 2 0 3 0 7 1 0 1 1 1 2 1 4 1 5 1 7 1 8 1 9 2 2 2 3 2 4 2 5 2 6 2 7 2 8 3 2 3 3 3 4 3 5 3 6 3 7 4 4 4 5
17 0 3 1 2 1 3 1 4 1 5 2 2 2 4 2 5 3 0 3 1 3 2 3 3 3 4 3 5 4 2 4 4 5 4
1 3
6 5
9 3
0 0 0 0 0 0 0 0 0 0 0 0 0 0 0
0 0 0 0 0 1 1 1 1 0 0 0 0 0 0
0 0 0 0 1 1 1 1 1 0 0 0 0 0 0
0 0 0 1 1 1 1 1 1 1 0 0 0 0 0
0 0 0 1 0 1 1 1 1 1 1 1 0 0 0
0 0 0 0 0 0 1 0 1 1 0 0 0 0 0
0 0 0 0 1 1 1 2 2 1 0 0 1 0 0
0 0 0 0 0 2 1 1 0 1 1 0 1 1 1
0 0 0 0 0 0 0 1 1 1 1 1 1 1 0
0 0 0 0 0 0 1 1 1 1 1 1 1 0 0
0 0 0 0 0 1 1 1 1 1 1 0 0 0 0
0 0 0 0 0 1 0 1 1 0 0 0 0 0 0
0 0 0 1 1 1 1 1 1 0 0 0 0 0 0
0 0 0 0 0 1 0 1 0 0 0 0 0 0 0
0 0 0 0 0 0 0 1 0 0 0 0 0 0 0
-0.2202349625
-0.5832103317
1.3595361463
-1.8918107274
0.2824751873
-1.2941870509
-0.4962991430
-0.0148899479
-0.5915696636
0.7171289232
0.2302643043
0.0733618454
-0.0116453146
-0.7346946983
2.9591020028
0.1267702829
1.7532239736
-0.9294415115
0.6761531352
-0.1577162693
-0.1586749665
-1.1916383124
-0.2066061118
-0.5451389466
-1.7036867260
0.5825175267
-0.2662993470
0.1500969693
-0.7585708127
-2.5309351285
-0.6272481967
-0.4784277184
1.5476075568
-0.5632274873
-0.3896246314
-0.1512819293
0.6005968054
1.5051834486
-1.2167732554
0.0276344356
1.9381168613
0.6140448819
-0.2985180042
0.2602456348
-0.1634967561
-1.9721042353
0.3356350918
-1.2559587689
-0.3124172818
1.0323677100
0.4667553268
1.7246409892
-0.0420271400
0.7196072903
0.0562690236
0.1324717185
1.7525178841
0.6566337018
-0.6946948954
1.9577666487
1.2433326321
-1.3816801331
0.4882760375
-0.2049056002
0.7797832701
1.3578189629
-1.4747524930
-0.2034981690
1.4771972506
-0.3720973499
-2.3184896939
0.2501019194
0.5200696770
0.4837815692
-0.4153667233
0.7480353326
-0.1633360277
-0.6084304327
0.4277709551
0.8012596952
0.9380790099
0.4064786994
-1.2422938851
-0.2817686004
-1.3567561444
-0.3240771774
-0.7491195873
0.5479759532
0.1244353817
0.8572676101
0.6960005506
-0.0813746779
1.1342135586
-0.9389062036
1.9618926734
-0.7654132106
0.5643356065
0.1616289999
-0.0888255422
0.1898362401
-1.0840756407
-0.5410360579
1.6117558758
0.2928712228
1.0872301217
-1.2669861347
-1.4427204708
0.5783516074
0.4822062663
-0.0678134873
1.5305542763
-0.0880746447
-0.3859393884
1.1360550497
1.4604442894
-1.1437426566
1.0735788723
-0.6154674568
0.0163733432
1.2076212970
0.5693907655
-2.4793570533
-1.9884197948
-1.6667166343
-0.5130510931
2.3655017854
-0.0766991012
0.4050358129
0.0103833076
1.1552048053
-0.2692178985
-0.0070774475
0.2396015584
-1.0078858218
0.0489081723
0.0039561266
-0.1847537728
0.0413095063
-2.5611899706
-0.2983290879
2.2099145053
-2.6667860664
0.6863464648
-1.5838270910
-1.8205082345
0.5989665816
1.0930110911
-2.0173335034
1.8291610298
0.5911727718
-0.9207922461
1.3972187944
0.2577348774
-0.0754218792
-0.2524871472
-1.5911207330
-0.4404742475
0.6398838149
-0.8625310139
-1.5163759859
0.3116412328
-0.4386475649
0.0607166248
-1.0745068626
0.2129971938
-1.1891437170
1.6041423555
-0.1401333777
-0.9199076679
-0.0172471614
0.8454992073
0.9150262482
0.7046067236
-0.8387417160
-0.5207514534
0.2771925451
-1.1835453986
0.0299359277
1.2715211860
-1.0504185316
0.0028686828
0.4592805258
0.6517342886
0.1049274040
1.1198787040
-0.0065004958
0.5149558688
0.4233237778
-0.9553691956
-0.1818204148
-0.0872108192
1.4345612352
-0.5295921028
-0.1645562663
-0.3848305898
-2.1140395063
0.7666220008
0.5196274605
0.9898992310
-0.5844096665
0.0252701005
0.7703415834
0.1641849398
0.1417271794
-1.4669336370
-0.6693872947
-0.0896474624
-0.2775576612
2.0124177293
-1.4621884526
0.2827349449
0.3615842984
1.1728177291
1.4322292709
-0.4017808949
1.0652307433
-1.5065444251
-0.7576976692
-0.2521097771
-2.1990111792
-1.6699247420
0.0091084664
0.6600280909
0.0373486613
-1.3519656980
1.2213224314
-1.2082353154
1.3643475080
1.1896126065
0.5027577759
-0.6013017571
-1.2344654105
0.0767647185
-1.9239567292
-1.6622971515
-0.3228014139
-0.3171719913
-0.2018761713
-0.8920155604
-0.2722702039
-1.6450544400
-1.2069542508
1.1039795396
1.6961259422
-0.1271887910
-0.3242628110
-0.9670637995
0.5654466657
-1.1913300932
-0.6963363952
-0.1011222466
1.6444923511
-0.2847104892
-1.0331774667
0.9916524080
-0.6939234009
-1.1705536506
-0.6981451410
-0.4842857883
1.8693772978
0.0970112272
1.9774195458
0.8775928896
-0.2960097037
-1.4658295967
1.0111134779
-1.0535151864
1.0050078136
0.0612528913
1.1161275016
0.8390119547
1.3688623900
1.0797062278
0.8625314413
-1.4183773561
-0.2346252289
0.3938847690
0.2974642281
-0.0884795609
1.6659279267
0.9066616852
-1.0563339273
0.0279531678
-0.6992468770
0.8245244194
-1.3397596534
-1.4144106792
-0.1744082673
-1.1758581917
-1.6777103100
-0.9114224209
0.6030996960
-0.1759215658
0.4137655709
0.9024352689
-1.0775201999
-0.1989123104
-0.4903395815
-0.5496999339
-1.0432527861
-0.2089598396
-0.5991053425
-1.2027668949
1.4622838194
-0.2593428441
0.7893951453
1.3519888622
-0.2509551162
-0.2726146897
0.3716828728
-0.7917877925
-0.1334409206
-0.6284059701
0.5903396203
0.0783487415
1.3691699356
0.1520854106
-0.6513402461
1.0288801067
0.4488985227
-0.5948735030
0.7910568974
0.8123707164
1.0713680479
0.0222419600
-0.2837003854
-0.0639530281
-1.3069809321
0.1180414051
-0.3013237088
0.2658872966
-0.8880047041
-0.3064319801
0.1747464831
-0.1132214636
-1.8781903421
0.5185644277
-0.7780531108
0.9256800436
-0.3387926477
-0.6334138865
-0.4639987503
0.3836073317
-0.8547628322
1.5914650984
0.3039542142
-1.4239625140
-1.3343778548
-0.7913825695
0.6646428799
-0.6093714465
-1.6318258130
2.5708365162
1.6983543128
-1.0284092454
0.6267420084
0.3703682438
-0.8959629014
1.6094677437
-1.0864020859
-0.2368073461
0.7457825359
-0.3178002944
-0.0126747196
-0.1773923243
-1.0014999904
-0.2263022140
1.3839057837
0.0542138242
1.0052136327
0.0185489269
-0.3154300188
-1.1809295657
0.8709628356
-0.0607020417
-1.2262019667
-0.4406276234
0.2622267392
-0.0269838499
1.2543590273
0.2745450047
-0.2463182286
0.6313830617
-0.3686165624
0.9019277995
-0.5429525340
0.5629841165
-0.5352220156
-0.2359827052
-0.8513151443
0.2742490624
-0.0736555942
-0.6236493502
-0.0047231925
-0.4656133604
0.0348026758
0.4462347591
0.7018971761
-1.2552472692
-0.8558544333
-0.9272540167
-0.6699414188
-1.2520930661
1.9964216962
-0.2492262114
1.6518348067
-0.8113464241
-0.1620291197
-0.4669536119
0.8765739974
1.5674305200
0.0764764179
-1.7865594103
-0.0895239771
-0.4555419081
2.9116445156
0.8181067735
-0.5391329094
-1.2051095594
1.8014241835
0.1657473266
0.6014915573
1.5189190601
0.4008779710
-0.2660074189
0.2116848472
-0.7811937161
-0.5794542873
0.2265385261
0.8284480585
0.3590513086
0.5199151439
0.8813324179
0.8262480279
0.4955507291
0.0217562065
0.5928114234
-0.3199894195
0.6922140117
0.6083645235
0.3324667570
0.6592509425
-0.2621283230
0.5203122540
-0.7205484445
0.5454394272
1.3351587891
-1.1785646255
-0.2610148487
-0.7593359170
