15 3 0.15
32 0 3 0 4 0 5 1 3 1 4 1 5 1 6 2 0 2 1 2 2 2 3 2 4 2 5 3 1 3 4 4 0 4 1 4 2 4 3 4 4 4 5 5 1 5 3 5 4 5 5 5 6 6 2 6 3 6 4 7 2 7 3 7 4
29 0 4 0 5 1 2 1 3 1 4 2 4 3 0 3 3 3 4 3 5 4 0 4 1 4 2 4 3 4 4 4 5 5 4 5 5 6 1 6 2 6 3 6 4 6 5 7 3 7 4 8 3 9 2 9 3 10 3
33 0 3 0 4 0 5 1 2 1 4 1 5 2 2 2 3 2 4 2 5 2 6 3 0 3 1 3 2 3 3 3 4 3 5 3 6 3 7 4 1 4 2 4 3 4 4 4 5 5 1 5 2 5 3 5 4 6 2 6 4 7 3 7 4 7 5
4 1
1 5
0 1
0 0 0 0 1 1 1 0 0 0 0 0 0 0 0
0 0 0 1 0 1 1 0 0 1 1 0 0 0 0
0 0 0 1 1 1 1 2 1 1 0 0 0 0 0
0 1 1 1 1 1 1 1 1 1 0 0 0 0 0
0 0 1 1 2 3 2 0 1 1 1 0 0 0 0
0 0 1 1 2 3 2 2 1 1 1 0 0 0 0
0 1 1 2 1 2 1 0 0 1 1 0 0 0 0
0 0 1 0 1 2 2 1 1 1 1 0 0 0 0
0 1 1 1 1 1 1 0 1 1 0 0 0 0 0
0 0 1 0 1 1 1 1 1 0 0 0 0 0 0
0 0 0 1 1 1 0 1 1 0 0 0 0 0 0
0 0 0 1 1 1 0 0 1 0 0 0 0 0 0
0 0 0 0 0 0 0 0 0 0 0 0 0 0 0
0 0 0 0 0 0 0 0 0 0 0 0 0 0 0
0 0 0 0 0 0 0 0 0 0 0 0 0 0 0
0.8100516411
-1.9557865955
-0.6533009121
-0.0495297873
-1.3144731645
-0.3802627746
0.2284876399
-0.8140588174
-1.1001538794
1.2974964123
0.5017358804
0.7473522856
-0.2945596876
2.0166016899
1.0009619157
-0.4781526297
1.1212192770
-1.5426332018
0.3188915771
1.6116806587
-3.1617960759
-2.6276495531
-1.1225800759
0.5210543169
0.5686198868
0.0151191202
-0.0698916178
1.6820766501
-0.1220397801
-1.1822545294
-0.8788758314
-0.9841204237
-0.6744354365
-0.0419434800
-0.2195357542
0.2507965485
-1.2334633835
1.1665346156
-3.2865265362
-1.0358473016
1.0149682045
1.2680748164
-0.4050651703
-2.0984711180
0.5978666140
-0.1587078844
-0.2111266385
-2.0193806931
-1.4194174113
-2.4542805502
-0.0475103913
0.3023241995
-0.2597614729
0.2139667268
1.2704061739
0.0663785269
-0.1486682735
-0.4573253594
-0.5826580985
-0.8748224944
-1.4040866084
-1.1039298107
-0.0409854439
-0.5226886761
-1.8422462650
1.1386764060
-0.7557065893
-0.2571410319
0.3848745358
0.3039169623
-1.1208910995
-0.9782730365
2.0727719558
0.0410820751
1.3088151725
-0.9423832240
0.0004776193
0.3312183993
1.5669589760
1.5484261032
1.0125986817
0.3945364306
-0.3961459258
0.7014550770
-1.0556377850
0.9928264541
0.5705260265
-0.5202823703
-0.9796921145
1.1524152066
-1.9067438459
0.0895592586
0.3294981367
0.7186426456
-0.4381497465
-0.0635953637
0.1973482697
0.9939437087
0.5787819641
1.1778631727
2.8792670015
-0.1606519931
0.4608866489
2.3759860148
0.9650423945
-0.8624706810
0.2429416535
0.1521162361
0.9980314716
-0.1638430752
-0.4382270722
0.2970442599
0.7079837944
0.7055527319
-0.9024078695
0.2956495895
-0.8470075276
0.7987600297
-0.1598907687
0.4725875923
-1.3398524252
-1.2418716331
0.2730203434
0.0438502010
0.3139401048
-1.4255504534
1.8005344423
0.6555852056
-1.2920039008
-0.9424579542
0.2586738523
-2.3851588615
0.5412242933
-1.6451974379
-0.8270167737
-0.8209763063
-1.1997380217
-0.6564356846
0.1660023827
-0.1420156774
0.0749892917
0.6612880004
0.3101755097
-0.3094474246
-1.5094643625
0.0680051987
-1.5245874663
0.0939278720
1.0223314907
1.9359339648
0.6434906629
-1.6592626854
0.4251637451
0.7871972491
-1.5788368003
0.6737721616
1.1845805653
-2.1781969270
1.7106220717
-2.0656962217
2.1454699260
-0.6572319031
1.8803817350
-1.0790933658
-0.9331849601
0.8941187244
0.5588250344
0.1024529124
-0.1847969527
-0.7167214665
0.4137179469
0.6504620755
0.2379041894
1.2777040448
-0.2222269584
-0.3409479885
0.0130576971
0.2320494972
1.1059727377
-0.4372770252
-0.8679846602
1.1234032713
1.1705439743
0.9411176933
-1.3805844657
1.4179810928
-1.4058369394
0.6516766619
0.5630001478
-1.8245127820
0.8319981365
-0.5052309391
-2.2481010380
0.3085988695
-0.9079974913
-0.3605946290
0.9088476258
0.1589463209
-0.1993536354
0.1746029213
-0.7384273081
-1.1730483862
-0.1059075792
-0.6262921747
1.6553378715
-0.1640694354
1.1582559979
0.0103484012
-0.6218728782
0.6230505028
-0.4165115694
0.1756152103
-0.0378713431
-0.9681365045
-0.5036160173
0.9150274504
0.7973714650
0.2073118775
0.7081138181
0.4036047853
-1.1160072915
0.4561425929
-0.2884937351
-0.9003799169
-0.5544723126
1.0613671506
-0.7474139243
-0.4898604827
-1.2902923083
1.5150517648
-0.6390431079
-0.0643185750
-0.3809581137
1.4119676593
-3.7358661457
-0.5499283657
-1.4940198704
-0.6926492328
0.0293348298
-1.7686469816
-0.3967007854
-0.6296570505
-1.0414487347
1.2730290298
0.7631901793
1.6357255877
-0.5762390075
0.0294904766
0.7246603294
0.7323741874
-0.7793457346
0.0907967208
-0.7362476713
1.1646541801
-0.7641422006
0.1825000606
1.7481660777
0.5092808834
-0.5200257550
2.8055365667
-0.7037855054
2.5138289925
-0.9830441190
0.1765591625
-1.8662315743
1.5186656090
0.7648798466
0.4315965942
0.6404694847
-0.0071906705
-0.7442637473
0.7185295669
-0.2637072079
-0.4858335901
0.0508629263
0.9903819978
0.9890034375
1.1614852640
0.6840126585
0.6302973000
-0.4929228744
0.4417265594
0.8935789864
0.8068031973
0.0220216217
1.4433484801
1.4342571171
-1.5331870495
0.6447837369
1.5904786303
0.1776840633
-1.1007588106
-0.1876528211
-0.5969402870
0.1796333905
-0.5464327615
-0.9820978244
-0.2744545257
-0.6315148436
1.4507636682
0.7436808293
-1.1676004795
0.7396631765
0.9901572935
-0.4096929388
0.2473708205
0.7258233417
-0.1812246244
1.3417693476
0.1916403600
-0.5979450181
-0.6890008577
-1.2190256198
-0.4603777430
0.6337042995
0.6453456066
0.8046477247
0.5056881883
0.0538753421
-1.3698681866
0.1796277962
-0.1701383800
1.5847377314
-0.4805239628
0.9946601014
1.6326354328
-0.6562576259
-1.3571782879
1.1483908164
0.2628530981
1.4688403101
-0.0069315527
2.3125612129
0.7370031431
-0.4036770501
0.2141737751
-0.6946026444
-0.4849146007
0.3227068397
-3.2843982179
1.2430615615
-0.7317891172
0.9274718423
0.0630068718
-0.3792797325
-1.1192420734
0.5275661006
2.1416207417
1.1242268520
-1.1787005831
-0.9124797596
-0.9975080793
0.2417427068
-0.6693419268
-0.4423425410
2.0899743015
-1.3086317176
-0.6068686232
-0.0474820381
0.0796038964
-0.6384402511
0.0859408388
-0.3563830698
1.3639709530
-2.3612467278
0.0475087179
-0.1283371548
-1.0528717836
1.7582664096
-1.3593412602
-1.9036477109
-1.4753678239
-1.3245009876
0.0860745797
1.9195348997
-1.6258182799
0.4539093767
0.5249652221
0.0524358578
0.0982892486
1.1406635414
-1.4683980406
0.4325548762
-0.0432255618
1.5286726975
1.4919222154
-1.0865570963
1.6519905981
1.9748904391
0.7252002411
1.0264894237
0.9297220562
-1.9903541675
-0.9668433193
-1.4103214054
-0.4156045157
0.1800209763
0.5237351848
0.1369908358
0.5263582264
0.1457780372
2.0166650983
-0.0361585849
-1.6617962864
0.0318109781
0.6921673713
0.9413963613
0.7152088878
0.6673972439
0.4495570648
-0.0454230134
-0.6896489702
-0.4292271209
0.8073129342
0.5716223289
-0.4029098341
-0.3568737952
1.0461576236
1.4373330217
-0.2853094139
1.8840108572
1.4364715375
0.6980573329
0.5218804334
-0.0422811704
0.4231619986
-2.0778710519
0.2429004749
0.1698391145
0.3119288226
0.0191175163
0.6641088853
-0.9886629850
0.3018579683
-0.8083934668
0.7667500612
-1.2705539208
1.0283435030
0.4623464248
-0.5141747688
0.6531939924
-0.5499623699
-0.7680835406
0.4795990409
-0.7167796881
1.1889294417
-0.0321540426
-1.5432879268
-1.6597400967
1.1004813372
