15 3 0.06
10 0 2 1 0 1 2 2 0 2 1 2 2 2 3 2 4 3 1 4 1
41 0 4 1 0 1 1 1 3 1 4 1 7 1 8 2 0 2 1 2 2 2 3 2 4 2 5 2 6 2 7 3 2 3 3 3 4 3 5 3 6 3 7 4 0 4 1 4 2 4 3 4 4 4 5 4 6 4 7 4 8 4 9 4 10 5 3 5 4 5 5 5 6 5 7 5 8 6 5 6 7 6 8
58 0 5 1 5 2 4 2 5 3 1 3 5 3 6 4 0 4 1 4 2 4 4 4 5 4 6 5 0 5 1 5 2 5 3 5 4 5 5 5 6 5 7 5 8 6 1 6 2 6 3 6 4 6 5 6 6 7 1 7 2 7 3 7 4 7 5 7 6 7 7 8 1 8 2 8 4 8 5 8 6 8 7 8 9 9 3 9 4 9 5 9 6 9 7 9 8 9 9 10 3 10 4 10 6 11 2 11 3 11 4 11 5 11 6 11 7
10 3
7 2
0 5
0 0 0 0 0 0 0 0 0 0 1 0 0 0 0
0 0 0 0 0 0 0 0 0 0 1 0 0 0 0
0 0 0 0 0 0 0 0 0 1 1 0 0 0 0
0 0 0 0 0 0 1 0 0 0 1 1 0 0 0
0 0 0 0 0 1 1 1 0 1 1 1 0 0 0
0 0 0 0 0 1 1 1 1 1 1 1 1 1 0
0 0 0 0 0 0 1 1 1 1 1 1 0 0 0
0 0 0 0 0 0 2 1 1 1 1 1 1 0 0
0 0 1 1 0 1 2 1 0 2 2 1 1 0 1
0 0 1 1 1 1 1 1 2 2 1 1 1 1 1
0 0 0 0 1 2 1 1 2 2 0 1 0 0 0
0 0 1 2 1 2 1 2 2 2 2 2 2 0 0
0 0 0 1 1 2 2 2 1 1 1 0 0 0 0
0 0 0 0 1 0 0 1 0 1 1 0 0 0 0
0 0 0 0 1 0 0 0 0 0 0 0 0 0 0
-2.3054977330
0.3316541832
-1.1684297966
-0.4584843843
0.1348038921
-0.3316653779
0.3451622713
0.8272883468
1.2529520237
0.2878768750
-1.3475633688
-0.4456294407
2.3207009708
-2.1971394103
0.6675377833
-0.1911502284
-0.5618778696
-0.2014119704
-0.5492066640
-1.6430505407
-1.3175792116
-1.0768335100
-0.6828602620
-1.7435808545
0.1902628571
1.9810892106
1.0725782840
3.5200830761
-1.0536571253
0.7508096359
-1.2497707465
-2.4605196346
-1.4533414789
-0.4919387341
-0.1347137229
-0.8304191747
-0.8872971928
1.4549346298
0.7553784321
-0.7202609413
-1.6061547187
-0.1002086473
-0.7263834750
-0.5839116234
0.7069407044
0.5974921831
0.8917502907
-0.3886963271
0.3372839059
0.6199539264
0.1655231789
2.2560688333
-0.5539112490
-0.9366600843
0.4483547385
1.4450117561
0.2331589611
-0.8515260924
0.0951969335
2.0715187177
1.7621408578
-0.8656204811
-0.3174226447
-1.3339075899
0.6269604583
0.4270773756
0.5714431974
-1.2007118026
0.1151782904
-1.0905780844
-0.3012629020
-1.1527153210
0.0428789721
1.4131785252
0.0452106353
1.1140044993
0.0791960867
-0.4929515983
-0.6731376294
-1.2897210660
-0.5255998373
-0.2278069861
0.3872623913
0.0733827026
0.6766203205
1.7513612012
0.2825021736
-0.9843111399
-0.5044345820
-1.0450467330
-0.2564795251
-0.0197780794
0.6946788379
-0.4415452943
-1.9072564519
0.0744883407
0.2987373992
-0.9465358946
-0.2615199271
0.0821631594
-0.7499469267
0.1290634060
0.6096010440
2.4451525939
-1.2849619733
0.5106563300
-0.3282214383
0.6864256233
0.7552578180
-1.1552517242
-0.1377445148
0.7479958235
0.2344327411
0.0605584647
-0.8200750631
-1.4010163722
0.8101654395
-0.4088746241
1.6321166148
-0.8130514564
0.9911061909
0.9720626195
0.6365630749
-0.8393255689
-0.5040184843
-0.6878084327
-0.0598217833
-0.8222448622
1.0787199991
-1.4940235410
0.6423123119
-0.7262775563
-0.9114556349
2.3546955065
0.6370788050
-1.4812183421
1.6847915806
0.4130038355
-1.0412234504
0.1394853426
0.3872499285
1.0802837397
-1.3336725283
0.0007632207
0.2263536454
1.5290993728
-0.2202286534
0.0917882505
0.1329738739
0.5892749332
-0.3413621845
-1.2421334116
-1.0697074694
-1.3448018417
0.3341567046
-0.8327246032
-1.4242177390
0.4125700359
1.6639046377
-0.4745754692
1.3410118806
1.4161284064
-0.3566447993
-0.9606678205
0.3909606253
0.5206228942
-0.7600932848
1.2814007258
0.3799234453
0.6402924155
0.4145630520
-1.1114408498
-0.0473608494
1.5614714123
0.8276516411
0.1896248195
0.0555078783
-0.4478144885
0.3991281585
0.6308399032
0.6862596285
-0.8659664243
-1.1810831697
0.5861842151
0.0365751063
1.2988981219
-0.1925865480
1.5750565476
-0.4517614151
-1.9353064430
0.9716684489
0.1809127371
-0.7052552714
-1.6227803634
0.7466884813
-1.6090064489
-0.4792188590
1.3532662359
1.1006366685
1.2613482843
2.2243770193
-0.2490973963
-0.3928881647
0.9121220851
-0.6842339213
-1.4396554072
2.1553357536
0.5337714469
-1.7360176262
-2.1851040076
0.0719406382
0.4969309704
-1.2674538039
0.8994030439
0.5230409157
1.5451479929
-0.9407630779
1.0881566115
0.5167553579
0.4343841769
-1.3969843094
0.8014969439
-0.5954917173
-0.4185673004
-1.5097594836
-0.4489436609
2.4540892074
0.0619686591
1.1393193400
-0.0861906748
0.8825187243
-2.0712723219
-0.4599337776
0.8801344998
-0.6661830038
0.4189332220
-0.9687188701
-0.2871240274
1.6841059751
1.0048954438
-0.2784854686
1.9399473710
-1.2749888158
2.4296176690
-0.9668927412
-1.3181461153
-0.2974141715
0.5296777122
-0.9500043520
0.7986849065
-2.5921900144
-1.3186318774
0.3416378574
1.6427577491
0.5762170304
0.0412833231
-0.5257940319
-0.1121853085
0.2737862237
0.1477537920
0.1215878909
0.6285810321
-2.2246024379
-1.4822448139
-0.1002027861
0.9567487864
1.0033473185
-1.6000243561
-1.1183719123
-0.5191097680
-0.6570430497
-1.2749282428
-0.7164890360
-1.3942646275
0.4259163641
0.6101518048
1.0666216003
-0.9330685114
1.1700237100
-0.1006491808
0.7887530923
-0.2763604406
1.1459736081
1.6486803906
1.2357666155
0.1837852203
-1.5492305940
1.2229465906
0.8079566359
0.6513596387
0.4889861424
-1.1311401370
0.4861459319
-1.0978149704
0.5275028736
-0.8628983600
-0.5909801050
0.8320215508
-2.6599339004
-0.0494179275
0.5096973655
1.0099395904
0.9639050729
-1.1374061640
-1.3497211948
-0.6877311481
-1.8707197288
-0.8410896690
0.1916926655
1.1728467797
1.7433255401
1.5955879548
-1.9769618603
0.3143987270
0.9149219863
-1.1995000729
0.1053144584
1.6404435502
1.0413248180
1.2391950548
0.1788321881
-0.7279625656
0.9652731996
0.7390370737
0.8353150532
-0.1373685468
-0.1228143445
-0.0523859204
-0.5825300756
-2.2384769118
-1.8475633722
0.6823837273
0.1554323218
0.3118764624
-1.4777581967
0.8135434238
0.6872651474
-0.5859386548
-0.0414347789
-0.4652739612
1.2773232216
-1.8057767455
-2.5042389905
-1.9989348686
2.3671288663
1.5156086175
0.3903970621
-0.3203380905
2.3166267827
0.0285650056
0.2217027510
0.6748580210
1.0294453567
-1.9495521421
-0.7759229491
2.0803826092
0.4402529145
-1.0272833032
1.5703118193
0.2359699394
0.6228649431
0.8534002113
-0.5317787558
-1.2237734159
0.1230902514
-0.2461007113
-0.0419674263
0.4880561279
-0.2241437597
1.6464438975
-0.4664765937
0.6232918508
0.4825937498
0.6970742222
1.0421882993
-1.3072061353
-0.4221414052
-0.7932035408
-0.3806586459
-0.5465899760
-0.4505960780
-0.0617278729
0.2491262480
-1.4954792298
0.1621539621
-0.0144885312
1.3653667722
-0.1917111630
-1.6678262013
-1.1772525376
1.3804012543
-0.4083416036
-0.9990756992
-0.8851583776
-0.4604434534
2.5630135222
-1.4997895974
-1.0274083110
0.8904007277
0.4799634088
0.0312608764
-0.2700251994
0.9310795040
1.3939697823
-0.2610053306
0.2329550273
1.5937569848
0.1230196921
0.9017442957
1.0572680551
1.9138004119
-0.2900057784
0.0786667161
-0.2669235472
-0.8667210022
0.4674534333
-0.5906173436
-0.6673612343
0.0356726652
0.3101721007
-0.3663038773
-0.6924137383
-1.5060027352
-1.6205210281
1.6021617929
1.4656087914
0.2678459693
-0.6615098225
-0.7445416824
0.1104387424
-0.9048286577
0.5232931433
-2.5911823619
0.9020080515
0.3374795241
0.3866034717
0.6166052565
-0.5192161596
1.1897252247
2.4789749813
-0.7373008138
0.8382302424
0.4187045066
1.1494512329
0.2535006924
2.3703647870
0.0001661818
1.0501343212
1.2333630637
1.0148813415
