15 3 0.15
34 0 5 1 4 1 5 1 6 2 1 2 2 2 3 2 4 2 5 3 1 3 2 3 3 3 4 3 5 3 6 4 1 4 2 4 3 4 4 4 5 5 0 5 1 5 2 5 3 5 4 5 5 5 6 5 7 6 0 6 1 6 2 6 3 6 4 7 3
28 0 0 0 1 1 1 1 2 2 0 2 1 2 2 2 3 2 4 3 0 3 1 3 2 3 3 4 1 4 2 4 3 4 4 4 5 4 6 5 2 5 3 5 4 6 3 6 4 6 5 7 3 7 5 8 3
36 0 6 0 7 1 2 1 3 1 4 1 5 1 6 1 7 2 2 2 3 2 4 2 6 2 7 2 8 3 0 3 1 3 2 3 3 3 4 3 5 3 6 3 7 3 8 3 9 4 1 4 3 4 4 4 5 4 6 5 3 5 4 5 5 5 6 5 7 6 6 6 7
2 2
3 0
5 5
0 0 0 0 0 0 0 0 0 0 0 0 0 0 0
0 0 0 0 0 0 0 0 0 0 0 0 0 0 0
0 0 0 0 0 0 0 1 0 0 0 0 0 0 0
1 1 0 0 0 0 1 1 1 0 0 0 0 0 0
0 1 1 1 1 1 1 1 0 0 0 0 0 0 0
1 1 1 2 2 1 1 1 1 0 0 1 1 0 0
1 1 1 2 1 1 1 2 1 1 1 1 1 0 0
0 1 2 2 2 2 2 2 2 2 0 1 1 1 0
0 0 2 2 2 2 2 1 1 1 1 1 1 1 1
0 0 0 1 1 2 1 0 1 1 1 1 0 0 0
0 0 0 1 0 1 0 0 1 1 1 1 1 0 0
0 0 0 1 0 0 0 0 0 0 0 1 1 0 0
0 0 0 0 0 0 0 0 0 0 0 0 0 0 0
0 0 0 0 0 0 0 0 0 0 0 0 0 0 0
0 0 0 0 0 0 0 0 0 0 0 0 0 0 0
-0.8161816662
0.5579709874
-0.7199256802
-0.2615338292
-1.0267793772
-0.5258468546
-0.5508421965
-0.6631259866
-0.9013753971
1.9034777401
1.6968379468
1.3610470330
0.0966552359
-1.2609694915
-2.4158995933
-1.0229712122
1.6822278271
0.5977383234
-0.1826134742
-0.7113432556
0.3273790648
-0.7577115843
1.3216688482
-1.9628361761
-1.7601747169
-1.2559889323
-2.7879813380
-0.5663125281
-0.1098310222
0.4821010270
-2.2487511602
1.7508971418
1.4537518036
1.0223217543
0.5554817258
0.7283461685
0.0398933058
1.2611097601
-0.1007508788
0.5508235963
1.8330360110
2.3537741399
0.4396466614
0.4114657472
0.0676861964
0.2497657833
1.3094262455
0.7407024103
-0.1020150315
-2.4513760373
0.1580948401
1.0631926696
-0.4030281468
-1.4098971816
0.1116338785
1.1596213092
-0.2458138578
-0.9645405177
-1.8324793597
1.0816585372
0.7118146558
0.3416458811
2.6899199629
-1.9700201229
-0.3531127389
-2.0323173338
-0.9149723699
0.2643788193
-1.5472395666
1.1035893980
-0.0907103334
0.1468358902
-0.4087354727
-1.0102379803
0.0639750283
-1.4414440797
2.1915809678
0.9230844264
-1.3051905178
1.1109119975
0.9909147758
0.3919444702
-1.7885272441
1.4310790048
-1.7764902606
-1.0734215024
1.4951365719
1.6458369478
0.1775671589
-1.8693993157
-0.7668018901
0.1822194459
0.5993226634
0.5672917108
-1.3947743700
-0.2542426519
0.9554558152
-0.8512793501
-1.6809910892
-1.0980531789
-0.3210275509
-0.0902366432
0.1773144527
0.3976697812
-0.1770227450
-1.8189856944
-0.4183530844
-0.4891752011
-1.2907010929
-0.5200973659
0.6332977559
0.2588648933
-1.5183828702
-1.5459023336
-0.4006183251
1.3630611200
1.2716717767
-1.2167588954
0.6015692232
0.2711658858
0.9668318748
-0.6345176484
2.8433251107
0.3363296174
0.0793355293
1.1255036124
-0.8999765049
-0.4183386783
-0.2723859459
0.1565305670
-0.8997372622
-1.1390861314
-2.3740155658
0.7127057742
-1.2340167235
-1.0932500260
0.5722254998
-0.5185748310
0.9449824736
1.3156086888
-0.5788126683
0.0226734667
-0.1001109307
-0.2022523695
1.2461132113
-0.2812604371
0.5190743290
-0.4168240605
0.9033337322
-0.1097865790
1.4530251933
-0.3492801045
-0.5856848271
-0.3368560228
0.2299882938
-1.5893997273
-1.4405891116
0.3515950819
0.1978923733
-0.1724174264
-0.0975924378
0.1973710897
0.0935688882
-0.9469175021
-0.1593239016
0.0116195126
0.8207698322
-0.4794061565
0.0701020585
0.3774461635
-0.0828413618
-0.6953793028
3.0565531794
0.0512194616
1.0142579748
0.8390676087
-0.0151731108
0.7981824452
-1.5474343073
0.2614682188
-0.9441389147
-1.0785385498
0.5210320563
0.3048921490
-1.5149936131
-0.5507882847
0.5588736292
-1.3433078174
0.3387153385
-1.5441898690
-0.3730318051
0.1670199385
-0.0275392165
-1.5584356969
0.1605086535
-0.1484124501
-0.2687308198
-0.6015390150
-1.6259006703
-0.2872269225
-0.9277162859
-0.2599813072
-0.4819968763
0.5888160206
1.3503556385
-1.2056788224
-1.4065566653
-0.2911141903
-0.7991935889
0.4154189036
-0.9584907806
1.3453023710
-1.1278425188
-0.2145055779
0.8073396528
0.6579792232
-0.5967979307
1.2618608389
0.5652985232
1.1392343522
-0.9537664162
0.0142149422
-1.6660102682
-1.7950902704
0.6830799656
0.6585404126
1.0723489412
-0.6640894830
-0.8404934078
-2.5296494729
-1.1127514601
0.0937622547
-1.9042228620
-1.1090743584
-1.1668404720
0.9169633057
1.4907699353
0.0926883051
1.4048249618
-1.7143252443
2.3113090571
-0.9181626489
0.6801887187
-1.0637950581
-0.0014458579
-0.9852982017
-1.5011837114
-1.3159039908
-0.0706731727
-1.9415603184
0.1423895581
0.9349481526
0.2649268414
-1.5714396384
-1.5289929389
0.7924553658
-0.1539938627
0.5262343355
-0.7077152296
-0.9293483425
-0.4497079676
-2.8065845433
-0.2650853079
-0.6513138169
-1.8994716973
0.1422248641
-0.7243415943
0.6171899492
0.4822587524
-0.9038596825
-0.9466733694
1.7041834920
0.2009108772
1.5061077358
-0.7859542206
0.6119363595
0.5526353464
-0.5090217130
1.3505749101
-1.2060263842
-1.2911418940
0.9432043923
-0.3598977066
1.3778228476
0.1588358191
-0.7207120842
1.1414682825
0.8367496399
-2.1577118644
-0.7611612023
-0.8641138698
0.1772138763
0.3066893997
0.5941457370
1.9900116691
-1.5654546368
-0.9758520515
-0.0848386120
-0.0946416208
0.1363900155
-2.0206715319
0.4266986849
1.0588863448
0.3460510124
-0.0297507163
0.2021948860
0.0599289175
-0.6789268885
-1.0131183608
-0.8989210425
-0.6326694321
-0.1665542661
0.0625130401
-0.5941111494
0.6308143694
0.3811542283
0.0281456198
-1.6336738195
0.3642186454
0.2235100595
-0.1430117140
0.8691607503
-1.7183481608
0.1323740480
0.4015396865
-0.9726574111
0.3888546921
-0.6426774625
1.0549327568
0.3832466924
0.4661679123
-0.3892395508
-0.8762031328
-0.1075330037
-1.1035284077
-1.4461714193
-0.3149455413
-0.1628088461
1.2650581910
0.7602688034
0.1723954163
-0.1621422542
-0.3266393083
-0.3107410860
0.2932162379
-1.6242968230
-0.9561647999
-0.5578337734
0.7469199772
0.1494210793
1.3837541005
0.3478660382
-0.4181146527
0.0499526453
1.6164915608
-2.1099746729
0.0900128520
-0.8645236749
-0.5873987023
-0.3867920649
-0.5575504021
-1.0500032770
0.0700721489
0.4190837302
-0.9530184265
-1.2329798213
-0.6687819481
-0.1850445540
-1.4368374629
-1.1868894532
0.0611914604
-0.0557949783
0.0783401620
-0.7924022939
0.4808267705
-0.7099021251
-0.9052447091
1.6020933784
-0.2893583252
-0.8639900803
1.0924582656
1.4871556152
-2.3773600489
-0.5699351278
0.8465302446
-0.5938349689
0.9601367535
0.1557899808
0.1206722843
-0.4494588472
0.4295801756
0.8877153134
0.2620309065
0.2658591842
-0.1148319139
-0.9778759344
-1.7423233498
0.0786558335
1.6525994321
-0.5104663810
0.0688811182
-0.4973736843
0.1539104055
-0.2790757841
0.7773743719
0.6049927056
1.4578942897
1.4242253376
0.4986217316
-0.4890478903
0.7025048739
-1.3271806721
-0.6475108332
-0.3721809557
-0.4353080625
1.0842535243
-1.0540425082
-1.5567925955
0.8609624909
1.2669893371
0.6306958618
0.6199067160
-0.3648305905
1.0341742989
0.3736676442
-0.9199464106
-0.9585489091
-0.8209377372
0.7307301463
-2.3997138746
-0.9960261555
0.2940373955
1.5666796200
-1.2628338168
-0.2871594889
-0.3919966380
0.1052564391
4.0571236532
0.6180642586
0.6890163035
-0.9158542956
-1.1948687558
1.1206292122
0.2839649562
-0.1587845456
-0.3431859629
0.1052970759
-1.4106139485
-0.4246707076
-0.9967221175
