15 3 0.10
33 0 1 1 1 1 2 1 3 1 4 1 5 2 0 2 1 2 2 2 3 2 4 2 5 3 1 3 3 3 4 3 5 3 6 3 7 3 8 4 1 4 4 4 5 4 6 4 7 5 4 5 5 5 6 6 2 6 3 6 4 6 6 6 7 7 3
17 0 2 0 3 1 1 1 2 2 1 2 2 2 3 3 0 3 1 3 2 3 3 4 0 4 1 4 2 4 3 5 0 5 1
32 0 7 1 5 1 7 2 5 2 7 2 8 2 9 3 2 3 3 3 4 3 5 3 7 4 3 4 4 4 5 4 6 4 7 5 0 5 1 5 2 5 3 5 4 5 5 5 6 5 7 5 8 6 0 6 3 6 6 6 7 7 0 7 3
7 2
6 3
4 2
0 0 0 0 0 0 0 0 0 0 0 0 0 0 0
0 0 0 0 0 0 0 0 0 0 0 0 0 0 0
0 0 0 0 0 0 0 0 0 0 0 0 0 0 0
0 0 0 0 0 0 0 0 0 0 0 0 0 0 0
0 0 0 0 0 0 0 0 0 1 0 0 0 0 0
0 0 0 0 0 0 0 1 0 1 0 0 0 0 0
0 0 0 0 0 1 1 1 0 1 1 1 0 0 0
0 0 0 1 2 2 1 1 0 1 0 0 0 0 0
0 0 0 1 2 3 3 2 1 1 0 0 0 0 0
0 0 2 3 3 3 3 2 1 1 1 0 0 0 0
0 0 1 2 1 3 2 1 2 2 1 0 0 0 0
0 0 1 2 1 1 1 1 1 1 0 0 0 0 0
0 0 0 0 0 0 1 1 1 0 0 0 0 0 0
0 0 0 0 1 1 1 0 1 1 0 0 0 0 0
0 0 0 0 0 1 0 0 0 0 0 0 0 0 0
1.0915303451
-0.8416213606
0.1697422128
-0.8010285673
-0.2076720284
0.2751955863
-0.6214696450
-0.2564393171
1.5222207528
-1.8989829389
-0.0324742965
1.5429114095
-0.7076206451
0.0316852445
0.6196085113
-0.9226419664
-0.8678784422
-1.7916153562
-0.1805313379
-1.3605466969
2.6081381053
-0.4188984412
-0.8684630083
-1.8027945214
0.0739274800
-0.3261655947
-3.4042357014
-0.4117442315
-0.8871950761
1.3375671119
-0.7553856120
-0.3039191343
-0.9313205001
-1.3991222092
-0.5136174831
-1.0958427652
2.1557635688
0.9303215670
-0.6705241105
-1.3336963276
0.5152398264
-0.5923982675
0.6732265097
0.9857245181
0.6615406416
0.7173131974
0.2942761036
1.3985318965
0.0447567428
-0.1129276928
0.1894036154
0.1639484012
-0.4197722183
1.4095836141
0.5731187349
-0.3270909280
-0.2337020933
-0.1175422971
1.3062850369
2.2842705875
-1.3183627700
-0.5335176969
0.0547866017
-0.8718877428
-1.2143155255
0.9652919339
0.8359309054
0.4273637089
-1.6101698950
-1.1129606934
0.8908704950
-0.9335845407
0.8262710875
0.4490514281
-1.3444918980
-0.3836927426
0.3977085700
-1.4053552918
0.7449906396
-1.5374715867
0.5503197548
0.2748537928
0.4656250146
0.5564969645
0.5738444962
0.8475372909
0.4143708079
-0.9031468201
1.6090563206
-0.5536907581
-0.1922194112
0.9478087168
0.9881899415
0.7507890718
-0.1623423298
-0.3021185408
-1.3239830567
-0.2228849058
-0.4408331020
1.5774278013
-0.3542173633
-0.3301974123
0.0154525602
1.6313762629
-0.1920232687
0.3111254865
0.6333919139
-2.0593370505
-0.3335667764
0.3739263114
-0.3285109301
-1.4345421131
1.7437639284
0.3312252133
1.8078124107
1.1804169683
0.3992735346
0.3523020103
-0.4995326447
0.5381182894
-1.3754260237
0.7791545201
-0.5043084588
-0.3374823573
0.0990433016
1.2658812119
-0.1205474749
2.9719048884
3.6705188869
-1.5191504154
-1.0175794932
0.0858228225
2.1412220982
0.0296078112
-1.0643843220
-0.7591672078
2.0781073762
-1.5050256291
0.8252247015
-0.2421133309
0.5388454811
0.7162010644
0.9881566422
0.6598238356
1.1838273043
2.1824107593
0.6159854014
-0.4297550757
-1.0409252966
2.7315021444
-0.2707624616
-1.1250240821
-0.9282840883
-0.2150959102
-0.2189590558
-0.6308309068
0.4216603814
1.4687482420
0.7586573005
-0.3723047176
0.5091729005
-0.7639713161
1.0860314652
-1.0680560742
-0.0531844695
-0.7248160881
-0.0158976043
-0.2542549302
0.0558040153
-0.9829104140
0.0066952163
1.0160195101
-1.2229315437
0.2632310094
-1.0346611677
1.1815031971
0.6564423401
0.0357393384
-0.8679796018
0.9005075974
0.5345957125
-0.0541694121
0.2404238712
-0.3887241322
-1.4131886375
-0.4034149669
-0.8119531200
-0.2523787667
0.1354888884
0.5097674643
-1.0818522365
-0.3726598398
-0.8055683304
1.2497466204
-0.9525270135
-0.2269849981
0.8253111573
-0.8362891237
-2.3976079569
-0.7527274713
-0.3121796330
0.7207119743
-0.8379530139
0.6228848746
0.3403738870
0.0313123575
-0.3324626509
0.9447614382
0.9748980146
-0.5347506300
-0.3236687790
0.3749191259
-0.5735263516
0.3834786484
0.8190156191
-0.3842645095
-0.7585153133
1.3784536057
0.9944988957
0.8787511418
1.1618147604
0.8252416526
-0.9353089156
1.9112044911
-2.1407715979
-0.6163888595
0.3094995257
-1.4506036697
0.9727007251
-0.3403384332
-0.9409329017
-0.3088554127
-0.5501259919
-0.3718352388
-1.4547464176
0.2902301039
1.5820941612
-2.4592847357
0.8855672278
-0.3974983338
-0.4208918625
-1.9044822945
2.1326925137
-0.7331446884
-0.1974434794
-0.9281304323
0.4116856843
-1.7950656271
-0.2456418160
-0.6840307912
1.2963775265
0.3467944662
-1.0634943993
-0.3649010839
-1.1749136193
-0.7128263641
-1.0085061479
0.2558663113
1.9495657822
-0.0265596809
-1.3942891973
-0.2708815647
-0.0542021010
-0.1327385130
0.4614838526
-0.2558383249
1.0402556912
1.1476372798
0.5347383155
-0.3894273010
0.7586028909
-0.7637901547
-0.4390581178
-0.1799962797
0.2650196638
-1.9720558422
1.0034754860
-0.3204676417
-0.8844453426
-2.3858952452
-1.6729059848
-1.7084587153
-1.3653725140
-1.4081790996
0.8594045923
-0.1464140475
0.5494973326
-0.6396013927
-0.0615592138
-0.3641303053
-0.3026108069
0.3321566506
-1.0773616448
0.0593319183
-0.2378809594
0.6269550774
0.7795191427
1.1215385084
0.8236386571
1.0523211245
-0.1597230885
-0.6449016716
1.0096311456
0.6262227026
0.3072920425
0.1224902494
0.9500513075
0.7187282691
2.0680346803
1.5439522811
0.2023039317
-0.4848678085
0.0621805795
-0.6674996783
1.1116947816
1.2016135783
-0.1799805102
0.2645516479
-1.1567364056
0.4265717435
-0.1164052729
0.7276208509
0.1705391531
0.0858764411
0.4785868890
-0.3588496920
0.3326605294
-0.7652822365
0.8076456650
-0.2939490744
0.4962501114
-0.9463456030
0.2501433313
-0.2336794793
0.9817095087
-0.2139920438
-1.1277927405
-0.9671668790
0.2304606239
1.1843364368
0.5454299550
-0.1811713351
-0.7662418141
0.2931270694
-0.5584630050
-0.8006938407
1.2829698238
-0.7325853442
-0.0830733927
1.3691691926
-0.5956863699
-0.6111058252
-1.0736773730
0.0085621045
-1.4108518913
-0.6506874839
0.7957421863
-0.5842010120
0.5291781236
-0.1738489487
0.0652545105
1.3047149418
0.3073238325
-0.9230766766
-0.0659753584
0.7381094182
0.1515463835
-1.0701019407
0.5263442033
-0.0644827802
-0.2685908881
0.7076934482
1.1963034853
-0.6946956931
-2.0437208494
-1.0278988384
-1.0741851382
-0.2011428623
1.4673571756
-0.6645041288
-0.3338263150
-1.3145374502
0.1826808100
1.5956287032
-0.7342694077
0.8488510620
-1.8900824362
0.2427305750
1.3942586142
-0.0393769932
0.8183656263
0.3705101162
-0.3336617942
-1.7303541158
1.1570957888
-0.2132156682
-0.1992124916
0.4924116924
0.2752333718
-0.0678214569
-0.0928873006
-0.5518589967
-0.2778349876
1.4780792039
0.2205815776
-0.8604923772
0.1841620331
-1.0469644282
-0.6863186888
1.2954765605
0.9267935599
0.2160011125
1.3155675212
0.4639945491
-0.4704976432
0.3980481154
-1.8840682233
-0.0531075479
-0.6235490653
0.3219695310
-1.2841598920
-0.9055980148
-0.6979605843
-0.6216044532
-0.0392973827
0.0160343657
-0.7275266882
-0.6951068020
1.1014430110
-0.1847896572
1.1449122180
0.0635539928
-2.2565103111
1.7691513756
-0.2146901967
-0.8528431668
0.8583301371
0.5446798369
-0.0414188506
-1.2320947589
-0.0855490794
1.2742357159
-0.1763526058
0.2357589777
-0.8350686103
1.5456607682
-0.5607335494
-0.7390937467
0.0005507888
1.1001534338
