15 3 0.17
23 0 3 1 2 1 3 1 4 1 5 1 6 1 7 2 3 2 4 2 5 3 0 3 1 3 2 3 3 3 4 3 5 4 1 4 3 4 4 4 5 4 6 4 7 5 6
27 0 0 0 6 1 0 1 1 1 2 1 3 1 4 1 5 1 6 1 7 1 8 2 3 2 4 2 5 2 6 3 4 3 5 3 6 4 3 4 4 4 5 4 6 5 2 5 3 5 5 5 6 6 2
23 0 2 0 4 0 5 0 6 1 2 1 3 1 4 1 6 2 2 2 4 2 5 3 2 3 3 3 4 3 5 4 0 4 1 4 2 4 3 4 5 5 2 5 5 5 6
4 4
4 1
9 2
0 0 0 0 0 0 0 0 0 0 0 0 0 0 0
0 0 0 0 0 0 0 0 0 0 0 0 0 0 0
0 0 0 0 0 0 0 0 0 0 0 0 0 0 0
0 0 0 0 0 0 0 0 0 0 0 0 0 0 0
0 1 0 0 0 0 0 2 0 0 0 0 0 0 0
0 1 1 1 1 1 2 2 2 2 1 1 0 0 0
0 0 0 0 1 1 1 2 1 1 0 0 0 0 0
0 0 0 0 1 2 2 2 1 1 0 0 0 0 0
0 0 0 0 1 2 1 2 1 1 1 1 0 0 0
0 0 0 1 2 0 2 2 1 0 1 0 0 0 0
0 0 0 1 1 1 1 0 1 0 0 0 0 0 0
0 0 0 0 1 0 1 1 0 0 0 0 0 0 0
0 0 0 0 1 1 1 1 0 0 0 0 0 0 0
0 0 1 1 1 1 0 1 0 0 0 0 0 0 0
0 0 0 0 1 0 0 1 1 0 0 0 0 0 0
0.9011835674
0.1661968163
0.8664963899
1.6363691027
-1.0902063503
-0.1722515269
0.5229864185
-0.7192130914
-2.3836649927
1.1111770742
-0.1438698664
0.5756907033
-0.1071493617
-0.3598772475
0.8778926705
-1.4015091080
1.6802214723
-1.2836291452
2.1500950967
0.9371659421
-0.4865116594
-1.0830122787
1.3067415415
-1.2803894089
0.1594517526
0.4397482207
-0.1762913817
1.2563746093
-0.5551671776
-1.4131686146
-0.5568636794
0.4726150347
-0.1967386162
-0.8189680193
0.5127963290
0.0191196644
-0.4874546107
-0.3449418031
2.0736963879
-0.4735430067
-0.5182661813
0.9493616476
-1.0276205839
-0.8840848312
-0.0238458493
-2.0230457912
0.2803523754
-0.6070848381
-0.2806170847
-0.6100473818
0.2774426341
-1.1946418403
1.3795457271
-0.5502074873
-1.7154091856
0.5246041958
-1.5430038809
0.2106406070
0.8719173489
-0.4636707126
-1.5407061463
-0.1748834213
0.4312884687
-0.1784332066
-0.7362442250
0.3398628367
-0.2175323421
0.5222160220
0.3488989264
-0.6359424458
-0.3197866377
-1.0613172549
-0.7908912678
0.1320002719
-0.5469057391
-0.3484729574
-2.2861170426
0.1115276909
0.4731148293
-0.4048221914
-1.8364438813
-0.7197239390
-0.3139455721
-0.0587643738
-1.1005583345
-0.8418781924
0.0804274455
-1.1476760115
1.1806336832
1.6800548693
0.8879681390
0.1984346763
-0.2151166541
0.1598689034
1.1689770929
0.6260731442
1.5723504230
-0.2379271201
1.4357523936
-0.7591711170
-0.2971901368
-0.3891965067
-0.6290387980
-0.0299543850
-2.4163928612
1.6614927306
-2.2723981819
0.1842610057
1.4022232643
0.7522858139
-1.4978132293
0.1774966300
-1.7401807804
1.2255644692
1.5269106689
1.0167622681
-0.5928710443
-1.1317596866
-0.9162249922
-1.8454319805
0.3384236583
-0.6591839695
0.9398551698
-0.1983151900
0.8540554160
0.8804031960
0.5374543916
-1.1440468948
-1.1664839894
1.1643394362
0.3316798552
0.3995484457
1.3101845304
0.1826350559
-0.0752083488
-0.9726890249
1.0386464795
-1.0070042650
0.7877006696
1.2097551033
-1.2838127702
-0.9329468361
-2.7046741505
-0.5813232791
-1.1349688259
0.6081559351
-0.4800092476
-1.7691585574
0.3700862808
-0.9229014038
-0.5402213165
-0.2361528144
-1.0493128852
1.4920390398
0.1888448957
-0.5320711926
1.0109407747
-0.2254987583
-0.9118708402
1.5800460198
-0.4502759148
-1.8180884827
0.3391995945
-0.5717838307
0.2526029986
0.7514875264
0.7114688666
1.0954682070
0.0213448629
0.1931331591
0.8359461571
1.2823712739
0.8202726156
1.6845451586
1.2218924844
0.7094351448
-0.5406991114
0.9950096866
-0.1635962073
0.4140825170
-1.1938608468
1.6619081639
2.1803118497
-0.7388749855
0.5975354352
-0.7687073974
1.4571804475
1.6714211624
0.1414449692
1.9070395659
0.6217041859
0.9020846862
-0.5749665469
-0.5500217307
-1.1226602022
-0.9003374266
0.3529013132
0.8611479007
1.3933302954
-0.1123992157
-0.2899109217
0.1807284821
-0.1676121091
-0.0487196420
1.1459501783
-1.2608787940
-0.4725739918
-0.2023871040
0.1221048250
0.7034005400
-0.2143724019
0.8905376472
1.4649588852
1.1071719832
1.1980387987
-1.7029119798
-0.7813895907
-1.9145511909
0.3379051356
-0.3863224154
-1.7239441821
0.5419020788
-0.8005401421
-0.7202316679
0.6790053541
1.2340690052
1.0412813127
-1.0590358665
2.2452206254
0.5029048608
0.3335723364
0.7636624753
-0.6570419135
0.7671079138
2.2233984674
0.6740883871
0.6022435754
-0.0963814504
0.3443103438
1.0363236491
-1.4267561361
-1.8398449022
0.1406105533
0.1419435421
0.5861528458
1.1553242064
1.0893679250
-0.4740496654
-1.8084677347
-1.3196261721
-0.4800745897
0.0579537439
-0.0011997851
-0.7019266912
-0.1351309911
0.6081608135
1.2189606411
1.6097732530
0.1606696049
-0.3630935595
1.4373822777
-0.5429885953
-0.0016947215
0.3845209451
-1.9501651718
0.4154552454
1.0038834569
-3.0486530475
-0.8726108824
0.8734674282
1.5530330535
-0.9175688743
-0.0398581746
1.4314108176
0.2863596320
0.3154960854
-0.1972425205
-0.3994233856
0.2891932930
0.2531162462
-0.0292008226
0.3560620607
-0.8250603961
0.8249961595
-0.4965329126
-0.1841441265
0.3159128833
-0.6831295279
-0.7032439224
0.4428339682
-1.3537776064
0.8419020276
0.2657331491
0.8331048019
0.9666819753
1.3775795229
1.7379199127
-0.9271228581
-0.2174460444
-0.2179323021
-0.4052656225
0.2937218118
-1.7141772478
0.2007551672
-1.8046766567
0.2715158726
0.2338512438
0.5699316361
1.4827077648
-0.5867284443
0.0171832564
-1.0770982438
-0.1766942774
0.7702017622
0.9159935871
-0.1816471270
1.5137988080
0.2806961258
-0.5436273726
-1.0219102092
-0.0848972633
-0.9273914612
-0.7778344795
0.4013321619
-0.9218376422
-0.2390707315
0.0135528515
0.2378571714
-0.5266457047
-0.6400671870
-0.0183998510
-0.0603577457
-0.5318185485
-0.7099662087
-0.2866438590
0.1711840585
0.8047193352
0.0975785546
0.2873487899
-0.0420266263
-1.1716309992
0.7426685657
-0.5847707950
1.9598855276
0.7713355628
-1.6419211651
-0.0182209340
-1.7289376240
0.7075430524
-1.6281394323
0.4779996294
0.9110269062
-0.6127332643
-1.2315449606
1.1830687257
0.6822204399
-0.9105793885
1.1263758345
0.0738796354
0.7840514250
-1.2227273200
0.6334874935
-1.5151163466
0.4775488084
-0.6598100136
-0.1085991124
-0.4103843725
-0.3075701096
1.7750791389
-0.2030471081
-0.9786452818
-1.3608449164
0.5084021071
0.0184671472
-1.5134954987
-1.0894170400
-0.2942234427
1.9424680592
-0.6965598210
1.5420021425
0.6113168797
1.2681801597
-1.2145073355
-0.4953828320
0.6458917060
-0.0831575845
0.1186405990
0.3930747125
2.2555728673
0.8430383154
0.2043829215
1.9194557358
-1.1443962518
0.0980659191
-1.1289761951
-0.1806377464
0.2182387171
-0.3397481299
-0.1151816476
-0.6354440747
-1.2301768943
0.6588812908
0.1740881834
0.0104951144
-0.7905656787
0.0691750318
-0.6195834030
0.4213488359
-0.8551339876
-0.6744167517
-1.9191367436
-0.6149903707
-0.2268708960
-1.5144827052
2.4589381185
0.0313083364
-0.4135206292
0.1542050576
0.4845722179
-0.5096821228
-0.3007105042
0.3907076251
-0.1252437949
1.1798346748
-0.9713418280
-0.9481452565
0.9704121344
-1.1252591299
0.7701300719
0.8179312215
-0.9434758866
0.5482033147
1.4129070650
-2.3104144537
-1.5695607158
0.4398229910
0.4390581691
0.9208045369
-0.7475101625
0.6844191021
1.1847147547
0.8001026366
0.1505846013
2.0953789366
1.1877270607
1.3355081242
-0.2584583069
-0.0265494437
1.0249475290
-1.4418515917
