15 3 0.20
21 0 6 0 7 1 3 1 6 2 3 2 4 2 5 2 6 3 5 3 6 4 2 4 4 4 5 5 0 5 1 5 2 5 3 5 4 5 5 6 4 6 5
14 0 4 1 3 1 4 1 5 2 3 2 4 2 5 3 2 3 3 4 0 4 1 4 2 4 3 4 4
13 0 0 1 0 1 1 2 0 2 1 3 0 3 1 3 2 4 1 4 2 5 0 5 1 5 2
5 4
2 5
9 2
0 0 0 0 0 0 0 0 0 0 0 0 0 0 0
0 0 0 0 0 0 0 0 0 0 0 0 0 0 0
0 0 0 0 0 0 0 0 0 1 0 0 0 0 0
0 0 0 0 0 0 0 0 1 1 1 0 0 0 0
0 0 0 0 0 0 0 0 1 1 1 0 0 0 0
0 0 0 0 0 0 0 1 1 0 1 1 0 0 0
0 0 0 0 0 1 1 2 1 1 1 0 0 0 0
0 0 0 0 0 0 0 1 1 1 1 0 0 0 0
0 0 0 0 0 0 0 0 0 1 1 0 0 0 0
0 0 1 0 0 0 1 0 1 1 0 0 0 0 0
0 0 1 1 1 1 1 1 1 1 0 0 0 0 0
0 0 1 1 0 0 0 0 1 1 0 0 0 0 0
0 0 1 1 1 0 0 0 0 0 0 0 0 0 0
0 0 0 1 1 0 0 0 0 0 0 0 0 0 0
0 0 1 1 1 0 0 0 0 0 0 0 0 0 0
0.5599599094
0.4295148581
1.4894780835
0.1401133910
0.6667671397
-0.3783058744
-0.0689591190
-1.3386255096
-0.6158778082
1.4759335658
-0.9226868983
0.1920364304
0.4940409780
0.2453936520
0.3513233038
1.3978109558
-0.1133022173
-0.0937195296
-0.0746476162
-1.2577988745
-0.0667377671
0.8398558315
-0.1865452333
0.2283114859
-1.0261142585
-0.1249097847
1.6722682221
-0.9980573074
-2.1691373067
-2.3548595033
-1.1027293881
1.1563061793
0.5503960727
0.2953298607
0.9989187396
1.3099711658
-0.3119264341
-0.6906116804
0.2703094213
-0.4439609994
-0.4403602419
1.2199642765
-0.5977195107
0.2629238540
0.8907042994
-1.1514250027
0.2082378013
0.2323961230
-0.3684234147
1.0457077954
1.0164947015
-1.1458094886
0.6854304939
1.0879965711
0.7385283162
1.0541145413
0.0141751412
0.5810153549
0.0146474056
0.5436927790
-1.3750842414
1.7577828402
-0.1417147792
1.1789844806
1.4305275009
0.9787208224
0.2181628685
0.1778348860
0.1715458834
0.1278420071
0.5965581372
2.1413435712
-2.3595378243
-1.5699051052
-0.4986552819
-1.8840974746
-1.1266054811
1.2739222872
-0.0741917012
0.2647747790
1.3785539922
1.8275388095
1.1191669896
-0.3783345261
2.2654534399
-1.5666966771
-1.6838277382
0.9770046854
-0.0631198309
-0.7173015458
-0.9193551673
-0.2162658866
0.2329233530
-1.1491017510
0.1354358928
0.4656211307
-0.8517065797
0.8084086160
1.3824470643
-0.5787240435
1.1659006218
0.4934569598
0.6464162359
1.3521994422
-0.6532558927
1.3874930897
0.2056835047
-0.7102313422
0.8835733474
0.1075923522
-0.7214145111
0.4750183507
-1.5096663958
0.0197628942
0.0333751146
0.7680431281
1.1317082196
2.0330723404
0.0741294433
-0.4701343727
0.0197067194
-0.1772855508
1.8613367529
0.6542064456
-1.1958181630
1.0789059843
1.8668580070
-0.1563160691
0.4423127345
-0.3905421899
-0.0785666993
0.7127513312
0.9094392239
-1.2874319394
0.0684771187
0.1821466032
0.9510232838
-0.1606377607
0.1602862070
0.5776667525
-1.8961213657
-0.7708235358
0.6181200050
0.6976738119
-1.6417421127
-0.1990584724
-0.1111589933
1.0777362078
-1.2023430228
0.3852583818
-0.2496675374
-0.0945643344
1.4250346554
-0.8948413472
-1.6738591919
-0.9980544986
1.2943131302
-0.2320364305
0.2775133593
-1.1907376611
-0.1676619329
-0.0787072707
-1.0276227088
-0.0433409552
0.6359169183
-1.2561609043
-1.0667178400
0.1011895178
-0.1358657509
-2.3407996156
-1.5594917884
-1.6412465599
-0.4619355302
2.0623458773
-0.0415280586
-1.7578304640
-0.0875585997
-1.2569348738
0.2908161863
0.2582962589
2.2457677159
0.9735377102
0.4980038715
-0.3529213500
-0.9254975552
-0.7840286327
1.9145185527
-0.3175701500
-1.3082456170
-1.2382133020
1.5667783131
-1.8726930137
0.1676365533
0.1344816469
-0.9565406080
0.7653190097
0.7300998625
0.0656560357
-0.6574767715
0.1726785797
0.4720120846
-1.1925225589
-1.3490756083
0.1043107448
-0.8886263285
0.4947500954
-0.0592601481
-1.6943520871
0.6189148356
0.2489305188
0.7115496342
1.5038833789
0.9095933957
0.2538304435
0.4921655996
-0.9255420377
-0.3765195116
1.0672468949
1.0944515200
-0.9855692272
-0.8210207004
-1.5444754602
0.1579453230
-0.7714658382
-0.4196277166
-1.3797481323
-1.0090086321
0.9239568090
0.3545997743
0.2364968091
0.1011686015
0.5253835138
0.0280261251
-0.0010356951
0.3570314403
0.0278706772
-0.0835594446
-0.7451102932
-0.2354821886
0.2414814537
1.4631528014
0.6001044728
0.0125710789
1.1818370057
1.0589601212
1.3152520302
-0.8700040841
-0.1001089540
1.3305483575
-1.5870633230
1.4154586233
-0.1738946852
0.4363500429
-0.1423824506
0.6687354930
-0.4803899307
0.1200679715
-1.3651396749
0.7661768794
-2.1138428679
-1.6218184393
-1.3881298502
2.2266521239
-1.9209804324
0.8117334388
-1.2883262778
-0.0792772427
-0.3493963131
-2.4452735156
1.3896783248
-0.0466256969
1.6092336969
1.7426467230
0.5023246018
0.3126868593
0.3098596461
-1.3420790730
0.6043236521
-0.9057127392
-0.8444078655
-0.0035601508
-0.9167028923
1.3043036262
0.0508105618
-0.3121062122
0.0960057796
-0.5643562515
-2.0482524655
1.2541511423
0.2368331448
-0.9137873783
-1.7986923958
-0.4356473185
-1.2653425684
1.6913253710
0.6787596489
1.1149296287
0.0303893447
-1.2087260303
0.6817125795
1.2228334524
0.1049159421
-0.9037390645
-0.1421420324
0.6132020532
-0.8720548493
-0.2096779022
0.3243869563
0.8265164774
-0.3239140740
-0.7722996924
-0.3354773142
0.7907086509
-0.7612865319
0.0982613224
-0.3147715996
0.6273898052
1.2670031640
-0.3526874039
1.0695889719
0.5678384516
-0.2905307934
-0.4977841009
0.3245451531
-0.0740165411
0.1679397119
1.0961649168
1.3667438345
0.2586944921
0.7443918088
-1.0922207965
1.0335281908
-0.2931866443
-0.4767527064
1.5820772503
2.0209193768
-0.2373265035
-0.5347133891
-0.0997528941
0.3667179696
1.6578772694
-1.0467022212
-0.4006928366
0.9619191446
-0.8749965177
0.6539536878
1.7062997512
0.2079999537
0.9733844788
0.9825342554
0.1095057473
1.1589969485
-1.5079802759
-1.2319959351
1.2575888708
-0.4442451206
-0.1996918284
0.7513168394
0.2903931328
0.7843551845
0.7423697860
0.8210621588
0.1108236788
2.2942144951
0.2299986065
0.6678486788
-1.4771052770
-1.6660731828
-0.4236448927
1.4286643978
-0.6390982679
0.4872102047
-0.5670449416
1.6956415406
0.0811276533
0.3426837074
2.0881572048
-1.5022980976
0.6806128800
-0.2712560490
0.0282060395
1.6264164656
-1.0286903700
-0.6162437458
0.4613535630
1.6147574159
-0.2502053126
0.5632024472
0.3529685611
2.2533310267
0.8560026191
-0.5104026766
-0.8673209239
-1.6860090120
1.1987318301
-1.0581554510
1.2561190393
2.3964085443
-0.4208659720
0.1986948310
-1.6851438671
-0.9208701134
2.6332396431
0.0402999601
-0.6603106276
-0.5833953099
-0.7599160037
-1.4609445707
-0.2415446421
1.1583235972
-0.4740033943
-0.2094727729
0.6918737594
0.0892522628
0.8731347664
1.9572705376
-1.0924807212
-0.6608728342
-0.5161100147
0.5742564078
-0.1622676041
0.9438998095
0.9184859446
-0.1007746647
2.4526374078
-0.3236507891
-0.4079426589
1.1691539664
-2.0991130853
0.9995184434
-0.2679654377
1.0582825235
-2.0789936079
-0.5157406420
0.3142563009
-0.2420204802
-0.6130847642
0.1867963781
-0.8883092796
0.7229387823
0.2882019029
-1.0499669196
1.5333493713
0.3197163387
0.1102284913
0.6060843527
-0.6988562527
-0.4262624447
0.1179056756
-0.4708975407
