15 3 0.12
24 0 5 1 1 1 4 1 5 2 1 2 2 2 3 2 4 2 5 3 0 3 1 3 2 3 3 3 4 3 5 3 6 4 0 4 1 4 3 4 4 4 5 5 1 5 3 5 4
23 0 1 0 2 0 3 0 4 1 0 1 2 1 3 1 4 1 5 1 6 2 0 2 1 2 2 2 3 2 4 3 1 3 2 3 3 3 4 3 5 4 5 4 6 4 7
49 0 5 1 5 2 3 2 4 2 5 2 6 2 11 3 0 3 1 3 2 3 3 3 4 3 5 3 6 3 7 3 8 3 10 3 11 3 12 4 4 4 5 4 6 4 7 4 8 4 9 4 10 4 11 4 12 4 13 5 4 5 5 5 6 5 7 5 8 5 9 5 10 6 5 6 7 6 8 6 9 6 10 7 6 7 7 8 6 8 7 9 7 10 7 10 8 10 9
6 4
2 6
3 1
0 0 0 0 0 0 0 0 0 0 0 0 0 0 0
0 0 0 0 0 0 0 0 0 0 0 0 0 0 0
0 0 0 0 0 0 0 1 1 1 1 0 0 0 0
0 0 0 0 0 0 2 0 1 1 1 1 1 0 0
0 0 0 0 0 0 2 1 1 1 1 0 0 0 0
0 0 0 0 1 1 1 2 1 1 1 1 1 0 0
0 1 1 1 1 1 1 1 1 2 0 2 2 2 0
0 0 0 0 0 2 1 1 2 2 1 1 1 1 1
0 0 0 0 0 2 2 2 2 2 1 1 0 0 0
0 0 0 0 1 1 2 1 2 2 2 1 0 0 0
0 0 0 0 1 1 0 2 2 1 0 0 0 0 0
0 0 0 0 0 1 0 2 2 0 0 0 0 0 0
0 0 0 0 0 0 0 0 1 0 0 0 0 0 0
0 0 0 0 0 0 0 0 1 1 1 0 0 0 0
0 0 0 0 0 0 0 0 0 0 0 0 0 0 0
1.4911117939
-2.1580958760
1.6622797365
-0.6259224147
-1.2660341768
0.2559231371
0.3304809150
0.4170362303
-0.4359163328
0.0383255132
-0.2563437459
0.1398890705
-0.5853157642
0.7382464559
-0.9198805187
-0.2436429485
1.5613906374
0.6750284443
0.2135537569
1.5855183583
2.0944931026
-0.4036661156
-0.3507139945
-0.6809836610
-1.3653262529
-0.8826971761
-0.1408638355
-0.6210956491
1.4353747045
-2.1506877409
-1.6491131771
0.4484960073
-0.3962297892
0.3635931308
1.2750824821
-0.2740223430
-0.1044283308
0.5127186339
2.2598658632
0.8031086593
0.3262450066
-1.5141625579
-0.2996551208
0.4970593220
1.3017758931
0.2586766196
-1.5623894211
0.0684105330
-0.5657839759
0.1116754281
-0.8638815492
0.0019375120
0.0974408258
-2.2088672219
1.1515334547
-0.9579995656
0.0447461629
-0.6856994148
-1.2040339737
0.3130465844
1.7406572976
0.0354600870
-0.5036462530
-1.5477136095
-1.2339886983
-1.1393772006
1.1736134263
-1.3055309802
-0.2119054520
-0.7919198173
0.3787527603
-0.2066038432
0.1849876492
0.1530591788
-0.5427442772
0.4693854536
-0.3167101164
0.6723888678
-0.0859869213
1.4097042792
-0.7895743287
-1.7856240560
0.7647682445
-0.7601884893
-0.4907517719
-1.1494414454
0.9211198289
-0.2379566869
0.0173966865
-0.3485005888
0.5211540386
0.6370776614
0.6277106871
-1.0808854431
1.0463278322
-0.7981233421
-0.8821368825
0.1475294998
0.6728258522
-1.5456402579
-0.0730832828
0.3611090211
-0.2223620800
-0.0867466826
0.3416469432
-1.1668570975
-0.3485360486
0.5975438767
-0.4145331498
-1.6881712047
0.3257641394
1.2708852627
0.4140797054
2.2846746369
-1.2414620471
0.7656410574
-1.2273992622
-0.4637356025
-0.7831638258
-1.1377659090
-1.1142827663
-0.1591929501
0.4352858148
0.8589125530
1.0936418778
0.2504390252
-1.3422791687
-0.6921437007
2.4419950532
0.9792300148
0.9111587171
0.3570932462
0.0466349086
-1.8386388662
-0.7485992915
-1.0343959196
-0.2303159427
0.2538248780
-0.6977733341
1.2689060134
2.0711187294
0.3204188139
0.8646397045
0.8303574267
-1.7583785110
-0.2128080849
-0.5196479408
1.0367669435
0.2934233100
0.5087927279
-0.5736878195
-0.5592117391
0.0390993132
0.4735975162
0.2166839026
-1.6849511429
-0.1354219605
0.8606779229
0.6984320703
-0.0691199933
1.2136654649
-0.8453697176
1.4080927109
-0.9940565801
0.6783623796
-0.1983993769
-0.4081200853
0.9758118543
-0.2382225047
-0.5253611565
-1.4950947376
-0.0195065884
-1.4310910364
-0.4105982173
0.2759341041
-1.4770361745
0.0272675867
0.8438124216
2.0872850814
-0.5664413285
-0.3749947713
0.5353106195
-0.6895872685
0.7375886208
-1.2537478283
-1.6328565483
1.6491230516
-0.2377504674
-0.0638654120
0.6423852456
0.5268515114
0.9138932475
-2.2538836125
1.1536893362
-1.4495983341
0.9128923935
0.4702606460
-1.9757371009
-0.8928535670
0.1870357991
-0.6062737798
-0.4768128215
-0.9067429462
0.1109475556
-1.7929536577
-1.5987165440
-2.1177872815
-0.2854638685
0.6032687671
1.1225353202
0.0262606698
-0.9732181297
-1.9683623557
0.6163157870
-1.4950115156
0.3733533885
0.9275770897
-0.0083258947
1.6626950678
0.8659702762
-1.7307645637
1.7557946742
-0.1936004426
0.8037188071
-0.9254650224
1.1586038276
0.0960860574
1.4182570006
-0.3117132890
-1.1789456840
0.4223483394
0.6363939153
1.0134671586
-0.0035595175
1.2408542193
0.2499035596
-0.5871001621
1.0363313558
0.8878481174
-0.4482916485
0.4770512006
-0.9613805478
0.9239075954
0.8082243161
0.2615025546
0.1060334593
-0.4238453694
0.7617039617
0.7656687438
-0.3709087193
-0.5532153225
-1.5494670608
-0.5355195610
-2.3992746677
-0.3773948775
-0.5530589758
-0.3621761124
0.5315808794
0.2600175975
-0.2156769753
0.1774923907
-0.9628775404
-0.7760116793
0.3438091758
1.2770926915
-0.2796237075
-0.6348830454
0.8460769062
-0.1244985212
-0.6468163285
0.4446011826
-0.2283148071
-0.3618249594
-0.2509054616
0.0425664920
1.5765498509
1.4498272242
1.0488890278
-2.0928780543
-0.0333301277
0.9266529645
0.6638072096
1.1992916135
-1.5031992484
0.8070275556
1.6542141552
2.3569571333
-0.9193340970
1.2749919601
0.1661674141
0.9857958469
-0.1801970578
0.6416686205
0.2605671333
-0.2584261017
-1.5409630780
-0.9300063307
0.8355986614
0.4057733652
-0.7184084924
-0.2975744997
-0.0226958118
0.1099448858
0.3827185005
-0.0535657969
0.0635325486
1.0700007378
1.1694668267
-0.8633924148
-0.1611374293
2.1645395379
0.8943140623
0.0149277925
-0.6142701924
-0.1722177637
0.6708330492
0.6511311267
-0.7221161948
1.6715730177
-1.9251449858
-0.7091285577
0.0948807727
1.1550488375
1.7373345167
-0.3085847576
-1.3225387661
-1.2825895058
-0.0747626385
0.3345770103
-1.5899676711
1.6271011891
1.5046298833
-0.2824155087
2.2877776993
-0.7050323583
0.1807020936
0.8261787475
-0.0313974855
1.7867731090
0.3350402367
-0.7616379022
0.0452028425
0.5704706745
-1.5997950891
0.2770932101
-1.5955275582
-0.3065210497
1.3478103513
-0.1391868181
-0.8200036231
1.0508862595
-0.6480109971
-0.3997845731
-0.2468027086
1.0663026148
2.1790336287
-0.1425145123
-0.1612341961
1.3525428231
-0.4841711831
0.3821144708
-2.0737928027
-0.4726320268
0.0601189178
0.2395217756
-0.9482152814
-0.6632180357
-0.2086247441
1.2752067342
0.7122672123
-0.3350348028
0.8028053216
1.1698318983
-0.6915876750
1.1612024987
1.2968011943
0.5766959013
0.9665845317
-0.3700011923
-0.3507901372
-0.0791866205
-0.6853949708
1.1927494665
0.3242833383
0.8791660900
1.8640774647
-0.4690616245
1.7506955094
0.8538233096
-0.0955472843
-0.0966692992
1.0433395786
1.0483051217
-0.1043566875
-0.6402236362
-0.1952568021
1.8330342544
1.8592751812
-2.0475723165
-0.4358577826
-2.1237035528
0.2915089068
0.7759025054
-1.4499250943
-0.0998796499
-0.0292363983
1.6365442240
-0.2476970833
1.0014100387
-1.5114158700
-1.6450568626
-0.5007798636
0.9572155493
-1.2828168643
0.0670030095
0.2735922436
-0.4007249390
0.6066016156
-0.2519982815
0.4865406206
0.8711427350
-1.4137576316
0.2055933916
-0.4525510175
-1.8398886241
0.0698069838
-0.8983081637
-0.3506845742
0.7806424001
-1.8189662581
0.4263252880
0.0845888662
0.5312182742
-0.1894062517
1.2761447228
0.5370447306
1.5773851845
-0.2834931839
-0.3714853579
-0.4182989673
0.1216208720
-0.7474172391
2.5298514896
1.1660034694
-0.3548812547
1.8997972504
-2.4643941597
-0.6448441583
-0.8957242695
-0.1059691491
