15 3 0.15
41 0 1 1 1 1 2 1 3 2 1 2 3 2 5 2 9 2 10 3 0 3 1 3 2 3 3 3 4 3 5 3 8 3 9 4 2 4 4 4 5 4 6 4 7 4 8 5 3 5 4 5 5 5 6 5 7 5 8 5 9 6 4 6 5 6 6 6 7 6 9 7 5 7 6 7 7 8 5 8 6 8 7
24 0 2 1 0 1 1 1 2 1 3 1 4 2 1 2 2 2 3 2 4 2 5 2 6 3 1 3 2 3 3 3 4 3 5 4 1 4 3 4 4 4 5 5 3 5 4 5 5
33 0 3 1 0 1 1 1 2 1 3 1 4 1 5 1 6 1 7 2 2 2 3 2 4 2 5 3 2 3 3 3 4 3 5 3 6 4 1 4 2 4 3 4 4 4 5 4 6 4 7 4 8 5 2 5 3 5 4 5 5 5 8 6 3 7 3
4 0
9 0
4 2
0 0 0 0 0 0 0 0 0 0 0 0 0 0 0
0 0 0 0 0 0 0 0 0 0 0 0 0 0 0
0 0 0 0 0 0 0 0 0 0 0 0 0 0 0
0 0 0 0 0 0 0 0 0 0 0 0 0 0 0
0 1 0 0 0 1 0 0 0 0 0 0 0 0 0
0 1 2 2 1 1 1 1 1 1 0 0 0 0 0
0 1 0 1 1 2 1 1 0 1 1 0 0 0 0
1 1 1 1 2 2 1 1 2 1 0 0 0 0 0
0 0 1 1 2 2 2 2 2 1 1 0 0 0 0
0 0 1 1 2 2 2 2 1 1 1 0 0 0 0
1 1 1 1 2 2 1 1 0 1 0 0 0 0 0
0 1 1 1 1 3 2 1 0 0 0 0 0 0 0
0 1 1 1 1 2 1 1 0 0 0 0 0 0 0
0 1 0 1 1 1 0 0 0 0 0 0 0 0 0
0 0 0 1 1 1 0 0 0 0 0 0 0 0 0
-0.4354072376
-0.0817560648
-0.6526964700
-0.1611698594
-0.1542606989
1.3400815670
-0.6086924427
-1.0977422614
1.3761861801
1.2494089133
0.6424823424
-0.2382971298
2.5276380528
-1.2036110720
0.4679360464
2.0154962901
0.3271127554
-0.4985361347
0.5330783158
0.9403624047
-0.4311413044
0.3184956872
0.9445426102
-0.4343199812
0.8948267469
0.3180983717
1.0464281007
-0.6663603056
1.0561765386
-0.2287530209
-0.6300816781
-1.0420081371
-1.2632430579
0.1592693536
-0.1513202270
-1.2561956463
1.2290122606
-0.7428037298
1.6872203340
1.6879891959
-0.9482957445
2.4668410920
-1.7102329361
-1.5111679519
1.0038047089
0.5834813690
1.0598833304
0.4161414750
-0.7079166850
-1.3681271155
-0.8796378593
0.4872685426
0.3304003971
1.5757729333
0.5723756150
-1.1676376369
-0.3131834072
0.6962445465
0.7401552173
0.6294969373
1.5607711095
1.2621498317
-0.8358053767
0.8549009635
-0.0864261121
0.8390542816
-0.0726509272
0.0112992823
-0.1729794041
-0.0200406864
0.2045912708
-0.8803178797
-0.0738695407
-1.1382310619
-0.5837541088
0.0136770067
-1.4665491936
0.6463847943
-0.0359037886
-0.8184812445
0.3872678810
-1.3668775181
-2.0387547659
-0.1439073582
-1.3598458695
0.7939446414
-1.2687315962
-1.4155143250
-0.7483300513
-1.1665376298
2.2283665082
-0.8207448281
-0.4464375163
0.4727038388
-2.0743828858
0.5589930904
-0.0070857521
1.0245576613
-1.0570072143
-1.2266848555
0.6009594115
1.4656741791
0.5822698084
0.2334357500
-0.0853799927
1.8361039287
-0.4023844055
1.4653244279
0.7443026980
0.9832457074
-2.1738311958
0.7455299005
0.0209538352
0.8251907877
0.0383175074
-1.3087787102
0.2639465671
-0.7762305508
0.0168002239
-0.2569808732
0.5529972058
0.2309211202
0.7515889685
1.3761223793
-0.5880028017
1.1357784856
0.1834034329
0.1371259414
-0.2198153874
-1.3015661562
-1.3237478654
0.5833934780
0.2900667143
-0.0364224892
-0.3388507524
-0.9534511661
0.8291959402
0.8325568286
-0.2507848620
-0.6853446859
-0.1342183988
1.1395975441
0.5869267208
-0.7548331022
0.2814196234
-0.6766549553
-1.5411084582
0.1472251058
1.0001979684
0.3814999266
0.1359965566
-1.3708323883
-0.5673836432
-0.3056746701
-0.8513519089
-1.3237416467
0.6785324658
0.9435216228
0.0434977555
-1.1905898081
1.2640052777
-0.9357053509
-0.4157516903
1.8221576395
-0.5056703575
1.0095805875
-0.1612250729
-0.1048124407
0.5610769261
-0.1292422832
-0.5142589685
-1.2689296223
-0.4951829880
-0.1071666369
-1.0531060919
-0.3645759251
0.2333001512
1.3178665780
1.4970985269
-0.2544972005
-0.4079953348
0.2066588655
1.2254300700
1.1012594351
-0.8990534429
-0.6485299653
-0.5829767719
0.3784578675
-0.4834249526
0.4619854268
-0.6933597826
-1.6833634907
-0.1227277977
-0.7670707570
1.0770270403
-0.7423688064
1.5251064883
1.7344718824
2.8429406110
-0.4670989012
-1.1785319135
0.3687657556
-1.0843957035
-0.1646512083
0.5388816417
-0.3373085099
-0.2082964685
0.7717899984
1.0829273672
0.2963246069
-0.0418055848
0.4490654921
-0.0910751350
-0.4101819210
0.3146117141
0.5668123431
0.1297680857
0.5750260741
-1.0888272043
0.2116164196
1.7198283945
-0.7634153612
0.3374116806
-1.7266426399
-0.7866337695
0.7568045079
-0.0893483077
-0.1863035065
2.4111592730
-1.0398877212
-1.4893593068
0.9418874713
-1.0583898423
1.6691595747
0.5726275545
-0.2555515274
0.4728064567
-0.1325835516
-0.7575555709
-1.5340949662
0.1226910488
0.4790316601
-0.0651060940
0.2890065217
-0.4175394726
-1.4335732877
-0.7597572454
-0.6155989638
-0.8178635667
1.2227351473
0.2393163285
0.3000385179
0.2714405310
0.1484679877
-0.8605868198
0.4765621766
0.7035286954
0.5533387232
0.8721775785
0.2919544694
-0.6753420069
-0.8756245793
-0.0020101009
0.5202138089
0.5092973209
0.1012132581
-0.6024002129
0.6255449703
0.3569513629
-0.8841742397
0.8006990287
-1.1945424548
-0.3724965541
0.1309598391
-0.7077655487
0.7234062581
0.0172919912
0.9411906682
0.0373765072
0.2399259543
1.2922694289
-0.0747171321
1.4399002224
-0.7430212175
-0.8430893231
-0.4441503054
0.1632276658
0.4852224033
0.1740669311
2.1198226674
-0.1186507835
-0.5894409950
-0.7445912075
-0.8402552619
-1.5152217542
-0.6931918519
-0.0824976237
-0.2092751837
0.3627349671
0.4726220581
-0.8142272120
0.0074023267
0.0294171948
-0.4620498488
0.8975119484
-2.3462999260
0.6363225052
0.8093028911
-0.6545224709
2.3171763999
-0.3570388735
-0.2722119771
1.4737349362
-0.6015452940
0.4082272797
0.7471790823
-1.3712763103
1.7347965317
1.2905650214
-0.4288299216
0.7738594085
-0.8771716195
-0.6136490365
0.7669375405
0.5493037022
-0.4624806596
1.4709804574
-0.1324185171
-0.5032747055
1.7599613675
-0.9161790913
-1.8355640034
-1.5228993715
0.6478904032
-1.0339353453
1.0100524375
0.2237639665
-1.0000383302
-1.5053075751
0.0741022738
0.1688444691
1.2994723618
0.6404085291
0.4380388036
1.0703866540
-0.6672205427
1.1644672332
0.0679243072
0.1103841503
-0.8786614482
-1.9438803546
1.0544767721
0.6159848666
0.9910727055
-0.0773657029
0.7948701966
0.1413571512
-0.7416017785
-0.5629749131
-1.5982186081
-1.6339709599
0.5802782863
1.0873673260
0.8325298978
1.5461943616
1.4298962839
-0.7877127904
-1.6774782569
0.3191501844
1.2650507518
-0.1664988468
-1.3777009225
1.0454203655
-0.8337725392
-0.6245896720
-0.2234182497
0.2310561490
0.1023592155
-1.0841225296
0.7771262993
0.3536374296
0.0746670429
1.3997939094
1.3084679162
0.3402910904
0.2687934731
-1.0398254675
-1.1093179267
0.0798261134
0.2710238960
1.9033882417
-0.3144543832
1.1536550614
0.0309080738
-0.6324872542
0.1908958843
0.6963079412
0.8844068080
-0.2255771058
-0.5427925212
0.3502715182
-0.3407773463
1.0986872459
0.0702829170
0.4929192392
0.3466993004
-1.9287540705
0.4258687166
0.3780086171
0.9871927263
-1.3397877077
0.2081762113
0.9616781594
-1.0908240759
-0.8237400487
1.6455164313
-0.2974816064
1.3870384988
-0.6804056957
2.2006262888
0.8435346203
0.1257334509
0.2060789429
1.7766694995
-0.9038910168
1.6283588468
0.9066372846
0.7067702399
0.0055255569
-1.2320795414
-1.3390687169
0.1389149657
-0.3342218433
-1.6184907363
0.8964736933
0.1977506077
2.0292996960
-0.8499563559
0.2200336805
1.6500603443
0.8989956929
0.4705416403
0.7127715446
3.0884972726
-0.0868300168
-0.8790116678
-0.2804074289
-0.4195023917
0.5620014370
-0.0866143274
