15 3 0.20
26 0 0 1 0 2 0 2 1 3 0 3 1 3 2 4 1 4 2 4 3 5 1 5 2 5 3 6 1 6 2 6 3 6 4 7 1 7 2 7 3 7 4 8 2 8 3 9 2 9 3 10 2
27 0 3 1 1 1 2 1 3 1 4 1 5 2 1 2 2 2 3 3 1 3 2 3 3 3 4 4 2 4 3 4 4 5 0 5 1 5 2 5 3 6 0 6 1 6 2 6 3 7 1 7 2 7 3
28 0 1 0 2 1 1 1 2 1 3 2 0 2 1 2 2 2 3 2 4 3 1 3 2 3 3 3 4 3 5 4 2 4 3 4 4 4 5 4 6 4 7 5 0 5 1 5 2 5 3 5 4 5 5 6 2
2 1
4 3
8 7
0 0 0 0 0 0 0 0 0 0 0 0 0 0 0
0 0 0 0 0 0 0 0 0 0 0 0 0 0 0
0 1 0 0 0 0 0 0 0 0 0 0 0 0 0
0 1 0 0 0 0 0 0 0 0 0 0 0 0 0
0 1 1 0 0 0 1 0 0 0 0 0 0 0 0
0 1 1 1 1 1 1 1 1 0 0 0 0 0 0
0 0 1 1 2 1 1 0 0 0 0 0 0 0 0
0 0 1 1 2 1 1 1 0 0 0 0 0 0 0
0 0 1 1 1 2 1 1 1 1 0 0 0 0 0
0 0 1 2 2 2 1 0 1 1 1 0 0 0 0
0 0 0 2 2 1 1 1 1 1 1 1 0 0 0
0 0 0 1 2 1 1 0 1 1 1 1 1 0 0
0 0 0 1 0 0 0 0 0 1 1 1 1 1 1
0 0 0 0 0 0 0 1 1 1 1 1 1 0 0
0 0 0 0 0 0 0 0 0 1 0 0 0 0 0
0.3791663157
0.9506506109
0.3730430251
1.0953167469
-0.8242794958
-0.5486386467
3.2688306588
0.1535958043
-0.1695579436
-2.0093354742
0.7227966695
1.4866657991
3.1567117750
1.4592127621
-1.0844047812
-0.9634875429
-1.5046651848
0.0140035743
0.1706208223
0.7556498781
0.7024440595
-0.1147300530
-1.6200582269
-0.8432014740
1.2000783027
0.3227747894
-0.6673379584
-0.1241799793
0.1398358910
-0.8899435457
-0.1336809865
-0.9950675585
-0.4980353564
0.9628738549
0.3601033435
-0.7937207377
-0.5011196078
-1.8871785088
0.4333722522
-0.6915247535
0.1665396162
-0.6999382719
-0.9431149468
0.0497482027
0.0177214753
-0.8052073209
2.7477465746
-0.3012565163
0.4297241796
1.3885709659
0.6475903268
0.6399386876
1.2493801491
-0.4957220685
-0.0569045322
1.4965996915
0.2949182855
0.3607459054
0.5025885983
-1.2097797103
0.3405714698
1.3095001202
0.5997913674
0.1009099034
-0.6407272783
-0.5918957562
0.9066973712
-2.1751727767
1.6267735821
0.9835219775
0.1224523010
-1.4261008997
0.4823640693
-2.6935117381
0.0903146148
0.7113478800
-0.0021775502
0.7659850979
-0.2918445917
-0.0019899322
0.0840467696
0.8360925140
-1.0701195129
0.1804349411
-0.9705069189
0.8145840135
1.0244156516
-0.8281216658
-0.1648155752
0.0658632821
0.4013146858
-0.7185283411
-0.1923397981
-0.3561409337
-0.7547078849
-0.0577951045
0.8138828606
0.9629175437
-1.1169422194
0.6576342921
-0.2956137219
1.1937393421
0.0244977054
0.9472911520
-0.6003853210
1.2788793613
0.8700075483
-0.9712312090
1.0671056435
-0.4480512946
0.4218255594
-0.6045952387
-1.3540182240
-0.2797493214
-0.8925266802
0.1850463598
-0.4508027900
-0.4841966234
0.8595561958
-1.2614770853
0.4456750044
-0.7100946324
-2.3620865973
0.7716204985
-2.0398690749
-1.5305532129
-0.0591817677
-0.6535192287
-0.2295532769
-0.2444536971
-0.1180882129
-0.1395370877
0.6446691714
-1.7747864642
-1.6399250737
0.7891163915
-0.0236790594
0.0203320668
-0.4339487451
1.3844044393
1.2356369963
-1.7270967710
0.4343203937
-0.6571701214
0.1731383694
-1.5754703927
-1.5445871311
-0.1002462473
-1.8243748141
0.6525285619
0.9049973494
0.7826408212
1.5664290674
-1.4820597559
0.7708586327
-2.2888957292
0.0790887211
-2.2943123132
0.0700985962
0.7084220310
-0.0823265892
-1.2843719865
0.4287355145
-0.4908151147
0.1482351845
0.3970887418
-0.0762235028
-1.5143321441
0.4045731286
-0.1258526517
0.2980096626
-2.6623982791
-1.4894075912
1.9343220932
0.1385222036
0.6723595053
0.3086649892
0.9990959710
-1.0520893845
-0.4681327291
0.0231750717
-2.3840331696
0.2311784070
0.9166419882
-0.4361420533
1.7899625186
0.5494592357
-0.5214178167
0.5462060724
0.1717536680
0.4135490730
0.5178349020
-0.1938105662
0.6462806634
-0.4929521795
-1.8380694999
0.6772651924
0.7419757479
0.9434607613
1.0675730002
0.2759235259
-0.1451395818
-1.0831341844
0.0443332094
-0.3789293455
-0.5662210401
-0.2343907957
-1.0155336255
1.2879294428
0.0520188422
-0.4443461075
-2.3152667186
0.6860891926
-0.6715539242
-0.2734169260
-0.3044133593
1.2670054272
-0.3045311548
1.1992613756
-0.0486019091
0.7851084658
-1.0864059200
-1.2021191836
-2.0275180334
-1.1043372760
0.4552584616
0.2690167216
0.3079213032
-0.1101426242
1.2823868015
-1.3818051448
-0.3967826514
0.3297599556
-0.4620298496
-1.6071252978
-0.0157368399
-1.2002890715
-0.5483756671
1.3162987492
-0.7826864450
0.6473243024
-0.9081458196
0.1991674915
0.1814441883
0.2696173929
-0.7287860994
-1.4180652850
0.2739197923
-0.3258541712
-0.7294189040
0.3680954165
-1.3623939337
0.1080610327
0.5597228303
-2.1908602969
-0.6927831373
1.2429011060
0.0130049246
0.5808551782
1.1472266998
0.8765621576
-0.0626350272
-0.1248618105
1.2292705597
0.1056399438
-1.4570766794
-0.8987227661
-1.9695352561
-1.2825860950
-0.2974116578
-1.0346977078
0.0299473513
-1.0321603468
-0.1023833247
-0.4741623289
-1.3490059425
1.1975110701
-0.0351230671
-1.4968828871
0.4470017580
-1.1503712658
0.4066898592
-0.7250658831
-0.8663056644
0.5541960573
-0.6667382453
0.0245286864
0.9982168838
-1.1093004537
-0.2318839481
-0.4475945508
0.6724317569
1.3381771135
-0.5572462074
0.1509287201
2.1920148353
-0.3195707711
-0.3500845115
0.3284461906
-0.0312770501
1.6077041566
1.6181918831
1.4681804605
0.5350367810
-0.8866224490
0.3836357675
0.2255453300
0.5369718437
-1.0787285490
-0.0154725467
-0.5677733102
-0.8205810834
-0.1955855486
-0.0673353105
0.3398590461
-0.7037409105
0.2500386594
0.5585734774
-0.7358727720
-1.4644397800
0.4603125261
-0.3332471086
-1.5882740893
1.4110571760
-0.2811504562
1.2327126942
0.8050594788
-0.2812057009
0.4817548129
0.3562295199
0.3545247353
-0.8749963976
0.1107240251
0.4346806406
0.8209565471
-0.4500280750
0.5681438036
-0.4635440119
1.5465081082
0.7247021607
-0.0111772787
0.0892842086
-0.3281871836
-0.0670669280
0.5903941221
0.5562161572
-0.3975737532
-0.3610459132
0.1408291050
0.6059892436
-2.3133339628
-1.4241548792
1.7847944124
-1.5058952661
-0.1471326712
0.0955837529
-0.5055027018
-0.6380601678
0.5580683381
-2.9246659475
-0.6095931706
-1.1671563229
-0.4336120775
-0.8565830618
0.4026519694
0.2877164186
-0.1521324132
-0.6951280405
1.4030251589
-0.5698882960
0.1857713461
-0.6222519880
0.8240930787
1.0377578275
0.2765063033
-0.2630153974
0.2356941232
0.7606920044
1.2597881670
0.4319721190
-1.3178500834
-1.7648412404
-2.5407785521
-0.2930266465
-0.9821006491
0.7704056587
0.7042343467
-0.8049559524
0.4350139958
0.5866907114
1.6015880045
-0.1048599890
1.8415825874
-1.9091957190
0.6667373942
1.7356017587
-0.5916787872
-1.2876724306
-1.0427787152
-1.3827227846
0.3637062836
0.6909895820
0.8639434188
-1.3396062602
-1.7329881688
1.1138740596
1.0612853669
0.1746885025
1.1953651848
-0.0375449397
-1.6183902051
0.3443761398
-0.2827555206
-1.4672453175
-0.4794853446
-0.3373083988
0.3928277313
-0.0619520213
0.0010967838
1.0472422617
0.2549833279
0.3815149427
-1.2528128335
-0.6394200988
-0.9267998215
0.2419817093
0.7784186984
-0.0890502515
-0.1229430192
1.5013156456
-1.4021185288
-0.4914945413
-0.0102217375
-0.1106597277
-0.6954006148
0.2344452573
-0.8501965439
0.6957864222
-0.8415657452
-0.4591359503
0.8590255241
-1.6120217286
-0.2327333017
-0.2692570699
1.2513176309
-0.6229678178
1.0555309647
-1.2465064430
0.9499113365
0.7965969383
