15 3 0.18
13 0 2 0 3 0 4 1 2 1 3 1 4 2 1 2 2 2 3 2 4 3 0 3 1 3 2
22 0 3 0 5 0 6 1 1 1 2 1 3 1 4 1 6 1 7 2 0 2 1 2 2 2 3 2 4 2 5 2 6 2 7 3 1 3 5 4 5 4 6 5 6
39 0 4 1 4 2 4 2 5 3 5 4 3 4 4 4 5 4 6 5 1 5 3 5 4 5 5 5 6 6 1 6 2 6 3 6 4 6 5 6 6 7 1 7 2 7 3 7 4 7 5 8 2 8 3 8 4 8 5 8 6 9 0 9 1 9 2 9 3 9 4 9 6 9 7 10 2 10 4
11 0
3 3
4 1
0 0 0 0 0 0 0 0 0 0 0 0 0 0 0
0 0 0 0 0 0 0 0 0 0 0 0 0 0 0
0 0 0 0 0 0 0 0 0 0 0 0 0 0 0
0 0 0 0 0 0 1 0 1 1 0 0 0 0 0
0 0 0 0 1 2 1 1 0 1 1 0 0 0 0
0 0 0 1 1 2 1 1 1 1 1 0 0 0 0
0 0 0 0 1 1 1 0 1 0 0 0 0 0 0
0 0 0 0 0 0 1 0 1 1 0 0 0 0 0
0 0 0 0 1 1 1 1 0 1 0 0 0 0 0
0 0 1 0 1 1 1 1 0 0 0 0 0 0 0
0 0 1 1 1 1 1 1 0 0 0 0 0 0 0
0 0 2 2 2 1 1 0 0 0 0 0 0 0 0
0 0 1 2 2 1 1 1 0 0 0 0 0 0 0
0 2 2 2 2 1 0 1 1 0 0 0 0 0 0
1 1 1 1 0 1 0 0 0 0 0 0 0 0 0
-0.4309030294
0.3126320396
1.2327496982
0.2222953193
-0.2139300356
-0.7848818618
-1.3669890606
0.6631679363
1.3708029316
-0.3590690610
-1.3249745529
0.7701363090
0.0363497072
-0.2528624227
0.0840193747
1.4071634920
-1.3594676220
2.3630826551
0.9926122920
0.6622066492
-1.0046013092
1.4475674315
-0.5224898316
0.4430403031
-0.6518372579
-1.2085316566
0.1974724262
-0.0979680919
1.4471546711
-2.2882500979
-0.1756429324
-2.0963257420
1.3403919836
1.4194261563
1.4736233224
0.4727025834
1.7440909958
-1.3473285125
1.0176451762
-0.2486900899
-1.1309685766
-0.5259757236
0.5300442803
0.5156060819
2.6646782142
-0.5017989539
0.6386031238
0.9537735262
-0.2767031729
1.1214222514
1.2188171027
1.7412251226
1.3909473854
0.3596775489
-1.1896671438
-0.0513900435
0.7333122331
0.3956168650
-1.4546354233
0.8273592246
-0.6812969692
1.6317233223
1.2538862659
0.1015506415
-1.0074447082
0.4245808492
-1.2459599654
-0.7350338572
-0.2818437799
-0.7631477214
-1.0530854972
-0.7599637531
-0.0901088244
-0.6441922459
1.6000871547
2.0814505202
-0.7066841997
0.2171774443
1.6157250588
2.1754193534
-0.9372586111
0.5310143609
1.3313453085
0.0404063576
-0.4355922769
-0.3353335707
0.0060208752
-1.2234053019
-2.0391146930
-0.2282365133
0.0092562523
0.0616196530
0.5172644323
-0.4719813210
-0.0567466134
-1.0456118041
-0.3125687236
0.0525369435
1.7007848931
-0.7150530082
-0.0449005294
-0.6151826146
0.8064187761
0.9839882687
-0.7367352675
0.3682553513
0.5492459669
0.2077973733
-0.2704239872
1.3573053596
-1.1971634707
0.7514487995
-0.1001796899
1.3913529561
-0.0253651683
0.8195816495
-0.3205093080
1.0096804386
-0.6879769181
-0.7915429039
-0.0944209022
-1.1988741754
-0.8475368733
-1.0033521859
-1.4843659668
1.3625907322
0.3834716399
-2.4251946551
1.2098889721
-2.6710545238
0.2588916994
-0.2779920688
1.0411829818
0.1915642587
-0.0579181242
1.0048218763
1.3537093664
0.5823916450
0.0166706113
-0.2936910682
2.4319051463
-0.5639960886
-1.1748679901
-0.8137886956
0.7739442344
-0.3621630868
0.9474158760
-0.7454028188
-0.3185297518
-0.4363722941
0.1888516110
-0.5339406369
0.6837406620
0.5656075404
-1.9275035158
1.0592140896
-1.2560730537
-1.8226659582
-0.0653636486
-0.0584814077
-0.0945281022
0.4833326276
0.4227633706
-1.5798554555
-0.0124974078
-2.4082723006
0.3031396623
0.0916504201
-0.9157700701
-0.5787824122
-1.2872182841
-0.5861296702
-1.4466602580
-0.3109594689
0.5051642138
0.9109014842
0.0361248931
-1.4824171240
-0.7962569891
-0.9981223372
-1.5629305480
1.4155090519
-0.6061067501
-0.3365617738
-0.9754983121
0.1993351566
-0.6061453437
0.4801001899
1.8185697748
-0.0550194008
0.4622093327
1.5696404849
0.4532562511
0.8367385995
-0.9090971551
1.1442638444
-0.6045734631
0.6078472409
0.0219058031
-1.9271673119
0.3672777087
0.3017385044
-0.8519065166
-0.7206735001
-0.3395092084
-0.4826627670
-0.4497263091
-0.4456283941
1.4884124081
-0.2830765308
-2.1082126935
1.4167065583
-1.0297126443
-0.9198444203
0.7669452341
1.7532311932
-1.8145390887
1.6282440002
0.5913342344
0.0445318464
-0.0416539057
-1.3114506913
-0.1021810121
-0.3872073252
1.0776319718
-1.0479053448
-0.2595125911
0.5432050262
-0.4682272740
1.2235739513
-0.7375781271
0.8217019941
0.0543772330
1.3258858922
0.6980821584
0.8478837355
0.1533157655
-1.2321086384
0.2974028489
1.0422326822
1.3401665356
0.7564760592
0.3337464670
1.3908333458
0.1456663601
0.7205625065
-1.1774387485
0.9104211565
-0.0013493026
-0.6886354379
0.4839691574
1.1237671597
-0.3399135001
1.6149669704
-0.2170594457
-1.3821890655
0.1724139032
-0.4011776625
0.0345923251
1.8876408492
-1.4679786448
0.4506472664
1.3457794077
0.6006741976
0.6758050614
1.3048029041
1.0889747073
1.9771759618
-0.2483293620
0.4638764119
-1.2168070106
1.7773665910
-0.4334108023
-1.4040472037
0.5683712709
-0.3672214444
0.6176437208
0.3074999752
-1.3406935458
1.0182490812
-1.3619000779
-1.1108914133
-0.8686413042
-1.1296165377
-0.5176639492
-0.7104969193
0.8736555079
-1.6049445053
0.5925183099
-0.6029793136
0.3141397312
-0.3742066511
0.5990232804
-0.2118390815
-0.0271527742
-0.2701387755
1.6157803217
-1.0385500823
-0.5511679302
-0.5691997642
-0.5333035406
-0.0146018155
-0.4644098987
-0.5080742931
-1.2538138919
-0.9256664634
-0.2238115244
0.0839618515
-0.6754651004
1.0291739173
-1.1374328193
0.3564045534
-0.9769146236
0.8159225226
0.2097963463
1.9842734972
0.1561620223
-0.7000636697
0.3559196433
0.9243594965
-0.8099231688
-1.9453277812
0.2624296731
-0.9302460732
1.2789108311
-1.2699126361
1.2554597838
0.3503970397
0.7588610667
-1.3506560541
-0.4133414836
0.4369213971
-0.9640650969
-0.4674403216
0.8551134508
-1.2207996423
-0.7126429432
-0.3500837693
1.4991315433
0.5558457179
1.0944989276
1.0901186252
-0.3908337161
-0.0645572190
0.8180476575
-0.5706705210
0.4873057262
0.1661858984
1.0497874578
0.0608369815
0.5901508043
1.0911669792
-0.0556411842
0.2353750462
-0.4695563625
0.9839417227
-1.0751101787
2.7865140653
2.0187853958
0.1963447005
1.1524054401
-0.0006120685
-1.1060982282
0.8065439974
-2.0725941338
0.7372774016
0.5052861616
1.2938845918
0.5828129847
-1.3238308306
0.1625881018
-0.7577012864
1.7007463352
-0.5923155025
-1.2026326779
1.1348578223
-0.0249409140
-2.0309535285
0.6783086548
-1.0055148838
1.1558911658
0.2179930817
0.0415888759
0.0920227833
1.0593382516
-2.1651661454
1.3871129874
0.2991251950
0.1431391165
0.3842200831
0.5903565369
1.1227760042
-0.1364698552
-2.0931781156
0.6456909542
0.4057046517
0.8453008048
0.3279000900
0.5371986450
-1.1782139350
0.3382252624
0.0492535170
0.7482042975
-0.2897513430
0.5144841943
1.8816822878
-0.0673150171
-1.2911478590
-0.3859239700
-0.4193877155
0.2364085023
0.0944101641
1.0397332441
-0.3861794288
1.0302059740
0.7106635381
-1.6536802503
0.9122302012
-2.6163374891
1.6889548834
0.7962421386
-0.8015610554
-0.3767416613
1.6757316664
0.3071423811
0.5822545331
-0.0545179003
0.6305966951
-0.1614990626
0.6197632732
0.1878617131
0.9485326312
0.4398502190
1.2949632269
-0.2486387525
-0.0846909122
-1.4594041575
-1.1972099279
1.5355950078
-0.0767693909
-2.2889869685
-0.6076232032
-1.0389499904
1.0396259447
-0.6288340948
0.4815204195
-2.0797662026
0.1161137499
-1.0692591821
-0.4858533680
