? 14 70 262 572 230 356 264 360 392 613 438 591 764 347 738
? 14 213 511 205 430 344 420 399 364 532 553 186 574 523 684
? 14 396 753 770 96 218 414 110 472 522 350 269 192 113 190
? 14 19 499 160 390 435 212 681 101 466 291 602 362 428 675
? 14 476 259 537 43 174 317 649 520 188 78 121 228 743 315
? 14 584 177 709 784 342 628 444 326 42 382 13 119 633 545
? 14 546 261 151 671 590 432 49 737 85 79 676 244 66 559
? 14 550 576 592 655 235 703 652 439 781 46 257 722 429 657
? 14 590 273 798 51 546 261 730 432 268 737 85 614 676 66
? 14 692 431 521 445 531 277 138 40 782 612 440 130 74 732
? 14 423 688 411 311 227 701 287 372 87 292 106 206 294 756
? 14 75 537 43 174 317 6 261 705 649 228 85 687 636 66
? 14 289 611 479 434 145 555 198 144 659 767 301 57 791 477
? 14 192 249 96 690 487 132 12 522 384 579 528 641 190 35
? 14 212 32 499 160 390 435 101 413 466 71 291 602 623 362
? 14 701 688 411 311 227 287 372 87 292 106 206 423 294 756
? 14 554 20 604 407 271 794 5 616 21 147 318 677 409 59
? 14 607 631 90 395 215 141 662 303 624 220 643 127 617 519
? 14 784 177 267 709 33 720 584 444 425 322 149 545 536 366
? 14 643 631 395 215 582 425 141 662 197 739 120 220 607 127
? 14 782 108 594 445 531 507 102 40 440 83 36 732 654 403
? 14 517 422 716 179 518 583 454 44 460 353 486 117 606 72
? 14 277 521 692 356 179 518 445 319 560 138 454 612 130 738
? 14 531 431 503 90 692 445 782 303 624 130 74 732 683 519
? 14 468 97 537 43 317 261 649 520 730 78 121 228 737 85
? 14 132 249 96 690 110 487 12 522 384 269 528 192 190 35
? 14 669 504 288 642 726 678 359 47 278 275 421 164 389 724
? 14 486 422 179 717 129 34 44 392 460 562 591 353 517 606
? 14 43 259 537 476 174 317 649 520 78 121 228 743 468 75
? 14 104 374 205 587 295 399 27 532 650 186 410 333 117 684
? 14 603 766 632 311 723 292 24 313 276 645 106 206 210 294
? 14 753 792 585 690 414 110 472 350 579 528 396 641 190 11
? 14 779 298 770 594 96 218 354 507 279 83 36 398 269 654
? 14 724 688 137 504 288 287 755 678 359 278 275 421 669 389
? 14 307 402 745 769 658 68 762 740 105 685 759 447 225 67
? 14 17 540 184 176 200 180 471 65 219 272 231 556 377 625
? 14 261 273 537 317 546 705 649 590 730 228 737 85 66 75
? 14 623 727 200 193 222 204 435 212 413 466 71 362 556 207
? 14 309 111 646 124 455 706 655 787 652 251 323 695 657 419
? 14 278 234 504 288 8 726 678 359 47 275 421 669 389 724
? 14 402 793 263 745 769 307 658 68 762 759 225 475 67 355
? 14 107 795 789 260 757 741 63 22 150 258 221 627 630 558
? 14 323 32 646 124 455 193 309 500 413 695 788 131 657 653
? 14 706 111 655 538 787 652 309 251 514 619 728 280 284 733
? 14 274 777 481 167 368 515 679 94 375 565 216 285 509 3
? 14 200 540 727 17 193 222 4 204 71 272 623 556 207 625
? 14 390 19 499 160 435 212 681 101 413 466 71 291 602 362
? 14 451 456 283 223 693 647 656 146 384 241 343 29 797 334
? 14 547 182 557 81 746 88 325 381 226 93 461 157 239 541
? 14 279 298 108 436 594 354 507 530 102 779 36 398 654 403
? 14 733 111 706 655 538 787 652 217 270 619 728 280 284 493
? 14 656 283 183 249 693 647 338 487 146 384 241 797 790 334
? 14 63 50 795 789 260 757 741 107 150 221 601 627 484 630
? 14 21 604 407 777 271 30 5 318 677 515 409 59 565 554
? 14 18 32 792 371 753 499 585 576 703 681 414 101 350 11
? 14 133 137 50 456 470 223 789 663 600 150 250 158 563 484
? 14 53 16 203 386 136 348 84 370 14 569 92 478 599 568
? 14 305 775 462 718 152 246 570 339 700 506 586 296 254 332
? 14 324 427 327 498 483 77 237 719 321 754 58 340 527 116
? 14 180 540 184 176 17 471 620 65 219 272 154 231 377 98
? 14 764 503 262 572 356 179 264 360 70 392 613 74 683 738
? 14 649 537 43 476 174 317 261 705 228 743 85 687 66 75
? 14 97 298 436 520 659 102 78 121 109 148 552 468 398 617
? 14 400 744 610 651 716 7 583 256 2 416 691 734 567 780
? 14 5 407 777 271 167 21 147 318 677 515 59 565 667 554
? 14 355 674 793 402 745 307 68 762 378 759 626 225 686 199
? 14 71 727 200 160 204 435 212 413 466 602 623 362 556 207
? 14 66 273 546 261 705 649 590 730 228 737 85 676 559 75
? 14 568 596 16 203 386 136 252 84 370 569 92 478 599 53
? 14 96 770 218 354 779 110 132 12 522 269 396 192 190 654
? 14 381 182 557 81 746 88 325 547 226 93 22 239 541 558
? 14 334 707 283 183 693 647 338 656 38 437 241 29 797 790
? 14 12 249 594 96 354 690 779 487 132 522 269 192 190 654
? 14 797 283 183 693 647 338 487 656 146 384 241 29 790 334
? 14 164 137 485 26 642 726 678 491 300 580 605 669 563 389
? 14 6 404 705 151 365 516 125 55 687 62 636 401 510 75
? 14 477 327 479 508 555 198 144 156 457 767 301 310 791 494
? 14 566 707 319 383 191 38 410 333 214 208 437 699 56 72
? 14 401 6 404 705 365 516 376 125 55 687 62 636 510 290
? 14 185 394 639 529 211 549 672 95 524 474 166 153 178 209
? 14 726 430 26 8 642 678 359 361 278 492 669 574 164 389
? 14 662 631 90 395 215 582 141 197 739 303 220 607 643 127
? 14 747 182 557 564 88 195 76 796 369 461 243 453 239 541
? 14 300 668 485 223 642 491 580 600 605 563 465 343 164 29
? 14 245 572 628 725 308 424 783 240 120 613 25 127 536 366
? 14 214 668 587 383 27 566 191 38 410 333 437 699 56 72
? 14 176 540 184 180 17 471 620 65 219 272 231 377 98 625
? 14 594 96 354 507 40 779 782 279 440 83 12 36 269 654
? 14 650 374 205 587 295 399 27 532 104 410 333 117 684 72
? 14 432 273 798 51 546 261 590 730 349 268 737 614 676 559
? 14 743 259 537 43 476 174 317 393 649 520 121 162 315 687
? 14 537 43 476 174 317 261 649 520 78 228 468 737 85 75
? 14 193 200 455 222 204 323 500 788 623 131 207 367 653 143
? 14 399 374 205 587 295 27 532 213 553 650 104 186 410 684
? 14 268 273 798 51 261 590 730 530 432 349 513 737 614 676
? 14 217 15 774 538 270 710 728 535 459 280 542 284 733 664
? 14 613 262 572 230 356 264 245 308 341 360 70 764 406 738
? 14 765 595 696 342 326 473 772 760 169 648 452 534 119 702
? 14 50 137 223 789 755 133 757 63 600 150 250 158 221 484
? 14 520 259 537 43 476 174 317 649 78 121 228 743 148 468
? 14 775 462 718 305 152 246 570 339 700 506 586 296 254 332
? 14 366 784 720 725 245 425 141 308 783 240 120 25 127 536
? 14 436 298 97 108 51 507 530 102 779 109 279 552 398 403
? 14 375 777 30 481 167 418 368 515 679 274 94 216 509 3
? 14 384 283 249 690 693 647 338 487 656 146 579 241 35 797
? 14 545 177 267 709 33 784 720 584 463 282 444 425 322 149
? 14 284 111 706 655 538 787 217 270 514 619 728 280 493 733
? 14 292 311 723 504 701 287 24 275 645 106 603 210 423 294
? 14 762 793 402 745 769 307 658 68 105 759 225 475 67 355
? 14 353 422 179 518 717 34 44 392 460 562 591 517 486 606
? 14 377 540 184 176 180 17 471 620 65 219 272 154 231 98
? 14 677 604 407 271 30 5 21 147 318 515 409 59 565 554
? 14 459 15 774 217 270 710 252 370 728 535 280 542 733 664
? 14 121 259 537 43 476 174 317 649 520 188 78 743 148 468
? 14 788 124 455 193 222 204 323 500 413 695 623 131 653 143
? 14 529 394 490 185 299 95 569 524 397 166 153 178 209 526
? 14 13 358 469 357 584 463 444 326 760 382 452 702 633 573
? 14 46 371 576 592 181 439 781 722 472 196 14 550 330 660
? 14 42 709 765 342 628 505 584 326 488 240 382 25 119 366
? 14 131 455 193 222 204 323 773 500 788 170 419 367 653 143
? 14 319 707 521 560 277 138 566 191 454 612 38 208 437 373
? 14 368 462 718 481 112 679 274 375 506 296 216 285 509 3
? 14 512 727 470 19 390 435 663 71 291 602 362 428 601 675
? 14 446 546 181 151 671 348 49 14 79 714 153 244 559 660
? 14 614 273 798 51 546 590 730 432 349 268 513 676 113 559
? 14 209 394 639 529 185 211 549 95 524 588 474 166 153 178
? 14 769 402 745 307 658 762 740 105 685 122 742 447 67 694
? 14 79 446 546 151 671 432 516 49 614 714 676 244 559 660
? 14 197 631 395 215 582 425 141 662 739 220 607 643 127 617
? 14 427 324 327 479 498 483 508 198 237 156 494 340 527 116
? 14 190 249 96 690 110 487 132 12 522 579 528 396 192 35
? 14 216 718 481 167 112 368 515 679 274 375 506 285 509 3
? 14 325 182 81 746 88 381 547 226 93 22 157 239 541 558
? 14 536 631 784 725 245 425 141 308 739 783 120 25 127 366
? 14 615 593 464 263 37 122 286 232 721 255 139 758 306 140
? 14 667 426 80 777 697 5 629 147 318 561 565 417 387 637
? 14 378 674 30 418 68 759 626 225 94 416 691 59 199 355
? 14 759 674 604 793 402 745 307 68 762 105 378 626 225 355
? 14 483 427 324 498 77 237 321 754 58 405 340 527 161 116
? 14 242 748 297 571 363 596 202 168 450 768 247 635 704 673
? 14 36 108 594 354 507 40 779 782 279 440 83 732 654 403
? 14 500 32 646 124 455 193 222 204 323 413 695 788 131 653
? 14 767 33 479 434 555 198 144 156 289 301 310 791 494 477
? 14 22 795 81 746 325 381 547 226 93 107 258 157 239 558
? 14 470 540 727 260 133 663 512 150 250 221 601 627 484 675
? 14 555 479 508 434 198 144 767 289 301 310 57 791 494 477
? 14 315 259 476 135 776 165 393 201 415 743 162 525 763 379
? 14 471 540 184 176 180 17 115 620 65 219 154 231 377 98
? 14 234 688 411 227 288 372 87 8 316 47 278 492 421 597
? 14 106 766 311 701 287 385 292 313 645 206 603 210 423 294
? 14 249 690 647 338 487 656 132 12 384 241 192 190 35 797
? 14 469 114 312 544 357 281 345 463 735 670 224 39 13 633
? 14 506 511 775 462 718 305 112 368 570 339 700 296 285 332
? 14 124 32 646 455 703 212 309 323 500 413 695 788 657 653
? 14 269 770 594 96 218 354 779 110 12 522 396 113 190 654
? 14 723 766 632 746 292 24 313 276 645 106 258 603 157 294
? 14 435 727 19 160 390 212 413 466 71 291 602 623 362 512
? 14 166 394 529 185 549 203 299 95 569 524 397 153 178 209
? 14 206 766 311 385 313 645 106 731 603 210 423 448 294 756
? 14 151 446 6 546 705 671 516 49 79 714 676 244 66 559
? 14 624 431 108 90 531 102 782 303 220 607 732 617 403 519
? 14 59 674 407 271 30 418 68 378 21 626 677 515 94 355
? 14 254 511 775 718 305 152 361 246 339 700 586 574 523 332
? 14 382 177 709 357 584 463 444 326 42 13 452 119 702 633
? 14 122 593 263 769 658 740 105 742 286 447 721 615 139 67
? 14 625 176 200 17 222 4 620 219 272 231 556 367 377 143
? 14 137 50 485 223 755 678 580 600 605 158 669 563 164 724
? 14 586 551 302 775 433 305 152 361 246 492 597 700 254 332
? 14 522 770 249 96 218 354 779 110 132 12 269 396 192 190
? 14 380 73 497 31 171 750 320 336 346 505 480 123 715 729
? 14 299 634 394 490 598 529 136 84 95 569 397 166 178 526
? 14 728 15 706 655 538 787 652 217 257 429 280 542 284 733
? 14 39 114 469 312 544 281 345 463 735 670 224 237 719 248
? 14 267 177 709 33 784 720 584 463 282 444 425 322 149 545
? 14 663 540 727 184 470 133 512 150 250 221 601 627 484 675
? 14 407 604 777 271 30 5 21 318 677 515 409 59 565 554
? 14 664 15 799 774 217 270 710 252 728 535 459 280 542 733
? 14 795 680 81 61 325 482 381 489 741 93 163 107 22 558
? 14 120 631 395 725 245 141 308 739 424 783 303 127 536 366
? 14 612 521 692 445 319 560 277 138 191 454 440 208 130 373
? 14 616 20 442 604 736 609 794 608 99 147 409 749 637 554
? 14 485 137 451 456 223 642 491 300 580 600 605 563 343 164
? 14 796 182 557 564 88 195 369 581 539 243 453 747 541 54
? 14 653 455 193 222 323 773 500 788 170 131 419 367 52 143
? 14 679 30 481 167 418 256 368 515 274 94 375 216 509 3
? 14 592 576 235 652 181 439 781 46 257 722 429 14 92 550
? 14 296 496 775 462 718 305 112 570 339 700 506 254 285 332
? 14 439 576 592 235 652 181 781 46 257 722 429 14 92 550
? 14 411 688 311 227 234 701 287 372 87 47 713 421 423 756
? 14 504 688 288 701 287 755 372 292 359 278 275 669 423 724
? 14 87 688 411 311 227 234 701 287 372 47 713 421 423 756
? 14 386 16 203 136 348 84 14 569 397 178 478 599 568 53
? 14 144 479 508 434 328 555 198 329 457 767 289 791 477 86
? 14 560 707 521 445 319 277 138 191 454 612 38 208 437 373
? 14 760 595 194 696 358 765 772 648 13 452 534 702 633 573
? 14 562 458 717 7 129 2 34 698 392 686 591 353 347 486
? 14 264 503 262 572 356 308 360 70 424 613 74 764 683 738
? 14 484 137 50 470 789 260 133 663 63 150 250 158 221 601
? 14 495 73 155 572 230 346 628 505 488 341 240 380 406 729
? 14 93 182 680 81 88 325 381 547 226 369 22 239 541 558
? 14 641 753 690 681 414 487 146 384 579 528 192 190 11 35
? 14 398 298 108 436 51 354 507 530 102 779 279 36 654 403
? 14 565 407 777 271 30 481 167 5 21 318 677 515 417 667
? 14 433 551 496 302 775 640 316 305 152 246 570 597 586 332
? 14 441 135 393 404 187 162 376 125 525 763 687 636 510 290
? 14 758 593 464 37 480 286 232 255 615 139 337 41 306 577
? 14 195 182 557 564 88 76 796 369 581 539 243 453 747 54
? 14 181 446 592 16 235 203 439 781 46 257 348 14 92 660
? 14 228 537 43 174 317 261 705 649 730 468 737 85 66 75
? 14 95 634 394 490 598 529 211 299 621 672 524 397 178 526
? 14 162 135 165 393 187 201 415 441 125 525 315 763 379 290
? 14 525 135 165 393 187 201 415 441 162 125 315 763 379 290
? 14 434 611 145 582 555 144 659 767 289 301 310 57 791 477
? 14 463 177 267 709 33 469 357 282 444 322 382 13 149 545
? 14 252 15 774 596 16 229 370 128 535 459 478 542 568 664
? 14 617 97 395 215 662 659 102 109 624 148 552 220 607 519
? 14 65 184 176 180 17 115 471 665 620 219 154 231 377 98
? 14 437 707 183 319 383 560 566 191 338 38 214 208 790 334
? 14 558 680 795 81 61 325 482 381 489 226 93 163 107 22
? 14 339 496 775 462 718 305 112 246 570 700 506 296 254 332
? 14 165 135 776 393 187 201 415 441 162 525 315 763 379 638
? 14 184 540 176 180 17 471 65 219 154 231 601 627 630 377
? 14 538 111 761 706 787 217 270 710 619 728 280 284 493 733
? 14 646 111 124 455 706 655 652 309 251 323 500 695 657 419
? 14 462 60 496 775 718 305 112 570 339 700 506 296 285 332
? 14 389 430 26 288 8 642 726 678 359 278 492 669 164 724
? 14 532 205 295 344 420 399 364 213 553 650 104 186 708 684
? 14 700 511 775 718 305 152 246 570 339 506 586 296 254 332
? 14 304 426 736 609 752 608 629 578 45 314 387 666 69 637
? 14 458 793 402 717 129 2 34 698 686 475 416 691 562 199
? 14 645 766 632 311 723 292 24 313 276 106 206 603 210 294
? 14 248 114 469 312 544 281 345 735 670 224 237 719 39 527
? 14 397 634 490 529 203 386 136 299 84 95 569 166 178 526
? 14 230 155 262 572 346 505 488 341 360 240 495 613 406 729
? 14 671 446 546 151 49 513 614 79 714 676 244 330 559 660
? 14 535 15 799 774 134 217 270 710 252 128 751 459 542 664
? 14 570 496 775 433 462 305 112 246 339 700 506 296 254 332
? 14 447 745 769 307 658 762 740 105 685 122 742 721 67 694
? 14 683 631 431 503 90 264 725 531 308 424 783 303 130 74
? 14 110 753 770 96 218 414 472 522 350 269 396 192 113 190
? 14 329 661 328 644 144 457 331 618 335 265 86 159 589 352
? 14 196 371 585 576 414 781 46 722 472 350 513 714 330 660
? 14 718 511 775 462 420 305 339 700 506 296 254 285 523 332
? 14 203 386 136 348 84 14 569 397 166 153 178 599 568 53
? 14 112 60 496 775 462 718 305 368 570 339 700 506 296 285
? 14 510 253 404 91 365 441 376 125 785 55 62 636 401 290
? 14 351 443 9 611 238 661 145 644 618 293 778 589 352 172
? 14 226 182 564 81 88 325 381 547 93 369 22 239 541 558
? 14 155 73 171 750 572 336 230 346 341 360 495 438 406 729
? 14 627 540 184 470 180 260 741 663 63 150 221 601 630 377
? 14 208 707 521 183 319 560 138 566 191 38 437 373 790 334
? 14 387 426 736 80 304 609 752 608 629 682 45 314 666 637
? 14 280 111 706 538 787 217 270 710 619 728 284 493 733 664
? 14 773 761 193 251 103 788 514 170 619 131 419 52 653 143
? 14 84 596 203 386 136 299 569 397 178 704 478 599 568 53
? 14 311 701 287 385 372 292 645 106 206 603 210 423 294 756
? 14 507 298 108 594 354 102 779 782 279 83 36 398 654 403
? 14 379 259 135 776 165 393 188 293 415 743 162 525 315 638
? 14 232 497 750 464 320 37 480 286 615 337 758 41 306 577
? 14 730 273 798 51 261 590 432 268 468 737 85 614 676 66
? 14 549 394 639 408 185 211 621 672 95 524 588 474 209 548
? 14 530 273 798 298 436 51 218 590 730 349 279 268 614 398
? 14 715 73 497 31 765 750 505 473 123 169 337 648 380 64
? 14 647 451 283 183 693 338 487 656 146 384 241 29 35 797
? 14 585 18 792 371 753 499 703 681 414 101 472 196 350 11
? 14 251 111 646 761 706 655 787 309 773 695 514 619 419 284
? 14 499 18 792 19 160 390 212 681 101 466 291 602 362 11
? 14 770 96 218 354 530 779 110 349 12 522 269 396 113 654
? 14 290 253 404 441 376 125 55 525 763 687 62 636 401 510
? 14 179 422 356 518 717 277 454 44 392 353 738 517 486 606
? 14 428 456 19 499 390 435 681 291 602 362 512 579 641 675
? 14 678 137 26 288 8 642 726 359 580 278 669 164 389 724
? 14 320 497 171 155 750 464 336 37 480 123 232 758 380 306
? 14 792 18 32 753 499 160 585 703 390 681 414 101 350 11
? 14 272 540 727 176 200 17 222 4 219 231 556 207 377 625
? 14 347 458 155 262 336 717 129 360 70 392 438 562 591 406
? 14 421 688 411 227 234 288 701 372 87 8 359 47 278 597
? 14 503 631 431 90 264 725 531 308 424 783 303 130 74 683
? 14 359 688 234 504 288 726 678 47 278 275 421 669 389 724
? 14 338 283 183 249 647 487 656 384 437 241 373 797 790 334
? 14 113 798 51 770 218 110 349 472 268 513 614 269 396 330
? 14 589 443 661 328 644 329 331 618 335 265 86 159 352 172
? 14 561 426 736 80 304 697 629 10 45 417 387 666 637 667
? 14 688 411 227 234 288 701 287 372 87 47 275 421 423 756
? 14 30 674 407 271 481 418 378 21 256 626 515 679 94 59
? 14 62 253 404 91 365 376 233 125 785 55 636 401 510 290
? 14 448 766 311 227 385 87 645 106 731 206 210 423 294 756
? 14 639 394 408 185 91 211 549 365 233 524 588 474 62 209
? 14 654 594 96 354 507 40 779 782 279 440 83 12 36 269
? 14 365 253 408 404 91 376 233 785 474 55 62 401 510 290
? 14 15 774 217 257 710 252 370 728 92 535 459 542 733 664
? 14 322 177 267 709 33 784 720 584 463 282 444 425 149 545
? 14 587 205 295 399 383 27 650 104 410 333 699 56 117 72
? 14 333 587 295 383 27 566 650 104 410 214 699 56 117 72
? 14 24 766 632 311 723 287 292 313 276 645 106 258 603 294
? 14 684 511 374 205 295 344 420 399 532 213 553 650 104 186
? 14 135 165 393 187 201 415 441 162 125 525 315 763 379 290
? 14 744 610 374 400 651 716 418 7 583 256 2 734 567 780
? 14 777 407 271 30 481 167 5 21 318 515 375 565 417 667
? 14 321 427 324 498 483 77 175 754 58 405 340 1 161 116
? 14 415 135 776 165 393 188 201 293 743 162 525 315 379 638
? 14 316 551 411 302 227 433 234 372 640 87 47 713 421 597
? 14 727 540 200 17 204 435 413 71 272 623 362 512 556 207
? 14 313 766 632 723 746 24 276 645 106 206 603 157 210 294
? 14 697 426 736 80 304 629 10 45 561 417 387 666 637 667
? 14 516 6 404 546 705 151 49 79 244 636 401 66 559 75
? 14 83 594 445 354 507 40 779 782 279 440 36 269 373 654
? 14 577 100 497 464 37 480 123 232 255 615 337 758 41 306
? 14 474 253 639 408 91 211 549 365 233 785 588 55 62 209
? 14 409 20 604 407 745 5 685 616 21 759 147 318 677 554
? 14 306 497 171 750 464 320 336 37 480 286 232 615 758 577
? 14 745 604 402 769 307 658 68 762 105 685 759 447 225 355
? 14 676 273 798 546 671 590 730 432 268 49 737 614 66 559
? 14 467 205 668 587 430 27 532 410 333 214 708 699 465 56
? 14 174 259 537 43 476 317 705 649 520 228 743 687 636 75
? 14 108 298 436 507 102 782 279 36 624 398 732 654 403 519
? 14 563 137 451 485 456 223 133 491 300 580 600 605 343 164
? 14 630 184 180 260 471 741 63 65 107 150 221 601 627 377
? 14 425 267 709 784 720 141 322 739 120 643 127 545 536 366
? 14 543 766 385 189 76 388 313 461 731 501 243 210 453 771
? 14 661 443 9 238 351 644 329 618 778 335 265 589 352 172
? 14 344 511 430 26 420 364 361 532 213 553 186 574 523 684
? 14 455 32 646 124 309 251 323 500 695 788 131 657 419 653
? 14 374 744 610 205 651 716 295 399 532 650 104 567 117 684
? 14 736 426 304 609 794 752 608 629 578 314 387 666 69 637
? 14 629 426 736 80 304 697 752 682 10 45 314 561 387 666
? 14 482 680 795 81 61 325 381 489 226 93 163 107 22 558
? 14 731 766 385 189 76 388 313 645 543 501 206 210 771 448
? 14 526 634 394 490 598 529 211 299 621 173 672 95 397 178
? 14 442 20 769 307 740 105 685 616 99 742 447 409 28 694
? 14 64 595 194 31 696 765 473 123 169 715 337 648 452 534
? 14 393 135 776 165 187 201 415 441 743 162 525 315 763 379
? 14 20 442 604 745 769 307 740 105 685 616 99 409 554 694
? 14 257 15 592 16 235 652 439 429 370 728 92 550 542 733
? 14 4 176 200 17 236 222 620 219 272 231 556 367 625 143
? 14 293 9 238 776 661 165 351 145 188 778 415 379 638 172
? 14 660 446 592 181 671 781 46 348 49 196 14 79 714 244
? 14 235 15 592 16 652 439 257 429 370 728 92 550 542 733
? 14 369 182 564 81 88 547 195 226 796 93 581 747 541 54
? 14 215 395 582 141 662 197 659 739 109 552 220 607 643 617
? 14 227 688 411 311 234 701 287 372 87 47 713 421 423 756
? 14 422 356 179 518 717 454 44 392 460 353 738 517 486 606
? 14 648 595 194 31 696 358 765 473 772 760 169 452 534 64
? 14 138 707 521 692 445 319 560 277 40 191 612 440 208 373
? 14 609 426 736 304 794 752 608 629 578 314 387 666 69 637
? 14 582 395 215 434 141 662 197 659 767 739 57 220 643 617
? 14 633 358 469 357 584 444 326 772 760 382 13 452 702 573
? 14 99 20 442 604 769 307 740 105 685 616 742 447 409 694
? 14 301 33 479 434 555 198 156 767 289 310 791 494 477 149
? 14 343 451 485 456 283 223 491 693 647 146 600 241 563 29
? 14 258 632 723 746 325 381 547 757 24 276 461 22 157 239
? 14 608 426 736 304 609 794 752 629 578 314 387 666 69 637
? 14 44 422 356 179 518 717 392 460 562 353 738 517 486 606
? 14 168 748 297 571 363 242 596 202 48 229 450 768 247 635
? 14 505 73 342 230 346 628 488 341 240 495 119 380 406 729
? 14 33 177 267 709 784 720 463 282 444 322 301 310 149 545
? 14 628 572 342 505 584 245 488 341 240 42 495 25 119 729
? 14 658 793 402 263 745 769 307 762 105 122 759 447 475 67
? 14 717 422 179 129 34 698 44 392 562 591 353 347 486 606
? 14 497 73 171 750 320 336 480 123 232 715 337 380 306 577
? 14 417 426 80 777 697 629 318 10 561 565 387 666 637 667
? 14 493 111 761 538 787 270 514 710 619 280 0 284 733 575
? 14 276 766 632 557 723 746 24 313 645 461 258 603 157 239
? 14 721 593 122 742 286 89 447 255 615 139 67 28 140 694
? 14 551 302 433 234 640 8 316 47 713 246 492 421 597 586
? 14 372 688 411 311 227 234 288 701 287 87 47 421 423 756
? 14 3 718 481 167 112 368 515 679 274 375 506 216 285 509
? 14 98 176 180 115 471 665 620 412 65 622 219 154 231 377
? 14 453 182 557 746 88 195 76 388 796 461 243 157 747 541
? 14 331 443 328 644 329 457 175 618 335 265 86 159 589 352
? 14 223 137 451 485 456 133 491 300 580 600 605 250 563 343
? 14 699 668 587 383 27 467 566 38 410 333 214 708 465 56
? 14 606 422 716 179 518 717 583 44 392 460 562 353 517 486
? 14 136 16 203 386 299 348 84 569 397 178 478 599 568 53
? 14 771 766 385 711 189 76 388 313 731 543 501 243 210 453
? 14 244 446 546 151 671 432 516 49 614 79 714 676 559 660
? 14 243 182 557 564 195 76 388 796 461 543 501 453 747 771
? 14 56 668 587 295 383 27 467 566 410 333 214 708 699 72
? 14 544 114 469 312 357 281 345 463 735 670 224 719 39 248
? 14 80 426 304 697 629 682 10 45 561 417 387 666 637 667
? 14 125 6 404 365 441 376 55 763 687 62 636 401 510 290
? 14 595 194 696 358 765 473 772 760 169 648 452 534 573 64
? 14 241 451 283 693 647 338 487 656 146 384 343 29 35 797
? 14 541 182 557 81 88 325 381 547 226 796 369 461 239 747
? 14 286 593 464 263 37 122 232 721 255 615 139 758 41 140
? 14 636 6 404 705 365 441 125 55 687 62 401 510 290 75
? 14 413 32 160 390 204 435 212 323 466 71 602 623 362 207
? 14 139 593 37 122 742 286 89 721 255 615 758 41 28 140
? 14 472 18 371 753 585 414 110 196 350 513 396 113 11 330
? 14 117 651 587 716 295 399 650 104 410 333 460 517 567 72
? 14 492 302 234 8 726 152 361 47 246 421 597 586 574 389
? 14 345 114 469 312 544 281 735 670 224 237 719 39 248 527
? 14 270 799 538 217 710 619 535 280 0 284 493 733 575 664
? 14 578 736 304 609 794 752 608 629 682 45 314 387 666 69
? 14 772 595 194 696 358 765 473 760 648 452 534 702 633 573
? 14 652 111 646 706 655 235 787 309 439 257 429 728 550 733
? 14 153 394 529 185 203 386 299 348 569 524 397 166 178 209
? 14 140 593 37 742 286 89 721 255 615 139 758 41 28 694
? 14 188 259 43 9 476 145 520 121 293 415 743 148 315 379
? 14 556 540 727 176 200 17 222 204 219 71 272 623 207 625
!
20 21 59 68 99 105 199 225 271 318 355 378 409 447 475 515 554 604 615 616 667 674 677 685 686 694 698 742 745 759 769
447 475
475 769
769 615
769 225
225 745
225 677
677 20
20 616
616 105
105 694
694 685
685 742
742 99
677 604
604 378
378 59
59 355
355 409
378 21
21 271
21 674
674 68
68 199
409 318
199 759
759 686
686 698
409 515
515 667
99 554
24 76 87 106 189 195 210 276 287 292 294 385 388 448 453 501 543 603 632 645 701 711 723 724 731 747 755 766 771 795
747 453
453 388
388 76
747 189
189 731
731 543
747 771
771 701
701 210
701 766
766 294
294 724
294 276
276 448
448 603
603 385
385 87
724 632
632 106
106 24
24 292
292 287
388 501
501 711
106 795
795 723
723 645
501 195
645 755
50 150 221
221 150
150 50
281 345 463 544
544 345
544 463
463 281
582 662
582 662
14 136 348 386 439 660
14 386
386 136
136 348
14 660
660 439
64 169 194 337 473 534 595 648 696 765 772
64 169
64 772
772 534
534 473
473 696
696 648
648 194
169 765
765 595
765 337
417 697
417 697
37 41 67 100 122 139 171 232 263 286 306 307 320 336 380 402 464 480 497 577 593 658 721 740 750 758 762 793
497 171
171 750
497 320
320 336
336 480
480 758
758 232
232 306
306 762
762 37
306 464
37 139
171 380
464 721
721 593
139 658
658 67
67 263
263 122
122 402
402 793
658 286
286 740
232 307
464 577
577 41
41 100
54 82 88 93 157 182 226 243 325 369 461 533 539 557 564 581 746 796
157 325
325 461
461 93
93 557
557 746
746 88
88 564
564 243
564 54
54 369
369 539
539 581
539 82
82 533
533 796
564 182
182 226
27 72 104 117 137 186 205 213 223 295 333 410 465 467 491 532 553 563 580 600 605 668 678 684 708
467 668
467 708
708 465
668 72
72 333
333 27
27 532
72 410
532 295
532 205
205 117
205 104
104 213
213 684
684 186
186 553
465 491
491 580
580 223
223 600
600 605
605 137
137 678
137 563
12 96 108 110 113 218 269 298 330 349 398 468 513 531 546 590 594 614 624 770 779
513 614
614 330
513 546
546 468
468 110
110 269
269 218
218 12
468 349
349 398
398 113
113 108
108 96
108 298
298 779
779 594
594 531
594 590
590 624
269 770
25 31 42 70 73 119 123 155 230 240 245 262 326 341 342 346 360 382 406 452 488 495 505 572 584 628 715 729
155 572
572 406
572 230
230 240
240 70
70 729
729 346
240 341
341 505
155 360
360 262
729 42
42 488
488 119
119 342
42 73
73 123
73 495
495 31
505 382
382 628
382 25
628 326
326 584
326 245
119 715
715 452
749
120 127 141 215 220 264 308 366 395 424 536 617 631 725 739 783
395 220
220 215
395 366
366 631
631 536
536 617
617 783
366 127
127 141
127 739
783 725
725 308
308 424
424 264
725 120
13 33 149 177 224 267 282 322 444 545 709 735
545 33
33 177
177 322
322 13
177 444
13 709
709 267
267 282
282 149
267 224
224 735
15 46 111 217 235 390 429 500 576 592 619 652 655 657 664 695 703 722 733 787
664 217
217 111
111 652
652 15
652 429
217 655
655 500
655 787
787 619
15 235
500 390
390 733
733 657
390 695
733 46
46 703
46 576
576 722
235 592
659
145 188
145 188
1 9 57 86 144 159 162 172 175 197 198 201 238 265 289 293 301 310 328 329 331 335 351 352 379 393 415 425 434 443 457 477 479 494 508 525 555 589 611 618 638 643 644 649 661 720 743 767 776 778 784 791
201 776
776 393
393 379
379 162
162 649
393 638
638 525
525 415
162 743
743 351
351 238
238 293
293 9
238 443
443 172
443 331
172 352
352 335
335 589
589 618
618 86
86 644
644 328
328 661
335 329
329 778
778 265
661 767
767 477
477 611
611 555
477 434
434 479
479 198
198 494
494 508
508 457
457 144
479 289
289 791
289 310
791 197
197 301
301 720
720 425
425 784
784 643
661 159
611 57
159 175
175 1
0 16 23 48 92 118 126 128 134 168 202 229 242 247 252 257 266 270 284 297 363 370 391 450 459 493 535 538 542 571 575 596 635 653 673 689 710 712 728 748 751 761 768 774 786 799
16 92
16 370
370 252
252 774
370 257
257 542
542 493
493 535
535 284
535 710
710 799
799 761
761 0
0 270
799 459
270 575
575 538
538 653
459 134
134 751
751 118
118 768
768 571
571 247
247 48
48 242
242 168
168 596
118 229
229 128
493 728
596 363
363 673
673 450
450 266
266 126
126 786
786 712
712 391
391 689
689 202
202 23
450 748
126 635
635 297
29 35 38 40 56 83 102 132 138 179 183 190 191 208 214 241 249 300 319 334 338 354 373 383 384 403 437 440 445 454 487 521 522 528 560 566 579 607 612 647 650 654 656 690 699 707 732 753 790 797
699 56
56 790
790 647
647 797
797 437
437 707
707 338
338 373
373 521
521 560
560 612
612 440
440 40
40 445
445 654
654 83
654 319
319 249
249 753
753 190
190 384
384 487
487 241
384 334
334 132
241 690
690 528
528 35
35 579
647 656
656 183
183 29
521 566
566 138
566 208
208 191
191 214
214 454
214 650
650 383
790 38
40 607
607 403
607 732
732 102
403 354
354 522
454 179
29 300
4 11 17 32 52 101 103 124 131 133 143 146 158 160 170 176 192 193 200 236 250 251 280 283 291 309 323 343 350 362 367 396 413 414 419 428 435 451 455 456 466 485 499 512 514 550 602 641 646 663 675 681 693 706 773 788 792
396 414
414 11
11 350
11 550
550 681
681 499
499 792
550 101
499 435
435 160
160 466
466 602
602 512
512 362
362 291
160 413
413 32
32 193
291 641
641 675
675 192
192 428
192 693
32 131
131 646
646 200
131 323
693 146
146 283
200 455
455 773
773 143
773 170
170 52
52 103
170 367
367 4
4 17
17 236
4 176
428 456
456 343
343 485
485 451
451 133
143 419
419 706
706 309
309 251
251 514
251 280
309 788
788 124
451 663
663 250
250 158
8 26 60 112 152 216 246 254 278 285 296 302 305 332 339 344 361 364 368 389 420 430 433 462 492 496 506 511 523 551 570 574 586 597 640 642 700 718 726 775
344 574
574 364
364 523
523 726
726 152
152 246
246 492
492 302
302 551
551 570
344 511
511 420
511 700
700 285
285 339
339 506
506 718
152 332
332 254
254 775
775 462
775 368
368 305
305 112
462 496
462 296
570 586
364 361
361 597
597 8
8 389
389 278
278 26
26 642
26 430
586 640
640 433
305 216
216 60
5 10 45 69 80 147 304 314 387 426 442 561 578 608 609 629 637 666 682 736 752 794
10 80
10 561
561 314
314 629
629 682
682 666
666 69
69 578
578 608
578 45
45 752
752 304
304 426
426 637
426 736
736 794
608 387
387 609
637 147
637 5
736 442
34 44 129 347 353 392 422 438 458 486 517 518 562 591 613 717 738 764
518 517
517 738
738 392
738 764
764 613
517 486
486 422
422 44
44 458
458 34
34 562
562 347
347 591
591 129
129 353
458 717
353 438
6 43 49 51 66 75 78 79 85 95 109 121 125 148 151 153 166 174 181 185 209 211 228 244 259 261 268 273 315 317 394 432 436 446 476 516 520 524 529 530 537 548 549 552 559 588 598 621 671 672 676 687 705 714 730 737 798
181 151
151 244
244 75
75 714
75 432
432 49
432 268
268 559
714 446
49 671
671 705
705 85
85 516
705 730
730 66
516 537
537 676
676 273
273 530
530 798
676 737
737 476
730 43
43 317
317 261
261 6
6 125
125 520
520 687
520 174
530 51
476 78
476 228
181 185
185 209
209 166
166 394
394 529
394 153
153 524
185 79
228 436
436 109
109 552
109 148
78 121
121 315
315 259
524 549
549 598
598 672
598 588
588 211
211 548
672 621
549 95
39 116 156 237 248 324 327 340 427 498 527 719
427 156
156 527
527 324
324 327
327 340
340 498
498 116
324 39
39 719
719 237
237 248
449
2 7 30 94 256 274 374 399 400 407 416 418 460 481 565 567 583 587 606 610 626 651 679 691 716 734 744 780
374 274
374 587
587 400
400 567
567 399
400 651
651 610
610 734
734 256
256 744
744 679
679 94
94 30
30 407
407 418
407 626
30 565
94 481
651 780
780 716
716 7
7 2
2 691
691 416
7 583
583 460
460 606
114 312 357 358 469 573 633 670 702 760
702 357
357 760
760 469
469 633
633 573
573 358
573 312
312 114
114 670
81 239 313 541
541 313
313 239
239 81
502
28 89 140 255
255 28
28 89
89 140
3 167 375 509 777
375 167
167 509
509 777
375 3
19 65 71 98 115 154 180 184 204 207 212 219 222 231 272 377 412 470 540 556 601 620 622 623 625 665 727
204 180
180 222
222 212
222 556
556 207
207 272
272 65
65 727
727 540
556 219
219 71
272 184
184 601
601 623
540 470
272 19
219 154
154 231
231 620
620 98
98 115
231 377
377 622
622 665
622 625
625 412
55 62 91 135 165 187 233 253 290 365 376 401 404 408 441 474 510 636 639 763 785
165 636
636 290
290 763
763 135
135 187
187 441
441 785
785 253
253 376
376 404
253 510
510 55
510 91
91 639
639 408
408 233
233 474
408 401
639 62
62 365
36 74 90 97 130 277 279 303 356 431 503 507 519 683 692 782
277 356
356 74
74 130
130 431
130 683
683 279
279 503
503 519
519 36
36 97
503 303
303 90
90 782
74 692
36 507
18 196 371 472 585 781
472 196
472 781
781 371
371 18
18 585
53 84 142 173 178 203 299 397 478 490 526 568 569 599 634 704
397 178
397 490
490 84
84 299
299 526
526 568
568 704
568 203
203 599
203 53
178 569
299 634
634 173
599 478
173 142
22 61 63 107 163 258 260 381 471 482 484 489 547 558 627 630 680 741 757 789
163 107
163 680
680 489
680 381
107 63
63 482
482 627
627 630
630 471
381 61
471 741
741 547
547 260
260 757
757 22
22 258
757 789
789 484
630 558
47 164 206 227 234 275 288 311 316 359 372 411 421 423 504 669 688 713 756
411 713
411 227
227 206
713 234
234 372
372 316
316 504
504 688
504 421
421 47
47 669
234 756
756 311
669 423
423 288
288 275
275 359
288 164
58 77 161 321 405 483 754
754 161
161 321
161 483
483 77
77 405
405 58
