? 13 555 488 137 637 266 275 485 290 616 772 595 671 687
? 13 639 313 289 483 374 784 226 39 213 567 794 732 223
? 13 629 15 305 239 727 102 74 276 793 228 795 636 688
? 13 576 131 407 593 465 100 132 624 746 722 603 172 70
? 13 719 771 225 791 499 581 501 669 160 753 195 690 714
? 13 696 771 225 464 156 227 581 669 243 719 160 690 714
? 13 253 327 123 635 312 64 335 75 86 583 606 34 59
? 13 395 566 126 649 251 530 478 163 409 49 169 435 777
? 13 335 367 184 123 189 486 653 253 64 572 75 781 606
? 13 354 678 479 588 439 720 336 745 358 405 72 141 532
? 13 355 81 383 700 155 758 499 455 166 300 46 195 496
? 13 416 611 550 206 569 481 575 434 121 366 55 17 520
? 13 464 225 156 211 227 522 783 243 696 160 559 133 690
? 13 747 566 511 554 718 106 769 362 49 680 558 333 589
? 13 411 142 631 314 401 219 167 768 535 233 670 198 376
? 13 768 411 261 168 306 314 389 401 167 763 233 147 198
? 13 652 674 287 468 751 738 683 204 778 252 445 237 115
? 13 101 461 337 459 278 199 124 6 447 500 97 760 330
? 13 493 599 139 281 582 10 93 116 438 512 732 245 458
? 13 758 87 709 155 651 107 328 18 455 159 429 166 180
? 13 353 162 24 647 508 209 334 440 634 114 792 591 377
? 13 62 221 283 25 44 288 491 161 604 421 414 681 418
? 13 752 81 134 700 215 324 776 391 304 617 748 531 496
? 13 374 578 503 483 408 235 639 10 438 567 223 529 442
? 13 653 367 184 189 486 572 335 75 561 781 521 606 380
? 13 538 612 318 84 309 402 241 325 173 196 500 43 97
? 13 783 229 94 346 498 489 211 522 243 782 662 308 406
? 13 412 337 19 459 740 425 734 633 645 365 500 97 99
? 13 18 87 383 709 155 651 107 328 758 455 429 300 180
? 13 147 142 4 168 3 79 44 401 143 167 763 125 52
? 13 92 162 484 388 231 258 334 419 642 114 415 54 426
? 13 100 131 497 465 703 132 475 624 576 722 603 224 172
? 13 387 519 24 48 209 216 192 317 440 731 165 463 249
? 13 776 791 283 592 421 414 681 617 748 46 195 460 496
? 13 139 599 630 267 686 281 443 93 650 493 512 245 458
? 13 502 248 643 431 356 341 246 660 315 605 644 704 654
? 13 720 479 588 354 175 96 358 444 6 110 72 280 532
? 13 358 318 479 588 354 720 175 96 745 173 110 72 532
? 13 33 428 103 685 364 456 424 577 475 29 172 799 677
? 13 121 47 655 575 782 662 580 148 676 416 141 786 520
? 13 351 417 150 53 385 518 666 759 71 158 618 730 661
? 13 677 33 428 103 685 364 424 577 466 29 433 799 257
? 13 5 423 67 265 451 766 119 735 273 495 756 382 299
? 13 205 678 477 94 346 294 522 336 745 405 308 342 176
? 13 434 611 569 481 568 692 607 525 527 482 640 416 17
? 13 384 26 244 210 261 504 579 389 584 113 218 63 284
? 13 125 142 221 44 143 167 763 604 147 50 256 198 52
? 13 680 554 484 431 502 246 315 362 51 654 589 426 747
? 13 527 611 569 568 692 607 275 525 434 482 640 17 595
? 13 219 411 462 142 631 451 188 656 50 670 357 198 376
? 13 190 378 547 140 208 487 259 441 27 45 492 170 122
? 13 166 81 383 700 120 155 758 455 355 300 304 46 496
? 13 41 700 313 120 509 155 726 541 784 394 304 39 213
? 13 605 248 594 490 643 528 431 698 660 347 315 644 672
? 13 83 648 728 557 519 270 216 311 397 713 165 436 610
? 13 134 367 369 215 324 572 391 752 617 748 531 460 496
? 13 780 556 398 474 385 666 755 73 158 65 711 42 207
? 13 289 191 483 639 784 226 39 213 567 794 732 223 396
? 13 36 194 450 14 705 301 454 632 471 573 534 392 339
? 13 59 427 253 319 312 476 75 788 583 606 34 183 552
? 13 93 82 599 630 139 686 281 775 69 443 658 171 245
? 13 372 545 560 679 349 375 8 135 57 761 60 331 285
? 13 389 26 244 210 261 504 584 384 587 63 233 742 284
? 13 330 461 337 459 542 278 199 390 124 77 101 447 760
? 13 446 187 140 757 638 764 27 609 203 706 34 536 122
? 13 90 184 462 189 486 656 491 781 521 50 256 467 380
? 13 682 398 102 474 296 228 12 795 200 73 695 573 28
? 13 722 131 105 497 465 703 100 132 475 624 576 603 172
? 13 45 797 208 487 259 441 35 95 190 127 716 170 326
? 13 436 728 557 270 397 713 785 83 539 544 659 610 506
? 13 53 417 754 150 751 693 164 404 789 523 759 351 618
? 13 260 279 553 586 400 472 750 182 129 574 422 76 360
? 13 169 395 651 126 107 649 251 159 478 541 394 409 435
? 13 204 674 287 87 468 738 683 302 652 753 445 237 115
? 13 574 614 260 400 472 242 579 113 218 129 284 76 360
? 13 348 215 327 123 399 253 635 312 64 316 86 628 151
? 13 84 26 337 241 199 584 325 196 101 538 500 97 760
? 13 343 296 456 200 475 466 691 695 29 224 573 534 28
? 13 361 648 511 625 178 718 106 274 323 558 333 371 363
? 13 485 488 515 413 563 137 637 266 290 494 616 772 555
? 13 659 728 270 222 646 61 787 785 539 118 329 436 112
? 13 799 194 33 428 103 685 364 424 577 466 29 433 677
? 13 771 225 791 283 592 669 684 719 160 414 681 195 714
? 13 278 153 124 444 77 779 6 447 263 760 350 104 330
? 13 670 411 462 142 631 188 656 219 167 50 357 198 376
? 13 367 369 134 184 189 486 25 653 572 335 521 617 460
? 13 187 140 757 144 393 203 706 774 536 122 446 38 291
? 13 784 313 41 289 509 649 726 639 541 394 226 39 213
? 13 711 556 473 385 518 352 780 755 564 379 158 65 42
? 13 241 26 84 504 309 402 584 325 587 538 742 500 97
? 13 279 553 260 586 750 182 600 608 268 129 310 76 620
? 13 459 337 542 425 199 390 124 645 101 321 469 412 330
? 13 213 313 41 289 509 483 726 639 541 784 226 39 794
? 13 299 423 265 5 663 766 119 262 788 273 495 756 382
? 13 700 81 120 41 509 155 758 726 355 166 300 304 496
? 13 489 206 229 346 498 783 782 662 770 366 55 416 406
? 13 483 191 289 374 639 226 39 438 567 794 732 223 396
? 13 162 24 508 388 353 258 334 642 92 634 114 415 591
? 13 759 417 474 754 150 53 789 666 71 351 30 618 730
? 13 131 105 497 465 703 100 132 475 624 576 722 603 172
? 13 417 754 150 53 385 693 789 666 759 71 351 618 730
? 13 333 511 554 508 106 769 361 642 323 558 371 377 747
? 13 689 517 306 707 673 386 282 250 230 535 217 376 31
? 13 702 578 503 408 117 341 660 543 704 269 307 529 442
? 13 49 395 566 554 649 718 478 163 769 362 558 589 747
? 13 692 105 546 568 607 525 527 434 565 482 640 17 595
? 13 392 194 450 36 14 705 301 454 466 632 471 534 339
? 13 591 162 24 647 508 388 353 209 334 440 634 114 792
? 13 619 13 272 488 298 413 271 563 130 664 724 202 616
? 13 210 26 244 261 504 579 389 584 384 113 218 63 284
? 13 207 556 398 102 474 385 228 795 666 780 755 73 42
? 13 262 80 663 766 119 621 273 183 495 756 552 382 299
? 13 135 545 668 560 796 723 375 419 57 372 60 331 285
? 13 460 367 369 134 189 486 283 25 776 421 521 617 748
? 13 184 189 486 653 335 561 491 781 90 521 256 467 380
? 13 34 427 638 253 319 312 476 764 609 75 86 583 59
? 13 178 648 625 530 106 9 274 410 361 585 507 371 363
? 13 498 229 94 346 489 211 522 783 243 782 205 662 308
? 13 211 94 346 464 156 498 227 522 336 783 243 205 308
? 13 425 337 19 459 740 734 633 645 321 365 469 99 412
? 13 691 33 428 343 296 456 577 475 466 29 224 799 28
? 13 208 626 547 259 35 190 45 127 286 111 774 798 291
? 13 112 270 697 311 646 61 787 186 177 118 453 329 659
? 13 599 82 630 267 139 686 281 775 69 443 93 171 245
? 13 427 717 319 312 476 75 788 292 583 34 183 552 59
? 13 81 383 700 120 155 499 355 166 300 748 46 195 496
? 13 593 407 137 465 359 637 23 132 290 624 746 576 70
? 13 379 88 473 518 778 564 158 721 65 711 157 115 661
? 13 73 398 102 474 385 228 795 666 682 780 200 42 207
? 13 432 378 547 457 437 399 69 764 27 609 85 20 170
? 13 556 15 398 473 352 795 780 755 453 65 711 42 207
? 13 763 142 4 168 3 79 44 401 143 167 147 125 52
? 13 363 625 178 718 530 106 9 274 410 361 585 507 777
? 13 229 206 346 498 489 154 783 782 770 366 55 406 548
? 13 766 265 5 80 663 119 262 273 495 756 552 382 299
? 13 316 215 348 327 123 324 635 64 572 752 531 628 151
? 13 271 13 272 619 563 130 739 664 590 724 641 202 138
? 13 546 754 568 692 200 759 565 71 224 30 618 730 28
? 13 153 2 278 175 444 77 6 447 263 280 524 350 598
? 13 601 622 191 457 483 399 20 316 628 794 732 151 396
? 13 688 373 239 665 697 74 540 627 629 765 177 322 737
? 13 88 287 518 91 778 564 351 379 158 65 157 115 661
? 13 728 557 519 270 311 397 646 713 785 83 659 436 610
? 13 402 612 4 477 549 309 3 241 325 196 538 742 43
? 13 477 678 612 549 309 294 3 402 336 205 240 342 176
? 13 586 279 553 260 750 182 600 608 268 129 422 620 360
? 13 396 622 191 457 289 437 483 399 20 628 601 794 732
? 13 252 287 468 751 693 204 154 164 523 652 201 406 548
? 13 235 578 503 408 374 10 116 438 744 567 21 529 442
? 13 655 47 439 739 175 641 40 580 148 280 676 141 786
? 13 637 407 105 275 132 525 624 482 772 595 555 671 687
? 13 57 303 24 679 388 258 419 317 135 715 114 60 331
? 13 409 395 651 126 649 251 159 478 541 394 163 169 435
? 13 478 395 566 313 649 741 541 394 163 409 49 169 435
? 13 445 674 197 287 738 683 91 212 778 32 338 652 115
? 13 622 191 457 289 483 399 20 628 601 794 732 151 396
? 13 631 411 462 623 142 451 188 219 50 670 357 198 376
? 13 74 15 239 727 665 697 540 228 629 177 118 322 688
? 13 115 674 287 88 738 683 91 778 338 652 445 157 661
? 13 447 278 153 124 444 77 101 6 110 524 760 104 330
? 13 281 599 630 267 139 686 775 443 93 171 650 245 458
? 13 302 87 383 468 225 499 581 455 204 501 753 237 690
? 13 740 337 19 504 425 113 734 218 645 365 97 99 412
? 13 306 244 261 314 389 381 689 762 768 233 217 284 68
? 13 400 614 260 108 472 185 193 242 574 733 422 234 360
? 13 259 378 547 140 208 757 190 27 45 432 492 170 122
? 13 331 545 303 24 679 258 419 135 57 715 372 114 60
? 13 328 674 87 383 709 651 107 758 18 455 429 302 180
? 13 645 337 19 459 542 425 734 633 321 469 109 99 412
? 13 183 427 663 319 476 119 262 621 292 756 516 552 128
? 13 223 289 483 235 374 639 10 226 39 438 567 794 732
? 13 247 790 303 679 145 317 57 715 463 505 60 249 331
? 13 122 187 547 140 757 259 638 764 27 609 203 706 446
? 13 375 560 513 796 657 349 675 8 135 372 761 60 285
? 13 58 708 767 103 452 424 602 37 277 368 340 232 257
? 13 497 131 105 703 100 132 525 565 475 624 722 603 224
? 13 91 674 88 683 212 778 32 338 445 721 157 115 661
? 13 249 303 24 145 209 192 317 440 715 463 114 387 247
? 13 566 395 554 741 718 478 163 769 362 49 558 589 747
? 13 735 423 67 265 5 451 0 152 345 89 273 382 299
? 13 15 556 239 398 697 74 228 629 795 177 322 688 42
? 13 360 553 614 260 586 400 472 193 242 574 422 234 76
? 13 557 728 222 48 192 397 785 539 165 544 436 610 506
? 13 110 479 588 720 175 96 358 444 6 447 72 280 532
? 13 751 287 468 150 53 693 164 404 789 523 652 252 201
? 13 595 611 550 105 637 275 525 527 482 640 772 671 687
? 13 342 678 477 94 549 294 211 522 336 205 405 240 176
? 13 795 556 15 398 102 276 228 629 682 780 73 42 207
? 13 501 87 383 225 499 581 455 302 300 719 753 237 690
? 13 594 248 490 643 528 431 698 356 347 605 644 672 701
? 13 442 578 702 503 408 117 235 341 374 543 744 269 529
? 13 773 313 649 502 741 341 7 478 163 362 654 589 529
? 13 511 647 508 353 106 642 323 634 558 333 792 371 377
? 13 569 611 550 575 275 527 482 640 416 772 595 671 520
? 13 794 622 191 289 483 639 226 39 213 567 732 223 396
? 13 123 215 348 327 253 635 312 64 572 335 316 86 151
? 13 338 674 197 537 91 212 778 32 9 293 445 721 115
? 13 792 162 511 519 647 508 353 209 216 440 634 591 377
? 13 141 47 655 479 439 354 782 40 405 662 580 148 72
? 13 507 625 178 212 32 9 186 410 293 710 585 721 363
? 13 290 407 593 137 465 637 23 132 624 746 576 555 70
? 13 50 462 142 631 188 656 219 90 670 256 198 467 125
? 13 398 556 15 102 474 228 795 682 780 755 73 42 207
? 13 336 678 477 94 346 294 354 522 745 205 405 308 342
? 13 456 33 428 343 364 424 577 475 466 691 29 224 799
? 13 323 648 511 647 508 106 361 634 558 333 792 371 377
? 13 754 417 150 546 53 568 404 789 759 71 30 618 730
? 13 4 612 549 168 309 3 402 79 763 147 240 43 176
? 13 684 771 791 283 592 669 719 160 421 414 681 418 714
? 13 524 479 2 739 175 153 641 444 40 6 110 280 350
? 13 732 622 289 483 639 226 493 438 512 567 794 223 396
? 13 525 611 105 497 692 275 527 482 640 772 595 671 687
? 13 438 235 374 582 10 116 493 744 512 567 21 223 458
? 13 106 648 511 625 178 718 274 361 323 558 333 371 363
? 13 475 33 131 343 497 456 703 100 722 691 603 224 172
? 13 698 248 594 484 490 528 570 231 347 315 605 644 672
? 13 512 599 630 139 281 10 93 116 493 438 732 245 458
? 13 231 484 698 570 615 347 315 644 92 51 672 54 426
? 13 435 197 395 537 709 651 126 251 159 530 409 169 777
? 13 364 33 428 103 685 424 577 466 29 433 799 677 257
? 13 764 187 140 757 638 312 27 609 203 86 34 122 446
? 13 668 613 545 179 796 723 657 570 615 375 135 699 54
? 13 532 318 479 588 354 720 96 745 358 444 173 110 72
? 13 60 560 303 679 145 419 135 57 715 372 247 331 285
? 13 143 221 449 168 79 44 288 763 161 604 147 240 52
? 13 706 187 140 757 144 393 203 111 774 536 122 38 291
? 13 156 220 449 464 736 211 227 522 243 696 160 559 133
? 13 521 367 369 184 189 486 25 653 491 90 256 460 380
? 13 486 367 369 184 189 25 653 335 491 90 521 460 380
? 13 713 728 557 519 270 216 311 397 83 165 436 610 377
? 13 334 162 303 24 388 353 209 258 642 634 114 415 591
? 13 441 487 403 95 551 190 11 45 492 716 658 170 326
? 13 26 210 261 504 241 389 584 384 113 218 587 63 742
? 13 265 423 67 5 451 766 735 345 89 273 495 382 299
? 13 94 346 498 211 522 336 783 243 782 205 405 662 308
? 13 481 206 607 164 404 789 523 434 770 366 55 416 17
? 13 480 614 470 108 185 242 430 381 762 217 571 284 68
? 13 86 348 327 123 638 399 253 635 312 64 764 609 34
? 13 220 449 549 736 294 79 288 143 559 240 133 418 176
? 13 755 556 473 518 352 780 564 453 158 65 711 42 207
? 13 237 87 468 738 499 581 455 204 501 302 652 753 690
? 13 530 395 625 126 178 718 106 9 361 585 435 777 363
? 13 560 513 796 657 349 375 675 8 135 372 761 60 285
? 13 362 773 566 502 741 7 246 163 49 680 654 589 747
? 13 782 206 229 94 346 498 489 662 580 148 308 121 141
? 13 42 556 15 398 385 228 795 780 755 73 65 711 207
? 13 388 162 24 353 258 334 419 57 642 92 114 415 591
? 13 108 480 614 400 185 242 430 762 733 571 234 68 360
? 13 678 477 318 588 294 354 336 745 358 173 205 405 342
? 13 54 613 179 484 698 570 615 231 699 92 51 672 426
? 13 467 184 423 462 656 561 491 781 90 50 256 495 380
? 13 550 611 569 575 275 527 482 640 416 772 595 671 520
? 13 189 367 369 184 486 653 335 491 90 521 256 460 380
? 13 465 131 407 593 100 132 624 746 576 722 603 172 70
? 13 509 700 120 41 155 107 159 726 541 784 394 304 213
? 13 592 771 791 283 776 669 684 421 414 681 46 195 714
? 13 142 411 462 631 188 219 167 763 50 670 198 125 52
? 13 23 407 593 515 137 465 132 290 624 746 576 238 70
? 13 414 771 791 283 25 776 592 62 669 684 421 681 418
? 13 587 26 210 261 504 309 241 389 584 384 63 742 43
? 13 642 162 511 647 508 388 353 258 334 92 415 591 426
? 13 687 105 637 275 132 525 624 482 640 772 595 555 671
? 13 303 24 334 419 317 440 57 715 114 247 591 249 331
? 13 203 187 140 757 638 144 393 706 774 536 122 446 38
? 13 273 423 265 5 80 663 766 119 262 495 756 382 299
? 13 716 626 797 370 208 441 403 35 95 45 127 798 326
? 13 472 244 210 400 242 579 384 113 218 574 284 76 360
? 13 624 131 407 497 465 100 132 746 576 722 603 70 687
? 13 474 398 385 666 682 780 200 759 71 73 30 730 207
? 13 47 655 439 641 782 40 662 580 148 121 676 141 786
? 13 634 162 511 519 647 508 353 209 216 440 792 591 377
? 13 565 105 497 546 703 568 692 525 527 722 482 224 640
? 13 656 423 462 67 631 451 188 219 735 90 50 256 467
? 13 185 480 614 470 108 242 430 762 733 217 571 234 68
? 13 350 2 255 278 739 153 590 77 263 138 524 104 598
? 13 415 162 508 388 353 258 334 419 642 92 114 591 426
? 13 567 289 483 235 374 639 10 226 438 794 732 223 529
? 13 194 22 36 14 466 632 29 471 433 799 534 392 339
? 13 570 613 179 484 490 698 615 231 347 699 51 672 54
? 13 741 773 566 313 649 502 341 7 478 163 362 654 589
? 13 144 187 717 181 393 203 111 706 774 536 174 38 291
? 13 579 244 210 504 472 384 113 218 129 365 574 284 76
? 13 491 184 221 189 486 62 90 604 521 50 256 125 380
? 13 572 367 369 134 215 123 189 486 324 653 64 335 316
? 13 145 790 303 679 317 57 731 715 463 505 247 60 249
? 13 13 272 619 298 332 271 130 664 743 590 202 749 138
? 13 368 510 562 708 359 602 254 236 238 596 340 58 232
? 13 788 663 766 119 75 561 262 781 606 495 756 552 299
? 13 410 625 178 212 32 9 186 293 710 585 507 721 363
? 13 658 82 599 378 487 403 551 775 69 11 443 93 492
? 13 277 320 767 685 364 1 214 37 533 433 58 677 257
? 13 9 197 625 212 530 32 410 293 585 507 721 777 363
? 13 186 473 178 274 352 410 710 564 585 453 507 112 721
? 13 282 98 517 707 673 386 250 689 230 535 217 31 448
? 13 589 566 554 741 246 163 769 362 49 680 654 558 747
? 13 424 33 428 103 685 364 456 577 29 799 58 677 257
? 13 663 5 766 119 262 788 273 183 495 756 552 382 299
? 13 666 417 474 385 518 780 759 71 73 351 158 65 730
? 13 636 373 450 305 712 727 102 276 793 12 629 454 526
? 13 29 194 33 428 685 364 456 577 466 691 471 799 677
? 13 308 94 346 498 211 522 336 783 782 205 405 662 141
? 13 339 194 667 22 36 14 705 301 454 632 471 534 392
? 13 390 461 337 459 542 124 645 146 321 779 469 109 330
? 13 669 771 225 791 581 592 684 719 160 681 195 690 714
? 13 245 694 149 267 139 686 281 582 171 116 650 493 458
? 13 762 480 470 108 185 430 250 381 230 217 571 31 68
? 13 625 178 718 530 106 9 274 410 293 361 585 507 363
? 13 46 81 791 283 776 592 355 300 681 748 195 714 496
? 13 217 480 470 306 185 386 430 381 689 762 230 571 68
? 13 603 131 497 465 703 100 132 475 624 576 722 172 70
? 13 212 197 537 91 778 32 9 338 410 293 507 445 721
? 13 479 588 439 354 720 175 745 358 40 110 72 280 532
? 13 450 36 276 793 12 14 705 301 454 526 573 534 392
? 13 699 613 179 668 594 490 723 698 570 615 231 672 54
? 13 504 26 210 261 241 579 389 584 384 113 218 587 63
? 13 313 773 509 649 7 478 541 784 163 409 169 39 213
? 13 288 220 221 449 736 79 44 143 62 161 559 133 418
? 13 327 348 123 253 635 312 64 335 75 316 86 583 151
? 13 708 56 510 452 602 254 236 264 368 725 340 58 232
? 13 458 694 149 267 139 281 582 10 116 650 493 512 245
? 13 769 566 554 718 106 163 362 49 680 558 333 589 747
? 13 325 612 318 84 588 309 402 241 96 173 196 538 532
? 13 181 187 717 144 319 393 203 706 292 536 128 174 38
? 13 232 510 562 708 359 602 254 236 238 596 368 340 58
? 13 529 578 702 503 408 117 235 341 374 567 223 269 442
? 13 451 423 462 67 265 5 631 188 656 152 735 273 357
? 13 114 162 303 24 388 353 209 258 334 419 440 57 591
? 13 600 279 553 260 586 750 182 608 268 78 136 310 620
? 13 551 82 378 487 441 403 95 11 45 492 658 170 326
? 13 192 557 48 397 317 440 731 165 544 463 387 610 249
? 13 30 474 754 546 568 666 200 759 565 71 618 730 28
? 13 38 187 717 144 286 181 393 203 111 706 774 536 291
? 13 573 450 36 102 296 12 14 301 682 454 526 695 534
? 13 133 771 220 449 464 736 156 227 288 684 160 559 418
? 13 403 82 378 487 441 95 551 11 45 492 658 170 326
? 13 382 265 5 80 16 663 766 119 262 273 495 756 299
? 13 462 423 142 67 631 451 188 656 219 50 670 357 198
? 13 774 187 208 144 286 393 203 111 706 536 122 38 291
? 13 310 19 279 586 750 182 600 734 129 633 645 514 76
? 13 8 560 513 796 657 349 375 675 135 372 761 60 285
? 13 37 56 320 22 767 1 214 295 533 277 433 58 257
? 13 461 459 542 278 390 124 146 77 321 779 469 104 330
? 13 201 468 751 693 154 696 523 252 770 237 406 690 548
? 13 693 287 417 150 53 751 164 404 789 523 252 351 618
? 13 386 98 517 707 673 282 250 689 230 535 217 31 448
? 13 250 98 517 66 470 673 386 430 282 689 230 31 448
? 13 683 674 287 468 738 91 204 778 338 652 445 115 661
? 13 356 248 594 643 528 431 660 605 644 420 704 307 701
? 13 614 480 108 400 472 185 193 242 574 733 422 234 360
? 13 494 272 488 515 619 298 332 563 266 724 749 485 616
? 13 82 599 378 487 403 551 69 11 443 93 492 658 170
? 13 182 279 553 260 586 750 600 608 268 129 136 310 620
? 13 346 94 498 489 211 522 336 783 243 782 205 662 308
? 13 542 461 337 459 390 124 633 645 146 321 469 109 330
? 13 539 557 270 222 397 61 785 544 118 329 659 436 506
? 13 394 120 41 509 155 651 107 159 726 541 409 169 180
? 13 469 461 337 459 542 390 124 633 645 146 321 109 330
? 13 165 557 519 48 216 192 397 713 83 544 463 387 610
? 13 385 417 474 518 666 780 73 351 158 65 711 730 207
? 13 522 94 346 464 498 211 227 336 783 243 205 308 342
? 13 21 694 578 149 235 582 10 116 650 438 744 245 458
? 13 251 197 395 537 709 651 126 159 409 169 435 777 180
? 13 268 279 553 260 586 750 182 600 608 78 136 422 620
? 13 39 313 41 289 483 726 639 784 226 213 794 732 223
? 13 685 33 428 103 364 424 577 466 29 433 799 677 257
? 13 292 717 319 476 181 262 621 536 183 516 552 128 174
? 13 161 221 79 44 288 143 62 491 604 421 414 418 52
? 13 786 47 655 413 575 641 40 580 148 121 676 141 520
? 13 120 700 41 509 155 107 758 726 355 166 394 304 180
? 13 767 56 320 103 1 214 295 37 533 277 433 58 257
? 13 709 197 87 537 651 107 328 251 758 18 159 429 180
? 13 99 337 19 459 740 425 113 734 633 645 365 97 412
? 13 202 13 272 619 298 332 271 130 664 743 590 749 138
? 13 781 184 189 653 335 75 561 90 788 606 495 467 380
? 13 453 556 473 646 787 352 186 755 710 564 112 65 711
? 13 452 56 510 708 597 236 295 264 368 725 340 58 232
? 13 137 407 593 515 637 23 132 485 290 746 576 555 70
? 13 25 367 369 486 283 776 592 62 421 521 414 681 460
? 13 715 303 24 679 145 419 317 57 114 247 60 249 331
? 13 138 13 2 255 271 130 739 743 590 202 263 350 598
? 13 56 320 708 767 452 1 597 214 295 37 264 725 58
? 13 437 630 547 457 348 399 69 27 85 20 432 170 628
? 13 52 142 221 168 79 44 143 167 763 161 604 147 125
? 13 753 87 383 225 499 581 455 501 302 300 719 237 690
? 13 484 698 570 615 231 347 315 605 644 51 672 54 426
? 13 582 694 149 267 139 10 116 650 438 744 21 245 458
? 13 540 239 665 697 627 765 61 177 118 329 322 688 737
? 13 180 87 709 120 155 651 107 328 758 18 159 429 394
? 13 552 427 663 766 319 476 119 262 788 183 495 756 59
? 13 492 82 378 487 441 403 551 190 69 11 658 170 326
? 13 499 383 225 581 455 501 355 302 300 719 753 195 714
? 13 421 369 791 283 25 776 592 62 684 414 681 418 460
? 13 22 194 667 36 14 533 466 277 632 471 433 392 339
? 13 340 510 562 708 452 359 602 254 236 264 596 368 232
? 13 322 239 665 697 74 540 627 629 765 177 118 688 737
? 13 761 560 513 679 796 349 375 675 8 135 372 60 285
? 13 48 557 192 397 317 785 731 165 544 463 387 249 506
? 13 470 480 185 386 430 282 250 762 230 217 571 31 68
? 13 705 450 712 36 12 14 301 454 526 573 534 392 339
? 13 517 98 623 66 707 673 386 282 250 689 729 535 448
!
657 796
657 796
377 415 508 511 519 591
415 508
508 511
511 519
519 377
377 591
349
12 102 296 534 691 695
296 12
12 695
296 691
695 102
691 534
157 379
157 379
301 339 450 705
301 339
339 450
450 705
69 432
69 432
237 252
237 252
23 70 100 132 137 290 407 555 576 593 637 687
70 555
555 593
593 23
23 290
290 407
407 137
555 100
100 132
290 576
576 637
637 687
485
545
200
248 490 528 644
644 490
644 248
248 528
47 641 739
47 641
641 739
287 417 468 652
287 652
652 468
287 417
323 333 558 642 747
323 642
642 333
323 747
747 558
505 790
505 790
195
143 418 449 559 736
418 736
736 143
143 449
449 559
211 783
783 211
106 718
718 106
134 215 324
134 324
134 215
269 374 408 503 702
702 408
408 503
702 269
503 374
363 371 648
371 363
363 648
595
741 773
773 741
566
341 529
341 529
723
36 636 712
36 712
36 636
419
524 655
524 655
187 393 446
187 393
187 446
128
229 366
366 229
482 565 640
482 565
482 640
530
228 276 305 526 688 727 793
228 688
688 793
793 305
305 727
793 526
526 276
59 144 174 181 536 706 717
144 174
144 181
181 536
536 717
536 59
59 706
568
420 701
420 701
66 98 448 470
66 448
448 470
470 98
178 293
178 293
30 53 618 730
618 30
30 53
53 730
124 199 358 760
124 760
760 199
199 358
202 413 550 563 616 664 724
413 616
616 550
413 563
563 724
724 664
724 202
73 158 385 398 474 556 661 666 682 755 780
556 682
682 385
385 780
780 474
474 755
755 398
398 666
666 158
158 661
780 73
34 327 609 638
327 609
609 34
609 638
21 93 116 149 245 582 650 694
650 149
650 245
245 116
116 582
149 694
694 93
116 21
35 626
626 35
726
44 79 125 142 161 221 288 491 604
491 125
125 221
221 44
44 288
288 161
221 604
604 142
161 79
52 67 90 147 167 168 188 198 219 282 357 376 402 411 462 535 623 670 707 763 768
52 768
768 168
168 402
52 763
763 167
167 462
462 411
411 198
198 535
535 282
282 623
623 376
623 707
535 357
357 670
670 67
763 219
357 188
188 147
147 90
203 764
203 764
18
25 283 421
283 421
421 25
86
361 410
361 410
442
62
64
50
27 547
547 27
186 274 585 625
274 585
585 625
274 186
258 353 388
258 388
258 353
190
154 201 406 498 548 693 751 770
770 548
548 406
406 751
751 154
548 201
201 498
154 693
8 285 372 375 513 560 675 761
8 375
375 513
8 560
560 372
372 285
285 761
513 675
514
75 123
75 123
210 244 284
210 284
210 244
217 381 472
217 472
217 381
10 235 438
10 438
10 235
414 791
414 791
68 108 230 250 386 430 571
430 68
68 108
108 250
250 386
386 571
571 230
76 129
76 129
31 673
31 673
227 243 342 464 489 522
464 342
342 489
489 243
243 522
243 227
72 141 308 346 354 405 439 479 588 678 745
354 678
678 308
354 405
405 346
308 439
354 141
141 745
745 479
745 588
588 72
273 663
273 663
48 145 731
48 731
731 145
41 169
41 169
39 226
39 226
294
493 732 794
493 732
732 794
138 743
138 743
429
54 699
54 699
57 60 247 331 679 715
247 715
715 331
247 60
60 679
331 57
297
160 684 696
684 160
684 696
517 729
517 729
152
271
121
416 520 527
520 527
527 416
362
473 564
473 564
40 580
40 580
94 205 782
94 205
205 782
11 403 487 551 658
487 658
487 403
403 551
551 11
171 267 775
171 775
171 267
77 104 461 779
77 779
77 104
104 461
542 734
542 734
46 531 617 748 752
748 531
531 46
531 752
752 617
109 633
109 633
19
612
113 241 504 584
113 241
113 504
504 584
397 436 506 659 785
785 506
785 659
659 397
506 436
29 456 573
29 456
456 573
391
22 632 667
22 632
632 667
1 37 214 320
1 320
1 37
320 214
630
61 118 329 539
61 329
329 118
329 539
2 13 255 263 590 598 619
2 13
13 590
590 263
263 598
2 619
598 255
24 83 114 165 209 216 249 334 440 634 792
83 792
792 249
249 440
440 114
114 634
634 334
334 209
209 24
440 216
216 165
9 32 88 197 212 338 721 777 778
32 721
721 9
9 212
212 777
777 197
32 778
778 88
88 338
266 488
488 266
313 409 478 649
313 409
409 649
649 478
135
315 484 570 594 615 672 680 698
484 570
570 315
484 680
680 594
594 615
594 672
615 698
185 193 234 268 360 400 422 553 574 614 733 750
360 193
193 185
193 733
733 614
614 422
422 234
234 553
553 574
553 400
400 750
750 268
769
607
58 103 428
58 428
428 103
192 387 544 557
544 192
544 557
192 387
611
28
78 586 600 608
78 600
600 586
586 608
105 624
105 624
496
629
49
182 310
182 310
581 719
719 581
303 317 463
463 317
317 303
133 681
133 681
509 541
509 541
606
17 525 569
17 525
525 569
33 257 277 364 392 433 466 533 677 685 799
799 466
466 392
392 33
33 685
685 433
433 277
277 533
277 677
677 257
257 364
275
115 683 738
738 683
683 115
96 173 196 318 325 477 532 538
96 532
532 318
318 173
173 477
477 538
538 325
318 196
172 343 703
172 703
703 343
480 762
762 480
71
146 321 469
469 321
321 146
148 575 662 676 786
575 676
676 786
786 148
148 662
434
91 445
91 445
312
427 583 788
427 788
788 583
55 206
55 206
6 153 350 444 447
447 350
350 6
6 444
447 153
156 225 302 592 669 690 714 753
156 690
690 753
753 302
302 669
690 225
669 714
714 592
337
540 627 737
737 540
540 627
454
208 441 716
208 441
441 716
242 384 579
242 384
384 579
42 207 711 795
207 42
42 795
795 711
647
14 194 471
471 194
194 14
136 620
620 136
101 390 645
101 390
390 645
80 183 292 382 516 621 756
183 756
756 382
382 292
292 80
80 516
516 621
319
26 84 97 99 330 412 459 500 740
459 330
330 500
500 97
97 84
84 26
26 99
99 412
97 740
122
352 453 507 710
352 507
507 710
710 453
424 577
424 577
107 155 159 180 394 435 784
435 784
784 159
159 107
107 180
180 155
435 394
189 367 369 486 521 572 776
776 486
486 521
521 369
369 572
572 367
367 189
176 336 549
336 176
176 549
139 281 443 458 512 599 686
443 281
281 139
139 512
443 599
599 686
686 458
166 213 304 700
213 700
700 304
304 166
746
671 772
671 772
222 728
728 222
692
759
0 16 89 299 344 345
89 299
299 0
0 344
344 345
89 16
5 184 561 653
561 653
653 184
184 5
270 311 610 646 713 787
713 610
610 270
270 787
787 646
646 311
246
554 589
589 554
38 140 259 757
757 140
140 259
259 38
163
15 74 112 177 239 697
15 112
15 239
239 697
697 177
697 74
81 87 120 204 300 328 355 383 455 499 501 771
455 501
501 328
328 300
300 383
300 771
771 81
771 499
501 355
383 120
455 204
204 87
7
92
567
223
631
601
497
3 220
220 3
232
162 426
426 162
359 602
602 359
373
256 380 656 781
781 256
781 656
256 380
111 286 291 774
286 774
774 291
291 111
798
262 476
262 476
110 175 278 280 720
720 110
110 175
175 280
280 278
322 665
322 665
765
127 797
127 797
370
20 396 437
20 396
20 437
307
117
543
744
218 260 365 425
218 425
425 365
365 260
578
126 251 395 537 651 709
251 395
395 651
251 709
709 537
709 126
451
45 95 326
45 326
326 95
131 224 465 475 546 603 722 754
131 722
722 224
224 603
603 475
603 546
722 754
131 465
452
56 597 708 725
725 708
708 56
56 597
82 492
82 492
119 265 495 552 766
265 495
495 766
766 552
766 119
347
240
758
378
4 43 63 261 309 389 587 742
4 43
43 389
389 742
389 309
742 587
587 63
63 261
85
150 164 351 404 481 523 789
523 481
481 150
150 789
150 351
523 164
164 404
316 399 622
399 622
622 316
457
356 502 704
356 502
502 704
605 654
654 605
431 643 660
660 431
431 643
423 467 735
467 735
735 423
179 613 668
179 668
668 613
236 238 254 264 340 368 510 562 596
562 596
596 510
510 254
510 340
340 368
368 236
340 238
236 264
639
515
65 518
518 65
130 272 298 332 494 749
272 494
494 130
272 749
749 332
272 298
483
767
191 289 628
628 191
191 289
51 231
231 51
674
295
151 253 348 635
151 348
348 253
348 635
233 306 314 401 689
314 689
689 306
306 233
233 401
279
170
335 460
335 460
