? 11 729 468 69 483 431 154 516 68 137 328 511
? 11 14 569 723 365 671 216 103 78 551 443 28
? 11 660 203 81 120 394 600 787 589 417 366 7
? 11 569 14 365 269 538 387 78 551 430 564 28
? 11 679 634 357 223 639 779 257 652 658 630 472
? 11 283 243 479 554 436 29 111 42 523 119 161
? 11 201 394 290 410 589 56 207 7 276 238 391
? 11 106 59 553 108 605 318 408 682 766 44 281
? 11 60 422 251 32 712 234 603 430 375 172 202
? 11 469 167 559 330 237 129 370 419 178 434 407
? 11 53 369 173 432 573 222 577 126 206 722 571
? 11 514 587 396 715 312 615 144 789 91 311 730
? 11 797 749 700 379 669 429 157 364 227 253 185
? 11 354 12 80 189 498 596 296 146 720 421 753
? 11 783 716 142 256 616 778 117 174 588 707 608
? 11 474 780 761 108 112 605 655 795 377 642 89
? 11 86 313 566 79 622 586 578 193 309 130 110
? 11 616 142 799 256 778 783 733 174 588 707 608
? 11 682 59 553 108 605 318 106 408 52 766 281
? 11 568 404 299 188 791 258 415 218 512 131 35
? 11 719 760 715 360 337 136 45 732 785 777 583
? 11 525 261 255 2 639 418 162 9 620 101 58
? 11 555 20 509 557 481 305 295 751 198 489 293
? 11 85 762 559 528 447 370 624 366 180 292 684
? 11 445 170 270 11 614 695 643 169 411 287 790
? 11 148 670 424 651 524 772 55 225 706 31 264
? 11 131 774 299 648 568 765 258 563 218 512 541
? 11 529 34 274 346 229 363 794 693 518 502 703
? 11 76 209 398 412 613 330 797 118 122 674 253
? 11 439 392 159 125 685 574 767 770 335 517 132
? 11 591 12 212 698 143 187 651 225 792 191 146
? 11 192 531 17 455 221 39 580 572 115 776 375
? 11 594 650 566 79 513 226 609 532 193 581 110
? 11 326 701 21 560 709 556 435 686 155 576 570
? 11 785 170 760 715 11 719 337 136 45 777 583
? 11 77 440 793 43 128 736 386 545 389 542 331
? 11 178 469 559 129 370 419 434 180 23 407 684
? 11 91 587 396 514 625 98 262 311 657 6 730
? 11 522 186 184 536 702 22 250 623 681 678 57
? 11 409 392 641 738 685 74 152 770 549 132 109
? 11 381 536 734 300 114 22 358 289 577 522 57
? 11 136 760 360 719 45 785 5 777 583 745 166
? 11 278 749 465 700 615 157 614 482 169 411 185
? 11 526 186 184 384 250 623 342 548 681 291 461
? 11 145 510 628 467 40 737 563 506 282 718 449
? 11 366 203 81 120 600 787 85 528 660 624 417
? 11 781 439 392 373 622 159 574 578 335 491 90
? 11 320 503 644 561 405 174 672 195 181 484 608
? 11 250 186 526 184 384 22 623 342 681 522 461
? 11 548 186 486 526 390 27 342 382 291 461 271
? 11 203 120 394 290 787 528 447 624 417 366 7
? 11 260 108 38 112 605 795 567 230 408 748 65
? 11 217 473 692 151 590 233 235 724 50 713 611
? 11 530 755 18 647 497 306 494 26 499 661 745
? 11 305 124 741 555 428 557 633 295 751 198 249
? 11 307 749 465 700 646 490 196 448 13 763 169
? 11 343 741 150 428 164 633 621 249 534 535 739
? 11 24 156 468 592 483 15 431 347 68 137 328
? 11 292 665 762 85 528 784 447 370 47 322 684
? 11 573 602 173 463 53 9 620 222 206 722 571
? 11 565 286 566 79 513 456 226 520 796 420 73
? 11 442 277 215 153 84 399 259 107 334 378 627
? 11 216 14 723 743 531 365 671 504 115 551 443
? 11 549 584 133 392 641 74 265 409 132 64 109
? 11 92 244 773 259 321 266 254 775 345 82 149
? 11 150 741 428 38 112 343 260 305 230 748 65
? 11 184 186 526 384 22 250 623 342 681 522 461
? 11 291 486 526 27 342 598 548 382 113 461 271
? 11 125 439 485 352 219 335 579 517 37 582 368
? 11 747 314 617 606 298 668 664 459 339 680 1
? 11 309 313 622 586 532 578 152 193 798 86 110
? 11 757 716 385 619 778 460 505 117 140 588 707
? 11 633 124 741 799 509 462 305 751 733 249 534
? 11 22 186 184 536 702 250 623 681 522 678 57
? 11 446 440 793 229 344 794 380 518 545 502 542
? 11 784 665 762 38 85 447 370 47 322 292 684
? 11 63 592 224 208 483 635 279 15 351 347 768
? 11 423 385 595 560 689 435 505 210 349 273 140
? 11 240 602 376 683 222 36 168 722 758 515 333
? 11 574 439 392 159 685 767 770 335 781 517 132
? 11 737 510 145 135 59 467 40 51 282 718 449
? 11 786 353 244 84 259 266 254 764 107 345 636
? 11 89 780 761 474 112 655 795 377 54 642 177
? 11 509 124 20 799 555 256 557 295 751 293 707
? 11 510 145 59 467 40 737 51 282 718 44 449
? 11 425 18 93 705 690 103 323 699 329 414 629
? 11 121 754 631 788 773 599 750 775 478 444 507
? 11 733 124 799 462 256 616 164 633 249 534 484
? 11 584 325 133 265 400 549 401 332 64 301 372
? 11 98 413 396 625 91 262 311 42 657 6 730
? 11 18 438 755 497 694 306 26 414 499 530 661
? 11 430 569 72 32 712 269 538 387 78 564 202
? 11 306 18 647 497 61 26 287 499 790 673 530
? 11 630 634 357 255 223 639 679 162 257 652 658
? 11 715 170 760 11 719 337 45 785 777 411 583
? 11 243 626 88 479 239 275 523 477 464 297 341
? 11 405 46 503 320 209 263 644 561 194 227 181
? 11 465 170 700 615 307 157 614 763 278 169 411
? 11 380 314 344 446 476 518 298 451 459 708 1
? 11 41 562 153 744 244 393 259 612 321 52 334
? 11 497 755 18 694 306 494 26 499 546 530 661
? 11 312 220 587 615 514 144 789 458 97 327 482
? 11 274 34 346 229 363 529 693 518 502 585 703
? 11 417 203 81 120 394 787 660 589 624 366 7
? 11 595 676 242 560 689 726 435 233 50 273 423
? 11 384 186 526 184 250 623 342 681 664 461 1
? 11 225 212 591 651 524 772 55 706 792 148 31
? 11 209 46 669 398 429 364 263 644 405 118 227
? 11 553 744 59 393 318 106 52 682 766 44 281
? 11 78 569 72 365 269 538 387 551 430 564 28
? 11 100 466 558 487 628 480 204 782 618 656 593
? 11 349 552 433 71 385 539 632 689 210 273 687
? 11 505 385 697 757 619 493 338 560 709 460 140
? 11 99 340 610 493 284 188 49 791 338 489 35
? 11 566 650 565 79 513 226 420 193 594 86 110
? 11 299 404 284 568 188 258 218 512 131 35 316
? 11 463 261 127 376 418 9 573 620 525 58 333
? 11 351 592 224 139 208 63 635 279 154 347 768
? 11 232 277 562 153 756 116 612 721 247 500 753
? 11 126 369 173 653 432 53 607 495 206 722 571
? 11 767 133 439 392 685 574 770 471 517 132 109
? 11 179 30 769 241 717 70 374 579 517 25 190
? 11 215 277 153 84 399 259 107 442 247 378 627
? 11 194 552 433 71 632 644 561 67 405 181 687
? 11 731 367 344 426 298 451 668 339 542 680 728
? 11 466 558 487 628 100 480 204 782 397 656 593
? 11 167 325 711 469 330 237 129 400 434 508 401
? 11 764 786 353 84 399 266 62 107 442 280 636
? 11 521 72 32 373 520 452 219 387 491 130 202
? 11 418 261 183 2 9 620 525 740 101 58 138
? 11 152 313 622 641 738 586 74 409 798 309 90
? 11 144 587 396 645 312 789 458 97 327 704 527
? 11 134 156 468 69 554 431 111 540 68 137 328
? 11 716 142 757 256 778 783 117 174 588 707 608
? 11 25 677 646 769 196 241 231 448 13 70 383
? 11 629 727 705 695 61 690 643 329 315 287 790
? 11 461 186 486 526 184 250 342 548 681 382 291
? 11 97 220 75 379 312 615 789 458 327 482 185
? 11 206 369 597 173 432 53 607 495 48 126 571
? 11 651 212 591 524 772 55 225 706 792 148 31
? 11 110 650 313 566 586 532 193 798 309 594 86
? 11 778 716 142 256 616 783 117 174 588 707 608
? 11 722 602 173 300 683 53 573 222 36 577 571
? 11 564 569 72 32 712 269 538 387 78 430 202
? 11 604 631 201 750 207 276 238 391 585 444 507
? 11 693 34 274 346 229 363 529 518 502 585 703
? 11 223 634 357 679 779 257 496 658 630 355 472
? 11 403 533 454 568 288 791 308 33 415 512 317
? 11 237 325 167 469 559 330 129 400 434 508 407
? 11 81 120 394 600 787 528 660 624 417 366 7
? 11 639 261 634 255 127 543 162 652 658 58 630
? 11 593 466 675 558 628 100 204 782 618 437 656
? 11 271 486 575 390 27 342 598 548 382 291 461
? 11 644 46 320 209 364 263 561 405 194 227 181
? 11 441 214 19 160 688 654 488 304 501 102 663
? 11 325 167 559 237 129 400 434 319 407 301 372
? 11 787 203 81 120 394 528 660 624 417 366 7
? 11 540 156 468 69 431 24 516 68 137 328 134
? 11 202 72 32 60 712 521 269 452 387 430 564
? 11 534 124 799 462 616 164 633 733 249 535 484
? 11 558 466 487 628 100 480 204 782 618 656 593
? 11 54 780 761 788 599 377 642 177 123 89 149
? 11 488 214 371 160 441 688 654 304 501 102 663
? 11 638 183 597 2 406 9 532 740 101 798 268
? 11 392 133 439 159 685 74 409 574 770 132 109
? 11 434 167 469 559 237 129 419 400 178 180 407
? 11 11 445 170 715 270 647 337 96 785 411 673
? 11 707 716 142 799 256 616 778 783 174 588 608
? 11 177 780 761 788 599 56 377 54 642 89 149
? 11 153 277 562 215 232 612 721 334 247 378 627
? 11 765 450 774 533 648 487 628 480 563 131 541
? 11 313 406 586 532 152 193 798 309 86 110 268
? 11 44 510 4 59 553 393 51 52 766 449 281
? 11 615 220 170 465 312 789 614 482 278 169 411
? 11 208 592 224 139 483 63 635 279 351 347 768
? 11 331 754 43 128 252 470 77 736 228 197 16
? 11 32 72 60 712 521 452 234 387 430 564 202
? 11 195 320 303 462 398 164 200 561 672 8 484
? 11 294 94 455 19 441 221 580 105 175 402 205
? 11 249 124 741 462 428 343 164 305 633 733 534
? 11 108 474 605 260 236 567 230 106 408 682 65
? 11 68 156 468 69 431 24 516 540 137 328 134
? 11 26 755 647 497 5 306 494 530 661 745 166
? 11 796 286 565 234 361 420 272 696 176 245 73
? 11 652 634 255 127 543 639 679 162 257 658 630
? 11 30 93 241 717 231 70 374 179 579 582 190
? 11 791 403 610 568 188 288 33 415 512 35 99
? 11 473 302 151 701 590 726 724 50 217 713 611
? 11 567 649 150 108 112 605 260 236 230 408 65
? 11 640 659 676 242 104 479 239 275 477 464 341
? 11 8 320 303 462 398 164 200 672 195 23 484
? 11 228 353 252 470 736 254 197 764 16 636 331
? 11 523 283 475 243 479 29 239 275 516 477 119
? 11 265 584 133 641 74 409 138 549 332 64 109
? 11 235 224 302 692 139 151 590 724 217 511 611
? 11 115 743 531 455 19 192 221 39 504 572 776
? 11 550 87 675 424 618 453 55 31 264 593 10
? 11 267 277 666 698 756 232 721 95 158 247 500
? 11 248 369 734 173 653 381 114 607 358 289 577
? 11 370 762 559 85 447 419 178 180 407 292 684
? 11 339 617 731 367 83 547 426 606 668 680 747
? 11 622 373 586 578 152 491 781 309 130 86 90
? 11 9 2 418 463 573 620 525 740 101 58 638
? 11 788 773 599 92 54 775 177 121 149 444 507
? 11 412 303 209 398 613 330 263 118 122 23 76
? 11 1 314 623 476 606 298 451 668 459 708 747
? 11 143 12 80 212 698 591 225 95 792 191 158
? 11 221 94 743 531 455 19 192 39 572 115 776
? 11 649 510 135 59 236 40 567 737 106 449 316
? 11 713 326 473 701 556 726 435 155 50 217 570
? 11 317 403 450 533 288 791 308 765 33 415 512
? 11 762 85 528 784 447 370 47 322 180 292 684
? 11 701 326 473 21 556 726 435 324 155 570 713
? 11 272 362 251 234 796 361 213 603 172 176 245
? 11 770 133 439 392 685 409 574 767 471 132 109
? 11 698 12 80 666 143 596 191 146 158 500 753
? 11 455 94 19 192 221 39 580 572 175 294 205
? 11 66 650 597 667 432 532 495 48 581 594 206
? 11 253 749 700 646 448 13 797 674 25 383 76
? 11 287 445 695 61 690 643 315 499 790 673 629
? 11 792 12 212 143 591 187 651 524 437 225 191
? 11 512 403 299 568 188 288 791 33 415 218 131
? 11 383 749 700 646 307 448 13 797 763 25 253
? 11 753 562 80 698 498 116 232 721 596 146 421
? 11 694 438 755 723 18 497 306 414 499 546 661
? 11 269 569 72 452 538 387 78 430 564 28 202
? 11 452 485 72 352 373 521 219 387 491 37 202
? 11 104 141 659 676 242 539 689 239 464 341 640
? 11 344 440 731 380 446 298 451 542 680 728 708
? 11 588 716 142 757 256 616 778 783 174 707 608
? 11 295 124 20 555 509 557 481 751 489 293 759
? 11 451 314 344 380 476 298 459 680 708 747 1
? 11 457 211 246 21 324 165 199 576 356 752 348
? 11 427 214 336 371 160 654 304 504 501 285 663
? 11 340 20 493 284 49 338 481 489 35 99 759
? 11 391 290 201 410 604 589 56 207 7 276 238
? 11 419 469 559 237 129 370 178 434 180 23 407
? 11 470 754 353 252 736 228 254 345 16 636 331
? 11 94 743 455 19 160 441 221 105 175 294 205
? 11 316 404 649 299 135 188 236 40 258 218 198
? 11 164 462 200 733 621 249 534 8 535 739 484
? 11 491 485 352 373 521 452 578 219 781 130 37
? 11 665 762 38 112 784 655 795 47 322 748 292
? 11 589 120 394 290 201 787 660 417 207 355 7
? 11 600 81 120 394 787 660 624 417 366 319 301
? 11 29 69 475 243 479 275 523 516 477 119 68
? 11 704 396 645 626 144 88 262 42 297 161 527
? 11 137 156 468 69 483 431 24 540 68 328 134
? 11 472 634 357 223 679 779 257 589 658 630 355
? 11 132 133 439 392 685 409 574 767 770 471 109
? 11 475 468 69 29 275 523 516 477 119 68 328
? 11 605 474 108 112 260 567 230 106 408 682 65
? 11 515 602 376 683 222 36 168 240 722 758 333
? 11 74 183 392 641 738 409 152 770 138 549 109
? 11 281 59 553 393 318 106 52 682 766 44 449
? 11 769 0 711 241 13 70 374 179 674 25 190
? 11 590 473 302 692 151 701 235 724 217 713 611
? 11 428 741 150 343 305 633 621 249 534 535 739
? 11 345 786 353 252 470 92 266 254 775 82 636
? 11 447 203 762 85 528 784 370 624 47 292 684
? 11 471 0 133 392 685 767 770 517 132 332 109
? 11 798 313 406 586 532 740 152 638 309 110 268
? 11 319 81 325 600 559 624 496 366 407 301 372
? 11 421 562 4 189 393 498 116 51 721 44 753
? 11 122 303 469 398 412 613 330 118 508 23 76
? 11 432 369 597 653 607 495 48 66 126 206 571
? 11 288 211 403 610 454 791 308 33 415 512 348
? 11 527 645 746 312 144 789 88 458 327 704 537
? 11 52 744 553 393 612 318 682 766 44 41 281
? 11 481 20 284 555 509 557 295 751 489 293 759
? 11 627 277 215 153 84 399 259 107 442 334 378
? 11 21 326 246 556 324 199 576 457 356 752 570
? 11 259 786 244 84 321 266 107 442 334 82 627
? 11 157 749 465 700 379 669 307 797 482 278 185
? 11 776 531 365 17 455 192 221 39 580 572 115
? 11 273 552 433 71 385 689 210 349 423 140 687
? 11 102 214 371 160 441 688 654 488 304 501 663
? 11 779 634 357 34 223 679 257 652 658 630 472
? 11 176 286 565 234 796 361 272 696 172 245 73
? 11 486 575 27 342 598 548 382 291 113 461 271
? 11 49 211 340 610 493 338 686 356 771 35 99
? 11 109 133 392 685 74 265 409 770 471 549 132
? 11 226 650 714 566 79 513 350 609 193 395 594
? 11 752 211 246 21 324 165 199 576 457 356 348
? 11 667 650 359 3 609 147 171 48 581 66 594
? 11 220 75 379 312 615 789 157 97 482 278 185
? 11 641 183 392 738 74 265 409 152 138 549 109
? 11 118 303 209 398 412 613 330 263 122 23 76
? 11 547 617 367 83 426 606 668 339 680 113 747
? 11 280 215 786 353 84 399 266 62 764 107 442
? 11 653 369 667 173 432 607 248 577 126 206 571
? 11 197 353 43 252 470 77 736 228 16 331 182
? 11 27 486 575 342 598 548 382 291 113 461 271
? 11 142 716 256 616 778 783 117 174 588 707 608
? 11 262 413 396 91 98 704 311 42 657 6 161
? 11 301 81 325 600 559 496 366 319 180 407 372
? 11 227 75 46 209 379 669 429 364 263 644 797
? 11 127 261 255 543 639 376 162 652 525 58 333
? 11 311 587 396 514 625 91 98 262 657 6 730
? 11 661 755 18 497 694 306 494 26 499 546 530
? 11 610 211 246 493 49 338 686 199 356 771 99
? 11 28 14 569 365 269 103 699 538 78 551 564
? 11 687 552 433 71 539 632 67 349 194 273 181
? 11 730 587 715 514 625 91 45 311 657 777 583
? 11 387 72 32 712 269 452 538 78 430 564 202
? 11 368 485 352 717 125 219 335 579 517 37 582
? 11 211 246 610 49 288 199 33 576 356 771 348
? 11 606 617 384 598 547 668 664 339 113 747 1
? 11 528 203 81 762 787 85 447 624 366 180 684
? 11 181 46 552 503 320 263 644 561 405 194 672
? 11 79 286 566 565 513 456 226 420 193 594 86
? 11 289 536 734 300 381 114 248 358 577 725 57
? 11 656 466 558 487 628 100 480 204 782 397 593
? 11 642 780 761 474 655 377 54 177 123 89 149
? 11 740 183 2 418 406 9 101 638 798 138 268
? 11 182 440 43 77 736 228 545 197 542 728 331
? 11 10 87 670 550 675 424 524 453 55 31 264
? 11 70 677 30 769 241 717 231 374 179 25 190
? 11 413 396 436 625 91 98 262 311 42 657 6
? 11 138 183 2 418 641 738 74 265 525 740 101
? 11 738 183 313 392 641 586 74 409 152 798 138
? 11 363 34 274 346 779 257 529 693 518 585 703
? 11 261 255 127 639 418 463 162 620 652 525 58
? 11 398 303 412 613 263 200 118 122 672 195 23
? 11 448 749 646 307 196 241 13 763 25 253 383
? 11 745 360 270 647 136 96 5 494 26 530 166
? 11 768 592 224 139 208 63 635 279 154 351 347
? 11 375 569 422 17 251 32 60 712 603 430 564
? 11 51 510 4 189 59 393 498 44 449 720 421
? 11 285 710 336 163 671 371 544 654 304 662 427
? 11 535 462 428 343 164 200 621 249 534 8 739
? 11 47 665 762 38 85 784 447 322 748 292 684
? 11 112 665 474 38 260 655 795 408 748 65 89
? 11 40 510 145 649 135 59 467 737 718 449 281
? 11 149 761 788 599 377 92 54 642 177 123 82
? 11 246 211 324 165 199 576 457 356 771 752 348
? 11 744 780 553 393 318 321 52 682 123 766 41
? 11 462 799 616 164 633 200 733 249 534 8 484
? 11 519 631 793 43 128 386 545 502 389 478 585
? 11 163 710 336 723 671 544 662 285 427 546 443
? 11 760 715 360 719 136 45 732 785 777 730 583
? 11 105 94 455 19 441 688 488 175 294 402 205
? 11 456 286 566 565 79 521 520 234 796 420 130
? 11 483 156 592 208 279 15 431 24 347 137 328
? 11 479 243 29 239 275 523 477 464 297 119 341
? 11 186 526 184 384 250 623 342 548 681 291 461
? 11 759 340 20 619 284 509 256 481 295 489 293
? 11 156 468 69 483 431 24 540 68 137 328 134
? 11 107 215 786 84 399 259 266 62 764 442 627
? 11 290 203 120 394 201 410 589 207 7 238 391
? 11 450 466 774 533 648 487 765 480 563 656 541
? 11 239 659 626 243 479 275 477 464 297 341 640
? 11 602 376 300 683 222 36 168 240 722 758 515
? 11 612 562 153 393 116 232 321 721 334 41 421
? 11 517 439 159 125 685 574 767 179 335 579 132
? 11 113 486 617 575 384 27 342 598 606 664 291
? 11 193 650 313 566 79 226 532 309 594 86 110
? 11 789 220 587 312 615 514 144 458 97 327 482
? 11 414 438 18 694 690 323 699 425 306 499 629
? 11 686 326 697 493 338 709 556 199 155 576 356
? 11 668 314 617 547 606 298 664 339 680 747 1
? 11 300 734 381 702 683 358 36 168 577 722 57
? 11 793 229 128 519 794 446 518 386 545 502 389
? 11 583 760 715 360 719 136 45 732 785 777 730
? 11 493 340 697 610 619 49 338 709 460 686 505
? 11 631 754 43 128 519 750 386 389 478 121 507
? 11 270 445 647 11 337 61 96 785 306 287 673
? 11 648 450 774 487 765 467 258 563 218 131 541
? 11 6 413 396 625 91 98 262 311 42 657 730
? 11 799 124 142 462 256 616 733 174 534 588 707
? 11 365 14 569 269 216 538 78 551 776 375 28
? 11 586 313 622 738 532 152 193 798 309 86 110
? 11 4 189 59 393 498 116 51 44 449 720 421
? 11 592 139 208 483 63 635 279 154 351 347 768
? 11 266 786 353 244 84 259 92 254 107 345 636
? 11 116 562 80 756 498 232 612 721 596 421 753
? 11 637 314 702 22 476 459 168 522 678 735 1
? 11 314 637 623 476 298 459 678 735 708 747 1
? 11 31 212 424 187 651 524 437 55 225 706 148
? 11 671 14 710 336 723 163 544 216 285 427 443
? 11 382 186 486 526 390 27 342 548 291 461 271
? 11 577 734 173 300 381 683 53 248 358 222 722
? 11 327 220 645 746 312 144 789 458 97 537 527
? 11 73 714 565 513 492 796 420 395 696 176 245
? 11 621 462 428 343 164 633 200 249 534 535 739
? 11 741 555 150 428 557 305 633 295 751 198 249
? 11 323 438 93 705 690 103 699 425 414 28 629
? 11 256 716 124 142 799 509 616 778 783 588 707
? 11 570 326 701 21 560 556 726 435 155 576 713
? 11 212 12 143 591 187 651 524 437 225 792 191
? 11 635 592 224 139 208 63 279 154 351 347 768
? 11 93 30 705 717 103 323 699 425 374 582 368
? 11 623 186 314 526 184 384 250 342 681 664 461
? 11 554 283 475 436 29 111 523 540 119 68 134
? 11 746 141 433 645 539 632 458 416 327 67 537
? 11 187 12 212 675 591 524 618 437 792 146 31
? 11 718 510 145 189 467 737 506 296 282 449 720
? 11 245 286 251 234 796 361 272 696 172 176 73
? 11 576 326 246 21 709 556 324 686 199 356 771
? 11 485 72 352 373 125 452 219 335 491 37 368
!
728
0 3 5 6 11 13 14 15 17 18 19 23 24 25 26 28 29 30 32 37 39 42 45 46 48 50 60 61 63 64 66 67 68 69 70 71 72 73 74 75 76 78 79 86 88 90 91 93 94 96 97 98 102 103 104 105 109 110 111 115 118 119 122 125 130 132 133 134 136 137 139 141 144 147 151 152 154 156 157 159 160 161 163 166 167 169 170 171 172 175 176 179 181 185 190 192 193 194 195 196 202 205 206 208 209 213 214 216 217 219 220 221 224 226 227 231 233 234 235 239 241 242 243 245 251 253 262 263 265 268 269 270 272 273 275 278 279 283 285 286 287 294 297 302 303 304 306 307 309 311 312 313 315 320 323 327 328 329 330 332 335 336 337 341 347 349 350 351 352 359 360 361 362 364 365 368 371 373 374 375 379 383 387 392 395 396 398 400 401 402 405 406 409 411 412 413 414 416 420 422 425 427 429 430 431 433 436 438 439 441 443 445 448 452 455 456 458 464 465 468 471 473 475 477 479 482 483 485 488 490 491 492 494 495 497 499 501 503 504 508 511 513 514 516 517 520 521 523 527 530 531 532 537 538 539 540 544 546 549 551 552 554 561 564 565 566 569 571 572 574 578 579 580 581 582 583 584 586 587 590 592 594 595 597 603 609 611 613 614 615 622 625 626 629 632 635 638 640 641 643 644 645 646 647 650 654 657 659 661 662 663 667 669 671 672 673 674 676 677 685 687 688 689 690 691 692 694 695 696 699 700 704 705 710 711 712 714 715 717 719 723 724 727 729 730 732 738 743 745 746 749 755 760 763 767 768 769 770 776 777 781 785 789 790 796 797 798
0 711
711 401
401 167
167 508
167 400
711 674
0 769
769 25
25 70
70 241
241 677
677 196
677 231
196 727
727 490
490 315
315 329
329 643
643 695
695 445
695 790
790 61
196 307
307 763
307 646
646 448
448 13
61 690
690 629
70 190
190 374
374 30
374 717
790 287
287 11
11 270
270 647
647 673
673 306
270 96
673 499
30 579
579 179
96 166
166 5
5 745
448 383
383 749
749 700
700 157
157 797
157 465
157 185
185 379
379 278
278 75
5 136
136 719
719 777
777 760
777 45
45 583
760 732
45 785
785 730
730 514
514 91
91 98
98 625
625 657
657 6
6 413
785 337
337 715
715 411
411 170
170 614
732 360
614 169
717 582
582 93
745 26
26 494
494 661
494 497
497 530
530 755
755 546
546 662
662 544
544 163
163 710
98 311
311 262
262 42
311 396
42 704
704 161
161 88
88 297
297 626
297 341
341 464
464 239
239 479
479 275
275 477
275 243
477 119
119 29
29 475
475 516
516 69
69 156
156 328
328 431
431 24
24 468
431 137
24 592
592 351
351 347
347 483
483 63
351 208
208 224
224 768
224 635
635 279
208 139
139 154
328 68
68 540
63 15
540 134
134 111
154 511
511 729
111 554
119 523
523 283
626 645
645 327
327 458
458 527
458 144
527 789
789 97
97 220
220 482
789 312
312 587
587 615
582 125
125 368
368 335
335 439
439 159
159 517
335 352
352 485
352 219
219 37
219 491
491 452
517 132
132 685
685 767
767 770
770 109
109 133
132 574
574 392
392 409
409 781
409 74
74 152
152 738
133 471
485 373
373 90
90 622
622 578
578 130
133 332
332 584
584 549
584 64
549 265
265 641
452 72
72 202
202 269
202 538
269 430
430 78
78 569
569 564
564 375
375 422
269 387
422 603
603 60
603 32
32 712
60 251
251 172
172 361
172 234
361 176
176 245
245 696
696 796
796 73
73 714
714 565
565 513
565 566
513 395
395 350
350 492
395 609
609 226
226 594
226 650
594 193
193 313
313 110
110 586
586 309
251 272
272 213
213 362
650 581
581 667
667 147
147 3
3 171
171 359
566 420
420 79
420 286
79 86
286 456
456 520
520 521
710 285
285 336
336 371
371 654
654 304
304 214
654 427
427 663
214 160
160 743
743 19
19 94
94 294
294 175
175 455
455 205
743 504
504 531
531 115
531 192
19 221
427 102
102 488
488 688
102 501
688 441
441 402
402 105
192 776
776 572
572 39
39 580
580 691
39 17
285 671
671 443
443 723
443 216
723 438
438 694
75 429
429 364
364 46
46 227
429 669
227 209
209 263
263 644
263 320
320 561
561 181
181 503
181 194
194 405
194 552
552 71
71 687
687 273
687 349
349 433
433 632
632 67
67 746
746 537
632 141
141 539
746 416
644 672
672 195
195 303
303 398
398 613
613 118
118 122
118 412
118 76
412 330
398 23
539 104
104 640
640 659
659 676
676 242
242 233
233 595
233 50
242 689
50 151
151 217
217 590
590 724
724 235
724 302
93 425
425 705
425 699
699 323
699 103
103 28
28 551
551 14
14 365
554 436
729 692
313 532
532 268
268 406
268 798
532 66
66 48
48 495
495 597
495 206
206 571
406 638
235 611
611 473
629 18
18 414
383 253
8 20 21 33 35 38 40 47 49 59 65 89 99 100 108 112 117 124 131 135 140 142 145 150 155 164 165 174 188 198 199 200 204 210 211 218 230 236 246 249 256 258 260 281 282 284 288 292 293 295 299 305 308 316 317 322 324 326 338 340 343 348 356 385 397 403 404 408 415 423 428 435 447 449 450 454 457 460 462 466 467 480 481 484 487 489 493 505 506 509 510 512 533 534 535 541 553 555 556 557 558 560 563 567 568 570 576 588 593 601 605 608 610 616 619 621 628 633 648 649 655 656 665 682 686 697 701 707 709 713 716 726 733 737 739 741 748 751 752 757 759 762 765 771 774 778 780 782 783 784 791 795 799
8 200
8 164
164 621
621 535
535 739
739 343
343 428
8 462
462 733
733 799
799 616
616 534
534 633
534 778
778 783
778 707
783 256
256 757
757 716
716 588
716 142
142 174
174 608
733 249
462 484
633 124
124 509
509 293
293 295
295 20
20 489
489 481
481 759
124 751
751 557
751 305
305 741
305 198
198 555
608 601
601 117
117 140
140 385
385 210
481 284
284 35
759 493
493 338
338 340
493 697
697 619
619 460
340 99
99 49
49 771
771 356
356 610
610 211
211 246
771 199
199 21
21 576
576 556
556 155
155 570
570 713
713 726
246 752
752 457
457 165
752 324
155 326
326 560
326 423
423 435
560 505
21 709
709 686
246 348
348 454
713 701
35 188
188 404
404 258
258 299
299 316
258 218
218 648
648 131
131 774
774 563
774 541
541 765
765 450
450 487
487 558
558 480
480 204
204 100
204 782
782 656
782 466
656 593
466 628
628 506
506 282
563 467
467 145
145 737
737 135
737 40
40 510
40 449
449 59
59 281
281 553
100 397
428 150
150 230
230 567
230 65
65 108
108 112
112 748
748 38
38 665
748 795
795 89
89 655
108 260
260 682
682 605
605 408
682 780
665 47
47 322
322 784
47 292
292 762
762 447
567 236
236 649
188 568
568 512
568 415
415 791
791 288
288 33
288 403
403 308
308 317
317 533
4 10 12 16 31 41 43 44 51 52 54 55 80 82 87 92 95 106 116 121 123 128 143 146 148 149 153 158 177 182 187 189 191 197 212 215 225 228 232 244 247 252 254 259 264 266 267 277 296 318 321 331 334 345 353 354 377 378 386 389 393 421 424 437 442 444 453 470 474 478 498 500 507 519 524 550 562 585 591 596 599 604 612 618 627 631 636 642 651 666 670 675 693 698 706 718 720 721 736 744 750 753 754 756 761 766 772 773 775 786 788 792
4 421
4 189
189 51
421 498
498 146
146 354
354 753
354 80
80 596
596 698
80 12
498 720
12 591
591 143
143 792
792 212
212 225
143 187
212 191
720 296
720 718
187 437
698 500
500 756
756 247
247 277
277 153
153 116
116 721
721 232
116 562
562 612
500 666
277 215
215 378
612 41
41 334
41 627
627 442
442 259
259 321
321 244
244 82
82 345
345 786
786 254
254 636
636 353
353 266
666 158
353 252
252 16
252 470
158 95
4 44
437 31
31 524
524 55
55 706
706 772
772 651
31 424
424 453
453 87
453 264
424 550
550 675
675 618
87 10
264 148
148 670
16 197
197 331
331 736
736 43
16 228
44 393
393 52
52 744
744 123
123 92
44 766
52 318
318 106
123 54
54 377
377 761
377 474
761 642
54 177
177 788
788 149
149 775
775 773
642 599
599 121
121 444
444 507
507 750
507 478
478 754
750 604
604 585
585 693
754 128
128 386
386 389
389 519
519 631
666 267
331 182
1 2 7 9 22 27 36 53 56 57 58 81 83 85 101 113 114 120 126 127 129 138 162 168 173 178 180 183 184 186 201 203 207 222 223 237 238 240 248 250 255 257 261 271 276 289 290 291 298 300 301 310 314 319 325 333 339 342 355 357 358 366 367 369 370 372 376 380 381 382 384 388 390 391 394 407 410 417 418 419 426 432 434 451 459 461 463 469 472 476 486 496 515 522 525 526 528 536 543 547 548 559 573 575 577 589 598 600 602 606 607 617 620 623 624 630 634 637 639 652 653 658 660 664 668 678 679 681 683 684 702 708 722 725 734 735 740 742 747 758 779 787
1 298
298 708
708 451
1 459
459 476
476 735
735 637
637 678
637 314
1 668
668 606
606 747
747 617
617 547
547 339
678 22
22 57
57 250
250 184
184 522
22 702
702 168
702 300
300 381
381 734
381 358
734 577
577 722
722 53
53 173
184 384
384 681
681 461
681 623
461 186
186 342
342 526
526 486
486 291
291 548
548 27
27 598
526 113
113 664
291 382
382 271
382 390
617 83
173 369
369 126
126 607
607 432
607 653
476 380
339 367
367 426
27 575
522 536
53 573
573 222
222 515
515 602
515 36
36 683
602 758
758 240
240 376
376 333
333 463
463 127
127 261
261 58
58 9
9 620
261 525
620 418
418 101
101 2
2 740
2 138
138 183
127 162
162 639
639 679
679 630
630 658
658 634
639 255
630 779
779 257
257 652
652 543
658 357
357 472
472 355
355 223
223 600
600 589
589 660
589 394
394 120
120 7
120 417
394 201
201 207
207 391
391 290
290 276
290 238
238 410
417 624
624 81
624 787
787 528
528 85
85 180
180 370
370 178
81 366
178 407
407 559
559 237
237 129
129 434
434 469
469 419
410 56
366 301
180 684
301 325
325 372
372 319
238 203
575 388
388 310
310 742
536 114
114 289
289 248
114 725
319 496
62 84 107 280 399 764
62 280
280 764
764 399
399 84
84 107
34 77 229 274 344 346 363 440 446 502 518 529 542 545 680 703 731 793 794
34 274
274 363
363 703
703 529
529 346
346 518
518 794
794 229
229 502
502 793
793 545
545 77
77 440
440 542
542 446
542 344
344 731
731 680
