? 15 51 154 424 471 763 655 732 753 454 597 1 675 7 774 291
? 15 227 795 34 729 166 605 430 569 220 784 285 539 215 98 510
? 15 241 616 375 203 38 107 411 501 18 350 77 580 766 295 609
? 15 212 514 769 21 712 138 26 680 485 94 587 460 97 790 129
? 15 291 243 154 763 785 655 732 339 29 478 544 597 684 329 51
? 15 267 196 317 734 96 177 220 511 231 504 6 610 136 64 238
? 15 260 121 637 403 264 316 568 123 2 175 331 46 99 117 561
? 15 207 150 431 351 666 256 281 720 715 19 152 17 532 345 461
? 15 275 459 441 270 777 639 408 165 792 205 201 674 604 257 516
? 15 451 618 607 573 503 653 470 694 669 708 158 84 428 360 301
? 15 752 57 387 700 663 23 27 298 425 584 268 581 412 372 713
? 15 91 141 186 162 286 386 571 466 494 65 500 552 131 426 306
? 15 104 180 701 218 189 648 277 727 280 489 415 611 144 161 574
? 15 261 495 644 518 520 717 299 116 41 39 235 133 80 393 664
? 15 132 620 796 706 353 156 758 546 361 631 274 95 525 442 685
? 15 751 239 405 427 661 756 321 687 95 783 225 217 578 579 87
? 15 518 495 236 45 520 717 695 116 41 261 273 235 133 90 393
? 15 107 241 616 785 283 375 203 38 339 259 411 501 724 766 295
? 15 165 459 527 583 639 368 449 792 275 205 674 604 129 257 497
? 15 170 698 614 382 634 515 389 473 521 229 612 55 111 566 222
? 15 160 444 477 728 547 303 209 70 287 137 716 757 324 797 110
? 15 710 23 643 474 666 602 630 397 420 85 715 19 12 412 248
? 15 252 255 457 124 645 146 173 469 635 216 390 572 418 780 594
? 15 583 514 627 286 527 639 368 212 165 449 792 205 460 129 497
? 15 9 57 150 23 666 343 720 715 19 584 773 152 412 345 230
? 15 129 514 627 769 286 527 583 368 212 165 449 792 205 460 497
? 15 394 476 72 59 762 213 665 328 396 445 650 458 263 115 629
? 15 577 465 796 546 323 692 16 677 88 191 5 56 289 685 622
? 15 34 605 237 430 567 784 106 285 155 157 633 564 278 227 510
? 15 357 423 315 670 638 704 367 66 501 292 245 517 258 646 559
? 15 356 221 733 628 181 392 304 54 33 190 192 414 615 742 697
? 15 397 662 438 663 23 643 474 710 43 420 268 581 412 468 248
? 15 223 476 72 733 319 377 33 665 190 414 445 443 356 742 263
? 15 396 15 585 59 762 213 328 394 254 22 650 458 636 115 199
? 15 759 431 447 535 351 312 507 202 506 455 234 608 649 134 374
? 15 338 423 422 362 340 35 256 281 184 364 724 17 532 11 461
? 15 647 446 799 309 550 194 232 534 293 486 288 100 20 172 652
? 15 201 459 441 270 777 408 667 296 275 327 526 604 257 516 738
? 15 475 255 58 200 124 159 419 598 249 469 434 400 391 418 325
? 15 215 794 166 558 483 42 569 220 539 227 98 749 510 376 540
? 15 238 196 267 317 96 218 189 224 177 511 489 231 6 610 64
? 15 379 601 395 270 148 76 667 82 296 168 327 300 417 24 738
? 15 562 221 628 126 725 399 54 192 615 533 356 703 233 747 697
? 15 406 601 689 678 567 106 407 658 693 82 157 168 413 311 279
? 15 556 794 52 53 755 76 567 106 157 302 311 279 786 376 540
? 15 648 465 701 218 768 727 280 210 489 415 104 611 144 161 574
? 15 188 197 600 565 653 528 462 694 617 523 708 591 84 139 778
? 15 715 150 643 710 666 630 9 207 256 85 720 19 152 412 345
? 15 716 691 477 744 70 287 492 635 137 385 216 324 160 797 110
? 15 29 307 154 424 763 785 655 753 339 454 544 774 291 684 51
? 15 668 623 48 45 68 695 750 439 654 4 273 185 217 266 358
? 15 44 253 383 347 366 272 537 679 120 344 575 596 25 543 49
? 15 739 276 333 308 711 373 388 402 788 726 705 140 688 760 282
? 15 633 34 730 605 214 237 430 784 285 658 155 564 278 114 624
? 15 414 476 72 733 319 762 54 33 223 190 445 356 742 747 697
? 15 219 701 387 700 27 151 768 415 505 611 40 144 771 0 713
? 15 251 765 305 334 640 593 764 179 491 122 746 130 621 557 86
? 15 784 34 195 767 605 214 326 570 430 226 285 155 633 145 227
? 15 679 253 383 347 366 537 138 44 344 575 789 25 543 790 49
? 15 678 453 50 601 689 406 567 407 658 693 82 564 168 413 481
? 15 421 198 15 432 549 672 355 363 702 60 328 508 651 636 115
? 15 36 164 176 733 377 793 524 631 310 30 313 502 443 28 488
? 15 425 180 57 387 700 663 27 277 752 298 343 584 773 372 713
? 15 24 395 379 667 296 327 493 254 563 731 526 417 365 199 738
? 15 64 196 267 795 729 96 558 177 42 569 220 231 6 610 98
? 15 359 513 93 247 108 659 171 367 782 517 398 580 657 404 559
? 15 248 307 775 643 785 283 710 602 630 397 29 420 85 19 12
? 15 412 23 643 474 752 710 666 9 298 397 715 19 584 268 581
? 15 587 347 769 712 456 599 138 26 485 94 789 97 25 790 49
? 15 367 513 357 704 359 66 501 292 245 517 398 580 258 404 559
? 15 434 58 200 124 103 159 419 475 598 249 469 400 391 418 325
? 15 431 150 759 447 535 351 202 207 506 256 455 608 152 134 345
? 15 695 518 711 211 520 68 439 116 654 336 273 185 133 668 358
? 15 675 243 154 471 763 655 732 753 597 1 7 774 291 684 51
? 15 192 221 628 181 392 399 304 54 615 356 742 233 747 697 562
? 15 405 125 754 751 427 661 756 321 687 95 783 225 217 578 87
? 15 510 34 52 166 569 106 285 539 227 556 215 98 749 376 540
? 15 119 613 487 269 187 694 619 452 490 669 369 142 354 360 781
? 15 399 221 628 181 392 725 304 88 192 615 356 289 233 284 562
? 15 655 243 154 763 785 753 339 29 454 544 597 774 291 684 51
? 15 33 476 72 733 319 762 54 223 190 414 445 356 742 747 697
? 15 333 276 308 373 388 739 402 788 705 140 2 46 688 760 282
? 15 378 348 228 352 776 297 681 167 632 330 576 101 265 81 707
? 15 588 178 536 482 323 16 349 725 210 56 533 37 671 622 63
? 15 222 698 614 589 435 382 381 113 515 521 229 612 798 111 384
? 15 236 495 518 387 663 717 41 219 505 40 261 235 268 90 0
? 15 47 509 735 545 183 673 696 519 62 772 450 590 437 541 592
? 15 28 164 176 733 36 377 181 793 524 631 525 313 502 443 488
? 15 309 446 690 799 550 194 232 534 293 486 288 100 172 652 647
? 15 289 796 628 546 181 392 399 304 677 88 192 615 443 284 685
? 15 66 626 513 357 315 529 638 704 367 292 245 517 398 404 559
? 15 545 509 332 47 735 127 204 183 696 290 62 450 437 791 74
? 15 205 459 527 583 639 368 165 792 275 201 674 604 129 257 497
? 15 670 423 357 315 638 143 704 798 66 364 245 433 258 384 646
? 15 330 348 228 352 681 167 632 429 101 378 265 81 147 707 32
? 15 319 476 72 59 762 71 54 33 223 190 414 445 742 747 697
? 15 724 423 338 775 283 422 203 38 362 259 364 17 532 258 646
? 15 135 186 21 712 656 456 571 466 26 494 680 709 94 552 8
? 15 84 451 618 197 600 326 503 337 653 462 694 617 708 428 301
? 15 173 163 252 691 645 146 174 75 635 385 216 390 572 780 594
? 15 234 759 242 573 187 193 507 202 452 506 455 608 721 134 374
? 15 413 453 459 601 270 689 406 678 567 407 658 693 82 168 481
? 15 438 644 662 474 299 43 397 454 420 39 261 401 468 80 393
? 15 609 241 616 247 108 375 370 436 18 350 14 77 580 208 560
? 15 301 451 618 320 607 326 503 570 226 470 498 346 158 84 428
? 15 82 601 689 406 76 678 567 106 693 157 302 168 413 311 279
? 15 420 644 662 438 23 643 474 710 602 43 397 268 581 468 248
? 15 326 618 195 767 605 503 570 337 617 65 145 84 428 301 306
? 15 523 444 538 600 728 565 653 528 462 67 142 591 188 139 778
? 15 504 267 335 795 729 317 734 96 177 699 511 136 530 554 64
? 15 7 348 243 154 424 471 763 732 753 597 1 675 774 291 51
? 15 206 186 197 656 79 386 466 494 709 552 8 135 426 314 779
? 15 629 72 690 244 534 665 394 89 288 719 3 458 263 542 512
? 15 569 795 729 166 558 483 42 220 539 227 215 98 749 64 510
? 15 209 444 477 728 547 303 70 722 287 492 137 716 757 160 110
? 15 81 228 352 308 297 681 167 632 330 101 378 147 707 331 282
? 15 460 514 769 21 712 286 212 571 466 494 680 94 552 135 129
? 15 130 765 294 153 660 640 764 491 122 591 251 496 557 314 86
? 15 643 307 775 23 710 602 630 397 85 720 715 19 12 412 248
? 15 638 513 423 357 315 670 529 143 704 66 292 245 433 517 384
? 15 617 618 197 600 386 326 503 206 337 65 84 428 188 426 306
? 15 785 307 154 655 339 29 107 544 411 291 12 684 329 766 295
? 15 344 253 383 347 366 272 537 679 120 44 575 596 25 543 49
? 15 381 698 589 435 382 200 113 515 389 521 229 612 391 325 222
? 15 621 305 334 120 593 322 342 78 179 575 746 596 251 745 557
? 15 799 549 309 371 550 194 293 770 486 288 100 172 676 652 647
? 15 500 141 627 162 453 50 286 730 214 91 237 449 131 114 624
? 15 691 477 744 70 287 173 492 635 137 385 716 216 324 797 110
? 15 497 514 527 583 639 368 212 165 449 792 275 205 460 674 129
? 15 92 463 673 519 761 316 102 772 590 318 437 541 592 714 467
? 15 299 644 438 308 520 717 726 43 39 261 401 133 80 393 664
? 15 216 252 691 744 70 645 287 173 492 635 385 716 594 499 110
? 15 343 57 150 734 752 666 9 298 425 683 584 136 773 230 372
? 15 122 765 294 153 660 640 547 722 764 491 130 251 496 139 86
? 15 95 125 620 156 751 472 405 427 661 274 756 484 687 442 578
? 15 152 150 431 666 9 207 256 683 720 715 19 584 773 345 230
? 15 150 431 351 666 202 9 207 455 683 608 720 773 152 345 230
? 15 246 163 118 112 553 146 174 75 490 723 169 409 572 780 781
? 15 579 239 440 531 751 427 661 756 321 479 217 578 105 642 87
? 15 120 305 334 537 44 322 78 179 344 575 746 596 745 25 621
? 15 242 734 193 470 699 498 506 455 346 683 234 608 721 530 554
? 15 791 509 332 47 127 545 204 183 696 290 450 13 74 250 61
? 15 265 348 228 352 776 297 681 167 330 576 101 378 582 81 707
? 15 389 698 614 589 435 382 381 634 515 473 229 612 111 170 222
? 15 199 585 59 464 762 148 213 69 328 396 22 650 417 115 24
? 15 296 459 441 601 395 270 777 408 667 327 201 526 365 257 738
? 15 422 423 338 775 283 203 38 362 259 364 724 17 532 258 646
? 15 307 775 643 785 655 283 602 630 29 544 85 12 766 295 248
? 15 529 626 513 382 93 741 638 171 359 66 292 782 517 384 404
? 15 90 495 236 518 45 68 151 551 750 41 219 505 40 235 0
? 15 756 239 754 751 405 427 661 321 687 783 225 217 578 579 87
? 15 533 794 221 536 482 755 126 725 71 37 703 548 233 697 562
? 15 112 163 118 312 507 553 174 75 490 723 169 409 649 246 374
? 15 677 796 546 323 692 16 399 88 191 5 56 577 289 284 685
? 15 750 48 45 754 68 551 439 654 687 225 185 266 90 668 358
? 15 398 513 357 247 108 704 367 359 66 501 292 517 580 404 559
? 15 665 10 476 72 31 33 223 190 394 3 458 263 542 629 512
? 15 368 514 627 527 583 639 165 449 792 275 205 674 604 129 497
? 15 287 444 538 691 477 728 70 142 385 716 757 324 160 797 110
? 15 478 243 154 616 339 544 411 436 350 291 77 684 208 329 560
? 15 40 495 236 518 45 27 151 768 551 219 505 144 771 90 0
? 15 99 121 637 403 264 260 761 316 568 123 2 331 117 714 561
? 15 745 787 305 334 120 322 78 179 575 746 25 621 557 149 314
? 15 774 154 424 471 763 429 655 753 29 454 597 1 32 291 51
? 15 776 348 637 228 352 297 330 576 101 378 582 265 81 707 331
? 15 377 164 733 36 181 392 793 631 304 223 502 443 356 742 28
? 15 673 47 463 519 761 62 772 590 318 437 541 92 592 714 467
? 15 544 307 243 154 763 785 655 339 29 478 411 291 684 329 295
? 15 282 333 352 308 373 297 739 632 101 378 81 707 331 688 760
? 15 237 141 453 50 730 689 214 678 658 155 633 564 278 114 624
? 15 62 47 545 463 183 673 519 772 450 590 437 541 92 592 467
? 15 393 644 518 520 717 299 116 726 41 39 261 235 133 80 664
? 15 143 182 58 315 670 103 555 113 638 598 521 798 292 433 384
? 15 370 616 247 108 659 375 359 18 14 77 398 580 208 657 609
? 15 409 163 182 118 457 112 312 553 146 174 75 169 649 246 780
? 15 233 221 628 126 725 71 54 192 615 533 356 703 747 697 562
? 15 767 618 195 605 214 326 570 430 784 155 633 145 131 114 306
? 15 578 239 751 405 427 661 756 321 687 783 225 217 579 642 87
? 15 727 465 701 218 648 768 280 210 489 104 5 611 161 574 622
? 15 376 794 52 166 53 755 106 302 556 215 749 279 510 786 540
? 15 792 459 527 583 639 368 165 275 205 201 674 604 129 257 497
? 15 532 338 775 283 422 362 207 259 35 256 281 364 724 17 461
? 15 708 451 487 600 503 653 462 694 619 669 84 428 188 354 360
? 15 561 121 637 403 264 776 260 297 316 568 123 582 2 331 99
? 15 213 585 72 59 319 762 328 396 394 22 445 650 458 115 199
? 15 184 338 447 535 351 312 109 340 686 35 281 364 649 11 461
? 15 789 253 347 599 679 138 44 344 485 587 97 25 543 790 49
? 15 568 121 403 264 260 316 123 2 175 541 331 46 99 117 561
? 15 178 536 588 482 558 483 224 682 349 210 6 37 749 671 63
? 15 646 423 357 315 422 203 38 362 259 704 501 364 245 724 258
? 15 364 423 338 109 422 362 35 281 184 724 17 532 11 461 646
? 15 268 495 236 387 663 23 474 752 397 505 235 581 412 468 0
? 15 294 765 153 660 547 303 722 491 122 130 251 496 757 139 86
? 15 554 335 795 729 734 96 242 320 699 498 511 346 504 136 530
? 15 584 57 23 752 666 9 298 343 425 683 773 581 412 230 372
? 15 712 514 769 21 656 456 599 571 466 26 680 94 587 460 135
? 15 793 164 176 733 36 377 524 631 310 525 313 502 443 28 488
? 15 718 332 276 735 711 211 83 696 402 128 788 606 641 705 140
? 15 754 125 751 692 405 750 756 687 95 783 225 217 266 578 668
? 15 19 23 643 710 666 602 630 9 207 85 720 715 152 412 345
? 15 656 787 21 456 79 206 466 26 494 709 552 8 135 149 779
? 15 245 423 357 315 670 638 704 367 66 501 292 433 517 258 646
? 15 457 255 182 252 58 645 146 174 469 409 390 572 418 780 594
? 15 490 613 163 118 119 112 269 553 174 75 723 369 169 246 781
? 15 663 495 236 387 700 23 27 474 752 298 397 505 268 581 0
? 15 290 509 332 47 127 545 204 183 696 62 450 13 791 74 250
? 15 509 332 735 127 545 204 183 696 290 450 13 791 74 250 61
? 15 446 690 244 309 194 232 534 31 486 288 719 3 542 512 647
? 15 86 765 294 153 660 640 722 764 491 122 130 591 251 496 139
? 15 472 239 440 751 427 661 274 756 484 95 442 578 579 105 642
? 15 435 698 589 382 200 381 113 515 389 521 229 612 111 325 222
? 15 623 48 271 128 439 321 654 4 783 225 185 217 668 61 87
? 15 447 759 535 351 312 507 109 202 340 686 35 184 649 134 374
? 15 440 239 531 751 472 427 661 756 484 479 578 579 105 642 87
? 15 563 395 379 667 296 327 493 254 731 526 748 417 365 24 738
? 15 96 196 267 729 317 177 220 511 231 504 6 610 136 64 238
? 15 168 601 270 689 406 379 678 567 693 82 296 413 311 279 738
? 15 154 243 763 655 732 339 29 478 544 597 675 291 684 329 51
? 15 649 447 535 112 312 507 109 553 340 686 35 169 184 409 11
? 15 373 333 308 297 388 739 402 81 140 2 331 46 688 760 282
? 15 471 348 424 763 429 732 753 454 597 1 32 675 7 774 51
? 15 771 180 701 387 700 27 277 151 219 415 505 611 144 0 713
? 15 25 787 537 599 679 120 44 322 78 344 575 587 596 745 49
? 15 385 691 477 70 287 173 492 635 137 716 216 324 160 797 110
? 15 590 47 463 183 673 519 772 450 586 437 175 541 92 592 117
? 15 211 276 271 711 83 695 128 788 606 641 705 140 336 273 718
? 15 505 495 236 387 700 663 27 151 219 40 144 235 771 90 0
? 15 263 10 476 72 733 33 223 665 190 394 414 445 742 458 629
? 15 733 476 377 181 392 304 33 223 190 414 502 443 356 742 28
? 15 322 787 305 456 599 120 78 179 575 746 745 25 149 314 779
? 15 71 585 59 319 762 126 54 69 22 445 703 742 233 747 697
? 15 327 459 441 601 395 270 777 408 379 667 296 201 526 365 738
? 15 570 618 195 767 605 320 607 326 430 226 784 145 158 428 301
? 15 153 444 765 294 660 640 547 722 491 122 130 496 757 139 86
? 15 273 518 711 211 520 68 695 439 116 336 185 133 668 664 358
? 15 169 163 118 112 312 553 146 174 75 490 723 409 649 246 780
? 15 725 221 536 588 628 126 349 399 192 615 533 703 233 697 562
? 15 514 769 21 712 286 583 212 571 466 26 680 94 460 135 129
? 15 20 446 10 73 309 232 534 31 30 262 3 652 542 512 647
? 15 711 276 211 388 83 739 695 788 606 116 641 705 140 336 273
? 15 747 221 319 762 71 54 33 190 192 414 445 356 742 233 697
? 15 667 441 395 270 777 296 327 493 563 201 731 526 365 24 738
? 15 719 446 549 690 244 672 702 60 486 89 288 3 651 629 512
? 15 764 765 305 153 79 640 206 130 8 591 251 149 314 86 779
? 15 689 406 678 567 106 658 693 82 157 564 278 168 413 311 279
? 15 194 446 799 309 371 550 232 293 486 288 100 172 676 652 647
? 15 147 348 424 228 352 681 167 632 429 330 101 378 81 707 32
? 15 605 34 195 767 214 326 570 430 226 784 285 155 633 145 227
? 15 5 465 648 323 768 16 727 210 677 191 56 577 161 671 622
? 15 366 253 383 416 448 272 743 537 679 44 344 575 596 625 543
? 15 118 163 112 312 507 553 75 490 723 169 409 649 246 134 374
? 15 200 589 435 381 113 515 159 419 475 598 249 434 400 391 325
? 15 706 620 796 240 353 156 758 546 361 274 132 484 95 525 442
? 15 768 465 701 648 151 727 280 219 415 104 5 611 144 161 574
? 15 269 613 538 487 119 565 528 619 67 490 369 142 354 324 781
? 15 770 198 549 244 799 672 355 371 550 60 486 89 288 651 676
? 15 334 305 120 593 322 342 78 179 746 251 745 621 557 149 314
? 15 69 585 59 53 464 762 148 76 126 71 300 22 417 548 786
? 15 67 613 444 538 728 269 565 528 287 523 142 757 324 778 797
? 15 404 626 513 93 741 529 171 367 359 66 292 782 517 657 559
? 15 699 335 734 242 320 193 498 346 683 504 721 136 773 530 554
? 15 198 432 549 244 672 355 371 363 702 60 770 486 89 508 651
? 15 297 637 228 352 776 632 576 101 378 582 265 81 707 331 282
? 15 97 253 347 769 599 679 138 212 485 94 587 789 543 790 49
? 15 734 267 335 317 96 242 699 511 343 683 504 136 773 530 554
? 15 335 795 729 734 320 226 470 699 498 346 158 504 136 530 554
? 15 149 787 305 334 656 79 322 78 179 709 746 8 745 314 779
? 15 762 585 72 59 319 213 71 54 33 190 414 22 445 650 747
? 15 142 613 538 119 269 565 528 67 287 369 354 324 781 778 797
? 15 589 698 435 382 200 381 113 515 389 521 229 612 391 325 222
? 15 616 241 375 339 107 411 436 18 350 77 208 329 560 295 609
? 15 698 614 589 435 382 634 515 389 473 521 229 612 111 170 222
? 15 687 125 754 751 405 750 427 756 95 783 225 217 266 578 87
? 15 195 618 162 767 605 214 326 570 337 784 65 145 131 114 306
? 15 391 58 200 124 103 381 113 159 419 475 598 249 434 400 325
? 15 320 335 607 573 193 570 226 470 699 498 346 158 301 530 554
? 15 746 305 334 120 593 322 342 78 179 251 745 621 557 149 314
? 15 573 451 487 607 187 193 470 498 452 669 346 158 234 721 360
? 15 310 176 737 480 36 522 524 595 740 30 262 313 380 410 488
? 15 60 198 432 549 244 672 355 421 363 702 770 486 89 508 651
? 15 465 701 648 323 768 727 280 210 415 104 5 611 161 574 622
? 15 278 34 730 689 237 567 106 285 658 155 157 633 564 114 624
? 15 88 796 628 546 323 16 349 399 677 615 56 577 289 284 685
? 15 516 441 777 639 408 296 275 493 201 674 731 526 365 604 257
? 15 109 338 447 535 312 340 686 35 281 184 364 409 649 11 461
? 15 417 585 395 464 148 379 76 667 69 300 563 22 199 24 738
? 15 662 424 644 438 474 299 429 43 397 454 420 401 268 468 80
? 15 384 626 513 315 103 555 529 638 143 521 798 66 292 433 222
? 15 288 446 549 690 244 672 309 194 232 770 486 89 719 651 512
? 15 167 348 228 352 681 632 429 330 101 378 265 81 147 707 32
? 15 449 141 627 453 50 286 730 583 368 407 500 460 624 129 497
? 15 124 255 252 58 159 419 475 598 249 469 434 400 390 418 594
? 15 220 196 795 729 96 166 558 483 42 569 539 6 610 98 64
? 15 485 253 347 769 712 599 679 138 212 94 587 789 97 790 49
? 15 683 57 150 734 242 666 699 9 343 584 136 773 152 530 230
? 15 14 241 616 247 108 375 370 436 18 77 398 580 208 560 609
? 15 369 613 163 538 119 269 528 619 174 75 490 142 354 324 781
? 15 632 228 352 308 297 681 167 330 101 378 81 147 707 32 282
? 15 429 424 228 471 681 167 330 753 101 454 147 707 32 774 51
? 15 537 383 366 448 272 743 679 120 44 344 575 596 625 25 543
? 15 264 121 637 403 260 761 316 568 123 582 2 331 99 714 561
? 15 115 15 59 421 363 213 328 396 394 254 22 650 458 636 199
? 15 358 623 518 48 45 68 695 750 439 116 654 4 273 185 668
? 15 531 239 440 472 427 661 321 479 217 250 578 579 105 642 87
? 15 436 243 616 375 339 478 411 18 350 77 684 208 329 560 609
? 15 700 180 387 27 277 219 415 425 505 611 144 771 0 372 713
? 15 63 196 178 536 588 482 558 483 224 682 42 349 210 6 671
? 15 798 626 58 315 670 103 555 113 529 638 143 521 433 384 222
? 15 685 125 620 796 156 546 692 132 677 88 191 56 577 289 284
? 15 606 276 271 711 211 83 128 788 641 654 705 140 336 718 61
? 15 386 186 197 79 91 206 337 617 494 65 709 552 8 426 306
? 15 116 518 711 211 520 717 695 726 336 261 273 133 393 664 358
? 15 565 613 444 538 728 269 528 462 67 523 142 757 324 139 778
? 15 293 446 799 309 371 550 194 232 770 288 100 172 676 652 647
? 15 52 794 53 755 76 302 37 556 548 311 279 510 786 376 540
? 15 644 662 438 717 299 43 41 39 261 235 401 468 80 393 664
? 15 443 164 733 377 628 181 392 631 304 223 192 356 289 284 28
? 15 736 15 395 421 363 328 493 254 563 731 508 748 636 115 24
? 15 341 614 626 93 247 741 529 659 171 359 55 782 603 657 404
? 15 654 623 48 271 211 68 695 128 439 606 4 185 217 668 358
? 15 586 735 183 696 402 519 772 450 590 437 705 175 541 46 117
? 15 374 759 447 118 112 312 507 202 553 506 723 455 234 608 134
? 15 489 180 218 189 224 682 277 280 210 415 104 611 161 574 238
? 15 541 735 463 183 673 519 772 450 590 586 437 175 46 592 117
? 15 128 623 332 48 271 204 211 83 606 641 654 4 74 718 61
? 15 50 141 627 453 730 237 678 407 658 693 449 564 500 481 624
? 15 557 765 305 334 120 593 342 78 179 746 130 251 745 621 314
? 15 277 180 218 700 27 280 489 415 425 104 611 144 771 372 713
? 15 360 451 613 487 119 269 573 187 694 619 452 669 708 354 781
? 15 80 495 644 518 520 717 299 43 41 39 261 235 133 393 664
? 15 524 164 176 10 480 36 793 310 30 313 502 380 410 28 488
? 15 217 623 48 271 751 405 756 321 654 4 783 225 578 579 87
? 15 757 444 538 728 547 303 565 209 67 287 324 139 160 797 110
? 15 732 243 154 471 763 655 753 597 1 675 7 774 291 684 51
? 15 693 453 459 601 270 689 406 678 567 407 658 82 168 413 481
? 15 761 121 403 264 463 673 316 102 590 541 92 99 592 714 467
? 15 224 196 218 189 558 682 177 210 489 231 6 610 671 63 238
? 15 499 252 691 744 419 645 173 492 635 385 400 716 216 418 594
? 15 686 447 535 351 312 507 109 202 340 35 281 184 649 11 461
? 15 410 176 737 73 480 522 524 595 740 310 30 262 313 380 488
? 15 342 334 743 537 120 593 78 179 575 746 596 745 625 621 557
? 15 79 186 787 656 640 386 206 764 709 552 8 591 149 314 779
? 15 441 270 777 408 667 296 275 327 493 201 526 365 604 257 516
? 15 392 221 733 377 628 181 399 304 192 615 443 356 289 284 697
? 15 351 759 431 447 535 507 202 340 686 256 455 281 608 134 461
? 15 72 476 59 319 762 33 223 665 190 394 414 445 742 458 263
? 15 314 787 305 334 656 79 640 322 764 179 746 8 745 149 779
? 15 753 424 471 763 429 655 29 454 597 1 32 675 7 774 51
? 15 788 276 333 711 211 388 83 739 402 606 641 705 140 336 718
? 15 483 196 178 536 166 482 558 42 220 6 215 98 749 64 63
? 15 148 585 59 53 464 379 76 71 69 302 300 22 417 786 199
? 15 630 307 775 643 283 710 602 85 720 715 19 12 412 345 248
? 15 731 441 395 777 408 667 296 327 493 563 526 748 365 516 24
? 15 703 221 126 725 399 71 54 192 615 533 548 233 747 697 562
? 15 163 118 112 553 146 174 75 490 723 369 169 409 246 572 780
? 15 603 614 626 93 741 529 659 171 612 359 55 782 341 657 404
? 15 225 623 48 754 751 405 427 661 756 321 687 783 217 578 87
? 15 666 150 23 9 207 343 720 715 19 584 773 152 412 345 230
? 15 0 495 236 387 700 663 27 151 219 505 40 144 235 268 771
? 15 283 307 775 422 203 38 602 630 362 259 85 724 12 766 295
? 15 138 253 347 769 599 679 212 344 485 94 587 789 97 790 49
? 15 535 759 447 351 312 507 109 202 340 686 35 281 184 11 461
? 15 464 585 59 762 148 379 76 213 71 69 300 22 417 786 199
? 15 484 239 440 751 472 405 427 661 274 756 95 442 578 105 642
? 15 208 241 616 375 478 370 411 436 18 350 14 77 329 560 609
? 15 144 701 700 27 277 151 219 415 104 505 611 771 161 574 713
? 15 738 441 601 395 270 379 667 296 327 563 201 526 417 365 24
? 15 337 618 197 195 767 386 326 503 617 65 145 84 428 426 306
? 15 461 338 535 351 207 340 686 35 256 281 184 364 17 532 11
? 15 336 276 711 211 520 83 695 788 606 116 726 140 273 393 664
? 15 313 164 176 737 480 36 793 524 740 310 30 502 380 410 488
? 15 602 307 775 643 785 283 710 630 397 420 85 715 19 12 248
? 15 37 794 52 178 536 166 482 483 755 126 533 548 749 376 540
? 15 669 451 487 119 607 573 187 470 694 619 452 708 721 354 360
? 15 4 623 48 271 68 128 439 606 321 654 185 217 668 61 358
? 15 502 164 176 10 733 36 377 793 524 223 30 313 443 28 488
? 15 17 338 775 283 422 362 207 259 35 256 281 364 724 532 461
? 15 628 221 181 392 399 304 88 192 615 443 356 289 284 697 562
? 15 363 198 15 432 549 672 355 421 702 60 89 719 508 651 636
? 15 511 196 267 729 317 734 96 177 231 504 610 136 554 64 238
? 15 179 787 305 334 120 593 322 78 575 746 745 621 557 149 314
? 15 598 255 58 124 103 555 159 419 475 249 469 434 400 391 418
? 15 690 446 244 672 232 534 31 486 89 288 719 3 542 629 512
? 15 755 794 52 53 76 126 302 300 533 37 556 548 786 376 540
? 15 61 509 623 332 48 271 127 204 128 606 641 654 4 74 718
? 15 210 218 189 224 682 648 727 280 489 104 161 574 671 622 63
? 15 576 348 637 228 352 776 297 330 101 378 582 265 81 707 331
? 15 650 585 72 59 319 762 213 328 396 394 22 445 458 115 199
? 15 604 459 441 270 777 639 408 165 792 275 205 201 674 257 516
? 15 492 691 477 744 209 70 287 137 385 716 216 160 499 797 110
? 15 141 627 162 195 730 214 91 237 155 633 564 500 131 114 624
? 15 151 701 45 27 768 551 219 415 505 611 40 144 771 90 0
? 15 526 441 395 777 408 667 296 327 493 201 731 365 257 516 738
? 15 27 180 387 700 277 219 415 425 505 611 144 771 0 372 713
? 15 295 307 241 616 775 785 283 203 38 339 259 107 544 411 766
? 15 624 141 627 453 50 730 214 237 658 155 633 564 500 278 114
? 15 312 759 447 535 112 507 109 340 686 35 184 409 649 11 374
? 15 387 495 236 700 663 27 752 219 505 268 771 581 0 372 713
? 15 108 247 659 375 367 370 359 18 14 77 398 580 657 609 559
? 15 445 476 72 59 319 762 71 54 33 223 190 394 414 742 747
!
94 212 514 599 769
599 94
94 769
769 514
514 212
67 70 110 119 137 142 160 187 209 269 287 303 324 354 360 369 385 444 452 477 487 490 492 523 528 538 547 565 613 619 669 691 716 728 757 778 781 797
67 528
528 565
528 538
528 269
269 142
142 613
538 324
324 287
287 797
797 70
70 385
385 716
716 110
385 691
67 778
778 523
613 119
119 354
119 781
781 490
781 369
354 487
487 619
619 360
360 669
619 452
452 187
716 137
137 477
477 209
209 547
547 303
547 757
757 444
444 728
728 160
137 492
22 59 69 115 148 199 213 254 300 328 379 396 417 464 585 650
59 650
650 213
213 396
396 199
199 115
115 328
650 22
22 585
22 464
585 69
464 300
300 148
148 379
379 417
115 254
341 603
341 603
113 435 589
589 113
589 435
34 52 53 76 82 106 157 168 278 279 285 302 311 376 406 413 540 556 564 567 601 658 678 689 693 755 786 794
794 755
755 52
755 53
52 540
53 786
786 76
76 302
302 311
311 406
311 556
556 106
106 279
279 157
157 567
567 689
689 678
678 658
658 564
564 278
678 693
693 413
106 376
278 34
34 285
406 82
82 168
82 601
87 95 125 217 225 266 274 321 405 427 442 484 578 661 687 751 754 756 783
87 756
756 751
751 783
87 321
783 217
783 225
225 405
756 578
578 427
427 661
405 687
687 754
754 266
687 125
661 484
484 95
95 274
274 442
21 26 456 466 494 552 571 680 712
552 466
466 494
494 571
571 680
680 712
712 21
21 26
26 456
105 239 440 472 479 531 579 642
105 642
642 440
105 531
531 479
642 239
479 579
440 472
9 23 57 150 152 207 230 298 343 345 412 425 431 584 666 683 710 715 720 752 773
9 150
9 230
150 152
152 207
207 345
345 715
715 720
230 773
773 683
9 666
152 431
773 57
57 343
343 584
584 298
298 425
425 752
584 412
412 23
23 710
65 91 114 131 141 145 155 162 195 214 306 426 430 570 605 633 767 784
155 633
155 114
114 141
114 214
214 131
131 195
195 306
306 145
306 65
65 91
91 426
91 162
214 767
767 784
784 605
605 430
605 570
88 546 577 677 685 692 796
88 677
677 577
577 692
692 546
546 685
685 796
158 193 226 242 301 320 346 470 498 530 573 607 699 721
301 607
607 158
158 470
158 498
498 320
498 346
470 573
346 193
193 721
193 242
242 530
530 699
301 226
4 39 48 61 68 128 185 261 271 273 299 358 439 518 520 606 623 641 654 664 668 726
520 261
261 664
520 518
664 299
299 39
39 726
518 273
273 358
358 439
358 68
439 668
439 185
185 654
654 48
48 4
48 623
654 271
271 61
271 128
128 606
606 641
136 504 554 734
554 136
136 504
136 734
44 49 97 138 253 272 344 347 366 383 416 448 485 537 543 587 596 625 679 743 789 790
44 679
44 344
344 537
537 383
679 49
679 253
253 789
789 347
49 587
587 790
790 138
138 485
485 97
383 272
272 625
625 743
743 596
383 543
543 366
366 448
448 416
284 289
284 289
29 544 655
29 655
29 544
240 522 595 737 740
737 740
740 522
522 595
595 240
32 81 101 147 167 228 265 282 297 308 330 331 348 352 378 429 576 632 681 707 776
32 429
32 330
330 147
147 681
147 101
101 228
681 167
167 707
707 378
378 348
707 352
352 282
282 81
81 297
297 331
101 632
632 308
378 265
265 576
576 776
50 237 407 449 453 459 481 500 624 627 730
459 481
481 407
407 453
453 50
50 627
627 500
627 449
50 237
237 624
624 730
25 78 120 149 179 305 314 322 334 342 557 575 593 621 745 746 779 787
25 575
575 120
120 78
78 745
745 322
745 179
179 746
746 334
322 305
746 557
305 149
149 787
149 779
779 314
557 593
593 342
342 621
2 13 46 47 62 74 83 92 99 102 116 117 121 123 127 140 175 183 204 211 250 260 264 276 290 316 318 332 333 336 373 388 402 403 437 450 463 467 509 519 541 545 561 568 582 586 590 592 637 673 688 695 696 705 711 714 718 735 739 760 761 772 788 791
2 568
2 260
260 123
123 561
561 264
264 121
121 99
99 403
403 316
123 637
637 582
316 761
761 102
761 714
714 463
463 467
467 92
92 318
467 673
673 592
592 590
590 519
519 541
541 772
592 437
592 62
437 450
450 47
47 183
47 545
772 586
586 175
175 117
175 46
586 735
545 696
696 332
332 204
204 74
332 791
791 509
509 290
290 127
127 13
46 402
402 388
388 333
333 276
276 140
333 705
705 718
388 760
760 373
373 688
760 739
718 788
788 83
140 711
711 336
336 211
211 695
336 116
13 250
132 156 353 361 525 620 706 758
132 353
353 706
132 156
156 620
706 758
758 525
758 361
0 5 16 27 40 41 43 45 56 80 90 104 133 144 151 161 180 191 219 235 236 268 277 280 323 372 387 393 397 401 415 420 438 465 468 474 495 505 551 574 581 611 622 644 648 662 663 700 701 713 717 727 750 768 771
372 277
277 180
277 700
700 713
713 27
27 771
180 104
104 415
415 144
415 611
611 701
701 161
161 574
701 648
574 280
648 768
648 219
219 151
161 727
768 465
465 5
151 505
505 0
0 236
236 495
495 41
41 235
235 717
717 133
717 80
80 393
0 387
387 268
268 663
663 581
505 40
40 551
551 45
45 90
45 750
5 191
191 56
56 323
323 16
16 622
581 474
474 468
468 420
468 43
43 438
438 644
43 662
644 401
420 397
129 368 497 527 583 792
792 497
497 129
129 368
129 583
583 527
10 28 30 33 36 37 54 71 72 73 126 164 176 181 190 192 221 223 233 262 263 304 310 313 319 349 356 377 380 392 399 410 414 443 445 476 480 482 488 502 524 533 536 548 562 588 615 628 631 665 697 703 725 733 742 747 762 793
10 73
73 30
73 262
30 524
524 502
502 793
502 164
164 28
28 36
36 176
176 488
488 313
28 631
313 310
310 480
480 380
380 410
164 443
443 377
377 733
733 192
192 223
223 356
356 304
304 181
304 392
392 628
628 615
615 399
615 221
221 697
697 747
747 54
54 71
747 742
742 319
319 190
190 414
414 445
445 72
190 33
72 762
33 476
221 703
703 562
703 233
233 725
233 533
533 126
533 37
37 548
37 536
536 482
482 588
588 349
476 665
665 263
6 42 63 64 96 98 166 177 178 189 196 210 215 218 220 224 227 231 238 267 317 335 483 489 510 511 539 558 569 610 671 682 729 749 795
6 196
196 224
224 189
189 682
196 610
610 231
231 96
96 177
177 317
317 267
267 511
189 489
6 558
682 210
558 483
483 42
42 98
98 569
569 539
539 227
483 749
749 166
489 218
166 510
558 63
63 178
210 671
42 220
220 64
64 795
795 729
729 335
218 238
510 215
24 165 201 205 257 270 275 296 327 365 395 408 441 493 516 526 563 604 639 667 674 731 738 748 777
201 257
257 408
408 777
777 516
777 441
777 526
526 365
365 493
365 731
201 604
604 275
275 205
205 165
493 748
493 24
24 563
563 395
563 667
667 738
738 296
738 327
327 270
201 639
639 674
84 326 428 451 462 503 600 618 653 694 708
503 428
428 326
326 618
326 451
503 84
84 600
600 653
653 462
653 694
694 708
86 122 130 139 153 188 251 294 491 496 591 640 660 722 764 765
86 294
294 491
294 496
491 122
496 153
122 660
122 722
153 139
86 765
765 251
251 764
764 640
764 130
640 591
591 188
736
394 458 629
394 458
394 629
15 363 421 432 508 636 702
15 636
15 421
421 702
702 363
363 508
508 432
55 111 170 222 229 381 382 389 515 521 612 614 634 698
381 222
222 521
381 515
521 382
382 612
612 614
614 170
614 111
111 698
111 229
698 389
170 634
634 55
12 19 85 248 307 602 630 643 775
12 85
12 307
307 248
85 630
630 643
643 19
85 775
307 602
159 200 249 325 391 400 419 434 475 598
598 475
598 159
475 391
391 434
159 249
249 419
249 400
434 200
200 325
473 566
473 566
11 17 35 58 75 109 112 118 124 134 146 163 169 173 174 182 184 202 216 234 246 252 255 256 281 312 340 351 374 390 409 418 447 455 457 461 469 499 506 507 532 535 553 572 594 608 635 645 649 686 723 744 759 780
234 506
506 455
455 608
506 134
134 374
374 507
134 759
759 202
202 351
202 535
535 184
184 340
340 686
686 447
447 312
340 35
35 281
281 461
35 11
312 649
649 409
649 112
11 109
112 553
553 246
246 118
553 723
246 169
169 163
163 75
163 174
174 780
780 572
572 146
572 645
645 173
645 594
594 252
173 635
281 532
532 17
17 256
252 418
418 124
252 390
390 469
469 255
255 457
469 58
457 182
635 216
216 744
744 499
14 38 66 93 103 107 108 143 171 203 245 247 258 259 283 292 315 338 357 359 362 364 367 370 384 398 404 422 423 433 501 513 517 529 555 559 580 609 626 638 646 657 659 670 704 724 741 766 782 798
14 370
370 609
370 108
108 247
247 580
580 398
398 517
517 559
517 367
367 501
367 357
357 704
704 66
559 359
66 258
258 646
258 724
646 423
724 362
362 259
259 38
38 203
38 766
203 107
259 283
362 338
338 364
364 422
359 93
93 404
93 782
782 171
93 513
513 626
626 529
782 657
657 659
529 741
513 292
292 638
638 384
423 315
315 670
670 245
384 433
433 143
143 798
798 555
555 103
3 20 31 512 534 542
3 512
512 534
534 31
31 542
31 20
1 7 18 51 77 154 208 241 243 291 295 329 339 350 375 411 424 436 454 471 478 560 597 616 675 684 732 753 763 774 785
1 7
1 675
675 597
597 732
732 291
675 763
732 154
154 243
154 684
684 329
329 478
478 350
350 560
560 208
329 339
350 436
350 616
616 77
77 18
18 375
1 51
51 471
471 753
753 424
424 774
774 454
339 785
785 295
785 411
411 241
8 79 135 186 197 206 337 386 617 656 709
337 197
197 617
197 386
386 79
79 8
79 206
8 709
709 135
135 656
709 186
60 89 100 172 194 198 232 244 288 293 309 355 371 446 486 549 550 647 651 652 672 676 690 719 770 799
60 651
651 672
672 89
672 719
89 486
486 288
89 244
244 690
651 198
198 549
198 355
549 770
770 371
770 799
799 550
550 100
100 172
172 293
293 676
550 194
194 647
647 232
232 309
309 446
647 652
286 460
286 460
