? 3 175 400 34
? 3 187 11 662
? 3 244 791 45
? 3 187 455 780
? 3 555 707 512
? 3 713 787 795
? 3 713 686 287
? 3 350 555 344
? 3 518 799 176
? 3 45 287 621
? 3 244 392 356
? 3 287 713 336
? 3 795 787 74
? 3 176 707 82
? 3 555 512 119
? 3 287 45 621
? 3 94 558 651
? 3 681 623 667
? 3 212 294 475
? 3 422 376 52
? 3 95 431 483
? 3 163 105 413
? 3 435 639 80
? 3 405 347 658
? 3 431 756 690
? 3 542 538 547
? 3 584 614 135
? 3 338 675 1
? 3 629 587 276
? 3 679 236 269
? 3 639 80 611
? 3 312 737 491
? 3 396 122 239
? 3 667 424 258
? 3 515 171 358
? 3 104 0 403
? 3 338 1 57
? 3 723 270 127
? 3 660 628 779
? 3 376 138 32
? 3 273 679 497
? 3 273 497 274
? 3 487 150 437
? 3 4 681 149
? 3 590 646 205
? 3 498 644 359
? 3 292 373 349
? 3 651 225 758
? 3 167 613 208
? 3 590 162 26
? 3 263 631 390
? 3 52 272 616
? 3 559 108 248
? 3 334 785 47
? 3 405 100 254
? 3 542 329 169
? 3 521 465 492
? 3 179 674 740
? 3 515 629 446
? 3 722 270 627
? 3 559 337 703
? 3 722 29 714
? 3 361 305 185
? 3 483 14 567
? 3 614 584 215
? 3 588 401 115
? 3 162 590 261
? 3 116 89 776
? 3 413 12 472
? 3 239 694 87
? 3 521 183 476
? 3 294 212 325
? 3 225 533 93
? 3 292 215 420
? 3 1 675 643
? 3 497 273 634
? 3 100 405 650
? 3 236 231 157
? 3 91 25 626
? 3 12 413 508
? 3 645 134 566
? 3 487 694 275
? 3 270 764 297
? 3 349 373 720
? 3 646 508 661
? 3 1 104 159
? 3 737 312 345
? 3 258 714 351
? 3 679 273 223
? 3 345 272 321
? 3 644 498 574
? 3 631 212 113
? 3 312 491 76
? 3 270 297 652
? 3 162 26 288
? 3 272 616 247
? 3 584 614 135
? 3 521 183 476
? 3 54 123 271
? 3 161 427 202
? 3 486 180 121
? 3 680 353 24
? 3 385 711 51
? 3 24 282 746
? 3 165 5 772
? 3 234 31 330
? 3 353 757 146
? 3 668 778 98
? 3 486 426 417
? 3 177 545 519
? 3 395 458 592
? 3 385 51 730
? 3 219 20 377
? 3 700 769 792
? 3 385 711 262
? 3 772 31 152
? 3 449 509 386
? 3 688 769 15
? 3 537 173 295
? 3 786 313 50
? 3 700 406 525
? 3 161 44 41
? 3 477 327 249
? 3 240 307 540
? 3 385 54 763
? 3 432 64 571
? 3 778 668 317
? 3 540 571 464
? 3 123 482 633
? 3 20 148 777
? 3 763 385 53
? 3 757 177 112
? 3 15 425 367
? 3 395 199 154
? 3 121 450 556
? 3 545 367 414
? 3 730 777 37
? 3 509 449 460
? 3 307 240 213
? 3 509 700 434
? 3 385 711 262
? 3 395 199 154
? 3 665 410 595
? 3 601 495 418
? 3 603 238 133
? 3 717 109 251
? 3 754 368 501
? 3 601 38 751
? 3 591 310 195
? 3 798 562 198
? 3 569 355 30
? 3 410 595 734
? 3 562 665 39
? 3 513 585 511
? 3 125 591 765
? 3 622 488 10
? 3 397 251 281
? 3 513 333 384
? 3 251 717 140
? 3 683 609 151
? 3 603 557 203
? 3 717 140 6
? 3 595 734 796
? 3 109 717 6
? 3 238 603 203
? 3 562 198 798
? 3 579 362 303
? 3 342 315 594
? 3 103 759 61
? 3 340 214 526
? 3 309 103 77
? 3 280 790 378
? 3 77 747 13
? 3 775 65 106
? 3 153 747 301
? 3 303 362 669
? 3 103 550 17
? 3 747 153 753
? 3 340 666 383
? 3 8 222 457
? 3 13 747 188
? 3 790 280 242
? 3 753 596 58
? 3 65 106 600
? 3 303 579 463
? 3 340 666 383
? 3 332 391 607
? 3 394 290 323
? 3 382 770 516
? 3 739 216 372
? 3 607 692 144
? 3 770 382 71
? 3 264 139 3
? 3 789 283 85
? 3 442 191 243
? 3 632 697 774
? 3 296 322 663
? 3 229 517 642
? 3 573 636 454
? 3 243 442 541
? 3 107 172 624
? 3 739 372 227
? 3 636 388 387
? 3 181 341 92
? 3 193 117 506
? 3 147 531 456
? 3 216 388 583
? 3 221 348 399
? 3 774 372 702
? 3 206 137 260
? 3 494 206 620
? 3 388 578 564
? 3 549 46 752
? 3 708 767 343
? 3 739 16 657
? 3 216 197 647
? 3 573 636 370
? 3 461 485 257
? 3 606 692 653
? 3 221 218 326
? 3 531 71 742
? 3 92 181 593
? 3 221 399 575
? 3 257 485 493
? 3 193 506 610
? 3 659 705 664
? 3 229 610 630
? 3 172 748 285
? 3 147 255 510
? 3 260 137 440
? 3 264 3 582
? 3 653 606 554
? 3 181 191 357
? 3 770 382 543
? 3 564 388 578
? 3 618 328 797
? 3 693 265 278
? 3 490 182 733
? 3 597 18 784
? 3 182 490 23
? 3 784 691 59
? 3 23 750 436
? 3 480 699 398
? 3 235 586 19
? 3 478 502 479
? 3 478 502 762
? 3 597 18 266
? 3 797 328 102
? 3 23 750 436
? 3 265 693 586
? 3 316 419 783
? 3 439 129 677
? 3 439 230 70
? 3 189 36 470
? 3 605 316 484
? 3 230 439 70
? 3 189 439 677
? 3 300 452 749
? 3 474 366 743
? 3 749 302 66
? 3 743 366 277
? 3 253 277 505
? 3 277 743 352
? 3 66 302 615
? 3 530 745 648
? 3 210 715 689
? 3 685 649 141
? 3 88 430 527
? 3 145 35 761
? 3 649 685 166
? 3 530 69 67
? 3 447 524 672
? 3 145 534 728
? 3 689 715 673
? 3 210 88 430
? 3 210 145 35
? 3 246 365 718
? 3 504 572 128
? 3 9 114 245
? 3 299 217 178
? 3 719 331 755
? 3 404 55 155
? 3 444 68 204
? 3 217 28 81
? 3 96 299 256
? 3 114 252 560
? 3 96 256 126
? 3 504 572 168
? 3 114 560 546
? 3 572 168 423
? 3 96 126 120
? 3 9 204 577
? 3 168 246 718
? 3 684 371 209
? 3 684 209 570
? 3 196 131 83
? 3 684 499 496
? 3 499 164 599
? 3 499 599 164
? 3 529 520 735
? 3 716 641 563
? 3 641 716 581
? 3 324 706 43
? 3 641 27 237
? 3 529 612 306
? 3 364 589 576
? 3 576 735 655
? 3 324 721 565
? 3 709 520 416
? 3 576 655 284
? 3 581 706 794
? 3 581 716 548
? 3 156 200 687
? 3 40 654 56
? 3 654 22 781
? 3 259 451 160
? 3 637 445 443
? 3 186 514 773
? 3 90 346 744
? 3 156 637 544
? 3 346 90 766
? 3 186 704 604
? 3 687 200 293
? 3 56 40 736
? 3 200 293 411
? 3 22 744 314
? 3 481 428 60
? 3 453 656 224
? 3 453 760 79
? 3 619 201 78
? 3 268 741 241
? 3 241 741 695
? 3 670 602 768
? 3 760 428 194
? 3 481 428 60
? 3 78 619 201
? 3 409 360 710
? 3 101 354 226
? 3 298 412 286
? 3 170 459 489
? 3 63 190 192
? 3 503 522 2
? 3 136 291 712
? 3 608 335 233
? 3 729 671 75
? 3 174 598 523
? 3 438 86 682
? 3 7 250 625
? 3 469 433 279
? 3 118 86 220
? 3 220 712 320
? 3 441 33 788
? 3 625 7 375
? 3 21 532 638
? 3 536 441 701
? 3 710 409 379
? 3 279 793 48
? 3 726 97 696
? 3 471 393 124
? 3 678 7 473
? 3 698 158 207
? 3 393 552 676
? 3 232 553 143
? 3 380 415 308
? 3 298 286 42
? 3 462 539 568
? 3 724 190 528
? 3 174 369 99
? 3 21 267 304
? 3 638 192 580
? 3 318 73 381
? 3 49 468 72
? 3 110 233 389
? 3 635 503 130
? 3 682 732 111
? 3 124 471 289
? 3 211 158 408
? 3 84 170 407
? 3 220 118 507
? 3 72 49 402
? 3 608 535 142
? 3 393 552 725
? 3 731 771 561
? 3 635 130 500
? 3 409 710 363
? 3 124 289 311
? 3 469 433 374
? 3 42 311 727
? 3 438 380 429
? 3 21 267 304
? 3 72 49 402
? 3 682 732 111
? 3 143 553 232
? 3 319 467 466
? 3 319 617 62
? 3 617 132 782
? 3 466 738 184
? 3 448 339 640
? 3 319 62 421
? 3 339 448 640
!
11 662 518 187 455 780 82 707 176 799 512 119 555 686 344 350 287 713 795 787 74 400 34 336 621 45 791 244 392 175 356 
11 187
11 518
11 662
34 175
34 400
45 244
45 287
45 621
74 787
82 707
119 512
176 707
176 799
187 455
244 392
244 791
287 336
287 686
336 713
344 350
350 555
356 392
400 795
455 780
512 555
512 707
518 799
555 686
713 787
787 795
0 104 159 403 1 675 643 338 437 150 487 275 87 645 239 396 566 91 263 631 390 113 212 475 626 288 26 162 590 261 294 547 538 542 329 169 574 498 12 413 105 472 163 476 183 521 492 465 639 435 80 611 508 661 646 644 359 205 115 588 401 337 703 559 108 95 431 690 756 248 779 179 740 674 660 483 14 567 628 623 667 681 149 4 558 651 758 225 533 93 94 424 258 351 776 116 89 714 722 627 270 764 297 723 127 47 652 29 785 334 737 491 76 347 658 405 100 254 650 312 345 321 272 616 52 376 422 587 276 629 446 247 138 32 515 171 358 208 613 167 361 185 305 349 373 292 215 584 614 135 720 420 274 497 273 634 223 679 236 269 157 231 325 122 57 694 134 25 
0 403
1 104
1 338
1 643
4 558
4 681
12 472
12 498
12 508
14 483
14 567
25 91
25 626
26 162
26 288
29 722
32 376
47 334
47 722
47 785
52 272
52 376
52 422
57 338
76 312
76 491
80 435
80 611
80 639
87 239
89 776
91 566
93 533
94 558
95 108
95 431
100 405
104 159
104 403
105 163
105 413
108 248
113 212
113 631
115 359
115 588
116 776
122 396
127 270
127 723
134 263
134 566
134 645
135 614
138 376
149 681
150 437
157 231
162 590
163 476
167 361
167 613
169 329
169 574
171 358
171 515
179 674
179 779
183 476
185 305
185 361
205 646
208 515
208 613
212 294
212 475
215 420
215 584
223 679
225 533
225 651
231 236
236 679
239 396
239 694
247 272
248 559
254 405
258 351
258 424
261 590
263 390
269 679
270 652
270 722
272 321
272 345
272 616
273 497
273 679
274 497
274 614
275 487
276 587
292 349
292 420
294 325
294 547
297 652
297 764
305 349
312 345
312 737
329 542
334 347
334 737
337 359
337 703
338 437
347 405
347 658
349 373
349 720
351 714
351 776
359 498
390 631
401 588
405 650
413 508
422 587
424 667
431 483
431 756
437 487
446 515
465 492
465 639
476 521
487 645
487 694
492 521
497 634
498 574
498 644
508 661
515 629
538 542
542 547
558 651
559 703
584 614
587 629
590 646
623 660
623 667
627 722
628 779
643 675
646 661
651 758
660 779
667 681
674 740
690 756
714 722
756 779
772 31 152 165 330 234 213 240 307 173 295 54 763 385 53 730 777 37 51 711 262 148 20 377 219 41 44 161 427 460 449 509 434 386 668 317 98 327 792 778 769 15 688 425 367 249 477 202 180 24 353 146 112 450 556 519 458 592 537 757 177 395 64 680 271 282 746 786 313 199 154 121 545 414 486 417 540 123 633 700 482 525 426 406 50 571 464 432 5 
5 772
15 367
15 425
15 688
15 769
20 148
20 377
24 680
24 746
31 152
31 234
31 772
37 730
37 777
41 44
41 161
41 219
50 313
50 571
50 786
51 385
53 385
53 763
54 123
54 271
54 763
64 432
64 537
98 778
112 177
112 757
121 180
121 450
121 486
123 482
146 353
148 777
154 199
161 427
165 213
165 772
173 537
177 519
177 545
180 680
199 395
202 427
213 240
219 377
234 271
234 330
240 307
240 540
249 477
262 711
282 746
295 537
317 327
317 668
317 778
327 477
353 680
353 757
367 414
367 545
385 711
385 730
386 509
386 668
395 458
395 545
395 592
406 700
417 426
426 486
427 460
432 571
434 509
434 700
449 509
450 556
460 509
464 540
482 633
525 700
540 571
700 769
700 792
140 251 39 384 333 513 133 238 603 203 125 591 765 557 501 368 495 418 601 38 751 488 10 622 310 355 511 195 798 796 6 665 109 410 198 281 397 754 569 717 595 30 562 734 683 585 609 151 
6 109
6 140
10 488
30 355
38 601
39 562
39 569
109 717
125 203
125 591
125 765
133 333
133 603
151 683
195 310
195 591
198 384
198 798
203 238
203 603
251 281
251 717
281 397
333 384
333 513
355 569
368 754
397 418
410 595
410 665
418 495
418 601
488 622
488 751
495 501
501 754
511 585
513 585
557 603
562 665
562 798
595 734
595 796
601 751
609 683
609 754
665 754
8 759 61 103 309 17 77 301 13 153 188 550 222 457 753 58 596 579 463 303 362 342 594 315 669 340 214 526 383 242 280 378 666 600 790 65 747 775 106 
8 222
8 759
13 77
13 188
13 747
17 103
58 596
58 753
61 759
65 106
65 600
77 103
103 309
103 550
103 759
106 775
153 747
153 753
214 526
222 457
242 790
280 790
301 747
303 463
303 669
315 594
340 383
340 526
340 669
342 362
342 594
362 669
378 790
383 666
463 579
579 596
594 790
600 666
3 139 264 632 697 774 702 372 227 739 216 583 388 387 647 197 659 705 664 578 564 283 85 789 243 191 357 181 593 341 92 442 541 461 257 394 323 290 218 326 221 348 399 575 485 493 16 657 636 370 573 752 46 549 454 296 322 663 582 391 332 607 144 692 653 606 554 494 206 620 137 260 107 440 172 624 748 285 117 506 193 610 630 229 517 642 516 382 71 770 742 531 456 147 543 767 708 343 255 510 
3 139
3 582
16 739
46 752
71 742
71 770
85 283
92 181
107 172
107 260
117 193
117 624
137 206
137 260
144 607
144 692
147 255
147 531
172 285
172 624
181 341
181 357
181 593
191 243
191 357
193 506
197 647
197 659
206 494
206 620
216 388
216 647
216 739
218 221
218 290
218 326
218 752
221 391
221 399
221 575
227 372
229 516
229 517
229 630
243 541
243 789
255 510
257 394
257 461
257 485
260 440
264 582
264 632
283 564
283 789
285 748
290 323
290 394
296 322
296 454
296 663
332 607
343 708
348 399
370 573
372 702
372 739
382 770
387 636
388 564
388 578
388 583
388 636
391 607
442 461
442 541
454 573
456 531
485 493
494 554
506 610
516 770
517 642
531 742
543 767
543 770
549 752
554 606
554 653
573 636
610 630
632 697
632 774
653 692
657 739
659 664
659 705
702 774
708 767
228 551 
228 551
18 784 597 59 691 235 586 19 102 328 618 693 265 278 797 266 23 750 490 733 182 480 398 699 479 478 762 502 436 
18 266
18 597
18 784
19 102
19 235
19 586
23 182
23 618
23 750
59 691
102 328
102 797
182 480
182 490
235 691
265 278
265 693
278 479
398 480
436 750
478 479
478 762
480 699
490 733
502 762
586 693
618 797
691 784
70 439 189 470 230 129 677 419 783 36 316 484 605 
36 189
36 783
70 439
129 677
189 439
189 470
230 439
316 419
316 484
316 605
316 783
439 677
66 302 615 300 253 366 474 743 352 277 452 749 505 
66 302
66 615
66 749
253 277
253 300
277 366
277 505
277 743
300 452
352 743
452 749
474 743
35 210 145 689 715 673 430 534 728 527 88 761 69 530 745 648 524 672 649 141 685 67 166 447 
35 210
67 69
69 530
69 761
88 430
141 649
145 210
145 534
145 761
166 685
210 430
210 689
430 527
447 524
447 672
524 648
530 745
534 728
648 745
649 672
649 685
673 689
689 715
9 577 245 114 423 252 560 546 204 168 246 718 572 365 128 68 444 404 55 155 120 126 96 256 299 178 217 81 28 504 331 755 719 
9 114
9 204
9 577
28 81
55 155
55 404
68 204
81 217
96 120
96 126
96 299
114 245
114 560
120 155
126 256
128 572
168 246
168 423
168 718
178 217
204 444
217 299
252 560
331 504
331 755
365 718
404 444
423 572
423 577
504 572
546 560
719 755
83 196 570 209 371 684 499 599 164 496 131 
83 131
131 196
164 599
196 570
209 684
371 684
496 499
499 599
499 684
570 684
27 237 641 563 581 794 706 324 43 565 721 364 576 284 589 655 735 520 529 416 612 709 306 716 548 
27 237
27 641
43 324
43 706
284 576
306 612
324 721
364 589
364 721
416 520
416 709
520 529
529 612
529 735
548 581
563 716
565 721
576 589
576 655
576 735
581 716
581 794
641 716
706 794
22 314 744 346 766 160 451 259 654 56 40 736 514 773 186 604 704 443 445 637 156 687 200 293 411 544 781 90 
22 314
22 781
40 56
40 736
56 514
56 654
90 346
90 744
90 766
156 200
156 544
156 637
160 259
160 314
160 451
186 514
186 604
200 293
200 411
200 687
314 744
443 445
443 637
443 773
514 773
604 704
654 781
60 428 481 194 760 768 670 619 268 241 741 695 201 78 79 224 656 602 453 
60 428
60 481
78 201
78 224
79 453
79 760
194 428
194 760
201 619
224 453
241 695
241 741
268 619
268 741
453 602
453 656
602 768
670 768
2 522 503 130 635 500 539 568 462 725 552 676 318 671 729 381 73 489 459 170 407 84 553 232 143 75 678 473 7 625 375 793 279 48 250 360 710 363 408 158 211 207 698 468 49 72 402 97 771 433 374 469 409 696 726 561 731 63 190 528 724 192 638 532 21 267 304 174 99 33 788 441 536 369 598 523 580 379 393 471 124 289 311 727 42 335 233 110 389 608 535 142 701 286 412 226 101 298 354 308 415 380 429 438 682 86 220 320 712 732 111 291 136 118 507 
2 522
7 250
7 375
7 473
7 625
21 267
21 532
33 99
33 441
42 298
42 727
48 793
49 402
63 190
63 731
72 402
72 468
73 381
73 489
75 729
84 170
84 407
84 553
86 220
86 682
97 363
97 696
97 771
99 174
101 226
101 354
110 233
111 732
118 220
118 507
124 311
124 393
124 471
130 500
130 635
136 712
142 535
142 608
143 232
158 207
158 211
170 459
170 489
174 267
174 369
174 598
190 192
190 528
192 580
192 638
207 698
211 408
220 712
226 412
232 553
233 335
233 389
233 608
250 360
267 304
279 469
279 793
286 298
289 311
291 712
298 308
298 412
308 415
311 727
318 381
318 671
318 676
320 712
335 726
360 409
363 408
363 409
374 433
374 469
375 793
379 710
380 415
380 429
380 438
393 552
393 725
409 710
438 682
441 701
441 788
462 539
462 725
468 698
473 678
489 678
503 522
503 539
503 635
523 598
528 724
532 638
536 701
539 568
552 676
561 771
671 729
682 732
696 726
731 771
62 421 640 448 339 466 738 467 132 617 184 782 319 
62 319
132 339
132 617
184 466
319 421
319 467
319 617
339 640
448 640
466 467
466 738
617 782
