? 7 417 541 371 78 760 125 542
? 7 305 498 411 30 668 777 180
? 7 505 377 338 230 469 552 471
? 7 220 29 547 402 592 634 398
? 7 702 499 26 602 40 34 106
? 7 799 708 248 534 656 244 669
? 7 790 141 485 59 556 327 443
? 7 559 598 531 226 148 87 268
? 7 324 484 604 496 693 740 565
? 7 290 762 388 757 343 313 286
? 7 373 545 225 468 655 445 540
? 7 443 141 485 556 327 111 790
? 7 254 742 620 367 477 211 112
? 7 10 758 536 322 765 90 615
? 7 349 63 283 768 697 404 212
? 7 765 758 536 10 90 711 615
? 7 635 118 460 575 651 172 91
? 7 277 663 592 370 634 39 202
? 7 646 290 385 762 343 313 286
? 7 5 247 329 507 124 659 666
? 7 736 664 329 659 121 509 193
? 7 665 25 652 681 698 409 54
? 7 534 708 248 656 244 669 799
? 7 406 393 278 604 105 188 569
? 7 130 152 66 22 300 404 672
? 7 763 576 48 68 626 301 528
? 7 712 768 551 133 256 650 697
? 7 379 96 514 291 72 719 156
? 7 204 115 692 133 256 250 55
? 7 455 175 60 591 122 793 65
? 7 252 504 727 601 429 382 613
? 7 745 50 209 537 33 394 219
? 7 29 119 220 135 402 624 447
? 7 404 349 300 582 378 672 130
? 7 303 269 161 426 347 260 478
? 7 783 467 545 655 365 641 756
? 7 749 262 323 163 356 369 453
? 7 503 343 495 313 539 207 703
? 7 467 783 365 744 641 301 756
? 7 107 407 59 556 186 513 790
? 7 571 474 750 791 17 578 108
? 7 52 715 401 310 97 372 553
? 7 57 45 602 519 791 690 753
? 7 407 186 513 177 86 452 716
? 7 597 288 64 309 640 421 705
? 7 704 506 208 599 722 653 127
? 7 148 598 531 559 333 87 268
? 7 191 208 109 733 3 376 127
? 7 693 484 324 604 741 740 565
? 7 676 514 291 719 136 603 436
? 7 575 118 460 635 651 172 470
? 7 87 598 531 559 333 148 268
? 7 657 616 670 522 463 475 660
? 7 270 621 80 200 132 333 390
? 7 72 96 291 719 379 156 408
? 7 172 251 118 460 575 635 359
? 7 725 278 595 105 188 93 554
? 7 545 783 373 468 655 28 540
? 7 137 274 344 498 689 340 51
? 7 697 768 551 133 712 256 650
? 7 435 645 8 707 157 683 242
? 7 777 411 668 305 307 180 471
? 7 389 714 492 610 678 649 754
? 7 734 628 150 685 335 198 279
? 7 595 278 105 188 725 93 554
? 7 64 451 309 640 481 705 597
? 7 623 183 726 492 389 24 128
? 7 344 274 515 294 264 776 51
? 7 402 636 29 220 284 292 233
? 7 289 59 449 770 686 557 129
? 7 386 175 49 92 257 170 60
? 7 162 516 473 532 405 439 69
? 7 606 144 643 629 7 227 698
? 7 640 288 309 421 705 675 597
? 7 438 491 187 217 609 612 372
? 7 310 52 562 764 97 58 372
? 7 576 783 48 763 301 528 756
? 7 582 349 283 593 300 378 404
? 7 564 739 651 414 420 721 470
? 7 744 467 444 641 400 167 756
? 7 548 218 735 766 401 767 553
? 7 50 537 614 33 745 394 486
? 7 302 573 94 669 75 710 543
? 7 14 485 327 111 443 583 282
? 7 714 143 610 678 649 631 754
? 7 223 96 237 446 685 71 279
? 7 103 168 695 752 46 181 465
? 7 115 692 133 204 256 250 55
? 7 328 15 630 700 419 216 326
? 7 585 437 174 562 751 131 42
? 7 253 525 269 287 260 594 149
? 7 330 182 562 751 131 23 458
? 7 604 324 496 105 188 740 554
? 7 122 175 49 648 60 455 65
? 7 497 477 211 195 738 350 432
? 7 611 182 194 366 23 280 608
? 7 719 632 514 291 136 676 408
? 7 194 182 426 38 366 611 608
? 7 298 7 773 479 482 544 258
? 7 56 63 160 645 607 778 212
? 7 787 538 724 555 737 480 83
? 7 332 692 250 142 165 55 577
? 7 142 692 332 165 243 55 577
? 7 798 126 221 517 488 661 318
? 7 219 632 50 209 745 420 775
? 7 413 196 499 415 355 791 753
? 7 153 360 265 228 346 395 440
? 7 161 269 426 303 347 260 478
? 7 128 708 255 248 492 623 669
? 7 547 677 658 358 789 398 674
? 7 448 11 222 151 618 102 464
? 7 425 457 229 501 46 524 205
? 7 475 670 657 522 463 390 660
? 7 707 644 183 726 8 435 683
? 7 48 576 763 68 301 528 756
? 7 694 580 387 22 214 88 428
? 7 767 166 548 735 766 784 132
? 7 660 657 715 132 522 390 475
? 7 717 451 628 150 322 363 335
? 7 737 787 591 793 480 311 83
? 7 397 84 763 317 488 462 661
? 7 224 605 498 584 689 30 305
? 7 283 349 63 593 730 582 378
? 7 565 484 324 604 496 693 740
? 7 428 580 387 695 625 88 53
? 7 230 377 505 338 98 469 552
? 7 747 238 342 337 381 755 314
? 7 6 714 171 600 143 610 631
? 7 121 664 446 736 198 509 691
? 7 62 687 76 472 395 101 153
? 7 4 632 374 136 676 603 436
? 7 490 201 796 308 226 357 239
? 7 432 477 190 195 738 497 350
? 7 513 407 186 177 107 452 716
? 7 684 297 596 251 118 169 361
? 7 378 349 283 593 300 582 404
? 7 308 146 662 294 511 239 264
? 7 236 36 677 658 238 358 674
? 7 740 484 324 604 496 693 565
? 7 394 50 614 33 745 772 486
? 7 79 551 2 771 650 731 114
? 7 742 620 367 527 112 780 254
? 7 333 270 559 154 147 148 87
? 7 482 647 399 643 7 773 544
? 7 760 541 417 371 78 125 542
? 7 269 525 303 347 260 594 253
? 7 669 708 534 656 244 94 128
? 7 405 473 532 117 779 69 162
? 7 257 92 386 104 295 259 500
? 7 94 708 534 244 302 669 543
? 7 549 139 230 145 384 671 234
? 7 232 225 423 760 709 638 654
? 7 761 727 375 89 403 380 558
? 7 185 422 11 619 272 151 41
? 7 498 224 411 30 137 305 777
? 7 476 48 68 526 400 301 167
? 7 134 100 21 426 642 751 261
? 7 192 442 109 120 733 699 158
? 7 193 664 700 419 637 736 509
? 7 651 575 564 635 414 91 470
? 7 691 628 329 121 198 666 509
? 7 708 534 656 244 669 799 128
? 7 90 758 536 322 10 765 615
? 7 557 629 449 164 273 686 197
? 7 546 187 341 609 772 280 743
? 7 326 15 630 328 91 216 352
? 7 748 288 794 95 640 563 746
? 7 99 100 21 751 261 249 391
? 7 654 285 339 232 110 12 331
? 7 346 360 228 487 313 334 207
? 7 444 467 312 526 744 400 167
? 7 552 377 505 338 230 469 471
? 7 433 341 609 561 743 299 546
? 7 227 647 144 643 629 416 197
? 7 628 150 121 335 734 198 691
? 7 756 467 576 783 48 365 301
? 7 9 296 178 11 43 151 41
? 7 329 5 664 247 124 659 509
? 7 479 298 773 456 482 544 258
? 7 746 288 271 640 563 748 675
? 7 125 417 371 78 760 638 542
? 7 76 687 472 62 395 101 478
? 7 696 73 424 639 681 281 581
? 7 609 187 341 561 743 433 546
? 7 288 271 640 421 748 746 675
? 7 119 31 769 29 135 82 624
? 7 469 377 505 338 230 552 471
? 7 723 192 120 750 699 158 108
? 7 229 415 457 483 501 524 425
? 7 146 35 308 662 368 511 560
? 7 485 327 111 14 443 790 86
? 7 335 628 150 717 685 734 198
? 7 779 473 532 405 44 69 550
? 7 0 248 492 610 617 799 318
? 7 506 599 563 521 722 774 704
? 7 484 324 496 693 740 565 529
? 7 792 474 271 750 17 578 127
? 7 186 407 556 513 86 452 716
? 7 126 393 517 798 406 661 569
? 7 463 616 670 657 522 701 475
? 7 504 61 727 179 601 403 252
? 7 753 196 45 602 57 791 690
? 7 35 146 662 368 319 184 560
? 7 527 742 620 367 190 112 106
? 7 502 510 785 633 775 470 81
? 7 7 647 606 399 643 227 482
? 7 501 457 483 229 46 524 425
? 7 198 628 150 121 335 734 691
? 7 709 541 423 110 434 12 325
? 7 526 68 744 476 400 301 167
? 7 538 109 787 724 191 480 376
? 7 592 277 789 370 634 39 202
? 7 55 115 692 133 204 142 243
? 7 786 95 441 567 521 774 680
? 7 382 727 429 427 375 89 284
? 7 626 576 783 84 545 763 28
? 7 114 79 551 2 771 650 731
? 7 553 218 548 735 766 217 401
? 7 764 562 23 310 97 372 330
? 7 221 113 317 517 798 488 661
? 7 414 739 564 651 420 721 470
? 7 591 787 555 793 653 65 83
? 7 338 377 505 230 469 552 471
? 7 658 677 547 358 398 383 674
? 7 634 277 789 592 370 39 202
? 7 672 152 66 551 771 650 130
? 7 483 415 26 457 229 501 524
? 7 516 25 473 532 405 439 162
? 7 486 50 614 33 394 633 81
? 7 554 595 604 105 188 725 93
? 7 371 417 78 27 760 125 542
? 7 323 262 163 240 369 453 749
? 7 533 505 531 782 679 267 268
? 7 251 596 169 359 688 361 684
? 7 26 457 483 40 190 34 702
? 7 562 437 131 764 585 58 330
? 7 524 457 483 229 501 46 425
? 7 583 485 327 111 14 282 383
? 7 424 73 639 681 281 696 581
? 7 390 270 80 200 132 475 660
? 7 466 274 515 203 782 267 51
? 7 593 283 353 582 47 378 795
? 7 27 589 417 371 321 210 788
? 7 184 35 199 319 431 560 266
? 7 508 20 673 667 579 70 797
? 7 391 762 21 642 261 249 99
? 7 261 21 757 642 101 249 391
? 7 686 289 449 164 273 557 197
? 7 645 56 430 435 157 778 242
? 7 136 514 291 719 676 603 436
? 7 353 580 593 582 88 47 795
? 7 773 399 298 482 189 544 258
? 7 294 274 344 515 239 264 51
? 7 83 787 737 591 793 480 311
? 7 350 477 211 195 738 497 570
? 7 701 616 670 657 159 463 348
? 7 359 251 179 118 460 172 169
? 7 464 448 222 151 461 618 102
? 7 54 606 77 665 652 698 409
? 7 141 59 556 327 443 107 790
? 7 282 485 111 14 583 86 383
? 7 313 290 762 343 646 207 286
? 7 647 399 643 7 416 227 482
? 7 149 525 374 287 594 253 396
? 7 209 632 4 514 719 745 219
? 7 541 417 423 434 760 709 325
? 7 51 274 344 515 294 137 264
? 7 165 692 332 250 142 306 577
? 7 32 213 179 518 241 75 520
? 7 724 442 109 787 538 191 376
? 7 664 329 124 659 121 736 509
? 7 643 647 144 399 7 416 227
? 7 380 727 375 89 761 403 558
? 7 410 113 589 759 627 489 788
? 7 687 161 49 76 472 303 478
? 7 334 360 228 487 346 539 207
? 7 673 781 667 535 780 587 412
? 7 785 510 67 502 299 81 19
? 7 589 320 530 1 627 489 410
? 7 38 525 537 194 772 594 608
? 7 217 491 612 438 384 372 553
? 7 212 349 63 56 768 607 778
? 7 95 794 599 521 748 774 786
? 7 580 387 694 214 88 53 428
? 7 398 547 358 789 592 634 674
? 7 544 647 399 773 482 189 258
? 7 180 411 30 668 777 307 471
? 7 450 297 706 574 16 688 361
? 7 670 616 657 522 701 463 348
? 7 590 35 201 319 357 431 184
? 7 780 781 367 673 667 535 797
? 7 652 25 77 665 698 409 54
? 7 384 392 139 230 98 304 549
? 7 461 448 222 151 618 102 464
? 7 570 20 211 508 797 254 350
? 7 171 6 600 143 142 631 243
? 7 519 602 57 690 246 106 345
? 7 781 673 523 667 535 780 412
? 7 550 31 769 117 405 44 779
? 7 82 31 769 119 177 452 716
? 7 495 385 503 343 539 207 703
? 7 123 616 159 240 701 348 453
? 7 468 545 225 373 655 445 540
? 7 370 277 293 592 634 39 202
? 7 188 595 604 105 406 725 554
? 7 190 620 26 527 477 40 112
? 7 242 645 430 707 435 157 683
? 7 175 49 386 170 60 122 65
? 7 698 606 629 77 665 652 54
? 7 535 781 673 523 667 587 412
? 7 237 138 223 446 121 71 198
? 7 20 508 667 579 70 797 570
? 7 752 103 168 195 738 432 181
? 7 396 720 336 287 680 253 718
? 7 65 175 60 591 455 122 793
? 7 607 63 56 160 768 778 212
? 7 789 547 592 634 398 39 674
? 7 392 377 505 230 98 384 304
? 7 77 606 629 273 698 557 54
? 7 403 61 727 89 761 380 558
? 7 457 26 483 229 501 524 425
? 7 556 59 186 513 443 107 790
? 7 520 213 179 518 241 75 32
? 7 578 474 750 792 17 108 571
? 7 639 116 73 424 281 696 581
? 7 247 5 329 507 659 666 691
? 7 97 52 562 438 764 310 372
? 7 488 113 221 397 317 462 661
? 7 477 620 211 112 254 497 432
? 7 584 117 605 566 689 340 13
? 7 12 493 110 709 325 654 331
? 7 16 297 574 450 145 454 671
? 7 599 506 563 521 722 774 704
? 7 348 616 670 159 123 701 463
? 7 325 541 423 110 434 709 12
? 7 200 270 159 80 390 475 660
? 7 470 575 564 651 414 721 502
? 7 155 360 265 228 153 440 461
? 7 594 525 269 38 287 149 253
? 7 539 503 343 487 495 313 207
? 7 453 323 123 163 240 356 749
? 7 608 269 426 194 38 366 611
? 7 358 677 658 547 398 337 674
? 7 566 117 605 584 689 340 13
? 7 677 658 236 238 547 358 674
? 7 144 606 643 629 227 273 197
? 7 361 297 251 706 450 169 688
? 7 287 525 374 594 149 253 396
? 7 120 750 733 699 158 108 723
? 7 771 152 66 2 650 140 114
? 7 110 493 339 12 325 654 331
? 7 474 586 750 792 17 578 571
? 7 68 576 48 526 476 301 528
? 7 458 100 182 751 131 23 330
? 7 117 532 566 405 44 584 550
? 7 462 84 397 763 317 488 626
? 7 436 4 794 567 136 676 603
? 7 400 467 444 526 744 476 167
? 7 374 4 336 287 441 567 149
? 7 293 418 789 592 370 39 202
? 7 631 6 714 143 610 678 754
? 7 174 437 131 74 585 249 42
? 7 617 248 492 0 389 128 318
? 7 292 636 427 375 89 284 233
? 7 263 636 429 427 512 284 233
? 7 316 415 215 355 729 713 176
? 7 426 100 161 134 366 303 478
? 7 618 448 11 222 151 102 464
? 7 616 670 657 159 701 463 348
? 7 158 192 442 120 733 699 723
? 7 299 785 561 67 433 234 19
? 7 569 393 126 278 105 517 406
? 7 61 504 601 761 403 169 688
? 7 659 5 664 247 329 124 509
? 7 662 35 308 146 368 511 560
? 7 598 166 531 621 559 148 87
? 7 40 499 26 457 190 34 702
? 7 711 316 758 215 729 765 176
? 7 187 341 609 612 280 743 546
? 7 408 291 739 72 719 379 156
? 7 399 647 643 7 416 482 544
? 7 102 448 222 151 461 618 464
? 7 480 787 538 724 737 311 83
? 7 49 687 648 472 386 170 60
? 7 211 477 738 254 497 350 570
? 7 759 113 589 1 627 489 410
? 7 446 223 237 121 736 71 198
? 7 689 274 566 584 340 137 13
? 7 705 288 64 309 640 421 597
? 7 383 485 658 111 14 583 282
? 7 159 616 670 123 701 463 348
? 7 69 473 532 405 779 439 162
? 7 675 288 271 640 563 421 746
? 7 791 196 45 413 57 753 571
? 7 304 377 505 392 230 98 384
? 7 360 228 487 346 334 153 440
? 7 34 196 499 415 26 40 702
? 7 478 161 426 687 303 347 260
? 7 164 289 449 273 231 686 557
? 7 728 616 670 657 356 463 58
!
314
7 14 25 31 44 59 69 77 82 86 107 111 117 119 129 141 144 162 164 177 186 197 227 231 273 282 289 327 383 399 405 407 416 439 443 449 452 473 485 513 516 532 550 556 557 583 606 629 643 647 652 665 686 698 716 732 769 770 779 790
7 606
606 647
647 144
144 227
144 197
197 629
629 273
144 416
647 643
629 698
643 399
698 77
77 557
557 686
686 289
289 449
289 164
164 231
557 770
770 107
107 790
790 59
59 141
141 186
186 556
556 86
141 443
443 327
327 14
86 452
452 716
716 407
407 513
513 177
177 82
186 485
485 111
111 282
282 383
82 769
769 31
769 779
779 44
44 550
550 117
117 532
532 405
532 516
532 473
473 162
405 69
31 119
69 732
732 439
439 129
162 25
25 652
652 665
282 583
0 1 2 6 8 22 24 27 55 56 63 66 79 94 113 114 115 126 130 133 140 142 143 152 157 160 165 171 183 204 210 212 242 243 244 248 250 256 275 300 306 318 320 321 324 332 342 349 371 378 389 404 406 410 418 430 435 459 484 489 492 496 529 530 534 543 551 565 569 573 577 582 589 600 607 610 617 623 627 631 644 645 649 650 656 669 672 678 683 692 693 697 707 708 710 712 714 726 730 731 741 754 755 759 768 771 778 788 798 799
22 130
22 672
672 152
152 771
771 66
66 551
66 2
551 650
2 731
731 114
114 115
2 140
115 79
79 256
256 133
133 697
697 349
349 768
349 212
768 404
256 250
250 165
165 692
404 712
712 300
300 582
212 56
56 607
607 778
607 63
63 378
378 730
56 160
250 306
692 577
577 332
160 644
644 707
707 8
8 435
435 683
683 726
726 649
726 24
24 623
623 183
644 678
678 754
754 610
610 6
6 631
631 143
610 714
714 617
617 492
492 389
492 248
248 0
0 318
248 534
534 799
799 656
656 244
244 708
332 243
243 55
55 204
243 142
204 171
143 600
63 430
430 645
645 242
242 157
430 275
708 406
406 741
406 569
569 126
741 565
565 484
484 324
484 693
693 710
710 543
543 94
94 669
693 418
543 573
324 496
496 529
529 755
755 342
332 759
759 627
627 410
410 489
489 589
589 788
788 371
371 27
27 321
321 210
489 113
113 798
759 1
1 459
459 320
320 530
9 11 41 43 85 102 151 178 185 222 272 296 422 448 461 464 588 618 619
9 85
85 588
9 296
296 43
9 178
178 41
41 11
11 619
619 272
619 422
422 151
151 102
102 618
618 222
222 464
102 185
618 448
185 461
20 70 195 211 350 367 412 477 497 508 523 535 570 579 587 667 673 738 742 780 781 797
579 70
70 508
508 797
797 667
667 535
535 781
781 780
780 412
412 523
523 587
781 673
667 742
742 367
367 477
477 211
211 350
350 738
738 195
738 497
211 570
570 20
189 258 298 482 544 773
189 258
258 773
189 482
482 544
773 298
29 39 202 220 233 252 263 277 284 293 370 398 402 512 592 613 634 636 663 789
789 398
398 220
220 634
634 370
370 592
592 202
202 663
202 277
277 293
293 39
663 263
263 512
512 636
636 233
233 284
263 252
252 613
284 29
29 402
187 217 341 433 438 491 546 561 609 612 743 772
187 433
433 743
187 341
341 609
609 546
546 772
743 438
438 612
612 491
491 217
743 561
104 257 295
104 295
104 257
221 278 317 393 397 462 488 517 661
397 317
317 462
317 488
317 661
661 517
517 221
517 393
393 278
36 236 238 337 747
337 747
747 238
238 236
236 36
218 401 548 553 715 735 766 767
715 401
401 218
218 766
766 548
401 735
735 767
548 553
98 304 392
304 98
98 392
26 34 40 45 57 106 112 190 196 246 254 345 355 413 415 432 457 499 519 527 602 620 690 702 753
432 190
190 112
112 620
620 702
702 527
527 254
702 40
40 26
40 106
106 602
602 499
499 45
45 753
602 57
57 519
519 345
345 246
57 690
499 413
413 34
34 196
196 355
196 415
26 457
5 10 15 46 47 64 71 90 91 121 124 138 150 176 193 198 205 206 215 216 223 229 237 247 279 283 316 322 326 328 329 335 352 353 363 419 425 446 451 481 483 501 507 509 524 536 593 615 628 630 637 651 659 664 666 685 691 700 711 713 717 729 734 736 758 765 795
283 593
593 795
593 47
47 507
507 5
507 666
666 329
329 247
666 628
628 691
691 509
509 664
664 659
664 124
509 121
121 446
446 237
121 193
193 637
637 328
328 419
419 700
328 216
216 630
630 326
326 91
700 736
216 352
352 138
419 15
91 651
237 150
150 198
198 335
335 64
64 451
198 223
223 734
734 685
685 279
734 71
279 481
247 615
615 10
615 758
758 90
90 536
10 322
322 765
765 363
363 717
717 729
729 215
215 713
215 176
176 316
316 229
229 711
229 524
524 483
483 501
501 46
46 425
795 353
524 205
205 206
62 101 153 155 163 207 228 262 265 286 290 313 334 343 346 356 360 369 385 388 440 487 495 503 539 646 703 749 757 762
62 101
101 757
757 388
388 313
313 207
207 286
286 343
286 646
646 290
290 762
207 539
539 503
503 487
487 228
228 334
228 153
153 346
334 360
360 440
762 385
385 262
262 703
262 495
440 155
155 265
703 369
703 163
163 749
749 356
323
245 312 351 381
245 381
381 351
351 312
16 32 118 169 172 179 251 297 359 361 450 454 460 574 596 635 684 688 706
172 635
635 460
460 118
118 359
359 251
359 684
684 596
596 361
361 297
297 450
596 169
169 688
688 706
706 16
16 574
16 454
635 32
32 179
12 28 48 68 78 84 93 105 110 125 167 188 225 232 285 301 325 331 339 365 373 400 417 423 434 444 445 467 468 476 493 526 528 540 541 542 545 554 576 595 604 626 638 641 654 655 709 725 740 744 756 760 763 783
493 12
12 325
325 654
654 110
493 331
331 339
339 285
285 445
445 225
445 468
468 540
540 373
373 655
655 626
626 28
626 756
626 545
756 576
655 467
467 365
365 783
365 641
576 528
528 48
48 763
48 301
301 476
301 68
763 725
725 595
595 554
554 93
93 526
93 188
188 604
604 105
105 740
325 423
423 434
434 541
541 709
709 760
709 125
125 542
542 78
125 417
417 638
638 232
526 400
400 167
167 444
576 84
444 744
53 88 214 387 428 465 580 625 694 695
695 465
465 625
625 428
428 53
428 580
580 387
387 214
214 694
580 88
75 302 520
520 75
75 302
18 30 137 180 224 235 305 307 338 354 377 411 469 471 498 505 533 552 566 584 605 668 679 689 777 782
235 18
235 354
354 30
30 668
668 777
777 180
180 338
338 552
338 471
471 505
505 377
377 469
777 307
552 782
30 305
305 498
305 411
498 137
137 689
137 566
689 584
566 605
605 224
782 679
679 533
52 97 372 764
764 372
372 97
97 52
60 65 83 122 175 311 455 480 648 720 737 787 793
175 60
60 122
175 455
455 65
65 793
793 83
83 311
311 737
737 787
787 480
122 720
720 648
21 23 42 58 74 99 100 131 134 174 182 249 261 280 310 330 391 437 458 562 585 611 642 728 751
280 611
611 23
23 182
23 458
458 99
99 751
99 100
100 642
642 134
134 21
21 261
261 249
249 391
391 437
437 174
174 585
174 42
42 74
437 131
585 562
562 330
562 58
58 728
58 310
92 170 173 259 386 494 500
170 386
386 259
259 92
92 173
173 494
259 500
61 89 135 292 375 380 382 403 427 429 447 504 558 601 624 727 761
61 504
504 601
601 727
727 382
382 429
429 427
427 761
761 89
89 375
375 292
504 403
403 380
380 558
292 447
447 135
135 624
33 38 81 394 414 420 470 486 502 510 537 564 575 614 633 721 745 775
502 575
575 470
470 564
564 721
721 420
721 775
775 633
633 510
633 81
81 486
486 394
394 614
614 33
33 745
745 537
537 38
420 414
358 547 658 674 677
677 358
358 674
358 547
547 658
49 76 149 161 194 253 260 269 287 303 336 347 366 374 395 396 426 441 472 478 525 567 594 608 680 687 718
161 260
260 347
347 303
260 269
269 594
594 194
303 608
608 366
608 426
161 687
687 49
49 472
472 76
76 395
594 525
525 287
287 253
253 396
253 374
374 441
374 149
441 567
396 336
336 680
680 718
161 478
19 67 299 785
19 67
19 785
67 299
128 213 241 255 518 572
128 255
255 518
518 572
572 241
241 213
80 123 159 200 240 348 390 453 463 475 522 616 657 660 670 701
453 240
240 123
123 348
348 463
463 701
701 657
657 616
616 159
616 670
670 522
522 475
475 660
660 390
390 200
390 80
54 73 116 281 409 424 581 639 681 696
54 409
409 581
581 424
424 281
424 681
281 73
73 639
639 696
73 116
3 17 108 109 120 127 158 191 192 208 376 442 538 571 578 699 723 724 733 750 791 792
127 3
3 208
3 792
208 376
376 109
109 724
724 191
792 733
733 699
699 442
442 192
192 158
699 120
120 578
578 17
17 750
750 108
750 571
571 791
108 723
191 538
139 145 230 234 384 549 671
139 230
230 384
139 549
549 234
234 145
145 671
4 50 72 95 96 136 156 209 219 271 288 291 309 379 408 421 436 474 506 514 521 555 563 586 591 597 599 603 632 640 653 675 676 704 705 719 722 739 746 748 774 786 794
591 555
555 653
653 722
722 599
599 506
722 704
704 521
521 774
774 786
786 436
774 794
794 95
95 748
748 563
563 746
746 288
746 675
675 421
421 640
640 597
597 309
640 705
746 271
436 676
676 136
136 379
379 603
603 291
136 4
291 514
514 632
632 209
209 719
719 219
219 50
705 586
586 474
632 408
408 739
408 156
156 72
156 96
103 168 181 752
103 181
181 168
168 752
13 35 37 51 87 132 146 147 148 154 166 184 199 201 203 226 239 264 266 267 268 270 274 276 294 308 315 319 333 340 344 357 362 364 368 431 456 466 479 490 511 515 531 559 560 568 590 598 621 622 662 682 776 784 796
622 568
568 364
364 682
682 776
776 37
37 362
364 13
13 340
776 51
51 274
274 515
515 294
294 203
515 264
264 344
344 146
146 511
511 662
344 490
490 239
239 308
308 796
294 466
796 201
201 147
201 357
357 590
511 560
560 319
319 35
35 431
431 184
184 266
266 199
199 276
276 315
315 456
560 368
203 226
226 87
87 268
87 559
559 148
148 598
598 531
531 166
268 267
166 621
621 132
132 784
621 270
270 333
333 154
456 479
