? 15 344 619 3 359 222 44 26 573 620 638 49 351 142 92 697
? 15 518 60 429 260 582 690 10 734 772 125 465 376 665 212 62
? 15 415 462 554 422 31 106 625 577 54 70 20 68 477 535 731
? 15 694 262 450 272 96 791 138 609 19 153 255 370 648 735 394
? 15 644 462 31 54 70 616 128 68 477 362 7 23 470 379 731
? 15 79 454 164 755 105 116 636 591 779 783 761 687 533 585 668
? 15 40 85 75 508 64 492 758 372 8 439 729 71 695 221 245
? 15 160 497 514 529 148 502 639 420 565 131 525 642 531 740 250
? 15 442 406 157 353 152 4 222 794 44 200 136 620 351 335 159
? 15 706 594 493 286 478 767 607 427 337 259 659 681 601 239 312
? 15 520 432 449 154 655 751 303 325 97 301 380 793 324 336 61
? 15 38 189 209 575 521 506 411 416 41 584 443 490 488 732 785
? 15 195 746 237 242 742 419 540 168 291 327 645 671 364 37 386
? 15 123 76 230 711 666 650 391 246 763 696 333 489 149 790 615
? 15 96 261 450 272 293 396 679 247 791 609 150 19 707 34 648
? 15 89 430 549 691 664 278 674 178 580 562 114 42 474 43 682
? 15 223 374 141 749 414 299 451 700 281 769 646 81 747 441 504
? 15 258 75 717 508 457 456 308 776 64 758 265 729 29 431 71
? 15 463 552 623 485 643 683 743 730 759 282 771 334 795 558 285
? 15 221 719 211 492 257 40 646 397 8 439 193 302 695 57 365
? 15 319 374 749 798 760 163 299 727 700 32 226 18 81 688 292
? 15 417 629 773 118 218 733 500 437 708 522 445 132 547 216 596
? 15 447 704 55 675 527 466 637 629 346 778 69 254 661 184 269
? 15 134 464 360 348 28 309 22 51 140 264 35 273 373 151 15
? 15 597 356 784 124 436 22 568 725 385 51 264 273 56 5 559
? 15 664 430 549 691 550 178 473 580 42 89 474 388 665 43 682
? 15 433 296 191 127 110 654 313 253 398 781 205 0 188 570 523
? 15 264 360 356 784 28 134 436 753 22 725 273 56 5 597 559
? 15 629 55 675 466 586 346 778 69 361 661 184 269 547 216 447
? 15 283 452 359 737 329 499 448 573 49 202 344 780 494 92 307
? 15 103 229 594 414 9 238 281 767 646 337 633 196 365 312 504
? 15 543 249 619 751 560 304 97 434 635 115 192 662 672 453 605
? 15 562 549 278 674 580 621 114 102 89 474 215 251 165 726 682
? 15 37 143 426 242 419 540 168 593 341 291 126 645 139 364 539
? 15 108 177 305 728 541 352 98 203 423 693 611 658 475 243 73
? 15 345 109 369 180 120 606 505 318 693 632 487 13 274 486 77
? 15 525 722 160 529 544 588 639 420 565 131 531 91 740 83 250
? 15 78 116 76 113 636 553 246 358 696 761 687 533 585 790 668
? 15 155 421 796 493 408 689 253 551 398 702 715 519 603 30 789
? 15 586 595 675 590 280 629 381 69 579 733 574 361 184 589 596
? 15 484 170 363 760 514 727 82 32 745 688 766 680 354 634 11
? 15 438 738 164 342 384 618 367 427 587 551 710 263 602 12 30
? 15 374 749 798 760 163 299 727 82 700 32 769 81 688 634 319
? 15 116 78 234 105 113 636 79 246 358 72 761 687 533 585 668
? 15 573 157 3 152 44 737 136 620 49 351 142 344 494 92 697
? 15 474 430 549 664 278 550 178 580 330 114 42 89 251 43 682
? 15 671 746 237 214 242 742 182 419 168 667 291 327 645 386 195
? 15 205 296 765 104 517 191 692 253 119 433 398 781 627 570 523
? 15 489 76 230 711 666 650 696 783 47 123 333 687 149 790 615
? 15 323 55 424 675 466 252 404 69 612 574 511 661 184 269 382
? 15 487 345 109 369 180 120 606 505 318 693 632 13 274 486 77
? 15 391 350 713 711 757 666 650 198 176 270 763 123 712 333 149
? 15 212 60 429 582 690 473 10 734 772 125 465 388 665 518 62
? 15 306 567 704 101 527 300 637 346 778 232 254 522 445 447 33
? 15 470 231 462 644 31 616 144 128 651 68 545 362 7 23 379
? 15 751 154 560 260 304 543 97 434 301 793 376 207 662 515 605
? 15 129 497 798 160 18 148 502 639 295 420 292 622 531 740 250
? 15 145 293 371 111 590 396 381 723 118 228 733 107 609 589 557
? 15 174 514 206 766 611 484 642 243 469 389 413 343 11 392 73
? 15 139 146 647 24 143 426 459 242 419 540 168 593 364 539 37
? 15 715 421 481 796 493 155 408 607 398 187 702 519 659 603 789
? 15 32 374 798 363 760 163 727 705 82 700 688 484 634 11 319
? 15 23 462 236 644 598 31 616 158 128 477 362 7 530 470 379
? 15 27 736 721 451 561 750 592 294 548 501 226 50 770 747 498
? 15 640 452 283 46 314 135 329 499 448 202 52 780 347 724 307
? 15 632 345 177 109 369 541 606 98 318 693 487 628 274 510 6
? 15 318 345 109 369 606 2 210 632 395 487 267 13 274 461 510
? 15 450 272 96 679 791 138 609 150 19 581 370 648 735 694 394
? 15 231 214 616 742 410 128 284 335 545 362 7 311 288 470 379
? 15 404 161 355 466 36 323 604 677 764 612 58 511 661 482 199
? 15 465 430 429 260 550 178 690 772 125 793 388 376 207 515 212
? 15 204 575 670 774 538 112 416 41 220 460 38 441 166 732 785
? 15 188 191 440 110 654 253 702 608 0 698 775 786 523 657 407
? 15 12 738 438 164 342 384 618 367 427 587 710 263 602 47 405
? 15 216 629 417 773 118 218 733 500 437 708 361 522 445 547 596
? 15 743 552 485 463 643 621 102 730 215 759 165 334 726 795 285
? 15 690 430 691 664 178 524 473 10 125 42 465 175 388 665 212
? 15 28 360 356 348 649 134 436 22 725 264 273 56 741 5 597
? 15 791 450 272 275 96 375 663 150 19 581 370 648 735 694 394
? 15 427 438 408 618 689 478 587 551 602 519 659 12 681 405 30
? 15 286 481 493 478 767 607 337 259 715 659 681 601 239 312 706
? 15 378 403 566 366 208 402 701 122 51 35 626 179 151 15 271
? 15 618 738 438 164 367 478 427 587 779 602 783 12 681 601 239
? 15 76 78 213 553 48 756 246 66 763 696 123 712 761 149 790
? 15 585 78 116 113 636 591 79 779 246 358 761 687 533 790 668
? 15 792 640 161 90 768 355 314 326 764 185 94 400 347 482 338
? 15 214 231 742 410 182 128 284 335 327 362 311 671 288 195 379
? 15 68 462 644 422 31 625 577 54 70 616 144 651 20 470 731
? 15 473 430 691 664 178 524 690 10 125 42 175 388 665 212 682
? 15 357 713 711 757 213 198 48 391 270 685 66 763 712 149 555
? 15 720 718 399 278 418 434 330 147 289 244 251 74 162 43 401
? 15 166 717 308 670 776 774 613 538 112 172 220 431 460 444 204
? 15 26 619 3 359 222 620 638 49 351 142 17 344 672 453 697
? 15 478 738 438 493 618 286 607 427 587 659 681 601 239 30 706
? 15 249 449 619 325 560 304 543 317 635 115 192 400 662 63 605
? 15 623 507 480 683 476 190 759 240 282 126 771 59 558 339 516
? 15 400 249 452 449 90 768 325 499 448 326 317 115 192 63 307
? 15 539 24 143 426 459 242 419 540 593 341 126 645 139 364 37
? 15 443 189 684 575 521 25 506 112 416 584 490 488 38 496 785
? 15 787 784 576 709 436 568 137 385 563 80 287 225 676 597 277
? 15 22 360 356 784 28 436 568 725 51 264 273 56 5 597 559
? 15 616 231 462 644 31 144 128 651 68 545 362 7 23 470 379
? 15 380 432 449 154 655 303 428 331 301 315 520 310 324 336 61
? 15 392 177 483 348 206 174 352 98 390 243 628 389 413 343 298
? 15 766 363 514 206 174 484 469 531 389 413 343 354 250 11 392
? 15 736 721 229 750 592 548 501 50 770 27 747 196 169 504 498
? 15 535 462 236 598 610 276 554 106 70 599 415 477 513 530 731
? 15 296 765 104 517 191 692 119 433 398 781 219 205 627 570 523
? 15 464 290 483 309 134 542 2 217 140 373 797 267 151 509 15
? 15 732 209 575 705 670 411 769 41 460 183 38 491 441 785 204
? 15 548 736 721 234 485 750 592 501 50 770 27 726 169 795 498
? 15 595 528 167 590 280 381 586 69 579 739 130 574 361 382 596
? 15 495 262 316 340 777 293 322 118 228 138 609 153 132 600 578
? 15 636 78 454 755 105 116 591 79 779 72 761 687 533 585 668
? 15 395 109 369 290 606 2 210 318 797 267 13 274 509 461 510
? 15 243 177 305 728 108 352 98 203 423 611 658 642 475 469 73
? 15 708 316 322 417 773 118 218 733 500 437 589 132 547 216 578
? 15 356 784 576 224 436 753 22 568 725 273 532 56 5 597 559
? 15 439 85 75 669 64 492 758 40 372 397 8 729 695 221 245
? 15 501 736 721 234 485 750 548 50 770 334 726 169 795 285 498
? 15 581 450 541 505 275 791 375 663 150 19 255 370 648 735 394
? 15 142 3 222 44 26 573 620 638 49 351 17 344 494 92 697
? 15 424 303 428 252 323 331 579 130 699 612 574 425 266 382 503
? 15 202 249 452 640 619 283 359 329 499 448 49 192 344 780 307
? 15 575 521 670 506 774 112 416 584 443 490 460 488 38 762 785
? 15 403 566 241 65 378 124 208 383 402 701 51 626 714 716 271
? 15 191 296 421 104 517 253 433 398 781 702 205 627 570 523 789
? 15 571 521 25 506 181 416 137 256 443 80 614 488 496 458 762
? 15 348 464 483 28 309 206 542 140 390 628 389 343 298 741 392
? 15 360 356 28 134 436 753 22 725 264 273 56 741 5 597 559
? 15 260 430 154 751 429 97 772 125 465 793 388 376 207 515 518
? 15 211 719 414 669 492 281 257 646 397 193 633 302 57 221 365
? 15 104 85 296 660 765 421 481 796 517 692 398 187 205 627 603
? 15 255 505 275 791 375 663 153 581 370 648 735 486 77 694 394
? 15 530 673 617 236 644 598 610 106 158 477 362 535 513 7 23
? 15 541 177 305 728 108 352 505 98 275 203 423 693 611 632 73
? 15 371 111 590 396 799 381 723 228 733 197 107 589 596 145 557
? 15 426 647 143 459 242 419 540 168 593 341 645 139 364 539 37
? 15 252 55 424 675 466 323 69 612 574 511 661 184 269 266 382
? 15 119 85 296 765 104 517 692 84 372 219 748 205 627 471 570
? 15 382 424 303 428 252 323 331 579 130 699 612 574 425 266 503
? 15 744 528 171 167 111 590 280 799 723 21 197 739 130 537 557
? 15 270 350 412 711 757 666 624 650 631 198 446 391 176 321 703
? 15 591 454 738 164 755 105 636 79 779 783 761 687 239 585 668
? 15 455 99 468 350 564 512 666 650 393 391 45 176 321 333 615
? 15 41 209 575 670 774 411 769 584 460 183 38 441 732 785 204
? 15 760 374 363 727 705 82 700 32 769 745 688 484 183 634 319
? 15 322 316 340 777 495 118 228 733 107 437 708 589 132 600 578
? 15 370 450 505 275 791 375 663 19 581 255 648 735 486 694 394
? 15 84 85 296 765 104 75 692 119 372 219 748 29 627 471 570
? 15 222 157 353 3 44 93 26 620 638 49 351 142 17 344 697
? 15 124 403 241 65 709 208 701 568 51 714 56 5 597 277 271
? 15 645 146 647 426 242 419 540 168 291 139 671 364 37 386 195
? 15 196 736 229 594 414 9 238 281 750 103 633 747 365 312 504
? 15 711 713 76 757 666 650 198 391 357 270 763 123 712 333 149
? 15 625 462 644 422 31 106 577 54 70 651 20 415 68 477 731
? 15 434 751 560 304 543 97 635 720 244 74 207 662 401 672 605
? 15 705 170 209 363 760 727 82 411 769 745 680 183 491 354 634
? 15 384 438 342 367 587 551 710 156 263 467 117 602 12 405 100
? 15 16 630 24 143 507 213 48 685 66 593 341 126 539 516 555
? 15 511 55 161 675 355 466 252 404 323 612 58 661 425 269 266
? 15 740 497 160 529 148 129 502 639 295 420 622 131 525 531 250
? 15 189 684 521 224 332 186 753 584 443 53 490 652 532 38 785
? 15 689 155 408 253 427 587 551 467 702 715 602 519 405 30 789
? 15 747 736 229 414 299 451 281 750 592 223 103 81 27 196 504
? 15 201 686 227 328 39 752 67 583 387 678 368 536 377 703 782
? 15 48 630 713 76 213 553 357 756 685 66 763 16 712 339 555
? 15 620 157 3 152 222 44 26 573 49 351 142 344 494 92 697
? 15 315 432 528 60 655 303 171 429 167 582 331 380 310 130 336
? 15 158 146 673 617 236 598 95 647 479 540 362 139 288 530 364
? 15 755 454 105 594 9 238 636 767 591 337 79 72 169 239 668
? 15 680 170 209 363 705 649 206 411 745 173 652 491 354 741 634
? 15 350 412 564 512 455 666 624 198 446 393 391 45 176 321 270
? 15 352 177 305 728 541 108 98 390 203 423 611 642 243 469 73
? 15 505 345 369 180 120 541 108 275 375 663 693 632 487 486 77
? 15 284 442 231 214 4 794 248 410 133 233 335 656 545 311 159
? 15 407 653 440 127 110 654 313 349 608 0 569 188 698 775 786
? 15 750 736 721 229 561 592 294 548 501 50 770 27 747 196 498
? 15 606 345 109 369 318 632 395 487 628 267 274 509 461 510 6
? 15 149 713 76 711 666 650 198 391 756 763 696 123 712 333 790
? 15 622 497 524 18 472 148 129 502 639 295 420 91 740 83 250
? 15 628 177 290 483 309 606 542 98 140 390 632 267 509 510 6
? 15 406 442 157 152 4 794 44 573 136 620 351 335 494 92 159
? 15 165 549 552 278 580 643 621 743 330 562 114 102 289 730 251
? 15 146 647 426 242 479 419 540 158 128 168 362 645 139 288 364
? 15 257 719 414 669 211 492 281 646 397 193 302 57 221 365 504
? 15 529 722 160 544 588 247 639 420 565 131 525 642 531 740 250
? 15 413 514 206 174 766 611 642 243 469 389 343 298 11 392 73
? 15 311 231 214 4 794 297 248 410 284 133 233 335 656 545 159
? 15 797 464 290 2 217 140 210 318 373 395 267 509 15 461 510
? 15 289 549 718 399 278 418 580 330 147 720 251 74 165 162 43
? 15 621 549 721 674 580 50 743 562 114 102 730 215 165 726 498
? 15 227 686 673 201 617 328 95 39 610 583 387 368 641 536 782
? 15 394 450 272 96 791 375 663 138 19 581 255 370 648 735 694
? 15 440 653 110 654 253 156 467 608 569 188 698 775 786 657 407
? 15 70 462 644 554 31 106 625 577 54 20 415 68 477 535 731
? 15 187 660 765 421 104 481 796 493 517 669 692 398 715 627 603
? 15 328 686 227 201 39 752 67 583 387 678 368 536 377 703 782
? 15 533 78 234 105 116 113 636 553 79 246 358 72 761 585 668
? 15 49 619 283 3 359 26 573 620 638 351 142 17 344 92 697
? 15 372 85 75 508 64 758 84 40 439 219 748 729 29 471 245
? 15 703 350 412 201 328 757 624 631 198 446 752 67 270 678 377
? 15 263 438 342 384 367 427 587 710 467 117 602 754 47 12 405
? 15 335 406 442 214 4 794 248 410 200 284 133 656 545 311 159
? 15 1 261 60 799 88 734 544 588 679 707 131 537 121 34 62
? 15 355 161 90 792 404 677 764 185 699 94 511 425 482 199 503
? 15 553 78 76 113 213 48 480 756 246 66 358 761 533 790 339
? 15 186 189 684 356 784 576 224 332 753 256 53 490 532 287 559
? 15 555 630 24 143 507 213 48 459 685 66 593 341 16 126 539
? 15 730 552 485 463 643 621 683 743 759 240 165 771 334 795 59
? 15 366 403 566 378 208 402 701 122 217 35 626 179 151 15 271
? 15 643 552 623 463 683 743 546 190 730 759 240 282 165 771 59
? 15 94 161 90 768 792 355 314 326 764 185 699 425 347 482 338
? 15 557 528 744 167 371 111 590 280 799 381 723 21 197 739 145
? 15 659 421 481 493 155 408 286 478 607 259 715 519 603 30 706
? 15 273 360 356 784 28 134 436 22 568 725 51 264 56 5 597
? 15 65 403 409 241 709 124 208 383 402 701 714 716 572 277 271
? 15 401 718 550 434 330 772 720 244 388 251 74 162 207 515 43
? 15 381 595 371 590 586 723 118 579 228 733 361 589 596 145 557
? 15 390 177 483 348 309 542 352 98 140 628 389 509 298 6 392
? 15 334 234 485 463 643 501 480 743 730 358 282 795 558 285 498
? 15 140 464 290 483 348 309 542 2 390 373 628 267 509 510 6
? 15 615 99 230 711 455 666 650 391 754 696 47 123 333 489 149
? 15 502 497 524 18 472 148 129 639 295 420 622 531 740 83 250
? 15 601 454 738 164 594 618 286 478 767 607 337 659 681 239 706
? 15 90 768 792 325 355 314 326 185 699 94 400 425 347 63 338
? 15 492 719 211 758 257 40 646 397 8 439 193 220 695 57 221
? 15 709 409 241 65 124 568 385 714 287 787 56 225 676 597 277
? 15 351 157 353 3 152 222 44 573 620 49 142 344 494 92 697
? 15 771 552 623 463 507 643 480 683 476 730 759 240 282 59 516
? 15 675 55 466 252 629 323 346 778 69 612 574 361 661 184 269
? 15 710 438 342 384 367 427 587 551 263 467 117 602 754 12 405
? 15 327 746 237 214 242 742 182 419 168 667 645 671 14 386 195
? 15 242 146 647 426 419 540 168 291 645 139 364 539 37 386 195
? 15 749 374 141 760 163 299 727 82 451 700 769 223 81 504 319
? 15 454 738 164 755 105 636 591 79 779 72 687 601 239 585 668
? 15 672 619 3 560 304 543 434 26 638 635 49 17 344 453 697
? 15 729 75 508 308 64 758 40 372 265 8 439 258 29 71 245
? 15 704 55 101 527 466 300 637 36 346 778 254 58 269 447 33
? 15 138 262 340 450 272 777 293 495 96 609 153 648 600 694 394
? 15 266 424 303 428 252 323 331 130 699 612 574 511 425 382 503
? 15 661 55 675 527 466 252 323 346 778 69 612 574 511 184 269
? 15 472 497 524 473 10 639 295 420 175 622 131 91 740 83 62
? 15 178 430 549 664 550 473 772 125 42 89 474 388 665 43 682
? 15 238 229 755 594 414 9 767 646 337 103 633 196 239 365 312
? 15 74 718 399 278 418 434 330 147 720 289 244 251 162 43 401
? 15 338 640 161 90 768 46 792 355 314 764 185 94 52 347 482
? 15 353 442 157 3 222 93 26 200 620 638 351 142 17 14 697
? 15 416 526 575 521 25 670 506 774 112 584 443 460 488 496 762
? 15 796 660 765 421 104 481 493 517 155 692 398 187 715 627 603
? 15 39 686 673 227 201 617 328 95 752 583 387 368 536 377 782
? 15 217 464 566 290 366 378 122 2 35 626 373 797 179 151 15
? 15 549 664 278 674 178 580 562 114 42 89 474 251 165 43 682
? 15 508 75 457 456 308 776 64 758 372 265 258 729 29 71 471
? 15 190 746 237 623 235 683 419 546 759 240 291 126 771 59 386
? 15 164 454 738 438 230 618 367 591 79 779 783 12 681 687 601
? 15 377 227 201 328 95 39 752 357 67 685 583 387 678 536 782
? 15 583 686 673 227 201 617 328 39 752 67 387 368 536 377 782
? 15 305 177 728 541 108 352 98 203 423 611 642 475 243 469 73
? 15 363 170 760 727 705 82 32 745 173 688 680 484 354 634 11
? 15 639 497 160 472 148 129 502 295 420 622 131 525 531 740 250
? 15 784 356 576 224 332 186 436 22 568 385 532 287 5 597 559
? 15 773 567 629 417 778 218 500 437 708 254 522 445 547 216 447
? 15 411 189 170 209 705 745 173 490 652 680 183 38 491 732 785
? 15 368 686 673 227 617 236 95 39 610 276 599 583 641 536 782
? 15 452 640 619 283 359 329 499 448 317 202 192 400 780 63 307
? 15 67 412 201 328 757 39 624 631 752 270 583 678 536 377 703
? 15 137 576 332 186 385 256 563 571 80 614 287 787 225 676 458
? 15 727 374 798 363 760 163 705 82 700 32 81 688 484 634 319
? 15 127 440 110 654 313 349 433 608 0 569 188 698 775 786 407
? 15 358 78 234 116 113 553 246 282 72 761 533 558 585 668 285
? 15 4 406 442 157 152 794 248 410 136 284 133 335 656 311 159
? 15 666 350 711 455 757 650 198 391 176 270 763 123 333 149 615
? 15 316 262 340 777 322 495 118 228 500 437 708 589 132 600 578
? 15 107 293 371 111 590 396 799 723 118 228 609 589 600 145 557
? 15 418 718 399 278 330 147 720 289 240 244 251 74 165 162 59
? 15 568 356 784 709 124 436 22 385 287 787 56 676 5 597 277
? 15 53 189 684 224 332 186 753 584 443 490 652 532 38 559 785
? 15 739 528 595 744 167 111 590 280 723 21 331 579 197 130 557
? 15 752 412 201 328 39 624 631 67 270 583 678 536 377 703 782
? 15 552 623 418 463 643 621 683 743 289 730 759 240 165 771 59
? 15 596 595 371 590 381 586 723 118 579 228 733 361 589 547 145
? 15 210 109 369 606 2 318 373 395 797 267 13 274 509 461 510
? 15 716 403 566 409 241 65 378 208 383 402 701 626 714 572 271
? 15 325 249 449 768 301 326 317 520 115 192 400 324 336 61 63
? 15 59 552 746 237 623 643 235 683 546 190 730 759 240 291 771
? 15 598 686 673 227 617 236 610 276 158 368 477 535 513 23 530
? 15 229 736 594 414 9 238 281 646 103 633 747 196 365 312 504
? 15 105 454 755 116 636 591 79 779 72 761 687 239 533 585 668
? 15 303 432 424 655 428 331 315 380 310 130 324 336 266 382 61
? 15 713 711 757 650 213 198 48 391 357 756 685 66 763 712 149
? 15 254 704 101 527 300 637 36 346 306 778 232 269 522 447 33
? 15 271 403 566 366 378 124 208 402 701 51 35 626 714 716 179
? 15 613 534 717 526 457 456 308 776 181 538 265 172 431 444 166
? 15 498 721 234 485 750 548 501 50 770 215 334 726 169 795 285
? 15 304 249 154 751 560 543 97 434 635 793 244 192 662 672 605
? 15 789 421 796 493 155 408 689 253 551 398 702 715 519 603 30
? 15 441 141 209 760 705 82 411 769 41 183 38 491 732 785 204
? 15 92 283 3 152 44 737 573 136 620 49 351 142 344 494 697
? 15 668 78 454 755 105 116 636 591 79 779 72 761 687 533 585
? 15 569 653 440 127 110 654 313 349 608 0 188 698 775 786 407
? 15 379 146 231 214 644 647 479 616 128 545 362 7 23 288 470
? 15 302 719 414 669 211 257 646 397 337 193 259 633 221 365 312
? 15 683 623 463 507 643 480 476 190 759 240 282 771 59 558 516
? 15 546 746 237 623 435 643 235 683 190 759 240 291 771 59 386
? 15 673 686 227 617 236 598 95 39 610 276 583 368 641 536 782
? 15 423 177 305 728 541 108 352 98 203 693 611 658 475 243 73
? 15 8 308 776 492 758 538 40 397 439 220 729 71 695 57 221
? 15 665 430 691 664 178 524 690 473 10 125 42 175 388 212 682
? 15 574 55 424 595 675 280 252 323 69 579 612 661 184 266 382
? 15 317 249 452 449 768 325 499 448 326 202 115 192 400 63 307
? 15 154 432 449 751 260 97 301 380 520 793 376 207 336 662 605
? 15 87 99 468 564 512 384 455 556 393 194 263 117 754 47 100
? 15 524 691 690 473 10 472 42 502 295 175 622 665 91 83 682
? 15 565 722 728 160 529 588 247 611 658 150 525 642 475 469 73
? 15 362 146 231 214 644 647 479 616 158 128 7 23 288 470 379
? 15 735 450 505 275 791 375 663 19 581 255 370 648 486 694 394
? 15 349 440 127 110 654 313 433 608 0 569 188 698 775 786 407
? 15 321 350 412 564 512 455 666 624 631 446 393 391 45 176 270
? 15 31 462 644 422 625 54 616 144 651 20 68 477 23 470 731
? 15 29 85 75 508 64 758 84 372 219 748 258 729 71 471 245
? 15 373 464 290 309 542 2 217 140 395 797 267 151 509 15 510
? 15 540 146 647 426 242 479 419 168 645 139 288 364 539 37 195
? 15 469 177 305 728 108 352 98 203 423 611 658 642 475 243 73
? 15 173 170 209 363 705 649 206 411 753 745 652 680 491 354 741
? 15 649 170 360 348 28 206 745 173 652 680 389 343 354 298 741
? 15 367 738 438 164 342 384 618 427 587 710 263 602 754 47 12
? 15 230 78 164 79 779 696 783 47 123 333 687 489 585 790 615
? 15 647 146 426 242 479 419 540 158 168 362 645 139 288 364 37
? 15 499 452 640 619 283 359 329 448 317 202 192 400 780 63 307
? 15 435 399 746 237 93 235 742 182 546 147 667 327 671 14 386
? 15 389 483 514 348 649 206 174 390 766 413 343 354 298 741 392
? 15 587 438 342 618 367 689 478 427 551 710 263 602 12 405 30
? 15 153 262 340 450 777 495 375 138 255 370 648 600 735 694 394
? 15 176 350 564 512 455 666 624 650 446 393 391 45 321 270 333
? 15 241 403 409 65 709 124 383 402 568 51 714 716 572 277 271
? 15 167 528 171 744 111 590 280 723 21 331 197 310 739 130 557
? 15 437 316 340 777 322 417 495 118 218 500 708 132 547 216 578
? 15 11 798 363 760 514 727 32 174 148 688 766 484 413 354 634
? 15 45 350 412 564 512 455 666 624 631 446 393 391 176 321 270
? 15 719 414 669 211 281 257 646 397 193 259 633 302 221 365 312
? 15 261 722 272 799 1 88 96 544 588 679 247 150 707 121 34
? 15 656 406 4 144 297 248 410 284 133 233 335 545 86 311 159
? 15 101 704 279 527 300 637 36 346 306 604 232 254 58 447 33
? 15 180 345 109 369 120 505 318 375 663 693 487 13 274 486 77
? 15 757 412 713 711 666 624 650 198 391 357 270 763 712 149 703
? 15 436 360 356 784 576 22 568 725 385 264 273 56 5 597 559
? 15 120 345 109 369 180 505 318 375 663 693 487 13 274 486 77
? 15 676 356 784 576 709 436 568 137 385 563 287 787 225 597 277
? 15 504 229 141 749 414 299 451 281 257 223 646 103 747 196 365
? 15 746 237 435 242 235 419 546 667 190 291 327 645 671 386 195
? 15 277 409 241 65 709 124 436 568 385 51 714 787 56 676 597
? 15 461 109 369 606 2 210 318 373 395 797 267 13 274 509 510
? 15 696 78 76 230 246 783 123 761 333 687 489 585 149 790 615
? 15 98 177 305 728 541 108 352 390 203 423 632 243 628 6 73
? 15 610 686 673 227 617 236 598 39 276 599 368 641 513 530 782
? 15 745 170 209 363 760 705 649 82 411 173 652 680 491 354 634
? 15 476 623 507 553 480 683 66 341 16 282 126 771 558 339 516
? 15 272 450 293 396 96 679 247 791 609 150 19 707 34 648 394
? 15 685 630 713 24 213 48 459 357 387 593 341 16 712 377 555
? 15 754 99 468 342 384 455 367 556 710 194 263 47 12 87 615
? 15 151 464 290 366 378 134 122 217 140 35 626 373 797 179 15
? 15 207 154 751 260 97 434 772 125 465 793 388 376 515 401 605
? 15 702 421 796 155 191 408 689 253 551 398 715 519 603 30 789
? 15 88 261 272 396 799 1 96 544 588 679 247 707 537 121 34
? 15 93 442 157 353 3 222 794 435 182 200 638 667 17 14 453
? 15 607 421 481 493 155 408 286 478 259 715 659 681 601 603 706
? 15 603 660 421 104 481 796 493 517 155 692 398 187 715 659 789
? 15 244 718 399 418 560 304 434 330 147 720 74 162 662 401 605
? 15 731 462 644 422 31 106 625 577 54 70 20 415 68 477 535
? 15 117 342 384 556 710 194 156 263 467 602 12 405 87 657 100
? 15 609 272 777 293 371 396 495 96 679 228 107 138 648 600 145
? 15 477 462 644 31 106 54 70 20 415 535 513 7 23 530 731
? 15 301 432 449 154 655 751 97 380 520 793 376 324 336 61 605
? 15 795 234 485 463 548 501 743 730 358 282 334 169 558 285 498
? 15 295 497 524 18 472 148 129 502 639 420 175 622 91 740 83
? 15 219 85 296 765 104 75 692 84 119 372 748 29 627 471 245
? 15 130 528 424 595 303 744 167 280 21 331 579 315 310 739 382
? 15 582 432 60 655 171 429 260 734 315 310 376 537 121 212 518
? 15 5 360 356 784 28 436 22 568 725 51 264 273 56 597 559
? 15 354 170 363 705 649 206 411 745 173 652 680 484 491 741 634
? 15 493 421 481 796 155 408 286 478 607 715 519 659 603 706 789
? 15 66 713 76 213 553 48 480 756 476 763 16 712 790 339 555
? 15 554 462 236 276 106 577 54 70 599 20 415 477 535 513 731
? 15 635 249 619 751 560 304 543 97 434 115 192 662 672 453 605
? 15 419 237 426 242 540 168 291 645 139 671 364 539 37 386 195
? 15 77 345 369 180 120 505 275 375 663 693 487 255 13 274 486
? 15 293 272 777 371 396 799 495 96 679 228 107 138 609 600 145
? 15 224 189 684 356 784 576 332 186 753 256 53 490 652 532 559
? 15 122 566 366 378 208 402 701 217 35 626 797 179 151 15 271
? 15 364 146 647 426 242 479 419 540 168 645 139 288 539 37 195
? 15 480 623 113 507 553 683 476 66 282 771 334 558 285 339 516
? 15 35 566 366 378 208 402 701 122 217 51 626 179 151 15 271
? 15 522 567 629 417 773 346 306 778 218 232 254 445 216 447 33
? 15 10 524 690 473 472 734 544 175 131 665 91 212 83 518 62
? 15 215 549 721 268 674 580 50 621 743 562 114 102 165 726 498
? 15 561 736 721 268 163 750 592 294 548 226 50 18 770 292 27
? 15 468 99 564 512 455 556 393 45 194 176 321 754 47 87 615
? 15 432 449 154 655 303 429 301 315 380 520 310 793 324 336 61
? 15 774 575 670 506 538 112 416 41 172 220 431 460 166 762 204
!
280 579 595
280 579
579 595
57 492
57 492
268
195 235 237 291 327 386 671 746
195 386
386 746
746 237
746 291
746 671
671 327
237 235
236 513 530 535 598
236 513
513 535
236 598
598 530
44 92 136 142 152 283 329 494 573 620
44 92
92 142
142 573
142 620
44 494
44 152
494 283
152 136
283 329
225 287 563
563 225
225 287
385 676 787
676 385
385 787
164 738
164 738
5 56 436 568 597
436 597
597 5
5 56
597 568
360 725
360 725
89 114 175 524 549 562 580 674 682 691
682 89
89 674
674 549
549 114
549 580
580 562
682 691
691 175
175 524
22 356
22 356
258
9 312 337 594 767
767 337
767 594
594 9
594 312
66 339 480 553
480 553
553 339
339 66
34 88 261 679 707 799
799 88
88 707
707 261
261 34
34 679
16 48 213 712 763
763 712
712 213
213 48
48 16
281 414
414 281
226 292
292 226
51
255 370 375 394 581 663 735
255 370
255 375
375 663
663 581
581 735
735 394
50 498 548 721 770
721 50
50 498
498 770
770 548
285 334 485 501 795
285 334
334 795
795 485
485 501
4 159 406 442
442 406
406 4
4 159
46 52 640 724
46 52
46 640
46 724
123 149 391 650 666
123 149
149 650
650 391
391 666
230 783
230 783
333 489 615 696
333 615
615 489
333 696
28
161 355 404
404 355
355 161
176 350 393 455 512 564
455 512
512 564
512 393
564 176
176 350
357 713
357 713
367
3 17 26 49 344 353 453 619 638 672 697
697 3
3 344
344 26
344 17
17 638
638 353
26 672
672 453
697 49
49 619
47 754
47 754
592 736 750
736 750
750 592
107 371
371 107
76 246 790
76 790
790 246
18 129 295 502 622
18 129
129 295
295 502
502 622
102 215 726
102 726
102 215
99 468
468 99
223 451
451 223
270 412 624 631 703
270 624
624 412
412 631
270 703
216
174 206 343 389 390 392 413
206 392
392 343
392 389
389 390
343 174
174 413
59 190 240 546
190 546
546 59
190 240
158
779
36 58 527 637 704
36 58
36 527
527 704
704 637
42 43 178 474 550 664
43 550
550 474
474 664
664 42
664 178
244 401 434 718
718 401
401 434
434 244
545
234
214 742
214 742
112 496 762
496 762
762 112
552 643 759
552 643
643 759
600
623 683 771
623 683
683 771
208 271 378 402 403 566 626 701
626 566
566 378
378 403
403 402
378 271
271 208
208 701
301
685
361 381 586 596
586 381
381 596
596 361
422 625
422 625
144 651
144 651
21 171 537 744
21 744
744 171
744 537
126 143 341 476 507 516 555 593 630
630 555
555 341
341 143
341 126
143 593
126 507
507 516
516 476
90 314 347
314 90
90 347
63 115 192 249 317 325 326 400 449 520 768
520 449
449 115
115 249
115 317
317 192
249 63
63 325
325 326
326 768
249 400
130 310 315 331
310 315
310 331
331 130
32
183 441 769
769 441
441 183
135 320 737 788
135 788
788 737
788 320
29 64 75 245 372 439 729 758
245 439
439 758
758 729
758 372
372 75
75 64
64 29
96 138 272 450 648
138 450
450 96
96 272
450 648
61 303 324 336 380 432 655
336 61
61 324
336 432
432 655
655 380
655 303
199 482 677 764
764 677
677 482
677 199
421 481 603 796
421 796
796 603
603 481
125 388 430 465 473 515 665 690 772
430 388
388 772
772 125
125 465
388 515
465 665
665 690
690 473
275
181
108 345 486 487 505 632 693
505 486
486 345
345 487
487 632
486 693
693 108
440 608 653 698 775 786
440 608
608 653
440 698
698 775
775 786
172 444 526 534 613
526 534
534 444
444 613
444 172
10 62 212
10 62
10 212
463 621 730 743
743 730
730 621
730 463
103 196 229 238 633
633 196
196 229
229 103
103 238
81 82 163 299 319 374 634 688 700 705 727 749 760 798
319 688
319 700
700 374
374 749
749 81
81 299
700 727
727 82
82 705
727 760
705 634
319 163
163 798
117
165 251 278 289 330
278 289
289 251
251 330
289 165
83 91 472
472 83
83 91
15 151 217 464
15 151
15 217
151 464
722
111 590 723
590 723
723 111
155 286 408 493 519 607 659 706 715 789
286 706
706 607
607 493
493 659
659 715
715 408
408 519
519 155
408 789
79 454 591 636 668
454 636
636 591
636 668
668 79
193 211 221 257 365 397 719
193 211
193 719
719 397
397 221
221 257
193 365
383 572 716
383 716
716 572
529
741
298 348 483
483 348
348 298
13 109 274 369 606
13 109
109 274
109 369
369 606
35
239 601 681
239 601
601 681
279 604
604 279
133 233 248 297 656
297 656
656 233
233 248
656 133
140 290 373
140 290
290 373
7 23 31 68 128 362 379 470 616 644
128 379
379 362
379 7
7 23
23 644
644 616
616 31
31 68
68 470
72 169
169 72
266 425 428 503 699
428 503
503 425
425 699
428 266
105 755
105 755
19 791
19 791
132 578
132 578
588
11 484
484 11
734
1 121 544
1 544
544 121
445 522 567
445 522
522 567
198 711 757
757 198
198 711
6 267 309 318 509 510 542 628
318 510
510 267
267 509
509 542
542 309
542 628
628 6
437 500 708
437 708
708 500
377 387
377 387
118 145 228 589 733
145 589
589 228
145 733
589 118
218 417 547 773
218 773
218 417
417 547
60
574
14 93 182 200 435 667
93 14
14 182
14 200
93 667
667 435
12
94 185 338 792
338 94
94 792
792 185
104 191 205 296 517 627 692 765
517 627
627 765
627 692
765 104
104 296
296 205
205 191
231 284 311 335 410 794
231 284
284 410
410 335
335 311
335 794
202 307 359 448 452 499 780
448 452
448 307
307 780
452 499
780 202
202 359
37
618
55 69 184 252 254 269 323 346 382 424 447 466 511 612 629 661 675 778
382 424
424 323
323 612
323 661
661 252
252 675
675 69
661 511
252 466
466 55
55 269
269 346
346 778
69 629
629 184
346 447
447 254
554
427 478 587
427 587
427 478
74 147 162 399 418 720
162 74
74 720
720 147
147 399
720 418
122 179 366
122 366
366 179
97 154 207 304 376 543 560 605 635 662 751 793
207 376
376 793
793 154
154 97
97 543
543 662
543 751
662 605
662 560
560 304
304 635
288
322
316
157 222 351
351 222
222 157
87 194 556
556 194
194 87
263 342 438 602 710
263 342
263 438
438 602
342 710
85
70 106 415 477
106 477
106 70
70 415
71 220 265 308 431 456 457 508 538 717 776
538 220
538 431
431 717
717 776
776 308
308 71
71 508
71 265
265 457
265 456
160 250 420 497 531 639 740
531 250
250 639
639 420
420 740
740 497
250 160
649
131
78 113 116 358 533 585 687 761
533 116
116 358
116 113
113 78
533 761
761 585
585 687
525
148
514 766
514 766
384 405 467 657
657 467
467 384
384 405
25 256 443
443 25
443 256
38 53 189 416 488 490 506 521 575 584 684 785
53 684
684 490
490 189
189 584
584 521
521 416
416 488
488 506
584 575
575 785
785 38
276 599 610 641
276 599
276 610
610 641
646
41 204 460 670
460 670
670 41
41 204
0 110 127 313 349 407 569 654
0 127
127 313
313 349
0 654
654 110
349 569
569 407
167 197 528 557 739
739 557
739 167
167 528
739 197
576 784
576 784
409
170 173 354 680 745
170 173
170 354
173 680
680 745
45 321 446
45 321
321 446
209 411 491
491 209
209 411
709
293 396 609
396 293
293 609
363
732
166 774
774 166
8 40 695
695 8
8 40
80 137 458 571 614
80 137
137 571
571 458
458 614
277
124 241 714
124 714
124 241
65
20 54 462 577 731
577 20
20 54
54 731
731 462
150 247
150 247
24 139 146 168 242 364 419 426 459 479 539 540 645 647
647 540
540 146
146 139
540 645
645 419
419 168
419 242
242 364
647 479
364 426
426 539
539 459
459 24
30 551 689
30 689
689 551
187 660
187 660
652
260 429 518 582
518 260
260 429
429 582
100 156
100 156
368 617 673 686
617 673
673 368
368 686
756
134 264 273
134 264
264 273
84 119 219 471 748
84 219
219 748
748 471
84 119
433 523 570 781
570 433
433 523
433 781
797
86
33
188 253 398 702
398 702
702 253
253 188
259 302 669
259 302
302 669
77 120 180
180 120
120 77
475 565 642 658
565 642
642 658
658 475
262
340 495 777
340 495
340 777
141
186 224 332 532 559 753
186 332
186 532
532 224
332 559
224 753
282 558
282 558
504 747
504 747
2 210 395 461
395 2
395 210
210 461
101 300
101 300
232 306
232 306
73 98 177 203 243 305 352 423 469 541 611 728
423 541
541 305
305 728
728 203
203 611
611 243
203 73
73 469
728 352
352 177
177 98
27 294 561
294 27
27 561
153 694
694 153
39 67 95 201 227 328 536 583 678 752 782
95 227
227 782
782 39
39 583
39 536
583 328
328 201
201 678
678 752
752 67
