? 10 55 308 312 181 370 768 112 397 88 628
? 10 94 378 130 487 246 688 394 653 540 529
? 10 670 729 227 276 709 496 708 282 635 26
? 10 533 574 767 458 349 466 271 707 257 239
? 10 751 99 140 301 681 721 260 166 57 226
? 10 345 408 545 615 224 738 530 215 754 671
? 10 607 330 119 583 756 177 11 474 433 206
? 10 400 107 555 452 461 570 244 32 243 626
? 10 352 62 740 213 573 460 754 641 517 90
? 10 178 483 757 210 558 429 525 211 243 626
? 10 208 326 386 769 622 746 317 447 619 491
? 10 371 513 136 75 49 702 685 623 742 353
? 10 386 523 326 769 746 317 447 619 491 208
? 10 22 737 428 527 110 535 219 612 501 28
? 10 581 603 467 113 227 624 105 475 74 223
? 10 140 99 301 681 721 751 303 57 226 457
? 10 83 23 495 713 771 539 427 720 121 0
? 10 230 748 214 784 749 220 468 759 277 142
? 10 158 786 69 131 24 111 673 169 367 568
? 10 255 389 329 544 741 7 698 479 450 481
? 10 552 731 331 620 666 12 539 54 385 121
? 10 426 278 402 774 454 790 761 486 646 462
? 10 29 357 682 253 70 463 427 719 364 481
? 10 773 97 324 160 554 325 10 375 216 188
? 10 427 495 713 682 29 771 569 463 539 83
? 10 177 330 583 756 338 11 798 607 433 206
? 10 27 292 574 767 606 49 466 504 623 371
? 10 583 330 597 119 756 177 11 474 607 206
? 10 36 153 245 389 329 7 562 444 85 450
? 10 432 117 675 662 604 321 420 608 171 9
? 10 332 122 728 80 453 96 323 683 43 296
? 10 707 767 458 466 533 271 369 257 25 239
? 10 28 737 428 207 527 110 535 501 506 22
? 10 309 174 703 45 281 262 185 272 730 445
? 10 562 153 423 245 36 752 556 689 444 450
? 10 703 6 103 772 718 262 185 309 794 445
? 10 662 432 128 321 652 494 608 521 171 9
? 10 5 346 357 289 682 569 115 275 413 163
? 10 797 406 134 426 790 380 646 162 462 648
? 10 185 6 703 281 455 718 262 309 794 445
? 10 402 278 426 774 454 790 761 476 646 684
? 10 580 645 84 112 613 233 781 525 560 243
? 10 720 23 416 495 731 713 164 771 83 0
? 10 88 482 181 84 112 195 781 397 520 55
? 10 302 432 675 604 596 321 420 9 212 337
? 10 494 471 128 129 373 350 171 473 733 66
? 10 760 636 363 349 399 232 766 395 637 60
? 10 109 78 745 710 52 122 418 87 643 50
? 10 363 414 647 349 549 399 232 795 760 637
? 10 520 482 181 84 112 233 195 781 560 88
? 10 216 179 126 160 380 554 10 773 202 188
? 10 346 446 357 682 569 5 65 297 413 163
? 10 667 722 191 161 702 318 661 39 766 395
? 10 470 225 207 527 199 279 501 642 506 28
? 10 324 724 160 325 773 375 202 295 216 188
? 10 93 446 357 585 435 609 192 297 719 364
? 10 370 434 308 497 511 312 393 640 628 465
? 10 62 740 283 361 108 460 716 431 352 664
? 10 420 432 117 675 302 604 321 608 9 337
? 10 239 574 767 458 349 466 533 271 707 232
? 10 23 495 731 713 666 771 83 720 121 0
? 10 159 336 687 335 383 179 48 493 726 202
? 10 780 143 191 161 513 356 328 690 516 47
? 10 211 315 178 757 210 92 91 429 525 100
? 10 7 36 752 255 389 329 698 479 450 481
? 10 269 791 390 344 194 422 575 342 274 796
? 10 38 448 203 8 366 716 284 517 266 90
? 10 408 130 487 345 224 738 530 215 294 529
? 10 688 634 14 514 515 778 394 449 437 656
? 10 446 421 346 591 461 267 65 297 163 93
? 10 481 255 389 253 70 329 544 7 698 479
? 10 757 483 178 210 558 91 429 525 211 355
? 10 469 118 141 258 382 148 53 291 115 275
? 10 445 6 703 281 455 772 262 185 309 794
? 10 135 122 453 553 96 571 86 50 183 200
? 10 524 758 728 319 323 654 342 683 43 37
? 10 276 729 227 709 496 670 708 282 635 26
? 10 726 705 485 236 336 335 383 67 493 159
? 10 777 658 130 252 30 106 407 247 172 529
? 10 452 107 555 660 41 400 570 244 32 243
? 10 482 235 4 84 765 195 403 520 699 88
? 10 617 459 712 768 765 725 397 197 566 747
? 10 99 31 140 301 681 166 751 57 226 457
? 10 337 114 302 604 596 321 420 700 212 599
? 10 453 122 80 96 323 332 86 50 43 296
? 10 96 122 728 80 453 323 332 43 296 37
? 10 244 107 555 591 452 461 400 267 32 243
? 10 459 712 768 617 473 397 197 566 733 747
? 10 89 471 388 779 373 189 127 409 480 66
? 10 625 335 383 659 231 415 548 256 15 440
? 10 56 406 134 343 761 30 646 462 407 648
? 10 266 38 250 734 704 366 284 261 98 528
? 10 335 336 383 659 625 231 67 493 159 726
? 10 3 428 110 535 789 755 222 501 763 28
? 10 219 737 242 711 110 799 338 612 392 22
? 10 748 214 784 749 442 230 17 277 739 142
? 10 381 421 382 148 53 496 65 18 635 26
? 10 629 523 319 654 447 342 619 372 524 491
? 10 86 390 80 692 453 553 96 50 43 796
? 10 745 78 109 710 52 503 418 87 73 643
? 10 125 141 696 289 552 620 124 40 385 115
? 10 752 153 329 7 562 609 556 170 192 450
? 10 715 251 652 468 789 230 759 521 566 182
? 10 569 346 357 289 682 5 275 427 413 163
? 10 540 378 487 310 246 263 146 508 653 94
? 10 296 122 728 80 453 96 323 332 43 37
? 10 281 6 703 288 455 262 185 633 309 445
? 10 759 251 784 749 220 468 230 650 693 182
? 10 414 42 102 341 647 224 264 549 232 187
? 10 749 748 214 784 220 598 442 230 277 142
? 10 500 658 651 514 391 476 180 579 247 172
? 10 394 634 14 514 515 778 688 449 437 656
? 10 429 483 178 757 210 558 404 91 211 355
? 10 516 143 191 780 513 356 328 690 293 47
? 10 761 406 402 774 343 790 56 646 462 684
? 10 194 791 344 422 575 334 269 261 528 274
? 10 198 748 214 749 354 499 655 17 739 142
? 10 746 186 326 386 769 622 788 317 384 208
? 10 730 665 174 45 488 305 262 185 272 309
? 10 659 335 383 625 231 415 548 256 15 440
? 10 458 574 767 466 533 271 707 257 25 239
? 10 69 786 158 697 131 111 673 169 367 456
? 10 658 651 252 500 514 106 437 579 247 172
? 10 262 6 703 281 455 185 633 309 794 445
? 10 465 770 497 511 181 370 393 34 640 628
? 10 307 157 240 359 365 116 649 792 13 64
? 10 454 278 298 402 426 774 790 486 476 290
? 10 213 573 19 352 754 551 201 641 1 517
? 10 609 752 585 602 435 556 170 192 719 93
? 10 591 421 107 446 452 461 267 65 244 297
? 10 652 251 662 128 468 789 521 715 566 182
? 10 442 674 748 749 220 79 598 230 650 693
? 10 774 278 402 426 454 790 761 476 646 684
? 10 530 408 615 647 345 224 464 738 215 795
? 10 717 422 734 704 575 447 261 16 528 241
? 10 167 46 694 196 356 293 541 59 47 557
? 10 558 483 178 757 210 404 556 170 429 355
? 10 413 346 289 682 124 569 5 115 275 163
? 10 711 144 242 526 451 799 338 219 392 631
? 10 634 651 68 391 778 688 394 449 437 656
? 10 705 485 236 502 362 542 584 67 493 726
? 10 722 191 161 75 702 318 661 685 667 353
? 10 26 472 382 148 53 276 496 670 381 635
? 10 795 545 647 363 224 464 738 215 549 431
? 10 724 687 324 160 48 375 202 295 188 440
? 10 378 487 615 310 246 263 146 653 94 540
? 10 392 144 242 711 799 338 219 612 433 631
? 10 17 748 214 749 354 499 198 277 739 142
? 10 473 254 712 129 768 229 494 733 66 747
? 10 641 213 573 19 352 551 201 1 517 90
? 10 651 658 500 634 514 391 449 579 247 172
? 10 390 736 344 692 453 86 269 348 274 796
? 10 64 240 618 359 307 116 649 411 13 147
? 10 753 132 478 589 205 51 735 316 85 248
? 10 779 471 89 373 189 350 127 409 480 66
? 10 653 787 378 783 310 246 263 146 508 540
? 10 794 6 103 703 455 772 718 616 185 445
? 10 737 428 527 110 535 219 612 501 28 22
? 10 603 467 581 113 227 624 105 475 74 223
? 10 267 421 446 591 461 65 244 381 297 18
? 10 422 194 734 704 575 717 269 261 528 241
? 10 664 62 740 283 545 464 108 460 431 352
? 10 150 360 62 283 361 405 636 108 664 637
? 10 50 122 80 453 553 96 332 571 135 296
? 10 444 423 245 36 775 329 51 562 85 632
? 10 43 122 728 80 453 96 323 332 296 37
? 10 245 153 423 77 36 567 404 562 689 355
? 10 305 665 691 174 45 488 633 272 730 309
? 10 690 143 95 191 780 356 328 616 516 47
? 10 318 722 702 679 742 667 766 395 353 60
? 10 210 483 178 757 558 404 91 429 211 355
? 10 227 603 729 113 276 709 105 670 708 282
? 10 21 154 52 418 120 73 643 543 577 398
? 10 1 213 573 677 58 263 19 551 209 641
? 10 566 459 251 784 652 468 521 715 197 182
? 10 624 603 467 581 113 227 105 475 74 223
? 10 241 422 734 704 575 447 717 261 16 528
? 10 391 651 500 634 286 180 492 449 579 568
? 10 621 657 701 199 678 76 340 279 642 470
? 10 606 574 767 27 458 466 504 707 369 257
? 10 326 386 769 622 746 317 447 619 491 208
? 10 620 331 552 666 12 539 54 385 121 587
? 10 24 175 158 590 484 286 492 367 306 568
? 10 146 378 310 677 246 263 653 540 551 1
? 10 161 722 191 75 702 661 685 742 667 353
? 10 215 408 615 647 345 224 738 530 187 795
? 10 718 347 6 103 20 703 772 616 185 794
? 10 250 203 704 366 334 284 261 98 266 528
? 10 102 414 42 341 264 549 187 294 723 714
? 10 389 255 329 544 741 7 698 479 450 481
? 10 542 705 485 236 502 155 362 584 776 611
? 10 693 674 600 749 220 598 442 230 759 650
? 10 199 657 225 701 207 621 279 642 506 470
? 10 708 729 387 227 276 709 496 105 670 282
? 10 504 574 218 606 27 466 655 369 257 223
? 10 341 414 42 102 264 187 294 25 723 714
? 10 635 472 382 148 53 276 291 496 381 26
? 10 91 315 268 757 576 210 92 525 100 211
? 10 526 144 518 451 711 351 425 799 631 546
? 10 478 132 753 589 205 51 735 316 565 248
? 10 106 658 402 343 761 30 407 247 684 172
? 10 132 753 614 478 589 205 300 316 565 248
? 10 122 728 80 453 96 323 332 50 43 296
? 10 668 101 138 388 376 81 237 127 409 732
? 10 778 68 634 14 391 793 688 394 449 656
? 10 382 118 472 258 148 53 291 469 635 26
? 10 45 174 281 488 305 262 633 272 730 309
? 10 563 753 663 544 741 300 735 377 698 173
? 10 10 126 160 554 325 773 202 216 188 303
? 10 126 179 744 380 554 10 202 216 188 303
? 10 397 459 482 768 765 725 617 55 197 88
? 10 75 722 161 136 702 685 623 742 371 353
? 10 84 235 4 570 112 233 195 781 560 520
? 10 649 157 240 359 307 116 411 13 147 64
? 10 673 786 158 131 111 169 367 588 489 578
? 10 325 31 97 324 160 10 773 375 188 457
? 10 111 158 69 131 673 169 367 588 489 578
? 10 789 251 662 3 652 468 521 715 566 182
? 10 666 731 552 620 12 771 539 54 121 587
? 10 272 174 45 488 305 262 185 633 730 309
? 10 564 396 228 697 686 436 762 559 490 456
? 10 784 748 214 251 749 468 230 277 739 142
? 10 277 748 214 251 784 749 354 230 739 142
? 10 98 791 203 250 194 422 366 334 261 266
? 10 556 153 752 585 602 558 609 170 192 626
? 10 710 109 758 122 728 503 87 323 332 683
? 10 15 335 383 659 625 231 415 548 256 440
? 10 404 77 245 483 567 210 558 689 429 355
? 10 483 178 757 210 558 170 429 211 355 626
? 10 435 461 585 602 609 170 192 719 93 626
? 10 355 245 483 178 757 210 558 404 689 429
? 10 544 255 389 253 70 741 563 698 479 481
? 10 257 574 767 606 458 466 533 271 707 369
? 10 372 523 758 728 629 319 477 619 505 683
? 10 721 140 744 301 681 260 723 303 714 226
? 10 770 497 511 680 393 34 374 270 640 465
? 10 754 740 213 545 615 573 431 352 671 641
? 10 604 432 117 321 420 608 171 9 599 337
? 10 398 154 234 339 120 21 333 543 184 577
? 10 4 235 482 41 570 84 195 750 560 699
? 10 568 68 175 158 590 391 24 286 492 306
? 10 30 406 402 774 343 761 56 106 407 684
? 10 709 729 227 276 496 105 670 708 282 26
? 10 16 610 769 317 734 704 447 717 528 241
? 10 197 459 251 128 768 617 473 566 733 747
? 10 674 204 597 600 79 598 412 474 650 693
? 10 450 153 36 752 255 389 329 7 479 481
? 10 95 509 379 477 788 661 39 61 265 165
? 10 31 99 597 140 97 301 79 325 57 457
? 10 127 2 388 89 376 237 668 409 480 732
? 10 655 581 218 198 504 624 166 475 74 223
? 10 643 78 745 109 52 149 418 87 73 21
? 10 640 434 497 511 680 370 393 34 639 628
? 10 495 23 713 666 771 539 83 720 121 0
? 10 733 254 712 128 129 229 494 350 473 747
? 10 596 114 302 365 700 601 212 599 13 337
? 10 217 46 292 729 387 541 59 708 282 557
? 10 195 235 4 482 41 84 750 560 520 699
? 10 648 406 134 797 761 380 56 646 162 462
? 10 576 315 268 374 145 92 91 270 100 211
? 10 279 675 302 207 199 420 621 222 340 470
? 10 116 240 618 359 307 649 411 13 147 64
? 10 220 600 749 468 598 230 759 650 693 182
? 10 419 561 139 72 280 553 86 135 183 348
? 10 501 737 428 207 3 527 110 535 28 22
? 10 152 605 240 531 438 365 700 601 792 13
? 10 78 537 745 109 52 149 259 418 87 643
? 10 499 467 354 198 368 137 765 725 403 17
? 10 642 657 225 701 207 199 621 63 506 470
? 10 162 406 797 104 426 790 761 646 462 648
? 10 258 118 141 694 472 382 53 291 469 115
? 10 331 665 731 552 620 666 12 54 385 587
? 10 192 752 585 602 435 609 556 170 719 93
? 10 513 780 356 136 49 541 516 47 371 557
? 10 37 758 728 80 96 323 683 524 43 296
? 10 174 665 331 45 305 262 185 272 730 309
? 10 385 347 331 552 620 666 12 54 125 587
? 10 121 495 731 552 620 666 12 771 539 0
? 10 758 710 728 629 323 372 505 683 524 37
? 10 225 547 207 199 594 441 642 320 506 470
? 10 415 236 443 362 782 231 67 595 256 401
? 10 488 665 416 691 45 305 54 272 730 587
? 10 200 35 259 627 72 538 571 582 135 183
? 10 691 665 416 488 305 669 123 644 720 587
? 10 187 414 42 102 341 224 264 215 549 294
? 10 487 777 408 378 130 345 530 94 540 529
? 10 424 663 273 672 300 563 377 358 314 173
? 10 512 434 312 550 2 764 639 640 249 417
? 10 490 298 564 285 697 486 686 785 436 290
? 10 577 154 52 120 73 21 333 643 543 398
? 10 103 347 536 696 20 703 772 718 616 794
? 10 333 154 234 339 743 120 543 184 577 398
? 10 744 179 126 380 721 554 10 216 303 630
? 10 338 330 799 177 798 219 612 392 433 206
? 10 202 179 126 324 724 48 554 10 216 188
? 10 114 604 596 189 365 700 601 212 599 337
? 10 76 657 701 618 621 678 439 340 116 64
? 10 179 126 380 48 159 554 10 202 216 188
? 10 700 114 596 189 365 601 212 152 599 337
? 10 196 46 694 258 293 167 541 59 47 557
? 10 377 132 663 424 614 672 300 563 314 173
? 10 523 386 629 319 654 447 342 619 372 491
? 10 626 483 178 585 400 602 435 556 170 243
? 10 90 156 213 573 8 460 352 201 641 517
? 10 418 78 537 745 109 52 149 87 73 643
? 10 366 250 422 734 704 284 261 98 266 528
? 10 248 132 753 614 478 589 205 300 316 565
? 10 237 101 2 388 133 668 127 409 480 732
? 10 747 254 712 129 768 229 494 473 249 733
? 10 117 432 604 321 373 608 171 9 599 337
? 10 480 471 388 89 237 779 127 409 732 66
? 10 18 421 660 148 276 496 670 381 635 26
? 10 702 722 161 75 318 685 742 667 395 353
? 10 243 107 555 452 178 645 400 613 244 626
? 10 51 753 36 775 478 205 735 444 85 632
? 10 645 555 613 233 781 525 560 211 580 243
? 10 204 330 674 597 119 583 79 756 474 607
? 10 461 107 446 591 267 435 65 244 297 93
? 10 423 77 245 36 775 567 562 689 444 632
? 10 553 419 122 453 96 571 86 50 135 183
? 10 72 419 561 35 627 538 571 582 183 200
? 10 578 287 131 111 673 169 588 489 727 313
? 10 623 292 574 27 136 75 49 466 685 371
? 10 362 705 485 236 502 584 67 776 595 176
? 10 451 144 242 526 711 351 425 799 631 546
? 10 224 408 414 647 345 738 530 215 187 795
? 10 694 118 141 472 258 196 382 291 469 115
? 10 260 140 744 681 721 751 723 303 714 226
? 10 561 419 139 72 692 280 553 86 135 348
? 10 475 603 467 581 113 368 227 624 105 74
? 10 785 278 298 454 285 697 486 180 490 290
? 10 560 235 555 41 570 84 233 195 750 32
? 10 353 722 161 75 702 318 685 742 395 371
? 10 403 4 482 499 368 137 765 195 725 699
? 10 236 705 485 502 362 584 67 776 595 176
? 10 675 432 302 604 321 420 222 279 9 337
? 10 701 657 618 199 621 678 439 76 340 642
? 10 19 213 573 677 58 551 201 209 641 1
? 10 380 797 179 744 126 554 10 202 216 648
? 10 589 132 753 614 478 205 534 316 565 248
? 10 246 787 378 783 310 263 146 508 653 540
? 10 713 23 495 190 164 771 83 720 519 0
? 10 293 46 536 696 196 103 20 167 616 47
? 10 518 144 242 526 547 451 425 441 320 546
? 10 505 523 710 758 503 477 372 61 683 265
? 10 588 484 287 131 111 673 169 489 313 578
? 10 767 574 27 458 466 533 271 707 257 239
? 10 731 665 23 666 12 771 54 121 0 587
? 10 40 347 141 536 696 124 293 125 385 115
? 10 491 523 386 629 769 319 317 447 619 208
? 10 316 132 753 614 478 589 205 534 565 248
? 10 496 729 53 276 709 670 708 282 635 26
? 10 231 383 659 625 782 415 548 595 256 15
? 10 87 78 745 109 710 122 418 643 332 50
? 10 567 153 423 77 245 404 562 689 444 355
? 10 25 42 341 458 264 271 707 257 723 714
? 10 575 194 422 734 704 342 717 261 528 241
? 10 601 114 596 531 438 365 700 792 152 13
? 10 120 154 52 73 21 333 643 543 577 398
? 10 464 545 615 647 738 215 431 795 664 671
? 10 790 406 278 402 426 774 454 761 646 462
? 10 687 324 724 48 159 15 202 295 188 440
? 10 622 186 326 386 769 788 746 317 384 208
? 10 573 213 19 352 551 201 641 1 517 90
? 10 119 330 583 756 177 11 474 607 295 206
? 10 323 122 728 80 96 332 683 43 296 37
? 10 265 523 95 386 379 477 619 372 505 61
? 10 298 278 426 774 454 285 486 476 785 290
? 10 456 396 564 697 69 686 785 762 559 490
? 10 201 156 213 573 151 19 209 641 517 90
? 10 602 461 585 435 609 556 170 192 93 626
? 10 92 315 268 576 374 145 91 525 100 211
? 10 188 324 724 160 554 10 773 375 202 216
? 10 436 564 104 228 686 611 762 33 559 490
? 10 457 99 31 140 97 301 79 325 773 57
? 10 124 118 141 258 40 125 469 115 275 413
? 10 618 701 359 678 439 76 116 649 147 64
? 10 176 485 236 193 443 362 584 776 595 676
? 10 665 731 331 552 620 488 666 12 54 587
? 10 584 705 485 236 502 193 155 362 776 176
? 10 384 186 405 322 788 679 39 766 165 60
? 10 190 713 253 70 544 164 29 463 83 519
? 10 548 659 625 782 231 415 256 572 15 401
? 10 608 432 117 662 604 128 321 420 171 9
? 10 364 357 585 253 70 29 463 719 481 93
? 10 234 154 339 743 288 333 543 184 82 398
? 10 637 360 405 150 636 399 679 766 760 60
? 10 555 107 452 41 400 570 244 560 32 243
? 10 661 95 722 191 161 702 318 39 667 165
? 10 525 483 178 757 645 613 91 211 580 243
? 10 527 737 428 207 110 535 501 506 28 22
? 10 462 406 402 426 774 343 790 761 56 646
? 10 147 157 359 238 307 116 299 649 411 64
? 10 570 235 4 555 452 41 84 750 560 32
? 10 306 68 175 590 484 793 24 286 492 568
? 10 118 141 694 472 258 382 291 469 115 275
? 10 689 423 77 245 567 210 404 562 429 355
? 10 123 416 713 273 164 430 669 644 358 720
? 10 82 234 339 743 288 281 333 633 184 398
? 10 315 268 757 576 210 145 92 91 100 211
!
27 218 369 458 504
27 218
27 458
458 504
504 369
164 273 430 644 691
164 691
691 273
273 430
430 644
662
445
272 488 633
272 488
488 633
198 403 499 748
198 499
499 403
198 748
3 225 338 451 506 527 535 547 799
225 527
527 3
3 535
225 506
506 547
3 451
451 338
338 799
632 775
632 775
308 312 465 512 628
312 512
512 308
308 465
465 628
450 585 602
602 585
585 450
94 106 172 180 247 252 343 391 402 407 426 454 476 500 568 579 658 684 761 774 777
94 343
343 106
106 407
106 684
684 658
407 774
774 500
500 777
774 402
402 761
761 172
172 247
247 180
180 579
579 568
172 454
454 426
761 476
454 391
777 252
2 81 101 133 138 376
376 138
138 101
101 133
133 2
138 81
393 434 639
639 434
434 393
29 124 125 289 427 495 539 552 569 666 682 713
682 124
124 289
289 552
289 125
552 539
539 427
539 666
666 569
569 29
29 495
495 713
76 340
340 76
37 319 523 619
37 619
37 319
319 523
24 158
158 24
367 786
786 367
185 455 703 794
794 703
703 185
185 455
123 358
358 123
690
262 288
288 262
194 348 692
348 692
692 194
791
246 345 408 540
345 540
540 246
540 408
45 281
281 45
11 206 583 724 756
11 583
583 206
206 724
724 756
25 257 414 751
257 414
257 751
751 25
230 354 784
354 784
784 230
754
667
174 731
174 731
33 228 559 762
762 33
33 559
559 228
4 235 660 699 750 765
765 235
235 699
235 750
699 660
660 4
778
91 170 192 255 400 452 483 558 562 626 757
91 562
91 452
452 558
452 400
558 757
757 192
757 483
483 255
483 170
452 626
46 167 217 356 516 541 557
46 217
46 541
541 516
516 356
356 557
356 167
79 597 598 674
598 79
79 674
674 597
581 603
603 581
61 332 379 477 491 509 629
509 61
61 477
477 332
332 491
332 629
491 379
71 236 548 572 584 592 676
71 676
676 592
592 236
236 572
236 584
572 548
38 363 431 545 671 740
363 545
545 431
431 740
740 38
431 671
612
405 637 766
405 637
637 766
446 461
446 461
359 411 618
359 411
411 618
67 155 231 336 362 383 443 485 493 502 595 611 705
336 595
595 493
493 383
493 705
705 485
485 362
485 67
67 611
611 155
155 502
502 231
231 443
99
439 701
701 439
394 487
487 394
90 156 201 209 311 551
90 209
209 156
90 551
551 201
156 311
26 113 118 227 282 387 475 670 694 708 709 729
118 26
26 694
694 387
387 709
387 227
709 729
729 708
708 282
282 113
113 670
113 475
48 179 188 295 687 726
687 188
188 295
188 179
179 48
48 726
28 220 412 428 510 600 607 749 755 759 763
749 220
220 600
600 607
607 510
510 412
510 755
755 759
759 763
763 28
28 428
69 111 131 169 313 489 673 727
673 131
131 489
489 111
111 69
69 727
727 313
111 169
334
241 326 447 610 622 746 769
447 769
769 241
241 746
769 622
769 326
326 610
130 529
130 529
159 162 462 797
159 797
797 162
797 462
183 571
571 183
457
706
103
35 537 538 582 627
627 538
538 582
582 537
582 35
263
68 651 656
68 656
656 651
88 525
88 525
224 738
224 738
119 330 433
330 119
119 433
222 737
737 222
64 438 531 601
64 438
438 601
601 531
207 279 501 642
279 207
207 501
501 642
534
212 420 604 649
212 604
604 649
649 420
127 350 373
127 373
373 350
720
143 328 513
513 143
513 328
49 136 292 533 780
780 136
136 49
49 292
292 533
237 388 409 779
237 388
388 409
237 779
166
264 723
723 264
630 744
744 630
92 100 211
92 100
100 211
32 41 107 195 555 570 580 613 645
555 570
555 645
645 613
613 580
570 107
107 32
32 195
195 41
271
320
521 652
521 652
286 492
492 286
302
208 342 654
208 342
208 654
34
243
573 615 641
641 573
573 615
714
116 147 621 678
116 147
147 621
621 678
364 719
364 719
16
173 300 314 377 424 563 614 663
424 173
173 300
300 614
614 663
663 563
614 377
377 314
83 305 416
416 305
305 83
52 73 154 234 418 577 643
577 643
643 234
643 73
234 154
154 52
52 418
718 730
730 718
30 278 290 406 486 646 648 790
648 790
790 30
30 290
290 278
278 486
790 646
646 406
199
335
53 148 258 267 275 291 382 421 591 635
275 291
291 635
635 53
53 382
382 148
148 591
382 258
591 267
267 421
139 269 532 736
139 269
269 736
736 532
59
251 468
251 468
497
544
266
647
661 685 702 722 742 760
661 760
760 685
685 742
742 722
722 702
318 767
318 767
36 85 752
85 752
752 36
20 293 347
20 293
293 347
86 553 561
86 561
561 553
473 494
494 473
145 268 315 770
268 770
268 145
145 315
624
550 668 764
668 764
764 550
182 277 650 693
182 693
693 650
650 277
417
193 507 542 776
776 507
507 542
542 193
351
287 588
588 287
725
14 653
14 653
21 78 87 109 122 259
78 21
78 109
109 122
122 87
87 259
55 84
55 84
449 688
688 449
657
466 606 707
466 606
606 707
221
0 23 121 771
0 121
121 23
23 771
72 280
72 280
339 743
339 743
396
47
200
672
178 210 245 576
210 178
178 245
245 576
70 190 253 389 463 519
463 253
253 190
190 519
519 389
389 70
470
232 549
549 232
191
233
349
120 184 398
398 184
398 120
13 114 152 240 337 365 700 792
337 240
240 700
700 114
114 152
152 365
700 792
152 13
1 58 146 168 310 378 498 508 515 586 677 783 787 793
515 793
793 168
168 498
498 783
783 586
586 146
586 508
146 378
508 787
787 677
677 310
310 58
58 1
404
640 680
640 680
423
160 177 375
375 177
177 160
175 306 410 484 578 590
175 306
306 590
175 578
578 410
590 484
132 205 248 316 444 478 565 589 735 741
565 589
589 735
735 248
248 205
205 132
132 478
478 316
478 444
444 741
66 89 229 254 471 480 712 732
712 89
712 471
471 254
254 480
480 229
229 66
66 732
5 65 163 297 357 413 435
65 297
65 435
297 5
5 163
163 357
5 413
15 256 526 625 782
782 256
782 526
782 15
526 625
467
43 135 323 710 745
710 43
43 745
745 323
323 135
399
689
40 115 141 381 469
40 115
115 141
115 469
469 381
6 772
772 6
8 98 203 284 716
98 203
98 284
284 716
716 8
77 153 355 429 556 609
77 429
429 556
556 355
355 153
355 609
22 144 219 242 392 425 441 518 546 631 711
711 631
631 22
22 144
144 219
219 242
242 518
518 392
392 546
546 441
546 425
129 249 617 747 768
768 617
617 129
129 747
747 249
238 327
238 327
112 181 520 560 781
112 560
560 781
560 520
520 181
74 105 655
655 105
105 74
298
304 695
695 304
10 56 126 134 216 303 380 554 773
134 126
126 303
303 216
303 10
10 773
134 56
773 554
134 380
370
196 536 696
696 536
536 196
137 368
368 137
567
437 514 634
437 514
514 634
223
372
18 244 276 346 496
346 18
18 244
18 276
244 496
442
31
19 151 250 448
19 448
448 151
151 250
17
80 274 296 344 390 796
80 296
80 796
796 344
344 274
274 390
574 623
623 574
331 385 620
385 331
331 620
57 97 226 260 301 325 681 721
721 226
226 681
681 57
57 260
260 301
57 97
97 325
366
616
432
261 317 422 528 575 704 717 734
317 704
704 575
575 734
734 528
528 261
528 422
422 717
204 474
204 474
197 397 482
397 197
197 482
329 479 698 753
479 753
479 698
479 329
104 285 564
564 104
564 285
270 374 511
374 270
374 511
102 187 530
530 102
102 187
140 324
140 324
415 440
440 415
42 215 294 341
215 341
341 294
294 42
453
157 299 307 522 605
605 307
307 522
522 299
299 157
93
460 517
517 460
189
63 594
63 594
60 75 150 161 239 353 371 395 679
161 75
75 353
353 371
371 395
395 679
679 239
239 60
679 150
202 659
202 659
7 481
481 7
419
142 214 715 739
214 715
715 739
739 142
669
176 401
176 401
9 171 321 596 599 608 675
596 9
596 171
596 675
675 321
675 608
9 599
110 798
798 110
12 54 309 587 665
665 54
54 587
587 12
587 309
117 128 459 566 733 789
789 117
117 459
117 733
733 128
117 566
51
62 108 213 283 352 361 664
283 213
213 352
352 664
283 361
361 62
62 108
44 638
638 44
39 165 186 322 384 386 788
384 39
39 322
322 788
788 165
788 186
165 386
472
360 464 636 795
636 795
795 360
360 464
50 95 96 265 503 505 524 683 728 758
728 683
683 50
50 503
503 524
524 96
683 505
505 265
265 758
758 95
82 543
543 82
436 456 490 686 697 785
686 436
436 490
490 697
697 785
785 456
149 333
333 149
593
