? 9 186 610 19 78 31 274 554 199 45
? 9 463 102 793 447 357 752 367 511 564
? 9 557 384 389 93 747 86 125 0 135
? 9 626 168 541 574 66 768 522 578 423
? 9 642 605 680 319 482 60 435 219 129
? 9 588 567 499 746 508 426 325 654 136
? 9 740 411 465 679 724 632 437 70 105
? 9 531 294 118 55 327 535 556 484 309
? 9 607 693 362 481 269 737 433 421 354
? 9 637 692 57 456 455 635 146 236 714
? 9 230 753 464 494 91 154 402 640 694
? 9 554 307 186 487 78 459 274 199 110
? 9 691 337 308 89 216 32 176 109 551
? 9 117 629 730 262 252 75 651 164 396
? 9 651 629 104 730 262 731 75 117 98
? 9 142 489 201 55 335 625 551 209 394
? 9 292 412 347 544 319 320 10 72 219
? 9 774 131 159 472 700 501 54 432 660
? 9 459 528 487 323 554 705 306 110 677
? 9 680 350 642 257 482 506 435 383 219
? 9 454 42 329 395 207 121 601 202 33
? 9 289 162 773 633 701 313 656 143 175
? 9 55 142 327 531 335 625 556 484 394
? 9 478 229 73 718 636 732 524 391 375
? 9 603 341 169 674 598 51 784 483 594
? 9 64 499 606 779 725 99 343 538 654
? 9 303 302 182 473 799 145 418 322 368
? 9 568 728 334 379 69 370 420 145 418
? 9 100 672 742 521 111 187 185 604 272
? 9 236 669 637 692 558 456 469 174 714
? 9 441 431 504 769 760 77 178 755 490
? 9 476 796 224 222 663 260 106 745 128
? 9 590 624 39 540 450 620 249 502 165
? 9 26 614 221 765 260 284 240 479 475
? 9 437 676 679 740 388 583 661 70 697
? 9 208 534 586 160 258 520 498 619 237
? 9 750 95 612 390 455 29 44 146 735
? 9 27 409 88 356 276 79 415 61 127
? 9 538 336 606 385 779 725 141 776 343
? 9 477 4 763 353 253 374 438 205 324
? 9 160 97 586 667 638 208 258 520 237
? 9 404 633 590 39 673 737 502 261 165
? 9 739 462 628 154 690 148 645 156 775
? 9 556 246 118 55 327 531 535 157 484
? 9 183 132 296 190 504 467 640 536 254
? 9 308 89 216 489 691 32 295 109 551
? 9 187 672 100 742 521 111 185 604 272
? 9 462 405 780 628 62 573 148 645 708
? 9 139 17 668 201 257 210 551 209 394
? 9 434 485 326 104 68 317 493 41 616
? 9 658 198 264 547 255 465 545 82 491
? 9 81 488 191 385 758 281 141 333 282
? 9 264 198 658 547 255 465 545 82 449
? 9 524 229 73 718 478 636 732 391 375
? 9 489 17 308 142 55 335 625 551 394
? 9 522 626 168 541 574 768 771 578 423
? 9 469 294 669 118 531 535 309 236 714
? 9 598 447 603 341 169 357 703 51 167
? 9 151 377 14 232 342 204 177 486 279
? 9 356 409 27 88 276 79 415 61 127
? 9 278 458 269 212 318 751 443 421 523
? 9 366 647 612 750 323 360 34 228 306
? 9 406 74 508 787 371 66 358 526 315
? 9 567 241 499 508 57 426 588 325 136
? 9 262 629 104 730 75 651 117 98 396
? 9 772 753 492 190 91 527 646 563 694
? 9 537 664 741 678 18 189 784 218 594
? 9 95 750 390 228 29 451 203 735 448
? 9 697 676 9 388 583 372 632 437 105
? 9 487 528 307 323 459 554 199 705 306
? 9 218 537 445 741 170 678 684 747 622
? 9 203 95 750 390 228 29 451 735 448
? 9 198 658 264 547 255 545 724 82 491
? 9 540 590 624 39 450 620 249 502 165
? 9 677 487 323 459 34 386 674 306 110
? 9 482 246 642 605 680 157 506 435 219
? 9 45 610 186 19 78 31 274 355 554
? 9 342 151 377 14 232 723 177 486 279
? 9 536 132 296 190 504 707 467 254 183
? 9 449 411 658 264 547 465 560 724 82
? 9 776 336 606 779 725 301 141 538 37
? 9 655 241 647 688 153 49 790 215 293
? 9 220 488 548 141 333 507 518 282 37
? 9 504 132 190 441 640 178 536 183 755
? 9 530 242 211 6 3 312 130 559 686
? 9 320 347 544 641 286 373 10 496 648
? 9 382 516 444 636 761 171 338 608 711
? 9 252 629 581 262 616 163 117 164 396
? 9 485 326 104 68 317 493 41 616 434
? 9 656 162 773 633 701 289 313 143 175
? 9 51 603 341 169 674 703 598 784 483
? 9 614 221 765 592 260 240 659 26 479
? 9 572 405 596 462 166 62 67 708 571
? 9 396 629 581 262 252 616 163 117 164
? 9 165 114 590 359 39 673 502 404 261
? 9 726 532 307 232 569 274 199 665 657
? 9 445 537 384 344 678 747 784 218 594
? 9 638 412 347 97 667 160 258 650 496
? 9 175 162 440 773 633 701 289 313 656
? 9 245 231 644 762 659 643 479 475 214
? 9 575 229 360 718 723 636 171 338 382
? 9 553 211 300 495 116 316 595 352 188
? 9 707 727 7 126 467 267 781 536 254
? 9 670 666 226 600 2 172 623 470 314
? 9 705 528 487 366 323 360 459 306 657
? 9 23 626 74 50 541 574 371 423 406
? 9 343 12 385 779 725 281 99 538 509
? 9 358 74 787 371 790 526 315 406 136
? 9 224 796 621 222 765 663 592 476 745
? 9 238 792 529 173 759 247 766 555 193
? 9 22 682 458 284 715 318 425 523 738
? 9 329 200 101 207 196 121 601 454 33
? 9 370 568 728 334 379 69 253 420 542
? 9 69 568 728 334 379 370 253 420 418
? 9 720 297 577 397 311 789 429 197 648
? 9 606 336 779 725 64 141 776 343 538
? 9 322 302 182 497 473 303 799 145 368
? 9 338 516 444 268 761 171 608 382 711
? 9 625 489 142 201 55 335 551 209 394
? 9 25 568 332 763 353 69 87 13 324
? 9 501 248 541 83 54 522 432 771 552
? 9 291 416 265 696 424 365 373 468 716
? 9 418 568 304 728 334 69 179 107 145
? 9 629 581 262 252 616 163 117 164 396
? 9 215 241 787 688 790 655 315 136 391
? 9 315 74 787 358 790 526 215 406 136
? 9 284 458 318 26 425 751 523 738 22
? 9 40 460 685 133 453 744 438 263 283
? 9 19 413 500 681 757 305 627 665 76
? 9 31 384 610 186 312 78 355 554 45
? 9 558 669 12 605 756 157 99 509 174
? 9 747 170 684 137 622 125 591 0 218
? 9 766 792 304 585 173 179 247 193 238
? 9 483 344 603 341 169 674 51 784 594
? 9 527 753 492 190 91 646 772 563 694
? 9 103 579 795 20 550 587 364 58 609
? 9 29 95 750 390 228 203 146 735 448
? 9 426 241 567 508 57 153 588 325 136
? 9 666 226 600 138 670 2 256 314 354
? 9 562 618 580 332 731 353 317 122 98
? 9 619 380 709 652 534 586 208 160 237
? 9 253 4 763 43 379 370 47 542 205
? 9 608 516 361 723 171 338 94 382 711
? 9 395 42 392 639 121 601 454 791 33
? 9 443 693 362 269 212 433 751 421 278
? 9 209 246 201 55 257 625 506 484 394
? 9 129 642 81 319 85 468 281 60 435
? 9 132 190 504 640 178 536 694 183 755
? 9 179 304 585 251 173 107 247 766 193
? 9 311 134 577 720 788 505 789 197 589
? 9 133 460 685 453 21 744 40 263 283
? 9 751 458 269 212 318 443 421 523 278
? 9 177 151 377 14 342 204 713 486 279
? 9 570 331 569 56 305 204 48 599 340
? 9 365 291 416 265 140 424 687 716 192
? 9 260 221 765 471 240 26 479 476 128
? 9 39 114 590 359 540 450 502 261 165
? 9 282 488 191 81 385 758 220 141 333
? 9 438 618 477 133 453 653 374 266 40
? 9 741 537 698 170 684 622 310 189 218
? 9 276 409 27 88 356 61 273 239 127
? 9 371 74 508 574 66 23 358 526 406
? 9 787 74 358 790 526 215 315 406 136
? 9 383 350 680 668 201 257 506 72 219
? 9 272 672 100 521 111 620 187 185 604
? 9 24 411 123 30 724 372 632 381 105
? 9 425 339 682 284 715 71 498 738 22
? 9 6 242 389 3 312 130 559 530 135
? 9 694 190 494 91 527 154 640 772 230
? 9 334 568 728 379 69 370 420 418 147
? 9 542 4 8 43 379 47 253 108 205
? 9 267 296 649 5 301 707 467 781 254
? 9 548 488 220 141 333 507 518 733 37
? 9 532 151 307 232 199 486 726 665 657
? 9 18 537 461 103 664 795 678 58 784
? 9 41 485 326 68 729 317 493 427 434
? 9 265 291 416 414 140 424 365 716 192
? 9 324 477 4 332 763 353 253 374 25
? 9 227 553 495 53 116 298 46 290 188
? 9 448 95 390 181 29 451 203 735 309
? 9 77 431 243 510 759 769 441 555 755
? 9 560 465 280 679 740 82 70 675 449
? 9 743 376 414 730 140 75 234 98 733
? 9 106 796 224 621 222 515 663 476 745
? 9 185 672 100 742 521 111 187 604 272
? 9 192 291 416 265 414 140 424 365 716
? 9 692 637 57 456 455 635 146 236 714
? 9 241 688 153 426 49 790 655 215 136
? 9 14 151 377 63 342 713 177 754 279
? 9 257 350 680 668 201 506 383 209 219
? 9 631 242 211 553 300 316 595 352 530
? 9 676 9 388 583 166 661 437 697 571
? 9 166 676 388 583 572 661 697 67 571
? 9 140 265 414 730 75 424 365 192 743
? 9 647 612 153 360 49 44 655 146 293
? 9 663 796 224 621 222 592 106 476 745
? 9 361 516 14 268 338 608 94 279 711
? 9 116 553 300 53 298 46 290 393 188
? 9 761 516 474 444 576 268 338 582 662
? 9 341 603 169 674 703 598 51 483 167
? 9 580 562 730 332 731 651 234 98 13
? 9 523 458 284 212 318 751 738 278 22
? 9 28 159 472 115 700 419 436 270 660
? 9 131 472 774 24 30 432 372 491 381
? 9 336 606 191 385 779 725 141 776 538
? 9 10 412 347 544 641 292 286 320 496
? 9 125 671 137 747 86 591 615 0 557
? 9 414 265 140 75 424 365 192 733 743
? 9 310 698 741 11 678 684 20 96 189
? 9 204 377 331 569 570 713 177 48 340
? 9 301 296 646 707 467 267 536 254 563
? 9 769 431 243 510 759 441 77 695 490
? 9 466 409 92 710 576 61 546 582 662
? 9 488 548 191 81 758 220 333 507 282
? 9 37 336 548 220 141 333 776 518 282
? 9 114 359 39 673 155 184 502 261 165
? 9 639 65 42 446 748 749 584 613 202
? 9 770 4 47 374 512 689 235 401 205
? 9 9 405 62 372 632 697 708 381 105
? 9 112 102 793 181 463 367 511 564 451
? 9 328 581 195 345 565 16 250 271 561
? 9 760 769 702 441 378 178 408 755 490
? 9 696 291 416 641 566 373 468 320 716
? 9 46 227 53 116 298 244 290 393 188
? 9 755 431 132 504 769 441 77 178 490
? 9 134 457 163 164 417 311 505 197 589
? 9 745 796 224 621 222 663 106 476 128
? 9 753 492 746 494 91 84 527 402 772
? 9 319 642 680 544 292 60 435 10 219
? 9 555 792 243 529 510 759 766 193 238
? 9 2 666 226 600 670 387 785 256 314
? 9 564 102 793 463 447 752 367 511 451
? 9 611 618 453 122 653 149 266 438 283
? 9 669 118 558 756 535 469 174 236 714
? 9 400 115 539 436 239 206 422 519 275
? 9 67 596 166 702 760 399 378 572 178
? 9 12 605 558 756 281 99 343 509 174
? 9 47 4 8 43 253 108 542 512 205
? 9 97 412 668 139 667 638 210 160 72
? 9 176 162 337 440 89 216 691 1 143
? 9 450 624 767 39 540 620 249 150 602
? 9 793 102 463 447 112 357 367 511 564
? 9 775 464 634 299 739 683 148 645 156
? 9 752 102 463 447 357 367 511 564 598
? 9 219 350 680 668 257 319 435 383 72
? 9 184 80 114 359 673 513 155 261 165
? 9 765 614 221 224 260 240 26 479 476
? 9 355 384 610 186 312 130 31 45 135
? 9 744 460 685 363 133 149 40 263 283
? 9 243 431 529 510 759 769 77 555 695
? 9 222 796 224 621 515 663 106 745 113
? 9 574 626 168 541 83 23 522 578 423
? 9 643 339 644 207 762 71 245 786 475
? 9 376 497 473 234 87 368 13 733 743
? 9 155 80 114 359 439 513 161 184 261
? 9 601 42 329 395 101 121 454 202 33
? 9 249 590 624 39 540 450 533 620 602
? 9 468 291 416 696 424 365 373 85 716
? 9 237 709 534 586 208 160 258 520 619
? 9 228 95 750 366 390 34 386 29 203
? 9 510 431 243 529 759 769 77 555 695
? 9 42 395 748 392 639 121 584 791 613
? 9 657 532 307 232 487 199 486 726 665
? 9 152 797 681 56 757 305 514 124 599
? 9 661 233 679 388 583 630 517 437 70
? 9 713 377 14 331 204 177 754 340 279
? 9 171 516 444 636 761 338 608 382 711
? 9 212 693 362 269 471 751 443 421 278
? 9 316 553 300 631 116 595 352 393 188
? 9 550 579 103 795 20 96 587 364 609
? 9 307 532 232 487 274 199 726 665 657
? 9 163 629 457 581 252 134 616 164 396
? 9 56 797 681 757 305 514 152 48 599
? 9 279 151 377 14 63 342 713 177 754
? 9 420 778 568 728 334 379 69 370 147
? 9 78 610 186 31 274 554 199 45 110
? 9 471 172 260 212 794 470 443 421 128
? 9 649 302 182 5 799 126 267 518 781
? 9 76 19 413 500 681 757 305 627 686
? 9 49 241 647 688 153 44 655 215 293
? 9 552 634 501 541 83 54 432 683 771
? 9 283 133 158 653 149 744 266 263 223
? 9 110 487 78 323 459 274 554 674 677
? 9 99 12 558 725 756 281 64 343 509
? 9 506 246 680 201 257 157 209 484 394
? 9 313 162 440 773 633 701 289 656 175
? 9 352 211 553 300 631 410 316 595 188
? 9 53 38 116 298 244 46 290 393 188
? 9 364 579 103 795 20 96 550 587 609
? 9 490 431 769 441 760 378 178 408 755
? 9 83 634 501 541 574 522 771 552 423
? 9 781 727 649 5 7 799 707 126 267
? 9 507 488 548 473 220 333 518 368 733
? 9 92 409 710 576 61 546 582 466 662
? 9 779 336 606 385 725 141 776 343 538
? 9 526 74 508 787 371 66 358 315 406
? 9 693 362 269 212 433 443 421 354 607
? 9 465 411 658 264 547 740 560 724 449
? 9 302 182 649 5 303 799 126 322 368
? 9 541 626 168 501 574 83 522 771 423
? 9 664 537 461 103 678 18 189 58 784
? 9 393 300 53 116 316 46 290 346 188
? 9 780 782 299 628 62 690 699 573 708
? 9 525 195 736 16 250 722 348 271 119
? 9 671 452 741 170 684 137 747 622 591
? 9 415 248 27 120 88 356 79 419 270
? 9 109 308 89 216 32 652 295 210 551
? 9 704 162 773 709 652 701 289 656 143
? 9 695 431 792 243 529 510 759 769 77
? 9 75 265 414 730 262 140 651 117 743
? 9 318 458 269 284 212 751 443 523 278
? 9 211 242 6 553 3 631 595 352 530
? 9 585 304 251 173 7 179 107 766 764
? 9 474 734 516 576 268 761 582 466 662
? 9 107 304 585 251 173 179 766 418 764
? 9 87 376 568 497 473 234 368 13 25
? 9 298 227 38 53 116 244 46 290 393
? 9 464 634 494 299 683 148 645 156 775
? 9 304 585 251 173 179 107 766 418 764
? 9 453 133 653 744 266 438 40 263 283
? 9 254 296 190 301 707 467 267 536 183
? 9 362 693 269 212 433 443 421 354 607
? 9 149 158 653 744 266 263 283 180 223
? 9 521 672 100 742 111 187 185 604 272
? 9 1 162 337 440 313 742 176 187 604
? 9 61 409 92 27 710 276 546 466 127
? 9 749 65 446 639 722 348 584 613 202
? 9 517 233 679 388 583 630 661 70 675
? 9 255 198 658 264 547 545 539 82 519
? 9 724 411 123 24 465 740 30 632 105
? 9 354 693 666 600 362 481 269 737 607
? 9 635 637 692 57 153 426 455 44 146
? 9 632 411 123 24 30 724 372 381 105
? 9 251 727 304 585 7 799 107 126 764
? 9 516 444 268 761 171 338 608 382 711
? 9 380 458 709 269 433 318 619 15 237
? 9 796 224 621 222 663 106 476 745 128
? 9 784 537 461 445 678 18 603 483 594
? 9 242 211 6 3 312 130 559 530 686
? 9 797 681 56 757 305 514 124 152 599
? 9 57 241 567 637 692 153 426 635 325
? 9 377 14 331 569 570 204 713 177 340
? 9 534 586 715 196 208 258 520 498 237
? 9 143 162 440 773 701 289 656 704 176
? 9 716 291 416 265 696 566 424 365 687
? 9 544 347 641 292 319 286 320 10 496
? 9 43 4 8 47 253 108 542 512 205
? 9 662 734 474 92 710 576 546 582 466
? 9 182 302 649 5 251 303 799 126 322
? 9 702 596 760 399 378 178 408 67 490
? 9 762 231 644 207 643 245 786 214 33
? 9 674 603 341 169 386 51 110 483 677
? 9 172 670 717 471 794 476 623 470 128
? 9 496 412 347 544 641 286 320 10 650
? 9 48 331 569 712 570 56 305 204 599
? 9 413 19 569 500 681 757 305 665 76
? 9 473 302 376 497 87 507 322 368 733
? 9 333 488 548 81 758 220 141 507 282
? 9 423 626 168 541 574 83 23 522 578
? 9 579 103 795 20 96 550 587 364 609
? 9 499 567 57 426 588 456 64 325 654
? 9 618 562 731 317 453 122 653 611 438
? 9 685 460 363 133 144 21 744 40 263
? 9 484 246 118 55 327 531 535 556 157
? 9 247 792 529 173 179 766 555 193 238
? 9 347 412 544 641 320 10 72 650 496
? 9 592 614 597 224 222 765 663 330 430
? 9 281 12 191 81 385 758 99 343 509
? 9 137 671 170 747 86 622 125 591 615
? 9 686 242 3 312 500 627 559 530 76
? 9 475 339 682 240 643 26 479 425 245
? 9 539 115 255 442 225 206 400 422 519
? 9 280 398 213 617 288 560 259 675 449
? 9 344 384 610 445 86 0 557 483 594
? 9 373 416 696 641 566 286 468 320 648
? 9 17 668 139 295 201 625 210 551 394
? 9 734 474 92 576 546 761 582 466 662
? 9 733 376 548 497 473 220 507 368 743
? 9 309 294 118 181 327 531 535 469 448
? 9 502 114 590 359 39 673 404 261 165
? 9 698 741 11 678 684 20 622 310 189
? 9 68 485 581 616 565 328 561 287 434
? 9 35 621 349 717 480 106 623 470 745
? 9 261 114 359 39 673 155 184 502 165
? 9 736 195 345 16 250 525 722 271 119
? 9 594 537 461 445 678 603 784 483 218
? 9 299 780 782 628 690 699 573 148 645
? 9 389 227 6 495 130 93 86 557 135
? 9 519 115 255 539 442 225 206 400 422
? 9 653 618 453 122 611 149 266 438 283
? 9 587 579 103 795 550 52 364 58 609
? 9 21 460 685 363 133 144 285 744 263
? 9 416 291 265 696 424 365 468 687 716
? 9 71 339 682 207 196 643 425 786 498
? 9 104 485 730 262 317 651 616 396 434
? 9 659 614 597 765 231 592 245 430 214
? 9 54 159 472 774 501 432 419 771 552
? 9 330 621 222 515 194 663 592 106 113
? 9 798 503 351 8 43 108 542 512 689
? 9 374 477 4 43 47 770 438 235 205
!
0 3 5 6 9 11 13 14 18 19 20 23 24 27 28 29 30 31 34 37 38 39 45 46 48 50 51 52 53 54 56 58 59 61 62 63 66 67 69 70 73 74 76 77 78 79 80 81 82 83 84 86 87 88 90 91 92 93 94 95 96 99 100 102 103 105 110 111 112 114 115 116 120 123 124 125 127 130 131 132 135 137 141 142 145 148 150 151 152 154 155 156 159 161 165 166 167 168 169 170 171 175 177 178 181 182 183 184 185 186 187 188 189 190 191 192 198 199 203 204 206 211 213 215 218 220 225 227 228 229 230 232 233 234 238 239 241 242 243 244 248 249 254 255 259 261 264 265 267 268 270 272 273 274 275 276 279 280 281 288 290 296 298 299 300 301 303 305 306 307 310 312 315 316 321 323 324 325 331 332 333 336 337 338 340 341 342 343 344 346 352 353 355 356 357 358 359 361 362 364 367 368 371 372 375 376 377 378 381 382 384 385 386 388 389 390 393 398 399 400 402 404 405 406 408 409 410 411 413 414 415 418 419 420 422 423 426 428 431 432 436 437 439 441 442 444 445 447 448 449 450 451 452 459 461 462 463 464 465 466 467 472 473 474 481 483 486 487 490 491 492 494 495 497 499 500 501 502 504 507 508 510 511 513 514 516 517 518 519 521 522 524 526 527 528 530 532 533 536 537 538 539 540 541 545 546 547 548 549 550 552 553 554 557 559 560 563 564 567 569 570 571 572 573 574 576 578 579 580 582 583 587 591 593 594 595 596 598 599 602 603 604 606 608 609 610 615 617 620 622 624 626 627 628 630 631 632 634 636 640 645 646 649 654 655 657 658 660 661 662 664 665 671 672 673 674 675 676 677 678 679 681 683 684 686 690 691 694 695 697 698 699 700 702 703 705 706 707 708 710 711 712 713 718 719 721 723 724 725 726 732 733 734 737 739 740 741 742 746 747 752 753 754 755 757 758 760 761 763 767 768 769 771 772 774 775 776 779 780 781 782 784 793 795 797
0 125
125 384
384 344
344 677
677 610
610 459
0 6
6 591
6 389
389 93
93 355
355 135
93 242
242 495
495 211
211 227
227 188
188 300
227 290
290 631
290 46
46 53
53 553
53 244
46 116
244 90
116 38
38 346
346 706
135 130
130 3
3 312
312 681
681 627
312 559
627 665
665 500
665 204
500 413
413 569
569 307
307 232
559 352
352 530
352 76
76 316
316 686
686 595
232 570
570 177
559 305
305 124
124 514
514 712
712 797
124 757
757 340
340 331
331 56
56 599
599 152
152 48
152 279
279 14
14 754
754 713
713 377
232 486
486 532
486 723
723 342
591 86
86 671
671 557
557 622
622 684
684 452
452 170
170 747
747 137
137 615
615 298
671 218
452 741
741 549
741 721
721 96
569 151
300 393
96 11
11 795
795 579
579 310
795 698
698 189
698 20
579 609
609 272
272 364
609 187
364 450
450 550
550 39
39 428
428 150
150 533
533 767
767 249
189 18
18 103
103 784
103 678
678 587
587 598
598 461
678 445
784 594
587 58
58 664
664 52
52 59
461 167
167 703
533 540
540 673
673 602
602 624
602 114
624 513
540 521
114 165
165 184
184 502
502 359
359 261
261 80
80 439
439 161
502 155
155 737
737 481
737 362
521 620
59 672
672 337
337 100
672 742
742 604
604 404
742 111
742 175
187 185
130 19
723 487
610 199
199 274
274 78
78 51
51 705
705 110
110 45
45 323
323 29
29 306
306 528
528 726
323 34
34 386
386 203
203 463
726 657
386 228
78 603
203 511
511 483
483 102
102 447
447 357
357 752
752 793
793 719
719 691
793 112
112 564
564 95
95 448
448 181
181 451
451 390
181 367
112 142
528 186
342 171
171 338
171 516
338 444
444 382
444 474
516 761
761 711
711 268
474 582
582 361
361 92
92 576
576 273
273 466
382 636
636 608
608 732
732 229
229 718
732 27
27 375
375 66
66 215
215 358
358 567
567 74
74 50
50 423
50 371
371 315
371 23
358 241
66 526
526 168
526 578
578 768
768 83
83 248
248 419
83 54
248 626
626 774
626 501
501 660
660 159
159 276
276 270
270 239
239 28
28 400
400 88
28 546
546 409
23 508
546 415
415 524
524 127
127 356
356 120
120 79
768 406
406 771
771 775
775 634
634 464
464 574
464 541
541 683
574 552
634 522
683 645
645 780
780 148
780 156
156 690
148 699
699 782
782 697
782 628
628 573
573 405
405 708
405 676
708 62
697 299
299 432
299 381
381 131
62 9
432 123
123 30
30 632
632 105
105 372
372 437
437 560
437 491
491 465
465 24
24 545
545 255
255 115
115 539
115 436
539 225
225 658
225 422
658 442
442 275
560 700
88 734
734 710
710 662
710 61
23 325
325 655
325 753
753 84
84 492
84 402
402 746
746 739
739 91
739 772
772 494
494 230
230 694
694 154
54 472
372 411
411 70
70 264
264 583
583 388
583 740
740 661
661 679
679 517
517 630
630 233
233 259
259 675
259 280
675 617
617 213
213 724
213 82
70 198
675 449
524 73
449 398
398 288
388 571
676 462
82 547
268 94
94 63
63 321
154 441
91 640
640 646
646 707
646 190
707 301
190 527
527 755
755 467
527 296
296 254
254 220
220 781
254 606
781 776
776 649
649 518
518 507
507 473
473 548
548 182
182 37
182 368
368 418
418 69
69 376
518 81
81 733
733 414
81 336
336 758
758 385
758 141
776 267
467 5
418 87
87 497
87 13
13 234
234 324
324 353
353 580
580 332
467 77
77 183
183 536
536 132
536 238
238 504
504 431
431 769
769 510
769 760
510 490
490 243
243 695
695 408
408 67
67 166
166 399
399 596
596 378
760 178
178 572
572 702
141 538
538 343
343 281
343 725
725 99
99 779
336 191
191 333
414 192
606 563
376 145
145 420
779 426
426 499
499 654
418 303
192 265
218 31
31 341
341 554
554 169
169 674
554 537
332 763
547 519
519 593
593 206
393 410
1 2 4 7 8 10 12 15 16 17 21 22 25 26 32 33 35 36 40 41 42 43 44 47 49 55 57 60 64 65 68 71 72 75 85 89 97 98 101 104 106 107 108 109 113 117 118 119 121 122 126 128 129 133 134 136 138 139 140 143 144 146 147 149 153 157 158 160 162 163 164 172 173 174 176 179 180 193 194 195 196 197 200 201 202 205 207 208 209 210 212 214 216 217 219 221 222 223 224 226 231 235 236 237 240 245 246 247 250 251 252 253 256 257 258 260 262 263 266 269 271 277 278 282 283 284 285 286 287 289 291 292 293 294 295 297 302 304 308 309 311 313 314 317 318 319 320 322 326 327 328 329 330 334 335 339 345 347 348 349 350 351 354 360 363 365 366 369 370 373 374 379 380 383 387 391 392 394 395 396 397 401 403 407 412 416 417 421 424 425 427 429 430 433 434 435 438 440 443 446 453 454 455 456 457 458 460 468 469 470 471 475 476 477 478 479 480 482 484 485 488 489 493 496 498 503 505 506 509 512 515 520 523 525 529 531 534 535 542 543 544 551 555 556 558 561 562 565 566 568 575 577 581 584 585 586 588 589 590 592 597 600 601 605 607 611 612 613 614 616 618 619 621 623 625 629 633 635 637 638 639 641 642 643 644 647 648 650 651 652 653 656 659 663 666 667 668 669 670 680 682 685 687 688 689 692 693 696 701 704 709 714 715 716 717 720 722 727 728 729 730 731 735 736 738 743 744 745 748 749 750 751 756 759 762 764 765 766 770 773 777 778 783 785 786 787 788 789 790 791 792 794 796 798 799
1 633
1 162
162 773
773 440
773 701
701 704
704 607
704 590
607 709
709 15
15 433
709 751
162 143
143 313
143 89
89 656
751 380
433 269
269 421
269 318
318 458
458 278
278 523
523 284
284 443
443 172
172 212
212 128
128 614
614 471
471 794
212 470
470 623
623 717
717 666
666 349
349 785
785 35
785 256
256 314
35 407
407 543
314 387
387 226
226 600
600 693
693 670
670 354
600 2
2 138
656 176
794 621
621 745
745 106
106 515
515 222
745 113
113 480
278 475
475 738
475 682
475 479
479 425
425 240
240 260
260 224
224 663
240 221
663 796
113 476
738 715
715 498
498 22
22 339
339 395
395 207
207 643
339 786
786 71
71 196
498 26
26 619
619 520
520 208
208 329
520 237
237 586
196 101
329 258
258 534
26 160
534 320
320 650
650 97
97 638
638 544
544 496
496 286
286 720
496 347
720 648
496 641
97 412
412 350
350 201
201 55
55 489
55 625
625 72
489 219
219 17
17 506
17 394
394 383
383 308
308 482
482 209
209 535
535 327
535 294
327 669
669 118
506 668
668 210
210 667
667 257
489 484
484 246
246 157
157 174
174 605
605 558
558 756
756 642
642 64
64 509
72 319
319 60
605 12
12 435
648 403
403 783
783 397
783 200
397 297
297 429
429 577
577 10
10 416
416 468
416 292
292 566
292 716
716 291
291 373
373 129
129 696
429 789
789 505
789 197
789 788
505 601
601 446
446 202
202 749
749 121
446 417
121 33
202 639
639 791
791 613
791 454
454 584
613 392
392 65
584 748
748 42
394 335
335 551
551 139
139 295
295 32
639 722
722 348
348 736
736 16
16 271
271 195
16 119
271 250
250 345
345 134
134 262
262 328
262 163
163 581
581 396
581 616
163 629
616 164
164 485
195 525
525 561
561 565
565 287
287 68
287 369
68 434
434 493
493 326
326 41
41 36
36 427
118 309
309 531
309 735
485 651
335 216
651 365
365 687
687 457
457 311
427 729
729 40
40 180
180 158
158 149
149 653
653 223
223 685
685 263
263 144
144 217
144 363
291 424
363 283
283 21
21 460
21 133
133 374
374 453
133 401
374 43
43 25
25 253
253 438
253 4
438 205
4 108
108 8
8 235
235 542
108 512
235 503
503 770
770 351
770 689
345 589
531 469
469 714
469 588
588 692
692 637
588 57
637 635
635 146
146 44
44 612
612 455
635 456
456 236
612 360
360 750
750 366
366 293
293 153
153 647
647 478
478 790
790 49
790 787
787 136
478 391
391 688
293 575
476 330
330 194
453 611
611 266
266 618
618 122
122 477
122 317
317 104
104 731
731 562
562 743
743 98
98 730
730 140
140 117
117 75
266 744
696 85
542 47
424 488
488 282
12 680
222 597
597 659
659 231
231 430
430 592
430 214
214 245
245 765
765 762
512 379
379 568
568 370
370 728
568 334
174 556
689 798
798 778
778 147
778 277
277 777
777 766
766 304
304 173
173 792
792 585
792 193
193 247
247 322
322 764
764 251
251 302
302 7
7 727
727 799
7 126
126 179
179 107
585 759
759 529
585 555
440 652
652 109
109 289
616 252
33 644
460 285
