? 8 652 162 150 290 254 571 654 501
? 8 723 139 779 17 673 234 47 515
? 8 407 476 618 472 161 29 471 386
? 8 180 59 621 590 531 182 552 578
? 8 663 637 73 512 557 58 570 426
? 8 334 420 487 636 559 359 34 604
? 8 152 382 538 462 410 240 151 44
? 8 83 564 721 606 449 730 392 224
? 8 401 770 363 16 166 670 225 209
? 8 444 565 614 314 383 8 785 159
? 8 217 745 797 740 16 71 166 127
? 8 448 243 783 130 540 255 686 458
? 8 40 756 257 67 350 265 253 707
? 8 662 789 616 432 625 80 550 110
? 8 268 311 270 617 365 519 301 492
? 8 112 460 171 722 301 585 605 197
? 8 382 21 213 504 152 462 384 151
? 8 594 640 94 716 97 457 682 734
? 8 689 530 560 394 309 269 396 403
? 8 748 530 743 230 261 587 309 396
? 8 262 305 103 617 365 48 766 506
? 8 793 603 57 435 185 62 228 660
? 8 482 100 533 167 683 146 610 125
? 8 238 659 613 626 599 427 750 175
? 8 373 271 443 0 584 321 402 12
? 8 349 213 504 156 258 339 273 500
? 8 63 275 548 163 28 221 768 521
? 8 529 488 165 725 525 231 520 385
? 8 566 288 167 683 322 482 125 536
? 8 193 139 508 17 233 47 515 433
? 8 34 420 400 487 559 359 334 568
? 8 56 435 252 185 62 228 680 7
? 8 93 286 326 55 372 442 735 299
? 8 157 274 737 490 791 2 713 49
? 8 80 787 616 432 625 777 550 662
? 8 461 250 37 187 778 596 713 49
? 8 233 508 755 47 515 226 746 438
? 8 761 206 511 99 635 323 69 346
? 8 438 508 233 755 193 226 318 433
? 8 466 637 668 512 557 20 219 473
? 8 5 324 362 352 355 487 169 604
? 8 512 637 557 663 466 20 219 426
? 8 289 18 111 677 622 715 593 117
? 8 713 250 717 791 157 187 461 49
? 8 126 429 693 360 113 671 750 110
? 8 517 567 784 212 260 731 367 72
? 8 672 639 463 496 393 465 160 642
? 8 460 696 170 415 301 605 768 674
? 8 253 497 756 67 350 265 707 40
? 8 24 46 496 754 738 312 328 431
? 8 352 84 324 316 362 518 355 5
? 8 25 61 313 685 736 436 612 267
? 8 785 314 539 383 174 8 159 675
? 8 103 305 4 617 577 262 766 506
? 8 433 508 233 193 515 583 438 87
? 8 456 483 544 681 665 491 650 595
? 8 241 4 700 548 415 781 766 674
? 8 640 716 575 97 457 594 698 734
? 8 389 21 640 494 97 457 594 698
? 8 788 315 526 434 645 259 95 428
? 8 653 477 148 199 227 184 116 591
? 8 674 696 700 548 415 519 221 241
? 8 415 696 548 460 519 301 241 674
? 8 172 769 196 251 354 446 374 570
? 8 568 769 354 400 359 678 34 336
? 8 685 639 381 68 738 465 160 642
? 8 356 247 144 383 174 318 387 114
? 8 402 741 584 300 523 176 373 624
? 8 435 252 62 228 56 793 680 7
? 8 206 761 435 310 99 69 346 107
? 8 607 205 365 702 282 665 48 361
? 8 321 271 483 179 102 650 595 373
? 8 65 505 424 307 32 732 643 524
? 8 623 181 479 320 284 404 296 115
? 8 50 302 757 335 66 177 237 684
? 8 214 544 378 171 79 198 491 30
? 8 296 181 101 319 38 479 623 115
? 8 370 601 542 526 634 788 546 77
? 8 639 672 46 496 738 431 160 642
? 8 493 771 342 599 238 687 600 364
? 8 154 783 712 540 317 458 412 706
? 8 610 43 100 451 173 633 272 411
? 8 127 770 745 740 363 71 166 304
? 8 209 770 363 401 166 670 225 489
? 8 755 257 226 746 265 318 707 40
? 8 770 363 401 166 670 304 489 209
? 8 452 727 263 464 337 397 153 514
? 8 271 483 102 741 584 321 373 576
? 8 20 637 668 512 557 466 219 473
? 8 647 52 522 727 155 405 649 397
? 8 715 257 677 289 746 593 117 208
? 8 394 530 560 757 689 309 269 396
? 8 189 203 327 631 23 414 751 338
? 8 337 542 368 263 397 153 452 514
? 8 487 420 324 362 5 34 334 604
? 8 497 756 664 67 350 253 707 40
? 8 246 655 579 11 422 92 646 760
? 8 343 774 533 455 146 784 229 528
? 8 148 477 184 116 720 210 591 653
? 8 396 530 689 748 261 587 309 403
? 8 686 243 130 142 540 76 454 458
? 8 618 476 407 14 292 366 386 710
? 8 712 783 154 81 187 255 317 412
? 8 671 429 693 360 113 428 126 110
? 8 203 701 327 631 23 292 29 338
? 8 336 341 400 559 359 678 34 568
? 8 740 770 745 558 71 166 127 304
? 8 11 579 246 390 419 422 92 646
? 8 554 619 368 690 153 417 632 423
? 8 766 305 103 4 781 577 262 506
? 8 14 618 407 366 537 628 386 710
? 8 584 443 0 176 402 373 12 624
? 8 469 276 64 419 478 104 586 189
? 8 564 379 709 606 780 83 392 224
? 8 67 756 41 138 350 253 707 40
? 8 52 467 522 727 155 418 647 624
? 8 432 789 787 616 215 625 80 662
? 8 144 497 247 253 356 318 387 114
? 8 304 770 740 363 166 127 489 209
? 8 699 641 405 244 192 399 306 190
? 8 459 85 376 561 54 597 328 608
? 8 361 607 270 365 702 282 48 30
? 8 787 627 789 616 432 215 625 80
? 8 255 243 783 81 129 448 540 458
? 8 537 455 683 14 366 498 628 710
? 8 218 247 314 236 541 348 438 87
? 8 223 629 613 380 391 121 427 609
? 8 216 109 340 470 527 372 445 691
? 8 338 203 701 86 327 631 23 751
? 8 546 601 542 526 421 634 370 77
? 8 698 21 357 640 759 494 389 44
? 8 406 46 561 496 24 312 328 608
? 8 545 658 416 716 457 258 682 201
? 8 192 641 234 244 699 399 306 190
? 8 565 614 141 563 335 50 177 444
? 8 354 769 251 172 400 678 34 568
? 8 727 52 90 319 263 647 397 452
? 8 454 733 142 229 76 686 528 562
? 8 416 85 658 258 682 500 545 201
? 8 734 556 245 640 716 575 128 594
? 8 292 203 476 618 701 720 631 29
? 8 559 420 598 711 178 359 34 336
? 8 600 629 742 669 771 342 599 493
? 8 155 52 443 467 522 418 12 624
? 8 681 544 456 702 665 149 491 650
? 8 501 615 162 254 571 105 654 652
? 8 539 383 174 667 8 140 785 675
? 8 120 264 758 179 158 513 149 98
? 8 694 280 37 714 666 778 207 325
? 8 188 603 57 45 185 660 793 31
? 8 405 649 244 699 397 306 190 514
? 8 351 236 141 170 395 333 585 768
? 8 666 280 106 714 694 507 207 325
? 8 111 526 775 677 622 546 289 763
? 8 614 563 131 358 444 159 237 468
? 8 387 247 314 144 383 356 318 114
? 8 464 90 619 368 263 690 6 153
? 8 528 733 142 277 229 76 454 562
? 8 601 542 526 634 370 788 546 77
? 8 211 43 281 439 633 765 195 731
? 8 98 758 799 158 120 786 96 513
? 8 295 297 795 41 644 762 138 543
? 8 629 613 391 771 9 293 121 75
? 8 570 196 251 172 663 58 697 446
? 8 489 770 363 166 670 127 304 209
? 8 576 271 679 741 300 104 321 402
? 8 312 46 496 24 754 328 431 406
? 8 606 379 564 780 730 83 392 224
? 8 664 497 756 41 762 67 350 253
? 8 279 476 345 701 472 331 29 471
? 8 500 416 349 258 339 273 545 201
? 8 494 21 357 462 759 389 698 44
? 8 675 539 383 174 667 8 785 159
? 8 380 274 737 391 223 121 554 632
? 8 491 0 78 378 456 681 418 595
? 8 4 305 103 781 577 766 241 506
? 8 204 398 425 307 118 123 695 266
? 8 291 655 477 199 227 591 653 718
? 8 248 329 556 245 375 303 575 107
? 8 714 37 694 22 726 15 773 325
? 8 190 405 244 699 397 399 306 514
? 8 775 111 622 788 671 428 126 110
? 8 141 565 236 170 395 50 351 768
? 8 543 297 756 795 41 762 295 138
? 8 495 530 705 286 560 676 689 403
? 8 425 398 118 204 123 695 266 630
? 8 282 607 205 365 702 665 48 361
? 8 417 315 434 259 95 36 554 423
? 8 28 275 302 163 66 63 521 684
? 8 102 271 483 179 681 149 650 321
? 8 17 723 139 234 47 193 515 722
? 8 357 744 794 462 759 494 698 44
? 8 256 516 798 408 33 777 551 588
? 8 457 21 640 716 97 389 594 682
? 8 634 601 542 526 421 370 546 77
? 8 257 755 746 265 593 208 707 40
? 8 741 276 300 523 176 104 402 576
? 8 21 382 494 97 389 457 594 698
? 8 485 424 627 797 790 787 215 524
? 8 645 315 434 259 95 788 428 36
? 8 409 84 377 70 316 573 191 753
? 8 0 443 483 522 418 595 373 12
? 8 383 247 314 539 174 8 785 675
? 8 768 696 460 170 333 351 585 674
? 8 285 480 363 91 670 225 209 502
? 8 608 163 459 561 312 328 406 521
? 8 619 490 368 690 464 153 554 632
? 8 78 522 0 378 649 491 418 12
? 8 108 329 303 310 759 449 224 26
? 8 76 733 130 142 540 454 686 562
? 8 350 497 756 664 762 67 253 40
? 8 578 59 590 137 636 180 74 552
? 8 403 530 560 689 261 587 309 396
? 8 745 217 740 558 16 71 127 304
? 8 137 196 499 58 697 636 446 74
? 8 252 435 447 62 228 56 680 7
? 8 658 416 716 457 258 682 545 201
? 8 683 566 533 455 167 482 125 537
? 8 386 476 618 407 14 366 628 710
? 8 184 477 148 116 210 388 591 653
? 8 251 769 196 172 354 58 446 570
? 8 235 437 752 345 448 86 279 331
? 8 548 696 700 415 597 221 241 674
? 8 439 281 211 765 186 195 731 147
? 8 101 776 119 38 602 479 413 296
? 8 226 257 508 233 755 265 438 318
? 8 329 245 108 303 310 248 26 107
? 8 556 245 375 303 575 128 248 734
? 8 413 776 555 119 101 38 602 503
? 8 399 542 244 192 699 397 190 514
? 8 397 727 405 337 399 452 190 514
? 8 122 614 563 724 131 177 237 468
? 8 298 486 227 183 661 589 232 51
? 8 580 463 55 381 68 450 685 465
? 8 475 615 390 162 531 105 654 501
? 8 59 84 89 590 352 180 552 578
? 8 667 539 383 174 8 785 308 675
? 8 200 134 202 688 220 726 453 719
? 8 319 52 181 90 727 38 296 115
? 8 562 733 142 277 229 76 454 528
? 8 450 463 55 381 68 294 580 465
? 8 116 148 369 184 210 388 611 653
? 8 492 311 270 415 519 301 605 268
? 8 791 274 737 490 157 2 713 49
? 8 280 106 694 666 367 507 207 325
? 8 648 679 64 150 290 654 513 652
? 8 643 505 65 307 33 732 524 588
? 8 722 641 723 139 17 112 193 197
? 8 179 264 483 102 120 149 650 321
? 8 41 756 795 762 295 138 67 543
? 8 772 437 752 549 345 86 284 404
? 8 693 315 429 113 259 671 428 126
? 8 515 723 139 779 17 233 47 193
? 8 272 43 451 610 173 633 703 411
? 8 369 288 278 210 638 388 611 430
? 8 375 329 556 447 252 248 7 107
? 8 540 243 130 142 317 76 686 458
? 8 709 379 564 794 606 780 83 392
? 8 316 84 377 89 518 355 753 409
? 8 519 311 415 301 605 492 674 268
? 8 240 509 152 538 692 462 410 151
? 8 191 70 165 725 35 10 231 520
? 8 307 505 65 204 32 732 643 524
? 8 510 776 119 728 602 2 503 553
? 8 771 629 742 669 293 599 600 493
? 8 320 181 549 479 284 623 404 296
? 8 128 799 556 158 575 96 53 734
? 8 106 280 567 694 666 367 507 207
? 8 12 443 522 0 155 418 595 373
? 8 73 499 557 663 58 697 532 426
? 8 597 700 548 54 547 221 241 88
? 8 799 103 158 786 128 96 98 53
? 8 234 641 723 139 17 244 192 306
? 8 113 429 693 360 671 750 126 609
? 8 735 705 286 326 743 442 93 299
? 8 783 243 81 448 540 255 317 458
? 8 757 302 560 394 689 309 269 684
? 8 579 390 162 419 475 11 422 92
? 8 507 280 106 567 212 666 367 207
? 8 326 286 743 39 442 93 735 393
? 8 795 297 41 644 762 295 138 543
? 8 673 779 421 634 546 47 77 117
? 8 287 89 390 165 725 531 475 385
? 8 388 288 369 116 210 638 611 366
? 8 330 440 796 145 371 656 294 344
? 8 205 264 607 702 282 665 48 149
? 8 670 770 363 16 401 166 225 209
? 8 183 486 488 525 661 589 298 232
? 8 680 435 252 185 62 228 56 7
? 8 431 639 496 24 754 738 160 642
? 8 393 672 46 639 463 496 160 642
? 8 668 721 606 466 730 20 323 473
? 8 237 122 563 335 131 50 177 468
? 8 384 213 509 152 382 240 151 249
? 8 270 311 617 365 361 492 30 268
? 8 445 109 340 13 216 527 484 691
? 8 86 752 549 345 23 772 235 338
? 8 796 136 440 371 656 330 535 294
? 8 339 213 504 124 156 349 273 500
? 8 242 549 523 353 23 3 404 751
? 8 455 774 343 533 167 683 537 498
? 8 264 607 205 702 282 665 48 149
? 8 774 733 343 533 455 146 229 528
? 8 474 85 94 716 577 682 506 88
? 8 136 796 371 739 372 535 294 691
? 8 676 530 560 495 394 724 689 403
? 8 19 61 708 24 754 431 436 273
? 8 317 783 154 712 540 686 458 412
? 8 100 533 784 451 610 482 125 411
? 8 117 421 677 289 746 715 593 208
? 8 473 637 668 512 466 20 219 764
? 8 750 659 360 113 427 126 110 609
? 8 249 168 124 384 164 156 143 657
? 8 468 122 614 563 131 358 177 237
? 8 695 398 425 745 558 71 204 266
? 8 763 18 775 111 677 644 622 289
? 8 586 276 64 419 571 478 469 760
? 8 371 136 440 796 656 330 535 294
? 8 239 569 534 592 703 782 272 332
? 8 531 390 621 475 105 180 287 182
? 8 367 106 212 186 731 507 147 792
? 8 149 264 179 205 681 702 665 650
? 8 313 61 60 330 25 736 612 267
? 8 244 641 234 192 699 399 306 190
? 8 659 613 360 113 427 750 126 609
? 8 55 463 68 535 294 450 580 465
? 8 638 288 369 278 210 388 611 430
? 8 378 78 171 79 198 649 491 214
? 8 210 148 369 116 638 388 611 366
? 8 704 637 512 557 663 133 374 570
? 8 390 579 531 475 11 105 287 385
? 8 265 257 755 226 746 253 707 40
? 8 227 291 199 183 589 298 653 51
? 8 420 324 487 559 178 359 34 334
? 8 62 435 252 185 228 56 680 7
? 8 414 203 582 327 631 189 718 760
? 8 48 607 205 617 365 702 282 361
? 8 275 163 28 561 221 63 608 521
? 8 58 196 251 73 663 697 446 570
? 8 182 621 590 531 475 180 31 552
? 8 756 664 41 762 138 67 350 253
? 8 703 569 239 173 135 272 332 411
? 8 374 196 251 651 172 704 133 570
? 8 656 440 796 145 371 330 294 344
? 8 165 529 70 725 35 191 231 520
? 8 573 70 35 191 753 10 409 231
? 8 176 741 584 300 523 402 373 624
? 8 362 324 352 355 487 5 334 604
? 8 429 315 693 113 259 671 428 126
? 8 458 243 783 130 540 255 317 686
? 8 344 440 796 145 371 656 330 294
? 8 324 420 487 574 5 481 169 178
? 8 498 455 277 229 161 537 528 562
? 8 254 162 150 290 571 654 501 652
? 8 603 57 435 185 228 660 793 188
? 8 427 659 613 360 223 121 750 609
? 8 258 658 416 349 682 500 545 201
? 8 624 52 181 443 467 584 155 12
? 8 310 329 206 108 449 635 26 107
? 8 153 619 368 690 464 337 6 554
? 8 567 106 212 517 260 507 72 706
? 8 202 37 134 200 688 220 726 719
? 8 553 776 119 728 101 602 503 510
? 8 423 315 434 95 36 554 417 632
? 8 7 435 447 252 62 228 56 680
? 8 532 499 73 557 663 697 69 426
? 8 199 477 291 227 720 591 653 718
? 8 219 637 668 512 466 20 473 764
? 8 535 340 136 796 55 372 294 691
? 8 563 122 614 335 131 177 237 468
? 8 547 85 376 700 54 597 221 88
? 8 488 486 529 183 525 661 10 520
? 8 391 629 613 771 9 223 293 121
? 8 44 744 152 357 462 410 494 698
? 8 129 717 783 81 448 712 187 255
? 8 593 257 18 677 67 715 117 208
? 8 733 142 229 76 454 528 562 706
? 8 731 281 211 439 765 186 195 147
? 8 502 480 91 140 225 285 308 114
? 8 696 548 460 170 415 301 768 674
? 8 569 239 534 592 135 703 272 332
? 8 437 752 555 345 448 86 772 235
? 8 665 264 607 205 681 702 282 149
? 8 516 798 256 408 687 777 551 364
? 8 514 542 337 699 397 399 452 190
? 8 42 134 200 202 688 75 596 82
? 8 125 566 100 533 167 683 482 536
? 8 187 250 717 154 712 778 412 461
? 8 259 315 429 434 645 693 95 428
? 8 333 236 170 395 583 351 87 585
? 8 637 512 557 663 466 20 219 426
? 8 542 601 526 634 370 546 77 399
? 8 201 658 416 716 258 682 500 545
? 8 208 257 755 746 265 715 593 117
? 8 521 275 163 28 561 63 608 406
? 8 422 579 246 419 11 92 646 760
? 8 22 714 202 220 15 453 719 773
? 8 140 539 480 174 667 308 675 502
? 8 789 787 616 432 215 625 550 662
? 8 109 581 1 470 216 441 527 691
!
18 27 71 80 95 110 111 113 118 123 126 127 138 204 215 259 266 297 315 360 398 417 423 424 425 428 429 432 434 485 526 543 550 558 601 609 616 622 625 627 630 634 644 645 659 662 671 693 695 729 750 763 770 775 787 788 789 790 797
123 630
123 118
118 266
266 398
398 204
204 695
695 485
485 797
797 790
790 787
787 297
297 138
138 543
543 662
662 644
662 18
18 763
18 622
622 671
671 111
111 601
601 526
526 788
788 634
634 259
259 434
434 315
315 95
95 428
428 693
693 110
110 417
110 429
429 659
659 609
609 113
113 360
693 775
775 750
750 126
126 80
80 550
80 625
625 789
789 616
616 215
215 627
627 432
432 424
360 645
645 423
118 425
485 127
127 71
71 770
770 558
558 27
27 729
6 9 14 15 22 29 32 33 36 37 42 43 49 65 72 75 76 81 82 90 100 106 121 125 129 130 134 135 142 146 147 153 154 155 157 161 167 173 175 186 187 195 200 202 207 210 211 212 220 222 223 229 238 239 243 250 255 256 260 263 272 274 277 278 280 281 283 288 293 307 317 322 325 331 332 337 342 343 364 366 367 368 369 380 386 388 391 397 408 411 412 427 430 439 448 451 452 453 454 455 458 461 464 471 472 476 482 490 493 498 505 507 516 517 524 528 533 534 536 537 540 551 554 562 566 567 569 572 588 592 596 599 600 610 611 613 619 620 626 628 629 632 633 638 643 666 669 683 686 687 688 690 694 703 706 710 712 713 714 717 719 726 727 731 732 733 737 742 749 765 767 771 773 774 777 778 782 783 784 791 792 798
6 90
90 727
727 263
263 155
6 368
368 690
690 153
153 490
153 632
632 619
619 380
690 554
554 337
337 464
464 36
36 452
464 397
380 274
274 737
737 596
274 629
629 391
596 9
9 293
293 75
391 223
223 121
121 613
613 427
427 175
175 626
626 599
599 600
600 493
493 771
626 687
687 256
256 408
408 551
551 798
798 516
599 238
238 342
342 620
342 364
342 742
742 669
669 749
749 82
749 767
767 283
596 791
791 49
49 713
713 250
250 157
157 461
461 187
461 778
778 666
516 33
33 588
588 643
643 65
65 732
732 505
505 32
157 448
448 717
717 129
129 255
255 81
81 317
317 154
317 783
154 712
712 540
540 412
540 454
412 706
706 567
783 243
243 686
686 528
528 458
458 76
686 130
666 694
130 142
142 733
733 229
733 774
229 562
562 146
146 784
784 482
482 260
260 72
72 517
146 533
533 455
455 167
167 125
125 343
343 683
774 277
277 498
498 331
331 161
161 471
471 476
476 29
29 472
472 537
537 710
710 14
14 628
628 366
14 386
366 210
210 566
566 388
283 200
200 773
773 453
200 220
220 719
719 42
42 202
42 688
202 726
726 37
726 134
220 15
15 325
325 280
280 22
280 714
714 207
694 106
643 307
307 524
687 777
455 100
100 610
610 451
451 411
411 173
610 633
633 211
211 43
43 195
195 765
765 281
281 147
281 572
572 239
239 592
239 782
782 703
703 272
272 332
332 135
135 569
272 534
147 731
731 186
731 792
186 439
439 212
439 507
507 367
388 288
288 536
536 322
322 222
536 369
369 278
278 611
611 638
638 430
34 58 73 74 133 172 196 251 336 341 347 354 374 400 426 446 473 499 512 532 557 568 570 637 651 663 678 697 704 747 769
34 341
341 568
568 172
172 336
336 651
651 678
678 400
400 354
400 769
341 747
747 347
769 58
58 251
251 196
196 446
446 570
251 374
570 426
426 73
73 557
557 637
637 473
473 512
512 663
512 704
570 697
704 133
697 532
532 74
74 499
193
8 16 17 39 40 41 47 50 66 67 77 87 91 114 117 122 131 139 140 144 159 166 170 174 177 197 208 209 217 218 225 226 230 233 234 236 237 247 253 257 261 265 269 285 289 295 302 304 308 309 314 318 333 335 348 350 351 356 358 363 383 387 394 395 396 401 403 421 433 438 444 468 480 489 497 502 508 515 530 539 541 546 560 563 565 583 585 587 593 614 639 641 664 667 670 673 674 675 677 684 689 696 707 715 722 723 724 740 743 745 746 748 755 756 757 762 768 779 785 795
593 253
253 41
253 257
253 497
497 795
795 762
762 756
756 217
217 295
295 664
41 67
67 707
707 755
755 265
265 318
664 16
16 350
350 209
209 304
304 401
209 670
401 225
318 233
233 226
257 746
226 387
387 444
444 785
785 314
785 247
247 218
314 8
8 174
218 114
114 144
144 356
144 539
539 675
8 383
383 159
16 740
740 166
166 363
363 745
745 489
489 285
356 480
480 140
140 308
480 91
91 502
444 541
541 87
87 333
333 236
333 351
351 170
236 433
433 348
87 438
438 515
515 508
87 583
170 585
170 395
585 696
696 674
674 768
348 565
508 47
47 139
47 234
234 722
139 17
17 208
208 779
208 40
722 197
197 723
197 641
159 358
358 468
468 131
131 563
563 122
122 614
131 237
614 177
177 50
50 335
335 66
66 689
689 684
684 302
302 309
309 269
309 261
261 394
394 587
587 743
743 403
261 530
743 230
230 639
639 39
39 396
530 748
748 560
302 757
779 715
715 77
715 421
421 117
117 677
117 546
546 289
289 673
358 667
757 724
0 1 2 3 4 7 10 11 12 13 19 20 21 23 24 25 26 28 30 31 35 38 44 45 46 48 51 52 53 54 55 56 57 59 60 61 62 63 64 68 69 70 78 79 83 84 85 86 88 89 92 93 94 96 97 98 99 101 102 103 104 105 107 108 109 112 115 116 119 120 124 128 136 141 143 145 148 149 150 151 152 156 158 160 162 163 164 165 168 171 176 179 180 181 182 183 184 185 188 189 190 191 192 194 198 199 201 203 205 206 213 214 216 219 221 224 227 228 231 232 235 240 241 242 244 245 246 248 249 252 254 258 262 264 267 268 270 271 273 275 276 279 282 284 286 287 290 291 292 294 296 298 299 300 301 303 305 306 310 311 312 313 316 319 320 321 323 326 327 328 329 330 338 339 340 344 345 346 349 352 353 355 357 361 365 370 371 372 373 375 376 377 378 379 381 382 384 385 389 390 392 393 399 402 404 405 406 407 409 410 413 414 415 416 418 419 422 431 435 436 437 440 441 442 443 445 447 449 450 456 457 459 460 462 463 465 466 467 469 470 474 475 477 478 479 483 484 486 488 491 492 494 495 496 500 501 503 504 506 509 510 511 513 514 518 519 520 521 522 523 525 527 529 531 535 538 542 544 545 547 548 549 552 553 555 556 561 564 571 573 575 576 577 578 579 580 581 582 584 586 589 590 591 594 595 597 602 603 605 606 607 608 612 615 617 618 621 623 624 631 635 640 642 646 647 648 649 650 652 653 654 655 656 657 658 660 661 665 668 672 676 679 680 681 682 685 691 692 698 699 700 701 702 705 708 709 716 718 720 721 725 728 730 734 735 736 738 739 741 744 751 752 753 754 758 759 760 761 764 766 772 776 780 781 786 793 794 796 799
0 624
624 373
373 176
0 467
624 523
523 741
741 242
242 3
3 353
353 751
751 23
23 701
701 407
407 203
203 279
751 338
338 292
292 327
327 631
741 300
300 402
402 104
402 271
104 64
64 276
276 586
586 478
478 419
419 652
652 246
246 422
422 646
646 92
92 579
419 571
571 290
290 150
290 254
254 654
654 162
162 615
615 475
162 45
45 501
254 105
475 182
422 760
760 189
189 414
414 582
582 718
718 477
477 720
720 618
720 591
591 291
591 653
653 199
653 184
182 531
531 287
287 590
590 59
590 552
552 621
59 352
352 89
531 529
529 180
529 11
180 390
45 603
603 660
660 31
660 185
185 228
228 62
62 57
228 188
467 443
443 522
522 52
52 647
522 418
418 491
491 321
647 681
681 78
681 12
12 595
595 650
650 483
650 149
149 264
264 102
483 584
149 702
702 268
702 665
665 48
48 282
282 607
665 365
365 492
492 214
214 30
30 544
607 617
617 519
519 4
4 361
361 456
361 103
519 270
270 781
781 305
103 605
605 311
311 112
112 171
305 506
506 474
474 577
577 547
577 88
88 545
545 85
88 597
597 376
376 416
416 54
506 766
545 241
665 205
103 548
548 415
548 301
171 378
378 198
198 79
78 699
699 649
699 192
192 405
192 514
514 244
244 370
370 542
405 190
190 306
370 399
617 262
547 700
353 549
549 404
271 679
679 648
648 576
576 120
576 513
513 758
513 179
478 469
279 86
758 56
62 761
761 435
435 107
107 206
107 310
310 248
310 329
206 108
108 556
556 245
245 303
329 721
721 323
323 635
721 449
449 606
606 730
730 564
564 466
107 793
606 224
224 392
224 709
709 668
392 794
794 744
794 698
698 494
494 759
759 83
494 357
357 44
698 462
392 780
780 379
635 346
346 511
511 69
303 575
575 734
734 457
457 94
94 594
594 128
457 716
128 799
799 53
53 98
98 158
44 152
152 410
410 240
240 151
151 384
384 538
538 194
194 692
151 509
509 249
240 382
382 21
21 213
224 26
435 447
668 20
20 764
764 219
447 680
680 786
786 252
252 96
680 7
716 682
682 201
201 349
349 389
389 258
258 504
389 640
640 97
579 655
655 661
504 273
273 436
436 267
267 339
339 156
156 124
156 143
143 657
143 164
164 60
60 168
168 612
612 736
736 313
313 344
344 25
25 330
330 440
440 672
672 656
656 381
656 68
68 465
465 55
381 294
294 450
55 642
642 160
160 738
738 431
431 19
19 61
431 754
642 580
55 685
685 326
326 463
463 496
496 46
685 393
431 312
312 406
406 708
393 93
93 705
705 442
442 299
299 286
286 735
708 500
500 561
561 24
24 608
608 328
450 535
535 371
371 340
340 372
371 796
796 216
371 109
109 691
691 527
527 470
470 441
441 739
441 1
470 445
1 581
608 163
163 275
275 521
521 28
521 459
459 221
28 460
460 141
141 63
735 495
495 676
376 658
739 136
549 772
772 345
345 752
345 235
235 437
437 413
437 555
235 623
623 119
119 553
553 776
776 296
776 602
602 101
101 503
296 38
38 115
503 510
510 728
728 2
119 479
479 284
284 320
320 319
319 181
89 70
70 725
725 573
573 35
35 753
753 377
70 231
231 165
165 10
10 520
520 191
191 409
409 183
753 84
84 518
518 355
518 316
183 488
488 486
486 589
486 232
232 227
227 51
51 298
165 385
385 525
294 145
57 99
445 13
184 148
148 116
575 375
621 578
495 484
5 132 137 169 178 324 334 359 362 420 481 487 559 574 598 604 636 711
5 636
636 137
5 604
604 362
604 324
324 559
559 574
574 487
487 178
178 420
574 481
481 169
420 132
132 711
420 334
334 359
334 598
