q 1 5 14
q 1 11 15
q 1 1 8
q 1 14 5
q 1 1 4
q 1 10 6
q 1 8 2
a 90 1 3 1 18 1 19 2 3 2 18 3 2 3 3 3 4 3 18 4 3 4 18 5 4 5 5 6 3 6 5 6 6 7 2 7 3 7 13 7 14 7 18 7 19 8 2 8 3 8 5 8 6 8 14 8 15 8 19 9 6 9 14 9 15 9 16 9 17 9 18 9 19 10 3 10 4 10 5 10 6 10 15 10 16 11 4 11 16 12 2 12 3 12 6 12 14 12 15 12 16 13 2 13 3 13 4 13 5 13 6 13 9 13 10 13 12 13 13 13 14 13 15 13 16 14 6 14 7 14 8 14 9 14 10 14 11 14 12 14 13 14 14 15 6 15 8 15 9 15 12 15 13 15 14 16 7 16 8 16 9 16 12 17 9 17 12 17 14 17 15 17 16 18 12 18 14 19 13 19 14
q 1 17 12
a 90 3 2 3 3 3 12 3 13 3 14 4 3 4 4 4 14 4 17 5 1 5 7 5 8 5 16 5 17 5 18 6 1 6 2 6 3 6 5 6 7 6 18 7 3 7 5 7 6 7 7 7 12 8 2 8 3 8 6 8 7 8 9 8 10 8 11 8 12 8 16 8 17 8 18 9 3 9 4 9 9 9 10 9 11 9 12 9 13 9 16 9 17 9 18 10 3 10 5 10 6 10 9 10 10 10 11 10 12 10 15 10 16 10 18 11 3 11 5 11 6 11 7 11 8 11 9 11 10 11 11 11 17 11 18 11 19 12 3 12 10 12 17 12 18 13 10 14 10 15 5 15 10 16 0 16 1 16 2 16 5 16 10 16 11 16 12 17 1 17 4 17 5 17 6 17 10 17 11 18 5
q 1 6 3
q 1 13 9
a 92 0 5 1 5 1 6 1 13 2 3 2 4 2 6 2 9 2 10 2 11 2 12 2 13 3 3 3 5 3 10 3 11 3 12 4 3 4 5 4 6 4 7 4 10 5 3 5 19 6 17 6 18 6 19 7 0 7 1 7 2 7 3 7 4 7 14 7 15 7 16 7 17 7 19 8 2 8 3 8 8 8 14 8 16 8 19 9 2 9 3 9 4 9 8 9 13 9 14 9 16 10 3 10 4 10 5 10 6 10 7 10 8 10 9 10 11 10 12 10 13 10 14 10 16 11 3 11 4 11 8 11 12 11 14 12 3 12 4 12 5 13 3 13 4 13 5 13 6 14 2 14 3 14 6 15 11 15 12 15 15 15 16 16 12 16 13 16 16 17 5 17 15 17 16 18 5 18 6 18 7 19 5 19 6
q 1 9 3
q 1 9 14
q 1 17 16
q 1 12 11
q 1 9 12
q 1 11 8
q 1 4 4
q 1 7 10
q 1 5 6
q 1 15 9
q 1 18 10
q 1 13 16
q 1 8 6
q 1 3 12
q 1 2 6
q 1 14 11
q 1 14 13
q 1 6 12
q 1 16 3
q 1 4 13
q 1 2 10
q 1 10 3
q 1 2 18
q 1 12 6
q 1 8 9
q 1 2 11
q 1 8 14
q 1 12 18
q 1 18 3
q 1 15 2
q 1 10 8
q 1 15 14
q 1 7 16
q 1 5 17
q 1 11 7
q 1 15 8
q 1 11 6
q 1 14 6
q 1 4 11
q 1 3 9
q 1 3 14
q 1 12 17
q 1 2 16
q 1 3 2
q 1 4 3
q 1 2 15
q 1 5 8
q 1 1 11
q 1 15 16
q 1 13 3
q 1 17 5
q 1 9 11
q 1 16 13
q 1 13 14
q 1 11 5
q 1 12 7
q 1 9 18
q 1 10 12
q 1 4 5
q 1 6 1
q 1 17 7
q 1 9 10
q 1 10 18
q 1 4 1
q 1 7 2
q 1 17 18
q 1 6 18
q 1 2 12
q 1 17 9
q 1 10 4
q 1 18 15
q 1 9 1
q 1 3 17
q 1 7 5
q 1 9 13
q 1 12 2
q 1 4 16
q 1 11 9
q 1 12 5
q 1 17 3
q 1 7 15
q 1 18 14
q 1 11 10
q 1 5 10
q 1 16 7
q 1 9 7
q 1 16 2
q 1 9 15
q 1 12 13
q 1 13 7
q 1 14 1
q 1 4 10
q 1 13 18
q 1 10 10
q 1 4 18
q 1 13 2
q 1 17 15
q 1 17 17
q 1 4 17
q 1 3 4
q 1 8 18
q 1 1 1
q 1 3 7
q 1 12 8
q 1 10 16
q 1 14 18
q 1 1 16
q 1 7 12
q 1 5 16
q 1 6 15
q 1 6 17
q 1 6 9
q 1 6 14
q 1 12 3
q 1 6 7
q 1 17 1
q 1 14 0
q 1 18 7
q 1 15 4
q 1 15 15
q 1 18 13
q 1 8 4
q 1 3 16
q 1 10 0
q 1 11 11
q 1 19 14
q 1 9 4
q 1 13 11
q 1 5 15
q 1 1 17
q 1 5 4
q 1 8 12
q 1 4 15
q 1 16 11
q 1 2 3
q 1 8 3
q 1 11 14
q 1 9 17
q 1 13 12
q 1 9 19
q 1 16 17
q 1 2 9
q 1 14 14
q 1 7 13
q 1 1 13
q 1 11 1
q 1 13 4
q 1 5 18
q 1 6 16
q 1 14 7
q 1 3 0
q 1 0 6
q 1 6 4
q 1 19 4
q 1 18 0
q 1 12 15
q 1 13 6
q 1 9 8
q 1 0 10
q 1 15 10
q 1 16 6
q 1 18 18
q 1 10 7
q 1 3 15
q 1 4 19
q 1 5 19
q 1 5 11
q 1 5 12
q 1 7 4
q 1 19 8
q 1 0 16
q 1 7 17
q 1 5 5
q 1 5 3
q 1 10 17
q 1 8 17
q 1 0 15
q 1 14 15
q 1 8 11
q 1 3 11
q 1 0 4
q 1 8 15
q 1 11 18
q 1 9 5
q 1 10 9
q 1 4 14
q 1 8 0
q 1 6 5
q 1 4 12
q 1 5 9
q 1 16 14
q 1 13 8
q 1 18 16
q 1 15 19
q 1 14 2
q 1 13 5
q 1 7 14
q 1 3 18
q 1 13 15
q 1 15 3
q 1 18 5
q 1 0 17
q 1 10 13
q 1 3 10
q 1 13 19
q 1 14 3
q 1 15 13
q 1 19 11
q 1 1 15
q 1 15 1
q 1 12 10
q 1 3 19
q 1 9 2
q 1 9 9
q 1 13 10
q 1 8 19
q 1 7 7
q 1 7 18
q 1 4 2
q 1 2 17
q 1 7 19
q 1 8 13
q 1 11 19
q 1 14 19
q 1 0 1
q 1 4 7
q 1 19 15
q 1 16 4
q 1 10 19
q 1 11 17
q 1 19 17
q 1 6 19
q 1 1 9
q 1 0 13
q 1 13 1
q 1 1 18
q 1 10 2
q 1 9 16
q 1 15 7
q 1 3 13
q 1 12 9
q 1 12 19
q 1 10 5
q 1 2 7
q 1 14 8
q 1 18 1
q 1 2 0
q 1 6 13
q 1 17 10
q 1 15 18
q 1 5 0
q 1 8 1
q 1 7 3
q 1 10 11
q 1 6 11
q 1 10 14
q 1 11 16
q 1 18 8
q 1 14 4
q 1 0 18
q 1 15 6
q 1 2 5
q 1 17 14
q 1 11 2
q 1 7 11
q 1 18 11
q 1 17 13
q 1 19 16
q 1 13 13
a 94 10 6 8 2 9 3 9 14 9 12 11 8 4 4 3 12 16 3 2 10 12 6 2 11 12 18 15 14 5 17 11 7 11 6 2 16 4 3 13 3 9 11 13 14 12 7 9 18 9 10 18 15 9 13 4 16 11 9 7 15 18 14 11 10 5 10 13 7 14 1 13 18 4 18 4 17 1 16 5 16 6 15 6 14 8 4 3 16 9 4 13 11 5 15 5 4 4 15 9 17 9 19 14 14 5 18 6 16 14 7 6 4 13 6 3 15 4 19 5 11 5 12 7 4 0 16 7 17 5 5 10 17 3 11 4 14 16 14 14 2 13 15 15 3 0 17 3 10 13 19 14 3 12 10 3 19 9 2 13 10 8 19 7 18 7 19 11 19 19 15 11 17 15 7 3 13 12 19 6 11 11 16 15 6 17 14 13 13
