q 1 13 9
q 1 10 12
q 1 2 12
q 1 14 18
q 1 11 17
q 1 16 17
q 1 8 6
q 1 1 13
q 1 4 8
q 1 15 13
q 1 2 3
q 1 4 11
a 91 0 2 0 16 0 17 1 2 1 11 1 12 1 13 1 17 2 1 2 2 2 6 2 11 2 12 2 16 2 17 3 1 3 2 3 5 3 6 3 7 4 6 4 7 5 3 6 2 6 3 6 4 6 8 7 2 7 4 7 6 7 7 7 8 8 2 8 8 8 13 8 15 9 1 9 2 9 13 9 14 9 15 10 2 10 8 10 9 10 12 10 13 10 15 10 16 11 8 11 9 11 10 11 12 11 15 12 9 12 10 12 11 12 15 13 4 13 9 13 10 13 11 14 1 14 3 14 4 14 5 14 6 14 7 14 9 14 10 14 11 15 1 15 2 15 9 15 10 15 14 15 15 16 0 16 1 16 2 16 8 16 9 16 14 17 2 17 3 17 8 17 9 17 14 18 3 18 4 18 14 19 14
q 1 13 10
q 1 13 15
q 1 9 10
q 1 16 7
q 1 12 1
q 1 15 10
q 1 7 9
q 1 8 1
q 1 3 1
q 1 11 10
q 1 7 11
q 1 9 13
q 1 10 15
q 1 13 6
q 1 17 4
q 1 2 13
q 1 10 4
q 1 8 14
q 1 16 6
q 1 11 3
q 1 12 8
q 1 5 14
q 1 11 12
q 1 13 8
q 1 5 16
q 1 4 15
q 1 2 10
q 1 10 9
q 1 6 2
q 1 6 12
q 1 2 17
q 1 7 17
q 1 14 8
q 1 10 6
q 1 8 4
q 1 6 5
q 1 15 1
q 1 8 13
q 1 3 7
q 1 12 2
q 1 17 15
q 1 18 14
q 1 14 4
q 1 1 6
q 1 15 8
q 1 5 4
q 1 17 14
q 1 9 12
q 1 17 12
q 1 2 4
q 1 18 11
q 1 2 15
q 1 16 8
q 1 13 12
q 1 7 7
q 1 12 13
q 1 16 3
q 1 17 9
q 1 5 6
q 1 11 8
q 1 4 18
q 1 17 16
q 1 13 11
q 1 4 4
q 1 1 15
q 1 6 4
q 1 16 2
q 1 11 9
q 1 10 1
q 1 17 7
q 1 13 7
q 1 5 18
q 1 16 11
q 1 12 9
q 1 18 2
q 1 14 11
q 1 9 18
q 1 8 16
q 1 5 3
q 1 9 11
q 1 8 12
q 1 9 8
q 1 15 16
q 1 11 7
q 1 18 18
q 1 13 1
q 1 15 2
q 1 1 2
q 1 13 5
q 1 10 11
q 1 5 2
q 1 15 5
q 1 16 12
q 1 11 14
q 1 5 9
q 1 4 5
q 1 2 8
q 1 1 11
q 1 11 5
q 1 3 4
q 1 3 14
q 1 8 8
q 1 3 5
q 1 14 14
q 1 3 18
q 1 2 14
q 1 12 5
q 1 15 7
q 1 18 12
q 1 13 17
q 1 16 15
q 1 7 18
q 1 18 16
q 1 7 3
q 1 3 16
q 1 18 15
q 1 15 12
q 1 17 17
q 1 3 12
q 1 12 4
q 1 11 6
q 1 15 9
q 1 7 19
q 1 7 13
q 1 18 5
q 1 4 3
q 1 12 16
q 1 4 12
q 1 4 13
q 1 3 13
q 1 3 17
q 1 6 13
q 1 18 13
q 1 15 3
q 1 17 1
q 1 14 7
q 1 11 19
q 1 18 8
q 1 6 18
q 1 14 3
q 1 2 18
q 1 2 19
q 1 7 10
q 1 17 11
q 1 1 14
q 1 10 13
q 1 16 19
q 1 7 0
q 1 1 18
q 1 3 11
q 1 3 15
q 1 4 14
q 1 17 3
q 1 19 15
q 1 1 1
q 1 19 16
q 1 9 16
q 1 0 18
q 1 9 2
q 1 18 10
q 1 1 19
q 1 12 11
q 1 10 8
q 1 10 5
q 1 6 9
q 1 2 16
q 1 6 19
q 1 3 19
q 1 12 10
q 1 12 7
q 1 6 15
q 1 5 12
q 1 1 12
q 1 5 19
q 1 15 15
q 1 12 0
q 1 8 18
q 1 14 9
q 1 13 3
q 1 19 14
q 1 19 6
q 1 1 4
q 1 9 9
q 1 1 9
q 1 6 0
q 1 0 14
q 1 0 17
q 1 16 10
q 1 14 0
q 1 15 4
q 1 15 11
q 1 9 14
q 1 0 12
q 1 4 10
q 1 18 1
q 1 4 0
q 1 9 4
q 1 11 0
q 1 4 1
q 1 16 4
q 1 5 8
q 1 17 8
q 1 18 17
q 1 11 13
q 1 4 19
q 1 13 13
q 1 10 0
q 1 17 10
q 1 10 7
q 1 9 7
q 1 0 15
q 1 6 17
q 1 13 18
q 1 16 16
q 1 16 9
q 1 7 14
q 1 19 8
q 1 16 14
q 1 4 6
q 1 0 7
q 1 0 19
q 1 8 11
q 1 14 12
q 1 15 6
q 1 5 7
q 1 17 2
q 1 5 13
q 1 5 5
q 1 19 3
q 1 8 19
q 1 13 4
q 1 13 16
q 1 0 13
q 1 11 18
q 1 17 13
q 1 1 17
q 1 14 10
q 1 4 17
q 1 6 3
q 1 14 2
q 1 8 10
q 1 19 17
q 1 10 14
q 1 11 1
q 1 3 6
q 1 6 6
q 1 6 14
q 1 8 2
q 1 6 7
q 1 4 16
q 1 6 8
q 1 12 12
q 1 14 13
q 1 16 13
q 1 3 3
q 1 16 5
q 1 19 11
q 1 11 2
q 1 7 12
q 1 4 7
q 1 2 9
q 1 2 11
q 1 17 18
q 1 9 17
q 1 5 10
q 1 12 6
a 96 13 9 10 12 2 12 1 13 13 10 9 10 16 7 12 1 9 13 12 8 13 8 14 8 8 13 17 15 18 14 15 8 5 4 9 12 17 12 2 15 16 8 13 12 16 3 11 8 4 18 17 16 13 11 4 4 16 2 16 11 5 3 9 11 9 8 11 7 13 5 16 12 4 5 11 5 3 4 3 14 3 18 2 14 12 5 15 7 18 12 16 15 7 18 18 16 3 16 18 15 3 12 7 19 7 13 4 12 4 13 3 13 15 3 6 18 14 3 2 18 2 19 17 11 1 14 10 13 1 18 3 15 4 14 19 15 0 18 10 8 6 19 12 10 1 12 5 19 12 0 0 14 16 10 15 4 11 0 18 17 11 13 4 19 13 13 10 7 7 14 4 6 8 11 5 7 17 2 11 1 6 6 6 7 12 12 11 2 4 7 12 6
