q 1 4 8
q 1 14 15
q 1 8 16
q 1 5 4
q 1 10 7
q 1 11 9
q 1 10 9
q 1 9 4
q 1 13 11
q 1 2 16
q 1 16 5
q 1 2 5
q 1 13 12
q 1 10 13
q 1 11 5
q 1 15 10
q 1 7 5
q 1 4 12
q 1 8 2
q 1 11 17
q 1 4 16
q 1 7 15
q 1 7 8
q 1 5 13
q 1 14 7
q 1 5 6
q 1 11 10
q 1 4 3
q 1 8 10
q 1 13 5
q 1 13 1
q 1 15 2
q 1 16 8
q 1 7 12
q 1 2 2
q 1 4 5
q 1 16 13
q 1 5 8
q 1 1 6
q 1 1 11
q 1 8 7
q 1 10 2
q 1 6 11
q 1 8 12
q 1 17 13
q 1 9 9
q 1 3 18
q 1 18 9
q 1 3 7
q 1 6 18
q 1 13 17
q 1 11 8
q 1 15 12
q 1 6 6
q 1 9 10
q 1 17 15
q 1 3 14
q 1 2 11
q 1 3 5
q 1 15 14
q 1 13 13
q 1 4 2
q 1 8 9
q 1 16 15
q 1 16 18
q 1 8 6
q 1 14 8
q 1 2 4
q 1 14 6
q 1 16 11
q 1 15 17
q 1 9 12
q 1 15 3
q 1 18 13
q 1 7 10
q 1 10 12
q 1 13 6
q 1 8 14
q 1 2 9
q 1 5 0
q 1 3 3
q 1 12 4
q 1 3 10
q 1 5 2
q 1 8 8
q 1 1 9
q 1 2 6
q 1 2 10
q 1 17 14
q 1 3 4
q 1 5 5
q 1 10 15
q 1 18 14
q 1 7 9
q 1 19 12
q 1 6 1
q 1 12 14
q 1 9 17
q 1 17 17
q 1 18 3
q 1 16 1
q 1 18 15
q 1 7 6
q 1 6 5
q 1 18 5
q 1 6 14
q 1 13 9
q 1 1 12
q 1 1 4
q 1 1 10
q 1 4 9
q 1 12 3
q 1 4 10
q 1 11 3
q 1 6 7
q 1 15 13
q 1 17 6
q 1 13 18
q 1 9 8
q 1 2 1
q 1 16 14
q 1 8 11
q 1 9 13
q 1 4 4
q 1 2 12
q 1 9 11
q 1 2 8
q 1 13 4
q 1 6 15
q 1 14 14
q 1 18 17
q 1 14 10
q 1 2 3
q 1 14 3
q 1 8 18
q 1 7 4
q 1 14 4
q 1 6 10
q 1 12 9
q 1 16 12
q 1 3 6
q 1 14 17
q 1 10 10
q 1 7 7
q 1 3 11
q 1 4 6
q 1 11 15
q 1 11 16
q 1 11 0
q 1 13 10
q 1 1 3
q 1 12 15
q 1 2 14
q 1 6 9
q 1 1 17
q 1 1 5
q 1 1 8
q 1 11 14
q 1 16 16
q 1 14 11
q 1 1 15
q 1 15 16
q 1 3 2
q 1 10 16
q 1 1 2
q 1 17 12
q 1 7 2
q 1 0 3
q 1 3 9
q 1 11 12
q 1 9 15
q 1 9 16
q 1 3 12
q 1 5 3
q 1 0 4
q 1 15 4
q 1 16 4
q 1 4 17
q 1 11 11
q 1 12 11
q 1 1 13
q 1 3 8
q 1 17 1
q 1 8 13
q 1 10 14
q 1 5 10
q 1 0 1
q 1 0 10
q 1 11 4
q 1 12 10
q 1 16 17
q 1 16 9
q 1 14 1
q 1 13 3
q 1 14 12
q 1 12 16
q 1 15 11
q 1 9 5
q 1 19 8
q 1 11 13
q 1 0 9
q 1 17 16
q 1 7 19
q 1 9 7
q 1 19 13
q 1 13 16
q 1 8 5
q 1 12 7
q 1 18 16
q 1 0 11
q 1 10 18
q 1 19 16
q 1 19 17
q 1 19 14
q 1 7 13
q 1 9 2
q 1 18 12
q 1 10 5
q 1 15 18
q 1 18 11
q 1 9 6
q 1 11 18
q 1 14 9
q 1 18 7
q 1 11 1
q 1 10 8
q 1 17 7
q 1 17 10
q 1 19 7
q 1 17 3
q 1 0 7
q 1 17 8
q 1 10 17
q 1 14 13
q 1 0 8
q 1 4 14
q 1 12 8
q 1 18 10
q 1 13 15
q 1 4 1
q 1 16 7
q 1 6 17
q 1 17 18
q 1 18 8
q 1 17 9
q 1 4 11
q 1 6 8
q 1 18 6
q 1 7 11
q 1 12 17
q 1 0 0
q 1 12 12
q 1 19 6
q 1 2 17
q 1 2 15
q 1 9 14
q 1 16 6
q 1 18 2
q 1 5 11
q 1 4 7
q 1 0 2
q 1 3 13
q 1 19 9
q 1 14 5
q 1 9 18
q 1 11 6
q 1 3 19
q 1 6 4
q 1 19 18
q 1 10 11
q 1 15 5
q 1 1 14
q 1 11 2
q 1 15 15
q 1 0 5
q 1 2 13
a 117 11 9 10 9 13 11 2 5 7 5 7 8 5 6 4 3 8 10 13 5 7 12 4 5 16 13 8 7 8 12 17 13 9 9 15 12 6 6 9 10 17 15 2 11 3 5 15 14 4 2 8 9 2 4 15 17 9 12 18 13 2 9 3 3 12 4 3 10 8 8 1 9 2 10 17 14 3 4 5 5 10 15 18 14 7 9 17 17 6 5 13 9 1 4 1 10 12 3 4 10 15 13 9 8 16 14 8 11 4 4 13 4 14 10 2 3 14 4 14 17 3 11 11 15 11 16 13 10 1 3 12 15 2 14 1 8 11 14 16 16 14 11 10 16 1 2 0 3 3 9 11 12 9 15 3 12 15 4 11 11 12 11 3 8 8 13 10 14 0 10 12 10 16 17 14 12 12 16 9 5 19 8 0 9 17 16 9 7 8 5 18 16 0 11 10 18 19 16 19 17 18 12 18 11 11 18 18 7 17 7 17 10 19 7 17 8 10 17 14 13 16 7 18 8 17 9 19 6 3 13 1 14 2 13
