1000 13 40
808 2182 2496 3173 3248 3628 4075 4403 5573 6398 8369 8635 9022 10209 13629 13723 13870 14548 18096 19034 19469 20144 21455 22870 23553 23814 24718 26688 29986 31546 33484 36341 40056 43808 45106 51979 61263 63052 67209 99177
783 1523 2220 2247 3034 3219 3513 4053 4774 5499 5528 6326 6355 8654 8728 11043 11930 12342 12549 15543 16043 16399 17566 18961 20129 20505 21688 22305 25678 29067 36623 42449 49624 53995 58847 67956 69103 71546 76623 102420
199 401 638 1042 1855 5076 5591 5622 5724 6153 7156 11286 12015 12016 14610 15179 15225 16612 17182 17607 18676 18705 19266 20390 23552 23729 24490 28524 29872 31998 37565 41174 45727 45741 49837 50872 61287 65032 69307 86081
154 663 1274 1432 2006 2938 3188 4564 5316 5452 6501 6777 6797 10543 12797 13458 13694 14003 14298 15832 18145 18293 18467 22258 25699 29187 29929 30172 35889 38578 41951 42080 44360 46665 55745 56622 56793 57435 82642 84602
671 997 1456 2263 2302 2315 2345 3071 5185 5201 5348 5876 9323 10578 10789 11854 13559 14917 15781 17078 17611 19157 21864 22729 23085 25316 28982 29859 38721 40789 41197 41482 42417 47761 48269 49277 52225 52269 81032 88697
708 1139 1343 2685 3016 3395 3632 4346 5226 7434 8159 8509 8769 9207 9275 11543 13035 14517 14959 16172 21203 22103 22223 22686 22866 23115 25078 27666 30315 33687 34686 36446 46952 47752 54391 56710 56939 65138 78794 81144
189 437 1734 1917 2333 2503 2550 2672 4581 6033 6674 7852 8115 8884 12070 14466 16033 16170 17838 19029 22353 25351 28409 28638 28734 28885 28983 31768 32005 33676 33843 33937 35267 43529 44685 46651 54446 62905 79809 87692
185 440 1235 1810 2292 3723 5139 6152 7198 8963 10678 11935 12428 12907 15787 16703 17388 17414 17872 18202 18231 21088 24998 25364 27624 27844 30182 32877 33345 34079 35155 37478 38776 42577 44540 47185 49562 54341 60464 78002
9 472 5452 6350 6811 7513 10706 10718 10793 11098 11501 11761 12914 12961 13500 14507 15159 15413 15636 17917 18412 19276 20780 21176 21279 29800 32049 32247 33562 34345 34938 35240 39051 43769 44350 45615 47549 59445 62344 66518
57 321 460 2271 5661 6397 6810 8398 8837 9151 9211 10164 11485 11661 11762 12594 12951 13331 13597 15052 16619 17455 17869 17950 18084 23979 24321 25089 26612 26697 33684 34778 49779 50016 52528 53446 65963 71986 74921 76480
293 400 890 2954 4486 4657 4888 4993 5569 5659 5748 5895 6322 6650 8391 8960 10922 14223 15526 16755 17240 17457 17687 18252 20223 22528 25286 27627 32570 37168 37966 40522 41453 43356 49231 50349 65033 78349 85307 111382
131 409 2580 3835 4816 5268 6266 6495 6980 9425 11065 11358 11925 13862 15471 19067 19390 19550 19858 22427 22891 23702 25332 26484 27205 27468 29607 30473 32542 33936 34713 37922 40079 40478 41538 44869 48580 51717 55201 78022
200 924 960 1575 1736 3369 4023 4159 5627 6119 7430 9463 10182 10312 10343 11002 13151 14061 14307 16987 18318 19923 21385 22615 28779 30033 30532 30751 35143 36666 38031 39022 40562 47025 48307 54683 57530 61803 63017 78205
