1000 41 50
138 898 1181 1865 1940 2007 2155 2525 2546 7144 7727 9007 9182 9821 9855 10586 10593 10722 10811 12243 13006 16242 16458 17393 18114 18127 18450 19454 19917 21312 22728 23547 24452 24563 25132 25584 25768 25904 27818 29145 30653 31994 32385 32952 35802 35950 36156 38174 43718 97789
179 786 1763 1950 2083 2784 2809 3315 5423 6013 6040 6443 7819 7970 8082 8119 8629 8665 12278 12311 12619 12650 13664 14857 15382 15549 17034 18802 19603 19664 19734 20508 22395 22673 22765 23292 27673 27797 29348 29519 30199 33765 34328 34805 34955 36534 41658 43507 57766 82812
719 1673 2071 2644 3335 3385 3788 3920 3993 4725 4806 5354 5638 6321 7239 7791 8155 8380 8908 9431 9673 10103 11412 11614 11729 12498 15269 15790 16244 16531 17075 17259 18621 19763 19944 24405 25009 26340 29133 29545 30373 33536 39597 40828 43728 43915 52435 53953 84848 87056
30 310 481 844 1596 1682 1789 1844 3250 4808 5801 6335 7501 8001 8367 9685 10358 10610 10899 11226 11671 12376 12742 13487 13760 14442 14673 15820 16648 17420 18151 20123 20186 20772 22331 23441 23650 25370 26552 28183 31121 32091 35863 37449 41858 42866 53333 57424 68450 97297
50 213 508 894 1464 2367 2642 2851 3480 3523 3878 3882 4798 5060 5191 5255 5788 7030 7308 8574 8666 9680 9843 10242 12414 12941 13235 15090 16059 17160 17779 20850 20907 24945 25404 26408 26437 26811 27324 27638 27701 29584 29961 33700 40188 41236 45551 79510 82292 107339
449 1123 1686 2135 2254 2389 3017 3282 3381 3396 4723 6044 7268 7551 8690 9197 9279 9744 9828 10688 11096 11305 11774 12065 12864 12957 13432 14100 14530 15880 17418 18582 21519 21533 21778 22290 23387 23723 24512 24673 25380 27443 27958 40082 43461 51682 51689 53410 81240 102367
141 372 435 780 882 1445 1976 2235 2297 2393 3409 4471 4818 5716 6836 7934 9077 9849 10090 11693 11711 14078 14441 15095 15429 16561 17486 19172 20420 21679 22612 24127 24526 24973 25655 25887 26609 28787 29450 30019 30914 36685 37682 38864 39241 39937 42529 43182 44058 90457
408 648 1604 1796 2026 2186 2741 3947 4550 4917 5054 5469 5506 6287 6862 7772 7995 8374 9028 9464 9564 9822 9841 10160 11835 12161 13144 13318 14304 14546 16046 16342 16628 17442 18654 19954 20286 20705 36580 38285 39665 40070 42475 43078 44020 51555 61034 62316 68353 90345
8 635 1168 1314 1398 1583 2515 2871 3277 3895 4495 4602 5423 5514 6258 6719 8180 8342 8796 8880 9137 10642 11255 12285 12361 14133 14790 15312 15371 15950 16054 16076 16899 17414 18488 20819 20932 25159 32083 33070 35733 36092 42800 47698 48260 52542 52941 53445 76459 92648
140 493 496 610 771 980 1098 1527 2461 2543 3372 4162 4457 4496 4971 5839 6304 7205 7225 7534 9224 9283 9897 10214 10913 11867 12035 12922 15844 16306 18395 22764 22767 23505 25115 25140 26645 27563 31425 35416 39833 43311 45313 46211 46598 49296 53065 53884 60936 74717
921 1233 2175 2364 2718 2778 3013 3624 4905 6184 6345 6424 6854 8083 9457 9613 9636 10457 10577 10931 11179 11186 11435 11522 11910 13644 14223 15548 16221 16412 17263 18336 19709 20356 21119 21871 25864 25970 27070 29727 30684 33412 37514 38102 42471 43682 47620 56641 70132 73397
2230 2528 2588 3303 4036 4075 4113 4234 4333 5345 5616 6449 7223 7227 8242 8414 10267 10331 10518 11292 13382 13511 14473 15909 16998 17184 18876 19456 20354 20556 21350 21670 22171 22194 23218 23428 23536 24101 26356 30010 32560 35908 36132 37836 41304 44272 45385 50181 55228 60809
47 318 330 934 947 1158 1254 2461 3203 3888 4707 4853 5322 5834 6110 7484 8195 11444 11998 12210 13587 14113 14525 15216 15396 15618 15673 15869 15971 17737 18458 18480 18822 20714 21273 22895 23660 23850 25138 28595 30045 31052 33115 33386 34030 43048 45096 51341 70701 113364
1861 2276 2415 2592 2614 3157 3922 4122 4226 4536 5907 6153 7681 8013 8097 8148 8185 8360 8685 9021 9100 9551 9921 11571 13228 13609 14940 15526 17008 17410 20563 21297 22204 22397 22603 23760 23804 24045 24853 26400 27853 29241 37568 38002 40874 45894 50405 61551 62501 102611
306 481 863 993 1148 1366 2538 2715 3927 4024 4246 4603 5291 5627 6226 6702 7468 8214 8444 8952 11272 12957 13106 13373 14895 15140 15233 15714 15923 16687 18549 19766 20912 21867 24576 24935 26144 26219 28228 28665 30162 31309 35830 36144 50366 54332 56019 58544 66218 75368
229 325 446 795 1581 2011 3184 3302 4194 4271 5550 6791 7685 7786 8639 9175 9282 9522 9671 9777 9973 11105 11847 12311 12359 14412 14553 15862 16166 17709 18920 19306 21100 21150 21582 22441 24295 29587 34395 34754 36486 37141 37887 40622 44288 45517 45807 46231 52479 93006
241 244 837 1074 1708 3452 3698 3804 4051 4865 5705 5908 6524 7488 8238 8998 10615 10933 11033 11039 11057 11063 11724 12272 13482 14836 14893 15076 16001 16210 16580 17171 18961 21332 22086 24089 25033 25890 28488 28947 30081 30751 38364 40539 48174 54788 56600 58830 59387 68705
1210 2297 2361 3432 4790 6596 6721 7209 7451 8141 8295 8394 9031 9189 9413 9437 9464 9474 10337 10651 11903 13912 13960 14639 16047 16943 17736 20023 20096 20542 21457 22684 23096 23479 23795 23935 24115 24706 26195 28161 31179 32615 34034 36975 40533 40623 43758 45474 53730 70705
5 1080 1431 1881 2979 3356 3563 3905 4496 4748 4934 6062 6229 6420 6519 7645 7945 8111 8729 9915 10872 11813 12580 13621 13838 14094 15114 15490 16831 17471 18087 18367 19927 20694 21384 22091 22903 23777 24072 27423 29684 31853 35017 37675 39897 41183 43827 47611 81700 115031
209 798 1074 1631 2105 2497 2697 3052 3626 3799 4567 5545 6063 6208 6232 6285 7048 7467 7643 8421 8553 9073 9331 10741 14540 15074 16711 16761 16862 16951 17128 17693 18407 20513 20620 20717 23287 23524 25894 28168 28911 33730 34996 47227 49341 58636 63194 65303 69869 76741
67 489 1708 1985 2008 2421 2642 2806 3950 4433 4940 5023 5749 5866 6129 7287 7384 7478 7508 8097 10059 10374 11074 11099 11779 11980 12259 12470 13025 13231 14853 17004 18543 19595 22237 22442 22879 26701 27775 29213 29693 30397 33244 41086 48273 57691 58073 60455 76811 116524
279 606 1729 1857 1935 1945 2521 4709 5169 5300 5312 6078 6648 6926 8647 10090 10113 10420 12031 12306 12374 12964 13376 13820 13822 14090 14592 14919 15551 16284 17837 19465 19941 20477 20888 21214 21705 23341 24527 24801 27121 28011 31306 45594 52117 52421 53528 56435 57181 93239
221 1885 2334 2927 4039 4706 4873 5060 5330 5391 6251 6310 6538 6624 6704 6807 7128 7463 8294 10133 10409 11385 11895 11971 12057 12117 12911 13851 15768 16489 17667 17789 18015 19722 19911 21572 24184 25197 26047 26876 29178 31712 40881 41401 55417 56196 56436 58653 59733 76415
920 1045 1488 1942 2373 3023 3706 3871 5986 6408 7538 7909 8243 8415 9297 9744 10189 10475 10481 12569 13292 14565 14771 15223 16044 16060 16422 16758 17665 18437 19486 19950 20481 20538 21085 22726 23027 25834 27289 27983 30744 30912 33302 38807 38926 44703 47526 54456 58278 62017
90 164 326 463 759 802 1136 1262 1355 2142 2182 2571 3847 3977 4177 4722 4744 5472 6022 7139 8523 8796 9552 9825 10417 11573 13608 15241 16030 16070 16188 16249 17841 22350 24768 26343 27780 30799 32129 33647 37240 38204 39021 40271 46266 49641 50948 77760 85572 91721
284 596 862 904 2136 2173 2349 2435 2926 3182 3364 3510 4909 5025 6224 6402 6725 7010 8145 9189 10261 10481 10503 11715 12882 12992 13526 13615 15193 18234 18676 19024 21461 21478 26701 28936 30285 31583 32720 32937 33523 37098 40383 47649 49177 51738 52006 52353 66148 66300
686 1281 1614 1948 2664 2755 3444 4106 4113 5136 5460 6321 7049 7187 7308 8527 9241 9600 9929 9943 10237 11310 11853 12512 13067 13344 15511 17002 19398 19868 22597 23372 24163 24764 25245 25954 25965 29630 29914 30394 30962 31429 31725 33989 37122 37290 40367 64264 69665 72875
208 550 625 1159 1311 1419 1707 2119 2144 3089 3394 4373 4977 5217 5331 5584 6099 6266 6851 7005 8101 8361 10549 12907 13466 13923 15563 16634 17096 18168 18416 20121 21093 23796 24043 29174 30084 30326 30539 31844 34017 37261 38101 40025 42660 48988 52780 64288 65260 92939
743 785 816 979 1266 1580 1716 1734 2213 2418 3775 3974 4050 4155 4821 5304 5957 6871 7692 8090 8743 9084 9525 10487 11507 11703 12924 13237 13801 14046 14937 21904 23001 25463 26127 26267 27081 28988 32341 34943 35466 37654 38206 39469 42709 44411 46998 75500 81637 86923
156 228 314 320 2259 2378 2529 2892 3035 3678 3799 4393 4418 6024 6700 7058 7564 7661 7918 7937 8144 8352 12818 12850 13054 13660 13864 14664 14846 15297 15912 16368 17848 18951 21651 22920 23460 23563 26013 28379 32075 32736 35467 36447 39280 71683 71911 72997 75489 79878
116 528 543 727 1993 2113 2519 3064 4781 5133 5455 5563 5965 6225 6369 6400 6961 7580 9274 9494 10247 11567 13375 13549 13919 14211 14496 17712 17898 20009 20909 23600 24260 24329 24824 24995 25267 27868 28337 32946 32973 34027 37346 39304 39615 41098 41812 49438 65084 79506
849 1170 1244 1288 1547 1836 2078 2905 3380 3518 3716 5314 5338 6127 6244 7485 7537 9401 9974 10606 10955 12508 12665 12990 14539 14997 15668 17369 17651 17725 18115 18841 20282 21955 24142 24930 25180 26402 29009 30817 37198 40278 43079 43205 44409 48433 52605 54282 64019 75045
575 592 972 1589 3360 3630 3714 3929 4036 4400 4752 5078 5429 6675 7089 7225 7867 8060 8585 9039 9124 10101 10615 12837 13943 14363 14782 15170 16628 16959 18647 18813 19433 20721 24324 24393 24559 24652 32549 32712 35405 35578 38499 39882 40132 47052 49929 50367 57475 102749
499 716 880 957 1338 1365 2408 2704 3584 4059 5005 5017 5209 5474 5510 7472 7521 8664 9393 11155 11720 11817 12741 14188 15334 16221 16454 19693 20070 21840 22657 22945 25834 26635 27230 27425 28061 28651 29859 31962 34032 34467 35307 35471 44660 46030 46282 48766 59405 74142
68 393 714 740 886 915 1186 1321 2277 2777 3861 4027 4100 6235 6635 6811 6893 8558 9126 9519 11245 11587 14063 14203 14739 18352 19719 20455 21242 21681 21776 23006 23260 25305 25418 25993 27285 29008 29366 34128 34831 37741 40470 41697 41977 41991 45300 47496 58961 73339
144 734 2238 2522 2572 2898 3642 4095 5343 5755 6434 6980 7585 7591 8737 9088 9844 10378 10468 10880 10953 11223 11302 11769 13384 13454 14347 14426 14811 15134 15243 18104 19731 19878 19973 21529 21748 23476 25146 25280 26780 27379 32900 37831 39591 62117 63259 66749 77905 80147
439 859 1138 1252 1418 1599 1889 2049 2447 2531 2598 3554 3860 3998 4425 4757 5875 6287 6622 6969 7450 7521 9731 10145 10203 10369 12758 13169 14026 14834 15568 20525 23298 23670 28524 29657 32144 33535 34278 34446 34745 34759 35532 41656 42344 42491 50953 59826 78074 79483
133 162 1638 1972 2038 2314 2857 3432 3541 4801 4821 5968 6031 6673 6953 8341 8573 8589 9820 10626 10691 10692 12141 13626 14292 14847 15837 15895 15991 22073 22451 22773 23243 23544 23626 23660 24131 25614 26096 26119 27338 27673 32036 35238 36220 40233 44427 55755 55801 117294
433 509 1152 1408 1493 1716 1950 2285 2486 2951 3929 5078 5394 5686 6501 6569 7765 8756 9373 10269 10602 10811 11055 11424 11447 11562 12173 15811 15878 19099 19660 20899 20971 22272 25802 30015 30052 31789 31832 32417 33619 34291 36871 38587 38897 40101 47032 51995 58605 95021
197 760 1175 1183 1382 3310 3350 3511 3727 4041 4101 4156 4176 4245 5094 5642 7986 8594 8912 9839 11488 11686 12629 12861 13017 14063 14570 14704 16223 16437 16440 18206 19711 20161 20792 23039 24709 27004 30271 30385 30413 30957 34483 34682 38518 41812 42919 49242 59754 143663
506 1316 2222 2624 2728 3197 3244 3868 5267 5875 6102 7836 8174 8380 8462 10390 10668 11087 11115 11318 11846 12872 12925 13380 14060 14403 15213 15274 15877 16239 16321 16363 17651 18595 19939 20140 20516 22001 24536 25549 27903 28122 35577 44369 45096 45485 47103 49202 59280 128719
