1000 50 35
108 1173 2896 5581 6013 6963 8078 8880 9037 11981 12579 14138 14828 15697 15710 15841 17875 18117 18789 18956 19837 20694 23145 25118 27361 30662 34118 34676 35362 45315 46983 60115 64045 91290 92570
668 749 2392 3321 4319 5324 6849 8329 9091 11398 11709 12351 15618 17489 18244 18788 19268 20248 21291 24400 25787 25935 27754 27954 29671 30942 32196 34547 39597 40636 44927 45936 74210 77371 80689
206 1653 1691 2015 3953 4536 4732 5601 6548 7342 7349 7456 8673 9462 9532 10083 14245 15090 17953 18695 21072 21222 23449 27028 27239 31311 34956 36565 53569 53958 55179 58203 66966 82000 89708
219 927 1258 1728 2171 3286 3531 3977 5875 6530 9279 9465 11861 12313 14432 15852 20032 20321 21470 22032 23447 24295 24952 32753 35041 36393 44121 46803 48309 49597 53762 58005 64855 66406 73216
957 1329 1566 2212 2583 4057 4379 4407 4529 4555 5750 7768 7953 8651 9587 9959 11090 12409 13752 15509 17222 18747 24210 24981 28177 28799 29604 31137 35415 42156 53134 59975 73805 115588 121954
570 2741 2754 3425 4183 6743 6942 6970 7912 8982 9495 9773 11196 11500 12529 12752 15352 16997 18177 20366 20928 21589 24482 24918 26284 28015 36892 40477 47698 49919 61690 65749 69027 101549 123128
147 2781 3290 5252 5352 5519 5954 7344 8588 9021 10714 10990 10998 11098 12872 13101 15752 17039 17240 19025 19268 20456 22415 22990 25237 28024 35071 40247 41545 43931 48461 59002 70526 80440 111597
1090 1174 1427 6340 6411 6972 7659 7772 8406 8537 8910 10087 11998 12239 12801 14552 15600 17274 19630 20622 21193 21665 28399 30849 31324 33454 39337 40835 41182 44335 56520 58983 69830 102640 123403
206 2648 3253 4243 4369 6744 7074 8348 8838 10101 11213 11646 12846 13250 14552 14997 17531 20081 20429 21031 22148 23687 24834 27235 28250 29481 33845 36792 39948 42079 45978 61738 72840 77445 103742
486 712 1462 2009 6745 7036 7482 7968 8232 11870 12565 12954 15404 15636 15648 17043 18663 19380 21138 21479 23215 28848 29303 29516 29755 32697 41547 41569 46854 46894 47682 49849 52249 55345 119191
347 854 1450 2107 2377 2977 3032 3130 3987 4078 5566 5868 10852 11208 14730 20250 20785 21020 21836 23841 23892 24264 25708 27324 29151 29899 38289 38675 41312 44568 53135 58444 60364 78060 86334
722 1883 2688 3249 3778 4232 5855 8992 9592 10476 10820 10949 11060 12475 13017 14815 17739 17968 22097 22541 24551 26576 27330 28232 35631 36073 36677 37052 53770 58427 58641 62350 69364 71678 104845
1702 2484 2973 4568 5160 6281 7385 8533 9242 9784 10211 11494 12223 12523 15986 19101 19115 19483 19582 21823 23387 25962 29135 30472 32095 33678 35163 35932 42080 43883 49631 53671 64560 68959 70851
338 5184 6337 6617 6623 7359 7497 7673 7718 8901 9145 9740 11666 12874 13999 15098 19501 19706 19844 20545 20996 25692 26345 26384 26859 29198 29989 30797 40865 45476 48296 51970 60557 110877 124311
210 1208 1379 2674 2787 5431 6549 7551 8066 8186 9131 10926 11061 11513 12229 13626 13993 14926 15517 19462 20931 22083 22576 25909 27902 28780 31988 33908 37907 67958 71779 77639 84730 93238 97341
281 302 439 503 3588 4216 4234 6093 7077 7169 7228 7417 7815 8895 11107 15310 15399 15817 16276 19626 21119 24307 25836 31622 31868 40541 45422 47024 48822 49052 49973 55305 67387 82834 86309
47 499 718 2679 2800 3227 5091 5304 5385 7454 10095 13162 13714 16168 17350 18943 19211 20436 23455 24815 26168 28366 30480 30981 36687 37275 40756 45511 48602 49617 58632 58771 69977 79282 88450
1320 2496 2739 3041 3062 3846 4250 4576 7289 7481 7497 8712 9374 10076 11354 11471 15976 16345 22662 23811 26272 28343 28903 29906 30044 30506 41612 43218 45548 51859 54329 55528 61470 73220 93042
2024 2110 2283 3684 5103 5741 7272 7562 9180 9729 10120 11428 12547 12981 14973 17798 18550 18613 23161 26969 27534 28247 28897 29026 29969 30594 35144 38282 41585 47749 48147 51315 68546 84065 127708
645 885 1283 2822 2990 4313 4740 5437 5592 6747 7465 8267 8863 9877 11266 12090 13422 15557 16566 18378 19869 20797 21687 23024 29802 33504 34651 36351 36448 39793 47929 53205 69053 101465 144018
12 362 2741 5721 5932 6510 10270 10328 10452 10860 12386 12468 12628 14433 15048 15569 15975 19481 19760 19909 21363 22020 22137 25642 26304 26503 33317 36568 36956 39247 44797 49261 58723 67807 106338
542 1346 2506 3017 3029 3137 3932 4152 4607 4988 5039 5180 6499 8450 8748 10912 11891 12012 12899 16007 20189 23588 26369 32419 36309 38176 39132 41488 43417 43991 59894 74548 94320 94689 125335
320 515 1601 2035 6487 6709 12145 12720 13993 14448 14927 15167 17516 18091 18343 18545 18784 20088 20540 23542 25111 26386 29853 31143 32553 32942 35435 36644 37956 40718 40833 57847 59608 76359 86457
130 623 2693 3011 3821 3918 4105 4292 6062 7315 8983 10139 10405 10735 11341 13969 14618 15672 17152 19270 19373 21626 25622 29115 29191 32933 37098 40143 40659 41943 47032 55847 74627 84443 153987
775 2757 3016 3484 5674 7381 8077 8154 9040 9556 11929 13808 13912 17097 17480 17684 18402 20465 20880 21011 21226 30763 33865 34519 36550 39041 41549 43375 43664 44319 48848 50691 63854 64075 78315
2167 3378 3602 4341 4746 5007 5595 5885 8698 9406 9638 10826 11694 12291 12667 14167 15387 16024 16734 18697 19050 21808 27216 28048 32195 37610 37804 37892 40640 55838 55852 61554 65261 70540 140578
583 851 983 2088 3087 3192 3248 3951 4230 4525 5569 7274 8236 8957 9200 9389 10087 11030 11060 12721 16855 19822 24234 28826 37054 40806 43192 48192 48971 62958 73518 75271 77890 92373 94176
512 1479 1540 2076 2944 4079 5073 6361 7180 7619 8097 8538 11888 13100 13389 13999 14132 14402 15960 16971 24519 25520 26827 27350 27922 31510 36055 36518 38876 39099 55673 61383 72274 103690 112647
404 2417 3053 3804 4749 4825 6148 8358 9620 10209 11650 11741 12253 13169 14239 16519 17111 20244 20738 22683 23191 23330 24225 25469 26513 27674 28082 30788 34557 35917 41663 45982 47809 90858 126668
241 579 1181 1332 4308 5480 6454 6504 7384 8957 9072 9354 14770 14841 17342 17386 18529 19466 20549 22189 22213 23151 26575 33114 34166 34966 35650 36512 40244 42068 44837 54553 55923 63339 95346
144 650 3316 3646 5247 6658 7508 9887 9945 10997 11512 11820 12004 12115 12904 13442 13692 13869 13956 14594 22027 32100 34865 35198 35659 36487 40544 40736 41665 44752 48404 52047 52077 61401 73965
105 400 1850 3212 3764 6257 6340 6526 7610 7729 9725 10629 10700 10704 11190 12633 16146 16796 18466 19216 23772 25766 26591 27097 30912 32397 34476 38527 40083 43480 45571 50120 72096 85296 99590
47 368 974 4310 4505 6912 7441 10150 10405 10772 13295 14256 14571 14748 16774 17378 17393 19115 19137 20531 27460 29724 30376 30450 31118 31441 33450 34639 44355 44562 47010 50167 66007 82130 112458
343 639 1740 1941 3518 3846 6240 7347 9339 9662 10648 11703 13918 17652 19056 19453 20031 20469 20862 21489 21753 23662 26051 26492 27256 29448 33945 37571 39185 45786 46463 51265 54847 77502 90497
560 899 1071 1582 1859 2013 6147 6317 6462 7970 8961 9376 9613 12245 13656 17875 18604 19415 20602 22109 23055 23663 24808 25866 34295 39044 39281 42096 49923 61013 61438 66480 70584 83954 93446
824 2140 2739 3671 4533 4591 6722 8014 8558 8886 8914 9334 9377 9478 9730 9872 15202 18461 19603 22101 25807 26498 28796 29827 36933 40582 40800 42392 49607 50317 51734 52248 68472 68831 92267
336 418 1278 2065 2986 4448 5118 5966 7312 7434 8288 9532 10535 10609 12601 18516 19513 22452 22578 23262 25346 26065 30023 31192 31888 35010 37377 41386 41911 44084 46309 62601 69752 72618 78480
262 1133 1135 1137 2368 5627 5890 6587 7014 7601 8863 9691 11399 12962 13032 14293 19263 21383 22228 23154 24152 24546 27422 28909 33653 33967 35327 37589 39806 45022 51050 55061 82518 83862 96133
186 308 361 698 2292 4904 5494 6031 6957 8640 8889 9721 10893 10991 11907 12410 14559 15212 15484 15564 19993 20573 28703 30712 35334 35528 36033 39899 46220 56630 66037 74983 75135 95595 99964
250 1044 2496 3237 3269 3340 3506 5448 5994 6925 7191 7341 7424 7894 8647 8799 12795 15453 18220 19282 24498 28185 28861 32450 35464 35645 37603 37757 54174 55935 56139 61953 64500 81427 119356
21 401 2562 2965 2969 3208 4535 5065 5102 5946 8466 9136 10606 12994 13203 13537 16255 16352 18151 18213 19017 22004 25789 26057 26571 26993 33446 40201 48182 49344 55748 63325 66023 88892 154452
556 1496 1743 2065 3080 3290 4454 5495 5619 7692 8174 11302 12551 13404 15246 16671 16707 16897 18658 18745 21476 22844 23659 26885 27122 29180 33404 34993 43417 50122 50235 61963 85313 95088 105702
524 2160 2597 2752 2768 3089 3431 4885 6142 7059 9398 10729 11107 15371 16375 18198 19788 20672 22947 23047 26806 27784 30118 30511 32402 33661 34497 44605 50362 51064 55940 62302 65880 72543 98055
1177 1446 2017 2398 2724 2905 4761 5890 6082 9851 9875 10037 10816 11211 14068 14293 16102 16456 19254 21765 22115 23531 25618 30680 31329 35978 37663 43591 47259 50859 59833 60886 61316 63817 101311
384 1754 2007 2099 2754 2854 4692 4849 8326 8948 9564 12347 12457 13618 15669 18752 18774 18905 19101 19218 20490 21879 26084 26161 29654 32889 34424 34826 43797 47519 48145 50786 52853 79888 87465
3447 5065 6454 7918 8302 8913 9454 9499 9932 10009 10854 11194 11494 12195 16888 19449 19575 19772 20092 21246 23234 23939 26025 31465 32047 33417 34068 34445 34515 38529 39039 50121 55979 96279 101600
2286 2689 4320 5962 6102 6525 6962 7872 8690 8957 10352 10699 10909 11049 11906 15005 20921 21355 23833 33631 33782 37441 37851 37889 40089 40123 43940 44268 44847 49029 50678 51257 54345 69181 73982
1239 1623 2279 2654 4449 4548 4843 5475 7051 9249 9405 14559 16266 16311 16762 17706 20558 25552 27385 29111 29421 29578 32295 32555 34160 35102 37419 41457 47728 50470 55532 56185 56644 58099 59610
250 1068 1457 1476 1771 1996 2230 2970 3060 3789 5394 5405 5901 6552 12106 15854 19721 21440 21553 22887 23140 24701 24997 25828 31345 31362 37309 43281 45393 46415 48382 61609 66916 102006 110382
3392 3743 3829 5230 6341 6360 7625 8355 8673 8879 10163 10373 12227 12275 17919 18680 19227 20502 22734 23914 25833 27308 27755 28923 30959 31878 32511 32787 35154 37194 58984 63996 69334 77596 77663
