1000 13 20
9004 12501 12528 13978 15117 16219 17746 26035 29305 29793 38699 41818 57091 64437 69307 69957 93897 101905 133064 143734
839 2163 2659 4514 6894 15633 16892 20280 20922 21526 25412 26201 43187 53050 54421 100360 122117 136624 139790 184754
482 1366 2951 5543 5954 11321 14001 16298 26289 30640 30953 37686 52529 53020 54430 59188 90616 100483 122855 279832
10678 12796 13258 17712 18035 20282 25685 26915 30602 30802 35014 37680 49475 54593 73757 77895 85846 94136 131534 149913
1812 6237 6386 7199 17641 19813 32901 36045 41580 43377 45379 57718 62480 69239 74107 77436 80309 85421 102331 129569
5466 13205 17268 19087 20190 20375 30292 34660 36234 36240 48303 51715 53212 57573 61764 62970 63195 78545 135377 151579
1055 10368 13769 16216 16966 20148 20412 21107 33352 37337 42098 42491 47516 52829 64684 66587 68838 112897 145526 163229
686 1214 3125 4012 9002 16301 16668 17039 17784 30675 30779 40981 45749 51180 61589 63029 64976 94789 112108 316313
1801 2209 3695 5732 7524 17136 29716 30827 32337 44435 46615 52313 52553 73583 75283 77286 79944 80923 112964 169666
8662 9209 9870 9943 10275 12391 14134 20013 22406 23512 31063 41943 61770 62965 71863 87310 99985 116931 130153 152469
873 2214 5578 8935 13972 19211 25988 31708 42198 42993 48925 50540 63268 69171 69415 78594 80518 83717 111614 147022
2296 8020 13438 14599 21788 24923 25333 28713 36523 37841 41549 46246 53134 65419 73156 87804 93308 93910 108990 119792
729 2017 8498 8578 13991 17166 19547 22945 23591 29289 35999 38371 45962 65886 73484 77649 98497 99835 127135 186776
