1000 48 39
1797 2049 3618 3721 4030 5704 5830 5982 7188 7364 7492 7595 7611 9037 9537 12317 13772 13939 15374 15608 15961 16978 17063 17534 18004 21490 21653 25143 32240 32341 32855 33878 36318 39357 40760 46594 58750 65899 106339
788 1432 3018 3124 3232 3497 3991 4135 4417 6512 7072 8569 10702 11604 12875 17242 18818 22862 22925 25216 25371 25488 26202 27608 28043 28377 30203 30222 30760 32838 40564 42138 42979 43157 48050 48349 55293 63979 65631
639 1758 2842 4189 4374 4784 7382 7835 8036 8165 8621 9227 9264 10547 12269 15459 15570 15686 15929 16333 16862 17016 18374 18526 20821 20871 21285 24599 25088 25460 27919 33002 37340 42041 44741 45683 50530 68052 131910
513 1016 1355 1964 2146 2694 3172 3533 4503 4610 5720 6204 6934 8014 8113 8232 8379 11790 12341 12600 12810 13618 13652 14222 16153 20517 23229 25604 26201 26953 33210 34922 36608 46632 46821 49906 53892 77505 119354
226 628 1520 1629 2462 3225 3234 3340 4311 5910 6038 6338 8456 9703 9912 12740 14664 15121 16479 18410 19250 21074 21538 23984 24196 24213 28440 29057 30916 30978 34772 35553 43708 45269 49815 55859 56399 61178 78796
97 160 427 1267 2136 2399 3560 4123 4670 5057 5178 6802 8232 8616 8784 10017 12465 12749 13579 13732 14863 16882 17616 18135 18171 19453 23074 30160 32705 33237 34241 37711 44813 51969 54189 56236 62939 68719 69650
287 1241 1305 1351 1372 2857 2878 4515 4619 4839 5390 5514 5901 7487 8102 8796 10709 10799 10808 11560 12189 12202 12791 15738 16469 16727 18379 20338 25754 29831 30744 32146 33974 52671 58642 73374 79284 84414 87768
187 1459 1571 1734 2195 2649 3005 3390 5135 5206 6100 6518 7237 8027 9012 9793 12217 14652 16232 18816 21185 22153 25313 25649 26580 26653 26834 26972 27783 32924 36698 38589 38689 38817 39440 58238 64668 69802 89736
141 255 765 852 2669 3235 3532 3555 4320 6863 7028 7321 7774 8128 8141 10265 10616 10736 11483 12031 12305 12641 12857 16279 16805 18190 21098 21883 22136 28142 31334 33427 44081 53813 60333 72427 72528 76130 84540
727 1224 1477 1614 2274 2314 2353 3899 4369 6346 6668 8063 8942 10007 11040 12073 12575 15008 15727 17248 18161 18420 24626 27576 27989 28176 28420 32451 34003 35295 36930 41121 46316 46626 49065 50924 51247 65248 70956
892 1973 2380 2864 3138 3825 5438 5895 6680 6760 7194 11858 12279 14790 15909 16249 16873 17626 18067 19276 19664 19891 20091 20290 20697 20973 23859 28566 29118 32399 33880 35830 37404 40627 41435 46276 49718 53035 135013
479 2054 3230 3963 4614 7864 7887 8273 8510 8759 8867 10771 11285 11708 12177 13917 14651 17538 17591 17739 19117 20941 21105 21149 22683 24520 24843 25214 31927 33897 37417 37676 40367 43537 45351 46995 47671 63681 98573
243 579 856 1690 2626 3523 4214 4261 5157 5934 6181 6594 10340 11639 11786 13766 14736 15652 18013 18037 18199 18502 19031 19759 20188 20911 21888 23667 24724 27067 27949 29824 33484 34399 38227 42768 73611 77430 106614
441 854 1440 3673 5006 5096 5208 6103 7506 7852 8013 8030 8453 8602 8991 9275 10906 12553 13149 14739 17088 17570 19910 20510 20713 21570 23236 24840 26788 27557 28152 28471 36071 52618 59577 64804 65973 83193 108648
354 1814 1958 2251 2674 2874 5010 5934 7358 7601 7679 7806 8968 9051 9502 12272 14358 14835 15288 17857 18359 19452 22362 22655 23988 25639 28094 29108 29128 30777 30968 35480 37161 40274 45047 48838 51060 57337 67958
1208 1507 1996 2042 2487 2534 4619 5584 5604 5787 7432 8819 8980 10169 10302 11080 11465 13333 15517 15737 16329 18043 18528 19512 20620 21977 25366 27396 28420 28635 31907 31992 38506 39611 40336 53892 65030 73054 121253
718 1862 1893 2787 3727 3922 4242 5456 5741 9014 9770 9867 10323 11037 11411 11593 12014 13364 14308 15081 16333 16347 18987 20877 21027 21128 21472 22075 23127 25625 27027 28380 29799 37548 47936 65261 66600 76815 92007
49 267 553 733 1674 1682 2849 3541 5314 6322 6527 7161 7601 7656 8273 8721 9179 10806 11352 12579 15559 16535 17573 18829 20511 21279 23701 24118 27822 28630 29897 31502 33102 34057 38778 52631 80280 128676 145753
911 2068 2111 3649 3668 4345 4410 4808 5233 5384 5507 6632 7172 7880 9112 13140 13245 14903 15522 15665 16379 18471 19031 19164 19224 21896 26471 27631 27640 28024 29730 31512 33838 41666 42556 54009 60710 89316 121773
214 852 1685 2160 2170 2826 3038 3841 5801 6332 6623 8153 10169 10969 11068 12734 13632 13752 18514 19625 20280 21544 21843 22794 24295 24928 27838 28703 28826 30493 31267 34945 36619 43016 54509 59964 61579 69864 130800
177 572 2189 2874 3406 4664 4904 5630 5678 6530 7491 7605 8007 8361 8578 9604 10938 10958 12305 13054 13373 15086 15511 16567 16963 17033 21692 21734 22117 24744 28617 31029 39983 62844 65781 69870 71423 73815 148432
759 1350 2802 3209 3483 4726 4865 6527 7055 7274 7386 8032 8056 8665 8735 9441 11914 12374 13096 14983 15375 16106 17832 19982 24539 24559 26503 27256 29045 33353 39022 39066 41676 46265 51742 52108 52870 64325 74380
10 12 2501 3111 3468 7443 7596 8229 8328 8512 8899 10647 11128 12614 12821 13737 14093 14322 15009 16271 17385 17900 18014 23437 24011 25721 26055 27049 34717 35581 38336 38472 39015 39621 52301 52877 55794 78374 96986
155 401 1125 1808 3072 3781 4670 5646 6819 8657 8841 9701 10232 12360 13391 13760 15349 16227 16753 17486 18254 20692 21262 21400 24500 24538 24836 25654 27885 29184 30137 32428 33567 33660 40012 55221 56413 59445 73494
8 224 251 334 680 738 961 2099 3512 5970 7506 7573 10261 12007 14535 17706 19103 19441 21793 22162 22382 23174 25192 25197 26455 27954 30024 30600 32715 33091 34778 35363 39214 41234 46057 52532 65330 69106 106624
142 1225 1270 2239 2778 3832 3932 4435 4588 4796 5902 6597 6813 7363 7414 8602 8888 9990 10925 12117 15583 15755 17619 18775 21341 24805 24819 27665 29903 35309 36483 44855 46462 52961 55544 60955 86449 86879 91415
168 262 551 990 2602 2774 3964 4192 6931 7023 8485 8847 9608 9675 12704 13223 13450 13825 14802 15101 15863 16456 16539 16748 20964 21307 22586 27315 36386 37383 37688 39826 46451 47810 49668 50058 53922 62259 87742
324 524 1995 2441 2584 3913 3993 5705 6713 6769 7716 7896 8858 9719 10007 11607 11980 12343 12434 15301 16611 19044 19946 22321 25465 26505 26755 28093 28783 34900 35046 37306 45514 48060 52641 56138 63433 83958 94470
735 1434 2019 3298 3593 3688 3736 3995 4721 5784 6683 7223 7587 8865 8896 9265 9519 10723 13790 15551 15900 17073 23083 23717 24309 28211 29601 30534 31653 32066 33124 35888 36391 37012 45982 46292 56750 83562 89071
26 265 274 573 1362 1399 2378 3113 4930 5367 5645 6470 7002 7266 8996 9025 10810 12628 13242 13340 13585 13802 13914 15021 17192 17841 18571 20364 23911 27481 27771 42056 44030 51750 53282 53490 57701 67611 159418
1577 2146 2967 3400 3968 4459 5124 5754 6316 6520 8215 8282 8630 8993 10251 12704 13057 13363 15423 15485 15702 15817 16649 17226 18358 22495 25439 27488 29630 33154 33395 34067 35776 36398 39159 58604 65508 71966 82720
78 168 1278 1718 1945 2199 2237 2504 3351 3648 4008 4351 4575 6582 6616 10553 11132 11462 13454 19294 19757 20950 21213 23083 23688 24672 25168 26081 26349 33643 41922 43058 44516 45245 52107 53843 70204 76936 129003
1269 3193 3829 4572 5591 5865 5964 9001 10204 10231 10975 12292 12435 12532 13117 13888 14323 14800 15817 16479 18339 18466 21316 21711 21904 23051 24254 25434 27352 27809 30044 32412 43944 45949 46480 49874 54417 62348 65064
412 754 1379 1470 2211 3315 3648 5026 5344 5425 5504 6087 6299 7489 9854 9934 10251 13781 14051 14388 14495 14723 16903 17486 21850 23022 24191 24823 24976 26000 29045 44518 47822 51567 56800 57917 62522 65446 69019
163 378 409 851 1569 5155 5489 6232 7381 8248 8977 9437 10549 10836 11134 13476 14056 15354 15441 19045 21058 21093 23280 24687 24779 26679 31078 31118 31201 32326 39515 42900 44240 44405 44847 48941 52244 56277 77217
614 1080 1578 2118 3599 3645 4592 5085 5340 5552 6299 6335 6650 6661 7396 7438 9185 11175 13333 13835 15375 18863 19787 20401 21879 25312 26846 31781 33432 34331 36388 36750 39124 43571 44574 45639 52285 63661 99832
158 284 699 1313 1957 2000 2379 4461 4561 4640 5492 5495 5695 6611 7239 7391 7740 10202 11328 11556 12567 13432 13464 17120 23567 23729 29846 30802 31249 35508 35840 37583 43366 49089 53362 59806 70387 73944 84554
132 393 1473 2566 2758 3681 4382 4859 5638 6126 6203 6616 6914 8781 9120 9167 11304 11411 12671 12683 13351 13387 15203 18170 18590 20305 24582 24970 27891 28507 35544 37480 46834 51844 51960 56328 67432 75138 85578
504 1944 2592 4217 4766 5359 5535 5824 7195 7799 9053 11055 11568 12287 12811 13264 13938 14582 14598 15008 17083 19215 19469 20246 21347 21737 22723 24460 25593 32223 32484 35040 35098 47512 51869 59404 62263 69545 78141
73 413 638 1624 2162 3369 4713 5335 5517 6415 7029 7435 7873 8452 8802 9053 9723 12744 13895 14520 15045 16571 18318 19849 20504 22863 22945 24905 26140 27087 28713 35962 37419 49092 54052 57143 60362 73468 77192
123 806 1731 2241 2980 3100 4120 4449 4710 4851 4980 7234 7324 7394 7836 8295 9000 12471 14075 15892 15915 16607 16650 20695 21678 22306 22466 24470 26265 26904 32723 32923 36031 41205 44403 52905 55029 59465 126323
177 250 363 692 864 1848 2495 2504 3886 4497 5430 6463 6464 6522 9465 11216 11281 11458 12499 12641 14831 15504 17479 23766 25461 25748 29345 30282 33030 34472 35169 35376 40024 43004 48565 50400 59730 90081 130554
1292 1799 2068 2388 2438 5522 6405 6963 8151 9186 12380 13566 13886 14147 14446 14546 15838 16309 17299 18522 22686 26091 26179 27196 28309 28836 29818 30596 31103 31442 31467 34224 34296 35962 36384 39442 43857 51127 111705
1242 2041 2114 3758 3761 3793 4030 4097 5374 6576 7326 7497 7868 7987 8908 9511 10533 12562 13467 13722 14595 17555 18058 18848 23488 25148 27834 30952 38206 39911 42802 46585 51316 61349 63430 66264 68008 71095 71811
173 245 1252 1263 1357 1491 3199 4631 5242 6143 8070 8750 8933 8978 11104 12142 14152 14184 14259 14623 15078 17361 17581 18767 24079 24590 27200 31445 32138 33476 38423 40053 45903 47174 49994 50822 53164 64645 75217
30 1553 1857 2169 2487 3222 3754 4252 4914 5001 5637 7487 7738 8120 8168 10288 10951 13230 15996 16626 17364 19508 21823 22704 23345 23473 23569 28572 31286 31477 32471 33044 33349 35823 43874 58763 60560 62497 83082
1688 1912 2307 4859 6693 7521 8931 8976 9334 9347 9729 10208 12464 13224 13683 13914 14136 15644 17585 18389 18884 19869 20280 21057 21397 21501 21931 23085 23686 27573 32707 34189 35576 40457 50644 65105 65849 92528 92874
527 714 1383 2370 3431 4199 4476 5217 7527 8396 9857 10697 10892 12585 12706 13707 15201 15248 15441 15888 17204 17751 18064 20436 20506 22663 23460 25000 26093 28145 28259 34247 47625 50812 56157 65728 66026 84051 92509
