1000 9 50
402 551 891 1046 1777 2000 3250 3460 3608 5181 5199 5210 5468 6494 6567 6846 7429 8173 8943 9280 9525 9573 10172 10389 10534 11876 13449 13460 13683 14217 14264 14882 15035 15365 16023 16577 17996 18853 19772 19817 20151 21482 31088 32361 32824 41085 41791 45944 52876 54299
249 317 426 436 998 1073 1134 2014 2047 2162 3355 3506 3507 3911 3950 4300 4398 6190 6777 7448 7883 9454 9673 9772 9891 10094 10565 11154 11433 12050 12403 13974 18502 18877 23528 25363 25976 26451 27585 27905 28572 31099 35945 40899 41387 47491 47533 48254 57911 58429
195 411 522 634 947 1388 1602 1695 1744 2088 2094 2210 2235 3079 6600 8086 8314 8417 8557 10288 10298 10655 10900 13319 13502 14793 14952 15586 16660 16870 17380 18702 19145 20500 20642 23569 24823 25276 29033 29209 30738 31862 32586 34855 39459 40453 44026 48225 50317 59887
461 527 840 2054 2485 3068 3484 3605 3704 4708 4779 5160 5448 5698 5895 6269 6485 6736 8431 8503 8504 10327 10985 11035 11069 11542 11726 12092 12200 12674 13017 13635 14030 14463 14475 14649 15214 17250 18995 20515 22680 27635 29683 30791 31627 32847 39759 40730 44048 75741
54 439 873 1457 1661 2430 2661 2776 2944 4063 4222 4750 4925 5236 5467 5548 7162 7622 7824 7962 8290 8344 8468 8594 8673 9055 10135 10405 12178 12583 12656 13114 14545 15032 15969 16592 16640 16902 21930 22900 23609 26668 33013 34543 35902 42914 50831 61257 65396 78651
312 515 563 622 848 1081 1160 1288 1410 2764 2990 3041 3989 4509 4747 5286 5704 5824 6216 6231 7091 7364 7694 8350 9687 9693 10375 10977 12774 13263 15662 15702 16664 17964 20216 21005 22804 23056 25418 31368 34583 36973 37403 49191 49523 51440 55181 58781 69957 87330
243 254 1423 1620 2297 3444 4146 4463 4910 5635 6703 6777 6932 7282 7405 8066 8135 8138 8238 8539 9786 10270 10662 10995 11795 15981 16003 16718 18307 18533 19096 19421 21092 21373 21737 22530 24968 25676 25975 26028 26033 26927 31396 33820 36452 41676 44522 49630 53481 67367
207 373 612 626 872 1350 1455 1848 1948 2187 2244 3263 4198 4772 5030 6508 6982 6988 7795 8083 8437 8773 9469 9504 10227 11505 12727 12883 15277 17546 18045 18691 18835 19925 21187 22160 22565 22923 24235 24440 24736 25719 28116 28668 34148 36013 42689 43168 45282 76256
395 954 1073 1450 1662 1710 2108 2254 2607 3231 3580 3619 4658 4727 5574 6011 6514 7121 7374 7892 8038 8508 8879 9793 10326 11384 12585 13030 15039 15483 16818 17031 17886 19210 19930 20724 20914 21821 24024 24728 25447 26083 27522 28703 29501 29821 29824 36737 56528 77848
