1000 36 22
837 2213 6294 7538 8412 12989 13082 22340 23956 32767 33850 39009 49631 55321 57562 57911 60947 67425 78946 89565 92787 153722
2088 4344 6680 7400 10949 11385 13520 13876 17931 18344 21970 27547 27567 28762 40610 49417 51008 64160 65469 77252 206855 207998
828 929 2443 3910 5456 11418 12953 13260 16797 16855 25135 27936 34604 40263 47709 52126 69560 79189 98810 99036 126986 177704
265 1848 2231 2955 4888 5733 11890 13922 21748 22058 23007 23145 28531 40168 46083 59297 77620 77880 91669 106103 154246 162617
3285 7646 8242 10746 11493 12914 16467 20202 24052 29368 30811 36798 38561 40346 40880 48093 51077 70483 78461 85332 140758 156699
5025 5867 5924 8315 10820 13324 13575 15631 17824 31264 37198 46618 49404 49954 59957 63025 64623 65608 73814 94060 113944 127762
684 716 5713 8145 9731 10843 12038 15636 17556 21136 22389 24423 25603 30986 46083 47278 71866 78534 87427 111152 134722 181319
178 916 3220 5739 7902 11716 16397 17916 19176 27133 29535 34186 37355 40207 45763 47214 60560 63129 83134 104606 123029 195068
2770 4154 4300 9595 12142 18904 20890 23941 25647 25957 26116 26824 31048 34204 36990 79902 81685 82423 91845 94531 109428 117741
705 10769 18318 21075 21758 21761 23343 23692 25914 27991 32481 32744 37772 38901 42699 43256 48948 59404 70786 80169 121215 159241
2504 3860 5574 9225 9945 18067 18343 21412 22270 37724 41257 46700 47062 48000 48650 56867 68598 72152 75604 91539 103821 130631
776 1181 1787 2851 5602 14982 20088 20306 27963 28519 40049 45834 45892 47223 53104 61896 62452 72205 77131 81138 91639 158689
3622 10070 13002 13962 18262 23207 25160 28000 28608 32556 33951 43413 43492 46112 51536 53611 59803 62444 79138 89079 99065 123111
1590 4553 4807 6798 7926 8014 13132 15087 17429 20134 28296 28797 34457 36770 39760 43104 45686 52788 91166 114166 171121 193141
1257 11549 13512 18864 25062 25541 28702 31402 32910 33175 36229 38518 40052 41357 43961 47078 48461 49433 66602 89159 102469 148281
3050 8790 11115 11662 13413 15106 16716 18569 19187 20823 23799 24012 31094 32778 43298 58159 65417 84454 87157 89315 100640 188543
1178 4773 5658 7847 8013 12157 12309 13820 14478 17758 20232 20589 25160 37712 38131 39050 43709 50894 64419 154279 172546 217964
493 1608 5103 10773 12423 15327 24131 29165 29616 34424 37604 39891 41236 45412 56299 63123 70219 85543 86116 87884 93915 103019
677 724 1993 3114 8404 8564 10826 11698 17786 19190 26411 27625 52351 56248 57634 59426 65327 66049 83276 100924 128138 157751
235 784 1455 6268 7182 12416 19022 20616 28178 30268 31807 41407 42240 43758 50316 52361 55140 61767 62026 63633 135119 212369
444 2430 4484 5896 6218 7316 15370 16853 19017 23572 25579 26676 32677 41192 53071 59791 68213 70337 107769 121754 130587 136836
3002 3267 3730 7103 11965 12098 15324 15424 22661 24688 25594 26086 27610 30627 46298 46928 56384 62637 67609 67638 87517 301715
435 758 5403 8404 15661 18671 21812 25024 26047 29893 37142 37312 43795 48713 49823 53507 54369 59565 67854 83725 121126 155904
1729 3056 3301 7168 11517 13054 13366 20889 26558 28110 29339 33842 34943 37676 38505 41776 45496 64374 69590 138567 149784 173567
90 1055 1651 2223 8416 9895 11106 13657 16282 17242 18814 20496 26360 29959 38790 39556 42980 74391 74940 127414 138763 255534
2491 5122 6358 6416 6811 10083 11554 12852 18988 21281 23071 27622 47049 48496 52184 54546 55448 55703 106122 128847 128998 150021
63 11752 18802 19198 24840 29351 30524 34222 35470 37734 39861 45983 47640 49434 49735 50080 51606 53367 70738 76161 89857 93741
42 764 4435 6727 8817 11650 13631 13646 15054 17238 20205 22018 22163 29099 45117 47021 48922 80317 98647 127629 135001 204314
53 851 4951 7916 10010 14015 14112 15987 16735 17889 22038 27597 29047 32549 41501 48035 52372 59635 96328 110980 151637 210238
1384 2869 6824 10909 11355 12205 20954 21419 31353 31380 33680 34472 40436 44668 51421 52629 76498 79560 86360 103385 110594 110638
1049 2880 4618 5770 6688 8573 11094 11745 12174 21062 21330 28720 42624 46841 51236 59697 66547 76055 94899 129476 131804 140044
4344 6824 8153 14230 15468 16389 17018 20553 20667 21178 21242 24191 29877 32593 33636 35353 59734 65914 76715 106802 123344 208206
479 2127 2140 3213 3806 4465 10750 15826 25954 33010 36076 41343 47428 50128 60772 66435 90509 91019 91948 97824 104075 106999
437 2018 3262 3782 4812 8069 8430 11741 14655 18394 30737 34515 45512 55456 56564 64899 69564 70024 103360 113057 118494 126984
126 1978 8388 9041 9964 12181 14287 18809 21478 21757 24380 30571 38415 43378 48448 49948 58595 80334 89045 107677 129161 159697
2083 4457 6584 8158 8208 8280 20342 20590 21844 23960 29086 31801 42774 43369 48401 52175 60090 63777 75906 102540 132522 174585
