1000 18 23
2270 3441 3704 6289 9932 10212 10527 11015 13249 13437 19566 24341 25789 26871 36787 45710 45989 64250 71229 88988 122019 124608 170213
466 611 1034 1204 2691 7366 8233 15427 15631 26907 29934 30585 30801 33742 42285 51365 53184 65374 82441 88586 89875 129973 153351
102 689 3236 7901 8369 10154 10583 12046 15943 19291 19588 29454 29531 39058 41902 42334 44947 64789 68750 72700 73084 90446 235221
325 2201 2838 4931 6341 12054 17942 18003 18157 27118 27440 31870 32793 37420 43389 49006 60339 66796 75983 83582 87029 121257 138739
773 4096 5505 6099 9348 9802 10070 18918 19820 20018 23220 25440 43856 52568 56717 61755 62743 65771 71810 96157 96977 105114 109107
1434 3998 4274 4671 6842 8370 9718 10716 13161 13921 27936 35520 39662 46497 46790 53292 60854 63976 72865 73891 110677 126525 127068
498 804 4130 5162 5633 6200 13142 16430 18024 20765 22246 24330 27302 28495 33428 45784 60307 64296 76875 94458 114284 114989 154257
2345 2959 4900 5797 8201 8713 9999 10005 13442 15186 15601 19591 22063 28329 30448 38843 44393 48968 90353 94817 104050 124212 210761
3032 3160 3204 3209 3421 13409 13932 18285 19136 21329 22183 28487 42663 43227 45083 50591 54194 58671 67629 94142 113372 119459 133309
1253 3844 4049 4986 5934 6448 6692 8796 12946 20289 22448 25108 26876 28067 33569 42519 44742 46169 47298 61812 70883 184016 242975
912 2353 2487 6589 6969 9044 10698 11503 13381 14626 16118 26348 32437 37130 45874 48932 50459 70998 71654 93200 97598 137680 153192
397 579 3118 3498 6546 7237 7393 11353 18049 20207 21526 25677 28903 31316 53471 56404 57546 71665 74717 90374 98397 126715 159603
124 2165 3002 6138 8631 10160 11420 14409 15835 17801 18029 24990 32736 34232 36092 37290 37795 37896 68770 77798 119788 161183 164773
1426 2297 11389 14127 14368 14371 16108 19609 23646 24203 27820 29450 31599 37666 40477 42218 45301 53987 56016 63914 70320 142105 156465
1553 1651 4717 5245 7971 9806 11490 12766 17055 17649 23075 24195 27661 43666 45470 56799 59643 68837 72244 72382 92202 113752 146473
1291 5575 6874 7600 7754 9295 11933 14146 16032 17340 27824 34570 44526 46208 60130 61623 65710 67634 67771 69209 76303 115472 131518
2039 2344 3260 6260 6270 10693 14452 14633 19204 22082 22669 23885 29041 29452 30599 32970 52377 55142 69362 70525 79559 91534 265071
1247 3721 6116 6271 17288 18738 20060 25404 26314 26937 27139 30062 34158 39918 48844 53331 54959 64446 64478 75830 102308 102376 127482
