1000 29 32
1992 4974 6790 6990 8574 9150 9202 9775 11543 14120 14956 15398 17419 19602 19682 21535 25803 26272 32002 33575 34274 36548 37442 37975 46474 52099 52517 67543 67989 68478 85600 92741
1506 2043 6018 6932 7041 7701 11791 11980 15112 16522 16822 16915 19034 23039 25092 26667 30546 32454 34264 39790 42997 44336 46571 49279 49721 51073 53798 54066 54538 55593 60644 67932
1671 2282 2604 6764 7506 8318 11230 11394 11998 12086 18328 20085 22013 23743 25640 26523 27586 28119 31226 32458 33869 37161 43088 45867 48533 49036 49835 50020 55073 60599 82634 93489
366 669 1898 5186 5286 5785 7707 8406 9332 15042 15406 16687 17814 21548 24600 25251 26321 26384 27390 27588 27774 32188 33087 36485 37426 37823 41107 41451 43857 62085 145934 161092
1374 1599 1767 1941 2083 2463 5471 5954 6871 8282 8755 12414 12514 14931 16093 18772 19705 20387 20447 21664 21795 25547 28743 29710 31604 31741 49881 50119 52978 57574 144441 257737
329 1366 3587 6486 7079 7474 13217 16006 16976 17908 18858 21405 25536 25738 26175 26262 27568 30048 31970 39016 39718 39968 43742 44881 46817 48894 54495 56895 57903 60085 62706 63133
439 1348 4507 5241 5637 5766 6650 7771 7775 8559 12652 13385 14103 16732 21080 27348 28040 28471 28555 34490 34766 36644 39641 40019 40923 43223 46712 54256 56029 83218 96274 129328
3849 4397 6537 9334 12954 12984 13547 14030 15676 16579 17462 17750 18217 18910 21538 22405 23431 28539 33086 33198 39330 40267 42310 43002 43337 44778 46957 49133 49239 78671 80715 86317
1141 1868 2955 4187 4674 6593 6961 7960 11773 12831 14718 15130 18549 23319 26322 27159 28775 29962 31645 32200 33451 34444 38394 41116 45616 50110 52553 61605 62984 74997 89869 97571
358 4352 4862 6465 7351 7882 8356 9162 13381 13434 13794 17128 18668 22249 26954 28633 30009 30215 32295 34587 35623 36398 37641 40664 45153 50936 58632 61193 63097 66592 71078 80349
3522 4229 4408 7156 8267 10244 10483 11159 12195 13555 13664 13817 14137 15642 18227 18284 18511 20355 21454 21647 23527 31641 44743 47022 49068 51231 53278 65634 76799 78602 80031 119807
53 1357 1949 3980 4252 4545 7860 14710 14955 16033 16232 16425 18541 18896 22877 22949 24062 25823 29268 29889 33321 36473 39074 41486 48923 51432 51972 56153 59528 62138 77110 129236
409 1341 1519 2856 3731 4168 5779 5851 6050 6235 6322 7141 9126 9630 10297 11582 17888 24742 25709 28852 30033 33523 34178 39128 40628 41510 46347 55074 60143 71093 156414 185638
68 882 6283 7302 8749 12226 14470 14723 15624 17348 19133 20411 20958 25220 25996 28362 28825 29165 29325 31714 33009 34702 36218 37864 41300 42561 45011 57160 62163 71831 79694 82707
1048 2196 2637 3174 4533 5338 7971 8671 8824 10832 12652 13006 13406 14366 16763 17036 17815 20332 21013 24651 25247 28917 29214 30569 41278 45072 67706 69613 75207 75330 103196 163972
2896 4085 4184 4765 4783 5890 6517 7489 10531 14712 16644 18062 18643 19243 20135 22972 23032 24143 25339 27656 29790 31028 31706 33896 42522 43192 53841 63247 85376 90982 96460 100344
331 1911 2870 3359 3538 6753 8408 8816 9234 13934 13945 14177 14450 15314 16378 16657 16928 19332 24083 27692 31710 32057 33317 33597 33745 34296 42351 63034 91498 111237 112263 118987
491 2582 3496 4268 4318 4671 5198 6615 9479 9529 13263 14097 14832 15767 16893 23110 24655 26104 27318 32468 33783 35732 46962 46964 47678 51114 56097 64413 72580 78417 98719 99349
25 2781 2899 5162 6909 7617 9603 9783 10190 12088 12787 13528 13806 15572 15982 16907 20170 20747 22773 24652 27971 30996 33240 37034 37616 44715 54931 58926 76968 80062 123581 135213
682 911 2568 2636 3682 5457 7473 9900 10108 10392 16781 20056 20933 21895 23985 28903 29699 30345 30543 31952 31977 38521 41297 41455 44583 52135 56389 66506 68338 69743 70038 93994
71 258 642 1339 1869 2163 2939 4054 8571 8924 9429 9491 10417 15086 16760 19418 21233 23017 23399 29801 35759 37930 38815 39764 43103 43640 47395 62002 71328 103406 119298 130184
261 952 1462 2143 3787 3929 4461 10828 12325 13020 13314 13738 14325 14527 16323 17267 22037 24882 25519 25740 28051 38880 43552 55216 57827 58066 58931 59640 60542 76522 76898 121079
533 869 3048 4128 4623 4843 5092 6919 7181 7232 8983 9951 11001 12056 12562 13172 14118 19507 24108 24666 26138 29706 34438 41233 45967 49193 61545 68043 74518 74758 112996 177328
5643 5654 6663 7674 7792 8436 9297 10423 11674 12037 16339 17914 18305 18582 19287 24780 25240 26316 26989 27033 27303 27658 28447 29389 29544 30014 36132 39570 44915 102179 119730 160591
1794 1868 2290 2875 3770 4084 6213 6872 7427 8209 9428 9878 15828 16261 16262 18805 20320 22401 22764 24549 24663 26331 28007 28787 35091 37329 48571 50610 54104 86073 128288 215789
66 532 1375 1544 1903 2353 3474 3809 4409 4442 4841 7063 8826 10859 16523 18169 20538 23941 24478 25725 28338 33361 38987 52520 54115 59948 60921 65038 79075 82749 84756 153361
342 584 1464 2751 4201 7252 8377 10357 11448 12473 13965 14560 16386 18259 20454 21072 23016 23327 24726 28155 38226 43599 45231 51214 53801 56638 56846 61697 65914 72393 82334 99512
12 106 2291 2918 4002 4500 4799 5562 6153 8936 9715 12849 13128 13441 13548 14846 17421 27066 29589 32933 34290 34942 35030 39750 44508 48220 50832 69999 70785 101535 103632 126572
907 1428 1724 4668 4731 5489 7078 8402 8908 9680 9724 10210 11437 11680 15506 15519 16906 18153 27854 35975 38503 41001 44062 44672 47418 47775 59676 63428 66011 69370 71040 167506
