1000 21 40
1042 2409 2613 2635 3031 3418 4118 4350 4685 4721 4935 4992 6289 8261 9114 10607 10733 12525 13178 13201 15117 19058 19355 19390 20329 20418 24747 25136 26754 30784 30804 34528 39908 49359 52171 58502 68522 73535 94215 108480
170 731 3080 3191 4107 4199 6668 6684 7615 8059 8312 8475 9106 10705 10832 11335 11963 13447 14419 14596 15542 16995 18842 20610 22589 30157 30375 32373 35128 37868 38047 40074 41751 51628 53108 54127 55513 56573 60841 74807
545 791 1706 1711 1953 2445 2788 3735 4129 4695 4753 5031 5198 6618 7380 8909 9222 12277 12705 15071 16906 21477 22317 23056 25511 27589 29162 29357 33548 37403 38498 38652 38703 46043 47780 56541 59576 73394 81472 81663
177 239 914 1372 2086 2732 3041 3336 3773 4642 4988 5887 6145 6490 7115 8399 10556 11355 14096 14783 15563 17855 18268 18569 19437 19504 20682 24831 26754 28345 31281 33247 34013 39616 44358 51104 55702 57419 64859 178721
719 1527 1644 1914 2488 3541 3817 4675 4960 5382 7085 7245 7314 9379 11628 11729 11874 12637 12967 14720 15030 16173 16424 17999 20365 21656 22265 25325 26532 26683 29394 30201 36212 40386 42726 67600 72794 76092 80913 85559
155 374 498 1903 1916 3865 3992 4002 5562 5607 5641 5826 6078 8074 8194 8815 8859 10802 12447 13331 14032 14803 17465 19957 24746 25460 27979 28158 28292 30988 37785 40940 42939 46965 50789 53637 63354 63376 83919 105744
829 867 2113 3538 4278 5173 5911 7224 7535 8194 8975 9402 9645 9968 10546 10854 13232 14288 14542 14863 14949 18815 20818 21450 31523 33358 33554 35579 36259 37810 39978 41234 42442 44754 44872 46114 49156 57717 64712 85643
1658 3435 3592 3666 4158 5935 5960 7391 7783 8274 9279 10966 12772 14336 15567 17104 17595 18697 19040 20187 22626 22632 23883 24392 25534 27710 28497 28687 33442 35022 35311 37892 39169 40044 40738 43181 46363 56835 57397 68356
326 516 1047 1675 1976 2204 2737 3130 3969 5262 6070 6493 8137 8391 8701 9358 9795 9903 10939 11476 13570 14814 14982 15878 21022 23036 25832 27402 31522 32870 34501 39618 41726 43491 45549 47741 54307 70894 80389 167378
244 345 429 835 2498 3844 5105 6073 6103 6192 7198 7600 8373 8851 9659 11362 11452 13043 19607 20352 20888 24622 24991 25856 26347 27153 31440 31624 33173 34937 35066 35986 36199 38324 44650 53424 54338 55974 69501 87440
1321 2551 2667 2982 3550 3594 4269 4397 7682 8435 8646 8705 8730 9841 13128 13572 14353 15599 17445 22580 22695 23444 25653 26172 27075 27330 27846 28239 28292 30204 31833 31837 31941 32407 34123 53345 53480 61528 82234 98585
566 990 2915 3138 3532 4046 4394 6518 6541 7152 8665 8954 10272 10428 11217 11394 11933 12598 13194 13216 17032 17754 24328 24343 24597 26996 27713 27969 30731 31326 32510 34762 34843 39818 41014 43386 43793 45436 113382 114402
145 509 906 956 2576 3272 4361 4769 4941 5106 5419 6423 7025 7486 10043 10067 10860 11371 11472 12434 12486 12624 12949 13537 16106 16896 18884 20869 22371 26874 33280 38603 44121 44716 65319 67437 67514 87131 105588 108591
1949 2289 2878 3363 4065 4210 4474 4761 4766 5209 6990 8504 10030 10164 11471 11662 12313 13212 13230 18702 20003 22065 24106 25036 25212 26387 29319 30722 31589 32448 36490 37848 40922 41886 43575 46602 56731 68644 71638 99610
2183 2760 5041 5554 5936 6083 6473 7620 8043 8789 9190 10449 11377 12726 13516 13588 15882 16132 16149 22390 22829 22940 23338 24000 26396 26647 28711 29764 30399 32428 33072 33754 34379 38221 42902 43732 45350 56370 59400 73102
313 963 1517 2538 3744 5195 5292 5312 5335 5880 5894 6498 8115 8890 9695 9982 10878 11963 12607 12994 13115 13422 14119 14661 16697 17279 17594 17834 21334 21828 27464 35313 38343 45874 48160 54054 54764 59913 112321 163695
297 321 1565 1804 2429 2586 4141 4826 5256 6776 8654 9284 9505 10777 10986 11128 11179 12239 13598 14197 14373 16847 17278 17460 18531 21966 22619 27123 30668 32372 38973 40800 44223 45748 46722 49108 49315 62251 75473 104759
16 332 1395 2592 3445 4370 5309 5415 6175 6340 8172 11754 12286 12294 12744 16723 16817 17448 17743 18126 18619 18692 19115 21593 21825 23102 24005 25422 26305 28277 29376 31976 39184 43914 54440 57413 62242 64756 65942 93384
277 1744 2298 2788 4561 4649 5259 5918 8303 8308 8559 9696 9873 12445 14282 14593 14928 15608 17078 17495 17871 19534 20976 21643 21981 25370 27061 27239 28369 30430 31775 35094 40319 41696 44540 46018 47344 77765 85473 88514
572 582 951 1026 1114 1199 1393 2531 3523 3612 3884 5830 7531 7668 8832 8853 10481 11533 14364 16251 16496 17908 18447 22751 24031 24184 25818 30390 35267 35575 36506 43845 46740 46765 51118 54840 62204 64075 74519 81207
317 946 1105 1240 2430 3002 3871 4087 4273 4400 5502 6084 7322 7329 9750 10648 11045 11879 14167 15863 22103 23065 23346 24125 25046 26482 32323 34730 35612 36103 36634 39798 40842 46956 49909 51402 54668 57803 65915 72759
