1000 26 31
1010 1909 5395 5566 5570 6382 6552 6582 8374 11486 14237 15064 16747 16816 16996 17931 19147 22231 26286 28593 36677 37318 40288 52095 52327 60360 74772 83241 90688 91439 109541
599 2174 4877 7301 7406 9077 9686 10297 10370 11629 11663 12738 15595 16312 16506 16639 18931 20731 22099 23714 29636 32319 39987 46478 52164 57408 62166 84408 102766 105695 109989
43 453 650 2649 2868 3933 4040 5810 6425 7538 10307 13877 15010 15669 18174 19240 19884 20204 23264 25799 27609 30527 30950 36145 49103 52250 73899 93422 104935 123181 126793
624 876 913 1867 2748 7343 7815 8215 9493 9625 14634 18453 19627 19731 19830 22379 28244 31143 35090 38526 39196 40418 41574 48177 49521 49808 50981 58023 62014 99141 141992
727 1580 1944 3040 4963 6283 8098 9985 10091 12757 14424 16895 17580 18464 19452 21216 23433 23949 28811 29450 33224 37714 39779 39812 41941 48116 54705 61770 80797 81137 191226
2937 3333 3380 4992 5645 9710 13829 16323 16780 18689 19076 20342 21757 22586 23263 26083 26715 28727 30629 30720 33618 34302 37890 41658 62847 64305 64479 66219 72557 76825 81865
838 1281 1282 1307 3274 4690 7528 9381 10362 10488 11095 12250 16389 16489 16612 17639 23039 28131 28725 34012 34790 40227 41535 44172 44546 45167 50111 50596 102890 104897 155380
164 199 432 486 823 1324 1501 2769 3413 3562 8837 13422 14203 15104 19078 19530 19981 20054 29892 36680 37172 41104 42791 43416 51999 72674 73699 80083 97806 107658 123679
1067 1842 2022 3800 5212 5605 6412 8815 9262 11117 11603 11859 12297 13965 15699 17153 19340 22203 22640 23090 28886 30510 33987 42046 52652 64582 66003 73841 104618 111249 147403
153 5246 6145 7876 9258 10503 12339 14286 17405 18017 18461 18782 18882 19138 19932 20307 23439 24600 27951 29573 31716 37492 43455 44424 50424 56313 61640 66354 69624 77287 117701
870 1765 2906 4364 5592 6419 7398 7596 9671 11391 11936 12497 12560 13941 17395 17875 18718 20705 22641 33530 35255 43007 44900 45127 45758 58407 62158 69259 81714 84598 173742
1273 4245 4498 6890 7620 7742 7910 8169 8810 8937 9923 13395 14658 14681 19020 20091 20269 26672 29326 29603 31444 33251 36914 44032 45238 47508 63587 66670 79138 95317 173712
7 1113 1858 1873 4004 4223 6137 8477 11079 13984 14082 15521 16406 16608 17017 19337 20278 20630 26071 29667 32526 35079 39522 42452 62962 64023 68536 69015 94997 98796 120877
451 456 1327 2778 5914 6265 6278 7636 10731 11705 12397 12768 17378 17751 18766 18905 23462 24283 26789 28982 31093 36779 50154 53912 54518 55617 69198 85054 88156 92102 94303
962 1621 1826 2145 3316 5580 5740 6918 6974 7712 7775 10640 11633 13397 15975 16476 18656 20133 21089 27909 29897 32582 39111 39712 44778 45779 55036 58798 68050 137213 224333
389 938 2331 3413 4188 9269 9707 10406 11095 11310 12374 13597 14285 14796 16243 17711 22359 22786 23800 24793 27680 30643 32649 34175 54389 58623 62853 83288 104376 119809 125008
1093 1306 2447 4958 5393 5569 6498 9597 10170 12376 15660 16817 17616 20149 20578 20690 24118 26485 27145 32346 38168 40251 42439 46786 49387 55319 75703 79597 85570 89028 100941
1465 5609 6455 8015 9666 10240 10890 10940 11133 11995 12305 13848 14845 15352 16703 18460 19146 20245 29930 30462 34824 36538 40391 56798 57093 64190 65518 70481 75550 101272 101367
1033 2868 3045 3848 4706 9617 9707 10688 11755 12830 14517 18641 19450 23341 23765 24155 24271 28130 29082 32197 32687 35010 35673 38383 41247 47437 65065 66769 72162 88711 138944
1146 3849 4577 5644 9047 10912 11343 12946 13516 13559 16416 17883 18701 18731 24431 25043 25772 27495 30936 31087 32606 33195 41542 43781 45210 49520 55343 65255 67695 75698 144201
191 966 2854 3915 4429 4805 6115 7057 8486 10419 11339 12292 14298 15464 16824 17079 17671 17790 22254 22699 37748 39157 44949 48087 49480 58141 63689 87387 88236 99322 133123
240 1279 1295 3283 3509 3629 6376 7304 7629 10678 13889 17217 18039 18921 19325 24744 24886 26099 29547 30631 44667 48824 48901 54191 58398 58998 60362 69124 71448 92062 98045
1213 3057 4311 7521 8019 8442 9767 11409 11531 14588 15843 16869 18558 19459 19468 19790 20466 21548 27803 29421 36341 37850 40231 47316 48389 54918 68583 73720 77479 94871 117048
914 5847 8037 9901 10178 10325 11177 11773 12934 13938 14376 14885 15274 15977 17353 18425 18620 26918 27981 31053 39882 42614 45343 56356 57962 60661 64106 73510 78392 78773 88282
404 1395 2129 2979 3195 3649 4544 4810 6860 10410 10836 13676 13729 15888 18085 19808 20914 24240 25033 34573 36478 42775 42957 44173 44186 64057 65372 72393 104175 108907 113488
477 497 995 1346 2137 4670 5538 7814 9116 11175 12411 12734 18092 19983 24749 24894 25797 28758 34888 37702 38304 45964 49123 51114 54912 55211 58437 60767 63899 93053 111562
