1000 35 14
707 4160 4924 7940 14358 14969 18187 20649 27016 77430 106736 139744 182856 229177
21500 21953 26734 27456 40846 42186 47305 49830 54083 55937 56218 62669 101148 288212
2396 12847 14261 41384 41412 50539 51502 54161 61560 62213 69545 108885 154351 186261
12683 13064 16918 26674 28563 30908 31091 54427 81405 85658 93031 136506 139855 152082
5474 15912 21296 25492 26719 30558 31665 41706 71189 72177 87799 102859 125940 259490
17997 22215 39086 44618 46467 46724 50236 57537 67069 79511 79773 91357 102264 155408
3196 4259 8631 18754 20485 33912 37843 46053 63032 87388 93800 103401 144896 153797
1097 13240 20802 21171 26457 31037 41075 62529 62956 74636 88975 141291 164447 167241
2507 8751 15213 22662 24047 30268 41947 43430 47241 53668 57544 83302 211999 252791
4007 6161 8596 8816 8940 13714 16723 19389 79769 84455 96770 157635 159294 225520
3195 15023 23589 30974 34105 34406 37268 64314 64972 70259 89830 119796 123928 205221
10501 20881 31797 46318 46832 52726 57591 61676 63393 73407 76947 86278 99322 129204
3859 5325 6012 20937 30626 34659 68525 71219 77074 89041 100310 104899 109192 137877
149 227 4574 11682 14953 21760 32666 33838 60065 76186 120193 124608 134226 197033
8549 9970 13607 18189 19331 37500 40825 44306 59538 81139 94251 98404 104585 248499
28605 30223 30945 33245 37362 37886 44895 46851 51295 56620 120887 130216 130637 132338
304 2353 6463 6997 22549 33479 61137 67093 74944 80756 105620 106894 151843 169067
3730 18510 26993 39158 40354 46393 62660 67088 74577 74925 89824 92444 96241 198965
790 2518 8095 10575 15378 24679 40035 40969 49286 81879 92635 142332 178039 212356
1489 1813 23910 26433 28919 32278 37062 43332 56880 65159 71172 85203 152712 250043
4348 6874 10433 27267 28717 40881 45266 49354 52641 67281 67745 82250 159301 226608
9539 15654 15664 19325 20307 23355 26834 50218 72371 88545 105456 109548 125575 163179
382 2931 13975 16968 29318 37000 45266 56253 58695 72078 80364 91804 142167 189166
3600 7394 12541 15063 25411 28535 35223 44942 48602 70690 87906 117989 126757 248932
1297 2796 11894 15395 27618 37640 52611 63297 80388 82184 82787 90894 118920 172550
563 3946 4865 12216 20282 21842 34652 51265 51747 57541 83856 131606 137569 211718
6921 8264 13195 13610 14195 28204 32046 48790 55811 62677 103934 129396 139677 205144
1669 10920 16729 17294 23906 24932 31582 47465 69233 75997 120427 139344 160831 174634
4595 10237 16597 17672 18067 19015 32731 49828 76037 90983 100150 143271 164114 186195
907 5444 5901 7214 20130 37624 39115 47732 50954 102660 103036 116915 141623 209639
992 10442 20937 23177 24282 25915 48285 58322 70140 83657 112462 121107 124306 196074
3744 10292 24253 27306 27671 30903 42909 49567 53176 75094 93213 123166 169105 169923
12291 14172 14725 25581 25962 33854 51580 55977 56694 66408 83074 94580 139827 257424
7200 13362 14402 20184 21583 23398 25139 36252 45861 87357 109789 120913 173690 217453
1911 3281 5623 13717 21113 21203 25819 27242 34113 40871 63111 67011 122037 442327
