1000 25 26
2104 2541 3325 3408 6212 7811 8797 12509 20590 22553 23335 25899 26734 30918 32702 34771 37537 40523 42892 44813 54193 70834 71027 91285 105087 145850
948 2384 2670 4251 5658 6820 14657 15824 16774 17680 19817 24942 27322 29317 31308 33355 36935 37657 54932 59645 66272 72370 74092 84945 100644 135318
3084 3246 3825 5208 9419 10307 13979 15142 15498 19541 20701 20816 25024 27446 29105 31137 31328 32194 43255 46895 51343 68428 75447 89789 124340 138515
7 2920 3432 5405 5583 8115 12199 13245 15187 15446 18118 26046 27813 28802 32634 32800 35071 35441 53014 54412 74630 85310 86192 87794 91400 118429
836 2735 5538 6724 9437 10739 10946 11429 11730 16203 16275 19397 23948 24051 24554 26415 31624 34295 36063 38263 38553 68879 94084 134724 141292 144204
2567 3097 5092 5306 8451 10997 11361 12214 13025 16714 19690 23426 27574 35295 36590 41221 43377 43647 44806 56228 64812 67079 76312 82847 83196 136237
1733 5545 5598 10847 12006 12865 16136 19882 20548 22136 23658 25445 29359 32675 32864 34187 46062 47191 49392 54718 60667 70120 74499 74522 76671 103832
86 2327 3582 4197 4541 7336 10184 12074 14234 14342 15073 15653 23885 24628 29786 31942 33791 35360 42738 57561 65328 67661 75091 99767 105039 157699
1569 4139 6559 8944 10853 12298 12420 13880 20227 24122 24235 25381 30025 31936 36177 39412 42404 44140 49733 52928 58523 61742 63166 76112 81829 140451
1684 3118 3459 5529 6340 7896 8873 9204 13476 15975 23401 25436 25491 27497 28492 30646 36279 37649 44420 49556 59145 68003 81950 90267 98161 157216
695 4916 5241 6166 6703 8350 10307 11961 12295 13696 16026 18056 24751 24753 29408 42377 44476 45369 46990 59095 62256 64671 79289 92156 94029 133469
1033 8927 9468 10665 10723 14024 14876 17020 17675 22701 24309 24494 27263 27748 28459 30365 34534 57529 61053 65163 66893 67645 72614 77201 83121 106079
1995 2181 3741 6628 6747 7022 7334 9406 9800 14815 15988 20606 26235 26451 35301 36657 49366 57439 59173 61878 62456 64810 67300 99807 100929 129091
2019 4121 6314 6824 9807 11903 13070 16041 16814 20785 22180 22968 23803 27170 27262 29210 39388 44074 48568 51471 64188 66140 81603 96174 101114 105474
676 2065 2084 4962 5604 5743 8271 8930 9020 15132 17021 20738 23443 27375 27392 45341 46222 46860 51691 61664 72603 77636 83834 95619 101124 113873
83 2370 4191 5241 5944 6712 7024 12150 15677 16183 17656 18885 22098 22683 24460 26090 28616 29183 41453 42035 44688 61360 107787 129724 131539 137306
2286 2884 5350 7749 11243 12364 14595 14975 16926 17082 17760 19723 23701 34356 38054 39610 40840 44864 48003 58003 59482 60202 74420 89032 99719 127809
1068 1925 4857 5063 8289 11577 11764 12984 15083 18013 25926 27982 28431 28973 29078 29856 35586 36279 41930 50478 56225 72480 89708 95901 109846 132916
467 876 1492 3465 5854 7517 8961 9721 10921 14072 14601 17461 19801 20341 22563 32440 37188 44111 44253 49934 63580 71880 74094 77859 83286 225388
223 336 6726 7739 10248 14482 14499 18761 19905 21716 22519 23925 24573 32388 33342 39903 41108 45967 56664 56751 58186 58697 61307 81031 103339 110133
797 1944 2523 2665 2918 5017 5353 5504 5582 10666 11586 13273 14931 15587 17933 21337 31351 32251 37264 46234 77199 79805 85607 98973 134572 208943
3121 3946 5633 8559 12060 17767 21486 22142 22146 23400 24577 29094 29696 33035 33372 33719 34685 35212 36321 41892 44126 49696 62118 94674 97427 159359
2767 3187 6053 9152 12783 13168 15415 17101 17460 18420 18871 20861 22205 28412 28704 31517 33340 36154 47922 51214 64620 65086 76143 78993 97647 165526
595 2241 8089 8953 9406 9461 11410 12438 13473 13945 15226 16020 17072 20157 24366 30207 32867 36768 46135 63425 68816 75326 82500 111580 112897 122523
663 963 2510 3486 4436 5548 5608 7060 7219 9195 12776 14657 17372 20213 20976 26146 37808 43570 52665 64844 67944 73117 77041 100209 126974 167343
