1000 33 36
34 663 1325 1612 1888 2076 2077 3711 5268 6301 7818 8459 8804 9356 9955 10308 14314 15637 17290 17571 18737 19627 21556 22145 25057 25559 31353 35762 41272 41606 47926 52758 66682 70099 71911 84097
134 864 3204 3693 5057 5605 5943 6477 6630 7447 7998 8488 9366 9998 10612 11128 11173 11351 13621 16132 16729 17134 17564 18977 19253 25079 28450 30151 30867 35423 43546 47433 55855 62329 66106 79909
25 66 529 666 791 851 2273 2375 2435 3463 3544 4584 5595 7185 8278 8866 8993 9673 10441 14545 17823 18902 19659 21338 21487 22064 23402 36016 38474 39007 44505 44601 49906 53353 59116 94927
1070 1197 1748 3137 4041 4410 4619 5537 6883 7046 7256 8257 8596 9179 9287 9317 11079 11886 13153 15727 18781 19755 21671 23267 26895 27380 29164 29615 33570 35770 36534 39394 40846 40901 41949 57715
911 2451 3806 4038 6207 6258 8436 8453 9637 9917 9939 10043 11732 13866 14498 14955 16113 17062 18429 18743 19936 20041 21241 24138 24566 24646 25461 29193 31130 32096 33070 34153 40043 43366 51622 55571
80 548 569 1462 1739 1913 2424 3494 5552 6241 6658 6717 7891 8424 8769 10776 12152 13048 14771 14952 17296 21975 24218 24503 28718 31639 36543 37353 42822 44974 50438 53672 57509 60121 68472 75823
170 330 937 1221 1842 3484 3668 4588 5273 6399 7228 7237 7294 7386 8799 8939 9429 9624 10868 15006 16079 16391 18256 19663 22449 24826 25867 29708 33016 33650 40174 44913 52050 56255 72526 84475
492 1022 1412 1442 1751 2112 3532 3572 3618 3740 5262 5881 9213 9620 9622 9625 10355 11732 11758 12076 12725 16925 17094 18118 20641 23812 27758 28372 30460 30501 31207 38619 45434 88079 102373 123482
383 890 993 998 1262 1673 1674 1808 3031 3657 4170 4516 4673 5524 6344 7914 9862 10048 10260 10561 11860 12662 14374 16521 23942 24115 24698 27821 41162 45119 46979 51870 55883 55886 102799 152411
109 350 1358 1590 3475 4508 4519 4746 4895 5028 5664 7192 8119 8321 9607 10047 10305 11919 13725 14520 16391 20759 20927 21258 21334 22945 25458 28827 29986 30503 35430 37842 38330 40028 75882 92395
163 525 880 2428 4208 4905 5551 5638 6172 6323 6970 7648 10024 10083 10226 11370 14862 15249 17793 17939 18755 19833 20795 20962 21023 26484 26536 33037 33814 35379 38795 40369 50352 56973 112576 114754
1810 1911 2549 2852 3504 3772 3772 4529 5810 5922 5985 6529 7077 9066 9127 9761 10226 10824 12273 12452 12819 13837 16623 18738 19604 22751 30120 32899 33022 33207 40430 44878 53658 54295 73148 75601
957 2084 2420 2548 3604 4792 5208 6329 6558 7224 7225 7533 8540 8651 9179 12714 12952 14572 14893 16284 18119 21924 21990 23185 23339 26268 29030 29406 32226 34348 35655 36865 37067 38482 56579 91798
134 1123 1746 1784 2066 2277 4008 4512 6580 7950 8761 10175 10914 11630 12253 12826 13555 15641 17957 18636 18918 20989 22275 23771 24357 27541 27935 28740 30692 34255 41359 41564 44252 46991 49147 53014
48 369 625 681 2082 2383 3038 3455 3458 3659 4123 4309 5226 6685 6844 7493 8268 8807 9793 11620 19756 22034 22075 22725 25256 27828 29306 37340 43832 49401 53348 56439 57980 71446 75331 79656
345 979 1876 3404 3536 5300 7056 8389 8559 8602 9267 9458 9986 10490 10695 11994 15695 17260 17342 19717 21877 24655 26122 26720 27237 30748 31166 33041 33973 43392 47737 52570 55036 56482 73832 80383
5 658 964 1185 1956 2028 2244 2666 4801 5384 5730 6154 6596 8764 8860 11350 12916 14089 14195 14290 16193 18279 18471 18684 20151 24678 26317 28163 32548 33390 49478 54134 55837 65817 83601 131144
671 1775 2015 2230 3563 3762 4635 4802 4890 8688 9660 11098 11209 11493 11824 12477 14394 17967 18969 19612 21481 21497 23573 28841 29634 32606 32794 34123 35924 39379 41111 51782 61307 62537 64535 101149
91 1128 1260 2905 3727 4389 4729 4736 5382 5627 5818 9346 9748 9847 10228 11286 13446 14053 14167 14426 14670 18634 20051 28587 31036 34841 35131 36613 39999 42602 42945 44153 49973 65209 65516 68825
395 1077 1572 1881 2123 3030 4956 5126 5198 5318 5652 6938 7219 7580 8945 9153 10721 12893 15197 17763 18065 18128 20836 25914 26436 26628 27801 30687 39495 40265 41651 41880 48472 51212 53043 62702
484 1771 2300 2429 4041 4094 4209 4575 4971 5149 5686 5815 6462 7048 8707 12941 14340 14742 16109 17345 17363 17487 18010 19476 20221 22991 24380 25018 26495 37783 40630 42442 50530 51892 68773 89360
500 503 872 1082 1163 1887 2808 3376 3391 3747 4607 5005 6779 7016 9408 9409 9427 10246 17297 17418 18355 18365 20566 21471 22550 27478 28897 33039 35949 36147 36756 40457 42416 48153 61582 81251
311 705 996 1435 2336 3723 4086 4888 6716 6966 7277 8241 8400 10555 11832 12357 16825 16918 18111 18707 18916 22171 22337 23327 24938 27941 28047 28597 35569 41328 48320 50332 50522 52713 53108 142979
45 657 674 1435 1666 2477 4806 5805 5866 5928 7526 7665 8055 9073 9130 9639 10112 11232 11493 11962 13221 15055 17150 18595 19320 20427 21703 26924 28066 29666 32818 36279 36763 66174 72909 91313
626 922 2475 3702 3712 4034 4120 4147 6557 7317 8302 8875 8952 9066 9203 9334 10487 13563 14182 14207 14795 17353 19394 20650 22337 24246 25881 27916 28372 29746 39484 40583 40815 47609 55849 85001
83 292 1702 1839 1941 2227 2351 4056 4813 5760 7798 8205 8493 11947 13263 17160 17186 17666 18355 19031 19579 19978 24598 28036 32433 36492 38503 39026 46230 48426 48490 50184 56772 60811 63475 73413
177 527 583 678 743 1250 3352 3440 3793 4148 4664 6563 8926 10297 11117 12137 12362 14103 16465 16665 17179 18208 18291 20626 23419 23669 24045 24132 29973 31623 39913 45467 45839 72489 74359 74430
671 998 1692 2507 4158 4213 5614 7684 7744 9413 9521 10605 12739 12822 13879 14030 15825 16805 17527 18574 19213 21576 26148 26149 26886 31126 32703 33765 36104 36590 37245 46152 54140 57905 62591 104043
845 1219 1938 3563 3911 4291 4688 6100 6495 8817 9785 11311 13012 14995 15757 17109 17689 18162 18921 19934 20229 21551 22902 23615 24129 27613 27853 30733 33319 38145 42089 45883 54731 60544 61802 133155
33 610 972 973 1731 2655 2728 3654 3663 4699 5276 6013 6214 6247 6542 9362 11840 11878 12739 15005 15689 16652 20020 20501 21628 21873 28838 30534 31933 34926 39825 47073 47217 52360 89286 153969
459 2992 3348 3969 8071 8393 8525 9560 9897 10169 10886 11098 11428 13438 13947 14981 15505 16646 17921 18244 19339 19413 19523 20148 22136 22202 23415 23510 31009 42052 43477 46744 50731 64117 78320 103904
1388 1408 2528 3064 3219 3808 4130 6426 7493 7884 8007 8858 9550 10225 11596 12423 12778 12857 12941 13386 14043 14200 16120 17079 17269 18289 19499 25338 28202 28456 32274 44129 47437 67796 75516 77526
2018 2054 2092 2697 2813 3211 3268 3302 3829 5456 6418 7343 7823 8462 8938 10396 10874 12115 12365 14877 16227 18262 18437 20172 20936 23381 23590 24995 25346 32082 38748 39659 41207 51983 53735 90291
