1000 45 36
886 3078 3479 3671 4094 5515 6107 6342 10555 11006 11393 12481 12578 13446 13920 14095 15194 15271 16571 17192 18130 20832 21909 25951 26360 27394 32862 36832 37999 50607 61603 64857 70007 70310 77643 136895
578 1353 2614 4436 4771 6362 7622 8572 8904 9112 10038 11173 14961 15384 16338 17588 18614 19292 19620 20128 20229 22117 22325 27854 29563 33202 34927 38627 39704 41255 54663 65645 73555 74828 94320 96009
138 515 1411 2202 2315 2738 5065 5362 6525 6949 9778 11570 11791 12844 13156 13832 14082 14477 16869 18434 25926 26130 30247 31100 31887 32893 36078 42229 48471 50838 57503 60969 61422 76284 88404 103008
105 571 630 1540 1822 2370 2940 4145 6957 9742 11329 13148 13541 18080 20714 21216 21630 25327 25403 25464 26047 26114 31418 32405 36820 39382 39591 42004 42480 44051 51423 53614 61221 61790 63276 96936
614 1107 1148 1252 1602 3975 5180 7581 8326 8786 10247 12730 14046 15200 16543 18133 18905 18926 19513 21304 21556 22071 27985 30161 30891 32582 35006 35042 35185 39516 42018 53870 69120 80124 92867 126508
699 1327 1421 5216 5820 7180 7729 8233 8237 8449 10106 10690 11017 11379 11721 13753 14397 15472 18088 22778 24529 26276 30204 30368 32442 40032 40066 40111 40410 43073 45559 49282 59019 73313 76248 125653
150 653 1759 1942 2092 2670 3967 8212 9117 9576 10261 10396 13327 13682 15897 18404 20157 20257 20689 21248 23068 30672 30882 35921 36105 36913 42022 42497 43354 44585 45884 48976 49652 74628 74940 103601
1175 1275 2766 2983 4551 4883 5990 6741 9120 14007 15293 15297 16419 16463 16517 17549 17554 18408 19293 21521 22251 24205 24577 31669 31673 32065 32998 34235 38817 55119 61187 61673 65985 72469 72766 74466
43 534 548 2689 2997 4855 5715 5858 6986 8101 8798 8985 9373 10605 11557 13084 14274 14975 15564 19695 19798 23914 24531 31059 38894 41361 43560 45115 47196 47488 53108 56347 60561 77299 85239 101058
1020 1439 1535 2315 2831 3187 3237 4252 4616 7188 7693 8627 8850 11290 12156 14311 15088 15408 16618 16839 19058 19704 20472 22975 34610 36869 42218 43558 47050 50419 52880 57682 63415 72657 104575 131594
1895 3314 4380 4397 4575 4792 6327 6812 6941 8091 9208 9868 10477 11915 15613 16790 20016 20054 22906 24246 25891 25960 27785 31926 32484 35958 37846 37972 39832 45610 50796 57413 66422 74822 82014 86406
130 592 1299 1405 7189 8478 8534 9481 10949 11319 12915 13338 13392 16076 17671 18448 21885 22500 23203 23269 25164 25466 29368 30325 33276 34596 38182 41599 42219 48339 51355 52466 57511 60632 71422 77854
431 699 881 2714 3908 7726 10058 10935 11387 12106 12276 12370 14767 16580 16918 18357 20638 22267 26064 26830 27728 29775 30109 31822 33498 34944 35610 41722 42133 42718 42802 43329 43954 44919 50517 139599
457 1209 1608 2328 2778 3770 4096 5210 6285 6379 9067 9092 11994 15726 15875 17461 18171 20584 21251 23310 27565 32876 33448 33927 34259 37534 38763 41331 44885 45457 46680 53194 58259 66606 73763 100865
2124 2379 3036 3257 3962 4688 4972 6078 6090 6331 8086 9634 12409 12548 12697 12861 13091 15255 16618 17260 18863 19138 19758 22218 23743 27077 35612 37640 41357 46789 54925 55158 77735 90259 102362 115829
162 3159 3379 3791 3803 3837 6056 7055 8743 9706 10517 10581 12512 14170 14202 14403 14896 17763 19013 20521 21121 31853 34393 35117 37914 39492 39986 41950 42026 42242 46665 46845 51239 77359 84235 97805
410 1011 1458 1974 2164 2951 4926 5909 5929 11213 12418 15851 16388 17434 17564 18552 19001 22758 23258 25034 26309 27703 27886 28314 30098 32391 36331 37762 38081 46529 49667 51187 53893 56586 77183 130324
420 1098 1574 1720 1720 3545 4419 5666 7039 7225 7720 8735 10607 11202 11296 11766 11947 14159 16909 19570 23275 27788 27866 28933 30812 35825 37856 54412 55461 55484 56340 62133 65912 66382 81349 104725
677 1246 1606 2044 2305 2872 2979 6386 6821 6846 8411 10575 12375 16068 17296 17354 19513 19558 21018 22859 23200 24494 28198 29244 33924 36829 39398 41164 44321 47763 48375 60644 63508 66455 77300 103419
490 2504 3378 3987 6199 6508 6961 7590 7940 8051 8139 9248 11844 12308 12388 13875 14323 18672 19100 19565 20504 21270 23329 25374 26375 29931 30005 31447 37686 43484 54990 58052 68109 73350 85756 142655
152 272 796 2413 3412 3858 5445 5645 5914 10956 11406 11542 11859 12322 13149 14469 16752 17895 21542 23359 24776 25468 26299 27460 29667 31691 32118 39456 42615 51083 51897 63087 71549 78786 91312 98886
1536 1598 2062 2785 3312 3541 3606 3890 4504 5412 7562 9792 11681 13640 13675 15445 15821 17073 21807 22032 25678 26751 26869 29711 30682 35766 36132 37031 38506 40199 40218 63418 64364 85117 96089 112383
12 353 1144 1223 4855 5088 5753 8233 8542 8556 8974 11717 12020 12458 12714 12866 13702 16726 16951 18594 25737 29510 31739 32303 32587 35295 38863 39453 40966 43635 44524 48777 52181 57557 64191 167700
778 1099 1305 1364 3064 3845 4417 5882 5996 8020 9410 10144 12332 13968 14271 16434 17007 18035 22638 24757 30284 30633 32626 33727 37444 37524 38352 41586 43100 46731 52427 54473 57452 67145 81157 97048
93 537 1329 1697 2536 4539 5508 5832 5886 6204 6532 7336 7547 8368 13529 13986 14823 15619 18998 20465 20950 23639 25045 27368 35332 38415 38510 40048 45903 46985 54078 57838 67785 76538 106570 112403
79 185 276 326 1004 1403 2666 3437 3697 4621 5740 6048 9097 9163 9634 10351 16759 20330 21166 23256 24860 24882 25494 29092 33759 34508 34782 35950 40078 50127 50988 54971 71201 72808 87902 145066
2235 4608 5145 13149 13989 14350 16493 18719 19196 21515 21836 21995 22588 23617 23856 24357 24358 24467 24618 24915 25218 26048 26701 27587 28974 32660 33557 35023 35245 36696 40496 40623 50926 58081 60174 60264
903 1008 2426 2522 2733 3664 3747 5531 6682 8448 9380 10353 11062 11301 11620 13041 13477 16923 17481 19044 19741 22773 23765 28571 29258 35124 38644 41107 45589 58250 58687 66615 75573 77746 82868 86362
840 1441 2442 5078 5329 5671 6778 7765 12398 13637 13858 14086 15934 16563 16875 17708 19850 20492 21934 23744 24767 25180 25547 28422 29836 30688 32938 33402 35463 38312 39822 45729 75200 81844 86245 104300
683 1035 1867 1996 2290 2632 4229 4926 4930 5242 5243 6936 7471 7702 8240 9236 9475 10923 13673 15159 15912 25202 26057 31259 34025 42159 51400 52645 53718 55521 56305 56561 67673 80027 82931 105839
56 139 469 757 1040 1195 1973 3350 3625 3886 4147 4770 6667 7932 11327 11824 13269 19354 22119 25575 26842 27655 27943 31293 31622 35234 35997 37408 40558 41758 56612 66506 69465 93000 98695 117792
2301 2310 3774 5129 5699 6207 6717 7527 9292 10988 11404 13922 14846 15083 16246 17941 18100 18609 19314 20423 24051 25114 25787 25877 29317 31778 33029 39255 41688 42178 46904 52777 75904 77027 89682 90929
843 2263 2749 3498 3840 4540 5128 6234 6393 7097 7854 8339 9756 11570 11725 14784 16162 17534 17608 18018 18991 19983 20083 22383 30593 32989 37127 38819 43409 43916 49106 67502 73182 83687 83986 119712
132 1470 2016 2105 2532 2579 2790 4048 5710 6078 7140 8645 9526 9888 10586 14169 16675 16785 17562 24702 24825 25024 25168 27876 33991 41070 44391 45529 48628 58550 59356 69645 71068 71121 77052 79431
1415 1881 2565 2788 3331 5064 5375 5869 6161 10579 12982 14568 14840 15125 17101 17948 19929 19977 21492 22215 22520 23452 28102 29315 34343 39543 39920 41056 43095 44003 45981 55527 56401 56922 75978 123848
4829 4971 5358 5972 6399 6904 7096 8604 8785 10768 10978 12007 13574 13660 15373 15959 16468 17035 17460 18303 19266 21837 23904 25824 26181 28880 31722 32663 40402 43583 45326 45807 53643 54094 123061 127035
306 1043 1489 4685 4827 5563 5682 6309 10422 11037 12655 12777 13672 14681 17267 18323 18360 18395 20565 22265 22752 23320 28696 28912 30348 34496 36724 40099 41918 46794 46903 59793 64149 66651 78194 99413
1006 1472 3123 3164 3884 4478 4493 5233 6743 7725 9043 9166 9501 9885 9945 13310 14840 15772 15776 17132 20072 20300 29068 30877 31569 36935 38901 40658 44727 46281 50079 50942 77773 79966 87755 120576
756 1166 2051 2207 2511 2721 3270 3654 3716 6442 8410 8446 8708 12411 15335 15684 16234 16327 18580 20992 22906 25558 25932 26176 26645 27079 27602 27678 32797 40398 52484 52955 55817 91772 99157 157302
586 930 1688 2461 3003 3628 3863 4087 5139 5246 6420 6443 7810 9393 14757 15185 19010 23604 23792 25088 25570 26731 29487 32599 34554 35925 38236 43847 46880 55273 58740 59373 60047 61931 94510 96408
602 961 1403 2864 3093 3112 4176 4830 6374 7545 8286 9325 11110 11305 14060 14173 14965 15924 15992 16132 17543 18742 24559 26867 27593 27852 27951 34194 43980 46811 54251 60442 67771 76602 93721 149768
2169 3195 3585 3746 3755 3811 4564 4891 5583 8333 9683 9946 10762 12298 16412 16632 17242 17607 18659 19717 19977 21225 25492 25649 33699 36028 37313 37958 37970 40167 45978 46227 58291 78047 114729 116976
500 1749 2424 3620 4189 6216 7606 8213 8918 10533 14427 14549 14973 16831 17118 18370 19446 20758 21655 22622 24782 25196 30174 30638 32926 36760 37564 41003 41312 46170 47387 50115 56521 65936 68377 113918
762 1267 2350 2477 2694 4783 4954 5323 5869 6544 7502 8583 8603 9168 10243 10818 11506 12103 12240 13422 16161 17052 18161 32509 34941 42135 44899 46969 50415 51241 53621 53697 65753 77480 103930 114258
964 1265 1809 2409 3670 3856 3991 4525 4605 6273 7601 8040 9335 11863 13824 13992 14198 17521 22898 23672 26440 30912 34439 34714 40489 43251 44333 45304 47312 52543 55190 57296 57512 76540 80576 81503
