1000 32 8
17050 27930 36121 76539 99208 124217 184092 265967
23211 67530 70982 90965 120609 130752 140426 280576
25590 45447 81517 97472 133411 141332 165527 165665
7086 18143 75980 89265 122028 133091 178649 199949
5474 44468 76350 88497 91461 166386 170109 249188
16345 46502 48012 94294 107229 115397 167326 211404
3565 9508 80094 105141 108043 126225 131237 276306
8957 12038 14346 31290 65958 119130 244031 413146
2559 29780 37793 52207 52493 167327 234152 238044
1817 58143 62523 68084 88221 112695 183222 280691
2117 2414 7151 22350 124291 203033 244341 264461
1282 7272 49139 126387 141926 178006 182572 193440
13350 23587 24172 70318 73606 94051 112310 449162
26852 36489 66922 86422 102473 125155 182417 306687
160 19199 25424 49596 85864 142754 152866 329103
1115 10982 35329 49556 112751 181813 188724 267237
12898 25808 89808 99711 102383 159610 175797 236734
54329 56159 65252 67937 70991 155068 183005 253436
2668 9238 13055 92459 149932 189154 194947 213245
892 16382 51550 103727 162211 163061 175245 177241
18982 23102 25835 28893 99620 195784 229002 240513
31835 33815 38988 46145 48718 81507 141395 505435
11006 16514 21206 30782 101594 113469 181764 330437
20328 24767 38242 71576 85868 116284 195901 360015
2934 24314 32173 70498 104545 135325 276806 284713
24025 33724 35335 104403 140886 166022 171825 215487
12605 21613 38781 43236 99578 157312 212898 264712
19943 49045 49830 63753 111772 139663 156631 304983
1407 19215 33716 59178 102870 108954 203257 391691
16521 45686 47534 60556 83904 87371 195940 347554
2661 17255 27042 34340 35474 57277 93441 564702
10073 20478 37090 57202 62145 117863 167296 433831
