1000 24 39
100 136 429 436 1051 1608 2975 6741 6804 9238 9306 11123 11336 11363 13069 14544 14622 15623 17574 18875 19338 20217 21180 28246 29346 29378 30330 32095 33183 34050 36305 37339 39700 48683 51402 54296 59209 62796 76586
264 945 1008 1540 2079 3659 5668 6128 7680 7721 7774 8503 8898 9642 9734 9792 10521 13975 14298 19543 19945 20444 23714 24681 24760 25717 27573 30145 33542 40728 46026 46833 47205 48544 49819 66372 70691 78950 82336
581 1262 1865 2524 2737 4656 4812 5960 6067 9451 10744 11533 11650 11828 13676 14112 15348 16439 16850 17469 18284 19496 21111 21525 21865 21974 25469 27770 34781 36462 39976 42995 44190 48283 50070 55301 61414 67193 124730
1057 1076 1593 4186 5878 6198 6731 6841 7379 7418 7448 8231 8776 9116 9411 9850 10325 10494 11303 14529 14886 21347 21901 22122 22258 22580 24117 27490 28015 28256 30931 35845 38258 42502 48613 52387 77363 93705 126889
589 693 1320 2678 2793 3187 4215 4224 5552 5557 6090 9645 10349 13218 13226 13263 14125 15248 17743 18282 18808 19630 20937 23176 24432 28314 29608 32117 32840 44221 44429 44742 49848 51338 51354 54263 56813 60671 85363
83 101 1125 1498 1822 2668 3793 4372 5077 5594 7265 7320 7566 7651 7686 8540 10137 11725 14155 15278 17250 18696 22201 22564 23476 25703 28066 34364 41301 44001 44734 46952 49479 53796 57186 59549 62893 75686 87908
410 742 1102 3421 5365 5837 6690 6734 7682 8260 9245 9291 9523 10801 10860 12298 12514 13514 13978 15074 15624 17794 21016 22638 26134 26840 28538 28616 31991 32697 37772 37862 41261 45405 50568 60935 75260 87144 99067
477 594 1450 1599 1718 3114 3228 3775 3826 4166 4247 4691 4771 5651 6239 10365 10716 11711 12734 18424 22488 24196 25961 30059 30186 30231 32113 32785 33089 34950 35520 39490 43814 49607 54555 57511 63406 83306 97944
90 197 509 787 1303 1911 2412 2777 3831 3942 4127 5315 5803 5925 6374 10379 11009 11516 12760 13215 14020 15280 15597 15636 15800 17534 22044 25876 34454 34925 37338 38335 41388 45149 56788 69939 79648 91689 149601
29 1045 1561 2158 2371 2548 2939 2955 3109 3364 5919 6107 7095 7901 8193 8466 10157 10462 11966 14908 18582 21511 21633 21635 21830 21915 24211 29619 30936 32263 33518 33922 46883 48299 51480 55045 80214 91829 100700
389 657 1267 1319 2731 2759 3612 3827 4510 5093 7787 8164 8340 9898 11672 12493 13679 14065 18113 19457 19553 21358 23384 25231 26481 27191 28816 30903 32453 33583 35632 38959 40957 42716 47053 51477 57207 59180 120343
215 3603 3690 3844 4361 4560 5273 5608 10801 11645 12249 12634 12842 13278 14535 14807 14813 15130 16079 16703 17384 17427 19056 19860 20675 20952 20969 33170 33510 36779 38842 40734 49632 49656 57796 58315 60291 61263 62765
1421 2319 4807 4905 5342 6326 7298 7719 9812 9889 9915 11435 13476 13714 15881 18438 20523 20938 21472 21720 22100 22230 23167 23962 26741 27123 28199 29197 31995 35220 35891 41901 42252 43779 52159 53198 53703 58929 68495
583 2066 2437 3882 6179 6523 6809 9272 9569 10099 10403 11469 11557 13207 14455 14557 15797 16358 16662 16801 17014 17770 18034 18856 19708 21881 23587 25048 27654 28188 32387 43718 44088 47904 51283 62731 65115 78274 82265
246 1936 2814 3107 3931 5221 5606 5985 6057 7536 7970 8651 10595 10772 10841 11785 11799 13606 14533 14836 15113 15424 18545 18796 18810 19708 21674 24672 26599 32124 39789 42881 48357 49734 51622 52321 68738 74521 108198
6 400 775 867 1623 1922 1949 2299 3804 4323 4681 5101 6817 7412 9490 9897 11531 12847 13239 15607 16273 17391 19546 27010 27789 29561 31923 37525 40181 43038 44882 48476 50672 54695 60415 64484 65335 65788 75866
72 417 743 1142 1372 3348 3749 7069 8235 9573 9802 10277 10939 11257 11333 11540 14147 17635 17781 19975 20987 21023 23201 24291 26390 27569 27667 27829 36340 38055 38646 43327 46430 50162 53012 56316 62029 62719 69811
138 1464 3797 3973 4471 4550 5794 6546 6812 7185 7820 9598 11295 11749 11890 13532 14210 14968 18379 20839 21000 22983 24113 24180 24288 25675 25867 30618 31334 31560 33144 41761 48008 48245 57715 61762 67288 68274 74152
226 350 2613 4181 5231 5262 5730 6245 7077 9581 9873 9893 10604 12149 12375 13048 13136 14335 15542 16252 16853 20460 23362 24502 26915 28618 32331 33935 35577 43301 43911 44256 45237 52077 54165 55039 60310 61302 74323
615 853 905 1058 1769 1962 2424 4578 5584 7712 8166 9241 10780 11579 12934 13169 14442 15712 18352 18817 19582 20177 21909 24769 25304 26417 27094 29370 29955 30135 31596 33664 43827 44122 46338 53630 61505 83084 122469
2429 2701 2950 2983 3700 4517 4875 6710 6983 6994 7609 8842 9386 13829 14722 15062 16144 16939 16941 17758 18874 22699 23308 26128 26822 28812 30201 32089 36888 37280 38552 38565 42254 42944 48291 49396 49530 72916 84265
107 1431 1461 2983 3502 3876 4212 4355 4982 5156 5729 6849 7046 10219 11050 12441 13812 13942 14760 15974 17351 19209 19277 20251 20555 28324 29707 31405 32166 33121 40245 42983 44354 44470 55321 59136 59879 85380 97977
85 136 541 719 1795 1806 2185 3615 3676 4728 7377 7991 8987 10629 11179 12115 12396 14253 18350 19887 20768 21035 21220 23220 23856 26090 27671 28963 30310 30858 31796 35286 35786 37671 45276 55313 66651 100147 112787
2042 3047 3675 4118 4832 6737 6911 7200 7426 9455 9558 9940 10368 11164 11244 12532 12840 13865 15317 17800 18657 19082 24583 25859 26341 26853 27367 28783 30488 31665 32879 39351 40071 40818 45572 46079 50622 50759 115435
