1000 16 24
3516 3977 5051 7974 13725 15192 15529 17506 18246 20176 20618 21853 23902 36196 39181 39931 40617 40800 41906 43676 51321 80131 86149 86864
924 1507 2996 3056 3239 6705 8028 9335 14649 15287 15444 17389 21541 28343 36889 37441 41974 50821 51120 56363 60523 66727 75750 178237
2395 3335 3982 4390 8577 10027 11999 12348 15049 23813 25902 29567 29680 30850 38576 40571 44451 44777 53979 54000 70155 74002 84996 99536
901 1871 2165 2202 2690 4985 5302 6303 9065 12114 13226 20895 30363 31435 32570 32887 33990 44549 60503 66125 70015 88868 104184 137420
431 702 7953 8015 8361 9486 15363 21734 23496 23520 25883 26572 30769 32305 35985 36876 36934 42398 48518 61458 73976 76119 122886 126405
1659 4075 4880 4971 6435 7411 7888 10978 12733 14130 15157 19699 21387 24379 27709 29744 29764 31113 31835 36448 51527 68436 113618 132967
1516 3284 5125 12070 14718 16955 18354 19085 19559 25369 26729 31305 31637 32783 33349 39250 44184 45799 53588 58800 64717 79864 79869 100754
905 1823 2964 4108 7850 8111 9416 12757 14967 15536 17902 18386 22286 23821 29816 36574 36711 36870 40707 41709 47516 47647 100698 151210
1489 2629 4417 6558 7423 11475 11870 17232 23655 24422 26542 28460 31785 34465 36014 36508 37543 48570 57353 67870 77011 78412 83780 122204
99 604 937 1931 2496 4009 5195 7537 9345 10922 15010 22167 22338 27335 30968 32103 33688 38586 42081 47644 59053 66179 85190 148285
152 841 3437 7132 9760 10509 12049 12486 14172 16687 17603 21134 23560 26253 28431 31125 35986 39887 44782 46978 73436 74390 86628 95695
568 1840 1854 2589 9854 13422 14976 15055 15101 18005 18559 18992 19516 24261 24427 25254 50554 60304 61267 64685 66925 71658 79992 150158
2554 4411 5696 5934 6384 7817 7849 11051 14630 14965 19459 22466 23114 24872 29872 40171 41009 55688 70479 75219 76550 77915 79104 178793
144 3040 7332 7799 9038 13286 17414 19297 20682 20709 21094 24875 25125 26041 27225 34619 39674 44954 45459 49667 51052 52627 66840 76925
536 1436 4049 5880 6048 7310 9978 11037 11491 13572 17311 18517 18972 31945 37896 40491 58484 61720 66645 70462 70744 80549 83622 118432
2297 2378 2553 2780 7620 7952 9578 10654 11318 19262 23546 26542 26730 27149 29746 31734 45477 49533 60911 73387 80578 82177 84961 90365
