1000 27 19
1124 1995 2389 5665 10811 15788 22225 27820 28154 28503 38175 39206 45620 53563 54106 70222 83704 88944 142934
881 1882 4145 4254 6757 9378 11295 14234 14897 21298 41323 48384 56999 58265 79929 92512 106435 113361 213488
372 1061 10961 11405 13085 13523 17365 26978 31008 31735 36654 41869 42229 55543 67361 69072 83717 103981 112816
2770 17276 20504 20904 22783 24434 24968 25005 28060 28479 31647 34243 47654 50455 51413 58753 85860 89360 103852
6398 7327 8966 13093 14115 20066 22547 25400 26907 27522 35067 42022 50323 53088 57894 73603 85365 88297 229340
936 5424 6562 18303 22682 23162 23484 29843 31290 33421 37599 39317 42896 51504 54234 63453 63891 88134 99988
37 3220 11010 12224 20703 24115 24488 26488 29152 36020 47038 48961 49673 57250 71748 72143 85554 85576 132293
300 753 8130 9508 10644 15959 19990 33831 34145 36748 37338 41646 41666 45805 46610 71385 94850 104830 119545
607 12439 14754 15899 15993 20136 21421 26128 26563 27192 35426 35692 35725 38614 43234 87229 96613 134053 182075
623 8032 8890 11682 15470 17921 27265 30981 33581 35170 37635 43256 46041 49925 53337 61353 63061 71363 118267
5647 7742 8871 16511 18757 23518 26432 30796 37206 41914 42543 47604 49168 57691 65169 77069 92955 101160 109513
4388 5307 10448 10449 20725 22259 24338 27750 27751 32119 33776 35244 42905 45510 63857 101376 104207 114796 174663
1939 2495 4388 5183 7380 8134 8386 12675 15396 28291 36831 41562 48199 55708 80757 81920 115831 126994 175213
1342 2303 6224 17105 19298 20894 26843 31902 33224 39264 40661 46790 47561 55438 70347 72552 75914 113634 139754
3577 7167 10488 14125 15569 18300 20024 23010 24854 35751 37827 38684 41093 58375 62150 75373 97570 103315 125189
7404 7690 8701 12925 19574 23969 25043 30101 34820 38601 39033 42339 44288 59513 63084 64575 65960 94685 109240
2876 3539 5998 8207 17663 19198 19465 25761 34363 44360 50412 50435 57605 64229 68253 71747 91129 91923 123918
1022 1512 3565 12306 14033 15240 19581 20963 26473 29759 34990 62547 71666 73833 74752 81378 81772 95227 168671
2089 5895 7525 8218 10131 14877 19813 30225 32138 32499 35289 36418 54145 57708 86771 88432 88670 118518 126033
281 841 3337 9526 9797 11451 12818 21752 29679 31316 37027 56758 58432 63267 65447 89229 95838 118637 134359
1152 1787 4509 7985 9495 18277 20046 31522 33602 34219 35249 43416 43935 54792 69405 74397 93410 104590 151090
1527 4879 5452 7233 10432 11486 12715 13651 14586 16044 20093 22339 36179 46585 49289 61826 89281 147610 158874
5488 5659 6445 10045 10586 10645 18262 24836 25027 28134 33541 33879 35742 51543 51879 54717 88945 100436 138335
1603 2822 9076 11378 16756 20865 22112 22257 24762 25207 28274 28723 47333 48539 50027 51887 55811 94090 233664
300 7392 8614 11341 12822 15301 17464 19428 19493 21176 23110 30760 42020 44427 61172 61632 73925 97974 231607
1 433 947 2417 3581 13894 16206 16931 18394 20090 20263 24549 58414 73036 75855 84514 89657 100015 124877
131 2238 3197 8389 8912 10764 15943 16989 20593 32952 38754 40245 55540 63932 64631 67083 98756 116128 136528
