1000 17 37
1560 2196 2588 5481 5618 6691 7097 7683 7799 10052 13840 14661 14822 18629 19841 21036 21099 21507 21706 24251 24385 26150 27813 28991 31406 32130 34169 35561 37456 39979 44376 46190 54885 61396 62029 66229 91911
49 94 1437 2601 2912 4084 4153 5273 6091 6299 6353 8539 8790 9402 11304 14692 14717 15701 16754 17214 22599 29272 30512 32691 32795 36008 37577 40644 42514 52067 52243 53436 58009 63270 64411 72444 110660
383 987 1695 2892 3549 3865 4369 4382 5020 5814 7264 7652 8076 8675 11700 16619 16849 17789 18158 18277 21679 27605 28622 32124 33560 38854 45259 46133 49949 52957 53442 54587 58851 61467 61560 77670 80439
1297 2780 3087 5930 6033 6416 6524 9131 10575 11231 11593 12327 12478 12672 13436 15102 15169 15623 17496 17870 18533 20779 20885 26652 27159 27967 29037 31954 33529 33908 39931 47876 48802 67701 77178 108679 128054
2360 2871 3103 5782 6634 8922 9239 9624 10320 10392 11047 11666 11915 12528 12671 13103 14594 14666 20101 21885 25466 29558 37837 37887 38457 42003 42315 44045 46059 48394 48815 49283 50678 52443 54335 61862 67764
1562 2918 3529 4247 4413 6375 7035 8595 11721 12245 12322 12678 12910 13351 13757 15445 15849 16193 17129 18413 20681 22264 24880 26307 27086 29283 32197 34127 35339 39311 39967 59754 60726 64514 79460 87346 97264
15 790 1103 1266 1328 1659 3543 4027 8196 9112 9981 10729 11868 14088 14179 14223 16753 18677 22724 23790 25125 25922 26649 28476 28943 29427 34193 35695 38460 49126 56697 58243 61192 65630 74549 75214 92005
366 1071 1273 1333 1924 2239 2696 2820 4756 4830 5156 6305 7675 9077 12445 13723 14023 14143 15037 16918 17651 20080 20645 21481 24649 24714 29101 38222 40752 55311 60375 63450 64107 82893 83918 85179 119313
522 1080 1320 2083 2293 2493 2989 3296 4420 4804 6587 7415 9604 10490 13491 13583 14414 16723 18829 19321 20641 20791 21342 30299 32120 33396 33495 35897 39070 45573 50202 54719 61000 71938 89912 91704 101305
1173 2284 2584 4637 4826 5361 8558 10311 11843 12150 12406 12811 13195 13715 16587 17544 20415 20564 21389 22808 23764 24393 24745 26925 28653 29276 34218 38290 38450 40172 42018 49681 51167 58444 62719 89932 92030
1364 1590 1759 1896 2212 2300 3675 3821 3877 5352 6433 6603 6670 8726 8806 10703 11180 12362 13160 15447 21691 22890 25515 26445 27902 29853 34634 35226 37629 45284 47091 56406 83017 87857 88292 92941 98265
458 1406 1567 2231 3757 4451 6867 7628 7823 8379 9461 10300 10899 11511 12239 12272 12777 15313 17181 17930 19593 24282 25195 27637 28112 32376 33855 34033 34681 37347 56504 60217 68890 72164 75649 89472 96811
1460 1494 2607 2967 4227 4632 5274 5464 6070 7236 7675 10177 12516 12941 13505 15360 16419 16816 19272 22538 23881 25962 26156 26365 29526 31235 32519 33786 34234 35416 39141 52814 64451 76329 79694 92195 95855
1181 1399 1919 2121 3568 4295 5803 6053 7990 9193 10552 11368 13391 14238 15752 16559 17675 24663 25464 25889 30272 30463 32431 32919 34969 38351 38438 39163 41267 49248 49745 49796 54084 57406 58641 62092 73613
88 235 969 2250 2650 4838 5148 6833 8702 9107 10515 10740 12066 14188 19787 23988 25426 25759 26088 27410 27594 27752 29231 30983 36045 38240 38784 41272 42496 43490 43823 44957 47434 49171 52160 79059 81546
40 135 1117 1452 2611 3926 5367 5992 6488 6976 7665 8380 8546 9189 10193 12314 15173 18114 19014 24419 24610 24975 25580 26059 28551 32025 33507 35101 35781 36963 49804 52613 61047 66632 82693 95374 112647
393 410 889 1288 1527 2074 3040 3349 4210 5070 6578 8319 8946 10204 10787 10848 10877 12713 15573 16986 17375 19142 19925 20378 21256 23619 29355 37802 43211 44894 49244 49846 69734 74083 76834 112418 151519
