1000 33 19
2728 3218 4347 5570 5907 7416 8586 9857 14042 14510 34090 55637 60945 63401 71428 78420 91709 108119 116991
1177 1360 3395 5727 18392 22049 28261 29623 30363 33659 34449 35281 39456 47686 53277 66136 67460 114957 170419
1387 2655 7525 12857 14277 18242 19093 20592 27499 28913 33424 43020 46802 48678 72593 83600 84637 87329 130549
345 1281 5717 7115 9407 12436 18860 20540 28614 32568 32898 43576 46860 61944 70764 86501 90997 95681 156802
1173 3670 10841 11146 17168 17184 20511 22602 25401 29220 29887 37638 40359 43982 61508 64243 66534 87212 179792
2414 3048 4430 6561 7508 7695 13470 15965 26531 27442 30375 33851 35525 40596 45564 58900 64016 105677 159663
368 1239 4710 6170 6415 6913 10755 12342 25535 28378 41034 44682 46214 49949 52447 72413 77076 78647 154567
349 1717 4215 4582 7212 8039 9411 17484 29848 32965 36031 39362 42145 63270 70526 77813 89211 93695 110552
4875 7539 10639 10872 13112 24842 26220 28881 34814 38216 38404 44258 56919 60911 74463 78998 85025 87182 98004
5212 6588 9320 9460 10714 13524 14930 16868 32930 35542 46307 50257 52617 53078 61271 61951 66844 75755 76353
500 1660 2375 7252 9140 11158 12733 15999 18801 19290 20730 22270 27250 30137 43041 51761 126142 141472 168637
1509 1718 4272 10945 12278 12593 14089 16119 23830 23964 28870 30743 36540 49520 56802 65416 68777 75172 155528
4224 4499 6018 8226 8357 14721 15728 19258 21047 24154 27143 27364 28824 29831 37886 53026 92907 145368 163983
1681 3093 3800 4801 9880 10604 12297 12843 13428 25068 30590 37261 41577 50710 58566 59267 71033 118514 159376
935 3137 7913 8489 16227 18231 19786 22753 28344 29168 31382 35806 36337 42723 43901 60827 72780 122813 175653
645 2946 4413 13746 19649 20091 22378 28919 29003 31224 31878 33416 40340 41327 49781 79256 93665 119687 130886
1486 5777 7840 8451 12309 12808 17676 19546 21549 24719 32732 35597 36337 36353 44234 44951 53801 83572 198260
3772 7102 7843 8445 8717 11525 14166 20367 26740 29508 37332 43455 48951 52870 54407 58553 73610 103046 146320
3275 3755 4249 10014 13696 15536 17131 17397 18195 18851 22859 23790 31725 74668 77228 79520 89749 144133 188786
6341 7258 9217 10261 10502 10690 12213 21513 23344 26169 31924 34532 36202 46923 55432 65174 78331 100672 181795
773 983 1335 1438 2286 7779 10931 25505 25616 28052 30582 34100 34472 43277 63131 75372 86849 94493 107408
3527 5466 6756 12549 13387 19694 24146 26665 27714 29222 29914 34565 40853 49395 65896 74708 75094 100755 110580
336 5777 6131 8422 9706 18348 18429 19233 21239 23517 23671 24883 26374 32635 41649 73098 84611 125430 177099
1247 1522 3052 7133 7840 9067 10820 12306 27508 37093 38144 38901 42518 47975 55214 62530 70345 85047 116217
174 5733 7215 7539 8474 11154 12090 15546 17093 18826 20095 31683 43769 46652 48347 52348 56104 117034 168178
3949 4906 5246 5625 7242 10575 14722 15574 21646 24064 27476 36002 41630 59652 63567 78152 78207 92613 298989
192 7696 8025 9570 11580 14071 16473 17081 18933 27959 35567 38541 40763 41880 50528 55883 86598 94854 146469
863 1630 1644 4893 6549 16356 22574 25317 26758 33104 35570 39336 41483 53179 67048 77104 78158 83661 93985
1935 8066 9801 10260 15326 26766 27591 28193 33339 39912 49418 53437 53734 62141 67685 71361 79267 115773 117033
1746 2404 5897 11656 14192 17730 31153 33550 35614 36599 36710 38597 41737 42349 45646 63003 72667 78802 161965
6335 8952 11955 16478 16844 20138 21386 28845 31427 32410 33491 34687 35671 37790 39708 41667 61046 69469 156702
56 204 2598 3617 14902 17826 25114 26991 27212 27895 29179 43413 44850 51429 51548 52461 82495 89867 119911
3041 5570 7159 9965 10795 15791 19220 21439 21892 22453 27657 34066 39188 44001 47573 78544 84806 94662 112167
