1000 14 31
353 455 533 1747 2208 3167 3813 6068 11538 12206 13731 14103 15018 18376 19462 20309 20349 21618 21987 22393 26199 29138 31443 34370 39901 47508 48892 50637 63120 82218 111953
534 1389 1954 3740 4170 4673 6080 6344 7171 7492 7961 11205 11653 12361 15462 15926 15945 25179 26570 32768 33342 33576 33743 39897 50597 53608 54122 67236 68180 90091 136341
981 1062 1451 2893 2933 3145 3241 3863 4110 4670 6644 7123 7383 11210 13953 15855 16271 18130 18463 20363 20418 21739 23404 27243 32549 43374 47168 58803 75013 83786 94440
889 1004 2240 4607 6540 6646 10088 11000 11747 12202 12781 14737 14820 16891 17267 19090 19370 19437 23904 25358 28776 29034 30541 31205 34910 43362 44188 51662 51907 64555 91480
265 292 1279 2115 2995 3080 3147 4092 5482 5836 6583 7133 9635 11742 13562 17341 23863 26246 26517 30537 31972 36471 40798 43533 43959 57463 61507 71774 72015 81575 124389
242 442 459 1061 1510 1523 2512 2633 3065 3815 4680 7099 9448 12348 14815 17402 18157 20028 20881 21437 22362 25815 30540 32347 34891 36473 40061 52642 82141 101799 112191
354 1000 1544 3153 3357 5913 6031 7315 7595 10095 12760 15264 16133 18305 19082 21694 23578 24712 25216 28832 34185 35483 36936 40252 43196 46039 49973 59361 59493 63607 98202
145 1525 2474 3291 4271 4581 5420 9518 10082 10388 10481 10566 11530 12900 14136 15044 15226 15301 19164 19829 20112 20705 22139 24466 32708 38298 42409 54308 58998 68694 70089
189 425 1440 1930 2115 2633 3314 3690 5653 6199 6733 8332 8843 9520 10152 11130 12184 13793 17936 18629 28556 28812 29677 39228 45960 57416 57565 65806 82891 83201 135175
740 966 1878 2602 2991 6443 7429 8021 9448 11462 12366 13124 14609 15493 16878 17488 20183 20415 20450 20749 20935 22775 23350 23464 25072 32591 34615 42495 54630 63403 77577
342 361 676 898 3639 4182 4556 5763 6108 6540 8042 10069 10536 15406 19370 20128 22066 23819 24396 25059 28232 30606 31902 32992 33283 41800 51795 60879 80662 122924 131841
2140 2658 3589 4030 4296 5732 6125 6346 8014 9132 13161 14501 15099 15136 15159 18727 19310 19720 21677 23017 23321 23574 25606 27723 28126 32651 39408 58747 63914 72303 84855
227 367 2654 3287 3327 3911 8337 8541 9433 10327 10794 11046 11138 12189 13730 14406 17261 19888 20637 21448 21811 29712 31837 39259 40246 45289 52566 54433 61475 62506 69388
583 3369 3620 3732 4046 4672 5418 5698 5701 5999 11081 13874 16904 17392 17910 18014 18134 20257 20758 23146 23814 24048 27690 29814 31869 33784 36950 52249 53141 96010 114984
