1000 40 16
2065 14043 18930 33499 44494 44889 53377 54056 54076 64917 65530 66596 82406 106226 126534 158504
2828 5271 8080 9798 15022 26871 27447 31274 35190 53547 62885 65169 100773 157409 176991 207636
9396 10183 12114 22787 23388 28320 28922 34163 39823 40577 48444 60072 73095 122260 142542 292892
1289 5510 7766 25603 31010 36927 36997 39288 53908 60245 94917 96219 103052 121841 136932 137170
1239 1253 4221 17712 18108 19550 22599 34231 37044 69427 81691 92655 102870 109814 175495 197792
871 7560 17642 20858 27164 27362 29695 44984 56295 64960 71447 95979 100478 108945 139610 177114
2056 17191 18813 23050 24037 29140 33706 35266 49332 60111 81837 94102 102234 104169 124481 192248
1811 8384 20224 20809 40608 44522 49740 54083 55111 67860 74142 75188 77291 92515 114190 188936
7263 8437 9995 11411 15024 20827 24116 24384 41743 42929 65175 69287 71956 77607 232665 269453
2967 3708 9768 13163 20561 21872 30262 36623 45171 54614 57880 76927 85773 108856 168916 256109
1644 8060 13963 25992 30188 32188 43529 49782 51853 56746 63238 64426 69438 72971 191053 213975
2901 6020 6210 7071 16219 20255 26060 27118 35755 47459 55973 74267 120043 154474 155816 233288
521 3341 7959 10047 17852 19507 21364 47731 69645 70072 72569 83508 84641 97883 159781 220594
859 15134 21502 26707 32418 34421 38510 41046 47339 55829 83929 99264 107649 124186 129938 133060
3110 5763 15188 24620 36755 51254 51259 53269 58794 71429 79002 80712 99816 104090 121719 125744
7904 9990 15913 17148 18380 25243 25330 26738 35970 51841 55817 83653 100885 128181 137731 251982
1413 11795 21707 43693 44246 46274 52178 68201 68879 69866 70582 82733 84888 85431 110266 122073
13502 17383 24085 28866 29111 30649 35817 38819 48614 53914 56226 81416 97884 103367 137173 191902
842 5044 5772 11270 15206 23296 27615 31574 33806 61779 69441 84744 95626 100541 176141 243971
5069 9819 9913 10908 13000 20032 21199 22853 34907 44442 47547 50722 70227 75394 223007 332332
5877 6626 8893 11116 13973 29236 40589 44455 49074 56478 60026 85932 91459 101788 192353 192954
1699 5020 9090 18540 21023 23219 26649 31744 58951 78385 80615 81791 89863 91592 141594 234245
5515 6546 7069 8577 19163 34276 43887 47797 56110 68088 79291 79560 82975 85141 91042 272067
5316 5491 12895 18128 23899 31199 37569 38471 50982 58819 76546 93033 96268 124343 143464 169766
1370 11400 13930 14166 15787 22116 22210 26260 27364 36423 47855 81853 83072 108083 176557 302706
2366 5068 13466 18521 18600 29692 37736 41016 52601 56996 84248 87967 95545 99274 110347 229550
738 10092 11837 12539 14840 23799 26887 28178 33603 37412 40812 102083 108527 129268 153958 249025
2735 2998 11155 11866 25087 25946 34101 38389 49838 52154 56616 72318 77384 77958 138500 311714
4665 7812 9700 19875 32670 34672 39821 53224 54524 54951 55806 84532 89821 137906 149926 157269
2856 3527 4860 5880 6038 9530 25229 33402 35362 50277 69739 112311 113224 120104 189738 210469
3889 8840 18525 28505 33076 36514 40860 47802 54965 56462 71827 80505 110168 124909 136717 137217
6043 11438 18466 20762 25180 29319 35294 36235 61287 64451 64541 77831 81523 121215 124329 213545
6231 14388 20363 20792 20828 31988 32282 32496 35058 35101 49121 65020 124722 133275 149259 213813
1627 5834 13003 24877 27440 28529 30349 35651 39307 46958 64542 81506 93363 134782 175342 190231
12149 15849 18502 21487 27304 33808 37510 49968 57667 58871 59997 79044 82993 112159 140382 178830
326 1890 3109 5168 7713 18653 49832 52864 59537 60457 64602 69633 93442 138445 180064 182473
3659 5482 6527 11611 12034 18864 22071 27880 40619 49020 54390 60421 90198 106883 159910 312973
1115 1534 4737 7597 9272 17891 42481 48973 49942 55792 65731 103591 119268 143408 149640 168933
7336 7454 9266 9946 22559 25664 27562 29573 33005 40415 43338 87225 104014 125670 176388 237457
122 1885 7282 16518 28571 29257 35810 42042 50422 55687 80431 106115 124258 130457 138507 141368
