1000 49 40
1000 1016 1673 2108 2233 2895 3227 3955 4092 4693 4720 5382 5959 6190 6646 6686 8128 9902 11324 12099 12208 14870 16024 16185 17473 20067 20415 20866 22774 23892 27167 29871 33209 33325 53732 57602 71007 111108 116726 174566
486 933 1640 2444 2514 3261 3755 4327 4366 5181 7299 7366 11430 12623 12786 13913 18075 18769 19403 20229 20797 22630 23286 23474 25199 25360 26651 26881 28804 29203 29296 34684 38139 44383 48341 52385 59891 69949 83566 112375
423 1029 1522 1545 1741 2291 2770 3120 3446 4392 4504 6128 7395 7707 7993 9948 11692 12674 13310 14847 15461 16126 16810 19141 20536 22759 23750 24087 26372 27030 32550 34405 38051 45892 48925 71413 76516 77332 119680 122495
369 1771 1953 2090 2438 7163 7228 7656 8187 8410 10136 11755 12825 14972 16036 16873 17112 17961 18777 19198 22584 23462 25232 25335 32045 32155 32347 32536 33384 36494 36988 37261 38303 38423 49438 51140 52531 53460 60261 81431
651 1157 5208 5217 6174 6250 6974 8315 9164 10174 10882 10938 12549 12583 12690 14641 15242 15792 16042 16492 17643 18302 20852 21224 22091 23187 27542 28145 29052 30828 31942 32420 33491 40610 54779 59160 67562 69170 70255 100525
448 2002 5107 5234 5590 6556 8005 8116 8934 9128 10253 10795 11753 11792 12801 13382 13914 13943 14164 17793 18657 22713 22751 24652 27140 28474 29929 30773 33946 35294 35862 36002 36152 41566 43987 44107 44437 79003 82221 90564
471 597 2278 2865 3191 3231 3734 4451 5577 7100 8309 10234 10300 10976 11431 11881 13304 13694 16178 19127 21082 22870 22946 23423 25880 29866 33725 34066 35164 35440 39987 41563 44999 47427 49416 53669 61896 65670 67285 79802
38 377 575 1757 1876 1991 2346 2695 4665 4881 5048 6040 7793 8345 8670 9926 10882 13111 14439 15089 15373 15947 16457 16525 16593 19659 20347 22413 25331 25518 27138 29376 33334 42029 63112 66996 93838 99646 108808 117977
1243 1353 3262 4259 4485 5571 6334 6775 7498 7763 7786 9221 9453 9480 10616 11916 13222 13772 17047 17050 17103 17413 17654 21123 22435 24427 25172 27719 30665 32169 33330 43768 44236 44679 46755 53008 54459 55636 77579 139277
811 1262 1319 2096 4021 4298 5755 5903 6038 6634 7098 8192 8502 8945 10488 10815 10846 12122 12852 13441 16195 16873 17073 20901 20915 22189 25874 27136 27525 28105 29155 37067 38150 42742 45728 62007 78235 78728 99270 122866
2410 3368 3561 4857 4859 5519 8291 8403 8822 9735 10698 10713 12564 12618 13078 14139 14143 14692 14841 14965 15362 15848 16173 17012 17190 17478 21601 21652 24787 37768 38601 38985 41679 47250 52665 57927 59885 65416 82589 115276
442 937 2709 3019 3549 4544 5882 6599 6769 7608 7630 7960 8111 8435 8630 9199 12019 14173 14351 15794 16611 16951 17380 17673 18192 18471 21219 27079 30032 31059 32882 35877 46977 48987 59011 61244 69777 70226 99324 108811
2608 2923 3080 3720 3940 4381 4614 4786 6157 6995 8117 8196 9311 9965 11121 11971 13343 14773 17587 18449 19287 23084 24251 26004 27062 28122 31762 32088 37929 38769 39392 40717 41958 42090 43652 45567 62924 65819 78834 81922
617 860 2542 2587 4547 4581 4645 6902 7158 9830 10012 10333 11005 11843 11883 12598 12957 13340 15136 15860 16059 17091 17385 17684 18644 18651 18803 22847 25571 28782 37132 41361 54095 54143 58575 61309 67692 70899 82302 98297
808 1316 2139 2441 3752 4054 5728 5975 7058 8602 9061 10278 10574 11585 12284 15768 16273 17588 17919 18068 19642 20364 21520 25692 29172 29665 29956 30884 30923 33184 33342 41475 45118 48991 52514 53592 57893 64235 66447 79765
480 2869 4673 4782 5713 5836 6219 7532 7617 8421 8798 9171 9647 11982 12132 12456 13415 15243 18021 18164 18781 18852 20137 20876 21285 21669 25867 27392 30784 35058 38052 39335 42495 53626 55239 56771 56830 57049 77818 95467
3046 3231 3311 3381 3406 3915 4699 6568 7672 8009 8599 8661 8969 8985 9803 10446 10552 10832 11839 14119 14878 21385 23550 23893 26542 27330 27702 28088 28905 31084 42449 43815 44614 48569 54502 58803 66408 67331 81347 85217
251 432 1425 1426 1817 2146 5226 7045 8786 9437 10160 11230 11843 12050 12281 14677 14873 17356 17463 18059 20240 21230 24686 25926 27339 27468 28345 30292 31049 36023 36839 41719 44579 44778 45397 48432 66293 68813 69936 79348
345 1970 2225 2666 3503 4196 7144 7739 7839 7847 8084 8724 10018 10625 10797 11187 13387 14832 14878 15294 16974 19595 20957 21136 22965 25657 30199 31388 36817 38077 38583 38966 40807 44211 53282 58155 58381 69688 75272 93163
446 1806 2705 3808 5442 6048 7108 9173 9915 10076 11116 11203 12494 13054 13172 14248 14687 16793 16813 17367 17950 20806 21400 25034 25859 26396 28121 31242 32215 33785 37484 38760 40375 47689 48297 49292 56581 60348 62057 95918
351 398 490 552 2179 2485 2603 2877 3473 5636 8217 8294 8742 9433 9434 10861 14732 15811 18089 18334 18878 19108 21272 22373 25144 26179 27696 27903 29396 29999 32173 33527 39247 40748 48421 51570 53436 95668 100365 112057
604 1245 1575 1649 3050 3410 4949 5311 5547 5723 7910 7990 8812 10155 11080 11618 13872 14983 15165 17582 19005 20403 22646 25623 25819 28469 28626 28883 35150 36649 40590 41957 44406 50584 53925 53981 65476 65721 74185 81002
856 1490 1892 2138 2150 2943 3632 3659 3944 5792 6417 6546 6634 7370 8360 12377 16067 17572 17729 18983 20656 21333 21520 22692 27181 28954 29110 29578 31788 36227 36856 44118 44363 50705 53077 60230 65237 66188 74935 85076
170 516 716 1024 2296 2376 4243 5785 7832 9704 11350 11920 11964 12679 15466 16703 16766 17720 17757 21973 22368 22668 24107 24467 25631 28595 29289 29401 30660 30697 31905 33977 39766 40374 43550 46608 53652 68265 69844 111625
682 1248 2571 3767 3779 4508 4806 6046 7272 7566 8009 9054 9692 11511 13047 13101 13445 15231 16282 17267 18546 20694 21532 22896 25224 25277 25950 28163 30083 30359 32668 42174 47491 51698 54229 54500 57423 74272 78012 87960
159 1200 1992 2052 2607 2640 4165 5381 5582 6819 7099 7664 12685 13102 13244 14923 15512 16837 16908 17260 18074 19699 20347 23374 23664 24908 26750 28176 31747 32188 33202 35634 38861 41848 52618 53438 57989 83154 85618 97355
828 917 1510 1656 2891 3669 4785 5654 6130 7240 7961 8642 9051 9168 9310 9578 9850 11489 11691 12865 17776 18134 19073 21021 22121 22788 26944 27670 27949 28097 33468 37491 39416 41813 44183 57069 58238 63605 67311 187207
478 744 845 1649 2162 2994 4430 4510 4550 4588 4588 4744 4952 5353 6687 7600 9438 9878 11259 11300 13146 13417 15222 15753 23370 25989 31042 31976 34183 36883 37196 38777 39836 42985 52425 56154 70729 72182 106394 137909
296 1341 2040 2453 3047 3079 3128 3156 5464 5559 7250 8013 8429 8525 9155 12306 12579 14062 16149 19049 21352 21843 22174 23165 23320 24506 29927 31238 31963 34835 35723 43422 46651 46730 49242 59065 60085 62393 62976 122136
351 753 1187 1454 1731 2403 4161 8875 9130 9346 11168 12645 13237 13695 13879 14692 15929 16381 17032 21261 22044 24617 24709 24755 25747 26512 26929 30920 32628 33886 35655 39137 39853 40651 44135 46937 47771 63040 87306 91632
654 1033 1207 2994 3499 3819 4099 4346 5612 6148 7108 7402 8005 9597 11485 11793 13298 13990 14706 15444 15946 16705 17341 22452 22710 22745 28118 30407 30660 33430 42399 43003 48107 48492 56906 64156 68284 72461 76961 87988
330 521 631 1836 1907 3366 3573 4985 6258 6725 7091 9262 11335 11506 12295 13293 13942 14111 14207 14227 20029 21006 21107 21196 22188 22370 23465 25815 26427 31269 31529 36941 39306 40458 54991 56573 61031 77629 85811 127019
34 226 936 1968 3090 3357 5166 5470 8678 9879 10364 11070 12404 12498 12881 13567 13654 16554 16597 17965 19752 20348 21309 22001 23287 24470 25815 29288 31078 42428 43195 43310 50256 51421 51761 51904 58895 61390 72002 77840
58 238 580 1058 4484 5841 5894 6984 7058 8432 8723 10408 11654 11864 12537 13363 14209 15185 15852 19070 21242 21470 22484 24475 25162 26767 27739 28150 30582 32151 35008 35794 37218 39496 39774 50554 53459 63678 101634 105931
945 955 1738 2266 2815 4447 4730 6134 7606 7687 8080 8617 9612 11638 14600 14643 16207 19851 20037 21109 22538 26000 26448 28440 28644 29229 29813 33700 35072 36048 38527 38664 40112 41029 43413 47011 48489 61114 75939 81462
131 412 2112 2368 4035 5190 5655 7899 7910 8512 9380 9697 10471 10892 11060 11495 12111 12544 13812 16244 17352 18059 19262 19729 20870 21176 24395 24659 27331 32151 32699 35709 40979 53785 63051 64602 69640 78777 85257 85259
1123 2182 3131 3602 4054 4165 4683 4847 4922 5076 6262 6426 6769 9275 10764 13972 14007 14595 14746 16920 18414 18548 20214 21768 22001 22695 23452 25219 32950 34142 34943 36323 37058 48113 48792 50147 51690 94752 95146 108717
751 2809 2841 3831 4168 7612 8703 8733 9027 9919 11455 12429 12990 13941 14867 15668 15966 18081 20938 21710 22105 22316 23986 28381 29643 32083 33031 34765 37425 37559 37606 40361 41665 41943 45465 46668 51300 56364 57603 61349
537 2739 3099 3105 3802 7775 7996 9026 9042 9238 9478 10267 10796 13984 14029 14156 14278 15655 15753 16539 18528 23009 23889 23895 24235 27172 27235 27383 27395 27501 31069 37161 42574 45022 46568 53131 54989 70964 75837 99342
212 1691 4910 5377 5757 6010 6860 7687 7742 9167 9389 10938 11713 14044 14757 17276 17279 18556 18756 19017 19274 23094 24377 25144 25556 26118 27229 28338 31293 33344 36551 37773 42136 42871 45997 51273 54623 62973 73989 77433
721 2721 5543 5931 5965 6406 6448 7042 7555 8971 9430 12919 13488 14353 15635 16177 16355 16458 16463 16527 17414 18994 19709 22556 23137 25034 25219 26209 29642 30263 33869 35161 38834 45070 46583 48532 52992 53706 92253 105287
677 2789 3430 3437 3465 3659 4743 5053 5806 6831 7368 8532 9139 10347 10436 11384 11519 11966 15737 15822 16841 17706 18125 19911 23436 25356 26418 29715 30028 30404 42897 45002 48054 48645 55255 56956 57667 59507 78047 114357
81 2131 2468 3717 4168 5522 6136 8323 8776 9563 10157 10503 11418 11887 12330 13095 13967 14205 15495 17080 17642 18048 18330 19165 19897 20069 20742 20766 22939 28122 31383 41029 48077 50105 55368 57488 60508 65156 96243 105512
36 112 599 2044 2228 2376 2598 2906 4199 5119 7022 7381 7485 7562 9199 10908 11444 12068 13345 14848 15183 16311 17798 19555 20581 22441 23887 24373 26113 26829 34821 35207 41724 47350 50227 53694 73029 82826 91209 148833
430 529 1167 1369 2062 4467 4771 5425 6695 7052 8255 11322 12415 13017 14584 14729 15650 15724 15831 20085 20642 21125 21343 21672 23152 25695 25951 28437 29181 29286 34426 37610 38874 48071 49422 53918 64800 76181 76606 94168
282 1345 1877 2200 3295 4012 4689 4711 6243 6372 6378 11932 12095 12764 13035 13525 15356 17900 18470 20483 23697 24173 25953 26111 26292 29369 30514 31895 32720 33679 33860 34501 35247 43694 47104 52502 55353 61164 83548 88358
2650 2762 4288 4556 4813 8163 8778 9112 9165 9740 9949 12094 12416 12521 13413 14187 14345 14458 14926 15526 19100 19338 19405 19420 20569 25495 26071 26444 27313 28333 33661 37616 48860 51942 54964 56284 61185 67541 78100 78529
85 183 402 422 831 1817 2425 5664 5718 6113 6681 7908 9027 9204 10206 10431 13319 14034 14129 14383 14568 15241 15275 16615 19494 20009 23535 23957 35158 35995 39010 39274 46024 52482 56087 61195 65645 69921 104827 108221
43 956 1083 1234 1462 3218 3453 3817 4550 4862 5140 5806 8103 8140 9456 9729 10830 12776 13489 16219 17143 18272 22889 22900 29653 30558 31844 34683 35052 36814 37716 39514 44551 45923 47506 49296 50031 79173 89712 110544
