1000 19 20
7286 9913 10452 12484 12520 20031 21473 23166 25328 26487 32366 41894 48098 69163 82714 85011 86928 88640 112913 115030
680 4566 5869 10467 13945 21027 21638 24524 25195 30620 38105 39970 47700 49653 52004 58802 66274 82916 122505 157465
3178 8384 11447 12118 12257 17195 18748 19596 26984 27138 31742 35286 40469 43234 43455 60177 71523 81444 84964 249688
2155 5647 5951 10356 10633 11344 13139 22340 26542 28568 28596 34771 42273 48925 79226 90145 93215 98869 103376 116914
393 2611 3320 8796 12205 15770 24228 27454 27483 38560 39987 43997 47965 48414 51856 68019 75831 78428 81531 148902
2167 2923 3629 5296 13958 17789 18748 25887 27674 32361 37685 43668 44100 45395 58979 60598 97495 107252 120469 153244
1099 1925 1931 2517 5294 13375 20977 21666 25036 28368 30963 33030 34219 38667 43656 60287 76508 88858 140118 180304
1422 5390 6701 7780 11477 18392 25310 27364 37627 43015 43223 43744 44230 53350 66907 73118 77215 78693 86217 167833
228 829 2920 4663 5168 7053 7150 12590 16476 17031 18078 42747 43852 54101 62467 109061 109364 119175 129364 159839
552 4424 6374 15691 18100 21973 23542 28017 30505 31281 31433 36517 40166 47624 51196 66840 70564 92069 129229 179225
2055 2737 3385 5758 8052 9454 14145 16318 33226 34767 35151 35289 44546 48955 57782 60816 69645 83245 101491 191041
584 8538 9109 10712 11398 14494 22131 30558 34601 35511 37005 39280 59303 63298 67751 78593 86231 104572 106997 120722
718 1093 1380 1417 1561 1661 6648 7603 8767 20199 21590 31438 47064 50025 52001 65078 67810 91001 108832 333934
1654 2662 5149 7277 10380 11419 11699 20979 30436 32100 37802 41526 42675 48786 49634 79039 85477 90903 103317 196580
1395 11417 12698 14060 14182 15163 15410 19508 20486 21385 33635 37019 39198 48862 55764 58797 58820 98100 141384 151167
898 2849 6129 12825 16042 21666 24005 31516 33745 34178 34331 37875 45461 50237 56481 63275 66325 112616 113338 129058
3379 3475 8705 10848 19260 20147 24192 29123 29878 32344 32710 38684 43249 50502 62066 71195 78710 79008 80455 182974
701 2584 2940 3248 4845 7897 18087 21277 25367 28991 31049 36266 47004 62519 72941 79098 80162 84022 130201 149230
3199 5469 6886 8970 10898 11065 14510 19573 20018 20788 24355 37631 52494 56083 56551 65451 69311 94344 132125 147130
