1000 39 35
228 571 2035 3007 4284 4764 6486 6764 7423 8231 10163 10371 14039 15750 16473 19100 19591 20260 21550 21646 27019 27300 28442 30635 31160 31917 32058 40659 46108 57298 64551 65611 75220 84027 93752
918 1619 1698 1796 2586 2670 3162 6147 6501 8059 9948 10919 11308 13308 16033 17247 21141 22780 22970 23308 23753 28115 29646 33675 33706 35395 38014 38775 39675 42090 47316 51486 60885 71611 151842
523 1293 1736 4342 4412 5120 5820 6397 6455 6856 9832 11872 13349 13402 16863 17294 18979 20424 21339 21524 23315 23726 24084 25994 26884 32178 51864 53254 54466 54584 65582 68946 71650 71737 82534
1260 3122 3475 4048 4385 4386 5516 5842 6562 7142 10028 10979 14237 16339 16634 17067 17901 19880 20501 24002 24705 27569 28993 30034 32579 32631 34316 36582 43838 44423 66654 68929 75724 76878 112316
1424 4773 6181 6189 7204 7958 8079 8262 9075 10577 11001 12354 13280 13525 14127 15235 16474 17527 18577 19182 19788 25421 27353 31615 31906 34250 39642 42062 49704 50004 54308 66839 83238 85416 110746
3057 3064 3494 4981 5182 5340 5654 5891 7406 7498 7746 9660 10282 16681 16835 17901 21122 22591 24590 26407 27320 29010 31308 31544 33334 34602 36555 40323 48999 57852 60183 65609 70852 73402 79740
1484 3343 4002 4345 5538 6361 7272 8705 9146 9154 9414 11463 11528 12240 12590 13814 15758 16582 19273 22893 26619 27394 30010 33017 33322 33969 34017 42720 46472 51370 58671 58884 71140 75486 111268
2230 2611 3350 3680 4189 4902 5071 7173 7517 7542 8234 10382 12884 12946 13150 13918 14800 17579 18564 18614 19527 20874 25459 25738 25952 31329 32855 45329 48611 58577 58770 64515 73871 102092 102188
120 4183 5321 6408 7647 7727 9016 11012 11659 12126 12350 13456 15034 15913 16312 16524 17454 18051 19921 20414 21049 21221 21766 22516 23761 24956 29992 31491 31811 33311 38478 39693 97829 139425 147926
456 1020 1241 2744 5317 5717 6095 6644 7869 7970 8305 8754 10040 10856 18546 20478 22890 24315 24412 25180 29780 30629 33848 35047 38679 39071 42572 47845 50654 53811 54115 55060 58632 68134 79484
43 1120 3092 3308 3831 4911 6149 7233 10448 12902 13230 15029 15562 15632 21774 22877 23377 23964 24606 24782 25096 25130 26834 30276 31919 33423 36595 40787 46543 47282 47428 48794 67866 72521 92616
767 1023 1655 2375 4462 5173 6736 7340 8403 8525 9594 12801 13091 15491 16655 16961 17182 17397 17451 22025 22406 26149 27897 28637 31903 38257 38542 41625 45181 62450 64226 68006 77032 88887 89068
277 2148 2470 2746 2959 3211 3430 8744 9611 12060 12137 13991 14954 15661 19218 19763 19977 22659 23758 24685 25578 26521 26698 27584 30269 31012 32431 34590 48207 50975 51459 54030 73077 74552 124320
433 1471 3129 3645 5233 5435 6529 8065 8852 12763 13457 14403 14777 14849 15631 15783 15942 17889 18020 19489 21341 23387 25894 26322 26449 28399 34191 38695 54918 58015 61438 65889 74125 84700 119521
1381 2473 3882 3964 5194 6654 7076 10451 11332 11908 13722 13755 14129 15175 19771 20240 21102 21727 26240 27346 28669 29010 30818 31511 32443 35064 41517 44274 44976 49239 53914 55811 58205 83939 84927
630 715 1119 2491 2671 4006 4363 4540 6194 6724 8841 8944 12045 12444 12743 13072 13647 15701 16809 17052 17511 19278 21138 22704 26247 34719 39155 45056 45243 52889 55253 68961 85068 113886 152374
1509 2353 3937 6764 7803 8146 8579 9640 9988 10257 12955 13872 15856 16242 17301 17655 21426 21767 22339 23028 25769 27996 28964 33230 37205 42384 47373 49583 50530 52682 56526 60246 61738 68268 69169
85 632 883 1843 4378 4775 6021 6605 7593 8103 8364 9637 10028 14177 14335 20124 21133 21829 22039 23406 26388 26457 27999 33359 36086 40441 41197 43043 46382 49417 50272 50440 61047 90325 107911
672 1232 1782 2607 6945 7007 8255 8376 11240 11691 12896 13540 14057 14135 16693 16881 17585 19502 20891 21375 21913 23516 27455 27585 28719 30338 30852 34868 45237 51331 51956 62413 66183 109198 127268
40 956 1161 3463 3930 4857 5150 6184 7216 8064 9352 10387 10798 11546 12718 13338 16085 16663 19600 20855 21123 21551 23460 25077 31466 31695 37679 51686 59112 59990 61701 67406 76962 104037 109698
556 1279 5212 6019 6767 8020 8630 9721 9797 10604 11714 11828 11872 12039 18759 19236 20251 22082 25695 27228 27512 27766 27788 30858 30863 31844 37119 41536 50365 53509 56462 61525 68711 73696 78735
661 666 766 1317 3792 4661 4728 5884 6237 6412 8629 9281 13101 13304 15397 15806 19439 20459 26623 27297 27687 34116 35107 41406 42567 49669 51047 54248 56221 56305 58107 58351 59425 67210 76575
987 1099 1193 1865 1972 2169 2610 5141 5346 6976 7563 8271 12150 15517 15518 15725 19757 20246 22843 24431 26841 27560 27571 30833 30974 33901 35008 36880 39839 43202 47026 69520 77888 87408 125451
256 770 2520 2787 3026 4722 4927 7184 7883 8652 8933 10675 12015 12182 12909 15707 17315 21364 22192 23557 25960 28315 33168 35692 36520 38383 38780 42748 45145 52863 66987 68093 74149 80914 88825
99 1065 1160 2995 5265 5627 5861 6553 7504 7647 9069 9555 9961 10724 17757 18270 21645 22773 23107 25747 29263 29579 31593 34228 36803 37855 40857 43588 46375 47972 53004 57412 57795 73423 96898
1325 1999 2571 3519 4262 4392 5097 6139 6329 6731 7025 7445 8004 9429 12299 13697 13917 17195 18450 18874 25299 26917 27357 31976 32553 32686 33912 33951 41480 55066 55197 68843 90392 97992 105716
666 767 2984 3378 4413 5291 6272 6651 8314 8437 8833 9484 9694 10530 13050 13060 14646 17576 17653 21317 22091 24654 28428 32384 45700 49669 50406 51413 54099 56979 58389 64857 68793 75308 76237
414 2782 3027 3606 5043 5575 7917 8583 8851 10010 11406 12449 13807 13878 18648 20346 21352 22731 23804 25057 26632 26738 28841 31647 32609 36163 37590 37597 43598 44799 46666 55840 68341 70267 109984
1266 1686 2695 3373 5101 7039 7188 7373 7842 9162 9462 11947 14522 16399 17846 18157 19079 24125 26480 27664 27831 28181 30013 33661 34506 43250 45971 46527 47278 49447 50709 58257 61116 70981 83236
508 2730 3846 5215 6032 6192 8815 10035 10863 11146 12300 12317 13733 14854 15006 17226 22014 22452 22724 25338 25347 26035 28099 28237 29619 30586 32613 36464 44589 46621 49469 67886 74411 79897 83533
373 2484 2631 5007 6646 7564 10846 12770 12941 13838 14871 17899 18164 19482 21225 21885 22594 25185 26667 27353 27889 31287 31831 32343 36723 37556 41544 44658 45348 46177 50377 50675 56075 59084 64002
1810 4787 5164 5457 6935 7037 10531 10534 13716 14842 15711 16310 16510 17221 17768 18330 20031 21862 22274 22548 25554 25943 27492 28683 29102 30297 32361 35442 35592 54719 57160 58310 64839 73740 119474
157 418 1555 2618 3003 3781 4400 6109 6424 6772 7470 7552 7588 7953 9766 11128 11282 18447 20286 22133 23411 23737 30773 33344 33482 37404 46546 52343 52644 56681 58154 58527 98397 102968 106635
269 1339 2970 2995 3613 3760 3839 6548 7527 8705 9017 9728 10137 14159 15137 15174 16901 18926 22142 22814 23140 25473 26213 26944 27567 28654 48637 49129 51045 61689 63911 69246 75213 76934 96537
150 1010 1115 1301 2013 2730 2854 3039 4394 5231 5339 5675 7960 7994 8660 10284 12237 14940 19467 24293 25814 29342 29960 35454 35491 42601 43497 46938 49229 52637 55195 65388 72225 82727 163783
472 1430 2181 3337 3411 4819 5240 5335 7331 9087 11984 12186 12858 13269 14485 15686 17977 18203 18969 24042 24311 24623 26319 28737 34077 34799 35243 40078 43107 47811 49015 68707 71908 96245 118880
678 1806 2012 2968 4135 4449 7928 8535 10145 11481 12146 12534 12666 14490 14964 15257 16017 17468 20729 21309 23331 25484 33065 35411 36476 37618 38298 40968 43266 43706 59288 70837 74933 79508 90117
357 4160 4637 4711 5586 5647 6891 7710 8009 8411 8775 9128 9779 10835 12233 13119 13558 15673 17378 19350 19550 19662 20948 24139 30060 33225 36224 43697 56531 60431 68267 78745 79569 84464 105995
396 929 1568 2402 2616 2836 3116 4641 4878 5702 6965 7079 8472 9773 11016 12584 18521 18630 23133 23501 26316 26757 30390 30677 33435 34433 35280 42313 50381 51281 57647 69102 88014 98697 127704
