1000 12 23
8186 8571 10761 11892 12341 13454 18207 22302 23855 25498 25522 34517 34898 45691 52907 53069 56905 62526 65761 76864 77616 79868 82135
2301 2325 6121 10066 12945 14947 15017 15658 21258 21844 31860 31908 36789 37116 38809 39748 42237 44273 48558 52266 56606 66786 106294
972 1574 3823 3984 6441 11160 15771 15803 17036 17877 24046 26332 27960 31301 42950 56059 64123 64892 78929 79324 90747 96297 97729
918 3605 3707 3929 7738 8805 14943 17995 20888 29117 32203 36285 38859 52638 53732 53760 54303 55824 61302 79801 89872 93762 100071
52 1317 2388 3127 8222 8676 9204 13460 13938 25120 30462 31163 35987 39990 40286 43780 51207 60303 70261 72213 79044 82881 94006
1259 3687 4897 6880 7658 11128 11218 11476 20691 21563 22516 24467 25647 35742 39458 39808 48298 52668 58701 67064 85289 85777 104303
3455 4580 5017 5228 8775 8802 15062 16890 18998 19039 21095 22699 24364 35421 35490 41510 47007 50655 55064 59379 77590 126762 128850
1007 1910 1975 3836 5630 6235 7359 8419 18712 19431 20434 28888 28932 31544 33140 33498 60898 64409 64922 78773 87991 110839 118310
460 1419 1954 2200 4246 8938 11652 11791 21521 27972 37191 43026 43759 49537 52785 54150 58537 59513 59650 67831 74705 75470 101686
2478 3135 3531 6473 9018 12983 13623 14379 15557 20924 22302 24494 26903 34224 35133 37455 38615 40085 42054 63732 67532 126498 126884
53 1943 2235 3758 4032 4417 4459 5268 9193 10044 10363 11708 20087 23502 28123 42774 43358 58711 60342 80862 118555 125144 212444
1545 2635 4248 5334 6091 9007 10200 12165 13350 14340 14744 15103 17136 18459 24371 28867 33074 46043 74272 77591 103875 114332 159861
