1000 41 17
4511 5905 6051 9865 13884 24260 25386 32877 36687 50936 74201 81222 87348 104197 104704 108664 216457
1523 3706 6498 11518 13728 17090 19687 22412 25981 38577 76453 83498 85839 104425 128815 136180 212240
5770 8204 11383 20962 28225 28619 29258 29680 35901 44338 51531 58026 68223 82064 84028 91453 311512
411 6057 7158 8799 16784 20886 22908 33049 36502 36705 54671 60799 65593 88143 117543 191081 214780
233 389 1384 3720 3726 6982 11509 12255 15562 16463 18795 44121 77879 81675 104901 222787 368028
303 647 1004 23731 28226 30984 35086 40431 45709 47846 49452 57385 64434 83133 116414 161192 190164
2318 3252 6172 6899 12872 13891 14263 23156 24558 34101 57483 65041 68906 137447 139751 141621 227106
5268 10762 14862 23574 24757 33599 49627 53724 54316 58843 58899 64653 65731 75469 76889 105372 214463
1479 10544 11383 12224 14789 16292 23164 53305 57913 63615 63990 70153 81247 88287 121330 139192 148933
1334 1473 6368 8063 16491 30334 34773 36194 41709 42029 52552 67539 93447 98094 105551 168362 186932
953 1113 2101 6168 9355 14994 28310 40975 52021 56912 63483 66934 67997 71303 109268 173495 210058
1744 7195 9859 16346 17816 21567 22868 34776 50068 51494 66389 68910 88121 106492 113730 145115 154622
920 3318 6052 10254 12822 12906 13127 32259 48217 53167 67483 69149 89589 103769 127873 133546 205112
5866 17225 22868 23090 24110 26240 29087 29658 30523 32734 45992 48925 68893 86016 132168 140260 227235
1721 5443 11884 16982 21653 21900 25487 27252 36437 43427 59023 67209 88635 91435 102967 182373 182912
5888 6806 16013 18587 19572 24114 27167 33014 42948 61084 69231 73750 101574 115155 117295 122709 129277
5925 12119 14769 14870 21220 27314 34856 37801 38266 43931 46122 62913 69734 113765 116203 137432 187913
3442 15062 18065 19817 21934 27157 27616 41976 46263 53164 58625 74753 88795 91587 113517 121011 166323
6062 9718 16526 22775 30613 38736 39731 44173 54109 56516 63486 70070 77859 81785 89252 122850 164250
674 4480 19629 22316 23069 29376 35033 40682 46807 51920 61380 89457 95251 101357 104398 107461 158069
7431 10106 18468 18920 21435 24443 29299 47067 48422 61271 63291 74442 77059 77325 101679 146798 155181
4486 5296 6206 16385 28848 38581 42641 44489 47317 55273 57600 58974 78448 91735 107150 115772 181606
5662 12320 15438 17485 20489 25587 26811 27089 28439 36621 45006 45598 81489 115895 133334 138621 209425
377 1484 2161 4227 17747 18521 24125 24523 24585 34790 50694 67524 69575 105926 106428 188136 247681
4328 6844 8998 10909 11865 13311 14083 15394 43144 61919 75191 89312 109143 111309 122824 141528 150144
6380 7296 7677 10475 11020 11284 17396 18555 41201 60598 66979 67295 77115 81856 141603 157124 193082
2630 5354 5374 5828 18859 27162 32415 32882 36278 49985 56375 76703 81635 108747 113171 140662 190644
9756 10727 12323 14334 16575 26937 33378 36660 38196 42208 53580 66165 77108 86713 143783 149558 162102
930 6476 12882 21971 25165 25854 26575 39626 40785 46406 52112 58239 86770 87630 103274 107345 245292
1845 6096 13151 14412 17297 24331 28577 36467 45499 45526 50201 73266 81247 93188 136707 152805 158034
434 2649 4036 6456 7308 13197 29584 30619 32432 33288 39272 89004 100081 114442 129893 131078 227512
3715 8929 9346 23100 25864 32404 33547 37785 38908 40525 51609 66088 71733 73936 75200 106896 287327
416 5495 8614 13200 15262 25728 27804 39517 48154 50078 84104 89477 94166 96614 113798 120366 143037
1231 10601 11844 12381 17219 33018 33544 45784 54677 54973 60983 76160 78485 91280 109410 138389 148378
123 8675 12125 15149 28525 31193 32464 39889 44057 49347 50080 57800 96788 99870 105274 135535 168005
478 1839 8003 17482 19002 26857 35237 42871 51404 53369 57596 59259 60988 105895 116804 122889 199062
8466 8670 12154 31212 34714 35091 36924 38876 44275 44660 48743 84174 88174 102216 106829 108399 144346
884 1640 7396 9128 10893 11769 12476 27451 28947 53390 61048 71139 87737 95011 104903 183234 209799
942 1460 10893 16677 19845 20241 25014 32971 33336 39154 41075 73414 81373 85879 99761 160321 233668
4537 5053 20744 23300 26034 30660 34661 40384 43079 58617 60970 74814 82052 85929 99408 144824 152347
572 1151 5219 25454 28887 35810 36324 39676 44771 49802 62466 72135 75633 84841 105384 146793 165433
