1000 32 10
923 20188 44344 47429 49896 99018 106278 112389 189798 217937
36088 38810 58194 75705 77019 84518 96816 96943 101387 249002
11173 23207 27138 36903 39075 65549 72875 144268 182767 316795
9974 11720 16414 85618 86413 95925 106660 130323 148734 172249
836 9742 14994 57593 72918 83671 114262 127744 147294 170856
121 9546 13235 24180 38308 46332 57387 109037 177744 385267
4825 4867 4940 45870 55480 84061 104854 108694 163298 332801
5563 26832 30254 40876 45613 69068 76298 147822 158073 220657
7899 34496 38814 45414 51203 52111 55828 65748 225487 256853
11174 34861 56131 59655 59815 66274 108089 111761 142356 165628
8280 21442 26258 27058 43669 69225 71299 113837 129376 284550
5158 33001 33978 57894 63219 71480 71652 87448 102833 270024
3824 8337 12496 12563 36622 41943 124121 130320 143791 326485
25110 26663 28292 54347 71175 93414 96448 126687 153322 213997
26767 32441 38965 63044 71866 84903 104449 119504 123918 166202
6104 10370 40395 51903 66263 74459 105577 112709 123563 222061
23 24069 27397 79481 91694 95241 98409 120421 121545 139336
5420 10458 16925 25509 46728 77370 85450 117528 175249 369446
2225 19639 19914 42381 51459 61365 98230 98657 170536 236032
2527 12176 13757 28124 47857 56626 75414 151471 190370 234699
37887 37892 43391 44727 67100 73213 92211 105837 151763 155246
16744 20738 25640 30730 58434 73148 98371 116322 134172 328975
49 32390 42572 80874 82421 108124 109311 137253 151895 181559
20578 20626 41519 68432 74151 81731 90410 93030 122430 191258
20637 27713 38705 57386 79139 116446 116541 128122 153705 175227
7291 10281 11860 24731 56811 74541 98382 117499 177154 321926
4759 33291 35200 62318 111808 114619 124216 127868 133814 156999
2058 7912 9239 52952 76204 77026 120323 121125 184251 214299
1653 10573 11031 11405 12976 18959 99338 171221 231198 243836
17888 27038 40723 49523 57298 71280 82705 113143 118367 259119
10048 19847 37213 37344 68609 69025 134425 143245 179854 219386
706 28423 30724 33048 55571 62050 102236 120889 148444 270733
