1000 47 32
165 4344 6162 6517 8766 10956 11335 13008 15142 17260 17262 17753 18506 20016 20679 21814 23229 24158 24936 25463 25620 30272 32811 34503 34684 35393 36068 37717 41022 41289 46948 58543
299 1258 2541 3332 3934 5572 7815 8241 9365 9983 11795 12305 13845 13859 21718 23726 25521 26302 27424 27975 28913 36259 37141 37258 38365 40096 40114 40356 43576 47653 111300 117928
2136 2486 2766 4702 5494 5933 6631 7260 7272 10043 13066 14009 18044 18117 18490 18952 19985 21956 29776 30397 31475 32279 33832 35928 39718 45938 50865 54530 56731 69243 69561 80201
64 165 1891 2756 3065 3337 3661 4167 6576 9110 10684 13917 15806 16429 17972 18158 19220 28649 28725 31316 34215 36415 37277 40737 47442 48053 49449 52479 58633 60909 64861 110648
112 3316 3344 3722 4579 4947 4988 5016 6011 9735 12009 12362 12695 12759 13602 14495 15412 18406 19011 21907 23824 26531 29433 31322 32122 37316 42820 64610 69522 69648 83412 163490
614 946 1516 2079 3338 3375 3566 4507 6786 6871 6978 7037 9819 12041 12657 13458 14071 16625 17330 20113 21805 26602 27052 30743 34084 42761 44767 56558 64881 66564 80981 131067
891 1340 1493 1952 2601 3079 8230 8350 8403 9793 10697 13255 15128 15526 17415 17678 17824 19779 21936 22328 23674 24893 26401 28885 33686 34483 35781 43627 60511 62710 70166 177863
1421 2892 3681 6613 6796 8037 8054 10535 10873 13370 15951 16115 16410 16785 18680 19785 21242 21435 21681 26129 27613 30818 31891 35440 40190 41583 42546 44963 48289 56000 61646 66148
975 1604 2695 3037 3451 3989 4150 4704 6082 7104 8466 10132 12223 12667 13808 17072 17483 19036 20735 22992 26539 26833 27679 28502 32907 49904 54753 69501 71892 81759 89351 120515
4008 4083 4354 4674 4902 6364 6431 8303 13274 13426 14742 15273 16106 16457 17312 21669 21968 26048 26736 28519 30172 30491 33664 35134 39263 39485 42482 45686 45990 53624 60069 118569
1809 3612 4108 5172 5379 5692 6418 6724 7776 8399 11696 12042 12102 14473 16407 16901 17984 26509 27535 28252 31830 34930 36413 40003 40267 54902 56436 57721 58767 59595 72052 97227
1357 1477 1953 3448 4565 5543 10390 11312 12617 12901 13086 15514 15971 16318 19215 20154 20866 21745 22508 22949 24041 25545 31516 35330 36343 43773 45219 51450 52366 52511 58426 76754
65 2844 3782 4046 4347 6155 7619 7748 8906 9367 10947 11051 15454 16426 17289 17495 18771 23161 23415 23493 25223 28494 30179 32624 34449 41184 41753 44378 54041 58540 63650 72878
567 1016 1555 2900 3144 3340 5707 7698 8132 9074 10377 11663 13099 14082 17176 20059 20377 23220 24246 25187 26896 30311 32097 36775 40008 41198 43539 46197 47144 51236 55821 111683
41 710 889 959 1100 1927 2355 5228 6904 8381 13947 15154 16761 16908 17724 19265 20054 20941 22188 23360 23442 23964 31322 36029 39241 41766 46869 52752 67335 68846 69099 118981
29 190 1457 3746 4208 5211 5264 5843 5859 8044 10705 10778 11599 12441 14265 16168 19336 21486 22255 24905 26536 27078 27820 30324 33002 42606 45245 46847 53603 65636 68317 91982
1441 1757 2864 3320 4381 4497 5256 5757 6082 9781 12330 13578 14671 15086 15319 17419 19352 19865 20028 23227 25735 25882 29822 38493 46736 52900 53106 54487 67294 81397 90972 106873
458 765 1251 2626 3313 5112 5574 5813 5940 6736 7405 9739 11817 11870 12057 14923 15346 17028 17829 22437 27468 27996 30472 34793 36776 39517 46085 49442 59959 60835 62704 98987
1410 3060 4421 6399 6654 7484 8400 12932 13563 13607 14034 16236 16710 17736 17918 19202 20140 21546 22078 23350 27188 29068 29917 33924 40052 40718 40900 47332 49746 56198 75844 114430
1104 1523 2039 2297 2553 2791 5715 7228 8002 9678 9995 11631 13833 15414 16196 16589 17044 20173 20539 22283 24227 25945 29002 29431 31678 32559 44829 45870 65606 69589 69702 76112
299 1057 1268 1418 1432 1734 1957 2629 3925 8033 8405 9071 9624 11666 12647 13566 18842 20183 20525 24781 25549 26619 30127 34775 36402 50053 52012 57551 61239 64988 73091 85866
2142 2963 3321 3540 4789 4817 6547 6558 6689 9032 10105 10989 11145 11917 12950 13888 16298 18351 18954 24803 25329 28356 34639 35552 38483 44022 46684 50821 86379 100310 101494 107650
1421 1459 2003 2124 2591 3868 5641 7391 8361 9403 11939 16625 19012 20601 22462 22580 22632 25703 31403 31559 32490 36376 38073 38996 40114 40559 44787 46750 58233 71854 77631 92640
63 649 2057 3285 3829 4950 5632 7273 8792 12827 12919 16810 17667 18477 19823 21450 26025 26088 26159 28528 29625 29820 33620 34925 36073 38306 45692 54195 66604 68800 75877 100539
314 335 576 1283 2104 2707 2764 3391 5812 8033 9091 10175 12817 12972 14266 17256 17497 19796 28801 29117 30920 33476 38291 39648 47171 54850 55528 56579 58254 69072 69091 91294
270 384 1609 3407 3623 3710 4860 5647 6265 6734 11744 14001 14592 14617 15333 18875 20480 23248 23413 23703 26514 26878 30855 36654 38435 39048 45991 55196 61612 61976 97364 136636
317 2426 2599 3094 3473 4019 4037 4929 8341 9718 11225 13567 13906 14261 15966 17732 18803 26919 27037 27994 30733 31780 32576 34427 35890 36360 36363 37768 39609 51252 80174 90010
118 1555 1697 2127 2283 2542 3362 4142 5661 7049 7366 8182 8646 10605 19601 19642 19926 25201 25212 32816 36857 39473 40449 43502 47975 48074 50256 57968 62116 62284 90345 116385
842 1794 2786 4225 4560 4861 5327 5652 7546 7693 10570 10794 11054 11795 13381 16093 16126 16840 18664 18846 26517 29164 29721 30901 32491 36522 38797 42807 43430 77626 104947 108306
1375 2357 4050 6076 6196 6309 7007 7621 7839 8868 10288 11426 13048 14985 16276 16764 17949 18450 19392 19758 22368 24842 25649 28468 29652 30311 34361 49762 64397 84608 107808 123916
1361 1573 1593 4372 5206 5238 6856 7295 7391 8910 9484 9915 10530 14222 14403 17544 17774 19015 20441 22104 25732 26809 27350 34697 34912 37739 39044 44506 60082 78559 84249 113128
2530 4534 4798 6609 6824 6987 7242 9285 10060 15177 15925 16231 19461 20161 22575 22593 23650 24015 24341 25467 27554 29629 31697 36664 37476 37487 39954 40383 40823 54103 98657 137125
741 1061 1221 1554 1860 2738 4877 6501 8197 9851 10030 12881 14597 15606 17866 18953 21711 24116 29683 31354 31962 33101 35330 36591 37433 39872 39929 45075 48164 57728 62616 83958
319 886 1717 3616 10606 11674 14192 14878 16370 17796 18867 19380 19464 20979 21764 25336 26417 27631 28706 34150 34922 34929 39914 39968 41017 44418 49066 50506 53164 57318 62234 72099
337 377 718 2843 3353 7182 7558 8397 9335 10500 11331 11355 11369 12959 13154 13481 16576 17100 17792 25330 27523 28361 32433 35155 37598 41480 45219 56154 65270 65709 69621 103499
29 173 804 873 1340 1393 3156 4115 4774 6434 7133 7509 8004 8746 10006 12185 14614 19650 21579 22824 23556 26198 26660 27282 30272 37790 38233 59205 59383 65351 96935 118505
1235 1531 3057 3670 3877 3945 4199 8009 9089 11300 11345 15322 15683 16172 18218 18369 19370 20515 21929 22304 23456 25090 25698 26501 32816 39622 43847 56004 58802 86335 91636 95035
966 1132 1166 2280 2527 2615 5090 5965 6834 7185 7289 10323 10373 12120 13829 15023 18408 19542 22925 27161 28560 31384 32765 36683 38399 41867 45537 51201 53787 57806 69347 142931
1 613 1470 1675 2378 2671 2722 2820 3460 3772 6629 8695 9693 10630 14260 14979 19325 20485 20881 22114 25861 26103 31160 35474 37681 39949 44059 44266 49296 59592 99178 100532
4 70 2563 4218 5546 6412 7191 7246 8853 10396 10928 12637 12655 12802 12828 13387 13952 16605 19297 20096 20307 20602 28496 30230 31373 39753 52569 66305 78724 89138 109433 130632
630 1956 4408 4510 5596 6540 6726 7726 8697 9119 9713 12695 17194 17668 19782 20599 25489 26837 27096 27957 28488 29509 30198 32356 33064 40934 45207 60564 63227 69385 104954 110238
1666 2334 2590 3864 4429 7213 7424 8332 8907 10913 11836 11956 12592 13544 17191 17521 18153 27185 27560 29092 35138 36303 36682 38272 38958 39757 39989 56066 64155 70663 72188 103645
565 955 969 1145 2626 2816 3774 5247 6272 8290 10289 11958 12367 13365 15648 16359 17060 18318 23720 24548 28659 34869 35840 38459 44772 47118 50436 51433 54200 60642 63309 63332
121 136 438 1098 1416 1813 3654 4545 7100 8836 11932 12076 12684 12883 13679 15278 16830 18159 18811 21713 33768 36127 36466 39303 39658 41025 43664 51683 60057 60467 78699 87557
381 601 1712 1964 3289 5282 5614 6123 8798 8893 9367 10057 10966 14384 15303 15420 17520 19767 21045 27329 27602 29483 31036 33580 37280 51976 62609 70329 70714 74244 84813 97564
235 3123 4756 5299 5678 6105 8673 9030 10852 11182 11714 13583 14172 14479 17357 17738 17825 20800 21895 23290 26680 30058 31629 38200 38487 40131 44343 46741 58167 58562 69851 89667
310 627 809 1267 2523 2585 2744 4031 4463 5493 6013 6338 8556 9207 10795 10979 12208 22069 23951 23959 28316 29407 33067 36015 45605 47582 49003 51958 55213 89142 102080 121859
