1000 16 10
2901 13139 15337 20343 56360 67470 112522 152317 161960 320912
11232 35005 49095 56239 59871 80337 83569 119645 191567 225247
65 2223 15676 25904 40393 66179 118456 214954 220225 241993
3396 7968 39187 65009 66743 79499 97865 113480 148389 295378
9442 30192 60504 71898 79034 80432 82958 105482 190690 193814
14246 16695 25959 49073 50004 57515 71215 134258 162824 366897
6100 11516 12581 20967 38219 40014 121706 134715 162006 388684
3399 9843 35968 39934 50168 85135 105540 130281 184875 264076
8039 17878 52154 84701 86697 98380 120752 128064 146331 197632
4150 7875 38266 42339 43789 48477 152151 179525 193379 210913
1184 7884 11730 16297 59807 95549 156263 165124 191739 233387
850 2541 13023 21475 21941 68519 87111 95065 160058 446031
4009 20770 24068 28576 30142 49403 79352 120842 236503 300233
4741 7099 19297 19880 64952 95912 102882 160278 166886 309908
14011 14592 16377 41951 53204 76493 152542 172255 190831 197479
512 1667 36170 48949 99497 104688 107129 124579 157450 256010
