1000 37 26
460 1507 1687 1714 2414 4567 8399 8785 16087 17501 19679 22671 25633 27872 28777 43782 47438 48081 48836 52434 65529 67098 67832 77323 99752 106961
410 749 8690 10121 10444 10576 14608 14657 20419 20617 20839 21517 24890 30618 32485 32935 36780 38472 41409 43085 51726 56722 61506 84369 119614 146170
539 2553 3882 5813 7377 7714 10575 12311 14495 16362 26422 27127 29637 30466 31983 33332 33549 33696 36956 41874 47739 58124 65170 66734 105736 155172
871 1901 2596 3817 5031 13394 13421 18260 19623 21181 22359 24938 26913 31077 31733 33953 35358 38415 43178 45637 47435 54027 58240 74656 76689 166705
3318 5541 6340 6524 6897 8781 10116 11150 14414 16433 16848 18516 20650 22716 22958 26552 38503 48651 53996 55788 62557 82819 87420 91161 100968 106836
857 1594 1630 2242 6056 7918 10305 11672 13600 14432 19239 20021 22576 24237 36301 36870 38408 43740 50569 63026 63633 65445 65864 69325 110782 119798
465 2192 2232 2461 3034 6910 10840 14347 14636 16894 17622 20020 20458 24903 26329 28975 31698 32069 36823 38388 45002 50518 58804 77159 130195 194312
6223 9310 9708 9759 11107 11410 15108 17024 17438 17891 19889 20771 20884 24170 24259 31914 33690 36843 47593 49559 53373 53375 55339 64483 99508 142756
10 2007 4238 5017 6094 6243 8291 9759 11948 14527 15464 17933 18719 19410 20187 23742 32782 36979 48329 50016 56724 57887 62356 66317 94791 183070
6 1661 3192 4664 6468 6480 6828 11703 12393 16642 17186 18037 20586 24177 24353 29725 33266 34066 34269 59341 61047 74450 79547 90566 101030 127116
1286 1331 1699 2300 2828 6154 11722 12118 13420 14376 14626 15577 18996 22258 22385 32319 34791 41096 51184 56819 66441 67691 73146 100881 114371 140226
1145 2286 3926 4181 5272 5686 6371 7337 8016 9468 17204 18090 23749 25003 25664 27845 43245 44704 45800 46811 47068 62492 83287 83858 83925 210715
1215 1330 3893 5423 6458 9918 13462 13554 13975 15925 18399 22035 23374 23730 28521 28975 45413 47781 49234 50835 53720 58111 77507 79754 107576 129272
1113 1336 3960 8993 10590 11109 12718 13741 14340 14930 19188 22290 22759 23029 26228 27380 30548 32759 33114 38653 42726 67525 81594 84793 102618 162711
357 1377 3384 6743 7676 8199 9166 10345 16217 17288 18319 18583 18677 24971 31775 33558 33801 37920 38463 57807 59778 81740 82986 85114 85510 113794
931 1480 3138 3275 9211 9439 10139 13705 14864 16135 17687 18190 25506 26888 28429 34884 41635 51476 55082 56086 58741 59309 60474 66016 115357 138101
814 2013 2090 3436 3653 3968 5500 8470 9990 17662 20424 21334 21475 24131 28126 33836 34258 35316 45840 45863 60961 63040 66554 77672 108535 125320
279 539 3085 4090 7188 7880 10500 11359 13860 16904 19897 20772 21307 21312 23274 26065 26495 28338 37452 66784 68396 73316 78190 78794 106645 138309
633 2618 3462 4609 4947 5310 5523 6150 13015 13930 13934 17965 19481 25645 29790 32541 34091 35488 41331 47386 54999 71355 77318 90752 106432 187201
109 1035 2210 5279 6756 7484 9517 10024 10229 11932 14007 17269 18362 20226 25307 30541 33325 37678 46253 56525 64819 65940 77692 81440 94923 204664
221 758 1863 2921 4401 8507 12810 14826 15164 17249 18571 20774 28303 28524 30209 32102 37077 37692 39673 59432 60106 69243 77159 83548 88414 88701
978 4504 6179 6368 10716 11032 11756 12123 19770 28949 31361 31822 32241 36685 39149 41461 41467 42158 43128 44962 48027 52678 63139 74490 84610 116780
664 804 1935 3773 4639 6070 6323 10746 13548 14721 15020 15471 21613 23436 29783 30667 34057 36042 39311 45342 53148 55804 56291 59049 60567 245872
326 4226 4578 6213 7953 9995 11048 11653 12028 15287 17901 18020 18638 19685 23404 29366 30933 34581 38297 45789 51641 56569 68755 73702 87926 221145
1274 3805 6331 7901 9900 11812 12169 13892 14745 15144 16970 20027 21550 23164 23340 26704 27186 29262 30516 32285 33609 38439 73307 81898 132634 176258
1399 2908 4378 5209 5375 6719 9468 17566 20369 20747 20878 23693 24520 26862 31608 35533 43034 43509 45681 46637 48287 53777 59077 81764 82509 109039
753 1321 4407 6179 6778 7155 11707 15081 15282 17580 18935 20849 26612 26678 29815 35623 37339 40923 51080 51088 51382 75823 77065 77130 108443 129507
1188 1571 3966 4518 6176 9959 12083 14213 16945 17942 20488 21360 24606 24770 30548 30998 34652 37630 47651 48704 64581 67067 77483 84277 90713 106197
860 1269 2142 2399 2701 4565 10682 10868 11263 11899 22412 24253 24402 30154 30923 32522 37252 42473 43146 43588 44817 76043 76503 81398 95254 150029
303 370 1337 4828 9391 9476 14273 15144 15296 16692 17149 17664 19331 21916 23830 27346 31716 40453 41050 45280 50972 72213 73618 87008 96476 112678
2504 4226 7218 9259 10333 11674 12118 14207 16008 17319 17474 17523 19921 23149 24903 26022 26096 29532 34098 36779 37707 51142 51224 104199 135566 149287
611 1450 1571 3247 4161 10922 21214 22243 24103 25473 27365 27503 29067 29446 37889 39605 40086 42877 43296 43451 45453 49840 51149 53016 63883 150235
973 1211 2323 5068 7327 8240 11530 15368 19103 20704 20921 26169 26169 28082 28327 35879 36280 47168 47718 57879 63878 68119 72237 78316 82741 116385
882 1808 3998 4889 7705 8144 11906 12608 12830 15532 18468 18888 20670 20999 21616 27345 31668 32865 36789 38456 68323 76562 80904 85411 97229 133025
838 3428 4988 5088 10445 12041 12355 12580 13615 13686 14564 14809 15175 16901 22448 25076 26346 28433 31133 33505 50188 87852 100969 104426 123327 129920
1643 2522 3638 5040 5217 5418 6176 6819 7469 13042 21400 22131 24212 24889 33008 33590 33879 35227 40979 55130 63154 67560 78405 100541 115872 140796
155 493 2176 3326 3873 5573 9941 11103 16057 17184 18099 27063 32152 32421 38173 39349 41178 43830 51903 55397 57126 58393 64840 66271 83260 89205
