1000 26 9
6265 21392 23375 23580 46703 78715 136934 273807 274192
1265 8376 52639 73046 91663 115722 141027 196197 207963
35234 52122 71547 81843 95456 95670 108993 153277 240861
8224 28509 31940 35890 49219 72441 91373 160412 416206
11460 15477 20308 21976 25547 60049 174613 275625 298961
3655 20701 23288 56955 65430 138184 179808 183255 233437
9588 12443 21863 102175 108534 145720 146065 166189 169430
11117 22282 50885 79962 110583 119808 136712 143221 180907
25882 28739 53131 58414 76715 110458 170970 175877 235069
15372 21169 42837 62066 107524 108382 125857 141434 281381
15487 18997 33318 40788 45919 59927 135860 256363 299126
552 5799 17459 19029 35743 65059 97232 295342 344697
12806 24570 52072 70141 94932 130703 132001 167498 201545
5446 42214 46412 50732 58531 106054 139718 160095 304143
4197 32644 32869 45802 110452 122246 125637 203763 243260
146 17264 57054 104240 110143 114192 146036 172910 219079
22972 31817 41020 41800 73229 86259 168526 212753 262437
13076 35333 39484 58780 85475 93492 174804 184125 241567
11276 22080 47872 53962 70627 88374 138600 171724 301851
4844 9909 14248 35061 38166 130027 153606 228169 239517
6994 10009 26920 43280 43883 45414 86188 151277 492080
20477 22646 28616 50475 107407 128063 140060 156471 202380
13354 16793 25669 40561 71740 97938 103315 131606 386364
8889 15759 32826 41421 128924 141511 148064 187561 195795
9778 44519 48798 52683 70738 78142 85993 104167 401976
1607 37257 82189 96860 109561 115023 126839 143850 157857
