1000 47 32
1632 1821 1946 2349 3264 3715 5888 7460 7920 9032 9658 11285 13655 14486 16786 19459 19983 20397 21465 23440 23511 32287 36149 39055 39062 44424 44502 45815 48983 60455 68100 70008
1 2069 2727 3306 4126 4608 5446 5747 6097 6693 6863 8029 9734 9776 11528 12749 25375 32555 37206 40658 41055 42598 45375 47334 50868 52505 54949 57881 63758 65806 70694 78952
1256 1602 1927 1981 2670 3152 6126 6288 6780 8276 10137 10947 12193 13344 13353 15417 16151 17159 18106 19492 21150 29456 36948 39449 44994 47886 51052 55948 61658 62677 65167 114721
2121 3395 4237 5413 7015 7860 10150 10520 13508 13552 14114 14443 15870 18712 20280 21343 24309 24478 26251 26877 27708 30000 31971 32096 33521 34981 37859 42705 50273 52060 62580 64224
1830 3359 3616 3616 4896 4920 5867 7858 8094 8333 12978 14072 14999 16464 17398 17718 20954 21881 24499 25196 25767 26968 27586 32943 36922 37811 43982 44786 52809 53901 67562 73202
125 348 1293 1313 2719 3589 4492 5166 5313 6973 8365 9362 9918 10579 13425 14106 14598 19449 21377 21423 22230 28746 31803 40607 42089 44970 46332 49380 54903 56671 86914 87986
2930 3451 4056 6060 6393 6771 7209 7647 9030 9487 16843 17329 17617 18025 18456 19626 22865 23094 23588 28335 28514 29163 30476 33388 34145 35775 39151 41004 50261 53791 70341 80272
95 1055 2300 2874 3275 3697 4930 5700 6750 7150 10898 11418 12587 16740 16740 19325 22141 23811 28604 29187 29932 30760 32029 35409 41526 43302 44178 44344 53445 56763 69286 104059
984 1965 1982 3691 3943 4393 5226 6261 6633 7639 8109 11171 11288 11402 13419 15144 16214 18980 20845 21740 25267 26405 38376 40455 46729 49579 50326 50535 52013 60061 86787 107966
1545 2842 6437 8353 9006 9154 9721 10823 11168 11699 12053 12138 13691 13828 13920 16102 16474 24452 25190 26359 26726 29683 31594 34043 35878 36274 38600 38985 44584 45386 70466 203733
767 1544 2647 3416 3873 4889 5234 6734 8118 10979 16781 17531 17637 18064 18430 20924 21797 21811 23193 24134 24846 25941 26285 33733 37123 40610 52831 54425 55782 64133 72898 132355
104 295 1242 4575 5730 5769 8030 8561 9068 9330 9684 10453 11442 11457 12258 17985 18058 19730 23449 26166 26185 27379 27941 30125 33147 34630 35708 40712 44554 65686 67126 106360
1060 1082 2216 4018 4764 4892 6248 7239 9947 10423 12088 12319 14278 15532 18335 18797 19412 21037 21940 23994 26105 34592 34785 39700 41483 42989 45714 48338 57166 66711 73587 124722
2798 3374 4351 4734 4754 5270 7851 8389 10379 11089 13929 14052 14592 17849 22057 23188 23752 26502 28884 30159 30438 30577 31103 34643 40337 43879 50705 56607 56749 60145 86030 92210
69 2708 4729 5926 6914 7934 8659 10926 11139 11616 13070 13267 13314 13365 17430 18321 19687 27362 29248 33407 36492 36937 38019 39756 40139 43804 51955 56052 57206 63113 63374 65266
646 2129 2478 4614 6157 7749 9033 9233 10214 10533 11161 12896 13504 13618 15250 15537 16207 17359 18827 19173 21568 24147 26194 26336 26835 27888 45917 49645 52520 67904 83131 110342
279 738 881 1567 3470 4111 6317 9516 11018 13692 13952 14888 16104 17164 18109 18391 20558 20585 23130 25729 31945 32949 33116 34167 35468 35796 46441 55676 56435 57203 65362 102680
128 807 931 1934 3216 3383 5832 6653 8161 9366 10217 11098 12320 14535 15370 15780 16472 16828 18924 22187 26394 28007 34552 41415 42086 49656 50068 50123 50838 58565 60391 104396
667 1973 2595 3139 3277 3391 4771 4831 6089 6567 6775 7597 7852 9363 12635 18485 22589 27094 31071 34633 34877 36425 36581 36886 38238 38647 48228 50443 67044 82198 88130 94552
979 1275 1370 1867 4014 4590 6291 7306 8694 8743 8996 10156 12305 14224 15282 16107 18103 18643 19966 20843 21440 29625 36872 38982 39695 42003 45434 45825 54552 86474 96497 127978
508 1310 3151 4114 6188 7412 11220 11651 11848 13983 15148 15321 17579 18959 19382 19659 22095 23814 24072 24803 28267 28766 29926 33030 33506 37090 41927 44706 56003 84563 84796 93017
1384 1522 1752 2320 4430 5118 6194 6221 7033 7215 8574 9207 14711 17736 18033 18069 23338 25690 26038 30778 34192 36166 36292 37841 38399 39283 40749 41904 52359 52748 67133 72848
1323 1988 2490 2621 3606 3846 4543 5425 6253 6585 8131 9855 12054 13447 14683 16140 16503 21201 21368 22348 22618 24376 29322 30890 37509 39137 47129 47872 55786 61261 105510 187285
64 228 1696 2704 3569 4120 5827 5918 5951 6171 7427 9297 12470 16362 19118 19652 21485 21721 22006 23616 27312 28679 29082 32624 40179 42798 43812 44058 46321 58856 58880 66437
663 1619 1899 2123 3047 3250 4986 5138 6831 11141 11404 12258 14658 14849 18960 20264 21053 22019 24904 26580 30105 32403 33013 36202 38042 39279 40769 42803 53391 54027 58973 59413
1109 1254 1955 2391 4309 7135 7579 8161 8322 9357 10159 10340 11162 12894 14644 16444 22234 22998 25348 26465 28160 32781 33378 33645 33744 35296 35787 43234 50344 57816 58807 68078
509 1333 2627 2996 3864 3910 5589 7934 8235 8533 10016 10409 10743 11252 13153 13965 16994 18032 25889 27979 29552 35369 37242 40904 41154 44408 47874 55734 58296 60801 73565 103098
570 812 2053 2251 3381 3507 4326 4684 4941 6789 8116 11132 11305 14867 16525 19241 22902 24294 28764 30975 31870 32911 33020 35706 35772 59775 60382 60572 61969 72052 77494 98750
1458 1991 2376 3659 4127 5235 5436 6892 8116 8563 8685 8714 9164 15727 16825 17849 18776 20669 21218 21424 22978 31338 32500 33116 43484 44210 44329 49373 52349 53007 61968 76102
301 1694 1732 3173 3485 4119 4303 7310 7423 8897 9296 12889 15653 17573 18367 19506 22575 23298 23731 26374 32127 32858 36240 42941 43218 44192 54155 54477 55900 64672 85334 110552
528 580 1025 1376 3333 4411 5117 9624 10185 10716 11242 12121 12378 14304 15746 16444 22039 22881 27727 29329 30749 31798 32568 37228 39413 42305 42573 57818 69769 76961 88739 90026
147 586 1664 2823 4200 4370 7626 8104 8512 10007 10816 13392 14010 16860 18561 21241 23378 23612 23741 25156 27455 27638 28700 33952 37118 39233 39981 60387 61450 67317 70755 104226
635 951 1464 2499 3338 3703 4114 4121 5868 8487 12378 14173 15180 16612 21923 23371 24399 24649 24923 26636 26796 26944 33402 43748 46239 50340 52794 56983 57554 68578 71948 72047
150 608 1197 1253 1735 1997 3370 3882 3943 4391 6519 6734 7055 7321 11046 11706 12686 15789 24891 28691 34516 36225 36696 38069 39384 40003 43108 46884 57738 57831 64908 77620
546 2303 3828 3959 5196 5883 6981 7026 9551 10583 10602 12323 13693 15065 17778 18932 23013 25741 29343 29739 33855 34523 35376 36228 36806 39502 49456 52869 54233 55414 67492 154873
3 1151 1929 2736 3380 4681 5853 7443 9240 10329 11572 11722 12647 14812 15586 15718 16864 19183 20356 23042 24374 27781 33763 34955 35869 37320 42791 43968 47779 70102 100437 170469
1143 1885 2053 2737 4018 5397 5550 6564 7111 7208 7371 7618 9013 12832 12950 15210 20478 20553 22973 23777 28034 32814 34014 39018 40963 42918 48323 49483 51547 60195 72848 79601
420 1369 1684 2368 4972 6264 6620 6834 6943 8490 8809 10194 10389 11744 12921 16152 16218 16359 22683 25077 26161 28003 30039 32011 37815 38514 43231 43825 56981 59158 65549 97813
1011 2379 2754 2789 3049 3729 5101 5197 6154 6661 7828 9721 11017 13071 13093 13709 14167 14574 19811 20249 23362 26241 26586 27078 33683 34174 43321 46078 59123 85718 87391 99926
81 679 687 980 1080 2157 2513 3573 3674 9608 11798 15503 16381 18074 18468 19726 22983 24427 24771 24788 26107 32019 34466 35125 36152 44955 46760 47656 50463 54651 71870 100319
98 441 1433 2207 2291 2908 2913 6207 7269 8275 10141 11144 11813 12368 14460 14903 15146 17318 17738 26672 31383 33932 37375 41636 41923 47654 55546 65547 68488 68748 77924 123343
211 867 1703 3621 4603 4619 4941 6352 7157 8837 10292 10501 10656 11690 13961 15277 15617 17798 17847 20854 27019 29376 29846 32091 33712 41242 45018 48708 56160 59137 63803 80999
80 96 1480 1924 3000 3513 6321 6703 7132 7932 9772 9910 13502 13796 15618 16306 16616 17256 21243 24579 27850 38725 41088 42893 43884 44004 50383 51182 55869 58465 68243 111802
1 1040 1355 2548 3182 3220 3312 4825 5229 7775 7936 11582 11625 11839 12838 16128 18630 21352 23714 24003 24458 25610 35300 37589 40427 47379 47798 50889 52339 56057 73664 95644
672 872 1963 3181 3921 4205 4716 5583 9313 10384 10696 11075 12876 16302 18164 20942 22238 22618 22707 26467 27552 30143 32842 34544 35425 39298 44191 56441 58898 71770 90115 100540
2798 3316 3384 3762 4275 4434 6494 7903 8927 9092 9565 12949 13236 13603 14390 15272 16562 18537 19004 26234 28303 28592 29738 43307 46789 51394 56054 56346 67656 68637 98467 105954
1785 3347 5442 5479 6414 8018 8891 10277 13281 15086 15450 15518 17650 18597 19812 19984 20565 22160 25990 28937 29455 31660 32734 33248 34820 35168 37876 53988 60564 63746 71347 89848
