1000 39 7
26593 41321 92706 97536 150152 196064 354399
8527 16495 21720 64778 169208 305798 330059
8738 23404 31340 48190 194612 202102 383571
18033 71554 125577 137426 160546 203269 206860
6771 108377 116218 120457 158120 195673 242754
8245 27231 77542 148286 149571 174940 294421
27534 33371 59254 88425 147367 182733 415760
14779 43988 56808 72585 97748 192125 474046
27682 32379 82777 104359 135762 205925 356620
4732 36519 42861 83855 133602 136196 443217
3497 8367 43113 132503 172770 252991 335480
8339 21969 98284 126883 185440 185731 322381
33220 59337 62029 121129 165754 221553 292309
6202 11019 76370 82009 116701 247773 373182
27932 28962 70688 78501 139589 207351 332594
2689 99377 102585 103054 159052 195768 221617
3679 10696 18766 27361 173737 349473 375400
12790 13289 57648 137280 163972 168683 328847
9467 26246 123465 153833 170402 208841 249012
1327 9517 23559 32665 153073 165938 533326
805 3448 15027 36047 59890 173834 652794
4009 64408 65804 101044 161920 168187 346302
18896 33237 55220 104340 203861 251811 274422
6859 65481 75747 95998 159911 233959 244074
4154 6953 8627 87647 168759 266523 399325
43448 43968 73805 74784 103765 225240 320782
14893 50126 70793 101883 145188 167551 371844
2129 22165 79446 95494 117509 167865 454323
17032 30253 59089 73515 196687 278024 283681
42 40903 62586 78086 194156 266107 279373
21168 48824 98397 104529 109730 239558 290670
2617 12598 51917 74747 117105 129324 521766
8998 13483 21588 74026 75158 279102 434783
522 25417 83294 102076 127310 140707 468470
14353 30973 58403 73580 78712 277863 375918
324 15321 21895 119182 134185 226283 408448
7142 28187 38692 82764 221484 242788 325849
19513 26568 27710 65070 219423 280577 305763
3002 52194 76879 81233 85771 230910 403739
