1000 39 30
511 2884 3158 3899 4150 4356 4497 8813 11568 13058 17999 19614 21199 24594 26143 26544 28144 31298 32675 34248 34612 35254 42199 42729 46249 50613 61254 71813 86643 92591
105 1244 6342 6624 6954 7605 10228 11951 12589 13474 14523 15259 18072 19822 24631 25609 27552 29959 31127 32341 32932 32954 36229 41407 42639 42652 42921 47336 47903 173932
1742 3098 4321 5377 7032 9725 10506 11216 12265 19267 19529 20401 20777 22177 23358 25394 25730 26637 26835 26991 30663 36818 44699 45485 56967 61806 62316 75861 89691 115377
752 2100 2188 2837 3611 5044 5879 6687 7233 7550 7637 11131 12584 15673 20885 21597 22337 31261 32597 32787 35102 41391 42499 43149 43696 49442 72364 78865 89668 135949
611 5050 5487 6199 7531 8053 8885 9213 9928 10408 12805 17180 17594 20508 21017 22185 26396 27143 30188 32457 34150 34204 35523 35597 46403 59691 63321 70728 98929 126342
2086 2399 5554 6431 8716 12950 13536 13725 13968 16483 17092 18053 18855 18961 19151 19835 19960 20417 21965 33704 33706 37340 41969 43183 54901 58230 59113 75275 75905 79163
328 872 1603 3830 4701 5019 8319 8927 11715 11971 12046 14597 16756 17779 18719 20732 21479 27893 36566 39384 41517 46323 51958 54772 62282 69876 73470 78490 88689 96297
866 1118 1177 1552 2905 4940 6076 6356 6434 9405 10017 10574 10985 12049 14991 15218 17508 17585 17814 26128 29224 31814 37852 58130 62075 75500 78414 94773 104780 127572
420 1388 4678 4875 6640 8008 9854 10951 11059 15885 16172 18507 20912 24425 24499 26247 32268 32909 33251 34818 35392 37616 39068 43815 48984 59179 68988 71594 79684 88082
1940 3142 6046 6824 7149 7736 7804 9419 10752 12333 13150 13820 13954 14107 19623 19636 20745 25673 29630 31977 33410 35849 40044 49014 49401 58854 68032 84685 98338 111865
152 2076 2112 4037 4235 4999 5679 5836 10464 10613 11440 12431 12459 13551 14238 17360 17395 19598 27508 27959 29747 32187 39180 42375 44695 53398 57245 94023 137462 150913
386 1326 1357 2495 3344 3759 5428 5672 6984 7531 15307 15797 20192 23240 23528 27023 28316 29729 30742 32755 38109 38202 46091 47477 56376 65649 69560 73662 95124 98108
583 2705 4679 4913 5363 5364 8401 10395 10671 12121 14082 14156 14869 16187 17548 18998 21037 22761 34802 38549 38992 39385 39658 42379 49649 50830 52120 76507 92329 138541
115 4216 4324 6454 7541 8738 10975 13426 18385 18675 18727 19859 22974 23412 25201 28625 29752 30263 31021 31749 33761 35360 37124 37263 41339 42009 48568 53447 107206 142263
263 303 318 722 774 910 2588 4955 7022 7028 7213 12302 15427 18522 19376 21995 22267 32382 37492 39506 40346 42067 43737 51192 53277 56517 63350 78551 104594 116658
1152 1227 1234 3385 4211 5107 8583 8655 8886 9009 10918 12454 15094 17587 18626 19356 20569 24026 25210 30205 32499 34970 41476 57629 60390 69387 72632 74192 88753 116491
413 3963 6437 6728 8248 8585 11022 11844 12346 12684 13465 14721 16379 16788 17553 17845 19741 24176 24665 26849 37695 44226 45337 47222 55526 58539 60693 69801 81785 98537
2742 3136 4053 4590 5535 7155 7981 8213 10929 11045 11067 13157 13374 13395 15966 20174 21385 25442 29847 32198 38941 46225 53010 53989 61335 66878 70114 79827 93816 101834
225 306 2087 4501 5518 6054 6362 7726 9153 12960 15027 17254 17860 18598 19189 19953 21364 22497 22627 30675 30934 31630 31864 33247 53203 73595 78742 93676 103082 111136
391 1105 2303 4339 7164 12727 13059 14102 15858 16718 17863 18451 19816 20044 22772 23963 26572 30838 32028 34863 38481 40596 43278 44621 48408 56438 63107 66153 70546 124330
562 661 1294 3479 4908 5548 6159 8729 9124 11327 12216 13048 14788 16982 23484 26575 28803 30686 32162 32888 34255 37231 38646 40901 51403 67867 75011 93977 101429 107568
1110 1657 2555 2734 2886 3116 4509 4759 7201 7812 8274 9568 10492 14098 15555 16856 29734 33279 33280 34945 40662 42515 44392 46055 48237 50962 65322 77576 106593 132018
205 549 4817 5154 6437 7247 8477 13026 13372 14340 15525 16505 16585 16821 19476 21024 22128 24600 25121 27740 28640 32469 38076 43587 46564 48584 52705 86199 102677 138749
778 1418 2242 4849 5734 6811 8012 8836 9075 12398 13089 15802 16129 19069 19314 19689 21165 22324 27557 31177 32550 35792 36067 36340 52301 61627 67692 77892 96881 97083
190 934 962 1222 3462 4452 5426 5449 5683 8173 10533 13946 14281 15127 15308 22269 25500 29093 31703 33630 36729 46887 52457 58401 69856 70717 76426 76740 83576 97654
1338 1817 2420 2886 5925 7526 8701 12481 13413 13907 16409 17601 20242 20758 20815 20866 21864 22094 24643 28709 32736 37915 48700 50375 53183 60521 64519 91675 91937 95819
1835 1883 3536 7271 7437 9841 9976 10417 11330 12418 15046 16180 19276 19285 20205 23282 29528 30028 30331 34875 36237 38646 38809 42493 51965 56004 72242 73032 75862 78711
1156 2171 3680 5314 5783 6657 7456 13117 13418 13907 16594 17663 17835 19303 22246 24553 25503 26351 27283 28787 29779 31517 31844 56822 58094 58255 65693 68259 74233 95714
1471 2193 2224 2908 3957 5355 9677 14064 14397 16875 21777 22432 22926 23005 23092 23505 24053 24766 25198 25378 30358 31234 39593 44545 48379 58643 62573 68433 99516 101645
688 796 5729 6724 8292 8594 10895 11372 13021 13300 14651 17304 18484 19540 23933 25547 26051 30335 30591 32767 32913 34063 37547 38076 39945 42415 50997 53695 103875 115737
1008 4312 4784 5799 6266 10497 11341 12457 12677 12818 12961 16047 16430 18330 22250 23291 27495 28044 30207 32359 37638 40781 43692 46292 56421 59567 65895 68744 97110 104084
219 1449 1888 6189 8979 9567 9744 11379 11850 12690 13691 14956 15247 20899 21190 21507 22175 23105 30267 32639 33789 43133 45205 47650 57185 59273 59690 70551 107488 113598
616 1944 2699 3069 3108 5470 7997 9083 9405 10763 13944 16387 17039 18435 18901 19003 21344 23867 24374 27597 30917 33040 36509 49704 61399 62363 62967 68465 76919 117448
205 4000 5317 8052 9162 10895 11338 11640 11670 14593 16145 17576 18452 21330 23635 24440 25152 29514 30097 31256 35689 38115 42832 49415 54802 55359 62432 65846 69565 136935
451 517 1892 5103 6130 7212 8231 10035 13758 17781 17908 19585 20022 20309 22513 26418 26502 28518 29582 32240 35621 36408 41999 46026 53841 58484 59924 70108 73157 93085
215 808 2790 4105 4360 5035 5494 7120 13350 13989 16842 17467 19264 20646 22355 23304 24426 24734 26259 27155 28883 32309 39462 40791 40987 41936 61805 88032 95430 99059
359 4048 6588 6638 6659 8404 10077 11363 13754 15226 16640 16958 16962 21325 24646 24747 24905 25517 30822 32048 33918 35507 42683 43231 50608 54287 55596 62062 93744 95466
2693 4790 5054 5110 6010 6545 6715 6953 9104 11725 12078 12270 15761 16987 18604 21497 26509 29605 34876 35318 38120 44537 46190 51005 52750 59552 62785 77611 78531 103420
235 905 2579 5452 5906 7153 7373 7840 8047 8622 15482 15630 16422 16571 18531 23973 24165 25088 25898 27973 38714 41590 51906 58249 60795 67885 75365 77087 78921 96959
