1000 35 33
1011 1227 1232 1375 1724 2013 3919 4303 4971 5045 7814 10479 13628 17108 21145 27279 31215 31427 32430 32539 34138 36900 38753 43811 45297 48480 50243 61227 70263 72856 77512 81656 83459
281 717 3709 4469 4502 5558 6081 9191 10859 11710 13351 16265 16604 16999 17081 18666 18947 25732 26255 30143 31037 32037 32902 34932 34987 38985 45783 50252 56510 59520 80143 112752 128679
2 2204 3582 3817 8611 10012 11488 11625 12254 17653 17729 17732 18010 18184 20929 21038 22091 22356 25863 27443 30278 31894 33372 33682 36773 37604 38980 42641 42981 64739 68610 79425 163824
721 1617 3375 4471 4962 5257 5876 6007 9189 10314 10635 11746 14658 16030 18686 18699 19050 19453 20304 21688 23347 24262 27640 27668 28784 31018 41478 59373 82080 83971 89005 107609 146816
93 1821 2238 2351 3129 3885 4787 6594 10383 11005 11404 13015 13245 15679 15793 17906 18815 20804 20902 22932 25610 28238 31128 31426 36935 38348 45065 61707 75834 86487 87103 99793 131535
2384 3192 3689 4687 7141 7917 8638 8754 10347 11071 11499 12566 14801 18665 23429 24594 26930 26948 27837 33269 35864 38633 42715 45239 45331 45919 48751 49015 53235 54983 57602 81370 110481
149 368 874 1890 3256 6160 7094 8486 11811 12418 13885 15561 15747 17410 19917 21177 22598 22895 23069 26509 29660 33022 36599 42577 43095 43521 48860 59928 67548 72430 76869 87784 103724
17 753 849 966 1957 2980 4390 6753 6793 6798 10415 14678 17450 18597 22818 24397 28045 31286 33653 34186 34406 38525 40092 42175 42480 55084 55804 55961 56408 56780 60996 79509 110856
256 765 1071 1071 2302 3414 6660 7651 8840 10600 10759 10981 11723 12243 13021 13757 15792 17310 20765 22171 29128 31081 33302 48680 48720 49602 52050 56046 79811 83483 87961 91550 113366
1219 1300 2817 3459 4240 4616 5574 6255 7602 7864 8650 11739 11964 16042 19317 19379 19962 23337 25366 26170 29111 30018 34658 37312 39955 46194 55798 57491 60610 70382 84335 105704 118511
609 1369 1816 2156 3068 5243 5683 10458 11348 11902 17467 17521 17742 20487 21279 22051 24152 24162 26298 33225 35970 36132 36608 38944 39472 51259 51390 57981 64562 64947 77901 80450 82259
548 1133 1531 2576 3582 6439 7162 7577 9365 12316 15087 16057 16260 16820 22030 23592 24542 26110 28344 28886 29430 30469 30898 37296 37314 39220 42008 55270 65798 70212 81136 90025 116297
1108 2197 3224 5273 7914 8121 8914 9451 10098 10436 11962 12500 12871 13003 14166 16211 21701 26885 30088 30224 32941 36506 40450 42324 43533 43545 50879 53801 54812 55040 73010 102945 111855
248 716 2118 2875 2984 4235 4430 4916 4986 5461 7751 9839 12283 15386 16916 17286 21617 23306 23563 30085 36729 38609 40793 42222 45621 46984 47534 59106 59842 72991 89933 99875 104643
149 5183 5227 6577 7587 7713 10582 12267 12358 12853 13480 14327 14873 14893 16398 17036 18629 18716 19889 21063 22334 22592 24694 25480 38856 41364 59885 67895 68508 87254 92295 98328 98467
2 926 1941 2104 3668 4061 6750 6857 8454 9004 10532 13249 13376 20007 21875 22398 22905 24239 24566 25802 26509 29943 30085 30485 33491 34392 40719 44132 51182 77990 89334 113043 151317
123 330 923 1103 1808 4726 4880 7493 8848 10950 13508 13853 14664 14706 15255 16351 19794 20871 22548 28349 36279 37975 39856 41176 42926 58986 59801 68587 71096 73875 75874 84001 85061
2304 3862 4072 4986 6299 7026 7976 8092 9630 10272 10300 11352 12588 13178 13727 19853 20124 20228 21539 22032 29043 34301 35394 41911 43666 44160 53818 61651 63229 67872 87122 89569 115551
3651 3895 3941 5806 6364 6910 7253 7470 9116 11797 12314 15812 16742 18349 22216 25505 26029 29990 31461 32861 36159 36926 38399 39802 42662 42662 44000 44175 61562 63708 64102 87552 98483
1332 2679 2783 3074 3252 3363 3374 6108 10184 10427 13490 15773 16330 16637 16854 17184 17215 20990 21925 25007 26624 32840 37078 42033 42180 43086 45747 48960 49687 50515 71353 76646 202175
276 583 722 2898 4350 6179 7249 7572 7574 9054 11590 12531 15268 16907 20273 22454 23973 25331 26575 27813 29288 31977 39314 39572 41421 42816 44620 47420 59503 61137 70699 79662 161356
171 2254 2839 3113 3692 5074 5420 7352 7455 8090 8565 9057 9185 12193 14916 15435 16139 17867 19240 20334 21149 36527 39637 41057 41065 42239 64087 65113 73281 73434 77815 80957 153638
1278 3010 3743 4810 5901 7040 7135 11016 11262 13982 16156 16866 18207 19656 19846 21212 22934 23194 23668 24100 24172 29014 32323 32793 33440 40094 61637 61918 64559 74116 76809 80792 111676
169 2375 5499 5564 7336 7971 10550 12240 12725 13385 13433 14407 14978 15019 16207 19626 20812 21349 26312 27563 27729 35524 39590 41112 46405 47297 47488 51129 53567 57601 81691 94697 106147
1059 1997 2902 3358 4651 7180 7238 8610 8654 9261 10031 10622 13062 16079 17400 18997 19576 23633 23828 24561 27409 27476 27536 29821 36540 38293 41033 61321 65788 74426 80797 118016 135689
3346 3910 7162 8165 9294 9951 9983 10380 11474 12482 13147 15618 15755 16532 17268 18799 19968 24176 25515 28519 28882 30971 31138 32907 33558 39326 44380 56333 67441 68923 92442 93417 95606
898 2180 4036 4689 6408 7038 7337 12254 13408 13459 14494 16526 16662 16850 17261 18682 19588 21430 24927 26553 31536 32865 32917 41066 45043 46976 58358 58567 59487 60815 72649 80380 110474
484 1001 2399 2489 2960 4377 5434 7335 8105 8977 10639 10857 11020 11094 18423 20854 21287 22093 26422 26638 30706 31156 38718 39383 42098 54824 54926 56434 59116 64446 90074 91683 120541
110 530 532 756 1739 2518 2747 4296 9663 10032 10304 12163 12853 13344 13904 17213 18240 26915 27110 27130 28557 28867 29050 30374 33394 34427 40509 40985 61898 76737 98374 121587 158401
1515 1978 2123 2602 3335 4466 5206 7357 9010 9813 10682 11514 12488 13161 14575 15743 23068 23737 27755 28295 29271 30643 31566 38725 39869 46965 60820 60974 67262 70827 73554 99962 118912
173 599 2911 4371 4813 4959 6040 7016 7949 12804 12891 12953 15775 19616 20278 22493 24748 28517 29285 29540 32859 33742 36520 36692 39350 42949 46787 46873 50115 62800 91157 96734 112531
883 1727 2772 3017 3244 3426 3472 4492 6223 8379 9975 12993 15150 16796 17035 17047 18547 20371 22910 25815 25846 29797 30667 32612 46090 61495 64141 66671 67003 71476 89246 94895 101355
629 782 1916 2830 4369 4815 7925 8065 8282 8643 8723 8786 9252 9648 11232 12995 13158 15478 15774 16101 19729 20163 27716 34091 34284 37818 38698 61555 69704 86368 98846 128630 168511
367 1152 1560 3811 3978 4029 5153 6931 8175 9010 10093 10135 10738 17114 18503 19554 20412 21819 21931 25079 25675 27793 41899 44724 44785 46690 49768 61795 74842 83466 86035 88627 102535
2246 2355 3170 3245 4981 8623 10643 11017 14919 15011 15797 15888 16111 20209 21460 21606 24278 27130 33106 35731 36585 39476 42015 43741 46604 48309 50673 53318 56365 56755 61874 62224 89948
