1000 37 6
7944 16651 67342 222001 234118 353325
18695 43919 71412 113498 338805 339378
7665 10500 92133 109526 177063 516997
8957 62704 80927 109428 112317 564902
26359 30154 51938 163237 208201 433873
3313 50892 67697 79030 172474 558194
7986 31217 108245 154039 164468 438209
15992 104130 114010 146732 222539 286887
10623 70286 83377 130408 273973 351830
11560 29649 59611 153212 168064 486300
20343 85650 110185 127109 173521 409466
23813 45970 71092 81581 206989 514685
3603 20823 64389 163785 182065 521467
3884 12919 27686 50610 77038 729865
25815 33129 117006 162795 212602 394981
55034 115730 131882 205826 224128 228358
6474 33812 167699 185406 250968 262487
24310 65828 66962 144337 198784 400221
41273 102983 105167 154071 189796 329351
70207 75166 87689 165593 208188 302609
76249 85296 111464 122483 219635 311001
8295 59831 65960 118419 240208 428546
12202 54629 114934 164172 200877 407550
98798 99438 112860 168551 190789 231350
12128 95257 137149 141993 218963 294333
38841 84587 116542 217022 231618 265942
11140 46163 122291 164978 233390 378008
24320 28791 58246 141503 207260 465348
4565 40986 74845 96978 261778 453970
16171 26160 56284 198924 296742 327556
5264 24273 73216 235366 243454 371534
66617 89436 96933 188711 193897 289355
88520 111987 130682 170652 204460 241640
6861 100681 121260 148672 263397 305447
63631 67121 136247 166283 214667 271526
29827 35874 128220 144260 267391 318701
37740 65671 72201 118950 258566 338020
