1000 48 22
4162 6320 15440 17319 17564 20132 21041 23256 27149 27430 28131 29214 30914 36728 41937 48659 50950 58081 61639 68064 80241 183661
3114 3139 5784 6818 11262 11395 12385 15949 22028 23942 26245 28260 29079 33199 40553 42816 61923 80548 87026 89100 103266 118736
2341 3387 5315 5943 7292 10439 14806 15109 15118 15256 15462 16031 16364 16864 21335 42209 51520 56453 62471 81713 110665 272390
3586 4530 4710 6941 7322 9006 9075 14881 17452 26334 28368 30908 32324 44425 46052 46141 50923 71365 72663 75251 112258 134863
4914 10593 10634 16800 17596 19631 21291 21359 24571 32117 37252 38801 39519 41634 41658 43545 46514 57287 65321 72749 82687 120112
1771 3659 4638 7441 7714 9377 10608 15843 18861 21367 23336 26876 34737 42695 43977 51019 60138 71718 77994 93431 103364 154737
100 634 5974 6180 6468 7265 7493 8825 9317 16686 16806 32447 34792 41803 42580 46560 47990 63510 91489 93745 105217 141852
1488 1807 7263 8599 12884 14808 16162 18118 22387 26048 27331 29034 30945 36541 37277 43504 50654 62735 64215 65612 74337 122303
315 6504 9078 9115 12951 13180 15214 15583 17019 19771 20246 24554 29693 36394 37425 38818 51758 58331 68976 86620 94755 105350
2051 5496 6068 13365 13584 14580 15686 16924 24235 26230 27805 29521 30208 35433 38589 38873 48948 53481 73694 87271 90299 91079
1435 2301 4573 7329 9589 11456 14738 15270 15739 22103 23757 31718 32806 39484 39527 40401 53601 63093 73522 74044 116282 121623
188 3326 6107 7248 13671 15600 15913 17362 19150 19376 19678 21717 32716 40706 41187 46129 48219 50906 60542 68828 87937 183116
224 3116 3135 6116 6548 8167 8329 8541 8929 10353 13151 16912 20116 27423 49732 62230 81923 99878 108376 109608 118677 133893
573 3575 6708 9267 9393 10835 12605 14943 24624 27356 31890 33386 37921 39042 39731 49596 50177 65239 66726 86204 116389 137314
231 1193 2178 4902 7041 15451 19343 21139 25799 26458 28166 30680 34731 35349 47045 48064 53899 56528 64769 68385 98714 160937
430 2534 2910 6048 9201 9377 12662 18880 21237 21365 25104 28542 43219 46128 47919 48697 70507 73595 81537 84509 101397 124270
3235 3562 5055 6980 7537 7805 10152 20808 22178 23499 23864 29638 31354 33279 46911 47471 51267 58739 82654 113093 121046 147707
1730 4016 6931 10175 11156 12286 12799 14444 19934 24410 27037 31178 39140 41880 45446 46161 56843 57738 62619 69773 75238 94787
399 1722 15705 18662 18664 20781 24892 26896 27014 27729 28426 32815 34770 39271 39283 41498 44445 50365 57918 77277 92890 179949
3836 6737 9342 11191 13520 19807 20645 21864 25567 26626 28609 31591 35731 40693 46424 48742 50642 62678 74308 78297 80221 85213
656 1266 1779 2131 7512 10790 17048 17205 18097 19741 25055 25254 33878 41569 57190 61352 71574 85018 86524 98670 103897 107626
1472 1756 4237 4616 4938 8738 11976 13109 14930 18981 19583 22545 25667 30786 36780 49582 54620 54882 73781 80711 100477 163169
2362 6168 8085 8659 9352 9666 12275 14429 16046 16586 16879 18697 24206 28258 31409 35135 38351 51270 52302 97594 150917 246758
1493 2292 2362 4154 6551 7339 7574 8634 11628 14071 18653 19683 34680 51257 60331 68460 80366 81052 96370 99354 110388 124693
15 247 1597 1914 9354 15505 17518 18194 18979 22864 25687 25838 31313 33084 41289 58305 58829 71263 96508 108958 109532 111895
918 1145 6124 6258 7210 7357 9371 14441 17582 18397 22972 28858 34371 38387 41734 51520 53131 55186 74650 116606 126712 134984
51 1586 8926 10958 11802 16903 17813 19839 19919 22070 26124 29992 30604 32886 33840 35586 46219 61747 79460 101510 102048 131279
818 1300 5154 5959 9659 16574 24111 26029 28824 33067 33568 34091 34936 37284 40966 48933 62108 63216 64807 81580 126167 130857
56 4162 6455 8634 10456 14175 15470 21880 22688 24589 30240 32855 34406 36114 41102 43085 51375 78487 88316 96105 105148 106197
2879 3477 3843 4474 5656 8056 10648 14168 18188 20451 22046 24499 28391 31716 41900 80498 84719 90087 94168 104355 104538 113781
505 1563 2515 2761 3971 6649 6998 7396 10805 10866 26812 29455 30443 35261 42680 56993 62483 88234 89396 90574 114180 117955
4075 6815 11827 13174 17870 19292 21697 23757 25147 27090 30298 30617 32792 33674 48859 48895 54362 54697 67200 77457 110606 118944
1064 1441 2108 5354 8478 12255 15364 21718 23926 31574 33280 34104 35901 36117 37268 38863 39706 47773 72362 75398 97920 158347
102 1750 5162 5179 10576 12406 13811 22395 23300 23885 30344 32221 33106 35584 42180 43470 48937 50273 52968 73820 96169 129473
1999 3321 5316 6812 14856 15900 21212 23430 23694 26413 27902 32759 37515 38076 38128 41852 44933 45469 63380 70839 72833 109871
2005 3438 3741 3913 5953 10108 10526 11343 16202 18036 21994 28999 30852 33260 34097 36989 54979 64229 65012 81179 94726 238117
1026 1361 1663 3164 3272 6280 13544 17448 20681 21246 26896 30454 30836 33945 44427 44456 48202 48497 54297 55831 90638 178300
489 541 883 1766 4622 4804 8961 11936 12780 12793 22638 23393 23621 24943 25637 29037 37753 45884 77046 130499 157167 186776
4524 5547 12069 13551 13963 16293 18362 20078 21273 26718 27991 31131 31697 41159 46054 46528 49084 49370 76287 81343 109382 173608
458 1664 2353 2949 5233 7366 10446 10936 12195 12862 14105 17693 21516 28910 31259 32763 39175 43611 61558 78173 163945 185195
2154 3483 9108 9376 13430 13530 19697 21645 23968 24148 24720 27882 33417 34657 37443 43939 62229 68159 84998 89963 123973 129484
883 1571 3844 5301 6415 8345 16667 18754 21203 32835 34583 45175 45368 48509 48856 50525 53428 54336 64221 66642 69612 89400
504 1480 4323 6340 8520 9738 10405 14941 16477 18374 22702 26292 28609 35596 58574 59918 61340 63516 102216 102726 104890 125912
455 9048 12103 17015 17933 21475 21694 25382 26565 26800 29498 30770 33278 36177 41545 45213 48149 55150 64332 67347 92784 103393
2908 3750 6619 9733 11732 12023 12235 14915 16676 18738 21631 22929 24695 25978 27185 45481 51227 67576 70301 79722 134969 149114
1758 3716 6436 8949 9779 10616 16347 24481 26164 26343 28273 29143 31926 36140 38477 43193 45204 62791 80632 91420 95494 137324
821 2555 2585 9871 13165 13498 13788 16405 18875 19397 19502 24138 34277 41285 46341 47552 62493 71334 72275 73681 77082 97841
2355 3262 5312 5676 6042 7821 12560 19097 20201 21680 26025 27987 31882 34293 44123 44287 46568 50022 81480 86916 87245 138147
