1000 36 28
508 4856 7667 8804 8908 9643 10478 16575 18116 18441 19392 22159 24279 27036 28259 30029 35992 36117 36745 38188 38200 45457 54387 54806 77028 90187 99071 118952
277 3073 3598 4290 4365 11926 13293 14379 15445 16816 18574 23199 28321 28894 33462 35827 36157 38556 43377 44959 45745 55750 59906 60852 73853 74537 94328 99843
1481 2760 3312 4767 5021 5068 6123 6720 11764 16117 17539 20798 27151 28407 32746 33596 35770 36048 38415 45448 45571 48516 51986 57184 67219 71267 75516 178596
631 934 6340 6440 7268 8002 8532 9194 10297 11659 13547 16493 17918 18379 20895 36291 37464 41630 42705 48585 52178 62144 65367 67823 67917 69154 92159 138264
42 2595 2923 4482 4743 7489 7578 9820 10733 12961 16007 19060 27121 28575 29009 29009 35581 35969 37366 39823 43268 44874 45132 51184 58413 79727 122445 164932
2806 4208 5285 5712 6966 9119 11967 13215 14184 15073 16840 17529 18384 22644 22945 26597 34428 35559 36880 39275 41909 43896 56856 75781 80155 89141 98472 120464
688 1262 2826 2907 10976 11474 15108 16218 16754 17130 17529 21386 22421 31484 33371 34544 34773 42011 44071 44633 45022 49192 49244 61723 73934 82445 91753 92347
1048 5553 6210 7388 8797 9367 9552 10247 11629 11650 15764 17534 20179 24733 32605 35400 39074 43838 43928 46869 48672 56147 57472 64449 74382 83922 98455 102378
1388 2278 2997 9529 9726 15925 18180 18524 21562 23496 24588 26148 26667 28266 29294 29490 29502 30041 32882 38302 39315 45025 48155 63728 64102 67466 97804 130718
331 623 1162 2452 3209 3642 7504 8681 13497 17752 19313 19729 22362 23809 24723 28132 31309 32455 33174 33403 52744 54196 59003 63554 77393 85945 106855 139639
213 837 1544 3292 5010 5145 6514 7687 8064 11688 13525 14983 15499 22313 22522 24326 28137 28838 29160 35636 39942 41598 49487 56350 61360 107916 134267 197863
1843 2798 3525 3591 4942 6430 8010 9398 10548 12578 18304 18497 21053 22844 26619 27750 29077 34085 36870 51043 57042 57775 60417 67128 87008 95840 102316 104208
1835 3868 4390 4940 5347 6122 8641 9429 12526 13535 13794 16998 18963 21496 22414 34121 34360 38712 39693 40857 43637 44352 57561 65889 71964 92206 106508 130313
3828 5017 6537 7414 9764 11755 13940 15652 15759 16305 19633 21901 23590 24871 25074 25363 25558 25705 31138 36750 41553 43125 55295 56515 64248 76974 128669 146825
640 767 1320 5512 5756 7791 9465 9505 10368 11002 16649 17160 22237 28232 28316 32711 36466 47585 50638 53124 56203 63891 67494 69530 72724 75794 86574 95801
214 393 1930 2340 3623 3670 4940 6465 11190 12623 14666 16761 19824 22451 27934 31068 32433 34687 36896 37631 40624 47220 63991 70119 89282 90798 96737 159560
1089 2615 3862 6541 7857 8608 8639 11481 12869 13941 15742 17007 19904 20574 23039 23245 38782 40037 41090 41098 45188 51437 53081 56833 73232 103345 105400 132364
1305 3083 4577 5185 7018 9846 13008 14438 15853 17329 22553 26194 31693 33268 36318 37440 37880 43489 46189 48419 50547 53036 57166 58980 65044 68593 79691 88721
609 2874 2933 2935 5096 5729 6747 8000 8443 8778 9343 13173 16206 23460 26356 31968 40138 45421 49980 52257 54160 59972 70347 70462 70782 73281 92458 117037
60 2237 2305 3127 8572 9556 11525 13737 13916 15255 17543 17955 23933 25076 26413 27475 32722 40722 48623 53870 54240 58986 60368 66934 67525 78672 78912 109985
977 1892 5471 6051 8413 9856 12712 12941 13627 14610 16000 19302 25304 25492 28188 29196 30712 32177 34191 40932 43586 56406 71586 73656 74237 88281 89802 102587
7720 8134 9873 10529 10530 16552 17849 18513 19189 19393 21957 22046 23041 24332 28711 30105 31154 32493 32718 34252 34690 37366 44031 54117 67123 81548 108683 139737
3786 6937 7657 8189 8366 10546 10979 11526 11833 12292 13057 15412 18825 19540 20214 21265 23872 27933 39104 43729 53823 63920 65387 69074 75642 96861 109217 118870
2012 4316 4334 4878 7265 9417 11544 12442 16160 17537 18501 20621 25672 26681 27517 30488 33434 37005 37826 37992 46611 55893 56016 58690 59012 85497 104960 124245
1903 2161 2544 3147 5281 5970 8465 9840 12540 14413 15061 15579 19056 22949 27171 28303 29705 32474 37233 45533 46437 51236 71847 72149 73835 74724 86990 155846
5730 5968 6549 8447 8624 9788 11181 14261 15597 19643 24347 25973 26115 29219 29309 32327 32525 37631 38121 45099 45695 47791 64178 68622 68891 77464 82439 87274
791 3736 3996 4942 6100 7488 7893 8264 9189 9368 10092 10884 12685 17164 25511 29025 35903 36595 43593 44068 50619 52115 60010 72951 87306 90024 107979 127974
1609 2915 4369 5635 6223 7346 7478 8573 12774 13086 15283 21340 22461 26336 28460 35519 35860 37844 39871 40311 45598 49267 59082 60744 76906 86396 99971 113017
5937 7734 8654 9934 10726 14505 14787 15400 16712 19346 20659 21248 21524 22762 22989 23060 28750 29915 30281 32105 38583 40080 41760 50200 55236 55759 159290 164569
1575 3435 4319 5842 8769 11696 12170 13956 15896 16003 16619 16726 17030 19224 20581 22120 29288 32494 48917 49567 51509 59505 60223 65994 68202 77093 88229 128560
2367 2978 3661 5023 5837 6102 9892 11228 12603 12758 12967 15792 22502 23702 25351 31540 32067 38102 39962 41082 41741 45149 46267 61371 69766 93173 121431 133322
3375 3426 4038 6111 8074 9863 16724 16948 17763 17961 18353 18801 18866 20500 21052 21424 25470 29710 33915 37023 41478 55169 72261 76906 89371 92947 96361 103342
597 909 3059 4202 5246 5363 5461 8630 13566 17944 18137 21812 22565 26160 27787 31227 34039 35777 43149 44406 46055 48550 55175 56739 65445 109518 112868 116197
562 896 1178 1854 5931 8594 8947 15201 15970 18739 21983 23052 24117 27496 27551 28760 30417 31485 32053 34078 39298 45515 45597 48215 55223 66309 90823 233308
806 2591 6290 7232 7923 8097 8519 9392 12117 12905 14223 15365 17948 19054 21833 23925 29241 35654 36291 37453 39836 44505 52325 67229 72963 83889 105105 185839
1073 1618 1636 1959 4103 5402 6075 6749 6871 9181 9376 13508 14947 25312 26767 32374 35969 36496 36605 37626 41532 42296 45289 58515 77672 106958 131899 147764
