1000 41 40
431 670 1475 3512 4805 5296 7197 7443 8790 8860 9200 9262 9325 9789 10303 11099 12359 14110 14179 18806 18830 19106 20059 20502 20918 22275 26359 26767 27805 28961 30466 31603 32039 32204 34459 36281 39951 40062 52957 71672
1245 1471 1500 2591 2715 3366 3384 3561 3902 4149 4781 5718 6327 6661 7948 8024 8231 8454 8513 9366 9935 15970 16080 17389 18426 19042 21524 23602 24250 25041 26189 32210 34184 37232 44043 54444 55372 69563 71779 93779
848 1027 1471 2928 2987 3237 3316 4608 5407 5757 6314 6423 7629 9619 10156 10903 12427 12764 15061 15147 17010 17379 20748 20829 21001 21495 21708 25721 25883 27852 31400 34836 35584 35871 48174 59611 68852 69286 73464 90336
467 520 714 1252 1578 2089 3159 4007 4585 5224 6214 6219 6798 6852 9759 10146 10330 12353 12477 13380 13574 14545 14576 17937 18235 19399 20305 22239 22421 24557 26929 27654 37388 37946 39306 43997 53065 60630 62125 121336
335 1095 1120 1377 1650 1851 2631 3069 4426 4687 5170 5433 5959 6497 7248 8518 10061 11686 11786 12094 12120 12545 12921 13741 15723 17373 19537 23166 28280 32121 33854 36413 37172 44676 51085 53575 53724 58708 69881 99493
140 510 526 812 2097 2143 3368 3521 4272 6411 7262 8329 10808 10913 10978 11358 11385 12113 12259 13162 14155 14454 17126 17256 19544 20938 21615 22619 22936 23319 23928 24478 30373 36276 40483 53951 58376 59051 75255 76209
131 357 1541 1687 1946 2382 2858 3184 4127 5333 5620 7492 8069 8200 8214 9086 9228 9503 11524 13761 14679 15932 16852 18851 18957 18993 19110 22461 22902 25184 26059 27082 27449 31702 33145 44291 59579 77556 91937 92051
171 1719 1893 2414 3039 4371 5875 6900 6930 6979 8165 8643 9048 9298 9739 10256 10588 13164 13255 13600 14928 17260 17474 19147 22108 25451 25643 26360 26422 27007 27552 29707 34382 39613 41553 42458 43230 52624 71220 90837
1775 3745 5141 6285 7235 7236 9654 10323 11235 11671 12665 12748 12826 13845 15035 15116 15808 18245 18307 19121 19260 21373 21800 23951 24557 25438 26287 26312 32222 32244 32505 33164 35293 36299 37648 39087 41859 41862 47807 78246
1266 1405 1480 1688 2090 2254 3427 3939 4639 5485 6344 6869 7555 8238 10256 10703 12898 13200 13997 15087 16990 18995 21076 21804 22391 28274 28360 31181 34177 34734 34849 35497 35531 45043 47395 52256 55138 62032 66711 83293
604 617 1269 1475 2083 2343 3289 4332 4814 5015 6441 6762 6884 7834 8333 10336 10342 12187 13649 14110 15724 16196 19389 19463 19980 20107 22702 23518 26395 32998 35415 37281 38722 39775 41259 46233 49193 53036 53803 54388
651 1187 2152 3090 3261 3334 4224 5457 6182 6570 7130 7577 7917 8620 10176 10874 11426 11612 11705 13136 14168 15185 17049 20283 20854 23840 23933 25260 27202 29998 30252 33459 41032 43292 52720 53036 64536 68819 73362 75468
348 870 1349 1629 1867 2333 2579 4018 4607 5222 5373 5868 8823 9415 10015 10067 10610 11229 11362 13927 14495 16355 16651 18609 21231 21345 21701 23114 23604 25817 28293 29650 31199 39586 48634 55302 57949 69276 90730 104552
319 462 907 1740 2216 3295 3607 4347 4377 5405 6085 6341 7021 7996 8597 9528 12092 12746 13386 14057 15729 16289 17434 17979 18614 18859 19481 27858 28047 30249 31671 32350 32883 39228 43784 48091 59796 68627 80301 99261
95 841 1320 2201 2248 2498 3307 3531 7106 7237 8661 8862 9751 10317 12753 12839 15579 16310 17840 17898 18923 19188 20059 20857 21659 22403 23774 26465 31436 37004 38981 40532 40693 41454 41494 42254 44464 45693 51247 63086
539 1289 1676 1919 2091 2498 2721 3518 4065 4767 5014 6644 6837 6928 7249 7355 7519 7866 9602 12075 13251 15483 20951 20956 22954 25000 25006 25685 26267 30052 31235 33618 38028 40188 48235 50082 54169 66968 74125 85241
1257 2282 2681 3937 5362 5452 6285 6477 7058 7540 8541 9210 13505 13527 14162 14448 14890 16757 17152 18502 18617 18811 19641 19791 22340 23785 24808 26856 27116 27466 30573 30782 34545 34803 35612 44700 55631 56961 58297 74734
318 1495 2416 2788 3895 4606 4697 5750 6647 7088 7645 7805 7956 11013 13386 13609 14613 14776 15558 15943 16612 16966 17038 17389 18980 22795 23499 25836 26349 28193 28451 28651 36631 37018 37668 45610 46955 51576 54453 98818
245 437 795 1785 1997 2184 2373 2702 2762 3388 5999 6596 6788 9137 9418 9480 10451 10626 12324 14361 14564 15304 16733 17377 18690 19259 20912 21584 21820 26978 29958 31257 31687 44493 47898 53262 62375 82142 99140 118159
885 1205 2984 3246 4302 5070 6244 6416 6903 8943 9950 11085 11221 14588 15145 15171 16182 16811 17787 18058 18299 19734 21910 23803 24389 26945 26962 27687 28975 29160 31209 32640 34614 36055 36772 39947 41481 47812 49520 68565
153 247 857 1150 1515 1903 3179 4199 4534 6772 9082 9272 9775 11620 11702 13417 13987 14061 14606 18376 21449 22025 22518 23195 23341 25037 25073 25544 25683 26448 27511 28110 30944 33518 33646 46386 46720 54845 64802 74088
639 681 1903 2568 2976 3163 3673 4565 4604 4745 5009 6190 6787 8656 9106 9702 10851 11576 11651 11856 11965 14260 16069 22445 22937 24464 24571 25509 31741 35082 37377 40047 40987 48339 50123 53085 54820 75076 77080 89309
1591 2094 2403 2796 3291 3691 3870 4234 4453 5443 6081 6401 8336 10399 10476 10691 11184 11481 11710 12127 12483 12708 13968 14048 14576 16782 17808 20423 26211 26370 28305 30057 31854 33484 33904 49293 57875 65089 65413 111872
185 669 787 1465 2516 2533 2658 3213 4802 6398 6530 6531 6642 6673 8232 8361 8409 8798 9392 10432 11704 15460 15836 17736 18116 20560 21731 22227 24109 26257 32470 32656 33576 34804 45442 51382 59026 78243 101148 116262
373 885 1262 1332 2039 2918 4319 6572 6749 6911 7780 8111 8134 8443 9827 9954 11583 15371 17062 17186 17582 17709 17896 18383 21701 21706 22502 22878 25317 28840 29262 33255 34732 47937 49754 55504 58283 66326 72995 107808
227 496 1014 1110 1519 2353 2748 3581 3733 4281 4739 4863 4992 8924 11523 11558 11726 13279 13957 14587 14659 15101 15249 15825 18247 23697 24541 26922 28273 30787 33418 38539 39532 43289 49839 51015 52029 56744 62766 70721
166 2096 2318 2538 2602 3046 3479 4164 4889 4969 5220 7093 7269 7759 8048 8197 8452 10490 10508 10856 11213 11288 15874 16036 16198 18667 20178 22020 23919 26699 27880 30264 33534 37434 42529 45065 46388 62726 73654 133936
73 73 1674 1919 3042 3944 4010 4092 7437 7676 7680 9765 9947 10002 10688 11553 13220 13654 14116 14167 14540 14891 16189 17257 17285 17682 25353 28872 28886 31920 31954 34553 39950 48791 50628 54804 57544 58802 80546 86417
433 706 719 3623 4104 4828 5270 5383 6304 8138 9143 9178 9240 9414 11841 12039 12074 12230 14540 16482 17221 17916 18449 18559 18735 20655 24117 29293 29613 29826 31439 32127 34149 38920 39641 46063 46708 66827 75470 87344
435 1280 1395 1668 3288 3292 3468 3597 3636 4760 6940 7112 7165 7573 8326 9307 11583 11994 12539 14377 17945 18645 19722 21473 23780 24028 24802 28689 29116 38345 41044 42320 46175 46377 48000 48509 48601 56792 58447 91745
75 308 347 1756 2683 3246 3511 3592 3799 4060 4214 4289 6286 7634 9839 11237 11502 12357 13538 14857 16472 18273 20640 21346 21643 23066 24434 24774 27760 27808 27897 29091 34810 38236 40943 41014 52896 53610 98046 105010
561 1218 1264 2341 3654 4298 4960 5718 6339 6391 6692 6836 7302 7793 7823 7856 9764 12928 13282 13390 13424 15002 16119 18043 18318 18625 19992 26476 27697 28030 33340 34100 34653 36912 37647 50605 66580 67277 74899 87704
313 438 1508 1705 2395 3338 4152 4280 4418 4965 6302 6409 6699 8043 8060 8972 9336 14914 15917 16573 17037 17923 21630 21738 24631 25000 25001 26466 27370 31082 32634 33368 33890 37790 40144 43399 45537 49442 55054 64747
476 859 1118 1120 2022 2487 5602 5684 6607 7546 7762 9060 9916 10947 14741 15436 15690 16788 17154 18087 18875 21793 22981 23442 23645 24709 25818 27169 28475 30175 30994 35040 35137 36333 38422 43856 46787 49514 62692 90684
275 514 661 733 3469 3964 4473 6292 6403 7639 8263 10351 10939 11067 12786 13430 14517 15329 17288 18429 18580 20192 20449 20790 22010 23939 24709 25316 26602 29450 33216 35305 36008 39879 40625 42289 48922 54358 55038 59507
1859 2893 3463 3925 4001 4012 4050 5052 5873 6886 10431 10473 11445 11628 11847 12341 14013 16243 16413 16843 18919 22910 24196 25057 26055 26343 28036 28207 28238 32888 33022 36913 37068 37689 37935 38660 46979 67410 72540 78767
765 1241 1247 1545 2282 3159 3382 3779 3913 4630 4949 6064 6371 8037 8655 9913 11016 11361 12712 13060 14146 14748 15675 15943 16707 20726 22051 22949 25627 27359 29431 32665 34111 37791 41502 50057 53408 69220 80841 83039
178 307 657 1118 1396 1401 2174 2714 5147 5282 5964 7417 7712 8075 8534 8613 8653 11201 11649 12896 14246 15289 15349 16926 21280 22253 24591 26363 29782 30591 37010 39550 51305 51958 56197 59048 64497 69854 72971 94748
210 804 853 2889 3565 4471 5359 5631 7360 7869 9338 11247 11849 12698 13822 14901 14994 16063 16389 17539 17750 18421 20118 22430 22803 27619 30012 30258 30389 32812 33876 34510 35026 35311 40256 40933 41509 45944 68355 73973
1593 2658 3847 4251 4991 5394 5586 5616 6036 7158 7587 9040 9554 10321 12970 12993 13340 13863 16701 17970 18742 21823 23081 24052 24135 25557 29572 31468 32655 33414 34096 34206 34437 37361 43195 44152 50488 52197 69568 87756
884 978 1094 2524 4479 4705 4885 5407 5544 6475 6648 7806 8328 9611 9658 11142 13187 13323 13539 16352 17231 18092 20113 20193 20904 21522 27951 33903 34284 34721 41337 41920 43098 44715 44786 51700 54560 59512 69217 72628
