1000 18 31
343 1482 1838 7071 8041 8763 11499 12198 12273 14381 16200 18996 19090 19131 19448 19487 22680 26957 27883 32369 37124 38249 39714 46292 47121 51233 57173 65654 71249 77283 88206
2719 2835 4085 4482 4720 6307 8400 9312 9896 11188 13168 13464 13623 15684 18284 18690 19703 22429 25209 30184 33630 36148 38804 40684 43258 45101 46929 63922 74251 91906 120671
2203 2233 2602 4704 6505 7539 8381 9214 10791 10952 10984 12579 15401 18109 19247 20910 26325 27270 29122 29436 33605 35226 42945 50498 51757 52231 55050 70883 77406 82175 131444
14 3315 3728 4073 4337 8534 9118 9363 11457 13505 13566 14293 16231 16631 19873 20166 20381 22539 27531 28270 28444 33332 38679 41797 48338 48937 54399 64901 66085 89410 103740
1997 2237 3442 4570 5205 6180 6397 6985 7557 8489 9520 12615 12696 12789 13925 22548 22931 25459 25851 35894 36900 45111 47179 51155 53340 54692 59107 63873 72620 105475 119220
486 3018 5003 5621 6460 6762 6924 7659 7966 8602 8663 9650 12769 15768 18331 20983 22117 22172 27403 27570 28566 34419 35534 36150 37530 40119 59192 65698 85995 86948 187317
72 2679 3829 4551 5832 7708 9668 10289 11493 14056 16026 16307 17687 17752 17978 18587 18921 22074 25387 27322 34206 36404 47955 48230 51094 59259 63598 69150 72250 77587 116523
1651 2197 2783 4551 4572 4728 4881 5116 7251 8363 9284 11483 11501 12506 12750 15077 16194 17179 24526 25564 29132 42369 43693 51174 53264 57643 75424 78311 85141 95219 104353
3336 4993 6048 7361 8360 8870 9891 12239 12646 13581 13973 16405 17110 17250 18247 18847 18991 19139 19401 19474 19645 22034 31579 38667 41253 51666 60500 67629 83159 91888 131496
1589 3107 4589 5723 6455 7084 7837 10292 11388 13111 13163 14425 15516 17675 18339 18912 19288 27828 29347 29859 30514 33472 40023 44015 46219 53399 54783 54920 77733 87440 118007
418 1118 4770 5410 6916 7491 9778 10075 10266 10985 13232 13546 17348 17500 18024 18399 19633 20408 24801 32754 35465 36566 39985 41134 41146 43656 48633 61584 67348 98081 107909
42 1699 2707 4578 4949 6465 8214 10118 11465 12924 13156 15383 15959 17856 20105 20410 20621 22605 23809 34067 34985 36914 44583 47756 51854 53871 57619 69827 72640 75086 86728
2639 3438 3581 6286 7844 8055 8440 12604 13026 13135 13508 13560 14581 15353 18143 20107 21394 25151 27784 28765 28883 32907 39665 40255 43440 43620 44687 72596 90192 95943 105875
146 182 1513 2651 3551 4850 6015 6655 6966 10360 10840 12247 14875 17195 19968 26031 26514 28146 29953 31466 37948 43915 45307 46066 48912 49043 58371 64802 69882 85846 104474
547 1665 2513 3377 5106 6977 7403 7496 12294 13236 15032 15595 16644 16704 19789 22948 26029 26058 26769 27582 29853 30082 33689 35145 37634 46875 49162 50441 85779 90382 141670
139 636 2156 2539 3833 8044 9054 9741 10115 12717 14227 14951 16557 23294 23612 25624 27219 27657 35994 36566 38171 38229 38322 39825 42088 49850 58533 69873 74881 78078 93228
181 471 899 1121 2411 2916 2964 4023 4243 6234 7281 7314 8164 10053 11742 16921 18243 19090 20244 23764 27857 30675 43463 44492 45423 47782 65889 66149 77525 94791 215556
5 1784 3281 4195 4871 5681 6661 6696 7237 7669 7975 11031 18836 18840 19894 20752 21418 21476 22694 23198 30913 31740 32084 49397 56118 58151 74353 75366 82266 92038 115245
