1000 26 31
828 878 1725 1738 2403 3690 5834 6092 6486 7465 10685 12009 14220 14264 16763 22951 25427 28642 29668 29673 31787 43439 46248 50305 51842 52827 53782 58427 64166 78007 78225
150 235 781 4886 6246 6421 12401 14073 14634 14692 15552 15703 15783 15849 17216 20759 21215 24088 28702 30089 31258 33781 35265 39676 43446 47157 49891 51257 57933 81708 83201
453 1504 1809 1956 3259 4544 5716 6333 7064 7801 9258 9365 9777 10429 10758 11390 12461 19783 20429 24283 26070 28514 36616 38703 40198 43890 76706 79673 99067 106907 119852
2146 2487 4730 6050 10295 10319 12591 13200 14105 14667 14851 17091 17206 18549 19410 19600 20933 24167 24608 27576 30552 35463 40085 40210 42585 44602 51024 60206 82101 87663 98870
2332 3245 4438 5335 5904 8941 9301 9329 9975 14411 16608 17089 19671 20795 23859 27863 29229 31017 33042 33424 34810 41648 42495 43349 43851 44031 44152 48460 74419 83320 111135
6 241 1033 1591 1763 2002 2091 3892 6950 7232 7638 7939 9199 10725 13838 14289 17913 27977 28066 34703 36407 39629 39833 40630 42016 46205 50407 57277 75316 96014 111430
366 4243 4874 5211 5944 6574 9869 12488 13634 14054 15529 16509 17276 17898 19229 22294 23399 26206 26272 28149 33277 33337 37626 38182 40104 48001 53731 73279 75802 86443 123045
437 2448 3090 3184 3825 6082 9626 10520 11800 12359 14969 16572 19068 19192 19504 21041 22372 26611 28190 29458 31166 31683 38309 41535 42362 44012 59969 68858 70577 90048 98729
251 1129 1191 1488 3099 5050 5697 6639 7694 11673 11720 13112 14191 16219 18106 20787 24544 26167 26314 31809 35595 36494 40623 41787 48977 50304 59065 61686 63462 72557 93330
519 746 971 972 3743 4082 5880 6491 6668 6803 8882 8987 10050 20160 23053 23113 26137 26337 29633 30119 31655 33938 34547 45245 45480 57004 67743 68575 68929 72163 141547
1389 3018 5553 5631 6356 6550 7331 9262 11098 13019 15183 15855 19315 21791 22827 24093 25122 26270 26581 28577 31263 32117 34502 38212 43138 50280 52357 53175 64450 80830 98442
2301 6386 6616 8355 8444 10262 10315 13858 15716 16248 17472 18589 21438 22264 25151 28244 29222 31101 31620 33244 33571 34355 36079 37039 38457 40360 40750 41891 60915 71130 81850
49 486 751 4652 4783 5187 7172 8933 9883 10257 11112 14669 14962 15202 16212 18176 19706 22289 31058 31649 31726 34019 45967 46129 47294 53846 55619 62712 64246 77978 94417
3041 4624 5498 6474 6575 7032 7318 8658 9845 12850 13999 14429 14641 16999 21469 24117 26928 27493 30029 30495 34470 36746 41077 44817 45337 47953 49492 51723 55128 71022 135715
307 336 2273 2487 3107 3347 3853 5664 5927 11445 12272 14475 14691 15856 18705 22972 23922 26806 27332 28006 28384 35450 39582 39643 40873 44074 46718 52095 62633 80763 141902
788 4414 4762 6444 6736 8748 11147 12663 14245 14842 15531 16019 16070 17436 19211 20491 22273 22795 22875 25670 26394 28125 34367 40582 42567 46516 48855 55350 62532 113006 150418
128 3139 4016 4397 7174 7201 9830 10545 11493 13744 13795 20517 21494 21625 21672 25039 27425 29775 32086 34917 37272 40205 41598 45108 46367 50617 55361 58740 58968 65145 71608
286 1086 1378 2419 4209 5153 5548 5587 7404 7772 9772 10715 11792 13980 14076 15427 17271 21364 26554 27354 34272 41355 41770 43270 49684 53772 63255 73556 80865 88808 114272
981 2408 2540 2836 2986 3138 3968 5764 5909 6762 7185 7656 9328 15926 16598 17627 19647 22155 22757 26094 28000 33707 42119 44026 47519 49076 54355 72725 76585 111643 120110
55 550 591 983 2026 3299 3847 3949 7506 9604 13116 14357 19046 19129 19191 20232 23338 26627 31161 32306 34317 36066 38488 39778 41156 41453 47462 59594 73729 101737 129297
555 711 2796 3333 4068 4193 5509 6299 6474 7475 11526 11752 16333 17198 17928 18246 18767 22236 26751 27587 27983 31050 40948 47626 56535 57772 63557 64742 92100 95095 98074
2288 3788 5325 5600 6418 7238 8301 9623 10762 11143 12289 13180 14693 15433 15630 17925 23525 23860 27417 28507 31741 33195 35035 35203 38034 50117 56994 60246 67133 88440 147818
750 1491 2258 3114 6694 6995 7714 8366 8586 11394 12368 13863 14286 16209 17623 20855 25643 26650 27160 27782 29750 34101 39323 41101 45200 48643 54091 55001 64898 99674 159609
2106 2604 5301 6580 7559 7856 9164 12327 12486 12884 14389 16097 18683 18830 20544 24097 25052 25380 25602 26400 32761 33037 34906 37542 38779 44628 44644 56054 58962 66277 136858
308 2291 3559 3720 3918 4685 5256 5473 6398 6699 12532 14297 15438 17553 18426 20552 21907 22266 25559 25873 37626 39092 39568 40125 43733 61836 63530 68166 75776 80142 127539
3314 3812 5737 8221 9851 10348 10944 12819 13382 13456 13834 14634 14999 19821 19897 24325 26723 28366 28970 32827 33372 33448 33649 36371 36400 39429 47166 52355 56840 87501 95563
