1000 47 31
1848 2596 2694 2754 4382 4608 5595 6470 7293 7415 8602 8633 9300 13192 14427 14755 15617 20376 22125 24792 30270 42073 43691 44921 54268 62143 63270 70100 75190 94579 104364
775 2733 3124 3188 3694 5418 5634 6113 6212 7751 8998 12140 15138 16376 16619 18575 21502 22815 23225 23397 25668 28583 30110 36735 37152 41506 46876 51725 51846 65218 87673
83 1444 1478 3238 4218 4539 5916 8007 8090 15170 16290 17458 17610 18313 18530 22455 24949 28129 29273 30096 31590 32330 34235 34480 35279 40064 47825 50577 58306 58971 109534
485 1696 6055 6822 9135 9814 10880 11398 13485 14209 14584 14637 14867 15793 17834 19073 20783 21590 22062 24770 27898 28330 28571 31526 35686 42782 52544 55330 61203 74315 134056
99 1246 4185 5150 6475 6607 6727 8175 8843 14512 14805 15300 19579 21175 22054 24123 25480 31413 31471 34430 34451 37690 38200 41587 42708 48069 48908 51627 75311 85763 87616
1157 2359 2397 3485 3545 4110 5989 7947 10254 12110 12938 13955 15065 17108 17325 18548 20213 21614 22190 25158 26873 27190 27535 29377 31434 31751 53555 67432 69825 107289 118224
1089 1804 2282 4530 4638 4816 4965 5288 5459 5838 5889 6446 8501 9705 11659 14238 18353 23239 23973 24005 30185 32964 47062 52021 54937 55090 58835 62795 69391 94332 124663
3093 5614 5781 6025 6450 6503 6570 8527 9314 9358 9714 10808 11376 12484 13364 14684 15083 16627 19879 20889 22684 28960 33721 38355 41616 43366 49264 50808 73552 91696 110054
997 2636 3266 3689 4012 4565 8177 10401 10712 11379 13476 15986 16366 17185 18138 19199 21146 21451 21868 22671 26033 26656 33863 37332 37710 47828 71862 76351 79864 81030 96912
887 1205 1672 4367 4514 4808 5575 7844 9103 10950 12247 12431 14464 16556 18130 18935 21028 22517 22761 23348 30904 36010 40231 40621 43326 48098 51466 52562 58736 67081 147094
436 1908 3048 3550 5690 6933 7611 9444 11850 13284 13407 13865 14109 14398 14576 16525 17361 17589 17969 18565 18881 22133 25633 27290 38468 41049 42254 52977 54487 65885 106940
819 970 2162 2439 3442 3827 5420 5964 6162 6503 7604 7615 10009 10573 10594 12068 12726 17396 18084 21686 22390 23026 24408 34329 34845 40497 44968 63416 86495 86897 103715
1033 2758 2773 3163 4597 5093 5956 6408 6946 8812 9299 9996 10303 11301 11372 13830 15188 17189 17750 22631 29229 29926 29985 45275 48120 53688 53925 55672 55727 85978 98933
66 470 505 1087 1286 4556 4965 5638 7302 8340 8542 8917 9466 10477 10777 11685 12748 13816 14698 15354 19669 23939 26368 32964 40975 44738 49874 63074 67217 70411 122317
322 1794 2899 4060 4850 5349 8314 10848 10947 11155 12896 13154 13314 17278 17850 20121 22358 24862 25227 28250 30135 32664 32682 33197 36431 36524 37317 38452 55651 63310 67493
226 644 980 1542 1640 3459 3614 3990 4020 4096 4505 7813 8949 10348 11195 11294 12313 16360 16631 18702 19949 20950 27234 28657 47422 49153 67764 68196 70476 71172 129415
1472 2333 2564 3638 3912 5417 6903 11340 12121 12800 12892 14668 14855 16899 18001 21337 24671 25546 27186 28061 32212 33796 34348 34358 34541 54982 56344 59083 64898 92216 96597
166 2434 3517 3601 6302 7116 7281 8466 9645 12254 12744 13453 19566 20149 20174 21019 23588 25071 26616 27685 29004 32702 33202 33933 34667 36087 39670 47936 49493 80513 87445
2093 3609 7728 7775 8619 9195 9254 9368 9577 10001 12375 12929 14345 14637 14706 16640 17586 18899 19695 20295 22935 27145 27966 31835 34904 35282 49699 65911 77513 90476 94210
537 680 1261 2962 3439 3563 4896 5961 7910 8351 8457 9807 9832 10098 11787 12059 13120 13828 14628 22742 24142 26277 26786 29710 37176 38705 55517 63661 79580 91281 103998
1095 1988 2604 2699 3973 5009 5583 6399 9248 11532 11589 14383 16148 16408 19919 22905 23489 24756 25354 26195 27489 28384 32352 43358 47012 48741 63278 66745 71897 76592 88879
593 1110 1492 1643 3522 4081 4402 4699 5417 13584 16063 16290 16520 17569 17939 17958 18320 21963 22985 23997 24288 24350 30469 33336 45866 50417 64188 70865 70926 76656 80172
316 639 1222 1303 1340 1761 2844 5337 7002 9053 9918 10822 13987 14865 15896 16469 18561 21578 27180 34138 35942 36383 42323 42744 46217 51180 57958 60988 66775 72766 96166
21 169 248 550 1534 2250 2296 2707 3827 7282 8089 8419 8705 9875 11237 12934 19977 26691 30111 30982 31888 35278 37076 37737 41027 43714 45545 49032 72335 74780 164956
1137 1483 1578 1912 2167 2567 2633 3051 3544 3546 7733 9981 13643 14671 16458 18793 20845 22706 23822 26259 28620 31374 32584 36148 36216 36895 41008 46774 47547 58867 103971
35 1822 3232 3411 5221 5278 5357 7661 7726 9093 9363 9865 10012 10532 10544 10546 12977 13549 13596 14655 14932 19150 22909 27005 28539 28995 50240 51403 87880 106472 139274
666 2436 2740 3546 4216 4545 5730 5966 6492 7653 8166 11540 14914 14963 15377 16262 18928 19027 20638 22636 28597 29350 34050 36164 36807 38061 46209 47991 57216 96189 115508
1818 1842 3427 3737 3755 4453 6622 7099 7114 7534 8591 9166 10009 10757 11103 14816 19657 23800 24729 29716 30400 33907 34452 36942 37529 40683 44838 63272 75297 89552 110463
4437 4464 7172 7426 8570 9588 11522 11804 13124 13227 14787 15327 16514 17010 17775 17873 18225 18954 24708 26172 26248 31535 32834 34641 37678 43041 46709 50375 75396 82436 143584
20 187 2769 2781 3368 4436 4974 6950 8464 12001 12137 12156 12554 13365 14315 14441 18093 25755 27066 27597 30494 35362 37105 42842 42944 48256 49497 49952 64614 67902 104145
166 1307 2440 4639 4857 6272 6563 7390 8218 9397 9716 11311 11429 12538 13389 14581 16522 16980 20565 23989 26764 29443 35838 35840 37550 40765 43084 45389 48755 73845 75655
345 811 3888 4034 4454 5058 5713 10211 10682 11273 11763 12331 13728 13741 13940 17943 22696 23293 24065 25503 27403 28207 29832 34158 38178 40239 41282 66810 89437 102542 106156
541 1572 2977 4041 6573 8060 8391 10500 11815 12723 13713 14360 17481 17701 18939 19139 19948 21043 22442 23343 25390 25531 26009 28424 39119 42052 43011 48777 58973 60271 105911
606 919 1936 2038 3166 4866 6095 8739 8911 12878 13778 15654 16271 16569 19387 20735 26266 27228 27364 29660 31498 38191 41343 41352 45304 46181 50366 59706 71416 74897 85146
247 2222 3409 4770 5504 6523 6988 7914 8871 9360 10377 11345 15030 15494 16569 17163 19864 24560 25914 30540 32529 40803 42875 42946 43056 43171 51694 69339 79479 87312 118096
187 873 1746 2881 5526 8130 9539 10612 12113 14066 14190 16004 18390 19051 22264 23254 26500 31338 32151 33001 35732 37031 38153 38973 43796 45736 55834 59700 66736 70853 97803
70 550 1543 2345 4608 5197 5908 6548 6758 7389 10168 11407 14505 14537 16216 16822 17210 18135 19424 19715 24826 28733 29027 29447 31696 32764 38903 54245 65393 77272 96133
666 810 1451 1768 3950 4263 4390 4759 5751 9077 10706 13494 14338 15648 19901 20609 20778 21039 22291 25858 27911 29914 30012 31893 34471 35201 45117 49980 52081 65579 77334
169 1245 2036 5595 7305 8162 9037 9063 9419 9829 13918 14784 15717 16935 17579 20019 21027 22259 22328 22724 22794 29134 30387 35490 36149 36206 68308 76551 83338 84555 113801
404 2588 3253 3673 4368 5098 5947 8235 8475 9401 10603 11617 13726 18846 18970 19001 20396 21935 31792 32294 32841 32958 34387 35107 37438 44930 46214 49297 49701 52884 81027
455 1673 2798 2826 3998 4983 5402 8989 10409 11296 11347 11844 12099 15345 15724 17992 18677 19349 21631 22464 23442 26727 29225 32268 32584 34270 38651 40903 67137 135623 149175
469 2677 2697 3266 3712 3852 3974 6908 8183 8595 9425 10916 11433 12182 15351 16896 19533 19710 21335 21342 21466 25809 30320 32575 54233 54591 57576 66307 67259 81144 91092
292 500 648 1040 1248 2533 2891 3523 3621 5848 6158 6481 6966 9929 10889 12202 15224 19344 20629 24846 29834 34721 46685 47125 47934 47959 48680 68752 71148 74785 110692
58 1300 2746 3569 3747 4195 5990 6779 7282 9155 12159 12616 13058 14302 16876 17048 22063 25039 25892 28588 29836 31552 31716 32074 32348 43884 46845 56074 79831 97791 107004
2124 2353 2484 4193 4956 5604 5831 7299 8659 10179 11766 11944 12683 14233 17458 19932 20017 21500 22846 26332 26458 27807 28619 32960 34235 45643 53229 56569 61760 81933 87443
337 4525 5238 6472 6473 7119 7297 8223 8944 9267 9935 10563 10870 11034 13702 15515 16053 20411 20800 25004 25272 27879 34315 36610 45282 50633 54105 60859 69856 73336 92554
226 3640 3934 5144 5154 5251 8036 8302 8810 9812 11758 11880 16577 18531 19350 22943 25958 27124 28154 29194 37896 38619 42464 44374 45669 47155 49147 62077 83125 84893 90899
