1000 38 16
4238 4414 6946 11057 19689 20687 29100 29307 29895 44293 55094 58238 60008 74876 107440 159791
1344 3653 4653 6437 12422 13978 20016 32438 45505 51708 54458 55349 69118 113518 175969 200560
2364 5088 9203 10278 11931 13824 26645 35223 43835 46808 61724 73006 116612 125973 130596 141223
118 3695 5347 16259 18182 18359 30013 33449 47605 49111 51056 51879 57281 65116 120125 140940
7824 8590 8897 10901 11059 23310 32701 44388 52398 57470 62566 73496 78354 100697 157542 168792
762 1803 8146 12981 23878 29337 31678 42459 42802 43642 58624 70317 75803 98460 104224 156536
1528 2737 4500 6552 6635 7011 9455 17396 17828 40714 54338 62929 79639 165029 168416 237782
1249 3573 7158 10553 11715 15953 25416 32066 40064 61594 66972 73290 83898 84232 110667 132411
4522 4750 7280 17112 21179 31725 32600 34467 39933 44814 46275 57566 59431 77116 110466 206757
3720 8640 9570 13177 13314 13826 14499 16033 19856 55938 62657 62736 67896 115465 136456 157426
1457 9531 12786 19774 20530 30516 43542 44288 47027 53099 65478 71418 94041 95313 119927 147502
11215 13930 17340 23762 24224 28468 30323 43135 52044 53211 56073 63580 64788 79731 136562 140306
1888 3689 4662 14394 18880 18972 21056 21830 27694 37281 44511 55787 65664 74595 117563 371477
397 2612 4631 11963 15151 18462 24318 25470 35436 43392 52630 56248 57332 114446 132192 291520
7029 7256 8369 15965 16499 29038 33810 34722 39237 61866 71166 86903 96807 114127 115375 160251
581 3341 10861 11549 13710 17513 18024 18468 22033 23385 40433 55682 57836 92439 94704 268427
8670 9546 14721 15056 23773 29415 32252 34746 44560 45071 48160 53853 58141 59927 112406 148234
1558 2015 2186 9278 17040 20634 27498 30073 35330 39479 41717 60506 66070 79355 124617 148499
1771 2397 7304 8812 26151 28112 30860 32003 39171 49788 54934 56533 57616 105204 113301 140150
1317 1494 6411 7511 9960 10093 10391 22485 32030 41171 53540 63981 85907 95604 143215 246679
1739 8593 19807 24743 26077 26391 29407 30652 33077 33385 38478 45783 107895 108496 152742 185073
10018 11692 13650 14884 21528 30835 38102 40679 47186 52591 63321 63649 76357 84079 102301 128748
6185 6934 7067 11304 11889 18403 31202 32398 33395 37523 47771 53475 81039 96509 148147 197605
4365 4622 6723 11707 14823 21155 24693 27647 31710 36913 56502 69399 83978 101946 112813 124332
2166 10864 14500 18458 19839 20970 23999 29725 41639 44432 45315 46166 63214 83418 90737 150519
2608 2774 5589 6564 12522 12845 20814 21819 31133 43172 58530 70504 78422 129887 174327 178560
2601 3483 4509 5186 7761 29555 30338 31000 35360 52175 53163 71565 98980 100446 160481 178974
672 1691 9268 12983 15483 16218 16363 17154 17643 34522 41266 47144 99651 101024 141174 170169
3802 6059 14224 21018 21284 32718 49851 50479 52390 52463 55858 88227 100615 106299 112704 118313
866 3368 6035 14233 15250 18364 18403 26337 28897 36431 39503 40404 61100 119024 120111 202375
173 3008 6215 14742 15408 19944 26344 30377 44634 50877 60762 63671 64341 68423 164655 176599
3861 5485 5833 7815 15428 26012 27711 30714 43423 46791 55836 65082 89594 100655 130688 141108
2427 5671 6013 7978 10142 14197 15625 19055 29047 31924 44255 51009 53340 68367 119776 263931
2666 5870 5996 7229 9644 18483 23578 25026 25282 36868 40030 51208 53652 83059 89393 232427
481 9206 9294 13215 21061 26833 31006 36050 40116 54835 55045 60804 89363 108392 115893 128661
3631 4349 11002 13273 28012 42195 43350 44888 49875 51103 53933 61538 72850 84450 107936 110455
7060 8436 12684 13302 18066 19681 20713 23584 24622 40994 47229 53261 60001 79569 119100 198590
1551 3962 6821 8633 19053 19507 25306 27715 30263 51836 72032 76489 94804 117793 118303 135183
