1000 39 11
3130 8926 9154 9681 21737 45153 55274 110236 122315 159090 251279
1772 12430 44946 50411 51392 71904 95687 99815 122026 161393 169244
5280 15522 22774 23039 44057 61551 66080 72944 128704 158902 216182
12108 21835 36675 42018 65413 83671 95665 111216 122535 132695 137891
2329 5486 7583 25586 32130 37764 60815 104866 106311 194062 292870
2525 6257 23530 25882 29442 64094 90240 98348 137034 190904 198738
1059 8072 15365 24524 25126 35058 37301 45119 108035 204197 283702
8289 13947 24507 31960 50164 53032 74683 87574 135886 170385 183148
1281 19134 23400 35033 40800 59134 73863 83896 122377 152389 185298
2165 10694 15687 27736 58204 60758 64264 77459 94183 195637 202777
6078 13298 31854 37583 37662 46531 65096 69664 108174 138755 356756
4867 5761 15873 30370 34308 72723 89838 114107 128794 143188 254181
3782 7126 28466 36276 43311 49224 50170 70818 115350 187274 190134
4426 10483 13443 23593 26659 27025 48311 89275 176870 189905 221436
2997 3857 6718 28834 52653 86220 110121 144687 151466 162425 170336
6216 6864 27667 49989 55412 97443 99715 118401 125635 151917 168830
8291 14793 16772 20228 39433 50365 52034 69195 70475 188002 269076
2870 3348 4265 33473 44047 47423 77114 122634 138467 163882 210578
7026 9029 14243 16966 17848 42206 87506 101307 137767 227321 234186
106 3223 5415 9764 52610 76588 102578 122239 150884 154932 187472
9181 10009 13558 32009 52213 57383 62296 85441 113245 165387 211201
5764 9463 28812 33554 35746 35883 74558 78417 82202 167068 244916
357 1512 6289 13314 28776 34559 57657 82872 160138 251086 263848
3024 29848 32281 38220 48972 58958 65415 76630 141642 150295 166253
8565 10976 12001 33223 36742 41230 45531 59997 110309 199369 241606
2658 11893 21301 22623 34145 39141 50969 60641 93766 188360 364602
7934 12238 26823 46756 57038 59239 88430 94271 109357 116157 299183
10672 14529 32702 36149 37115 56307 69178 83640 89698 140916 251150
13113 33275 49924 59616 65619 67242 76015 101063 111144 129560 195094
8329 10865 14118 36009 37548 59955 62158 64856 105911 151356 224853
3878 3880 5555 5856 23077 37829 37880 65364 99842 214857 311889
6543 13390 26983 36605 42883 59247 63827 87287 100344 168590 211446
3622 14017 14862 19603 32810 98756 103135 107312 112804 164255 172258
7330 31086 37265 38106 50379 60652 68964 84942 86397 90418 244738
2701 2778 5221 9639 24824 29021 79730 100552 136949 141298 264560
1187 2610 25408 32581 43088 54225 110308 121109 143626 153001 184585
3551 6075 18262 38189 60681 70611 84373 99926 118703 147109 196558
6641 17157 25312 27360 42971 45519 73142 136231 159466 160879 178511
10824 11465 35874 40821 44174 49621 49905 51870 91484 135616 292709
