1000 27 40
392 1333 2552 2715 2762 3241 3327 5929 6283 7103 9997 10886 11795 11800 13050 14334 16282 16562 17558 18007 18707 24471 24695 26757 28053 29437 30187 31100 32523 33352 33481 33735 35479 37559 44004 48062 48110 54767 80405 84433
418 917 1272 1407 2489 2863 2896 3123 4302 5555 7402 7761 8421 9550 9674 9961 10571 10678 12039 13488 14639 15006 15492 16747 17552 19169 22242 22982 25234 30572 33802 41986 45386 45431 49365 57270 63942 78899 87645 140177
130 481 752 839 1913 2138 2228 2329 4473 5173 6330 8963 9515 9531 11483 11927 14901 15298 16460 16830 17240 17404 18269 21283 21924 27126 30310 31079 33056 37753 40506 44015 44701 49262 50699 56015 56025 57151 73404 111488
409 980 982 1257 1317 2020 3155 4099 4133 4454 5780 7024 7263 10596 10626 11475 11775 13941 14014 15949 16480 18077 18916 19078 20539 20776 24240 28533 33177 35008 36565 37168 38679 46885 54678 56974 64864 65237 94731 103392
14 425 991 2517 2687 5089 5270 5326 5489 5511 5879 6401 6576 6747 6952 7450 9714 11311 11804 12553 13403 16165 16412 17091 21083 24661 25923 27106 27884 28158 29077 35237 36380 37253 43051 55601 72225 95031 105632 116630
208 256 1138 1575 1691 3373 3875 4157 6201 8564 8584 8784 9401 9604 10671 11969 12341 12414 14564 17652 20991 23197 23888 27265 27686 28749 29381 30002 33973 34149 34272 34908 36741 37919 39403 40384 58853 70515 79150 101456
37 104 1220 1627 1951 3263 3293 3574 5891 7267 7439 8418 11122 11752 12194 13499 15930 18055 18499 19271 21446 21963 22187 22863 23113 26591 28028 29585 34049 38702 39980 40494 45749 46855 47294 49050 56029 61857 64461 68663
1459 2856 3186 3501 3802 4257 6499 7428 7887 8029 9758 12572 14002 15977 16086 17336 17546 18298 18714 18928 20215 20454 20752 21180 21546 22520 27701 29799 30640 30961 31166 32348 35715 40910 46390 46832 49590 53567 87334 96774
884 1153 1447 1918 2590 3162 3267 3440 5299 5321 6472 7906 8284 9492 10265 10425 11178 12550 12880 13398 15084 15932 17421 19784 23850 24446 28420 31403 31583 34728 35335 39658 41746 42655 47415 50897 52050 59702 76941 135237
1133 1230 1255 2978 6946 7315 8082 8670 9027 9845 10295 10750 11746 12404 12583 17100 17352 17500 18837 19500 19539 20422 20805 20995 24902 25762 27893 35273 36444 36888 38400 39272 39723 41162 41824 41963 45320 56083 66694 88269
1320 1572 2264 2716 4225 4868 4991 5265 5282 6020 6940 7358 7815 7921 8503 9194 9246 11951 12888 13924 16386 19067 20594 20709 24508 24886 33044 33343 35667 36589 36928 37505 44566 46294 47094 55705 59707 66586 70499 86885
1103 1620 2485 3154 3216 3559 5015 5905 6292 6599 6951 7777 8429 9179 9368 9387 9418 12006 12069 12856 13541 18241 20101 22253 23689 24837 26890 34263 34893 35174 37575 40193 44934 50136 52522 57425 59508 61952 71490 87038
160 794 951 4070 4626 5525 5950 6408 6627 7946 9031 9671 10014 10056 10474 10839 11322 12070 14956 15068 16334 16440 16814 17294 19938 20303 20451 22835 23930 24066 27797 28563 34571 45018 45234 48162 49507 56198 66796 214717
928 931 1488 2587 2866 3189 5389 5536 6191 6281 6495 6798 8626 9403 12961 18388 18788 22005 22346 23161 23330 23945 24522 25013 26256 27985 31039 33516 33885 34835 34972 38787 38932 40229 41803 44438 45084 45231 64565 106073
1695 2386 2564 3265 3889 4073 4268 9766 10793 11711 13094 13496 14013 14148 14385 15537 17583 18001 18482 18777 19159 19783 20649 21931 22384 23550 24204 27495 27667 28701 28854 30846 34710 36548 38558 41687 42372 81037 83219 83499
579 839 1412 2519 4790 5741 5821 7893 8050 8317 8862 9466 12002 13171 13334 13915 15781 16304 17790 17964 18536 20619 22508 22831 23510 28386 29399 31042 31188 32465 32870 33083 34094 36252 40142 42096 42444 64032 84415 94933
569 962 1093 2400 2434 3317 4168 5041 5117 6549 8779 9464 10748 11374 14527 15664 16099 18827 20502 20725 21397 22719 22751 23679 25173 25806 28489 33823 36570 37783 38344 41851 44746 45057 46614 48283 51362 52179 62775 73015
831 2264 2500 4608 5162 5657 6333 8181 9710 11139 11812 12006 12344 12497 15244 15656 17107 17389 18794 20244 20502 23663 24550 24784 24910 27513 27729 28550 28652 29698 29800 30650 33575 39495 40405 40695 43405 57205 60226 112650
285 382 1068 1113 1889 2140 2664 2931 3235 3784 5410 6188 8063 8088 8277 9826 10184 13004 13828 14083 14467 15980 21876 24044 24623 27023 32503 35238 38172 38434 39314 42646 42684 44501 50814 51804 52036 54346 84491 129088
472 3387 4752 4876 5508 6585 7111 8239 8573 8908 9068 9718 9722 11995 12021 12293 12406 14226 15019 16576 17421 19451 21301 21315 23342 23979 25817 33253 36789 38150 38243 39153 39905 40832 41898 47916 55624 56817 58523 95726
741 808 1350 1593 3449 3911 5616 5751 5809 7502 8643 9384 9892 10047 11276 11538 11569 16585 17081 17334 20809 20903 21466 21873 22754 23078 24312 25336 25605 28382 31351 35869 40360 43049 43599 46679 55750 57629 109702 116422
385 462 610 1811 2564 4402 4488 5569 6459 7254 9148 9330 9938 9964 10910 10993 11847 12697 13097 13137 13680 14038 16553 16660 17186 18438 18930 22168 23868 27368 35038 36478 36722 43743 52634 53952 65626 86841 94395 108342
931 1845 2902 4575 5820 6752 7096 7457 7883 8066 10506 11650 11975 13016 13837 13931 16387 16478 17006 19971 22272 22615 24480 25106 25189 25606 26668 30158 32774 34950 35476 35926 39723 39923 42271 49537 52149 58611 72501 75994
224 619 829 1211 1232 1322 3262 3790 6418 7271 7949 7991 10527 10816 11623 12939 13397 13413 13780 13816 14801 15577 17454 19936 19992 20226 21302 21525 22111 22865 28731 30994 32643 33082 40648 43591 90499 98897 101346 125321
88 449 897 2330 3239 3434 4487 5794 6846 6927 9633 9995 10758 11055 12009 12099 12350 14399 16040 17027 17894 18281 21530 23450 23905 26962 27444 28802 29062 31156 32687 33364 37415 45400 56724 61165 64763 67494 70700 74965
1563 4046 4838 4868 5355 5662 6231 7435 8890 9311 10539 11265 12407 12416 12553 13124 13738 14537 16790 18051 19082 19502 20930 23722 24418 24458 29308 29674 29783 30115 34235 48672 49362 50357 50491 52301 57955 59108 59997 62556
718 848 899 1051 1106 1933 3401 3721 5857 6144 6435 8346 8599 8794 8961 9010 9373 10112 12676 15109 15846 16745 19492 20187 21938 23645 24626 29527 31543 34840 36007 37227 38248 41516 47160 48134 70078 73217 79887 144845
