1000 28 12
230 6349 13289 54785 60693 62426 77381 104360 108667 115887 130483 200379
5339 9159 20339 32913 33717 36569 41184 51229 132744 148131 220471 235093
9360 11030 22812 41917 43145 45851 83313 83854 92721 140967 160330 178027
3404 5935 12556 15511 20248 46734 47964 50849 73993 139391 208738 311912
847 14523 17986 26281 63184 83557 83641 88962 104247 109409 126313 202610
8005 10431 14891 21225 23971 35337 46238 50799 90576 205648 223447 230654
4658 4850 5118 5818 24461 29699 30829 84436 127425 156476 213394 259813
10912 19388 20330 44804 53731 61791 71807 77908 95896 110861 144211 227704
5112 33414 34680 39498 43726 44106 56137 77259 93621 115429 173619 195579
5762 16240 21185 31325 45965 49197 55213 82892 94457 131386 191629 222680
1084 3985 5264 41155 65626 78827 79674 81873 100094 121822 138150 193509
5620 18827 24221 42160 43769 55612 60395 68738 91861 139837 177061 191040
328 8454 41311 51601 54199 62388 66378 76757 81655 105410 143849 260355
8890 9288 48080 48916 54171 55511 59244 83947 86748 92736 176447 191905
4857 13414 17664 29468 53171 61987 65491 94101 105476 129473 147330 195159
1357 1991 2802 12280 24951 32572 74551 109305 122265 170569 193626 220012
18710 26522 33205 35327 37743 39543 61171 88890 109667 121932 170029 176681
11144 26265 43019 46326 48366 49956 50571 73976 124068 131733 137765 211749
17845 23961 26834 34838 35718 55142 64794 83065 106611 112861 148025 215791
5235 6916 7619 26861 51296 54981 95444 122093 124040 124488 167159 167366
12600 16799 34113 47543 50645 63071 68509 68768 77752 127339 158696 226074
214 4037 16445 28863 33467 35595 42078 64124 101574 155365 184251 260190
3114 7635 19968 36862 60185 62886 66167 80380 84289 89242 167673 256993
1742 21685 28753 41762 46529 55532 59496 93940 132469 135227 141506 198046
4276 4535 25773 38032 47502 49211 85379 88796 116150 128117 167007 203539
8543 11442 27933 36299 43770 60647 67790 71832 105285 155224 166803 173918
2954 23242 32052 48658 52172 56379 56785 67220 121113 129375 154880 209932
12226 23559 25744 31176 31618 61826 75996 87252 98775 105399 192360 201848
