1000 48 11
20777 23493 62137 66956 79246 87423 98278 112692 122606 136153 187463
7904 17685 30514 35954 53290 69848 77533 89383 140286 155156 316779
7202 8246 8432 10294 47769 58723 77754 85018 143364 162147 384359
10230 32756 38947 41228 45562 61370 66902 109216 137163 201451 251858
16595 33240 34022 51533 61165 64979 73978 82570 96464 227406 251187
2045 4048 35226 48705 71927 76322 76568 82844 115430 116161 364111
16815 22247 29937 40865 70330 71300 96313 100073 116068 135015 295173
9670 10885 13078 20736 34149 64983 72021 92078 172994 227505 277248
5074 5441 11515 29293 56900 94508 94906 98206 102349 104322 393389
1451 41552 49265 81466 91707 97625 110051 114967 124569 128949 151703
8663 14392 36479 42542 69560 74504 96082 151765 152981 153357 195222
3891 5815 9654 14634 62743 73252 77815 132381 133622 239215 239852
23631 36874 43530 45876 60150 65007 71248 97886 163470 189949 196038
615 17269 32353 38575 42417 61897 70594 88438 146432 147723 349262
2404 14112 29739 33878 41865 85454 90898 117614 150714 169745 258220
14 13208 18564 19099 26264 66298 107402 135317 137395 227659 242036
18391 22115 31177 43243 94328 94950 102130 106892 134330 149013 200784
17969 32842 38090 44565 45555 66095 73942 83156 116413 207294 268947
34811 42630 45535 47865 48514 49913 57224 123707 149613 179217 215950
8041 14116 20376 25876 31906 44492 45390 70599 100130 276124 355981
9236 12408 20347 21275 53323 62738 94414 112887 151860 211756 243197
10460 17281 27557 46720 49847 79271 100465 109958 169486 187752 194470
5432 8041 18179 33919 45571 54890 59527 61363 214193 246614 247378
5595 7237 9639 27633 38288 40337 102610 108831 110293 197322 348563
1036 2300 9728 32000 32090 45824 123443 130677 154888 156931 305098
1031 3018 27660 50703 65179 83317 93806 119161 131450 160467 259627
2404 22919 27516 49808 64243 65991 86631 95600 137169 180092 262531
1796 18049 20462 20808 29721 52465 71418 113737 180160 197994 289960
8889 11251 17305 17697 36221 77064 95172 135127 142968 189945 263445
1767 3375 5788 7897 17139 41482 54149 138359 143023 202136 382035
6343 15239 17628 31394 37167 39864 50177 149484 153398 196160 297731
3458 3770 4410 5279 26226 97906 99204 103386 124568 196152 330261
5606 5885 27064 43767 65970 75777 102795 145916 157908 171369 192862
11148 11851 24728 38330 43082 66242 94052 110211 115907 188889 291298
11631 11709 25704 33538 57615 59963 66767 82904 132633 147040 364306
8276 11518 24772 36872 37979 69975 74673 117530 188252 210900 214344
3638 7503 9291 14515 16850 49888 65795 71352 102356 160605 491378
6041 26274 33643 47936 53307 74329 87530 98330 109939 195954 263596
5412 14635 34288 35324 35927 52379 78388 82045 97890 233234 323416
2283 14486 17818 20086 67695 88235 107808 108274 122398 165721 282509
10467 12500 12604 13432 66626 98393 100790 109194 120671 224805 227604
2235 15727 31072 46681 54641 63289 73600 87229 90837 239949 290191
6749 20931 22883 25623 71775 74651 83457 89569 97873 103557 400452
8548 12386 38193 53188 62999 78516 80826 104520 174101 183246 198923
1570 5582 18180 42325 54850 57099 70437 136256 169033 181624 259971
2057 32280 35873 37885 48561 50118 61007 104689 112087 124585 387539
1539 9298 12186 28716 50727 57538 61416 100653 109037 191814 372850
1195 2537 18065 40749 42239 78024 104534 114176 127447 144627 321113
