1000 34 30
1892 2426 3463 3504 4178 4727 6594 8015 9432 9439 9711 9721 11629 11685 13006 13459 15344 19882 22217 24335 33223 36642 39038 39128 55442 58326 64912 71219 101494 149640
1140 1460 1575 3247 3307 5113 5817 6419 10065 10570 10644 11403 12425 15516 16438 16885 18042 19047 19565 24898 27559 33666 45724 52670 57060 60413 67529 80141 90449 118279
307 539 1015 1477 1943 2137 2500 3891 4284 5817 6964 7275 8217 10256 13873 16996 19200 19597 20630 30299 31877 32618 37843 42370 42548 53522 55090 75176 89526 104378
631 1936 2396 4970 5648 5664 6275 6282 7284 7723 8887 10105 11509 13039 13943 15403 15713 19947 20918 25391 29329 30212 32816 34985 36292 39441 50048 60903 62288 152252
185 879 1948 4993 5117 5737 6600 9011 10590 11154 11445 12578 13728 13942 15220 15819 19445 22109 24044 25116 25624 26558 29999 44797 45459 58617 70296 70369 94294 127806
404 1371 1568 2699 3816 4256 5146 6349 8256 10042 16369 16461 16646 17722 18438 24676 24680 24821 30910 34224 34902 38376 43927 44468 47017 47819 49183 61069 68044 76713
356 5188 6716 8611 14135 14191 14267 14466 14584 15080 15752 15922 16532 17435 17652 21144 24358 27231 27803 29353 30081 34994 38806 39395 43659 55865 61627 67662 87722 94085
568 2152 3557 3833 4474 7152 11536 13824 15374 15505 15708 18502 18978 19254 30691 32278 33083 33891 34795 34856 36993 40762 45826 46611 49361 60194 61203 63908 69048 75001
2909 3051 3391 4278 4301 5661 6329 6929 9425 10242 11831 12617 14450 15459 15817 18728 23423 26038 27631 30396 31778 35327 36146 38698 39805 41907 45599 58752 61588 75673
475 690 941 970 1801 6559 9210 10262 12778 12792 13115 13493 14269 16954 17236 18813 19640 20258 23491 28318 29789 39478 41528 42431 52682 57934 68621 71068 71952 75935
1313 2290 4638 4856 4928 7333 8219 8329 8750 13166 13500 17380 17613 18656 18816 19572 20318 21901 29785 30762 33001 33503 42583 50052 52155 53128 57581 59381 73910 82471
3374 4149 4269 4451 7254 7261 7937 8810 9508 10856 12128 15023 15088 19171 19934 29621 30787 31215 33869 34656 38254 43434 44738 44834 45946 49217 51962 77986 83997 110157
981 1393 1569 3318 3566 3956 4540 4596 6732 6869 8840 10331 12658 14039 14952 16617 17921 20982 21479 26450 26807 27792 30900 34192 41284 43772 51358 62698 95778 138633
1260 2279 2771 4563 6747 9118 10288 10873 11743 11844 12637 15265 15916 18603 18775 20931 22180 27278 28394 29583 31285 33694 36019 48530 50021 55736 58905 59598 85703 93744
225 630 801 1521 3208 3740 5001 5539 8122 9114 12769 13783 14527 21366 25033 25203 26930 28206 30310 31000 32208 41708 41991 42133 43696 55232 59223 74735 92520 116063
522 994 1802 3323 4450 4650 5790 5843 6980 7975 9894 12492 15208 15853 16866 18233 22054 23382 24343 25614 27286 29537 37981 40156 42367 46349 47343 65826 75303 89762
565 772 1913 2184 3472 3573 4591 5342 7981 8044 8118 8374 9116 9145 11582 12120 12208 17832 19963 20055 28111 43044 44520 45075 45534 57613 61566 62030 67915 123575
1162 3578 4629 6501 6733 8195 10231 10531 10622 13730 14215 15599 17104 17546 20337 20401 21257 22117 22250 22645 23118 29061 32698 38793 40877 51864 59592 65417 69232 72785
419 1236 1790 2419 3994 5963 7031 7545 8601 8716 9272 9871 10584 10975 11888 17703 18010 21623 23043 23074 24692 25385 27884 33437 49749 53363 67714 71797 74547 76177
461 2851 3278 4743 5032 8413 8458 9726 11298 14601 15026 17194 19411 21158 21717 22751 23250 24826 25605 25855 28531 29021 30712 31181 37300 41530 51812 69041 69971 151121
2569 3347 3523 3547 4905 6045 8095 9446 12471 13124 15666 16293 17747 19955 19972 21476 22485 22762 23294 23598 24469 26236 26279 26640 34413 37129 47741 66877 81902 96158
1919 2272 2374 3018 4352 5443 5605 9481 10952 11471 12440 13511 13772 14013 15689 16028 18217 23776 28261 32751 35209 38108 38817 39511 42136 44482 47425 53606 63059 86950
1848 2907 3615 4254 4616 7714 9072 11713 11781 13684 14284 15086 15937 15963 17300 17512 17994 18381 18831 23689 23816 25937 38060 42630 43066 45857 63627 71144 74519 83484
483 716 884 1912 5572 5762 6264 7421 10539 13118 13198 13508 14633 14804 16141 16431 21958 23861 25493 30011 30246 31580 36963 39426 39486 43156 53300 55486 63979 68728
1522 3106 3304 3318 4829 5742 6478 8156 10441 10621 10861 11186 11402 11496 11700 13685 17002 17506 18012 19331 21353 23792 24873 27380 32183 34450 38242 49466 113600 162679
2056 2893 3420 3422 4752 6306 9212 9568 12296 12500 13859 18186 18677 20457 25214 26567 28594 29296 30199 31132 32603 33747 34629 34817 36430 36669 42682 48651 52634 62628
170 2512 2565 3039 3729 6456 9369 9942 10141 10945 11201 11837 12968 14912 15383 15814 17224 18005 26879 27302 27544 32263 37107 39395 46550 49957 54563 79825 89620 132223
517 1162 3789 6248 7034 7177 8257 8609 9865 11174 15268 15833 18395 18604 19196 20858 28431 28800 33910 36497 38418 42328 43083 44601 45774 49139 65198 73112 79061 92546
2185 2484 3504 5103 6423 11017 11198 11972 12403 12809 12875 13217 13496 13604 15070 18499 19192 21263 22742 22929 26931 30188 33588 37530 39482 45788 53089 53427 88456 141437
171 2640 4195 5372 5558 6835 8395 9012 11575 11594 13847 14147 19697 20075 20215 20721 24369 29312 32892 36674 39779 41554 42836 50839 52191 56338 60220 63089 77375 87707
225 2637 4485 6158 7050 7511 7746 10796 11085 13472 16700 16851 17931 20110 20591 21130 22358 24748 25819 28577 29570 30466 36085 36683 38104 47175 47827 65876 75975 78718
368 694 4289 4594 4613 4914 5994 6156 8158 10217 10507 13303 13462 13699 13775 16485 17972 18715 20707 22064 28480 29964 35988 37911 39867 44304 48555 62741 67973 135325
739 943 960 1470 3407 6103 6331 7440 8594 11763 11833 12740 13054 18839 20450 23295 24280 28028 29884 31661 39978 42534 42832 46202 46927 46951 59444 62117 80416 115982
1593 3635 3691 6078 7676 8791 9563 9788 9859 10172 11103 11144 11413 12113 12399 15829 16411 18050 18976 19933 20856 25277 26970 31197 38320 40309 47515 54118 56122 209139
