1000 19 21
1907 9005 11045 11945 25461 27665 29528 33895 40260 43085 43594 44015 47293 49762 51132 58753 58907 69452 71544 93721 132744
228 1327 3641 11715 15427 21790 23502 27312 28315 32095 34164 48879 51179 54297 54551 67103 67599 70670 72384 92897 196790
2294 6120 11281 15069 18067 18330 18973 19051 23824 30576 37905 40952 53282 54432 54674 58903 80220 85579 86611 107582 127687
953 5552 7385 9365 11719 13855 14893 18488 26891 40304 50561 52657 54638 61312 61336 62854 65723 73675 82297 106876 135623
3160 4330 12147 12349 12811 15713 17204 18051 32682 42410 45424 45694 50327 50880 51763 64931 75022 79544 104651 106120 129098
176 1012 2324 2517 8282 10706 11867 22895 25852 28088 31735 38671 39323 47415 55841 66423 67458 86225 104448 140123 141154
713 2536 9284 10570 11399 16192 19915 20940 22294 23002 30393 30943 39861 59506 64721 65499 70937 82624 105946 122950 123118
1159 3625 4278 10792 12247 17814 19215 19626 21489 21919 22113 23356 34943 36619 39918 57768 77935 81462 122659 123408 194708
917 1423 4563 7954 8414 10886 19000 19002 20831 24909 32485 34271 34728 34915 42704 45237 66233 89713 100319 163253 193427
5921 6333 7966 11703 12373 15083 15600 17650 22280 29278 29540 33232 33276 42547 48015 59669 107402 107490 115808 125811 128267
3784 4990 5348 5652 7627 9801 10533 15096 16652 19090 28022 33878 35836 42328 43735 46538 68509 83515 100960 164277 221118
1751 2151 3146 4915 7571 21296 23215 24378 31262 44752 48695 55977 57759 59018 59120 60814 61680 62003 74832 87393 147622
3541 3957 5560 8650 9818 11921 16845 18155 21472 24099 46533 46823 51245 56063 60385 64741 77016 79804 91352 116276 129795
1498 5233 6762 7848 10743 13285 14458 25273 33394 36566 37650 38596 47555 53976 59012 75721 78594 86244 92579 100151 134181
1193 1506 8146 9821 10145 10606 12685 15973 17792 22990 31487 35481 45414 46881 57729 57762 71155 77239 126706 130437 145622
2545 5746 9622 10119 11885 13433 13980 14649 16171 27216 29812 37550 44805 46602 53499 61330 65001 78974 114117 136701 147036
1629 1677 1813 2396 4575 9752 11632 13921 23024 28405 28728 35258 35782 41363 51405 54430 55348 63585 101913 181223 210315
2909 3795 6453 7354 12429 25302 28803 28954 30592 36485 43352 44999 49449 51051 54849 58513 67060 68066 100144 100276 134947
2410 5939 7396 7794 11985 14752 17584 19713 21051 22065 22078 27469 34422 55703 63304 66681 71843 91915 121710 134879 156063
