1000 39 9
22150 55864 84425 86536 92856 99541 138703 138774 155385
23614 25444 57075 70735 80926 88276 100631 113607 147694
6720 14566 32697 47879 50344 95766 142953 179436 179529
11713 23893 25218 68381 75682 109118 117891 132987 223995
13472 35701 54450 63265 64485 64554 93448 155637 170331
6396 10965 13148 23565 24889 68733 69635 220937 265473
1280 2436 27947 37606 95562 113362 118725 178890 238665
3021 23123 29070 40128 50955 61077 66632 147848 248457
17424 17698 21809 39946 59936 98202 104581 155102 262319
11987 13136 18703 21922 28990 41825 53592 232649 235523
7516 15947 42743 61682 74527 97488 101902 110652 155122
10409 11721 44045 50233 53931 99872 122839 170905 212998
3295 5099 24678 44174 45216 51603 116295 146440 218982
10421 31286 33538 49544 59811 74194 137643 170770 183220
4441 30189 50777 54073 67092 71731 75549 131347 228241
1938 15550 17791 60960 61042 65824 89176 117381 235067
53 14275 41604 68028 73922 75313 76191 158009 176559
1828 4229 13770 32456 52735 102415 143569 160125 207882
2343 25080 72488 80581 83632 100101 117188 132979 172219
8256 8597 57508 65553 87212 100989 101427 146030 190224
3463 13391 26117 35848 57337 111686 183256 187609 207774
6867 9973 10189 26029 34188 116618 139673 147191 212933
2328 6691 28158 33823 65243 73756 92662 181430 290230
14100 17784 25785 75616 90837 110515 124892 151805 229281
1267 11144 13060 24669 31533 75114 123206 145273 424778
11262 42317 49491 73636 78317 90025 106342 121043 159575
19237 34906 38545 41862 66252 70851 87468 214956 257887
10927 12623 23400 29724 32003 32964 81535 84997 536355
13 13187 27130 52248 79409 96251 106852 131932 199453
28257 28507 34344 67275 77712 85750 95507 185366 226423
971 7765 25321 51825 93617 106789 114106 129998 224045
4176 29017 31905 69532 91943 98696 103073 105673 124021
2916 11459 13051 42750 53871 82646 176276 193233 293017
4987 25807 62542 80869 83676 85261 89473 92234 341210
30483 39567 40687 45519 58709 67249 84991 142181 155554
2798 25455 48867 63023 107765 114130 117865 175950 210511
13903 15171 33357 48234 73269 77021 138379 200004 273843
1128 4256 17576 19877 53330 133968 160354 171973 279287
26426 26445 30180 34487 55848 64963 72326 177574 211875
