1000 46 24
4051 5032 5443 6724 7057 8028 9859 9979 12418 13904 14487 15976 28208 34195 43815 47487 58340 65152 74295 74853 76011 85527 115355 154791
2806 3449 3705 4979 6276 15798 16802 18579 23037 23351 26568 28240 29940 30786 35788 41860 42818 43274 50378 53875 64999 103864 119918 196682
4816 4933 5698 8076 9860 10499 13642 21878 23391 26006 26345 30386 34941 38048 41499 50881 56390 57461 58726 61631 64781 96232 109599 117811
241 1852 5388 12520 12823 15154 19223 19244 23562 27128 30615 30677 33162 33407 35058 35615 51073 62627 69528 73660 78943 91101 103031 108020
340 503 2304 3112 7506 13443 15159 20542 24933 26134 27493 29379 38687 43867 49693 49860 54132 56872 58512 70174 71587 81886 87389 131904
399 1072 2047 2408 6972 8469 11989 12961 15582 16220 18827 19180 27736 29519 35543 38202 42023 57941 67876 83784 91451 94380 146348 155229
633 754 2623 2982 4350 5030 5254 6996 9078 12000 17599 18784 20600 22904 35104 36312 42243 47201 55837 60558 107148 128978 149806 183278
1656 3376 3483 5072 5612 8218 8427 8611 11781 11942 13381 17377 19888 23085 29038 33073 38943 45007 57920 96870 99249 123544 145529 171031
682 1309 2286 7331 10602 15044 16097 16737 17329 18646 20532 21476 26694 28489 29355 36553 49466 51347 67642 70151 77542 109803 120802 163134
958 1218 3304 6209 7608 8217 12193 12407 15063 16080 18957 25628 30859 33133 36352 46030 54085 58645 60719 64164 65518 94615 138656 157739
3219 7616 8574 8622 8799 8943 10124 11194 14112 14249 14641 17934 23756 28924 37688 40281 52333 71646 72030 75712 80644 99214 128495 133951
1355 2424 2780 5663 5999 6985 10367 10642 12957 14559 14949 18271 19092 21554 36034 40561 53007 53194 56899 72624 78587 96182 134067 213147
1637 1717 4359 9028 9555 14887 16929 17301 17914 24739 25738 33220 39164 48925 51406 57237 60193 62069 63106 66644 79886 83583 87067 94935
757 3808 8870 11207 11921 15860 16299 17858 22053 22653 29766 30357 31477 34015 38526 38838 43759 48523 60133 81277 83611 90667 92306 135644
3724 6601 7261 7379 7524 9213 9321 13283 14308 17698 32261 32487 40568 41831 45519 56051 56356 60321 65053 70871 75802 78293 86373 143131
3487 5079 8177 8750 11010 18012 24086 32762 33099 33733 34423 36903 38709 39294 39523 44693 49485 53542 55652 56476 64781 79861 81143 121134
1533 2736 2885 9329 11534 12131 13474 14144 20260 23498 26894 29191 30153 30431 31053 31635 37093 39180 48188 61128 78842 89278 162805 167631
7661 8051 10267 12738 13098 16475 20478 23984 24159 25568 25737 29220 29759 32735 36479 42813 46071 50704 52544 58455 65817 73427 118079 162410
2583 5080 5739 9099 12678 15316 17248 18602 19727 23075 30698 32293 34775 35782 38406 47371 51640 53195 54439 58943 70387 75102 98349 171232
118 2694 4475 5116 9304 9786 10656 11631 12391 12430 12756 18670 23579 23615 27295 37813 38539 51208 57167 75738 78895 106437 148888 193406
2654 3486 4889 4920 7413 10366 12704 12884 13552 25389 29426 30771 32462 34467 39243 45922 57487 58422 59272 73499 86182 91421 92677 143977
6550 6916 6963 7127 7915 9821 15664 17519 18777 21725 23933 24488 28591 29137 36670 37639 44711 46972 52132 59449 63715 74556 86071 258208
2295 2886 3541 4687 6502 9309 9490 14359 14438 14613 17483 24033 36806 51877 58472 59715 61235 66342 68612 75778 80563 84558 91761 124499
2557 4567 4977 9942 11647 14230 17790 18448 23235 24380 25133 26398 28235 28718 38478 40286 53911 63567 71586 71784 73431 74718 75098 176676
2490 4367 6224 8984 9169 9495 15222 17904 19949 20180 20327 22517 23420 25007 37892 38382 42853 56156 76958 78437 86489 95541 109745 138225
277 410 3933 4307 6237 8476 8487 11504 12421 16611 18063 29179 29552 30025 34742 36327 41646 42838 50344 57538 103536 111771 121887 195199
4778 6807 9058 10067 12315 13057 15313 17336 18309 32312 32335 35725 36621 39329 43677 51769 54017 54306 62621 69343 70037 79443 89360 117030
1119 2014 7437 10140 12528 15545 17099 17412 17712 20104 23306 23313 28454 31705 36033 38598 40115 66217 73790 77184 79353 95341 103077 141665
47 700 2021 10953 11079 11871 11879 18080 19246 21845 24973 27614 36932 37173 37711 43977 56145 57472 64461 66336 72467 112821 115379 124322
1969 1989 2306 3746 4283 18470 19051 23287 24031 25274 26598 32186 35756 51852 52604 53642 58649 63785 65638 78702 80518 80610 81807 82194
1412 1874 2010 2534 14133 14440 16974 18253 20199 34376 34379 36299 37026 39678 42883 43306 44565 48051 50213 62187 78896 103035 110326 130992
971 4553 4836 7640 9544 11148 14083 19399 22716 22853 24357 25961 27378 28412 40799 44324 57998 61806 61967 65494 97565 103749 104628 110424
783 3847 4252 6311 8720 9376 9536 11679 12259 23352 26296 26972 35320 45480 51786 61058 65421 67032 67127 72865 76258 77919 107358 107590
2214 3837 7262 8083 8186 9776 11236 15011 15469 15540 18002 19692 23789 33289 33783 36981 48226 49248 52214 71326 85801 112399 114258 181970
1077 2888 3137 6853 6957 7710 13602 14375 18525 18772 19187 19651 23039 26019 38150 43422 54050 73216 75688 83869 91806 108530 111005 121202
3922 3955 4083 6539 12478 17784 17833 19055 19191 20908 21146 21215 24662 34017 43687 47950 48358 49671 52612 61960 88929 94075 118606 144288
308 1936 2220 4045 4063 5537 7210 15166 15783 16485 17343 18855 19701 22022 22882 37943 39082 50487 58022 80222 87180 115338 118178 219888
1717 2085 2984 3443 5087 8395 12455 16024 17113 19295 20371 22234 24739 25528 27415 32870 37004 55266 61674 80450 83322 120787 143659 161199
61 4131 11556 15038 16364 18252 19897 21789 22754 23047 26415 28079 35012 36615 40720 56842 59408 60096 61482 61531 69099 70336 109075 113491
913 2761 3716 4131 4442 8868 13477 13906 17873 20514 31093 34803 35946 36110 38470 54375 59545 61228 71538 74154 77059 85087 95942 127643
1529 1633 11237 12026 13255 13323 14620 16143 17760 20777 20994 29521 31827 34289 37217 37979 44404 58582 60664 62824 70136 80269 112751 181367
505 2041 3683 4086 6923 8187 8363 8809 9465 11707 12756 16528 18572 20134 24796 28076 49202 49202 55518 66380 76087 108030 185380 206989
2477 2764 3272 3696 5148 6377 8760 9507 13001 18296 22456 24263 27021 27639 32615 34041 41068 42088 44965 62435 95396 110669 131230 201773
5967 8825 8938 9230 15440 18777 20636 25965 28500 31209 31939 38945 39534 40939 41316 42622 57684 58040 62694 64366 70944 71770 82132 89232
4154 6782 8825 12832 13911 14793 15085 19881 19894 24856 27441 27670 32144 34167 34916 36667 44650 62249 64171 64191 65628 100926 104602 131770
1053 2155 2396 5582 7464 7794 11992 13733 21378 22096 24262 24826 26362 26604 35145 51940 56048 60535 62926 66056 69575 99511 114417 154759
