1000 50 19
1922 5631 12377 14230 15803 24347 45170 47106 51224 53010 53994 54434 54642 57118 67124 77988 99215 103344 134024
4681 7203 13402 14649 16038 18483 23731 36676 39341 44528 47480 49530 51272 56354 56428 83787 86824 107527 224110
421 2244 2756 2897 4426 9243 18535 22169 30139 45707 55998 60255 65389 67708 71894 85409 126690 141417 171890
683 1482 2908 6000 9749 10588 19245 25254 27267 38905 48370 56542 61139 61977 66741 72458 105636 175009 191988
847 6878 8259 12255 13620 14074 28744 32108 35654 36525 41505 58962 66287 77640 78329 80832 97262 123640 165189
1903 4032 7170 9591 12373 12539 21150 26658 26825 34444 49893 51186 60581 71410 80445 81983 113517 145306 174866
4364 5716 5905 5928 8117 9157 20986 22154 25529 26207 37948 39018 55826 58282 66499 93098 98051 159998 242648
1479 4031 5564 5690 7869 8241 15106 23065 23731 34005 34573 64105 78069 82001 88712 91967 99244 100683 207577
344 3511 4495 4936 11866 12206 13990 25278 28947 39809 45040 49865 62190 70298 87356 103316 117578 132715 159300
6733 15574 22542 27582 30580 32111 32509 36071 39370 40891 45060 61643 61737 64082 65620 75458 89954 115294 118205
7389 12564 12951 13477 16730 20037 20872 26854 30877 34392 39606 43328 45043 61780 73830 78195 123468 124449 199331
3578 4000 5769 8940 12700 21230 21980 22997 23354 24046 34033 39439 64088 74173 83487 96642 130650 133047 183270
2675 7888 10976 12249 16229 16588 22655 23638 33481 34931 36242 36938 37868 46935 50343 62256 115944 157228 252063
6004 6158 8725 11066 11708 12537 19048 19105 19726 20801 30317 33329 36032 77187 78081 104510 149516 157481 171366
3527 12081 15613 18512 31682 33262 37202 37566 37724 41249 45284 46741 50389 68063 68281 69469 100014 125016 140067
957 8333 8980 9990 25960 34013 34264 38556 45981 58749 61211 62036 63787 71377 74040 81268 83387 86711 135478
149 1813 3897 6347 10494 13319 14578 14842 17774 22346 23172 36742 65269 67662 108437 114186 114343 169205 181488
5675 8949 9164 10520 19951 20442 24478 26769 30791 38925 43022 44966 56887 61050 92094 96881 116798 130538 140681
1114 1905 15816 20059 20441 21266 22291 23791 27993 32323 47991 60371 62699 64818 80299 89190 90480 96378 207256
220 6033 11540 11805 13985 18188 22969 24222 29731 44613 49649 61880 61990 65188 81797 95130 111008 127939 149403
4401 6340 8484 9335 10196 14467 18608 27690 29438 30704 43336 52383 53526 55126 57807 79699 98925 173373 206438
997 1821 2113 4979 5815 10204 13482 15569 17494 30618 32161 51668 56280 69497 82475 96683 139058 164377 179915
1692 4621 4729 10085 11190 13175 20915 23121 24557 39145 40986 48696 52371 77117 98414 98563 110547 134176 172432
753 1631 9007 18108 26314 26915 31006 37514 41106 42051 47000 47958 48165 49590 54221 103842 116662 130648 148000
501 5249 9393 10326 12908 19671 30906 31909 34270 37140 38432 39431 46379 54681 55008 55748 61672 162902 276666
236 6420 9139 11490 12492 13083 15796 19267 20750 24047 34987 66947 67443 90333 90762 107348 123410 124557 139941
3052 9052 10251 14721 15957 16781 16908 33094 33284 39302 49796 54343 63090 70816 71637 75890 103947 107796 184340
203 3151 9144 11354 14085 20112 21340 28247 37355 44178 47712 52301 66927 73661 78966 91681 104414 114435 156298
2496 3208 3231 8170 9579 12629 18828 25855 28598 30283 39218 41294 81823 89698 92820 104826 110342 126931 147240
149 2929 12809 13928 15203 19460 21335 26453 27128 39929 44475 53884 56835 76725 79935 95372 108978 117014 167431
4258 5514 7074 11050 15650 19817 29706 29719 29981 34576 47156 52268 52375 59070 76516 83436 83890 117270 218478
2287 8655 11761 19142 20090 20470 25130 29694 32910 34407 50984 52895 53446 67167 80615 93947 104298 128324 136973
1200 2823 2902 8037 14821 20678 29399 32222 33463 50326 51486 54297 56503 64990 78635 86595 91986 131584 171367
2146 3912 6687 12242 20726 21186 24055 24555 30400 32487 34055 45710 49899 54902 83046 106199 113471 119722 190769
5132 9037 13719 14441 17695 21580 21943 25988 36026 37136 60451 63433 67454 69604 77502 85711 98748 115618 135385
1194 3251 3900 5327 6740 7701 22196 27344 39977 41683 44941 49972 50476 68609 94338 98398 100340 152622 157024
2749 3081 3329 10053 22915 23201 24447 25179 29246 38478 40352 40873 43467 55701 83299 86235 133341 142239 174251
4986 6007 6110 11947 15384 19914 23049 25465 29346 30758 38999 43783 51485 51763 55942 109447 120639 164251 168583
5855 10341 10868 17359 17441 18834 20568 22359 33712 41300 48058 56305 63942 73969 78097 90867 109290 126538 129681
212 8477 8484 13091 13413 13817 17239 27235 31330 34699 43106 53039 57497 66934 69775 76795 97229 138465 212904
2555 5776 10932 12649 12777 14122 25184 27032 33427 36754 49921 65062 65738 76043 79324 86298 111055 114902 153113
3425 7318 7973 9587 15402 22780 29743 34329 48543 52687 56476 56790 60677 66358 84811 94707 106290 106302 115131
12464 13996 15115 17153 18360 18469 20827 37227 40537 47064 48024 53949 60189 68594 74808 88448 99339 120911 129047
1037 2731 4350 9090 13428 21283 25707 32111 35326 43934 44122 45513 50648 53137 79555 95007 99116 141461 182818
3055 3757 4766 9205 10175 19250 20385 21117 24389 25488 29730 31353 53469 68000 80403 95525 100390 156309 216170
1754 4728 5017 10710 16840 22179 23470 37702 39904 40346 49598 55532 71580 72257 78771 83459 98027 114840 154978
284 624 12504 14860 16538 19412 22977 23939 32199 44339 47643 56482 59005 80487 88570 89473 95922 114307 157862
1226 3222 3862 7454 20177 33459 34850 36032 36762 37490 45347 47896 55446 63959 64976 65749 125365 130496 159508
2560 2606 4031 4058 8740 15478 19143 19435 19993 20733 27639 33475 38724 54512 55576 69065 142618 169991 266480
10653 11655 16668 18082 21158 23103 23891 38965 43603 56640 59944 61709 62458 63966 67164 68276 84379 90952 164519
