1000 36 22
12562 17196 18470 20594 24594 25623 27962 30659 32552 33240 35274 36596 41041 42266 47076 47326 48154 64078 68688 73771 78759 153449
3817 8037 8205 12812 15893 16424 19349 20820 21556 21891 24030 25099 27735 32258 41958 57295 61542 75371 86823 96248 127326 174916
2896 6599 9261 11128 14024 14719 17891 25655 25678 27081 35795 45537 47138 50131 54090 58656 58689 62967 79068 84769 127405 131177
2601 4882 5904 13089 13447 15583 17521 24032 29716 30928 35647 36669 38417 39761 45673 48229 58534 80175 83367 110924 117044 136880
1684 3826 9691 9791 12376 13359 13929 14404 17583 21228 24268 27341 27416 34160 34252 35569 42164 70305 74935 147904 169447 176231
7180 7329 8115 13124 17063 17644 20441 22225 23678 24056 26269 32062 35498 46579 54335 62073 77624 81806 84135 86789 104584 134040
8188 14702 14809 21413 25141 32571 33067 34006 34791 35382 41336 41801 44880 45348 57321 57724 58368 59786 65526 66611 95331 97628
2206 8115 13385 13673 15003 15133 16500 17686 18862 18996 37305 47981 54499 56291 62994 66274 68511 69686 72249 94645 97987 111366
324 6537 7813 9561 12061 12420 19924 22794 24134 24942 32981 34420 35802 43420 44202 61822 75431 78926 79331 83168 94179 176399
834 2051 6598 7815 13018 14646 15441 19400 21855 23516 24215 25783 31914 34719 39508 44847 68012 74283 74443 92828 94201 247538
299 4702 11525 11914 12545 15524 19049 19980 21454 23290 24174 35506 36879 40883 59658 68637 72210 88064 93724 106044 106864 115857
80 2361 3257 7365 13141 13202 14098 14626 21001 24778 37494 41407 45410 47561 73759 73949 74659 78880 81053 82344 93747 143678
756 1165 2444 2973 5831 11066 11985 17306 23577 28406 32558 36715 37690 44250 65929 66927 75734 81313 95334 98013 116208 124692
903 3654 3862 9592 13207 17774 21561 23011 27464 31456 31805 34088 35833 37677 47245 57017 70141 76338 92353 98897 124583 126447
2599 4443 6178 9004 9371 10613 12099 18392 20842 21435 21703 27510 32414 40305 41541 52115 58217 64220 71176 88175 146682 223897
4240 6645 10717 15332 18337 19634 19989 22301 24299 31634 35275 44894 47522 49351 50837 65143 66973 69725 72817 81888 90244 129542
1549 3669 6815 8400 12946 13094 13666 16888 17022 20142 24708 29432 31201 33698 45037 54170 61637 62288 71129 114286 138321 205830
1589 2080 2091 5045 8596 14186 14660 15248 19435 25807 26211 36417 49993 51817 58466 70796 71939 75163 87350 89400 111265 138443
969 4487 6817 7353 11955 13002 15284 24363 25243 26382 28618 40974 49063 55096 56432 63324 71098 73828 88975 92486 97167 127343
5867 7579 8370 13453 14081 23908 27271 28421 30556 32602 32713 33134 34183 34268 37265 43693 56976 68052 72232 87829 104930 184384
737 4777 5673 12782 13268 13308 17611 22465 22471 22997 28724 35057 43317 53598 54511 54674 69208 85096 94912 105048 105383 119806
1604 3245 3817 6093 6677 8457 9864 10583 21854 28048 34084 34161 43982 46187 53839 56336 58376 65528 69551 75279 92091 245636
674 2185 9465 11127 13132 14806 14921 17008 25200 27412 28257 33599 40066 45267 57832 68901 70670 71318 72637 74448 109815 167141
1880 3853 8731 9577 12080 13281 19783 21769 27101 27181 36962 37070 40185 42361 56883 59978 67994 68241 70887 72751 109879 165124
3482 5601 10146 12017 14900 14912 17757 19137 24251 24749 29682 30438 30777 31344 37046 40765 50417 67565 111756 114243 146469 150917
169 1353 2330 2868 5981 10067 15226 15461 22671 31780 37812 46972 58405 63646 64464 69035 69505 79559 80094 80287 99247 123152
62 8625 11498 12092 12745 13702 19902 21525 26397 26510 26846 27058 31532 34052 35328 50439 74380 77862 92521 97156 139482 144684
89 2977 4478 5011 10206 11363 17299 18759 18779 21871 34981 36374 36406 45665 46769 47478 48335 62148 88475 111100 143620 178493
339 1284 15278 18357 18527 24542 24677 25981 27905 33737 37244 38677 45024 46477 47071 53640 60067 60274 72320 82761 94131 154149
4902 6637 9321 10757 11951 16028 16739 20067 23333 29611 37388 44438 45128 46902 47402 51481 56220 56579 83088 101593 116338 153379
2989 3436 3491 4099 9277 15585 15988 18139 21630 30438 30512 35500 37119 38466 42822 58189 58668 69425 85321 111766 133318 150845
1091 2385 4291 7972 8635 9721 11005 15043 16215 17491 24953 25754 26616 30097 32061 55525 63096 67081 107891 118068 146357 182432
839 1879 7605 10587 14640 15789 18355 21539 21748 23328 29535 29892 37114 41421 41426 60083 63278 63384 68809 116844 128807 170439
80 2361 3407 3926 8500 10003 10564 13579 23953 25663 31733 33056 33890 33982 54791 56725 72183 99492 103836 107811 119654 125420
1456 5183 12397 12910 15535 16018 16729 16824 19725 20310 21470 22085 29779 35145 46735 50422 60201 64274 64515 106443 152810 198389
1995 3930 5049 8350 14815 17137 17313 21217 22402 36467 38544 41259 53344 53641 57232 58335 58451 61151 74413 91675 108043 143632
