1000 28 9
10458 25327 27006 56234 67899 76397 98090 151009 423963
7208 11544 41632 43430 45522 60016 73539 75830 538486
12455 18784 19108 53511 76240 83040 115094 147090 337052
1262 9863 26116 68107 84942 127099 155863 157265 279170
1653 2768 23667 27435 42885 109109 147960 206611 267476
431 18032 24058 46819 60151 88977 197544 233951 264617
6652 24741 42845 57333 77928 78015 144975 190604 257026
14507 24432 35612 36806 62219 115124 166888 211950 248782
25454 29426 49444 68267 70008 127660 133359 181500 197421
689 1357 27304 28257 96960 118622 180893 196530 200208
8837 10286 11822 13919 46825 47304 90145 292633 333109
8832 53083 69875 69948 83796 86579 97582 141389 310004
22288 28507 43746 50825 80944 114866 120831 145751 240135
2844 10606 30603 31617 69898 88553 157308 163316 326103
8080 36196 43134 48210 52554 95092 128253 168428 328279
7226 8047 17936 65908 66933 75914 163001 223363 247911
35605 46650 47942 63922 74744 82940 85894 166739 267299
33754 61305 64849 86628 103167 114046 124738 156546 158148
8679 9476 14008 31182 34600 73720 111203 253636 367159
14242 42977 50804 53603 62359 79927 109033 219931 263399
3729 31348 55644 59435 91017 92188 127293 170081 265634
18309 28436 30675 33132 59310 97283 123708 217068 252959
13684 42373 67153 71580 90231 96558 135624 137038 191940
10700 55112 55398 73893 120327 128164 144461 148094 162328
12265 17758 25317 75182 78319 81704 117534 143528 326709
15497 32992 80827 85453 95237 126027 130181 168972 181595
3592 7933 16830 22468 51164 133679 204225 223941 274333
373 24474 53829 55374 84013 108071 126376 142286 247728
