1000 47 38
1615 1775 1900 1970 4029 4643 4944 6644 6753 8031 10423 10521 11413 12081 15279 16076 16116 16736 16861 17609 18182 18200 18455 19322 19956 21350 22783 24078 31203 36847 42489 47204 47644 50859 53421 62619 65105 68134
1543 2185 2819 2937 3684 4146 5851 6624 7362 8366 10112 11249 11473 11482 11568 12040 12896 14425 15301 15720 16334 19182 22701 24326 25318 27568 28408 28862 32484 35012 35357 38357 39221 42176 43995 46329 47329 187051
460 542 775 896 2572 2586 2701 3528 4961 7478 8399 8485 8910 9415 10548 10758 10985 11165 11880 12572 12586 14518 14609 18488 18632 19797 20571 20813 23819 24162 35334 38553 44688 66989 67804 73679 74913 94103
1272 2139 3440 4273 5259 5616 5766 6890 8179 8745 9145 9179 9388 9403 9752 12662 12867 12893 14700 15712 15859 16267 18838 19951 20437 20743 21978 22723 27448 29294 32540 33354 43544 50402 59235 65331 67725 89887
1696 2119 2209 2216 2485 3317 4351 6372 6383 7786 8902 9148 10403 11208 11281 11459 14299 14362 15782 15941 17256 18991 21172 22676 24127 24741 29280 30097 31397 33042 34620 35739 36632 48404 49383 63553 88973 90020
85 1592 1789 1956 2719 2758 3036 3895 4030 4696 4779 5042 5352 5642 6449 7080 7234 8646 10142 10484 10668 13160 15556 16710 17783 21028 23184 27157 28195 28686 37457 39824 62106 62559 63753 65161 72206 101916
608 2320 2336 3682 4953 9579 9919 10340 11451 11549 12140 12364 12430 13537 13584 14201 14963 15701 15999 17697 17757 18938 19674 19937 20426 21466 22549 23230 23309 28891 30449 39851 47474 60011 66522 77236 77427 91135
2115 2927 3765 3866 4079 4400 4409 4884 5229 7912 8013 8602 9096 10253 13009 13438 13448 14697 15034 15500 19234 19654 20340 21382 21441 24276 24531 25250 25715 28043 28951 32511 40427 45841 47772 62867 84370 88327
556 1920 1935 2608 3435 3791 5421 6159 6225 7150 7870 11387 11908 12445 12880 13709 15178 15382 15456 16352 17321 17371 17816 19656 20201 22232 23005 27745 29979 32495 36774 40116 40414 41636 47079 65575 69048 75795
39 1703 2510 2731 3403 3860 4141 4312 4962 5068 6897 7020 7346 9526 9668 10370 10831 10873 14985 18002 18348 18528 21051 22096 22493 23052 23325 30723 34547 44083 44428 44856 46017 47662 59371 71831 84848 90976
208 255 1861 3682 4171 4337 4563 4849 5870 6414 7378 8226 9585 9782 11900 13288 14323 15258 18960 19526 20615 23594 24018 24040 24522 24717 25526 29583 29592 38505 40992 41417 42806 43208 52931 55407 59966 66674
351 790 999 1183 1752 3029 3647 3665 4163 5032 5332 6904 8789 9177 10555 10894 13196 14018 14803 16219 16867 18055 18487 19997 25237 25239 26431 32623 36618 37805 39224 39945 42737 44015 50959 52183 55651 75843
492 1244 1895 3136 3914 6836 6980 8242 8532 9261 9448 11714 13314 13466 13576 13595 13620 13823 15303 17002 17899 18714 18985 20794 26427 30609 31661 34834 36836 36872 37021 37587 38153 41531 45981 49787 58146 86048
140 854 857 1089 1140 3311 3415 4429 5474 5843 6702 7656 10148 10915 12691 13391 13560 15764 15887 16201 19564 22479 24976 25890 27264 29318 30124 30355 32453 35311 38827 43417 45768 49730 51257 61996 66263 89239
1925 2529 4108 4607 6213 6702 7699 8042 8196 8403 9316 10190 10229 10862 10966 10989 13115 13782 15041 15599 19291 20618 22871 22915 23095 23705 28685 30006 30032 33885 34047 38532 42609 45834 50188 53485 62333 94563
815 894 1792 2100 2673 4744 5053 5497 5553 7658 7986 8445 8776 10336 10823 11635 12610 12989 13415 13508 13813 15058 18981 20721 20782 21751 22404 22508 22659 27198 29342 32138 39063 53407 53997 57813 66955 107171
1435 1706 2260 2915 3068 4169 5009 5593 5749 5750 5957 7018 7574 9791 10721 10958 11454 13528 14276 15366 15542 20769 24181 24390 25619 27028 28713 32131 33909 42231 43409 43771 53070 53144 67069 68789 75209 102464
516 2799 3510 3770 4166 4550 6723 7120 7364 7422 7861 8873 10145 10257 12493 12787 12966 13347 13540 14835 15752 17337 17813 18418 19462 25076 26627 27138 27386 27881 31129 37047 43304 51561 57205 59308 78530 86137
512 702 884 1027 1784 1936 2472 3262 3743 6348 7105 7944 8019 8316 8360 8702 8820 11413 12028 12516 12647 12983 15974 16204 26867 27899 30161 35330 36845 37248 40461 41205 44000 53842 64513 71047 77995 120545
946 1473 1544 2497 4380 4507 5819 5909 6213 6570 8109 8471 14819 17036 17217 17534 17821 17981 18597 19638 20001 22086 24126 26182 26343 26783 27292 27753 30383 30553 32989 36159 40612 41712 50109 71839 79874 100169
745 1669 1922 2063 2118 2299 3634 3644 4384 6081 6623 9307 9405 9430 10715 15360 18390 21272 21462 23640 24931 25817 26484 28145 28960 29029 29872 30862 31129 31353 32832 34084 36130 41985 43112 61522 76712 81577
147 1125 2277 3180 3197 4089 4184 4827 5030 5154 5219 7808 7860 8390 11117 11234 11972 12230 13893 15541 16454 16609 18644 19187 20350 23317 23750 24635 27773 29547 30491 31767 35883 38924 63663 70866 80289 127912
466 563 1162 1168 1204 1852 3613 4994 5190 5929 5951 6090 6921 6944 7652 8661 9150 9325 10347 12852 13018 18921 19770 22556 22561 22651 26113 26718 33479 37164 38953 41682 49260 49316 50498 53126 79011 96215
519 2365 2974 3889 6074 6721 7352 8445 8836 8961 11978 13734 13759 13965 14386 14485 16320 16390 17653 17999 18825 19670 19958 20962 21279 23252 24290 25070 29121 29906 31677 34499 39313 40729 41047 56644 66617 120229
415 1317 1528 2167 2990 3101 3325 3425 4005 4784 4853 6234 8393 8622 8773 8850 10059 12872 13377 15642 17737 20481 21643 24011 28366 32321 34442 35960 36847 38295 40341 40902 42950 53793 64899 65547 69051 79547
1047 1835 1884 4261 4428 6273 6320 6620 6687 8879 10261 11329 11351 11973 13226 14858 17856 18143 18338 18458 21449 24020 25263 25508 26266 28088 30748 32772 33001 34245 34542 37058 37204 37540 38202 48392 49626 53663
270 489 548 705 1573 1882 2051 2304 3135 3305 3622 4410 5462 6642 7585 8929 9225 9930 11530 12892 14311 14839 18613 19572 20644 27198 32843 34166 34354 42330 43525 47571 51977 52419 58484 59092 62602 79988
771 962 1037 2227 2918 3299 4261 4389 4956 5304 6431 8439 9688 10911 11341 11690 11962 12593 14158 16003 16125 16361 16671 18347 19609 20998 25729 28368 29683 33195 34422 54512 57527 58187 58647 65157 84859 91614
1180 2631 3256 3405 3748 4091 4128 4999 5194 5197 5446 5701 6429 8334 10196 10368 10992 11916 14639 15482 17658 18206 18857 22418 24202 24697 25492 29643 33850 40700 40749 47247 48204 51088 56473 56761 58176 119155
243 4463 4824 5785 6211 6689 7034 7724 7975 8158 8323 9005 9720 11809 11813 15596 18318 19970 21384 21605 21792 21826 26493 26630 26822 28048 30356 32702 36365 38079 40008 42322 42564 46851 48336 54600 62891 77056
439 2735 3043 3712 3854 4081 4321 4896 6174 6549 7371 7439 8789 9248 9745 10856 13119 14724 14902 15035 15855 15954 16572 18016 24081 26543 28060 31064 31355 32045 33295 40964 43451 44070 49302 57245 68839 69217
564 1514 1607 2326 2586 2696 3459 6681 6889 7881 8805 8882 10092 10440 10656 11835 12411 15030 15232 17969 19188 19371 19726 22891 23707 27052 27957 30184 32879 35597 35828 43293 46326 48887 55450 72577 82914 94871
64 1405 1711 2803 3546 4822 5198 5608 5666 5914 6082 7646 8149 8821 8945 10594 11096 11942 12786 13556 14599 14928 15062 16533 18812 19727 20102 20795 23812 25230 30428 32705 40575 59669 71807 74834 96169 117141
1189 1595 1992 3624 3752 3890 4056 4075 4154 6202 6282 6651 9311 10153 13028 13096 14890 15461 17586 18253 19630 21493 22609 23296 23780 25549 28425 29543 31958 32381 34680 36367 40132 50653 61168 62039 71611 82262
207 1516 2265 3145 3148 3244 5874 7657 8549 10590 11458 11583 12347 13148 13235 13262 13764 15220 17515 18111 21416 21799 25063 25588 25610 25906 26071 27529 28574 32121 35785 37463 37606 43231 46118 56224 59935 104950
123 304 488 1585 2715 3269 3674 3735 8321 8361 8893 8993 9779 10219 10449 11134 11985 12858 13093 15359 15996 15996 17730 18898 20319 22374 22505 23725 24029 26116 32728 40638 45114 52914 53507 76980 94033 122515
42 609 811 1053 1217 1795 2340 3378 5265 5609 6106 7950 8067 8791 10005 10202 10827 13415 14175 14292 14880 15669 23416 23553 26330 28398 33472 33745 35426 41099 41748 43264 44453 56553 57612 61134 63591 94562
76 504 508 2682 3085 3337 3722 4612 5529 5560 5685 5816 7384 8379 9194 10286 11451 11738 12220 13348 14464 16411 17312 18140 18493 19925 20446 20754 26691 28481 36343 46852 49391 60455 63993 71009 80161 95742
1690 2115 2180 2447 3426 3837 4270 5008 5536 6029 6137 6641 11611 11956 12054 15884 16990 16993 17928 18501 19162 22058 23681 23943 25505 28706 29205 29667 31917 38261 40372 42637 43811 46317 52653 53606 54290 69353
427 643 981 1514 1813 2402 2454 4999 5252 6302 6710 7817 8019 8908 9497 10535 11679 15099 15301 15782 18489 20442 22372 22643 24105 28369 34203 34968 35486 36732 38039 38749 48180 53120 60831 77850 81467 98297
742 1157 1318 1432 1787 1811 1837 3517 3535 3917 4756 6565 7088 7358 9258 10652 12565 15132 15798 16296 17431 18544 20060 20344 20430 23405 24936 29815 34098 35743 37738 40145 48203 49723 50771 62247 85901 100480
560 1297 1348 1510 1562 2494 2900 2970 3362 3624 5493 6668 7049 7388 8217 8789 10349 10650 10979 11590 12946 16717 22366 23945 28725 31521 32905 33877 36517 36595 36947 37671 42535 44924 50480 51837 83966 111766
157 171 365 777 791 1086 1791 2033 2073 2560 3186 5908 6507 6907 7557 7731 8721 12838 14186 18103 23028 25362 26507 27410 27793 28391 28898 29813 29937 30311 32895 43038 46718 52901 52996 56919 66619 82274
694 2807 3207 3762 4338 4909 5069 5202 5469 7063 7825 8551 9762 9839 13523 15385 16896 17040 19269 19424 19905 22670 23592 24277 25965 25976 28013 34268 35500 36453 39585 39632 40040 40587 45481 46499 88525 89671
464 872 2277 2702 5482 6019 6897 7117 7171 8807 9010 9763 9979 11345 11457 12360 13589 13790 14998 15306 16311 16738 19295 21959 23216 25747 26741 27465 31845 32877 36001 42942 47427 49642 51891 53147 65495 90944
489 520 1075 1402 1517 2651 2719 3485 4061 6955 7525 7979 9659 10462 12152 14417 14607 14954 16205 19794 19971 20414 22198 22537 23139 23999 24554 25313 25717 26939 31151 32207 32883 36335 37354 41659 59728 138748
294 306 665 1372 2891 3589 3668 3684 4747 4884 5578 7745 8361 8641 12108 12129 13048 13662 16470 17491 17796 18462 19701 19932 20135 20315 21737 24860 27051 29086 33101 40003 42415 43594 45087 48115 89796 107001
