1000 24 18
1449 11244 13539 15367 17183 20490 28130 36061 46557 51321 72016 75410 80104 81929 87850 89496 111525 155342
3799 4441 4501 6124 15778 17303 20562 22739 24644 24669 25996 51613 75311 84792 121101 123924 157031 209355
450 830 10794 13502 19346 25765 28912 39769 45991 47203 64014 74294 75969 85749 85754 98076 111017 165193
148 5868 10760 17013 17615 24960 27219 27225 34374 37950 41922 57659 61157 69779 71128 105246 156072 222710
3398 4456 6504 9475 10230 10540 21013 33579 35760 36375 43406 45625 51932 58316 82330 89627 138095 306746
731 2757 3389 4442 13114 16131 18519 24292 46505 54366 74549 87156 88112 97034 102404 102510 116582 134579
4669 12794 13055 23306 23758 23970 31166 42752 45956 47698 53294 55682 73725 80944 98457 111570 115207 129634
687 945 2348 2761 4934 4966 8368 10237 11858 12508 19039 21596 43799 82082 160148 198743 201617 203759
5790 17053 17737 25998 30242 33433 36844 37724 41770 44111 56761 59336 63963 70960 72930 100610 120845 156843
7317 9548 12730 12862 22929 27954 34925 40345 40740 48530 48612 49958 62085 63760 70272 86996 174155 178923
781 3199 4852 10703 11526 13112 18629 25427 29512 38782 45167 52320 52999 58667 88378 100397 156633 279404
246 1395 1919 6293 9936 15563 17743 25878 30300 39166 53558 63680 74681 87466 116956 134427 150271 157095
2763 11773 18840 19499 21497 24143 25328 38484 48180 51512 66025 70990 71108 76548 78792 103891 121864 137620
507 5279 6674 9103 11017 13547 19373 19694 23631 44316 48841 57850 64856 99370 116427 117118 143841 192945
564 8095 8308 9880 26592 30757 31176 40946 41657 44301 47245 51285 63934 76839 95330 105504 150926 154775
4430 12479 14362 15732 19558 19915 20868 26249 27938 28505 29016 46930 71398 91374 103692 146093 153314 162562
10086 12967 13140 15018 19516 23469 38952 39957 45416 50147 53873 69326 73169 74531 81604 84251 92443 192053
3504 16224 16292 16378 18827 25469 30445 38373 47519 54542 55256 69753 75629 80192 89093 92885 111998 152046
3391 6000 10903 11640 13051 16430 17529 17728 19537 24126 25875 31145 62980 100078 142644 154076 156901 177945
2277 3864 5630 6103 7837 8546 8562 21800 22476 28142 51872 58036 58964 69064 71233 87177 186818 288090
589 12733 13430 14707 26403 30519 33379 34779 40267 46307 48967 49564 50397 60719 103220 108226 148503 164416
6317 9538 12259 16598 18151 32677 40733 42783 52426 54210 54905 57343 60237 71096 79776 105673 126598 153306
2237 5487 8705 9927 14581 21787 24585 28891 36714 39907 49306 56809 63804 76912 86202 91918 162000 215324
2835 3604 8293 8571 10165 11212 14180 16187 19963 28098 32887 33683 64420 68185 78031 143724 199466 248748
