1000 34 32
191 658 1705 1850 5389 5564 5792 7573 8542 9040 10936 11610 12505 12624 14146 19924 20941 24833 26227 32019 33986 36363 37523 42148 46512 47206 50349 55473 71118 77870 87811 136451
1414 2339 2742 3626 3749 3977 5525 6570 6818 7537 8796 9765 9838 14915 17042 18937 21193 21333 21820 22994 23782 28500 29831 31513 35189 42156 49020 49644 49724 105608 125011 131866
983 1520 2085 2316 2701 3164 3646 4631 4777 6719 12078 15536 16069 17343 21415 23422 24444 24456 25577 27016 27020 29368 31234 32205 34546 36058 38570 42454 47445 60095 107048 188298
231 1100 2735 3509 4249 4416 6882 7335 8880 10594 11405 14115 15728 16554 17629 17929 19078 20377 20876 21356 21401 23001 29879 33309 53550 55697 55716 57680 66102 73400 100672 108310
337 640 1248 3221 3691 6035 7452 7711 7816 9515 10295 11467 14065 14141 14318 14836 16064 16409 19719 26004 28949 34997 35414 35934 45535 51503 56022 58478 65601 67501 108378 151479
200 421 1000 2974 3167 4219 4630 7517 8347 8369 8760 9594 10681 11083 15704 18322 19434 22755 23602 23895 25057 26664 32573 36242 36816 46644 73740 73857 74235 76922 90786 149004
246 297 2716 4340 4774 5694 6014 8142 10200 10477 12860 16908 16928 17327 18281 20713 21341 25869 26341 26765 28611 29968 31250 35802 38324 54037 54813 61477 63931 73605 81850 103762
3745 3871 4047 4306 4830 5443 5496 5968 7192 7714 9006 10296 12352 12914 14730 15866 17253 22259 25370 31786 35180 35564 37158 37504 47104 47564 63249 69267 75217 76646 81982 95554
978 1139 3116 4216 5603 6772 7622 9619 10019 10373 11575 11813 13379 13421 13808 24114 26722 27858 28919 32104 32357 35856 41796 47948 48348 51468 58223 66711 77740 77916 81156 83396
334 1491 1548 5059 6332 8824 8868 9980 10679 11303 13792 15267 17877 18545 18555 20936 23122 28920 32522 38310 38797 39790 40793 41953 42692 43283 46058 59943 67711 68780 70457 90044
176 1535 2042 4163 4957 7258 7465 7843 8143 8216 13041 16204 16988 20259 21385 25206 25300 25740 27626 29466 32439 38381 46277 47341 48542 54351 56337 60346 62873 66586 69984 86030
391 825 1009 1099 1223 1510 6453 7621 9465 13280 18073 19243 20075 20747 21807 22048 23528 25952 32496 36802 37976 38297 40727 41022 41103 42476 45441 54869 58673 69397 80215 103983
128 178 2361 3971 5790 5970 6964 7310 8514 8651 8770 8837 8877 9608 10498 11281 12215 13895 14591 15198 38779 40849 43992 47935 49710 53021 55878 60548 72289 97623 108554 121481
1308 1496 2229 2996 3209 4980 9201 9535 10707 11383 11600 13909 14936 17675 19409 21297 22278 22863 24234 28614 36256 38357 40682 41650 45216 48655 54086 60008 79133 80838 84895 100836
546 591 1003 2338 2963 5394 5657 8742 8775 9140 10626 11334 11566 16354 19037 24241 30186 31801 32223 33497 38673 40444 41334 42271 46300 49537 50680 60606 69703 75117 78725 89797
491 523 1664 4882 5117 6284 9129 11001 11164 11460 13188 13193 13715 16757 17595 20596 21283 23272 24109 28089 31425 37176 46806 47247 53089 56405 56680 65836 65895 72048 83765 84350
1490 1684 2337 3475 3993 4525 7561 8116 11004 12451 13728 13919 14131 15156 16374 16550 16816 19483 20909 26313 28319 28730 34590 37647 38615 41215 48913 55563 65335 69897 107235 129427
841 1722 2570 3380 4387 7616 8512 8632 12566 12977 13273 17435 18103 18193 22809 25542 26709 30141 30738 32752 33074 36985 37298 37541 38674 39033 51347 53843 77331 78359 81205 86838
329 1073 2842 3320 4352 6269 6284 6394 6551 6888 9574 12586 16011 17153 18103 18181 19318 20499 21305 22204 31893 34471 38539 41788 43330 49084 58536 59410 75153 79008 84050 126788
449 1196 1957 2307 2892 5726 6963 8989 9609 10722 12160 14645 16542 16675 20794 22075 25517 25740 33723 33846 35149 36023 39240 40226 42828 44955 47633 49764 53496 57747 80407 110983
391 1959 2947 5812 6874 9678 10612 11149 11900 12874 15544 17977 18831 22764 23868 24634 24711 25580 27948 30532 35886 35965 36186 37679 38471 39202 43729 54756 57950 61874 68938 101036
275 1035 1062 1394 4322 5033 6310 7172 7650 9484 11553 12993 13602 15124 15378 19723 19809 22848 26272 28983 29626 34126 38567 42630 42995 44421 51320 52113 62504 91015 94295 94447
790 2864 3087 7574 7993 8670 9376 9931 10508 11478 13605 14396 14741 16671 18161 18766 18799 25111 26678 29382 30739 30970 32293 34945 40553 53367 60115 61971 63523 67626 67856 117250
2150 2811 3098 4937 5315 5420 5954 7191 8282 8711 9172 10930 11634 15579 16067 20495 20645 23073 25534 27733 27786 29196 30209 40079 49654 54473 59159 71962 74336 74667 82798 93772
209 227 844 952 2137 2425 5163 6500 6761 7631 7815 8891 9172 10364 10711 11362 11830 12249 16263 24643 26799 30622 30848 31128 35007 35523 37647 43039 46972 53159 169124 232816
89 875 3586 4286 6739 7650 9627 11795 14007 17858 19481 19934 20343 20460 20968 25301 25494 26420 27869 30111 32417 34012 35152 37600 39409 39560 40720 40747 65560 67701 100609 111952
1922 2290 2663 3860 4562 5244 8448 8815 9589 12827 13248 14740 16219 18622 18938 18987 21227 23419 24861 34964 36372 36553 37541 40354 43805 43967 45985 59797 67903 83091 93077 98305
21 340 3349 4136 5745 5886 6228 11088 12088 12495 15044 15716 17392 18690 18720 19210 19220 20527 21823 22735 22832 30881 34903 35920 39398 39608 49540 53711 64063 69074 78431 133143
959 1608 2887 4275 4790 5237 7424 7989 10906 11779 13351 13636 15668 16791 17552 18666 20176 21248 26211 26799 29550 30133 33866 34811 35940 41149 52031 54161 66555 76227 77204 178807
1965 2534 3708 3762 3906 4660 5887 6307 7540 13849 14036 15308 15813 16576 16592 16999 25006 25891 26274 29566 31798 33113 38712 42571 44686 49046 52054 52191 65877 68775 103976 105286
992 1879 1960 2030 5677 7679 7911 8246 8823 8947 9541 10368 10509 10867 12092 13050 19188 19744 20537 22746 24176 28371 31444 35192 42115 62492 74623 76629 82540 82865 93224 121741
1196 1897 2936 3341 3661 3897 4084 5813 6446 6914 7196 8936 9577 10283 12010 16559 16698 19791 20200 23318 24069 33238 33879 34915 50390 52802 56502 70624 78888 92901 119533 120884
134 742 2019 2086 2459 4198 5231 10181 11611 12816 12980 15333 15864 17116 18058 18290 19011 21340 26851 28693 31361 31834 37695 39440 42805 45159 53120 60400 64061 67410 75606 120319
375 1491 2195 5053 5758 9045 9209 10124 10527 12613 13522 13731 16279 19773 20908 22259 26058 28600 29704 30336 31478 32141 32253 33843 35698 41941 57027 61357 68853 71005 76420 129526
