1000 30 21
4194 4903 5465 6283 10766 16177 17581 21066 22498 28414 35379 37109 37846 40372 55671 76941 81672 82924 92086 93590 154615
407 8010 8882 9384 9750 12232 14189 14543 15618 18911 22339 35678 44104 50915 55294 78036 93898 101217 105772 107854 115039
395 621 1856 2591 4028 4916 15968 16714 22931 28744 30044 30090 32342 33903 42089 43043 45309 95475 132386 158652 170645
224 2018 3985 5796 11825 14376 23653 24181 29521 38496 39709 42368 43137 46671 51910 58597 77066 87656 106072 112348 118957
1092 2474 3500 12918 12976 13868 19292 20902 22983 31303 43484 47578 48559 56471 62498 63883 68605 75389 86439 96285 157256
736 1025 1835 9884 10186 11451 12143 17698 31170 38092 38411 40978 48062 48628 49260 56168 61272 62361 63507 73645 167922
7970 9016 9784 9823 10172 10934 12584 15141 16531 19550 19687 22900 29112 30523 51515 53543 79613 81386 98408 156502 190708
3277 6524 9191 9238 14558 17938 18127 19632 22566 22648 29484 31575 39991 46371 47388 54673 66203 85918 86796 106764 117651
2419 6022 6274 6295 13372 14552 15154 15520 20964 21726 24684 26422 27420 44556 45632 49146 68584 84321 121459 126105 176387
1009 2973 3499 6237 8526 8970 12528 13543 16971 17943 21030 44780 52831 54810 64924 76603 79689 82209 88442 88484 131038
2663 4830 6368 12259 12576 14817 19334 21906 23837 28352 32345 34804 35842 39760 41451 41985 45988 61472 88141 116924 206735
473 3748 6311 6805 10269 11594 14994 15229 21417 25014 28726 32814 47196 53257 53735 53752 55545 64951 73922 82234 182799
2385 2555 8172 11392 14790 18387 25760 28737 30902 38875 40204 41895 44729 47736 51335 52082 54793 65084 75887 119107 156008
5578 6767 7172 8146 9853 9954 13605 24868 25478 33688 44945 45337 46431 52000 57672 60553 63890 68615 74316 80026 159921
3901 6936 7649 9361 9730 18785 21143 21382 26771 33337 33556 33634 35788 48975 51697 71927 76872 86515 88434 93991 98014
1284 2663 3925 6393 7670 7993 12230 15698 17344 19339 19449 19754 32953 35879 35944 47083 54914 56450 109846 176982 195665
2660 5290 6145 6443 6484 8540 10953 13165 14832 15407 17586 18959 26526 34434 44530 70912 90951 103108 105317 108444 154669
2739 3423 4911 15449 16512 17328 17682 18830 23337 29275 32734 33109 37032 44674 50361 51956 59648 63822 65073 110670 158747
1353 5400 6813 8886 16471 17007 17431 21096 25667 29764 33133 36525 47502 48390 51926 53515 56116 86274 91333 99793 172900
701 2651 8069 9991 11515 18795 21573 32952 33099 35912 38388 44305 46149 50379 53010 53984 56213 75199 92707 110880 139242
1382 3870 6706 9976 13951 17464 19061 19506 22061 22731 23913 25379 30021 34522 46659 54819 61237 69895 72204 90162 246819
944 4289 5282 7469 14035 15183 19921 19991 20607 25654 26981 29175 35474 43814 46053 57100 62141 72554 92490 93010 160135
6399 7750 11967 12850 12962 17679 21274 24302 28572 34527 37814 38242 41795 43326 52424 55078 65735 74904 84247 117973 131925
342 3180 7167 8598 8739 10254 10529 11236 12174 13148 16149 24977 33502 35326 37791 42486 90265 91840 98744 138231 152962
323 505 3034 3156 3338 4919 16463 20865 26471 31644 48304 51271 53193 58612 58741 59050 60314 62169 68596 87837 206257
2260 4760 6826 7505 9122 9988 10756 18470 21790 25789 28777 30914 31374 39616 45877 51617 57469 59745 110072 148163 186562
3506 12342 12693 13384 17597 18457 18566 18713 22642 23093 24107 33428 39596 40483 47453 47619 51501 64228 78414 99158 188148
2171 2802 3549 6987 7936 8673 9002 10391 12816 17224 17853 18596 35550 55537 58729 61338 72221 92421 111631 114687 126124
1349 1352 7730 9354 9374 13512 13815 16412 17819 20575 20679 25742 32649 39115 40683 43120 87980 97599 98166 101777 229261
1801 1802 3311 6256 8964 14564 19702 21501 22671 23074 24776 29160 35410 49292 51555 51863 62202 82764 90394 98319 187760
