1000 22 32
889 1155 4308 6173 8205 10284 10309 10331 13795 13835 14485 15818 16867 17606 21622 22178 25238 26707 26802 28619 30131 31223 31699 33408 40875 43070 45371 47072 55942 63480 89436 123816
1663 2265 4044 4955 5112 9085 9129 9908 11425 11619 12898 14669 15609 15824 19884 21442 24018 25980 32353 34677 35219 37479 38526 39871 40987 42235 50193 52953 54920 58950 60925 61793
177 554 871 5779 6293 8720 10321 10742 10803 12431 12725 12800 15183 16595 17949 18435 18448 18587 23248 24046 25574 26521 34209 40932 43197 47333 48902 55138 59535 63591 73554 163798
2741 2938 3427 3470 3681 5245 7310 7722 8367 8866 12426 12705 13950 17017 17104 18005 18515 20504 20635 22191 22953 26448 27967 33041 39247 42457 45467 73942 78933 81952 84663 148611
130 751 2833 3523 3848 4823 5500 7559 7699 8395 9081 9885 11891 13188 13821 16278 17720 18505 19015 23807 28220 31842 35773 35808 42341 51326 60437 61613 66724 72264 74494 103476
2017 2777 5306 5815 6556 6885 8020 9134 14538 14659 15515 15754 15773 21332 23447 24549 24944 26688 26707 28058 28240 28511 33231 35415 41049 42086 48481 52223 59437 70527 78498 108167
1081 1662 2088 2117 2569 3877 7859 8035 8633 9658 11169 11239 11764 11854 14077 21594 21641 23957 25132 25481 27921 32186 33462 37633 38888 40959 51656 54556 61458 68931 90875 112601
1689 3113 4404 5110 5951 6819 8970 9318 9639 10057 10308 13335 13657 19014 20676 22756 23777 27180 31644 31894 36458 38299 39576 40019 40119 40170 49035 52229 57778 64728 65708 67408
629 2275 3741 4530 4779 5977 6581 12128 13431 13678 16588 17050 21888 23038 23420 23694 27292 31510 32099 37323 39294 41093 43532 44467 46569 47646 49307 49952 52605 53376 57569 61726
352 750 1091 1181 1746 6462 6675 9040 9105 11846 14009 14498 15867 16070 16468 18194 18609 20083 20702 21939 22080 26102 29630 29738 30506 39377 45246 46738 48434 55330 60564 195397
247 2046 2779 2813 4239 5329 7292 7974 8326 9533 11309 12892 14868 15790 17278 17691 18749 19742 26255 27492 28790 30080 31176 32923 43571 47006 47801 49092 60305 75032 107068 162719
1180 2492 2559 2934 4301 6664 8513 8842 12352 13629 14471 16038 16083 16309 16674 17152 20822 21574 22852 23159 25385 27836 35384 36982 38965 39106 41673 52804 60803 65075 81470 105440
1242 5576 7617 7633 7652 8222 8740 8886 9500 10823 12929 12936 16144 16193 20618 23164 30974 33763 35008 36523 39674 42385 44001 44522 45997 46814 47148 49842 50524 60075 61707 67661
146 292 1086 1177 2739 3806 4354 4399 5717 8286 10323 13327 17818 19874 22282 23402 25328 28419 28721 34987 35444 36060 36355 42287 48153 49304 53990 55739 61173 81019 86284 98453
455 758 1721 2030 6085 6897 7503 9215 9608 10086 10126 10149 10157 10270 10877 12782 14639 18915 22279 24317 24367 28286 29394 36191 38466 39472 41671 44521 67463 69327 85494 176248
3045 4159 4505 6770 9412 9471 9492 10755 12780 14160 14596 18021 20033 21427 22796 23005 24238 25992 30798 31272 32958 36783 37371 38289 40331 41670 44840 46221 53853 58209 76014 107744
720 1541 1969 2480 3459 4797 5862 9743 10876 11889 12275 13698 14988 17180 20088 22980 25091 25180 25404 28740 33063 35030 36788 41569 42228 43817 45680 54471 58030 78885 88668 91088
67 1417 1472 1744 2160 2846 3258 3561 4589 4669 5404 9583 13195 14949 16351 17347 17712 18699 23097 27204 31265 35125 35358 36094 48983 51377 53023 54008 54035 58018 111910 163458
42 350 765 1317 3108 3333 4960 6070 7700 8121 9153 11532 12271 14758 14989 17376 21259 22501 23101 27249 31271 31906 33183 36710 39125 43389 54600 59140 68107 68522 83076 90615
1207 1320 1449 2296 2402 3653 5854 6789 8243 9025 9381 10481 10819 11713 12008 13284 16528 16782 22123 24515 27549 28802 28883 29818 34338 42761 47760 59662 78261 94233 116016 147685
1179 2631 3509 4052 4116 4336 5366 6938 8238 8250 9983 12620 12759 18092 18229 18614 20535 21393 23596 24413 25928 28246 28536 30097 30794 36615 48276 49982 56791 91126 102101 132513
689 1698 1733 2773 4319 5392 5800 6079 6957 7801 9520 9995 11302 11894 13023 15206 17969 18141 19617 22649 22723 24832 25274 30407 35133 42803 44757 47940 60266 80797 82683 160763
