1000 32 12
14697 20633 43414 43867 59267 69669 70904 78322 87630 106259 129837 136611
3283 4683 22646 27798 31391 35048 80445 82281 82694 117538 175124 189405
144 656 12774 31130 44969 47889 53976 67779 99361 104839 186830 266365
2705 3711 8843 35531 38483 41087 71558 76824 110136 110385 159686 229475
9777 23799 46870 54487 58099 70063 73988 78441 92683 106454 138580 150689
3115 5374 8734 15091 18752 27022 58462 71853 80293 84434 117570 381256
679 3823 4710 5376 7647 14801 36922 64725 74563 169706 207131 265283
10229 10958 14138 28503 28620 34899 36181 72660 97366 148681 163638 231629
4634 40058 53406 53747 57065 63842 67779 68490 79946 119407 131378 151132
20579 27179 32465 37787 58721 64049 64601 94071 116138 118315 121867 169587
160 2558 3234 12758 22610 38221 65427 66084 72298 135839 156214 238130
3430 5317 19382 24222 26764 33675 38231 38986 64446 80053 216313 258418
3818 4044 14397 14420 19123 29760 52135 53783 101954 125735 159072 268358
1874 2219 3479 4777 12022 24182 43368 99096 101727 126165 200514 228106
14291 17936 22434 23075 39399 60219 78666 90113 97748 123799 154894 166216
1636 7033 8180 12593 15217 18333 23371 49466 63422 108284 128035 389911
132 2703 12288 17650 21906 39184 42992 68249 71969 137346 214170 217099
157 1418 5380 12890 13483 14977 42195 45495 76641 121098 214071 276106
1550 4809 6029 25221 32450 41705 55349 67385 97967 157995 215787 228688
13753 29402 35705 45644 45863 46224 76871 86919 97216 124623 132766 172081
3387 3515 32375 39705 45205 50086 62393 96694 118480 118661 150176 150246
3354 6859 9174 15224 24019 26681 37894 72330 83230 102992 184402 260089
4569 8054 11886 17732 22205 54680 58974 62672 69181 167645 183121 205335
5056 9202 11177 20038 20380 24410 48561 53975 84601 86427 244548 282976
14440 26866 36267 36747 47816 54949 58787 66871 90266 109064 145440 199262
2257 6097 11370 14313 36416 44974 55195 64825 70327 82209 166947 344771
6581 9191 23551 24062 26465 28089 39498 54880 80609 87298 139356 332881
4371 8242 8430 19301 34891 40016 44512 53688 87030 104127 194507 288531
10510 20497 27037 28026 40918 70724 76624 86290 106513 136385 139338 179854
11309 12662 13619 18873 28595 35613 61963 64139 68297 123519 156981 305516
35 5243 12352 12723 27698 41263 55460 58245 74738 148425 188424 229329
752 801 26653 30934 32172 45999 55161 60058 83652 87013 193965 222924
