1000 33 14
2938 12460 15063 19217 34137 35743 43797 56451 76483 80570 97445 157278 157325 159229
5366 6181 18409 24899 35108 38534 43980 61254 87312 91537 119180 130853 133883 157642
2940 3622 18608 18805 32675 41552 43748 48357 75906 91921 109627 117241 151231 184222
578 6213 10146 10907 12865 20592 36379 51513 73325 75062 80376 105565 165919 309507
8802 11529 15140 20736 23126 29731 44409 44529 50590 55800 150170 158716 162390 170460
2057 4187 12768 17272 25132 43021 45837 48601 84879 94348 108675 112074 127764 196672
1798 6157 9488 16554 17830 20256 53085 55455 62638 66954 81162 82403 172971 293402
4080 7486 15337 18142 31208 38977 53427 83617 85910 99505 107842 113415 126194 148853
2116 13528 16900 33208 38641 44608 53893 54257 67398 97544 109562 114339 144222 147407
695 7170 8701 39754 42796 45155 46248 58371 66249 75759 92666 102175 154604 183557
8126 9073 29217 30765 32265 34423 37445 45213 46420 50629 84015 98948 143320 282740
1141 18596 40391 47560 49889 55975 56545 66185 76006 81506 82504 87281 128562 164086
2356 3268 23698 28926 44744 62642 67051 71437 76955 84369 103333 118456 128991 135393
8100 10020 11114 27058 30288 46424 69754 79415 84768 85140 91620 93012 143638 144781
1587 4002 5949 9521 9573 21081 31972 32621 39297 62043 82095 144038 189449 330650
3975 16443 17075 23306 25206 34430 40712 58046 79767 95338 95648 108108 116719 251414
2551 11971 24331 26898 30080 46495 51549 53106 68309 85084 90922 104971 134307 172578
607 2515 15646 18347 24839 36856 40946 45545 61310 69754 80433 117738 124818 303371
6939 8629 16370 18431 45111 49899 52294 56107 65344 81508 95626 105147 123137 207846
1909 4830 7290 7870 19984 51856 63743 64880 69660 73014 85017 89252 128504 290054
13382 14772 19895 23354 28074 37665 52232 57685 77425 79862 83583 86308 185955 196299
493 873 8518 15927 19905 32537 33892 41569 50784 57759 93442 102600 167656 291735
2859 19183 30990 40368 41458 45441 50566 55712 63390 63620 89102 102372 119232 188086
7403 10763 15145 25126 29269 30911 33403 42742 59738 67404 83884 130637 214049 215496
2982 7809 11484 11509 14523 39704 50122 54455 58027 60044 82065 82885 90635 337185
18041 22282 25118 34356 45855 45945 67807 76592 80407 81183 89616 112100 122255 132288
674 16013 16590 17117 31737 35586 43100 54074 72963 82355 127484 134057 141218 162130
5708 13418 13673 22062 22903 25331 37477 49618 56034 64814 70276 144698 176779 200133
3571 9056 12755 22448 23906 58860 66060 71346 91760 94845 96912 108119 112916 144950
4262 14191 15753 28717 33891 36327 41635 43232 46302 54675 81812 169323 172499 217609
7260 7797 12470 19511 22283 50793 52658 65013 71512 78504 78805 119539 122279 231459
1154 5527 8940 28785 33704 37718 41283 52161 58643 63539 79519 90464 115246 295566
173 759 5056 5142 10890 15440 18123 44865 54665 91516 94964 108326 241877 245988
