1000 12 25
1412 2199 2634 3541 3897 4869 8838 9283 9495 9929 12819 14843 16783 18764 21966 31728 32985 32996 45020 63654 74860 76501 83825 147075 178683
128 706 1531 5557 5686 6484 6962 7352 13492 17565 19035 22392 23089 23139 27448 31661 47220 47447 50702 54865 55502 58626 81660 89998 143111
2785 3288 3316 6304 6868 14521 14557 14929 15537 19882 22954 23730 25833 28793 32195 32303 39401 49488 49911 50823 54438 57941 71087 89208 168597
1810 3062 4750 5468 6025 7134 8848 15826 18959 19496 27443 30823 31349 32121 33769 36712 39469 48827 51161 59007 67933 72238 73911 78364 80609
383 5849 6563 7609 10668 11186 11604 13248 16728 23962 25185 25678 27494 28312 32063 33635 33643 37057 38844 42078 61554 63602 80955 115365 142588
124 2077 5217 5415 8375 8427 9740 13420 16456 21330 22594 25211 25602 29657 35098 36615 36708 46205 47061 47127 48984 49130 57860 85128 174719
804 981 2098 7519 10938 11198 14911 15373 15943 17887 20556 21432 21455 22611 25539 25688 31779 37837 43089 43413 49258 85700 88634 92840 137362
2062 4564 4943 5738 5751 6784 18453 19444 19778 22335 22403 23919 30494 35831 37876 42282 50208 57067 60531 61531 65448 66551 71774 94472 100292
194 914 998 3657 7529 9782 13295 14285 16007 18345 20648 24420 30603 31230 32338 36244 40141 44261 52175 59384 65792 66457 76196 93031 113624
850 3614 5934 6207 7096 8524 11700 13027 15665 16295 18224 20290 22296 34464 36290 36834 39473 45548 49559 57008 62611 70850 73625 91498 183255
77 3917 6442 6997 8396 8436 10279 12920 13868 14585 16224 27057 27065 33985 34639 35642 36986 52231 57322 59853 60486 64240 71810 126458 131442
1992 2619 2986 6153 8292 13766 13825 14923 15106 20544 23560 23642 24826 25750 26124 26396 28670 34626 40555 48770 59171 59514 67406 114159 137181
