1000 21 38
592 954 2250 2962 4071 4202 4207 4428 4488 4777 4945 4997 5348 6477 6552 6859 10362 14934 19374 21216 21267 22602 24106 26100 26664 33111 33264 36707 40344 40667 43022 44869 44941 49309 56084 61919 79332 120033
221 2274 2635 3538 3725 4525 6015 6054 6580 7210 8524 9412 10842 13052 13196 14013 16016 17386 19257 21615 21697 23216 23842 26172 26551 26871 31645 32031 43011 43349 44145 44257 47970 48228 51198 66935 70736 113063
1940 2049 2915 3110 3312 3873 3924 3933 6434 7490 8232 9299 9422 10486 11659 13360 15072 15774 15958 18411 18926 21910 23169 23593 24923 27443 28000 28889 32101 35349 45363 47570 48254 61884 62795 67878 96057 102757
922 954 1909 2594 3217 3529 4213 6787 7403 10458 11436 11495 12997 13711 14192 15194 16396 16628 21336 21995 22280 22595 24829 25155 26597 30001 35357 36369 36589 37299 37611 42515 42679 45864 59504 64375 86694 91870
536 1453 2700 3440 3917 3942 4291 4655 6264 6835 9531 9661 9774 11930 12347 13372 13555 14856 16151 16951 18329 20577 20870 20925 21142 22711 22909 24092 24725 28767 31551 31842 33828 40395 58666 61282 84165 204318
1517 1736 4375 5407 7201 7288 7909 7962 8138 8204 9312 9322 9906 9980 10447 10878 14326 15001 15694 15790 17984 19608 20491 22189 24570 26141 27438 31704 32755 33908 33924 53916 58336 59850 63464 80720 83374 90800
532 1061 4563 4811 5233 6261 6501 7058 7351 8440 8925 12754 12991 13127 13552 17426 17439 18450 19743 20003 20799 20830 22018 22267 24709 26508 26740 28568 30860 31069 36578 38661 44039 54325 55479 56798 91417 99063
409 1171 1811 1867 2880 4193 4765 4921 5041 5604 5950 8236 8637 9788 13231 16834 16990 17025 18617 19129 21582 27296 27847 27866 28647 32358 35303 35737 37744 41066 43739 47372 51358 58655 59448 62012 69485 87728
453 1843 2072 2517 3032 3137 5731 8605 10427 11552 12574 13386 14892 15224 15290 15932 16388 17566 19843 20157 20350 23952 23978 24746 25270 30679 30786 32028 34311 35542 40471 41738 42169 43629 49823 68161 69379 85718
125 186 370 1733 2609 3742 7241 7592 9360 12809 13588 13650 14157 14413 16195 16741 17987 18247 20046 20845 22038 22679 22797 23769 24074 29964 32363 34178 34994 36833 38227 38692 40204 43862 47715 54849 75795 123818
1034 1763 1972 2283 3673 3759 5385 5760 5906 6485 7313 7991 10357 10768 12450 13087 13881 14945 18989 23499 27766 28247 29034 30062 30164 30712 33830 33885 35638 36908 37362 37568 41662 48335 55766 65572 70465 91243
133 2012 3183 3837 4582 4633 5898 7216 7987 9333 9534 9923 10674 10834 12240 15590 16677 17169 17852 19892 20439 21337 22105 26314 26566 26655 28879 31727 39291 39466 44636 45870 47697 64740 64875 67105 68312 95596
413 1839 1859 2007 2210 5775 6418 6504 8105 10874 10931 12206 12280 12531 13300 15025 16113 17188 17270 18189 19701 21787 22342 24912 26559 27747 27916 28517 30350 42079 46714 52124 52726 55441 60617 68640 71887 73369
1759 3310 4897 5714 6311 6853 7203 8528 9706 9905 10394 11750 11982 12391 13584 13811 13863 14653 18656 19573 19837 20130 20414 20866 21097 21414 22046 28118 33259 34025 40825 44257 46939 56557 62566 78768 84193 84807
3222 3592 4151 4356 4803 8214 10141 10332 11030 12406 12743 14045 14499 16427 20384 20521 22337 23128 23135 24360 28012 28949 29888 30139 30594 30685 33753 34458 34608 35378 37760 38804 39557 44985 47783 58946 61764 64190
533 960 1568 4008 4122 4546 4630 6155 6415 6679 7697 7952 9050 9520 11607 12527 13370 13508 14786 15486 16535 16541 16757 20155 20285 20628 24848 27293 27945 29844 39876 40167 46677 63832 66453 71239 102025 149132
378 662 1317 1567 2126 4027 5693 7093 7181 8483 8587 8827 12065 12265 14018 14198 15443 16676 17476 18248 20018 21115 24152 26275 27246 30844 37142 39018 39611 43243 43713 43802 49240 55108 57630 63037 78882 82332
65 3933 4011 4452 5794 6416 6983 7670 9133 10028 10258 10671 10947 11357 11677 11809 12225 12477 15952 16133 16537 18062 18388 21533 23858 25092 25416 27776 35222 38442 38552 50679 51023 55376 59984 70257 87351 117779
474 729 1619 2304 2376 2603 3057 3546 3790 4967 5252 11883 12125 12753 14621 14984 15424 16083 17033 17224 18391 18875 21798 21942 22955 23264 34190 40370 44780 45487 50715 51158 52016 58436 60139 65272 69511 109949
67 474 1190 4239 4487 5825 6187 7482 7654 7868 8515 8537 9993 10595 10682 13460 13958 14855 16180 16371 16882 17580 21027 22001 22785 25531 27183 32643 32921 34493 36184 36539 40731 57309 57642 75491 78514 127705
291 1010 1223 2494 2828 2925 3988 4756 6261 8717 9457 12374 13785 14592 14883 15404 16022 18053 19681 19940 21850 24065 24638 26347 27512 31126 33433 36038 36562 37480 38247 39979 46698 48499 49011 54457 59285 108533
