1000 44 34
56 1652 1667 2805 3321 3895 4075 5438 5938 6941 7685 7896 7962 9110 11789 14819 15789 16096 16802 16859 23830 24605 27616 32711 39971 44607 45236 49200 49563 52885 77710 90714 99449 135290
567 1194 1468 3122 3484 3722 5479 10665 10982 13895 14266 14270 15387 15653 18840 19938 20568 21757 24936 25157 25499 25869 26203 34995 35057 35747 36852 42235 48244 56129 60201 75272 86175 133112
460 4202 4570 5361 5706 6755 6991 11466 12839 13136 13548 13983 14495 15153 16160 16218 17263 21870 23218 25462 26647 29287 30797 32707 33523 35480 38099 40599 43728 49080 67105 69539 82519 113817
122 244 1740 3920 4023 7297 7548 11225 11862 12129 12873 15624 15984 16975 17174 18334 19112 22056 23758 25665 26361 26965 27319 32700 33131 34498 34799 38893 45662 53930 69161 73979 94139 99338
23 1000 3423 4528 5438 5445 5600 6263 6975 8646 9320 10232 11442 11635 11752 14494 15359 15939 18234 19270 21139 26541 29245 31113 31628 33817 36989 41944 44472 66746 72595 93094 113759 117068
872 1033 1039 1306 3952 4692 5078 5256 5782 5875 6909 7434 8876 10168 10443 12555 14373 18169 18478 18624 18885 25526 25956 27617 40003 42147 44398 55288 60146 63911 74691 91941 101046 114224
661 755 867 1377 3147 8357 10141 10638 10922 10959 11746 13177 13200 13411 15360 18253 19566 20265 20682 21781 25678 27444 29369 30220 31325 34329 35241 35762 37382 67278 67684 70168 74176 143769
900 4404 4902 5011 6070 6684 6844 9230 11628 11701 13813 14693 16003 16016 21984 22365 22602 22989 23132 23524 24341 25310 27430 29622 33685 34122 35711 36742 39469 40421 63471 66157 67521 163964
108 848 1003 1652 1985 2552 4265 6006 7046 7962 8179 9187 10939 11843 11968 12906 15154 17106 17334 21370 22377 24994 26827 28856 41053 43765 44531 51320 52395 55802 57694 76079 101310 159210
510 1193 2151 2419 2510 3001 3227 3400 4717 5683 6203 7406 9025 13016 13775 15061 15788 17104 17400 19455 20629 21578 25480 28033 29205 29360 29868 33718 65317 77079 82489 103620 117753 138275
666 986 1782 2974 4190 5422 7323 7656 7790 10308 13099 18567 18843 19206 20271 21028 23882 25453 26224 27945 28498 33544 35457 36112 37226 37967 38074 38201 41936 50491 59379 62234 81364 91097
2132 4495 4758 6138 6669 8196 8527 8824 9024 10773 10800 12841 13854 16350 17523 17562 19046 19276 19319 19519 25104 27879 31443 32909 33058 33552 36654 39334 52672 53278 56401 57810 104401 114722
568 1139 2674 4146 4764 4927 5238 5466 5732 7883 7944 9418 9789 12325 12614 12642 16415 16480 16593 23149 28950 32844 36006 38571 47962 51432 57679 58057 62645 66711 66832 72588 81141 88088
1321 2589 3088 3144 3269 3550 6791 6825 7506 7535 9849 12247 12950 13077 13110 14082 15438 16928 19008 20190 22480 23007 25632 26276 27033 32489 33200 38537 50651 60452 71165 98840 116388 124009
602 1256 3098 3309 4004 4010 4138 5415 6706 8002 9236 9411 9596 10085 11561 13184 17160 18247 21029 21580 24191 27084 31861 32180 33007 33690 35174 42087 47762 52672 66887 100865 108802 125487
195 247 2463 3491 3617 5316 5924 6435 7311 9215 9760 9806 9955 10841 11599 12220 13114 15756 16845 18273 23364 23675 24098 26454 26691 36324 37829 49531 51162 57217 60456 96376 114875 170880
525 1057 1469 3075 4368 4617 5953 6091 6107 7720 7728 9084 10952 11758 12272 12525 15778 17280 17340 18131 20935 21567 22834 33148 35630 37136 37977 40095 56202 56578 92226 94233 96620 151210
311 2097 3376 3586 4879 7404 12243 12948 14524 14886 14949 15845 16235 16320 18624 19103 21335 23106 25007 25496 27474 30805 31148 35021 35439 37994 38745 40266 40605 62506 63830 64008 76953 88661
1367 2728 3481 3595 3786 3878 4786 5194 5625 6225 6818 8272 9197 13767 14961 15636 21077 21940 24391 26619 30323 31548 40902 42145 42769 44472 52829 57586 57656 58604 58818 64411 77922 107179
1315 1758 2267 4533 5217 6126 7680 8033 9632 11123 11276 14047 17485 17747 18850 19347 23623 26733 27390 27445 29318 30110 31687 31999 36589 37226 40836 41466 41516 42154 47959 63569 91665 113223
1907 2508 3705 4709 4781 6028 6548 7126 7317 8390 8689 12221 12479 15377 18439 19397 19991 22009 28544 28880 29539 31334 31749 32973 34675 40765 41147 43271 49335 50471 51333 62305 74890 138972
358 1196 2264 2369 2515 3533 4108 5181 5632 6122 6709 8578 9783 12608 12634 15301 17477 20563 27596 30709 30812 30959 31498 34557 35841 39204 46184 48175 68490 73251 73346 73690 83417 84593
51 77 387 677 1668 1906 2285 2531 7487 7630 7727 8944 9290 10047 10226 11831 13577 18500 21263 26053 26773 27013 28254 29760 32390 43524 52995 60151 61501 67956 78597 91742 98872 112828
1347 1646 2052 2474 5842 6308 7936 9254 11134 13787 13981 15059 15099 17222 17761 19842 20244 20736 21464 22875 23369 23959 27298 36202 36990 37521 37808 43904 52927 57275 58610 61420 70468 124984
518 983 2427 2744 6424 6486 6602 6633 8989 12320 12593 16935 16938 19363 24654 26739 29463 29468 29613 30524 30648 31574 34792 35755 35806 38308 38727 39339 40922 41103 52490 58378 81218 117522
1214 2846 5524 5697 5885 6387 6710 7305 9723 9935 11352 12415 13895 16561 16703 17922 18085 18332 18792 21230 29169 31855 32010 33305 37197 39732 43800 45064 49371 55059 63614 67975 90170 97169
15 856 2441 3105 3495 4249 7138 8405 9428 10984 12511 12585 13011 13503 14961 15755 16102 16375 22319 23765 24083 24257 26368 37141 42051 44599 44821 45017 45071 47412 56469 67876 119575 127930
2366 2393 4109 7500 8542 10375 10494 11022 12290 13279 14308 14636 15175 16137 16599 16804 20137 23336 24249 26540 26676 28236 30962 32703 33128 35710 39459 39790 51347 52198 54199 66292 105886 110130
1177 4022 4061 4578 5070 6110 6568 6798 7183 8509 8990 11982 14392 16875 21451 23659 24222 25868 26015 26679 27293 28952 29893 33304 36732 40418 41185 43887 49243 69238 72171 72601 77344 79446
296 1085 3561 4759 6006 6349 6571 6650 6860 7006 7292 8803 10370 10964 11464 11990 14171 16709 19300 19642 21014 24938 27932 30544 35593 42057 42062 43067 49844 66219 89900 90207 97538 118251
810 827 1128 3461 4015 5372 6099 6656 7286 7523 7597 8074 9756 12439 16034 18111 18243 18513 19652 19908 19994 23695 27579 29379 31057 32462 44967 50678 66825 79383 79929 85389 92085 98551
124 588 1172 1283 1381 2107 2435 3747 8088 8188 8979 10011 10787 11992 15484 17831 18597 22657 24157 26935 27189 35024 36859 38055 40047 40428 44794 49617 52854 53883 56714 71950 80093 125371
513 2694 3004 3078 3659 4079 4713 5103 6060 7045 8439 12336 13267 14588 14857 15056 17564 19605 22039 22871 23566 23780 29669 35011 47073 49409 50294 52655 60770 61581 61781 65535 87302 103244
607 1105 1424 1914 3827 3913 4097 6066 7966 9106 10518 11325 11846 12557 15557 15783 15935 16656 17849 18254 22691 22893 27784 31766 31947 37967 40597 47667 48822 50273 55671 74148 93808 205149
812 872 1038 1513 2410 4503 6858 7803 8021 8235 8422 10558 11567 12642 13683 14144 16011 16617 17461 18042 28600 36861 38401 39896 46236 46518 47631 52888 56169 56585 57459 58392 109699 115829
1511 1817 2376 2985 3726 3998 7312 8086 8855 8990 10570 12171 12526 13769 15192 15804 17834 18796 20955 26513 27012 28711 28728 29506 36840 37357 41313 46426 54514 66798 68071 70875 77104 142212
73 1077 1168 2626 2653 3771 4902 7147 10186 11497 13861 14298 18864 21758 22368 25617 26249 29574 29995 31082 31338 34580 35207 35495 35551 42564 44363 45885 49065 52907 55964 58064 76316 83238
274 1777 2558 2586 2843 4212 5215 6233 8779 8997 15009 15849 15950 18843 18900 22927 23852 23974 26372 26635 26991 29239 32851 35724 37870 40948 41841 44278 49804 51035 69110 72200 78760 109966
835 1097 1521 2923 5219 6230 6283 6560 7096 7865 8173 9534 11219 12050 12389 12724 13308 22239 24139 25989 26092 27191 28004 29840 38332 39163 43768 44916 51175 62948 78095 85251 101302 111006
1124 1869 2724 3811 4751 4752 4972 6436 7003 7179 8708 9032 9483 10997 13138 14746 16050 17196 18766 19826 20936 22342 27081 28385 29123 30242 39329 40965 52846 70785 79334 90846 104430 126637
890 1076 1243 1696 2170 2758 3122 3750 4510 5360 7554 8887 12738 14145 14472 20974 21433 22366 23521 23689 23724 24509 25794 30359 44687 48089 49137 50689 55500 58888 59071 81253 97876 126697
3206 3868 3982 4067 4499 7151 7473 7476 10511 13877 14962 15502 16306 16879 17850 17880 18313 19865 21021 30115 31129 31878 32965 37722 37837 47655 53256 54069 56172 58008 59721 61507 63035 87749
290 348 1087 2074 4007 4160 8286 10436 10783 11026 12894 13757 13972 14657 15590 16724 17981 20699 26905 27784 27947 29045 30448 31753 32667 44872 46272 46643 57018 57479 61645 64984 68989 112103
302 2545 2987 5403 6763 7204 11009 11343 12217 13181 13800 15390 15564 17113 17561 18754 20439 20454 21329 22925 24964 27028 34880 38313 44443 45802 51836 52966 54590 59859 59978 63352 69117 70413
