1000 25 9
11388 25527 43827 57460 72398 81249 106046 224582 229055
856 26167 28443 37981 42903 84707 187694 204745 252849
3469 6234 16961 17839 18002 18696 40107 238502 303893
11514 13442 32515 61910 70076 104664 122457 165776 208644
24508 25358 28191 42234 66276 116866 140421 157856 163787
2489 24822 36947 44522 45965 96374 100263 142738 236717
3928 10967 33389 36831 110792 129702 160083 178349 190314
1096 5504 5612 11997 63259 67768 120240 133887 256337
41759 41988 49925 58423 85852 92912 95956 103770 226686
22684 30446 54470 57446 65278 122549 159172 162378 165037
658 12244 16127 33953 47669 80439 99936 159712 368503
35078 42627 51830 93208 106090 121990 122475 124919 159645
1291 3699 13404 17072 67656 72246 101204 147384 306775
11745 18794 22818 27127 56159 89999 126330 213458 226153
7251 18593 21300 34834 39095 55545 128543 229564 274297
928 3274 9039 33497 88578 89822 92167 222856 228441
947 1996 14341 22331 44861 70726 103929 247751 249506
2789 29691 33508 52374 87433 93042 111876 200935 217174
2337 11317 36180 50786 61198 72859 79612 156049 233290
1224 8658 10321 66881 89021 100213 127763 194357 221973
1729 5996 24070 33389 35514 99834 209506 219832 231363
6559 21297 32247 35502 111764 122957 123320 181583 233987
3422 32043 59389 62032 66254 87569 91112 95118 239231
2304 12468 23703 43125 51287 74405 130833 163275 191742
16500 27069 27199 30508 41119 71575 136935 186129 231999
