1000 30 39
926 1716 2003 2007 4447 6217 6499 6552 8620 8676 9220 9731 10077 10559 10644 12123 14328 15459 16588 18593 20385 21045 23234 23239 24784 25280 25528 27308 28644 31959 41958 42019 43117 44764 48333 48576 49328 51880 93090
438 1635 1848 2580 2914 4602 6214 6235 7866 8340 9772 11378 11537 12292 13687 14394 14779 14987 15096 15243 15260 16379 16649 18163 18490 20150 20341 20918 23571 28704 30681 31373 31777 35711 52559 52944 56549 59597 82590
506 521 707 923 1444 1480 4377 4885 5071 5433 5540 6250 7789 8726 9302 9604 11046 11878 12574 13406 13504 15690 18661 22509 23293 24016 25810 27439 28718 33698 36240 43539 47834 49792 55331 55607 65570 67871 77923
576 580 904 2013 2201 3976 4519 4654 4930 5032 5046 5146 5371 5865 5990 7961 8303 8543 12034 12773 13454 14040 14504 16927 19655 26728 27487 29997 30379 34523 36026 38974 39771 42819 42916 51013 52477 71460 76510
1930 2047 2530 3885 5947 6026 6147 9372 9645 9658 10384 10490 10637 11226 13709 15472 15580 16280 17573 17817 17849 19009 22233 22297 22623 22685 23683 23932 27412 29561 33739 34345 38998 45970 50793 51017 53083 72885 109403
122 558 912 1028 1884 1921 2183 2486 4076 4133 4159 8482 8535 9211 10088 11154 12944 15639 16276 16813 17387 18374 21447 21952 23307 24905 26964 28225 29357 30965 33974 35341 38151 46645 51479 55350 61712 62744 76954
865 1209 1631 1908 2610 3581 4863 8026 8071 8095 11081 12192 12233 12831 13125 14117 15015 15035 15657 15952 18335 19187 20178 21622 22478 23308 23405 23579 29794 31007 36263 37961 43060 43179 51226 52311 54191 80507 100317
27 360 398 1527 2096 2188 2291 2302 2820 2836 3663 7694 8014 8239 8965 10063 13915 14646 15364 16407 17549 17918 20013 20792 21096 24722 25020 25682 27829 33015 40376 45362 45863 49689 58240 62140 67259 76997 93548
362 1329 1695 2831 3573 3587 3652 5383 5539 5566 5728 6164 6220 6664 8871 9010 10148 11551 12633 13861 14695 15837 16072 16759 22141 23136 23710 24809 26744 28057 29007 31550 35054 42379 50779 52661 55415 77173 100415
1510 2300 5936 6996 7457 7759 8459 9729 9846 10346 12335 12639 12678 13368 13729 13939 15451 15794 15796 16159 16213 17947 20469 22981 26588 28130 28596 31341 31844 33198 33418 34886 38103 41489 42107 49259 50018 51560 83413
133 352 2863 3509 3799 4142 5132 5230 6511 7866 9323 9731 10056 10696 11247 13258 14716 14735 16625 16762 18236 18253 18714 19880 22220 22640 23073 25377 26831 27175 28174 29146 33483 40404 42278 42535 47728 60345 64747
866 1592 2387 2606 4399 4825 5001 5191 5328 7499 8144 9596 10527 10759 10852 11204 12163 12914 14014 14081 14096 14678 15319 15644 17435 19391 21618 27124 28644 28736 33128 34975 51407 56106 60674 69244 76620 76785 97163
359 585 1161 1664 2054 2334 2714 2759 3101 5958 6557 6688 7198 8362 8396 9659 10845 12801 12814 16550 16752 17016 17345 17849 18668 21008 25669 28168 29522 31813 32196 35106 37681 42002 45967 49427 51659 53334 75968
1070 1357 1705 1890 3116 5429 5690 6205 6374 6465 6669 8280 9138 10469 10504 10542 11796 12589 12599 13657 14087 15106 15233 15865 27783 28001 28946 35453 38380 39261 41470 43606 45677 45991 47500 49796 54176 68815 80025
41 770 794 2041 2100 4567 4643 5043 5220 6099 7789 8065 8407 8760 10407 10493 10560 11242 11249 11282 12099 15450 15993 17703 19725 19892 20471 23079 28690 33316 35284 38881 40806 42715 45086 56068 59828 62530 77272
80 1396 1406 3628 3690 4738 4986 5441 6019 8401 10723 11252 11739 15015 15091 16068 16162 16646 17147 17413 17617 18223 19953 20726 20815 21563 23979 24239 27127 28746 33529 37488 40245 49951 56444 57837 58514 70284 70515
436 1403 1738 3658 4581 4758 5286 5327 6079 7552 9629 9771 10217 10319 10529 10898 11141 11860 16576 17216 18040 19642 20170 23263 24521 26440 26928 27976 28332 33084 34229 35456 37119 39546 42381 43434 44280 53555 75335
404 538 1738 2073 2374 2448 3073 4141 6673 6685 6941 7105 8761 8981 9822 10237 10518 13623 13997 14235 16499 18649 20444 22724 23808 26184 29408 29825 30160 32479 36763 37192 37433 38996 42532 43706 44344 58558 78745
507 1847 2651 2722 2877 3548 3730 4325 4373 4426 4733 4808 6911 7113 8329 10444 10808 11871 12683 14946 14946 19233 23445 23451 24138 27855 28464 30962 34266 35653 35959 36940 40760 41528 42801 44302 56798 68428 98458
869 967 1076 1605 2751 3281 3896 3941 5364 7102 7534 7994 9129 11924 12259 13428 13951 14422 14611 16084 16999 19554 23280 24245 24897 25143 26497 27204 27965 29587 29966 39549 41830 45172 49768 51409 60625 71657 114000
253 511 1838 2259 2606 2619 3452 3979 4733 6248 7539 7887 9053 9450 11047 11056 11649 14948 18066 18513 19943 20284 22228 22604 23464 24598 25010 26733 28142 28777 30592 38274 39605 43496 43591 52242 54493 62505 133969
86 442 543 1784 3724 3796 5657 5923 6068 7083 7642 9453 10390 11689 11754 12195 15727 16478 16759 20765 22011 23337 24328 24925 25389 27284 29921 30063 31900 36096 36923 37924 45512 45635 46068 52795 52928 65277 69235
421 625 1002 1446 2566 3267 3406 3557 3566 3675 4010 4157 4977 5555 5647 5919 6991 9561 9815 13108 13959 13978 14551 18720 19653 27226 27685 29783 31157 40557 42396 45600 52629 52705 63217 70951 72865 84352 91907
445 828 883 1772 2871 4646 5066 7061 7750 8082 8269 8582 9074 10202 10307 10430 10443 10782 13073 13114 13243 13256 13569 13678 13807 13821 16357 16497 17728 20403 22285 24126 28751 35924 45163 63646 72967 76876 101815
574 627 1937 2056 2293 3003 3892 5160 7089 9532 10033 11628 13497 13947 14233 15036 15790 16312 17779 18009 18201 18954 18996 19180 19375 19730 19827 21702 21883 22909 23577 25566 29672 36817 52272 55930 56460 63290 84344
618 728 1230 1993 2523 3696 6064 6451 7917 7988 9312 10007 12565 12909 13944 14649 15578 17300 17509 19141 19307 19841 19937 20727 22143 22365 22567 24223 29584 30202 30356 36391 39032 40505 41409 41725 44402 45446 60844
311 568 846 900 3524 4345 4415 4501 4723 5496 5761 6791 6873 6947 7456 7957 9250 10830 11024 11070 11552 12728 19347 20039 21366 21757 25489 34686 40381 41555 42318 44748 46925 48352 49584 52905 53548 65014 70747
6 90 275 297 1376 1892 2195 2440 2644 2695 3668 3826 4482 4815 5647 6084 6145 6488 7014 10148 10627 13990 14304 16138 16246 16485 19597 22267 22782 26006 27390 29866 47812 53192 61080 62754 69355 70161 102881
457 1387 1958 4149 4768 5399 5760 8724 12074 12347 12626 13756 14919 16371 16894 19492 20138 21300 23494 24315 24369 25284 26225 26467 27059 28435 29232 29476 29744 29744 32237 33512 33526 35705 38183 38245 48098 53849 56083
1037 1284 3165 3698 3764 5645 5760 7807 8225 9196 10906 11254 12041 14217 15474 16020 16525 16681 17456 17937 18390 20472 23190 24519 24629 24997 25115 27862 29864 31561 31711 32396 38133 39589 39926 40524 48070 93734 107391
