1000 14 35
42 1098 1703 2078 2669 5271 5717 6049 6207 7137 8158 8510 10279 10541 12122 13221 18925 19405 19857 20322 22183 26114 32322 34164 37129 38494 39289 41824 42479 53522 54853 58479 63642 120563 130941
1102 1242 1800 2271 2866 6171 7554 8318 10436 10742 11124 12204 13611 14052 15659 16363 20713 21383 22421 24465 25728 27106 27756 32702 33074 38549 39062 42620 42797 43191 43406 53965 62375 120319 129526
267 496 1131 1237 1786 3268 3269 6596 9870 9929 10755 14995 16165 19140 19671 20336 20370 21561 24956 25055 25282 27275 28791 29480 29711 30737 32878 36073 55697 61903 62744 70521 73836 76188 95731
288 1368 2736 3741 4280 5701 6822 7263 7335 8406 8816 9935 11006 13713 15355 17383 24644 25016 26630 26834 28568 30810 34100 34314 36162 38613 40557 41581 41684 49720 58274 63698 64181 68451 107067
543 2330 3625 3659 3753 4009 4213 4869 8921 10267 10347 11388 11465 12223 13014 14078 15150 17415 20046 29553 31539 32596 35132 36923 39282 40761 46162 48813 48943 55492 56274 58682 62679 67331 119741
565 1865 1926 2488 2837 4317 4993 6023 6221 7839 8915 9564 9661 9840 13636 13749 13933 15952 18137 18837 22207 22779 26623 29672 30219 31559 32859 34124 38007 42760 49854 85135 86704 89400 190232
229 3207 3385 3632 4123 4369 5473 6564 7980 9288 9908 10242 11141 15099 15126 15709 17000 17556 18533 18650 19405 21396 24616 24870 25628 30218 35064 35331 36072 45779 49860 66909 95608 107110 169993
626 1319 3310 3999 7580 9023 12085 12228 12479 12931 13030 13814 16179 16608 17441 19764 19911 20340 20591 21884 23865 24995 26847 27032 31331 34089 41821 45313 48905 55953 57752 58140 58931 76526 119445
723 1177 1940 2236 4486 5978 6069 8249 8611 8899 10671 10772 11348 11451 11906 12075 12886 15239 15306 16319 17245 17252 21691 22261 30368 30419 35224 38109 40138 64534 65672 74854 81318 87205 163445
406 1159 1378 2798 4025 5131 5706 5868 6198 7114 9624 12276 15360 15680 16762 17812 20170 21374 23051 27885 31071 31300 35815 36460 36667 36937 38590 39657 44258 44454 51777 53846 65532 80373 135460
625 2328 2734 3252 3985 5862 6475 6515 6971 9019 10419 10547 10562 14672 16080 16455 16655 17453 18393 19342 23487 23861 26020 27686 29304 33148 45029 46620 56820 57286 65577 65824 71287 86746 112913
48 301 1467 1924 2510 3008 3844 4768 5490 5881 8131 9052 10012 10604 13465 14660 20661 23894 25145 25200 25334 25485 27023 27412 36566 37638 37998 53423 56606 58076 60285 63833 66586 98220 101297
927 1791 2731 5069 10143 11094 11285 11456 11608 12105 12541 12779 12887 13259 18106 18673 21112 21116 23609 24409 25453 28139 28337 30387 32972 34375 39382 40059 40243 45906 49391 53451 70111 95359 102299
276 2427 4242 5505 6121 7110 7298 7482 8529 11050 12786 12954 13797 15165 19172 19387 20460 26998 27714 27725 30633 30943 32266 32796 33102 33381 34259 37381 38963 43149 48194 50691 86150 96577 99481
