1000 47 32
896 2930 2952 2967 5049 11003 11565 12306 12724 14588 15008 15365 15660 17980 20090 26257 26310 26347 26479 26643 30738 32352 37915 38750 44372 56455 65404 65432 71623 72921 82810 103109
379 1283 1459 1783 3731 4311 5496 5505 5557 8190 9003 10464 11253 13291 18834 19484 22503 25761 28117 33972 35041 40439 43426 46269 50556 54815 56320 67309 80582 82672 102045 106501
749 927 1487 2404 2905 3218 5703 7774 7903 8339 10075 11523 13755 14576 14802 16428 19695 21879 23195 29776 31595 31822 34237 34783 41295 50533 55805 55925 58277 106424 132539 144742
1400 1963 1969 2435 3682 4732 6411 6668 6795 10047 11317 14135 18160 20074 22199 24678 26128 27290 27309 30555 36179 39293 40491 41290 42410 55715 57972 60972 74131 78939 89896 111680
522 1313 1828 4445 6456 6530 10830 11392 12029 13087 13280 14808 19510 20447 20832 21206 22513 32458 34093 41196 42394 42682 45023 48613 49043 50708 58321 58850 65345 65599 68151 91689
272 1442 3043 3245 3429 4622 4728 7632 7707 8284 10843 14931 16462 17521 21190 23303 27206 27577 30311 32132 33940 37430 42377 47691 48913 50890 59684 62906 65559 81142 84521 114359
1486 2094 2127 3838 8704 9158 9195 9930 13321 14027 17004 17289 18487 18537 19507 20112 27642 28212 28323 34076 38395 39682 42520 47157 49643 52912 56490 56813 66492 66594 85327 91396
1006 1142 1898 2655 5304 8583 9948 10539 11138 13660 13743 14947 15593 15799 16497 18031 22132 22940 23798 24709 25136 36028 37591 41814 45719 54918 60801 68132 80956 88091 98508 106234
190 1887 2965 3857 5203 6124 6704 10840 11424 13541 17273 17594 21704 22439 23964 24075 25546 28530 29950 30435 31130 32017 36488 36847 41800 60105 61940 69281 72937 76440 86030 86078
829 1441 1935 2880 7226 9622 10780 11886 13975 14496 14919 15005 16001 16043 19740 21175 21667 22576 30308 30647 31007 35519 37820 42400 43705 49082 51810 56162 69892 71426 74038 149509
681 1657 1822 2713 4727 6850 7024 8379 8531 9132 10226 13430 13530 15710 19423 22960 25182 26015 28229 32633 34257 39320 41819 42360 42969 46128 71015 77337 79646 82192 82572 97466
174 2825 4696 6274 7179 7587 9645 10691 11560 12328 13517 15115 16650 16935 19704 20799 25007 26601 26687 33277 36063 36381 38242 40609 41550 42336 47010 53859 54592 57361 61132 199306
1773 2881 4541 5867 6178 6656 10005 12393 12429 14383 17106 17861 18496 18596 19685 20463 23673 24259 26187 30647 33806 35461 37111 38974 54630 60012 64664 67772 68163 71860 73174 95777
406 1029 2757 3923 4292 7287 8880 10797 11079 11901 17417 19791 20506 21223 21269 21910 26799 29470 30605 31485 35900 41343 42095 42190 45453 47127 53992 58030 62772 83406 89472 90382
478 1881 2588 6832 8453 12985 13800 16237 20761 21368 21617 23354 23690 24742 25760 26774 28711 29005 31510 31633 31751 35711 36063 37642 41153 41942 43713 44675 48041 54271 55211 152436
1141 1444 1744 2005 4021 5168 5347 5768 7327 7964 13239 14823 17225 20409 21228 22647 24612 27543 27946 34117 35696 37903 38100 38253 53905 60449 70051 71336 78175 79011 81946 87394
9 174 1106 1610 2597 5033 5897 7374 11938 16086 16777 17007 20208 24533 25348 29385 31523 31705 32684 34287 40369 41847 43306 47567 49727 50558 51188 53484 59758 65814 77751 100774
1566 2212 2553 5265 9178 10063 10398 10446 11973 14967 15255 17183 17245 19583 20199 23486 27079 30998 32231 32889 37938 39390 42021 42545 42773 44230 46837 48997 67940 75122 89143 104997
1525 3472 3851 4205 5176 5883 6006 9955 11203 12255 13881 14604 15518 16989 18930 20257 23492 23769 28201 31353 32239 33158 38376 40690 43845 48880 52290 52470 60091 96587 108009 120235
903 2289 3092 3833 4704 6549 6700 7977 9129 10335 11054 12931 14237 16485 16930 17663 20114 21701 24373 26968 28545 33588 37111 44080 47692 48291 70016 72088 73871 84505 87748 129744
1719 2013 2870 3028 3057 3526 5278 5640 7258 7713 9129 10226 14684 15307 15999 16045 16084 16318 19739 22361 28462 31087 33485 34586 43051 50696 61763 66431 81429 93268 129890 143274
538 1868 3013 3688 6984 7972 8195 8220 12657 12835 13450 14815 15670 17150 17332 20079 23442 26925 28693 29780 32863 34999 43720 45626 46985 49681 52856 54267 57544 95100 95362 113658
479 1851 3759 3776 4297 4456 4637 4741 7686 8619 9771 11329 12174 12712 14470 15966 19059 19846 22812 23933 26544 40538 44538 46840 48775 53117 60556 61742 66020 100674 105836 135341
799 843 2415 2810 3191 5325 5796 6032 6309 7370 7566 11055 13565 17885 19361 21323 21779 21894 28105 28659 28924 32232 32329 37311 41241 46299 51933 65354 87427 98175 104121 138480
536 1761 4143 4808 6048 7601 8057 12177 16924 16982 17351 17532 19728 21724 23206 28797 28821 29526 30509 30610 33952 35158 40645 43455 46348 49688 52795 66351 66895 70570 75206 88906
31 1097 2808 4065 7303 8195 8609 10654 11437 12504 15967 16192 16536 22709 23203 23429 27960 28060 33539 38458 39329 39443 40242 40410 44752 51138 54974 55696 70038 78884 82613 87879
905 1356 2465 2508 4213 4919 9199 12495 12817 14489 16609 17369 17671 18210 18343 23262 23737 26667 27104 32685 42303 43346 46594 47706 50382 54407 61125 66658 67346 69243 77733 81248
46 212 976 2582 2606 3160 5016 7024 8054 8320 12354 15726 16507 19465 19750 20990 22502 23538 28985 30002 30122 30445 32813 33044 34471 51656 57255 64945 88880 95916 103406 125257
832 1155 1902 2087 2520 2719 3303 4417 6114 6369 7931 10940 13867 14405 15356 18592 19439 21156 27754 28087 31529 38859 40483 47543 58033 62927 65568 72459 76949 80343 97244 113904
2384 3453 3935 4260 5844 5917 6518 8940 9740 9881 11005 12765 13328 14088 18697 20552 21094 21314 26858 30087 31590 33654 38214 39000 49222 51384 64334 68250 69897 92926 101945 105761
445 1203 1406 4226 4241 4707 5514 7166 8549 11363 11670 13448 14549 14979 16662 17625 26713 29823 32124 33544 34449 37401 38773 46771 47335 57002 69391 75296 79126 82555 82610 84584
2164 3200 3643 4012 5709 5776 7424 7669 8004 8533 10644 10856 11792 14141 15974 16360 24676 25564 26859 26908 28028 29514 31899 35523 35874 40084 61277 72821 84730 86016 101868 149897
1153 1853 4545 4610 5392 7580 7984 8870 9043 13249 13826 15292 19483 24244 24408 24798 25361 27802 28150 31706 32450 33523 33746 37412 40255 40465 40642 51943 52830 77007 112518 144556
286 3368 5946 6261 6665 8714 9644 14047 16319 16948 18229 18513 18826 20892 21186 22580 22736 25047 26610 33713 33776 37523 46089 47938 50796 52465 54607 56064 64606 64770 83069 89214
2459 2566 4299 5337 7059 8886 9681 9906 10231 12263 12622 14612 15720 16849 18720 20074 26354 28085 36224 38927 40060 40804 40865 41042 41244 42753 43363 49202 51372 66471 97578 142204
733 1125 2986 3316 3604 6137 8295 8470 9006 9186 9636 9719 10058 12772 14646 17445 17903 19269 20777 21185 21756 22127 24785 32163 34016 46906 65356 71625 84198 114494 123911 148843
22 1683 3353 6222 6540 6583 7016 9508 9613 10084 15004 15059 16805 18465 19600 19784 20329 22881 23410 25086 28064 28719 29607 40836 44467 48520 50251 51538 58813 71910 141102 144834
1431 1836 2333 3856 4035 4888 4987 6038 9755 11667 12584 13984 14622 17577 18347 19811 25977 28153 29238 29850 31886 36149 37144 38829 44413 45574 52447 52536 55690 59323 76376 204137
414 1505 1549 1745 2051 2521 2685 6744 7484 8275 15933 18150 19087 20442 20550 21066 21277 21999 22100 24813 27023 27703 28877 29916 34273 41373 47813 71552 84090 96160 111522 154587
248 655 1192 2689 5248 5482 6220 6721 7307 7576 7969 9603 10531 10978 16490 17890 20965 30326 31344 32211 34278 36382 36991 39897 41047 46622 50268 52970 57597 68368 112334 188417
238 677 889 1541 2727 5587 5889 6923 7573 8940 10037 10555 11073 12437 13943 14549 15972 18900 21301 25745 28811 28993 36230 49358 49478 51436 63436 76121 76214 88231 109353 142434
523 2259 4572 5898 7944 9652 10744 11952 12184 12245 13085 13939 15683 17759 18865 21757 22297 23775 28047 33752 34934 35085 42396 44553 52023 58863 62267 64629 65975 66474 89235 92741
1759 1957 3844 4494 5884 7106 8366 10244 10407 11630 12852 13616 13743 16745 20048 23161 29916 30067 34553 38542 38796 41235 50471 51244 51926 54454 57590 59809 61625 67168 68338 96010
1564 3019 3385 5696 6991 7246 8472 9198 10752 15541 16605 16779 17919 18291 19448 19639 23164 25046 26505 28241 30914 35880 36647 39845 42018 45683 51515 51559 70861 74889 111153 123153
576 1168 2202 2255 5336 8313 9062 9311 11232 11773 14598 15064 15699 17542 21155 22211 23938 25314 25690 27710 28058 28592 29399 33012 36149 47249 59655 63334 77486 78374 115602 130689
1244 2099 2795 3365 3388 3690 4589 5052 9375 9420 11198 13448 15827 15990 15993 16228 16535 20326 20359 21893 29631 32660 35513 39136 46143 51239 55163 60310 82654 96687 101021 152811
150 637 869 966 1776 2382 2504 6457 11138 11580 12020 13367 13745 14663 16341 17270 17395 17413 18468 23061 24694 30855 31403 38668 39578 41931 53900 57151 71087 99148 125620 180622
