1000 25 28
353 1380 3476 3819 6033 6824 7468 9703 11035 11978 14367 14378 15147 18443 24697 25432 29310 36555 36766 39257 44743 49969 50301 53963 55040 116920 138687 149279
843 1506 2984 3856 4726 5881 6358 6855 13674 14651 16647 18932 19099 20262 21586 22667 23643 30462 34022 43089 45379 48972 55565 61022 65948 76749 137657 155635
406 1395 1874 2200 3056 4001 12146 12261 14180 14499 14894 20373 21368 25525 28247 29234 33940 34487 39881 51253 53101 54575 57031 57385 70408 76178 86977 129835
2131 2211 3562 3973 4517 4834 4847 6217 7916 8536 9068 11838 18629 18966 19650 25244 28358 28507 34625 42935 45080 46295 52669 67735 84571 127766 129765 136170
134 174 2139 3074 3783 5085 7178 7513 7880 8009 9701 9952 13587 23189 23832 28214 30942 37036 38029 45672 50535 52832 61067 82374 86096 89295 94432 146655
283 1055 1434 4253 6033 9006 9893 10584 11540 17867 21026 22501 22634 23207 23893 24119 30124 32185 32536 39754 42509 52007 67245 73371 73870 84030 101719 111158
1699 4056 4585 5346 6290 10589 13375 15340 15395 15660 17521 17757 21383 26071 29503 30281 33274 34071 34530 37755 39654 41504 49806 71118 82592 86410 100530 130031
803 2855 3988 4418 5059 8486 9576 10616 13552 14911 18092 18153 20442 22841 24352 24857 26491 40165 41342 45452 45933 46625 48698 81358 87433 87690 91206 123000
1783 2567 2780 4773 5909 6400 6578 6712 8036 10480 11870 11957 13658 14110 16540 19631 27910 32304 32439 34992 46996 57184 57687 78491 81977 110171 131418 143620
1351 1957 2221 4272 4975 8783 12110 13060 16913 19127 21303 21865 21908 22173 22509 26480 40551 43248 44675 47096 49390 55377 57789 59811 64207 72230 83582 141231
74 152 319 2163 6367 6505 6762 8093 11132 12821 17018 21693 22591 24098 29979 32229 35840 36430 40533 41588 42815 52699 57779 65247 78432 79125 94371 129994
207 370 811 1767 1869 9243 10895 11290 12226 14117 21585 22964 23715 24135 24895 31799 32064 35476 37138 38702 39321 42182 44444 58557 78405 90247 115548 129320
465 4026 5431 6279 6810 7648 9879 10260 13758 15440 16713 20406 21257 26348 29790 30368 30509 34450 38800 39070 48145 53441 56506 56879 59215 60160 96996 151467
53 2924 2937 4165 5715 9585 9826 11416 13521 13686 14535 15046 17004 21354 26077 26587 32082 36104 43755 44543 45035 47828 49326 72684 90563 96760 102358 120946
1953 2239 2388 3495 7098 13415 14449 16106 16378 16462 20373 20590 20658 21458 22706 24142 25823 27208 27450 32775 33903 37135 63448 77230 79330 90472 108439 119383
778 1558 1707 2712 2877 4731 8211 11207 12154 12224 14633 15463 18492 18545 22311 26771 28804 34474 34588 37276 41165 54530 59737 68830 92639 100845 101129 142625
143 1570 3929 5215 8190 8402 11690 12389 12588 13782 14441 16415 24942 26787 30143 33595 35124 36931 38405 39251 48394 54080 55352 59586 70043 79064 95373 129613
236 763 2212 2367 2856 6430 9883 11999 12025 14062 14589 15077 16370 19977 23747 24497 30595 31342 45788 47414 48164 51741 53945 62365 74774 75647 109616 160519
1964 3137 7280 9367 10231 14929 18211 21138 21535 21890 22132 23429 23593 26508 26858 27948 30704 36223 38629 41046 47754 48665 54776 55999 64162 65466 83261 115239
568 1852 2703 3208 3414 4272 5152 6116 10627 11838 12533 23132 24646 24748 25391 28441 30920 37480 38408 53155 57712 67274 73375 76595 79617 81707 88722 94481
568 3139 3161 4712 5071 5339 9542 10431 10894 10909 14468 15916 16703 17332 17830 19213 20020 40399 45512 51233 56145 56237 56616 67802 80902 85729 106958 148618
91 100 1358 3192 5374 5959 10845 12183 15899 18388 18882 24481 25272 27420 29231 29527 30271 38807 39091 43902 44905 55461 64580 64902 71998 74473 82405 108330
1746 2090 3273 4164 4408 6418 7995 8706 9413 11355 15678 18340 19474 28804 29350 29960 30912 31850 32997 41399 45847 58591 63735 67914 86615 89211 102836 126143
1281 2226 4191 5006 6269 10218 10580 11281 11781 12299 14051 14854 17105 18942 19304 23096 26073 32214 42405 46217 50309 53817 60164 79211 81613 92751 100112 106311
1074 2916 2957 7016 7154 14437 18867 18993 19642 20793 21519 21970 22817 23093 23710 24988 27851 29598 32900 37048 41016 41258 51926 54578 75198 85139 112274 115624
