1000 48 32
2369 3516 5768 7229 7626 7881 7956 8280 9252 11347 13875 16007 17156 18023 18044 19335 20690 25423 25901 29078 32368 33434 39833 40373 42004 42831 50833 55093 57457 71653 87102 100448
278 656 1143 1222 1652 3466 5573 9059 10553 11518 12897 14129 14980 16414 17423 18164 19617 22480 24294 34927 36660 39808 41707 43235 45458 52027 52144 62363 63558 68547 80096 91397
679 966 1167 2638 3004 5417 7674 8879 10277 11462 11806 12101 13331 14003 15389 17314 17727 18651 18872 19513 20429 23678 23881 31244 46606 56890 69912 71385 71823 72657 87606 110865
1127 1495 1523 2422 2919 4001 4489 5162 8063 8566 8616 9430 9616 9825 16628 16776 17239 21297 26519 26910 28812 29339 33955 34335 41422 49117 50316 55215 64597 79042 96991 128000
1140 1427 2113 3620 4804 5416 5677 9415 9431 9459 9544 10433 11620 12072 12589 15801 19968 21321 23344 23621 23992 26265 26370 29684 30649 44838 45965 63620 64579 71561 81168 138928
171 691 2229 2399 2549 2893 3484 4530 4542 6120 8107 8468 8654 11883 15934 17262 19597 20234 22451 22490 30367 31313 38337 38341 38833 39005 44909 46468 46861 62697 64299 146301
1622 2592 5251 6295 6832 7512 8270 8679 9131 10646 11968 14151 14199 15200 17709 18394 21723 22835 23650 23786 23880 24093 29856 31195 40675 42140 47075 51955 54421 71175 82453 139697
71 384 4432 4454 8762 10280 10770 10984 11711 14264 15404 15527 15931 17714 23063 23896 26447 27082 27942 28538 28650 29449 31039 33533 42514 43409 43758 47789 48538 52399 98227 112078
243 448 2044 4993 5427 5448 6206 6475 6506 6645 6744 7100 7818 7916 9083 10390 12710 14500 18656 18849 22913 26817 32002 34695 38217 39882 42957 52195 68291 69110 90984 147831
3058 3422 4628 5715 5859 8176 8408 8473 8930 9994 10124 10216 10664 11672 14953 15786 17021 18932 20490 21247 24900 25440 26517 26948 27080 35686 53194 57373 67805 77512 84613 118457
106 258 3860 5331 7085 7472 8396 8553 9211 9431 9877 10022 16373 18421 20975 22114 25472 25981 27869 27900 28099 30962 41694 43123 43670 44139 51025 53686 56965 66509 94133 94778
514 1105 1977 3031 3056 3725 3807 4162 4400 5077 7076 7544 8000 10958 11975 15129 15575 15593 16753 17845 17914 20581 25989 26809 36526 44238 50930 51629 64587 92281 131036 144053
1858 1872 2455 2755 6718 7394 8251 8916 10726 11111 11374 14041 15309 15323 17896 17977 18946 20160 24011 24907 28066 31816 32476 34112 38328 40729 43716 43791 46682 62329 79925 125682
596 1510 2874 4321 6167 6698 7661 8117 8955 11208 14393 14636 16870 16964 18618 18774 19504 20061 20401 28530 29550 30155 32718 33109 38106 40447 42314 47923 51627 54194 62660 104894
410 2607 2992 3417 3661 9274 10186 10803 11221 11544 12617 14079 17601 17757 18500 19849 21003 21103 24456 25751 26256 32008 34250 39997 40336 42958 43629 50624 67807 68560 71063 73052
1304 1781 1908 3313 3460 4217 5092 5186 6961 7670 9510 10819 12289 14288 17138 18806 19732 21854 23177 23644 25521 27187 32725 33064 35448 36147 38014 40988 42093 66186 83863 155697
112 1303 2941 3111 3357 4760 4784 5780 6432 7153 8324 11305 12490 12552 14019 18813 20998 23439 24239 26203 35128 38595 40439 40442 49308 49920 51985 55967 56931 58627 60264 72943
270 754 1628 3674 4987 7429 11791 12601 12648 13561 16639 16746 18261 18673 19225 20582 21996 22440 25799 26222 29364 30389 30949 33336 40292 40725 46412 46915 48845 50431 53836 79818
2197 3569 4331 4642 6117 6925 7061 8284 8435 8952 10653 10844 11865 14675 15630 15807 17759 18696 20535 29480 30562 31002 31348 33995 38325 38722 41041 50291 54173 79353 107141 132928
338 521 1487 1644 3082 4359 5758 10214 10522 10568 10715 17757 19121 19292 20967 21513 21532 24793 26509 26923 30313 30393 34544 37957 43312 44898 45820 49587 62131 74373 76017 80785
550 1554 2150 2332 4443 5708 6719 7151 8216 8498 9184 12179 13186 13335 13416 15272 15933 19575 22944 24018 25030 25643 31789 37727 46768 48476 52416 54467 56309 64567 78256 128830
2242 2641 2645 3756 4710 5827 8255 8907 9695 10099 12120 12754 13320 13556 13874 19355 20060 27890 30784 30806 31890 33827 34377 37242 38967 40627 52431 54688 56567 61158 70044 71011
253 609 958 1097 3271 3782 4850 5088 5737 8120 10351 15796 17670 19096 20290 20487 20580 21675 24766 28799 32166 33592 36522 37695 46288 47954 56013 59260 61381 67853 73782 86291
1791 3153 3468 3819 3850 4021 4563 5255 5387 5711 7075 7077 10076 11372 15533 15912 16132 17001 19796 23018 25769 27055 28224 30171 35778 42256 47875 51730 52673 53224 83378 198492
163 510 1479 2456 2754 3398 3778 3808 3972 5552 6083 7988 8533 8972 13630 14614 17804 22361 26785 27582 29259 30725 41274 41423 43241 54160 55718 59135 62147 73177 81945 148605
219 349 1953 2380 2647 2685 3253 3653 3888 4225 6698 13424 14276 16391 17989 18556 19641 19759 24751 30558 31110 31274 34140 34817 37934 40440 48191 58627 67260 68892 80316 91843
568 2301 2470 4477 4877 4936 5531 8435 11053 12533 12557 12686 13581 14150 14190 16184 18528 21536 22232 25793 27011 27427 28194 30981 31565 38366 45712 46356 60763 65582 74052 117597
33 187 202 989 1471 2331 3244 3345 4165 5938 5972 7389 7436 13131 13806 14854 15658 16674 16851 20257 27024 34891 38537 39230 41649 48430 53837 58512 59441 68900 76105 109273
666 1486 2153 2580 6925 7006 7177 9532 9542 11388 12081 12259 12936 15491 15742 16708 16800 17015 20724 21217 25840 30367 36094 36563 39899 47314 51405 52768 56779 58119 64924 105734
196 1569 2966 3954 4214 4525 4550 5185 6356 6534 6610 8768 9008 11570 12188 12240 17096 17147 18980 28956 29495 29714 32964 36915 39398 45815 46624 55125 56655 68453 82100 109974
478 938 1039 1678 1854 2643 3578 4136 4637 7144 10239 13245 17293 18602 20547 22246 22510 24383 25461 25796 26456 26784 27979 29547 32632 36601 42937 50499 64343 85274 95840 112190
824 1292 1892 2883 3079 3957 4306 5839 7175 7730 9636 10751 13180 14912 18816 19375 26152 26367 27972 28321 29452 30023 32732 37269 37539 41788 50130 54093 63609 73404 85988 134351
69 221 1298 1655 2179 2223 3563 3794 3895 7984 8104 8263 8648 8960 11010 13559 13603 16640 19166 32408 36354 37511 39077 39610 42224 43591 45148 68302 76967 93344 101419 119691
258 1749 3251 3648 3782 4299 7118 7908 10220 10912 11004 11748 13083 13804 16377 20040 20978 22986 23149 24033 26709 27497 33072 33461 41211 43039 51146 51499 55276 56381 82916 119703
26 751 978 1170 1570 1730 2411 2501 2801 3892 3994 4126 4461 5632 6679 13190 13662 14810 20443 22082 22141 27561 27932 29062 31431 41262 54633 55849 64457 69765 134833 180024
1049 2623 2714 3768 4358 5937 7067 9049 9797 12317 13864 16078 16979 20481 21600 22004 22980 23756 25853 26714 31965 34828 35715 37663 38459 41764 49315 62096 62519 66700 86823 100719
720 881 1562 2711 3008 5607 10996 11246 12104 12231 12910 13810 14063 18899 20956 21570 23002 26453 26959 28846 30864 31963 32563 34187 37681 40867 43975 50612 51807 52829 55008 95541
1161 1785 1868 3877 4307 4688 5921 6788 7015 8438 10378 12388 12697 13538 17581 19524 23476 24694 25391 29423 34692 39495 43402 43499 44399 48188 48648 59081 59354 61270 68554 87017
142 1691 2087 3900 3911 5629 7457 8771 9495 10354 10887 11587 12215 13605 15734 17846 24053 25105 25329 25391 26153 27242 30716 30819 35661 37762 51941 53554 66769 77701 82833 96376
61 1535 1884 5271 6063 6449 6571 7289 7921 8410 12554 12878 13078 13294 14411 14992 15649 18475 19572 19676 21120 22177 23178 27809 34516 35327 45468 47947 58255 59199 64482 269432
2386 2996 3532 4032 5053 7102 7349 8479 8513 9082 10358 12062 12218 13493 16079 19712 21428 24385 29720 31184 32654 34003 39284 40184 40626 48342 49997 57296 65364 66158 71642 96944
753 1763 5140 6038 6906 7640 7942 9374 10384 12751 14653 14758 16245 16388 17936 20722 21536 22822 25255 28867 29009 32542 34586 41103 44533 51916 59700 62381 71573 71966 75620 80022
776 1396 1930 3010 4120 4384 4690 4834 5782 6168 7201 7209 7833 9981 11416 11538 13743 19714 23801 29886 31601 32568 36721 38455 46110 47009 55552 56343 64937 66524 66897 88175
1115 1596 2292 2521 3151 3995 4610 5117 5119 10116 11617 12897 15147 15153 18376 20960 22337 23216 25389 35410 38155 39905 41697 44510 46356 51830 52727 55282 56969 67942 75672 103659
273 460 1585 2331 2438 4361 7371 10070 11914 12017 12939 13381 13508 14011 14366 15080 15889 16534 17615 22931 23606 24711 27498 30757 36503 36876 42639 63973 65898 67761 76159 121404
695 1432 4393 4721 5810 8663 9172 9694 10909 11792 11936 13273 14195 14492 16280 18153 18428 20332 20688 25067 26144 27818 29436 31218 31659 32978 39063 52801 64228 64375 75204 138959
827 2279 5753 6527 6653 7867 8063 11552 11705 12215 12703 12938 13157 13706 13895 15977 16448 16560 22945 23921 27244 31437 38687 39070 42089 43022 50788 52837 62088 68461 72823 97170
533 574 1709 3241 3547 4346 4782 7153 7214 9865 14395 14841 14881 17338 18626 20827 21393 24795 28063 30494 31302 33160 36249 37061 42252 43588 43727 43940 51367 59629 71645 124552
