1000 46 16
643 773 4331 5772 14808 25984 28810 45421 51158 57679 69065 70782 78496 121126 127547 146518
469 4512 6668 11231 17184 17439 28876 35106 39979 43554 48823 79902 89004 94728 126734 179436
1002 4176 4971 14203 19405 35484 42301 42904 44346 47618 50631 74274 77843 78492 100671 175631
634 3586 3756 10184 13690 16740 18559 20236 24725 24937 34058 90089 91346 104063 127156 162916
544 705 4928 6327 12124 14632 14890 20821 60640 75801 77178 96764 97627 109382 129486 154005
4225 9605 11872 15343 15877 18481 18963 36705 38245 43479 45904 50574 69244 76109 94842 120443
1025 3027 4716 11949 16291 31119 31598 36543 37158 51531 51825 54633 58629 72504 112260 158595
397 953 6191 6755 10234 20757 24891 33971 47595 55045 68963 70194 82490 102020 125741 144908
643 3455 10851 11984 18510 26615 26806 29308 31909 43490 53666 83190 91246 94791 122872 124256
3660 8532 12169 21043 25651 26022 27697 28987 31732 40927 46157 87368 102875 127777 131585 137484
1486 2522 4199 4978 6312 17476 32763 34383 56505 57287 59682 72357 77374 81040 166760 188750
3529 5320 9177 10607 12079 17430 19082 21133 25506 46845 56698 57893 83008 86897 125343 159577
465 8862 8970 22953 37348 42765 45676 53283 56422 57253 60101 67993 68110 72119 83562 188001
4161 5488 5724 5756 9651 12078 13992 15797 28648 33559 34539 67079 107128 108679 156221 164471
6807 14612 14743 16194 18171 18421 20129 20951 29026 32734 37863 60236 68801 74246 77011 219876
1738 1873 10777 12500 12969 14098 15186 15315 22340 28020 29662 46418 50494 128371 133433 162339
6263 7477 9330 13489 14763 17420 18119 31700 46547 56478 56677 58300 63272 64089 140865 280305
2158 2592 4258 4786 4903 16663 21637 23884 40035 43355 54620 63598 73070 103610 103948 173064
4508 6213 8523 10255 12137 20441 21520 21792 21992 27925 31051 74174 89264 95095 104829 178068
1519 3203 9845 10110 20656 30613 31206 37048 37261 51881 53364 58357 86104 93820 103365 118140
4020 4690 6516 8105 8731 10993 11259 18236 21315 44155 68079 71254 87581 90403 119116 202532
2743 6421 7530 22003 23082 24617 25776 28185 29184 38669 47610 61700 70917 84385 97359 171865
587 802 9625 11964 19968 26320 29059 51951 59760 61379 69529 77945 85203 91129 100822 147486
3606 15481 17775 19498 22513 23406 23999 26638 26662 30476 31440 39657 53488 66401 96756 174802
475 7866 11119 18524 21558 27988 39017 45042 46981 59670 60844 69281 101285 104466 129195 134003
350 7565 30274 31168 32327 32354 37406 38349 43980 45248 52874 61732 92308 100579 127433 133216
457 1089 2837 5249 9467 23794 25603 29611 31725 42054 65795 74245 81029 115085 119469 238035
2603 4597 12079 13190 13763 25720 29428 29765 30345 31662 41048 44110 47986 62969 118069 161257
13447 14273 16630 18548 19394 19397 20083 25151 28606 40823 41338 62773 70034 78002 91806 241937
1163 6930 10118 11779 21542 23596 33158 41475 48326 50962 51668 57993 67402 88019 141023 176181
1993 12458 23519 27986 28453 31228 31404 32901 34537 36753 48623 55742 59120 86147 93790 151019
1655 2493 2965 4068 8458 9385 13196 13919 23154 31488 43336 59360 65305 131443 173073 202157
145 2873 10644 18259 19698 23639 34841 35070 38480 55405 60647 64620 71665 101280 117747 223527
4223 4350 6654 6926 18746 25389 34061 37569 53928 60796 60982 84227 96727 100057 120693 144005
2419 9104 10269 12447 21504 27884 30179 34021 34546 39616 55457 58591 78923 93513 95177 111895
489 5057 15259 17133 17150 17918 20508 23929 35274 48334 59072 75786 78244 82487 113429 154348
1391 2583 7672 10422 16856 19696 23665 50645 53563 54990 63339 66720 83088 96038 125942 151585
2292 12006 12507 15158 16985 19563 28819 33358 34859 36527 48597 55964 83249 95151 96771 109733
9530 12571 14295 17058 23780 24426 24894 28885 31371 32918 46808 56601 90322 144816 155313 168434
10864 11405 13294 14372 18338 20010 23839 24923 28645 31307 58075 64848 76030 94622 153904 243701
6591 8289 10557 21452 22068 22154 35274 40267 49004 51766 64827 73912 103402 109409 109970 145883
189 5553 17540 20480 22732 37692 40868 41045 41279 44418 44470 53608 69939 75997 141525 155979
1843 3123 8914 14649 15271 17723 18939 21635 22398 30798 49431 81486 92578 122935 150044 223615
489 4045 13377 14658 15141 26525 26597 28635 38502 41917 62161 77801 81961 86553 95585 116441
661 3171 6377 15526 17047 18401 25790 27424 43242 50777 51972 54222 69729 91342 93795 112693
3701 4070 6485 7004 13915 19721 27827 28136 29570 35298 37338 62237 85620 92018 157663 238063
