1000 44 6
3099 38592 103265 112947 143186 404374
14989 42743 48610 187769 238547 349432
17833 43197 53047 95710 339046 359720
23219 43499 57876 137361 225159 386519
54446 61129 69157 75032 250102 275666
3602 23127 86350 107682 184472 428084
57684 101026 104032 109874 118769 326112
94152 95058 99920 133986 166901 316635
32061 72873 100942 170348 256591 262051
26048 36076 54467 136789 170249 363664
7323 105422 107596 142195 167347 298005
101631 107432 109949 116163 176940 272558
12588 81856 86581 99083 213906 360183
29010 40977 58859 154270 248475 275999
20922 61232 115920 163633 207018 344107
2561 23733 37067 188017 240378 284759
13774 31322 85823 121003 202947 360174
1471 46679 113932 119899 245431 291856
65214 88507 97839 163131 208440 237159
24540 49197 77513 94951 246411 357239
2942 43501 60468 110648 173421 400743
60347 88117 138816 143709 215119 224782
16990 23786 167005 192119 220484 276392
20947 49631 124429 158561 170223 296054
24813 63693 110356 160935 172351 334757
22257 40524 124518 172481 216788 239353
58334 66944 74434 142532 142626 336511
24802 27904 43913 68420 295106 341135
40577 46900 90627 151561 165185 337528
19695 59886 148778 158334 177200 258021
31193 87226 121928 123389 222325 247979
10014 22006 69676 105548 111978 494809
72481 86123 107601 154437 155110 338451
50584 56979 60023 116856 157716 385016
37088 61619 80292 108819 216503 299198
27739 93937 97124 191325 195524 217220
19823 41401 41913 194712 250985 288163
47896 77010 91571 120641 121276 311176
36292 85054 104006 168386 176245 183572
36903 58149 65869 164332 241201 259031
15888 16717 34168 38909 364798 367659
6255 23387 121021 182250 187632 321222
6891 9720 30772 201849 309702 317237
16184 62428 96285 110235 252970 268789
