1000 29 12
6398 12258 21392 22056 27620 31231 58112 64907 95644 111997 113974 173461
3648 4808 9717 23515 48119 59351 70417 89756 96116 106048 114264 169462
3685 16524 20697 22317 28963 40253 45592 56950 77142 87780 209480 279613
4024 8937 9351 15873 18883 23027 29297 66511 107217 145940 150820 163861
8723 9436 20187 20475 46572 53700 63310 69853 92704 125832 146592 157216
11870 17201 19741 24093 28419 55596 59420 63984 71266 94093 141360 291056
706 6846 18724 20723 29751 38293 43497 52728 87855 102919 149025 179359
9238 9739 14607 26122 32153 53787 58707 58939 97272 97411 152638 179247
8419 8780 18799 32770 36976 42875 43597 63658 66109 112761 137120 310522
1820 14927 26463 31682 31740 41026 44712 60891 72665 127197 154056 171780
1711 1919 2569 17682 29392 59336 79336 110291 110302 120371 175759 195249
10675 23797 32173 34485 40928 54712 66026 68484 87478 112137 115397 134465
12233 12350 16358 62697 82271 84667 88870 98641 101696 104519 107089 112746
10693 16514 27106 31374 41233 47214 76007 100524 102403 106173 130980 211290
3575 10574 18148 19006 25839 32622 43145 114839 125418 140417 164086 181656
7838 11462 35208 35989 37805 39502 65430 66201 81386 120855 157819 176675
14968 16982 18549 19382 32142 39801 59114 71824 71997 74458 84934 251514
2982 7121 21576 34696 38447 39344 51344 68086 85097 99886 160257 207595
10818 11049 16515 29133 40309 46239 52160 73673 98571 141512 167619 193062
1069 2737 10272 13904 23613 39978 48804 54380 76571 121300 156268 303640
9944 13297 13564 15153 34303 46912 47346 57758 80409 121212 217769 237246
25017 25246 36662 43598 46584 50291 53474 55852 58481 66708 115848 154678
4034 22752 31148 37074 40740 69197 76163 82562 92536 120332 132577 136530
4085 4817 9545 9712 14359 16410 39930 47385 105497 127372 173200 193182
2966 4978 6189 7045 34555 39899 56830 68894 74824 134312 134951 259044
2639 5987 20796 21108 35828 37817 57839 80526 98074 112608 119246 144730
71 8561 15032 17068 25684 27281 27891 87402 93411 95014 122090 278770
10188 14004 20166 28900 40922 42684 43780 63843 97011 103288 180372 233783
6952 15113 18095 22361 27835 29921 41508 51875 55714 81018 154926 223168
