1000 44 33
949 2024 2863 3033 3600 4435 5016 6504 7874 9631 10096 11406 12662 15801 16557 17304 17494 17884 17979 18502 18996 25101 25394 30380 33608 43601 48156 55740 60318 65960 66466 68521 111833
282 1075 4077 4324 4355 5192 5585 6858 7120 7158 7368 7398 9205 10715 15947 16757 22629 23571 26180 26890 27873 29767 30243 31712 32077 33966 38072 39472 42350 58469 75670 77889 95246
596 821 1071 1176 2002 4818 5516 7577 9679 10317 11503 12611 13446 13544 13727 14692 15692 17034 18891 22834 23057 23640 24154 28924 29200 34421 43484 51910 52768 55314 90543 114488 120900
2125 2147 2642 2917 3488 3533 4839 7656 7860 8864 10300 11888 12459 12771 13039 13931 14010 14235 16602 17489 19573 23574 24211 24995 28851 30991 32673 34142 68459 72626 74302 119283 147654
603 1719 2208 2288 3886 4933 5566 6503 8961 9611 10329 12428 13345 13516 15027 15065 15221 15691 18042 24475 27532 30952 34529 35550 39773 41071 41589 41685 47490 48298 52946 68175 92988
888 1083 1924 3964 5244 5478 5561 5562 6797 7174 7499 8450 10379 13275 14559 15746 16616 17291 18581 18617 18957 20881 27047 30976 32071 32668 36389 51020 58706 69310 70374 71863 123555
119 561 1961 2497 3234 4344 4389 5682 7236 9540 9551 11483 11778 12301 13918 14483 19694 20182 20614 22728 24341 25502 26916 27080 31263 32293 32880 33392 53739 68244 70268 84754 165456
1428 4188 4415 5022 6234 7462 7545 9393 11609 11777 13907 14977 16466 16809 18817 19336 20149 20349 23847 24875 28289 34515 38039 38262 42470 43995 44220 47019 48815 54425 54535 56272 64950
1064 1082 1408 1593 2915 5439 8424 9035 9716 10363 12422 12901 12936 13532 13941 14732 15043 15583 16669 20616 22560 23274 28192 28303 33636 38958 39139 43552 51751 51972 52699 56739 118113
1697 2031 2050 2091 2972 3664 6178 6321 7253 8087 8966 9043 10801 11491 12555 12894 14130 14139 15615 18696 19310 23096 31193 32822 43503 43722 47312 50572 61059 70049 89093 92494 94309
171 1634 2074 2767 3072 3279 3895 3914 4166 4247 5169 5269 6435 7831 7960 8449 11548 12781 18237 21632 22906 25451 26065 29037 30024 34402 34603 35808 39864 42122 59867 72606 192851
1641 1775 1810 2217 4803 5125 7510 7753 8546 9383 11199 13624 15513 20858 21523 22185 23473 23833 25993 27909 29140 29701 34594 35186 35544 37176 41385 42663 45996 62800 66843 71027 122149
71 1123 5654 6227 6487 7016 7092 7219 7292 7956 8241 8519 8660 9316 9944 11323 16608 19232 22581 26497 26958 28335 29686 29688 35333 43622 44335 44339 46987 47728 63878 78303 93529
504 1205 2208 3032 5552 5972 6863 7035 9712 10048 10764 11291 11423 12847 13656 14230 15334 18445 19152 27068 30750 31921 32128 34377 34778 37669 41232 43188 45727 51489 56486 59200 59488
245 399 1445 1765 2763 3147 5470 5481 6642 7679 8008 8164 12004 13018 13608 15483 17193 17413 17457 19515 22295 26026 26261 28744 29943 34598 42402 46558 54579 58557 67182 90920 95095
1102 1250 1563 3035 5659 6648 8214 9483 12340 12647 12769 15139 15849 15966 16084 16151 16308 17154 17479 17491 17711 18633 20984 22206 26935 32149 35770 45674 52850 53848 57534 61737 86003
153 414 2041 2563 7246 9263 10570 10647 13045 13120 14424 14712 17983 18394 18402 19981 20374 22325 22471 22800 24295 24820 28239 28386 29497 36074 38226 39900 43771 52109 70336 72219 86849
266 2431 4727 5532 5578 5748 5804 7576 7590 8768 9244 10223 10771 11462 12440 13368 13648 16044 17053 22814 26594 27783 33430 36494 37643 38092 43129 44148 46112 66132 81021 100253 144070
315 951 2679 4317 5492 5613 6955 7084 8441 8829 10798 11113 13661 13793 15920 17995 18244 18910 23196 24157 24949 26413 31206 31827 35064 36211 36302 40129 48425 59265 74240 107126 111163
502 1234 2625 3614 4766 4964 5467 6065 6484 7180 9338 10446 11925 12353 13492 19507 23125 23420 25318 27460 27974 28296 30225 35442 39050 39649 40330 51114 63246 73199 74017 80077 85906
151 841 2127 3910 4477 4901 6048 7555 8605 10031 13229 13236 13517 15576 16065 17515 21587 21960 22791 23001 23269 24816 27118 30462 32794 41790 41926 47904 53404 56300 56342 61928 89141
772 2544 3044 3150 3228 5014 5979 7573 9687 10474 10625 11887 13720 13976 14494 14864 15488 15857 16559 16624 19260 22195 28906 31094 37180 37702 42735 45343 50629 50910 62589 83866 101139
911 2818 3566 4503 5585 6611 7026 8262 9103 9217 11049 13731 13927 15505 16565 17035 17753 18871 20959 22893 25579 28069 31759 34182 34588 34890 36016 41030 42706 50458 56621 64535 76690
838 1915 2734 5971 7233 9887 12418 12800 13422 14878 15763 17159 18332 25119 25215 25416 25721 26614 27162 27405 27689 31125 31354 36207 37723 38687 41539 44737 44926 46285 51816 63200 77575
1225 1255 3963 4077 7016 7551 10952 12736 13739 14666 15013 15534 18094 18963 19344 20501 22662 23075 26926 27166 30349 33993 35072 35699 38319 39695 40984 42236 44978 47594 74442 74579 74720
720 727 956 1435 2172 2591 5305 6144 6333 7429 7646 11428 12316 12506 13958 17810 19099 20205 23155 23721 26992 32499 33816 34880 36177 36189 37396 39743 40039 50760 51694 59656 73309
54 2187 2388 2488 3104 3132 3689 4873 5101 5157 5790 7121 11926 12258 13934 19387 20543 22178 28024 29182 30770 31235 31737 34041 43618 46262 48147 49247 52623 67282 81669 86500 88324
1351 2085 2221 2394 2770 5265 5425 7351 7538 7877 8456 9046 11624 11892 12141 12773 13618 15413 16099 17096 17154 22368 30617 32799 37282 38762 40675 56602 65219 72453 81140 99075 130767
704 974 1862 2235 3496 4079 4624 5534 6004 6308 6548 8417 9647 10820 11597 12420 13502 13728 17103 25682 27339 33195 35397 35935 36768 37448 37466 38299 40145 56796 61037 74952 88374
390 766 1436 5050 5952 6691 7047 7279 7425 9306 9312 9452 9483 13224 15719 17050 17076 18111 23344 26085 26200 27092 30017 32807 34858 36631 38986 42119 53246 60249 72569 87763 120479
1061 1272 1356 1750 1902 1910 2110 3660 6394 6608 6718 7223 8868 10733 12092 14632 18349 18411 19150 19383 23378 25389 29145 33884 43790 44265 62301 68750 69953 71233 79109 93009 100613
1284 1563 2869 3574 4747 4976 6603 8600 14392 14611 14847 15092 18653 19958 20569 22163 23452 25293 25315 27685 28055 28645 28676 29191 29969 30354 30892 35775 41969 66582 77096 78582 92168
339 2589 2662 3263 5822 6756 9056 9112 11725 13342 13885 15193 15326 15878 19016 19517 20852 21659 22281 23647 24393 25008 31963 32522 33696 38578 39190 43200 50592 52009 57231 104065 110325
265 2137 3452 3518 3738 3831 5706 7874 8518 10611 11364 11920 12467 12474 12637 13766 16296 17096 17392 17718 20682 23868 26159 29128 29212 31842 35749 35949 41601 55573 66014 89566 94300
35 134 2069 2689 2774 3268 6682 7406 7791 9047 11536 11828 12304 13013 13868 15808 18435 18743 19237 20280 21848 23999 27871 28384 30542 34297 35319 36726 37911 60005 68131 79196 147539
462 2584 2829 3300 3384 3496 5224 5916 6795 7082 7977 8572 11012 11506 12157 14227 14861 15196 15994 16021 16122 17720 22354 23000 28218 41143 42877 46799 48844 60933 74673 88994 89619
568 901 1869 3492 3539 4630 4762 6567 7944 8623 11426 12277 12562 12799 14414 14965 15456 17547 17810 17866 19373 20102 20557 24899 28509 28687 32012 43903 46781 49057 62251 74292 124397
28 900 1917 2114 2429 2477 3613 4068 4342 4396 4449 4993 6082 6460 7700 10690 10941 12257 12854 16317 21029 21067 24698 25873 27907 32136 41583 42627 43090 53230 105906 116054 116961
7 492 756 1244 7189 8463 8479 8860 9294 10176 11064 12897 14026 14566 15547 16817 17391 19277 19510 20975 22974 24314 24476 26193 26316 31738 37079 47530 51650 52261 63124 76339 93145
1466 2086 2934 4042 5663 5676 5772 6478 8324 8510 9377 12080 13694 13759 14641 14684 15651 16620 20398 24963 26950 27517 28281 31966 34135 41134 43268 44940 56087 60225 62244 80316 116756
110 996 1158 2625 4514 5042 10219 10353 11256 11465 11590 11833 12557 13891 15219 15438 18572 19640 20595 22201 22253 23042 26015 31697 38114 40677 46055 49590 52747 53042 53806 104422 104527
611 3807 3821 4276 5128 5218 6263 6993 8757 9061 9799 11619 12625 13455 14608 15464 15513 18758 19181 19620 21159 24261 31108 33393 34129 36562 41527 45221 46338 49295 58011 84998 108585
1407 2217 2616 3031 3050 3095 3792 4977 5389 8012 11635 12546 13453 13593 15057 20464 21777 22316 22849 23450 26762 31779 32915 35682 47133 49255 50599 51761 55687 66700 67648 68619 81659
408 871 2014 2180 7419 7528 8423 8450 8473 9606 9765 11157 11320 11597 14282 14773 15035 16304 16788 17244 23901 24798 26519 26798 31964 33893 36340 38775 46009 49247 70666 90122 146193
