1000 14 41
149 622 1206 1949 2090 3714 3766 3816 4880 4883 7635 8489 9750 10055 10880 12777 12791 15800 16130 17283 17352 17471 18690 19754 21152 24354 27647 34746 35001 37144 38049 38082 38691 41106 47069 47086 47503 50887 65553 86282 88450
209 267 435 1731 2527 4104 4283 4297 7173 8165 8591 12554 13223 13523 15140 15347 18269 18749 19547 21032 21582 22323 23032 23277 25696 29747 31005 31160 31264 31980 32225 33277 34256 34895 37010 37845 44299 55367 64019 64471 78241
430 1269 2362 3329 3345 3999 4041 5541 6939 7183 7333 7596 8063 10213 11786 12323 14197 14419 16108 17182 21716 21839 22235 22358 24076 26023 28903 31228 32017 33020 34785 36467 39080 42817 45324 46329 51594 54613 55354 57137 94578
291 565 716 794 1445 1492 3901 4742 6865 9724 14338 16580 17353 17406 18861 18909 19368 19540 20163 21310 22428 22571 23214 23963 27185 28028 29938 31537 32731 32791 34095 34508 34878 36979 37496 39411 41702 53784 57520 57612 67319
792 1267 1537 1859 2970 2979 3047 3199 3399 5642 7243 7923 8017 9141 9488 9588 11373 12555 17497 18833 19455 20159 21009 23080 24622 29242 33151 33461 33561 35553 35957 36399 36670 37599 42386 44361 47240 55542 62678 81392 95166
1258 1625 2089 2816 4257 5213 5395 5904 6381 7051 9162 9300 9914 9980 10750 11067 14166 14584 15332 15892 16852 17014 20925 21408 22349 23093 24426 25366 26959 28503 29186 29427 38739 42008 47198 55042 57896 67456 72905 74795 77677
552 2156 3031 3168 4985 5133 5960 5985 6195 6727 7277 7574 10466 10813 13764 15247 15334 16407 18313 18482 19413 20194 20408 20895 22873 24238 27060 27579 29122 32152 32571 34688 35151 35191 36769 39519 43271 44928 52322 87280 113746
491 1203 1254 1635 1864 4018 4061 4672 4725 4838 5047 5274 7815 9061 9163 9781 10515 10642 11555 11764 11986 12858 15164 15365 15517 16324 16941 16980 18942 24706 26727 27150 31998 37753 40437 45229 47601 51516 74690 90257 225013
36 1256 1334 1569 1802 2200 2996 3652 3803 5151 5998 6302 6427 7839 8518 9484 10317 11195 11915 16138 17737 19568 21232 21972 22635 23346 25183 25252 25464 27305 27693 27719 31699 37842 39587 40595 45710 50847 85231 93705 148906
222 673 2417 2709 3148 3462 3467 3524 3708 6570 7171 7410 9203 10474 10700 10752 13333 14530 14947 15187 15758 16623 20106 22219 22373 24989 26073 27378 29126 29574 29729 32181 33769 41383 49794 57361 64943 65325 70988 71486 83019
108 159 1553 2748 3014 5112 6206 6333 6422 6783 7896 8156 8259 9087 9831 11531 13576 13826 14456 17272 17580 19590 20876 22251 23187 24539 25491 26857 27573 30653 40076 41525 42487 44014 48610 49114 52469 52839 63140 77933 85487
888 1683 2288 2922 3441 3494 4067 4782 5898 6089 7525 9657 10105 10393 10920 11019 12096 12165 12800 15840 17044 18781 18880 21005 24316 28003 30559 31670 32936 33199 33449 34664 37624 38479 40510 46005 51924 67117 68168 70549 90288
393 1069 1315 2565 3238 4801 4907 4979 6075 6188 7951 8158 8863 9830 12398 14471 14515 14865 14878 16036 16643 18712 19540 21293 21873 22424 25004 25681 26395 27613 28584 31149 31457 31510 35696 47918 51915 66167 81692 84728 101864
45 1001 1789 2084 2234 2667 3180 3252 3442 3730 4139 4834 4900 5856 6328 7162 8723 10671 12025 15918 16337 17221 19677 19822 20035 21323 23325 23962 29760 30022 32653 35825 38264 42221 56014 59739 60601 65497 68074 97034 106444
