1000 19 25
4011 6336 6860 10581 11633 12585 16529 16922 22138 24610 24819 27587 29860 34791 37076 40269 41491 50577 51976 58353 60587 67708 71204 123740 142955
258 3092 3758 7169 9986 12729 14606 15933 20572 24122 25457 32924 36466 42137 44009 45137 47244 53010 54613 57253 75335 78894 86793 98984 101227
317 3482 7902 9942 12162 14461 16135 16539 17394 20642 21883 27123 31682 32253 35736 39068 42415 54832 57368 59225 65330 76907 86720 99175 143690
321 3775 5226 5876 8209 8727 11367 14664 17922 20695 22292 22680 24441 27543 33011 39006 47859 48897 52768 67237 80250 85179 89724 90335 163763
2821 2904 10133 11145 13816 14217 14592 15006 16265 16592 21332 21760 24838 25925 29775 30972 32985 40551 55123 69300 75532 85002 85825 135009 142506
163 1396 4448 4634 8692 9262 10791 13589 14634 16311 20359 24080 25043 26188 28350 34140 39521 64639 67144 74466 74707 75322 78850 79512 195101
4307 5422 5485 5838 13039 14346 15581 19182 20471 21630 23206 24317 27127 27420 31368 33099 37642 44564 53979 55555 58215 60263 77888 83919 230075
1872 2061 3071 6945 7280 8236 13580 15168 16452 20376 26831 26971 27793 28085 30225 34260 47590 50152 51012 56314 57659 88939 90371 96745 187367
3243 5565 9709 11438 13401 13777 13927 18334 18966 21302 21691 32715 33516 36189 40599 45224 46475 47075 48719 50794 52723 52880 77645 131867 147426
2271 4674 6153 6683 8524 8646 8849 9214 9445 10541 13732 22618 26614 26847 28645 33336 35912 38495 44055 48032 71911 80606 102023 123395 218776
891 2739 6989 8349 9251 9292 14107 17786 20116 21071 29004 30161 30891 36562 37413 39165 49268 50295 58355 61656 65571 67178 80796 123549 125036
2886 4436 5582 5681 7082 9766 15578 17075 17219 30822 32659 35394 36471 38813 40700 40737 40813 52295 59617 66462 76900 77246 81040 91766 102716
277 1317 5481 7743 10438 10956 11194 11284 13774 24195 24752 29438 31773 35417 37165 37206 41064 47225 48279 49645 50979 56492 91416 105924 210541
229 4747 6504 7773 10011 10849 11065 12132 14215 26334 31389 31713 37698 45784 50701 51198 53053 58653 59611 61129 61765 80739 83454 86437 97360
780 1349 1924 2006 2983 8086 8990 12187 16610 22801 23249 26060 26533 27252 32091 35016 37236 38895 40533 45235 84254 95860 101539 133955 168693
1073 3510 4166 7371 8407 10948 14385 14870 16376 17186 17303 26433 30300 37663 42150 42275 44250 46693 47513 57989 58944 59196 80452 83886 219372
363 1943 2203 4627 5656 7061 7211 11578 11799 13004 14840 25080 25969 27609 34959 37810 45727 47168 61854 65004 72127 78336 105358 123372 160467
503 583 1863 2970 3963 6691 7420 8655 15586 19017 19445 21762 25756 28283 29024 32103 34776 47200 49097 54301 69504 82299 103933 140203 186237
1228 1463 1815 2045 2744 4893 5004 9481 12701 13426 18465 19304 27011 30769 32451 33956 42152 47259 62655 70418 73601 85079 100788 135662 158591
