1000 24 9
3822 6286 36248 43908 113507 148694 161356 164721 175821
6880 8801 48709 52432 120714 140032 146479 164603 178065
17501 26448 49779 57134 74438 77228 94121 106948 435453
11807 13625 13792 52212 61165 61185 166014 217655 333224
10979 16832 40065 48178 88832 141045 169081 191809 230542
7135 7190 9035 14593 15372 91665 203224 212042 296768
3991 24942 27940 40772 50302 101496 155881 159258 340644
5581 57300 73152 89377 90961 97579 112571 187716 222133
8286 12592 20460 20739 86528 86715 144793 251748 267565
2953 16602 27677 28421 33006 63482 88710 225437 371666
11473 13862 35158 40330 71526 101012 151731 178026 242240
2354 10391 39478 84094 86375 101696 151590 191450 214134
3458 22879 79912 87630 103563 105897 114703 151226 198064
960 15822 36924 69649 79693 81768 102736 125183 397606
6262 25932 28245 46483 52844 82960 151893 266320 267207
7304 11783 14215 42288 61461 75209 171740 235769 266345
9562 18880 39236 53252 54769 101606 101987 136460 409849
605 43562 43687 73817 79657 89308 94981 198126 276630
3469 9364 25065 28010 73892 79378 99934 105591 491880
8624 22420 54991 79970 98708 106535 150262 153067 194427
20130 33662 41606 43656 59537 60149 110148 180278 385258
1261 33931 40564 78962 88992 103601 107587 189588 266872
14521 39832 49527 65161 69092 74975 103533 211244 270423
10800 23059 47277 60832 62423 69815 185076 217823 269202
