1000 44 26
229 890 5088 7493 13428 13610 14288 14658 16904 17366 21227 26424 27319 28850 35252 37278 37317 39703 50897 57374 63340 65495 70427 71119 117334 136483
3132 4861 5324 6275 6475 8202 9026 10072 18085 18830 23001 24216 27968 28227 33850 35635 41602 42986 43338 44868 49419 56490 66189 73616 114811 191367
1908 3876 4723 5778 7351 10562 10604 12223 14363 16420 18005 19393 21043 25017 32799 36705 39777 43718 56005 59832 60198 62339 85756 90852 110822 144489
1138 4103 4997 7170 8350 9556 11693 11921 13892 19718 24257 28613 28628 30839 36616 40123 46518 48808 56541 61806 64642 78524 80469 82322 88356 99052
53 4102 5706 5952 6075 11015 11755 13406 15926 16069 21115 22247 23432 28259 34606 41651 43580 48601 48875 49515 51243 52945 79912 82827 118767 155520
1683 6064 7659 8348 8944 9684 10130 10298 11004 11213 11496 14760 17916 31020 31425 33348 38223 40965 46851 50267 68887 71297 101579 103210 108625 136557
529 1571 3081 6033 11462 14633 15798 20463 23812 24457 24853 25507 25590 27165 31262 32921 35516 37206 41563 45604 46329 75556 90955 93627 110637 120566
801 3069 3166 4064 5060 6625 8606 9437 11070 12242 20459 21053 24274 29488 32685 46548 47856 53732 57397 58080 58833 61656 63537 65888 126647 153164
649 1268 2236 4246 4559 5902 13007 13841 14301 14975 23625 24769 26696 27566 31084 33309 39369 46882 49424 52055 53146 63795 76374 108828 116499 138174
1263 3474 3893 7126 14676 14802 16078 22604 24220 24684 28795 29171 32232 34254 34263 34905 36634 42936 44779 58478 58603 65101 67019 85389 101971 105230
950 3210 3919 4404 9068 10692 15055 15208 16991 18661 20412 21754 22924 29173 33296 35083 37880 39330 57264 61808 67365 68242 71358 72626 124416 125650
1587 1863 2335 4726 7221 8125 10340 12133 17745 21855 27775 28525 28657 35136 35573 37527 39348 50437 59903 64354 64746 65108 71792 75479 75655 138255
71 416 4315 4378 5461 6331 8651 11563 12725 15044 19099 20938 27095 28503 29079 30435 33940 47191 52046 52519 64395 64987 68221 93077 119773 172724
235 1104 2779 5694 7364 7933 8548 10763 11538 11951 14080 15709 18768 20890 21186 28386 30886 37808 50343 60873 62942 80043 98520 123308 127326 134840
709 1159 3804 4101 4444 7146 7262 9211 10859 12337 12909 27349 38083 39079 39432 44415 47930 59587 59637 61251 71199 74411 82921 86142 87789 100811
420 1955 7023 8450 10273 10536 11322 14328 15428 23589 24757 25290 25682 27100 30605 39659 40230 40584 43302 43859 50557 65190 94489 96221 117302 125018
1110 2308 5958 6693 7777 8143 9799 10406 10835 17750 21166 25836 26609 28625 32127 36267 37029 39156 47782 49140 56981 76612 89751 93521 106227 140066
622 2611 2891 5606 5691 6200 7914 11601 14140 16385 21726 22038 25099 25832 36744 38006 40019 45699 50059 54472 55604 63269 73250 84686 107669 176616
767 876 1388 4778 11870 13235 13272 13727 15780 18913 19138 19716 20867 22748 28703 34732 36008 41672 51894 53926 57408 67240 70999 112728 123520 131694
1382 1564 4175 4222 8672 9785 11280 15428 15522 16752 17190 20015 24916 27339 29588 32259 39101 40827 54721 55475 64449 74407 74852 94967 113578 139929
521 3070 4851 5063 7138 9229 9448 9618 11529 14219 16145 17028 20436 22323 24217 29590 36526 38523 50319 56746 72214 80087 93939 99521 124002 138763
686 889 2391 2659 3556 3640 4956 5780 6484 8042 11061 18483 22181 24372 34452 34498 42916 51701 59373 68007 68089 82641 82761 97127 105079 148729
5769 6446 10918 10936 12297 13050 19037 23364 23957 24118 24800 30925 31110 35828 36309 37180 38192 44703 46864 53345 53451 54685 58470 86148 89877 116300
803 4419 9771 9855 14069 16213 17332 18261 20995 23303 27173 28066 29082 31015 31631 34961 38672 41037 44752 48456 54716 55412 63434 65522 127296 133055
277 341 1577 2144 3125 3868 5966 5971 6545 8640 13614 28491 32566 34412 34925 40315 42069 45039 51882 57014 60417 62416 84022 96807 98588 169785
666 1713 2284 3528 6476 8602 11310 12577 15643 18406 18992 21345 22703 24807 30589 31254 34970 42864 56444 61880 67964 69398 82151 83994 90462 173156
399 3987 5833 6980 8091 8857 9684 10920 14606 14820 18625 19527 27984 28842 34206 35411 37211 37842 40752 40839 46867 56013 86465 120374 122463 151167
1867 2074 2571 3792 8111 12552 13309 14708 17900 18234 19100 22255 25606 27528 30965 31295 34818 37919 50197 52133 56074 67177 68221 107331 126027 135882
2693 2930 6301 7893 8012 14015 14550 14630 18239 19176 19814 22504 27863 28655 31398 32150 32739 38794 39929 45381 49649 85102 85274 104334 115295 123968
940 2756 3749 4543 4946 6295 8699 9117 9163 11704 13904 14525 16562 24040 24156 26490 34179 47024 50530 52794 73168 73933 78253 85413 124097 187518
178 1822 2257 8289 9329 9457 10054 16468 17065 19318 19323 21615 23854 25427 25836 26680 27388 31820 46145 50029 51667 54919 88050 98626 146693 161957
1737 2008 2397 3341 3367 3473 6871 7321 7471 8632 10687 15659 15661 29331 33763 34205 34323 46396 51766 53964 66541 90700 100073 105814 119803 134163
905 1674 2477 2483 3515 3953 10835 11562 14300 22239 23600 25498 26608 28428 33395 34698 38349 39859 49472 53162 60221 64566 67216 103022 114642 151112
2136 2579 3041 4243 4457 6149 8744 9130 10983 12498 14223 14746 16278 18414 20983 22083 41803 51648 52461 62591 65082 65496 67159 71978 75002 267813
1488 2033 2675 3467 5364 6426 7325 9066 11963 12842 19117 21636 25191 29896 37418 41464 43387 49808 54846 62623 65465 69870 74200 91808 118469 118825
748 1346 1678 2217 3811 5540 7453 8931 16346 18794 20259 20701 23235 32836 33404 35141 36406 38388 50689 61577 70700 78391 82617 99319 112311 127989
766 1756 3612 7553 11710 12232 15809 16874 19623 22077 22929 27258 35380 36550 37181 38974 41817 48183 53689 58087 59292 60874 66279 75758 87769 131683
1397 2484 2699 3851 5413 5990 6416 7834 9723 10886 14849 16849 23454 32291 38931 43151 51942 53912 55204 57426 58666 61889 78904 85415 121410 135839
364 1896 2701 5076 9598 11780 13007 13731 14446 15721 21177 21723 25408 26987 27164 34360 39493 39640 47164 64353 65047 80332 80664 91093 102137 136845
3752 4218 5210 7489 9500 13002 13610 14320 16130 22918 29234 30554 31557 31671 40329 44644 46465 50355 51069 53089 58360 58535 60752 71382 97394 121141
2528 2683 4462 4765 6550 9273 12872 13357 18574 18790 23240 24430 24546 32517 38087 43952 49107 53194 63901 68722 70822 70897 81666 82676 84301 85643
854 3959 6319 8305 9636 9760 13426 14036 17493 19558 20802 23226 23768 26861 33639 35051 38105 41408 46866 64956 65671 70327 85959 90149 95232 122540
1934 2993 8704 9883 10437 11535 11931 15163 17035 28487 28663 32272 32917 33958 36101 38036 40820 42003 43398 55121 55393 62036 75054 85650 86868 124603
783 1169 6287 6300 6752 8987 9301 9505 14277 15274 23222 23369 25497 31816 34883 38097 38956 39668 43073 49205 63651 72212 82466 97203 101153 149262
