1000 29 49
127 140 471 1360 1517 2531 3432 3473 3757 4192 4800 4906 5956 6015 6314 6957 6973 7874 7901 8131 8824 8852 9318 9726 9815 10236 10315 10760 13161 13890 13986 14668 16487 17719 18531 19885 22039 24183 27049 28252 29669 30837 35786 39120 39938 54241 63167 63947 77203
18 122 1798 1820 1964 2131 2650 2912 2935 3635 4371 4720 5129 6550 6636 7072 7910 7939 8040 9108 9755 9793 9900 10037 11906 11967 12080 12633 12675 13486 15424 17406 18512 19497 23854 24643 24938 25053 25974 29478 30083 33461 41142 48555 54779 59615 66811 71609 73931
183 236 501 1603 1609 2352 2387 2515 2637 2673 3090 3119 5249 6217 6722 7224 7302 7310 7369 8702 11395 11411 11718 13034 13287 13976 14236 14443 14476 14778 15025 15618 16312 17282 17802 19856 21544 22963 24365 30430 31843 36793 37110 41521 46856 52689 60249 62091 63588
215 416 1004 1506 1583 2464 4097 4333 4465 4651 6227 6365 6434 6437 6703 6832 6882 7536 7946 8797 9204 10233 10334 10840 10842 11224 12398 12540 15087 15574 15771 15796 16411 19028 19292 21054 21151 22395 22596 24371 24791 28403 32849 41880 42471 44663 47314 90755 149994
879 1665 2041 2218 3364 4074 4152 4402 4631 5192 6099 6153 7113 7900 8562 9740 9952 10157 10674 11784 12265 12613 12776 12836 14483 14981 15066 15382 16258 18819 19233 19445 19739 20308 22493 26890 27590 27734 28579 28726 33006 34594 34895 35711 41684 46664 54811 59748 77839
203 361 1018 1036 1586 1805 1880 2496 2795 3013 3294 3858 4682 5704 6157 7755 8022 8407 10707 10932 11539 11890 13799 14161 15541 15807 17883 17912 18165 18772 20012 20486 20721 22517 23120 26066 28361 31305 35546 35985 37634 38159 40713 40893 44075 47953 49382 55720 57859
11 889 926 1698 1985 2828 3043 3467 4067 5073 6099 6211 6251 6493 6576 7010 7307 8108 9081 9816 10381 10568 11736 12532 12618 12658 12808 13337 13599 14876 15656 16070 20826 21490 21933 23843 24733 24830 27232 34134 39223 43384 43549 44777 46556 47415 51721 53841 89712
34 84 775 1406 1836 2224 2234 2526 3018 5707 7922 7963 8076 8088 8359 8389 8675 8684 8828 8831 8994 9513 9563 10072 10797 11954 12025 12226 12531 13180 13760 16175 16313 17150 17636 17819 18416 18594 19447 20552 22099 23975 24589 36434 43726 46688 64303 72755 108172
60 333 604 842 1849 2189 3190 3366 3622 4612 4752 4756 5346 7091 7097 7713 7725 8372 8926 9559 11060 11322 11458 11737 13013 13017 13090 13315 13476 14239 14625 15014 17388 20375 20852 21106 26843 28030 30202 32965 33532 34011 35996 36364 41398 44530 47884 66008 99761
149 290 432 634 692 1132 2125 2378 2545 3643 4080 4673 4929 5933 6256 6888 8647 8766 10938 10940 10949 11045 13538 13599 13770 14408 15308 16049 18387 18744 18955 19274 19362 19375 19962 21805 22483 22911 26597 30549 33021 34262 35743 44618 45662 48420 61952 85163 88346
803 1492 1752 1764 2043 3421 3451 4020 4419 4536 5061 5347 5414 5460 6085 6192 6221 6577 6729 7092 7337 7356 7977 10179 12212 12234 12611 13959 16136 17414 17563 18845 19241 20019 21479 22593 24083 24201 25412 29209 30219 32821 33409 36504 40536 45965 47819 70843 80844
198 589 1228 1664 1906 1964 2298 2936 3363 3656 4295 4488 4742 4893 6579 6819 7213 8264 8572 9017 10507 10637 10949 12245 13051 13684 14072 14443 14501 14540 14870 14961 16741 20714 21098 24834 24837 26189 28874 31102 31194 31352 32598 37099 38498 47554 53333 55772 97908
481 635 876 1349 2173 2281 2401 3390 3470 4779 4792 5753 5986 6605 6846 7536 8105 8904 9810 10289 10942 12885 12962 13866 14310 16452 16746 17106 17609 17919 18568 18848 19052 20135 21825 22257 22932 24163 26079 31429 31438 33126 34308 38418 43362 50101 51048 70797 99063
450 866 1136 2168 2595 2890 3510 4546 5444 5858 6688 7145 7197 8451 8658 8804 9492 10246 10568 11076 11134 11191 11532 12039 12195 12688 14367 14807 16327 16390 16487 17232 18174 20063 20577 21712 22388 24271 24585 25297 25873 32541 35869 45804 47608 47660 51256 52661 110219
136 1098 1101 1743 2136 2313 2326 2876 3103 3574 3847 5937 6307 6411 6478 6996 7241 7546 7677 7844 9084 9945 11236 11243 11427 11640 13141 13292 14153 14651 14777 14862 17050 17850 17873 19684 20366 20914 26881 27081 27606 28678 42629 54729 59545 64242 70367 75665 86603
325 345 494 1145 1298 1483 2198 2267 2874 3327 5452 5579 6636 6792 7837 9123 9348 9436 10464 11121 11308 11373 11580 11677 11731 12366 13499 15050 15278 15408 17519 19733 20419 21157 21459 21519 23769 25305 25806 30788 31310 33810 37764 40214 45336 48419 56376 62342 67664
545 622 837 1190 1374 1974 3255 3601 3747 4249 4442 6241 6449 7228 7249 7637 7795 8229 8558 9200 9577 10206 11579 11814 13432 13723 14328 15683 15792 16407 17837 19418 20519 21626 22614 24216 24242 28730 29517 30136 30943 31259 31270 31640 36033 43301 43456 49723 78742
31 198 767 1228 2074 2258 2352 2801 3439 3796 5025 5308 5538 5725 6149 7651 8440 9748 10694 11296 12223 12391 12852 13247 13779 16224 16244 17246 17584 18124 19412 19487 20760 21311 21813 24619 25513 26224 26512 26994 29085 29550 34721 36044 36053 44351 45996 58035 83530
313 1432 1803 1891 2081 2095 2952 3820 4193 4994 5250 5629 6492 6629 6899 9156 9918 10080 10592 11253 11371 12174 12639 12945 13368 14032 15461 16018 16722 16751 17272 18383 19499 22052 22819 23712 24145 24173 27893 28175 28820 30899 31305 33848 34250 45291 59373 60186 66431
344 485 843 904 1454 2668 3086 3830 4161 4876 5189 5497 5987 6212 6471 6644 7564 7669 7940 9661 9797 10829 12608 12907 13463 15118 15544 17012 17318 17977 18153 18278 20251 20375 21104 22376 26211 28608 29233 31050 33383 35080 36009 36742 41886 43771 45701 57193 74273
211 344 461 641 668 825 907 994 1069 1157 1263 1721 1788 3217 3347 4101 4138 5591 5663 6306 7337 7609 7841 8545 8862 9195 10144 10700 10854 11462 13526 13651 14017 15025 16197 16408 16980 19479 23440 25198 28077 32710 32934 41258 44922 45479 48883 98073 141598
732 1370 2155 2565 3584 4307 4483 5019 5227 6143 6156 6639 7222 7242 7762 7878 8304 8881 9049 10456 11084 11593 12197 13516 14155 14206 14261 14384 16705 17543 19210 19426 19884 20417 21884 22482 22984 24048 25357 31977 33879 42829 46403 48300 52245 52725 54456 55012 57959
725 774 842 1290 2084 2566 2712 3245 3454 3592 3639 3800 3930 5471 7016 7727 8544 8837 8892 9312 9357 9534 10713 11030 11826 13191 14125 15341 16162 16952 20201 20566 24072 25761 26639 27246 29434 29513 30689 36124 37055 37116 38863 42329 48051 50018 53683 56916 64505
93 242 526 1052 1120 1204 1641 2721 3132 3722 5456 6312 6814 7024 7151 7521 8849 9656 11157 11512 11786 12724 13268 13331 13819 13928 14446 14854 17273 18612 21025 22411 23727 25745 25798 26090 26533 28060 28220 28698 29471 30822 35989 37031 39460 47763 52035 56015 57264
479 1045 1111 1440 2157 2957 3429 3613 3760 5025 5879 6117 6319 6680 7199 8202 8484 8717 8726 9276 9372 10185 10496 10827 11156 12461 12738 13673 13735 15983 16437 17194 17529 18940 19651 21608 23368 24301 25100 25581 32225 34791 35950 40101 40842 46342 47847 49523 64767
25 802 1412 1669 1731 1996 2495 2508 2559 3328 3397 3599 3697 4346 4575 4911 5118 5196 5250 5592 6064 6331 6973 7619 7731 8873 9003 9132 9379 10164 10296 15825 16944 17840 20295 22373 23625 24859 26610 28602 29659 31170 40712 45710 46425 63546 68155 73330 83387
52 130 209 241 1056 1148 1685 1690 2100 2444 4870 4998 5025 5803 6655 7021 7241 7278 9063 9248 10314 11383 13454 14069 14155 14467 14761 16861 16958 17377 17485 18179 18312 18334 18835 23585 23787 26640 28342 29633 31063 32282 35566 35849 36662 37227 44051 52924 90647
379 722 1046 1892 2314 2339 2776 2984 3311 3564 3565 3914 5079 5582 6052 6809 7368 7823 9265 10061 10441 10445 10541 10704 11422 11752 12194 12309 15769 16673 17199 18293 18549 25365 26280 29568 29878 29885 31087 32410 34653 36354 37957 38855 42494 43388 48889 60317 75861
47 220 795 1150 1256 1689 1997 2025 2364 3332 3418 4105 4483 5645 5774 5967 6067 6502 7100 7855 8200 10128 12778 12986 14463 14744 16347 18044 19136 19314 19532 20916 21985 22003 24140 25227 26183 29380 29697 30474 31750 32238 32674 33126 35466 40608 44673 50659 75836
