1000 41 21
3325 3625 4510 4750 8027 11888 13149 20439 24384 27174 30822 33851 37515 39089 44607 47390 50575 79930 87650 100777 121404
926 1871 5324 6921 8874 13669 14143 19121 19961 24508 26658 30665 33725 35609 49670 53594 57551 59261 61343 69950 85057
986 1957 2985 5010 10358 12533 17864 22895 25594 26187 27124 32322 54930 57453 59574 63221 63407 63949 64833 92830 95682
118 575 1464 1717 3543 6186 19573 23779 36303 36449 38971 44351 45871 49923 49957 54252 56981 68296 81280 105272 119342
2498 7218 17023 17298 17923 18007 18594 19222 19519 30454 37988 40364 40638 41851 41878 55364 61723 67119 83751 100765 122315
4133 6700 9491 11619 14634 14831 15183 16956 20326 20661 21533 27343 28134 28707 30146 36190 45389 71527 82383 180038 201076
986 2173 3080 10446 10984 12326 12732 13767 15297 17624 21336 29203 37599 45602 47049 50757 60566 68464 95112 113779 147114
1272 1853 2046 2095 2390 5392 6901 8707 8851 9042 17381 20737 36741 44368 46881 55866 64204 88641 90768 96033 112872
2520 4013 5118 7009 10336 13864 14663 15759 19284 27716 34056 35771 35965 45519 45920 45981 50687 63876 87164 93968 107873
4074 4091 4792 6843 7091 9346 12146 15532 15884 16740 17972 20114 20609 24998 37017 41390 67093 67724 68618 85578 160183
2673 5587 5970 6518 6999 7351 12468 13447 18667 23573 24465 24746 24874 28081 38384 40295 41936 52677 61332 162317 186690
2687 6557 7248 12336 15266 17090 17838 17911 21138 21407 21689 22303 24371 32050 40240 49172 50681 65671 76775 95715 131227
393 1048 3142 8228 10474 10602 10896 17453 18310 27013 27035 27077 27320 29716 44249 48186 49044 56755 61491 76409 148345
520 3856 6456 6673 7565 10137 10804 12049 19077 20260 23159 30360 30374 32756 33881 42483 67993 73785 80776 81790 153841
1148 2121 3212 3654 9677 9801 13320 15533 16051 17298 21850 27838 30942 33327 40885 49213 53934 61413 124129 138879 164774
2196 2970 4196 5497 5612 7555 7909 13244 19004 20018 20247 22726 30157 31500 40753 58731 65105 74939 86958 94518 188433
6479 7131 8987 11058 13134 17608 18307 18881 19290 21937 27562 28608 37841 42852 43764 50760 65583 78306 80805 97643 143660
754 910 4412 11736 13146 13380 17144 18658 19001 20368 30142 30431 34359 36429 45253 49362 51515 59448 70089 73148 101236
1084 1726 3234 13495 15149 15410 16834 17590 17969 18250 19779 20048 21798 24094 42611 44785 45546 89328 99416 118038 168606
2901 9881 11701 13144 13178 13774 14257 15721 21236 26396 34018 37872 39534 45201 47568 49288 56427 59771 66523 118630 139210
410 420 3272 8948 13408 14379 18143 18731 20572 22365 24160 27662 28061 31878 46231 48255 49056 65761 72540 98284 116440
3505 4240 5237 11119 11523 12341 16364 20163 25602 29020 30205 33222 36324 36346 50305 52039 52837 56451 82169 91469 130969
6500 8794 12453 18311 18754 22172 23066 26276 27422 27966 36421 37876 38954 45812 52018 52909 53997 58954 100757 102119 103647
571 1341 2304 2602 3513 4732 11005 22228 25963 29805 35722 37692 48871 51602 56765 57991 61494 78754 86325 96466 129575
3585 4288 5888 6293 8755 12116 12898 13151 14100 16302 17345 37283 38819 43579 44716 55088 56448 60004 73859 79299 97609
1345 1443 5874 13565 14019 20480 22069 24916 30717 31934 33527 36542 39639 42093 47116 50078 54380 55751 65203 66365 129673
7409 8216 8493 10611 14029 14938 15855 20789 22349 23056 23419 26261 35634 43182 44683 45244 66453 67646 71992 143034 150833
2165 2543 3665 12944 13398 15821 20412 22041 22296 26101 26988 32827 38488 40787 41713 51097 51673 59551 61059 74972 98536
225 3296 5595 6092 6246 16576 18445 21566 22403 26541 36436 39334 42845 45299 48226 50647 53730 56978 63218 63715 149129
922 1564 2571 4746 7368 14657 16111 16952 17061 20457 21674 25558 28305 33244 33413 37070 50526 52873 76390 120770 147012
817 13511 13917 16222 19236 19448 24507 25973 27862 28805 33163 35567 39447 44811 48911 49870 54119 71271 80224 86468 97938
2334 3177 3231 9041 14315 15576 17465 18933 19766 26635 30388 31142 33509 36334 41198 49676 56953 58291 58779 100748 132893
2025 2530 2906 3778 5720 6804 10580 18370 19445 22605 27657 30821 30939 38061 47479 51870 54141 56585 58123 87861 91413
1829 3137 4063 5141 5936 6297 6853 11784 14641 16273 19170 23464 25504 36769 42569 47758 56975 58059 60292 113948 115858
2637 10680 12489 12948 14192 14226 14468 18715 18997 21049 23639 25547 26782 27769 46117 46784 47535 80250 90169 93817 120928
10028 10420 11963 13023 13136 20940 23409 25161 25506 28105 28124 31392 36508 36865 46123 47102 50648 60391 63275 63407 94514
963 4929 8173 11292 12915 17562 17679 23017 24213 31100 31705 32911 32988 39914 41735 51494 65482 66154 87027 100852 116534
2355 4291 5514 11169 13419 17642 17660 23808 23929 26108 35821 40205 44636 46692 49257 51137 53983 54736 72731 106028 112718
1645 1720 5671 6299 9005 11528 15303 17665 21333 29779 32576 40275 50093 52999 53222 54802 63574 65580 66760 68389 97696
1913 2859 5206 6030 7234 11544 15323 17461 17847 18377 24235 30645 31017 31794 34831 35729 41139 82922 95946 107152 110807
999 1368 2400 3485 9015 10912 14299 22542 23908 26881 27396 30701 41553 47954 52467 55096 66226 67787 69121 70845 113924
