1000 41 8
18739 27322 39918 46070 86944 148153 167279 331896
1019 57923 92037 102827 112867 122468 176461 275015
11129 35903 48046 77161 92145 107730 166694 317357
15722 56052 89466 99733 103822 120687 155732 282205
10593 15818 19508 60346 104602 181520 215094 300706
22854 47732 59389 73878 78506 103117 203061 361501
21965 45961 51606 72030 86516 143692 154755 294061
1014 4070 14082 66312 132130 198387 235183 245508
20282 42912 59655 89186 118936 134264 162792 254282
11022 34409 59973 96967 126056 158740 194576 242221
630 26292 33048 36414 74256 77608 266537 372714
18766 25399 43416 44770 77015 115142 176846 395991
17 400 6283 8041 76766 118476 235350 419390
12100 16482 41299 111260 116035 126877 202440 315637
19803 55243 65439 84425 97395 172069 176361 263550
29003 52767 116395 119801 127399 156719 162730 173392
16582 27020 41040 49415 114721 156642 227751 237174
59353 59728 74625 83806 89242 104035 205552 234305
35813 40594 45529 57506 93395 123066 178665 346596
13971 16152 41938 47584 48670 90697 267439 398027
1567 47179 70440 109567 129604 149158 187401 205652
29520 43667 80500 89860 95129 96124 171773 296649
4605 8372 33263 55933 57212 171468 283524 317141
26615 31470 35879 44733 70653 128770 161899 394644
11619 15647 25453 36569 84546 99042 193852 394301
59626 65913 71329 92452 106222 122230 180311 244097
20988 49353 53005 74073 109144 114821 243690 249517
24270 61491 73049 83004 127122 148779 167224 193202
42306 50773 74237 90553 96379 102339 132224 312344
8593 50470 50714 64191 107183 114925 148197 357450
38404 48300 63474 65642 96764 160370 168492 282811
25885 46488 84473 106186 131873 145241 161875 169989
16000 52715 71170 86839 97052 149765 170221 256715
22820 56580 77146 80717 84879 144443 145450 265650
15158 31561 48049 68635 77140 200299 246828 259113
15942 22928 28001 33535 95130 106177 177982 387589
12010 58412 75681 123556 125966 135623 183853 227044
41995 49127 52325 52989 99655 145113 184317 266743
4794 15865 16035 68052 109950 156764 244695 267102
39326 50042 54923 65148 80578 105560 217060 296894
2936 8095 9532 31616 66535 71689 147412 555722
