1000 21 24
671 1767 2722 5707 10300 10875 13167 16969 27829 30713 30834 31387 37461 38158 42887 45001 47620 49826 53769 57449 68716 70498 75118 94843
822 1354 5849 6428 10219 11064 12217 12515 13473 16806 19944 20309 21746 35349 42296 45938 46337 53803 55939 72455 73032 75757 92493 126401
2366 5184 7285 12496 12959 13503 14068 14613 15428 16923 17212 26634 27493 30538 33331 36242 36321 38348 39614 40670 59259 74390 77243 115788
824 2495 2772 3408 5112 5126 5721 10287 11049 16754 17426 19068 23886 34957 35976 37806 47083 49099 56308 56608 56899 66749 67996 73529
915 1456 2090 7345 10847 15109 16716 16766 18841 19430 19873 21198 25206 26230 27900 28605 30789 31794 35320 42833 47654 49258 80504 139447
25 2399 2765 4018 4761 4891 5097 5924 8627 9475 14824 17341 18594 23720 35638 42571 47445 48754 49226 54903 62817 65196 79072 96140
1864 2363 4850 5282 6684 6960 8358 9849 12164 14154 20047 25125 28732 33111 33381 34050 37265 43583 45118 45352 57965 76783 77466 94303
2556 4263 4374 4395 7109 9837 10288 13187 15317 15343 16252 18334 19149 26058 27847 31772 31773 39503 47102 48229 64723 71130 77696 185990
325 604 2423 3001 6893 7984 8694 11053 11448 11592 13318 18776 26847 29330 30309 46773 49105 51649 51736 71216 71330 78449 79970 134950
1437 3775 4306 6167 6173 6978 8918 11672 13355 17898 19889 19963 23191 26028 27643 33085 34898 38740 45335 45365 76887 91741 114084 129603
2352 2928 3573 5420 11660 12348 14596 17135 17395 18789 19343 19718 25117 27594 28778 32141 36830 42766 45972 55551 57180 58372 66271 135291
1170 1446 5833 7741 8693 8943 12640 13488 13868 25551 27514 29644 29770 30551 31577 34032 39055 39525 45897 46651 46895 51570 58907 73129
2132 3223 7952 8822 10682 12357 13164 13373 13802 15263 16629 16724 17153 20704 23215 25624 33885 47875 48022 51458 56555 57031 80423 110230
8472 8917 11855 11865 11891 12451 12700 14649 18848 19583 22780 24483 26358 27892 28715 28856 29762 33463 36707 45592 51893 53620 62408 71622
168 1002 1487 2456 3900 4078 4792 6129 8335 9279 10881 14317 14753 15186 25508 29399 42854 51723 52573 57418 63235 74278 101488 185560
180 997 1265 3101 3781 4005 10603 12508 13716 13919 13973 20474 22345 25111 32768 33578 37577 39678 47359 51397 64176 87243 89570 101924
796 996 1128 1670 2392 3163 6084 7125 9497 9728 10769 17368 22511 23469 24919 25208 36318 46200 62804 64860 66595 67156 78577 122966
1055 1543 1786 3734 6120 9316 10944 13664 13941 14423 15121 17340 21285 21343 21822 23592 29668 33347 35288 39661 58196 72042 113067 166631
2054 2181 4949 5090 5351 5419 6736 7214 8611 11243 20235 22683 27559 29582 40112 42164 54044 55395 61239 65445 73257 80721 81531 84142
1032 2608 2865 3276 3899 4183 4719 11656 13815 14122 18097 19317 34568 35591 38186 38816 45947 52420 62987 64510 70662 71928 87083 104277
3288 4903 5167 6878 9054 9561 9906 11193 17564 19759 22209 22252 23653 23660 26935 29855 36715 46715 48347 49697 50152 62975 103728 118191
