1000 21 31
2917 4273 4805 7323 7811 7947 9640 10023 11518 12449 14012 15762 17266 18431 20692 23657 27493 28564 31123 32628 35571 43025 46963 47598 48293 48759 50602 60798 60831 70780 83823
1794 2470 2495 2834 4090 4514 6667 6836 7023 9721 12975 17250 17854 18191 19223 19260 19812 22949 23035 23395 26020 26446 29239 35330 45351 45763 49184 55210 61517 70507 79247
517 1869 2642 3692 6835 7155 7662 8194 8569 13706 13914 14334 16261 17176 19016 21395 22067 24191 27494 28274 28724 29730 31664 32716 33946 34534 36048 39367 43931 65347 118488
400 1998 2421 4851 5610 7627 7931 8664 10760 16038 17143 19317 20277 20786 20929 21030 23203 23489 25404 27478 28192 33507 35092 36176 38349 43105 44316 45184 74602 76368 86708
624 1584 2430 3200 3389 3513 3989 4395 5942 7509 10164 11166 11904 12517 17415 23165 23298 24480 26934 31881 34355 36826 37926 40648 40972 42183 47416 53405 68917 69322 86378
125 1362 4733 6674 8860 9841 9909 12708 13360 16279 18086 18188 18398 21320 22262 23677 26113 27913 28685 29930 34468 35678 35789 38655 39927 43040 44749 65239 70118 80509 106316
210 1491 3506 7756 8090 8799 8860 9553 11322 13531 14865 16065 17644 18951 19081 23358 24098 24973 28024 30283 31456 32164 37695 41265 42878 43708 44150 55872 61655 73627 141024
65 1518 3065 5734 6109 6490 6820 7529 7841 7983 8756 8779 9220 10520 12080 12823 17437 24565 27514 32550 32589 34484 38656 39399 41797 45401 51309 56530 57652 67551 70379
2116 3149 3535 5477 9870 10133 10235 14417 14831 16083 17705 18290 18753 20376 20404 24248 24954 25310 26864 28889 30316 40454 42193 42271 45827 46353 51753 52269 56212 61714 66868
239 249 359 971 1295 1350 4940 6981 8308 8552 9396 14971 15555 16802 16844 18905 19352 19424 19846 20970 26155 30444 36058 44640 49364 52961 59168 59557 67779 68527 80230
359 2518 2976 3106 3528 4112 5935 6129 6501 7512 9616 11435 13755 16203 21117 23898 24132 28703 30334 33407 34114 34662 37277 39140 49630 54253 57086 62934 66892 80550 82044
248 672 2674 5221 5637 7532 7579 8139 9912 10546 10707 14350 16063 17156 17291 17372 18066 19836 21113 21284 21754 23967 27291 28685 34151 37719 40946 46049 49534 74648 134460
1305 2455 5027 6262 7687 8480 8751 10165 11216 12459 12955 15806 19370 19569 20190 22342 23513 24373 24718 26634 27415 30352 34203 34462 34973 37237 37727 42871 55296 82708 146505
562 856 1380 2705 2964 3981 4648 5639 5790 7390 8352 9822 10808 10949 11534 12891 12904 14482 16822 19848 27985 32625 35811 35896 44964 48456 53536 84983 87511 93895 107952
280 1770 2576 2925 2938 3283 3807 4245 6338 6807 7205 7599 9267 10790 13620 17479 18327 19549 21480 22762 27934 34756 36005 42784 44674 49872 71807 73894 83298 85663 87442
1441 1762 2344 2629 4727 5229 6650 6925 8031 9328 10052 11545 12508 13139 14448 14585 14802 18400 20522 21508 22104 23840 27175 32541 41328 42592 52256 63722 79691 86796 136119
58 2738 3783 5150 5284 6611 6613 8732 13501 16727 17138 17255 17663 18540 19897 22927 24335 25251 32164 32245 33493 34393 39325 39957 41117 41596 42622 49504 52682 55582 77842
2167 2527 2959 3880 5346 6663 7000 7406 7576 8002 8079 9243 10570 17573 18132 18173 22477 24585 26248 26363 28254 29092 29366 32721 35206 44271 49313 52686 70491 73789 78833
73 1577 4094 5147 5680 8532 9051 9215 10733 11479 12963 13302 13846 15240 16334 17544 17589 19142 19263 19833 20010 21454 25186 29543 33278 34535 35045 41859 68396 99222 130705
164 215 833 2274 2728 4456 4763 4776 5080 7052 7311 7804 8145 8780 9352 12650 15468 17136 22192 24369 26577 28607 31352 33572 38383 44902 48034 56737 72724 87628 118943
1095 1256 1568 2000 2944 3553 4066 5523 6815 7441 10744 16870 18627 19775 23045 29103 30540 31386 36739 38922 42821 45577 47997 48734 50025 53616 54145 57297 62283 66870 83074
