1000 42 34
321 811 895 2939 4278 4730 6104 6661 8385 14396 14689 15906 17380 17481 19041 22133 23193 23615 23782 24135 24456 26484 26678 28610 30056 31913 48351 49852 50415 52364 58102 63044 75579 101086
1281 1687 2895 3085 6435 6472 6560 7326 7748 8658 8902 10691 11731 12207 12535 12877 14824 17789 18940 19599 19617 19641 20547 22501 22688 26979 32408 40350 47353 49936 56575 57673 60134 201439
1927 2405 3890 4221 6159 6618 6738 7411 7413 8254 11536 13764 13996 16017 16256 18092 18597 19313 19727 24294 25454 26367 29878 30047 32667 40000 44142 44609 47289 48561 52951 53701 90747 146260
257 373 458 2622 3149 7113 10050 10281 10394 11860 14834 15738 18102 19553 19766 19849 20567 21034 21183 24021 27224 31138 31567 35807 35992 39300 40003 41109 41365 42739 44492 52949 65896 119276
1509 1647 2312 2396 3758 4401 4911 5233 8683 9324 9870 10663 12249 13834 15003 15687 16152 16910 25691 26857 28062 28197 31008 36181 37438 37618 40239 41215 43147 52803 56791 70123 74455 104016
1468 1800 1931 1977 3644 5424 5949 6261 7727 8896 9992 10237 10384 11180 12671 12860 15602 22303 25571 27328 30293 31058 33197 34357 35287 36673 37782 38141 47878 48005 50269 77793 105602 113588
627 2952 4040 4573 4776 6557 8548 9190 9974 10591 11288 12450 12612 12912 13657 14007 14254 14337 14444 15780 16052 17704 19214 20706 21116 37893 38476 43902 49691 53418 58004 81841 114264 119437
646 656 1453 1639 1918 3105 4129 5926 8228 8282 8594 8653 9091 10000 10012 10135 14699 15093 18726 23315 23319 25615 25865 26214 28162 30682 40352 49107 54930 57497 70683 77378 79401 119101
741 1268 1440 1452 2663 4914 7602 7605 8619 9899 10549 10687 11788 13051 13536 18371 18441 18910 23175 23207 23457 29168 31246 33455 35976 37072 38942 42338 48654 51151 58775 71170 75162 84929
1166 1505 2307 2459 2900 4522 5231 5362 5720 6776 8242 8528 8979 9563 14137 16677 17865 18464 19814 20998 22171 22214 23624 23837 26120 27139 31448 38867 44479 50225 63567 72050 131755 139057
1259 1281 2153 3633 4879 6336 7755 9159 10420 11053 14498 15292 16182 17212 17293 18017 20027 21857 23342 26121 27036 27039 28397 28523 29304 33356 38823 39102 42267 44807 52263 54060 110797 128824
525 2180 3209 4061 4219 4699 5625 6345 7529 7661 10283 10610 11714 15873 16622 17011 18789 19613 19952 26231 29123 31129 31525 33330 33727 35329 40511 47411 54427 57971 63679 69465 69824 79462
99 1657 3977 4073 4846 6035 6803 9371 9412 9413 10329 11890 12399 12999 13413 14369 14839 16307 16695 23454 26114 30049 30484 31564 33850 37669 38744 43603 50984 56150 63335 73695 74692 89597
2613 2711 3645 5071 6553 6843 7571 8645 9362 10346 12242 12633 12765 13471 16129 16389 16390 17256 17855 19928 22188 24118 27456 32177 38569 42537 43413 48890 53343 53928 54868 60778 77692 85472
1341 2114 3331 3937 4771 7076 7181 8050 9185 9387 10411 11450 11865 12609 13250 13755 14395 15477 16314 17696 18493 18534 22997 23211 26342 31662 39828 42081 45810 62367 69335 79869 81060 99794
235 242 504 1013 1257 3526 3839 6242 8280 8933 12450 13247 15239 16219 17058 17805 20987 22264 24204 26799 27398 29525 36687 37780 37890 40838 47010 48556 49541 53012 68778 70113 76378 82509
284 412 1279 3742 6328 6788 7530 8222 10992 13741 14095 15080 15977 16637 17486 19591 19828 21585 22170 22458 23813 24101 25337 26926 30109 38733 46964 49816 53071 56092 56865 58473 78801 132543
369 771 1559 2156 2724 4751 5009 5544 5893 5975 7435 7676 9767 10499 15268 18300 20103 20956 23678 24947 27191 27321 28142 28558 28591 34869 38158 44604 46559 55768 59062 73635 94044 131742
1372 2535 5011 5046 5151 5372 5502 6051 7508 8581 10934 11328 14425 16928 17067 17099 17812 24586 24933 26381 26888 29595 35443 35903 36920 37883 45833 46594 50225 52519 59163 61826 64488 108725
520 1577 2125 2836 4325 4664 5203 5586 6687 7236 8780 9000 9448 10124 12524 15661 16913 18112 19191 21086 21356 23115 31018 39813 40208 41676 42468 44626 49823 53807 54591 71240 72364 102916
421 616 1054 1724 2973 3427 3646 4512 6248 8059 8821 10754 12170 13552 13939 16188 16351 18598 23233 25081 25724 27816 30423 31145 31913 33925 36641 43777 48481 55768 57881 62241 112233 159554
58 1153 2076 2610 5448 6043 6706 12157 12519 13875 14310 14993 15286 17488 18719 18912 22244 22410 23294 24050 24367 24765 24790 26097 28842 29066 29445 34484 38345 39898 43435 62883 69224 135415
1579 3548 4922 5360 6214 7058 10123 11174 11865 12930 13019 14169 14230 14349 14634 20544 23922 26909 28829 29060 29315 29773 30654 34405 35085 38499 43075 43823 54785 59361 65104 66446 67142 69054
35 831 1733 2654 4248 5836 5986 7762 8223 10856 10869 15776 17538 18297 18446 19272 20388 22409 22694 23245 23637 27668 28317 29126 30315 33878 34402 39779 41796 43953 57031 64066 76538 95202
613 961 1485 2793 3062 3596 4052 7500 8018 10486 13435 16210 17649 18153 18485 19061 19969 21812 23805 23867 25746 25959 27795 29733 32121 32532 38489 39830 43270 52764 60185 62681 65787 76687
407 942 1777 1797 2227 3572 4044 4450 4488 4912 5078 5494 8010 8615 9166 10163 12853 14131 15634 15722 21086 22929 23196 25472 32527 36441 36840 39250 62323 70040 84049 84972 90818 100564
1362 1385 2054 3077 3978 4674 5240 5783 9113 10539 12135 13760 13805 13970 15268 16415 16687 16815 16910 19409 20974 21609 21759 26137 35291 38339 40456 44140 53651 56938 67064 74656 76296 85718
1530 3080 3759 4550 4854 5482 8265 9614 10065 10115 11259 11275 11991 12866 13303 14730 15445 15899 17683 19485 21168 21369 29342 31888 36096 37521 38430 41592 50306 61697 62103 91428 93483 111614
1730 3840 6731 7451 8411 9078 9424 9745 9846 10768 11840 13099 13124 15941 16581 17384 19341 20568 22376 23307 26639 29969 30120 30823 34413 36973 37720 40186 42314 46404 48441 51843 90952 96664
442 1325 1866 2041 3076 9716 9781 12297 14240 15271 15417 16423 17193 17468 17569 20519 22007 22512 23119 23691 25140 27019 27547 30389 31682 34451 35080 41125 46213 46581 50259 51560 54761 95306
673 1568 2472 2477 5238 6199 6500 6682 7266 7415 9187 11254 11665 12271 15059 15564 18426 20541 25902 26252 26484 34934 37363 38281 38377 39383 39983 43708 54546 54717 59599 70255 70300 93497
2131 3550 5515 7060 7227 8207 8364 12491 12934 13366 13474 13949 15482 19598 20373 20696 21749 22622 23607 25097 25670 25990 26255 27312 28087 29105 30520 31613 33347 38964 46647 49984 92334 138222
66 222 266 1046 1823 2395 2519 4563 6204 11347 12309 14995 17179 17224 17658 18494 19248 21921 24980 28493 28618 32587 33018 35068 35656 35969 38104 38443 42438 45372 58812 68226 82552 111738
970 1163 2254 2349 2449 3661 4401 4585 5706 6026 6769 8358 8439 8447 10482 12420 12542 12984 15139 15257 19557 21038 27606 32520 36923 37914 38126 40274 41141 50136 66224 72760 84235 191179
337 1109 1194 2749 2865 4022 4439 5139 5291 5611 6060 8787 9173 9348 9627 14489 14547 21348 22904 23995 24844 25024 25257 27170 30134 33040 33539 45867 46691 78612 80860 91553 93059 104785
614 982 1127 1993 2832 4532 4896 5375 6939 8687 8806 10629 10865 12172 12629 14592 15632 17327 17679 20601 22815 23092 27716 34381 35550 36851 37177 38324 41535 48501 49172 75187 81746 140008
797 1295 1399 2366 2725 4031 5084 6315 7103 7361 8038 11304 12555 12947 13656 13661 15374 17094 19431 20483 20564 30003 33280 33503 34520 48670 53072 54141 54737 57652 61667 62661 91612 110275
190 1038 1742 3538 4492 4975 7054 7308 10188 10764 11514 12346 14990 15607 16943 20829 21098 21188 21924 23223 25264 25941 28199 29524 29667 30945 36534 39736 42470 47945 56525 67606 105781 143138
1364 1882 2417 2875 4115 4220 4419 6836 7866 11467 12703 15269 15415 15682 16253 18369 21658 25183 25292 30627 31492 37522 37527 37711 43019 43908 46422 46917 47694 50637 52059 57660 58198 69992
1460 1695 2121 2312 3697 4827 6611 7073 7346 7547 8470 8670 11975 12311 13763 14009 15030 16341 16872 18715 19100 20867 22400 24591 25492 29768 30115 35013 50191 62626 68734 70693 77172 137762
469 1433 1723 2820 4370 5849 6326 6376 6436 8469 8794 10673 10962 12810 13509 14511 14678 15202 18065 26808 29038 33549 33786 38012 38477 43669 44544 45569 49037 56057 58403 82768 84671 114836
1269 3403 4043 4085 4144 4320 5271 5312 6786 7494 7796 10231 13900 14359 18592 18679 18755 20438 21112 24676 25083 29619 33422 33448 34708 42700 47422 48609 50637 53644 63649 67936 78422 83951
