1000 49 9
5902 20645 23704 34940 50155 130542 155903 200813 242143
34350 39950 45602 46119 48037 60782 78116 90850 315790
16616 18980 40660 44350 66930 75614 78000 159714 164707
10059 25425 36130 42319 76387 99513 132022 144271 169182
5121 6144 18997 19337 26102 149135 171456 172948 188318
47 17600 19727 28836 77961 102531 125149 169015 227628
6256 10775 25936 55863 56437 91152 144898 164953 248033
1873 6735 23908 30461 50987 117902 138140 159948 314767
9233 29327 56377 56881 65300 92284 111355 132236 311783
20120 24962 35144 64546 83762 87113 145828 162339 184335
1806 10245 56010 74381 92714 116962 124458 150627 153853
3045 15981 19103 20164 60333 104144 127105 167951 200350
19220 25628 44000 45172 89017 138562 143884 145141 163283
5625 25853 28702 32117 42766 56328 77511 189496 289434
3589 5610 16022 56700 65243 73441 103031 239538 322976
8050 16076 24433 32132 55113 83744 122462 161993 165585
7210 10220 16671 30601 90358 99014 111096 202068 233240
20472 39068 40442 42093 46163 72099 92266 161985 208453
2553 16468 28823 41179 56619 84551 92162 169493 294347
8716 13502 23625 44787 45220 84414 138508 179892 226013
5577 10221 15356 18074 42948 47990 122793 168362 243532
9735 17018 42270 62085 63773 68903 73778 143815 379837
3312 12413 30467 71175 81214 83628 118445 126187 213135
38850 44138 64419 71489 72481 76872 83254 106095 208007
12629 34409 56345 76248 76859 82929 100397 118974 166957
27512 31595 52403 81839 104489 112552 115459 133182 178521
1247 2749 4702 21067 36762 47992 178554 189432 246378
8872 17157 37394 51704 63879 101425 175206 179868 180123
34176 57729 63557 78269 83475 87959 97872 111922 255974
9299 17915 34068 74237 81434 82701 82946 135114 204401
1755 4693 15050 79821 96634 117968 134889 145857 241420
5499 6544 13316 40858 60280 84544 149445 169451 323604
7853 46377 46804 56296 58167 76302 83400 110749 279045
2493 2767 10932 12970 44855 134961 172818 220872 285122
896 1731 1869 7933 21618 100718 211727 239986 244295
2564 33821 46794 64083 72106 81105 116188 192155 240382
4122 21933 23726 30981 34571 60777 66639 80736 414913
13409 15675 15970 44472 49309 75426 81873 115938 304959
8163 11273 41523 45035 46322 57332 65845 190963 331913
2270 5749 19532 25590 49807 83856 90194 207057 356428
31486 55411 56101 69915 85863 96095 98943 158374 196116
10134 10486 23109 33411 41174 53987 75135 250949 253128
11497 12862 38993 40286 40680 44003 106168 123551 409306
31560 36621 43281 46559 47936 66815 76966 111814 394824
2211 10053 26753 28161 70898 96807 136606 178790 241300
1155 6644 57716 77973 83356 88549 102646 123149 132983
2720 4857 16231 41119 63019 71379 117562 210452 326569
36486 44340 52646 55121 55955 56540 96709 144349 282712
13639 15700 29534 40905 46282 57918 89676 170295 248684
