1000 17 15
2293 14006 16330 21419 23170 42162 47690 52877 58291 68094 85392 96753 127019 164729 174327
7490 8818 10310 19197 22200 34518 36923 43921 64549 79314 106542 117541 144196 146470 152661
8064 17473 22342 37081 43048 45405 48805 49989 64183 73622 80088 90345 121034 125182 162976
10647 12922 16264 26343 32615 35369 35945 43690 54792 78103 96593 109923 121539 127027 193585
3636 5244 12582 30558 41622 49536 53218 57056 68104 70236 81079 82737 120373 133013 184500
4282 20817 22563 23818 26674 26954 42618 45396 69638 78222 84144 93195 102422 114655 240886
1425 11064 11987 15432 23173 24403 29685 43063 47612 82558 100720 101763 110575 131742 258837
291 2429 5648 9269 13291 17783 27888 40216 50562 65322 98866 109464 153445 191319 205520
1474 1603 5674 9051 21379 24218 30441 30818 40028 41184 47649 63606 83898 108141 483642
1376 1965 2745 8871 20164 28101 33659 37829 51171 56991 58325 94159 100047 153308 341150
4171 4593 7987 12572 13746 22379 24922 33157 43676 55153 56867 107066 151548 198294 255154
6136 16499 23307 33779 37706 50317 53395 61872 64196 65993 72750 99363 110273 130401 164874
656 15005 15481 19188 19697 20014 32655 39426 59025 65081 101307 101978 134252 154187 216225
2748 16111 18555 25762 34441 37804 46230 46508 50562 61111 89075 100237 115942 144581 199327
3510 4075 7331 28643 37961 41944 47514 68213 68932 72604 89974 101364 114265 147488 159378
663 1445 4382 4519 12402 21702 24452 37465 46960 73390 74251 127005 180297 189582 191776
5133 6389 9347 11419 27785 41273 41356 46942 58803 58957 58976 75670 113719 198372 236463
