1000 16 18
608 616 5086 7051 7646 11100 20910 21897 25328 49225 51405 54047 61449 61790 78420 112168 196265 204759
6364 13938 16436 18297 19882 20009 23977 28646 29374 40845 41121 51669 66652 76976 83766 137650 148215 154485
2163 9156 11098 11748 18673 35491 36725 45873 53646 55791 56806 59753 61827 82597 86010 89343 99499 171901
994 5133 6761 7788 11130 20358 29700 31838 44503 44841 48728 53498 61173 71665 80917 114813 129966 225115
4116 4841 10331 15222 19560 22427 27642 27669 31408 49613 49842 53098 62349 76875 109706 111215 134394 162677
2899 3371 5707 10253 15502 18973 21904 28468 40385 47450 50812 65523 80466 90963 99293 117564 128255 145014
2667 7512 13249 13483 15279 15427 16173 19217 22910 40003 59691 76447 81905 82125 123649 126440 127429 132813
656 1174 2214 6502 18394 19818 22267 23618 26412 32247 40708 43654 60185 80454 82486 109408 136574 276929
3625 3631 4885 15402 15971 18587 21415 30407 33589 43054 45412 46500 48881 97005 115255 115858 141379 181176
283 1378 9232 11706 16426 22418 31899 33263 34886 41148 47075 50315 63966 67831 71041 115772 142474 219323
154 3407 4869 7784 13605 14560 20765 21874 32507 35497 40890 41389 80122 87596 107952 120744 168965 174289
1089 1141 5826 9290 13195 13378 17071 23684 25333 31560 32180 32367 40020 45961 56872 147221 204365 268515
3066 6779 7200 12488 19030 22784 24777 42530 46572 47203 60997 68584 70660 71432 84448 105325 133367 151299
5206 5584 16180 17413 18578 30512 36159 38305 39432 54353 64991 69859 70634 71010 79131 87346 104269 176393
2203 3620 7323 16971 17609 20172 22030 22883 24419 29945 40727 45363 49145 72769 118198 118785 127361 240988
7532 8158 11785 20630 25410 27004 32042 33749 42977 49773 69165 76164 81939 83267 88046 88324 97762 137269
