1000 47 12
260 602 3755 9827 18322 24416 38652 43599 92303 147292 169878 283158
1675 4828 5334 5858 15693 26862 41910 95596 128981 129256 150995 216585
4694 6323 8217 33806 44392 52053 77668 79206 127651 138526 156176 166186
10311 11287 18675 19157 31709 40616 48946 105577 119819 151262 181321 187619
1264 15358 41995 42865 42962 55584 57771 84303 98468 146957 149012 190351
3362 6027 10791 11218 19761 30174 55282 76384 130814 154213 184579 214602
1830 9577 25422 25788 26401 57603 73266 75930 78456 115089 169247 231852
1660 13705 24567 25670 37151 60040 70953 86257 110884 116507 137770 193822
3813 4190 14749 29965 49016 59775 59834 82974 112797 127957 150183 189257
16783 39641 41862 50098 50820 64390 75850 78756 91475 98261 101716 153301
18861 22383 24027 35440 37539 54831 70193 95969 99778 102086 146165 159552
6377 13086 19356 32393 33999 39570 55918 68653 97413 108268 186274 194294
4109 35413 41364 50766 52910 62430 64770 65605 69226 73220 83602 196073
12193 20445 36002 40393 49604 62613 69349 82953 108154 113068 126513 192868
1657 16656 19057 28407 50688 60161 67213 75177 78264 122745 133757 142410
5043 9332 21668 38932 41095 49970 64826 79804 89856 145870 155655 176869
1313 3196 9173 11463 23878 43526 48511 49427 52775 69286 267448 306982
5295 19579 29624 37860 51973 66744 84226 88105 94431 104451 113404 187139
2927 3340 14449 19857 21241 34648 96128 102731 119028 120016 125451 173469
484 13700 19445 22020 39762 47661 54471 63455 88768 139949 160110 162802
6794 20352 24867 31859 40102 50390 51373 64693 67008 105699 106358 236719
17174 18005 18318 21007 30081 36807 42605 62360 90889 92659 123994 284566
12845 24346 31414 39088 55462 62797 63180 67521 100825 107388 143246 148720
3816 3914 12004 26421 32227 46744 67577 73515 95254 103632 108281 251697
1434 2982 6708 14771 42181 55524 68864 81696 101682 126609 133975 205098
10150 18758 28691 35345 43169 43494 45324 47355 100191 105473 189115 253491
19658 22189 48658 49349 54820 59071 65179 73388 74532 81094 138096 155984
11319 14267 14471 55197 69821 77477 78484 93250 100540 111098 111309 139790
15674 22758 35322 36279 45030 54710 64587 78147 95206 113527 142111 143300
15427 20435 24158 63845 65032 66335 75920 77300 87522 91797 100002 114522
242 5836 12939 25073 26355 37074 62970 67868 83196 97531 203777 275118
6852 14304 15503 25550 34043 37527 41994 50716 124839 136251 156583 159827
3917 14576 14687 29849 46941 48279 53543 54913 57862 73438 143700 255821
937 5866 16103 17536 37799 42129 78962 85655 96605 102613 129893 202399
10150 10631 10673 12689 22283 26953 43374 72769 83666 129593 188543 189558
12707 20521 38472 45398 47984 48854 49036 58403 76895 138013 156288 232277
18175 33557 33698 47395 47617 47944 53049 63608 85919 124489 151924 166828
1159 1720 5801 11935 21013 43450 55469 56223 75303 157782 199867 256351
6339 49561 51468 51708 56221 61074 69085 77203 80071 88878 96334 124204
2891 13670 25732 35974 40610 44592 51449 59376 63330 65069 165425 294819
615 8699 15492 18066 29168 48515 52482 75729 102669 156639 204586 206119
5005 15092 16713 20429 29971 31723 35671 68894 86787 120869 178442 320910
7569 9954 17934 19021 23885 58906 60648 71599 95851 112939 170934 220375
2859 7270 14113 22009 39290 49158 76094 80804 115570 131652 160088 175992
2525 2530 4813 17774 23183 28263 40262 57275 122647 151130 163955 286774
7371 13011 14960 23427 28719 49432 55763 70584 73821 154148 176022 191371
12545 21028 25175 37033 48967 49490 53605 73983 74406 94658 108162 200147
