1000 39 37
1364 1550 2236 4375 4497 4825 4894 5284 5599 6902 8722 9814 11038 11141 11462 12960 13968 14517 16246 16855 18876 18994 19322 28372 30101 31764 33497 33977 35780 41844 47274 47405 49287 58412 78218 91966 108416
35 692 873 1032 2039 2090 2370 2959 4799 5201 5413 5734 6205 6784 7877 8742 11496 14235 14325 16045 16749 18360 20688 22538 27447 29100 31201 39216 39983 52429 54916 63509 75747 78271 82591 89792 97196
2610 2772 2853 3772 4795 6122 6283 6422 7601 7980 9328 11732 12604 12861 16599 19412 19514 19704 20239 24738 25716 26656 27022 27061 27891 28100 33913 33940 40566 44530 45243 45549 51316 54129 54951 66239 110924
613 2085 2999 5387 5680 6021 9553 10581 10840 11231 12035 12138 13167 13785 14628 15063 15078 15344 17880 18188 18289 18970 26269 27139 29062 29126 31634 31675 33397 36246 36876 41609 42810 62109 62876 89123 119635
486 1771 2474 3449 4064 5646 5710 6279 7175 7942 9149 9638 12914 13286 15903 16305 16725 16876 17997 18727 19280 19350 22134 24613 25249 28307 31401 31527 35557 40597 42364 43552 50993 58415 63872 73971 135230
184 605 2078 2998 3008 3455 5084 5864 7096 8945 9001 9253 10360 11973 12302 12831 13210 14368 15216 16113 16854 17782 21623 22511 24896 29642 33093 34283 36795 40868 41661 54458 57916 64905 70680 89450 116087
1302 1323 1365 3340 3805 4433 4536 4538 4958 6504 7718 8166 9336 10328 12395 14479 17181 18346 18904 18973 19515 22272 22592 25935 26990 27081 27646 27887 29035 29547 34245 50842 55594 76451 78488 83116 139686
1655 1656 3119 3208 3588 4169 5608 6846 6901 7436 7470 7706 8265 8307 9004 9273 10650 10673 10746 12920 13596 14780 15596 15660 17493 18593 28560 32702 35469 40255 59826 70102 72421 85635 86656 92062 102638
814 1551 1951 2336 3026 5139 6048 6282 6506 6860 9482 9570 10457 11329 12418 13809 13917 14556 15068 19921 22459 22496 23438 23681 28677 29004 34338 39614 52034 52396 52772 57387 57406 59410 66802 68465 70489
73 437 829 1897 2966 3083 3143 3327 3701 4472 5973 6501 8220 10515 11096 13459 14044 14362 14691 17654 18489 19044 24872 25272 29557 30137 30995 31050 36201 39065 40855 46599 47373 68310 73469 121883 124996
1415 1449 1860 2052 2366 3130 3494 3984 5810 5853 8995 10938 10991 11011 11615 11899 13075 13738 14792 16411 17044 17430 18021 18393 18965 24583 27695 27957 45766 47700 52211 57287 58485 65314 79881 89855 127676
51 2296 2652 3666 4755 7623 7690 7832 9532 11136 11142 11460 14538 16827 17179 17569 19059 20837 21210 22738 23573 24548 26384 27154 28723 31451 35228 35251 43335 46536 46879 50262 54871 55094 57538 60287 61393
662 954 1814 2610 3854 4643 4947 9336 10306 10344 10973 11176 11381 12056 12614 13133 19096 19321 22213 22375 23097 23579 26781 27989 28619 29365 29936 30765 30963 31399 31889 32859 37628 75410 83058 87231 100658
1170 1262 1976 3218 3315 6639 8327 8612 8771 9782 12236 12361 13126 14677 15176 16769 17405 17825 18039 18821 18845 20861 23788 23802 25259 27193 27525 31321 32300 45197 50147 54655 56755 62642 75553 84406 85248
1108 1536 3540 5042 5506 6006 6045 8948 11021 11208 11612 12113 13693 15039 15260 15278 15423 15833 16883 21391 23381 23479 24329 31723 31918 34641 35459 35489 38128 39363 40408 41243 49077 64463 66145 67250 76268
93 493 2608 2723 3121 3142 5234 6005 6178 6497 7095 7273 7416 10373 11845 12154 14528 17256 17565 19854 20749 25054 25283 26447 28381 30112 39339 42849 44644 48510 49085 49309 53131 58779 67446 80051 82337
18 351 423 1148 2081 3100 4915 7483 8155 9445 10090 11766 13872 15415 17700 21516 22974 24351 24514 24588 26223 26519 26529 26728 28532 29103 31236 34960 35708 38980 40287 40721 57073 62457 63594 70526 91515
756 1111 1506 1575 1823 4213 4282 4343 6117 6262 7801 10043 10173 11229 13005 13452 14323 14934 16446 16784 17414 17818 22137 28865 29557 30577 32270 32919 33210 34638 35304 39345 41666 45134 107623 118980 123809
1134 1188 1867 2500 2963 6443 7449 7461 7462 10183 10490 11570 12094 12880 12955 15849 16106 16928 18066 20705 20718 22521 23087 24308 24991 25738 27346 31893 33871 39331 39854 45083 48398 65495 66883 70652 134203
598 2144 3044 3054 3093 3769 5305 6597 6893 8029 8961 9005 10164 12364 12890 13672 15319 15677 16434 18246 21614 21762 23402 24693 27202 33452 34533 36812 37938 38843 39368 46343 51221 54063 64373 94412 146579
257 1362 1836 2215 2291 2703 4785 4983 5035 5220 6359 7334 12260 13120 13412 13484 15454 15708 18231 18536 19486 19968 21517 26627 27403 27838 27947 30668 35118 36409 38389 51119 61552 63137 64666 86518 151750
515 1237 1962 2069 2337 3216 5159 5393 7608 9360 9858 10297 10695 11119 13264 15608 16794 17253 17346 20017 21858 25918 28058 29147 33048 33887 39506 40219 41942 46136 46663 48570 51679 53188 54047 77241 92902
478 1029 2049 4810 6734 6945 7178 7821 8384 9377 10162 11488 12632 13307 15325 17345 18318 19091 23092 24265 24568 24610 25053 27630 30727 32661 32693 33206 36651 40758 43206 43621 45164 48752 50932 64769 101821
430 4382 4726 5509 5640 6378 9868 11080 11092 12502 13632 13898 14099 14648 14774 15203 15261 15379 21568 23273 23528 25258 26053 28431 30075 34223 38330 39581 39911 40240 43419 44038 46762 50144 60265 64895 98484
103 416 1006 1308 1412 3589 3714 9579 9589 9599 10245 10375 10403 12146 12318 12476 12852 15269 15652 18800 18888 19573 22787 23662 23995 28871 29894 34188 39053 39804 45017 46752 47213 48008 78649 103505 153129
393 1654 1935 2369 5635 5940 6657 7190 8700 9488 10661 12068 14631 16657 17632 19596 20660 20690 22943 23525 23754 25406 26142 29138 29213 30350 34276 39314 39495 40246 42856 43880 46342 47805 54479 71123 79632
275 452 2512 3965 4875 5157 6873 7378 9128 13434 14277 15488 16055 16178 18616 21108 21425 21593 24777 25526 25819 26812 28377 29359 31082 31580 32659 33493 34462 35228 44372 46418 46683 54073 62034 65685 79756
1206 1390 1455 1461 1815 2224 4085 4204 6115 8458 8539 9188 10531 12491 12696 12837 16922 21145 21205 22237 24468 25100 31020 32333 32792 38208 40741 40856 41467 42164 47432 49435 49777 53032 58497 65553 94553
245 1972 2914 6326 8793 9827 10237 10345 10806 11870 11911 12084 12637 12822 14457 15988 17070 20931 22365 22788 24000 24558 26837 28429 29402 32645 32745 33333 33726 34645 37771 53860 59514 63329 68288 71961 78448
131 202 616 917 1754 1979 2012 2172 3732 4494 4946 8667 9538 9681 9910 10652 10904 10955 12175 16931 17809 19337 19566 21199 23512 24516 31268 34825 34937 35441 36577 51404 56304 87193 90602 108785 155372
1527 1599 2524 3010 3432 3477 3599 3890 4436 4481 5644 5850 6192 6657 6981 8168 8702 9406 12782 13872 14169 16733 21180 21606 27516 27563 28479 30672 41178 44557 48144 54472 55882 64615 69507 91191 190714
1061 2054 2344 3286 4160 5215 5371 6932 7363 7478 8610 11008 11822 12526 13992 15670 16599 18230 20525 20643 22253 23117 23570 25030 25465 26292 29087 34518 34821 46646 52549 55872 57335 64484 75475 85297 90434
316 402 1388 1796 1894 2375 2896 2978 4031 5114 8016 8631 8759 11031 12110 13298 15207 16960 17019 17302 17647 23357 26007 31312 34757 35591 35862 43337 46693 46935 50070 55026 55824 60281 65494 67340 108474
599 935 1872 2446 3056 3393 4546 5093 5627 6765 7054 7782 13690 13770 14757 14764 15923 16677 18278 20499 21035 21906 22377 23932 29626 30086 32822 37003 37270 39501 43609 44751 51750 77091 80433 81089 105244
15 112 4121 4757 5951 6740 7449 8711 9877 10010 10076 10416 10791 13269 13392 13505 16323 17756 18727 18967 19475 20588 22015 22059 25922 26797 26806 35136 37291 38978 51050 57293 62897 71087 73784 82808 89564
538 776 1766 2110 2339 3426 5868 6142 7010 7247 7714 8247 9873 10429 11119 13377 13929 15082 17872 19135 19242 21100 21200 26839 27405 31199 38668 40545 46337 47261 51460 55865 57757 58885 63162 64877 93631
1020 1902 1927 4406 4406 4578 5037 6626 8910 8929 10628 13416 14372 14412 18016 18361 18665 19106 21877 22478 27683 31270 32766 33549 34667 35698 35964 36045 38396 38398 38791 41323 43765 58520 63197 65615 92856
752 1066 1453 2006 2331 2558 3939 4668 5369 6463 6743 9055 11443 11475 12877 12939 14868 15107 15498 15714 16949 17618 18655 21261 22515 24218 26927 31509 32502 42903 46430 54135 60138 64866 65951 90166 149653
292 354 603 842 856 986 1522 2250 3857 6612 7531 8415 11109 11306 13857 17311 17584 18738 19112 19965 21134 23853 25007 26136 26732 28975 29186 30450 36537 37197 50393 56197 64397 66225 79766 83125 94378
