1000 10 38
284 351 1078 1479 2775 2820 4946 5543 5885 5991 6091 6251 8364 11110 11153 11731 13036 14221 15558 16952 16975 20115 20481 23979 25299 27914 28061 31858 34139 34237 35295 36932 39857 41217 54681 61936 80180 117271
47 223 1703 2093 2542 4540 4866 5552 6077 6300 8455 8548 8961 9001 9598 9673 10531 10644 10927 12308 13216 14286 14638 15715 20871 22889 23030 23271 24254 25195 27499 32157 37446 52497 53429 60434 98883 122912
625 844 980 1416 1420 1666 1736 1872 2347 2633 3995 5728 6153 6291 6479 8491 8662 9029 9748 10177 10509 11210 11292 14929 15796 15961 16740 17325 21047 21165 21643 24027 42782 47038 52491 106051 106685 121334
707 859 915 1745 2397 2637 2932 3277 4753 4842 5054 5949 7940 8383 9861 11133 11763 12752 13592 15349 16114 19582 20567 21197 23513 23946 26300 27344 27909 30187 35018 35540 40585 42978 44880 50860 64236 106832
1311 1454 2368 3045 4166 4733 5474 5481 5887 6749 6907 6973 7335 8089 8188 9231 9715 10476 12389 13912 20818 21630 22088 22093 22428 22788 28129 32895 34935 36004 36856 47046 48450 54666 56607 59121 65970 91537
426 612 1113 1590 2217 2481 4442 5007 5167 5386 6941 7043 7495 7653 8073 8494 8849 10997 11157 12410 14655 16459 18964 20732 22556 23587 25606 31317 35855 36264 39634 40819 41065 52161 54859 55661 64529 78789
9 192 850 892 3815 4539 4694 4778 5673 5742 6653 7013 7518 11771 12283 12722 15843 17711 19135 19631 20559 20842 21555 24115 26018 26260 30633 31335 32919 33498 34578 36291 40962 50746 53961 54125 69531 86412
29 210 512 1411 2273 2534 3078 3598 3964 4851 4970 7912 9406 10739 11660 12943 14631 16594 17038 17455 17883 22171 23889 24298 25816 27261 29088 29868 34707 34893 41683 41765 46335 51645 53202 55365 61067 67087
94 323 1002 2167 2382 3125 3160 3838 4282 5502 5785 6314 7117 7348 7709 10458 14334 16028 17587 18494 21123 21517 22939 23346 27561 29718 30227 31128 31391 35516 35568 41903 54661 54674 55309 68070 73622 83947
497 552 856 1336 2504 2783 3287 4104 5055 5511 6738 8220 8238 8858 10175 12084 15996 16795 17477 17724 18078 18371 18672 19360 20976 26381 27855 27969 29224 29229 32333 44037 47231 50606 51061 51184 84442 92783
