1000 14 20
1348 7032 12343 18381 19849 26616 29946 35872 36426 38882 42792 53073 58140 64405 65540 67544 85575 90714 91426 142280
405 2621 3323 5694 5792 8137 10451 21226 29483 29589 40214 43406 51084 81410 87205 95863 101287 102224 103053 165885
629 6421 12018 12844 13110 13789 18072 22601 22677 34002 39352 43204 51703 51991 64023 71348 73999 94549 165817 175263
233 3332 9427 13844 15398 22481 25942 25990 31186 32550 35135 41623 45466 54003 56678 73992 85133 88373 125260 202393
1482 2342 5074 7230 7744 7902 17248 19983 21866 28477 35492 46461 63382 63755 73845 92387 107606 123126 123500 138344
4186 6949 12095 12194 12583 15140 16991 23028 27513 34760 42858 50595 53131 55164 57369 89475 108008 111153 129715 131383
844 1603 4735 4812 10112 10277 16322 18149 19395 22904 33093 55251 55741 63338 66016 85006 88275 97933 151100 184224
337 1489 3824 14271 29304 33509 40477 40488 41639 41916 44518 44604 45834 52760 57828 58371 74718 77292 113118 167885
2192 11319 15001 24788 26505 28713 29460 29978 32538 36714 46639 47061 52005 59645 62812 63181 77876 88606 118011 133046
2880 10467 13594 20293 20976 21261 26749 34332 36732 38455 43057 49966 53641 55783 62143 71208 77999 85747 87174 178916
184 250 16885 21275 22936 26113 31446 32737 37559 39303 40846 45155 49312 50792 52528 56341 78270 103290 124275 164423
2651 4872 5271 7007 9868 12522 18777 20364 28353 31307 35786 39442 54561 62780 64131 65088 79790 122127 124117 195407
6488 7692 8813 10805 15613 32361 34214 35959 40747 44482 50089 53974 57370 68500 76282 80125 82418 84835 88109 107708
208 1002 3704 7975 17895 18071 21501 29183 29858 37055 53503 55424 57892 67921 73390 77196 93091 95640 122919 129624
