1000 43 14
2147 13025 13749 16012 17393 17752 18070 32569 59099 70928 86476 137273 142299 142877
505 2312 14327 16966 18977 26132 28099 32319 34554 46090 94783 142770 147913 167728
6795 7836 19331 21915 22941 38647 47894 50599 69155 77782 91353 93338 121159 121632
1048 2874 6678 10239 15516 31186 37619 41658 45548 53831 56880 80552 88263 227174
3358 4519 12294 12744 14209 14731 19522 28625 61389 63046 64995 115367 161189 222553
291 703 3872 4520 6919 33497 34542 36981 38477 56213 79745 108469 122233 173232
4473 8681 10758 25254 26639 32803 39059 46273 51133 58651 72448 77087 94086 221362
2327 2798 16677 16937 18833 21713 27157 30427 32113 40571 57439 99647 104285 224813
827 11001 12686 14032 24794 27606 30857 33568 36690 53642 53979 57581 114016 230519
1538 18610 22651 25961 28623 29482 31301 41824 42091 78325 85556 95159 135768 179467
3025 7206 7779 8241 12644 19110 30633 31582 45668 50134 78628 97374 114589 215200
2053 3381 5581 9083 10886 13235 31194 42390 45979 60208 71526 78639 111854 198812
17997 22361 26384 34072 42526 51008 60722 70121 70743 84034 91209 93335 94134 100013
1506 8497 18670 20977 33043 41982 42556 50973 58356 74312 86550 93889 101239 105639
174 306 6201 6749 10099 17494 36524 39874 46850 59447 71841 131566 160011 210501
1398 10556 11957 16701 23500 24070 32194 47801 48154 58998 90324 98141 107312 115848
1157 6896 10726 24670 26598 32615 32922 45748 55772 61293 76007 101993 111531 152052
709 2980 13128 26232 28205 28905 29929 32428 49621 88324 97936 103376 126895 224444
2729 7174 10139 20543 27302 38203 38330 42803 43135 54300 60968 90090 107499 144649
5060 5965 7872 8242 15349 19534 32706 34332 36379 83862 99533 100214 143622 240419
14043 15502 16168 16510 17763 21730 34452 36829 39988 44757 55326 59275 83511 300262
5365 10353 10683 19280 31153 38486 41371 42437 47581 56861 64615 77678 91810 244922
84 1556 7250 10302 16263 33086 33092 34264 56332 79556 99667 120712 134536 198267
7600 10145 12497 16054 20251 23715 28277 36697 50729 51363 62001 73369 76369 228265
893 1697 11933 13281 16618 27507 28979 29122 31938 51124 64223 82294 93778 245008
1136 4233 14885 19610 21061 26911 36832 51699 58028 64658 107266 109855 122612 165233
3249 5923 13788 18406 30132 30586 33853 40865 45916 46988 70133 91846 101689 179804
8582 8966 9294 24335 35556 39473 39613 41139 62557 69061 100409 106928 112366 183104
12030 14698 15012 25457 33583 35300 44210 55511 57948 67657 81687 85456 94788 171404
3227 7383 10367 16933 20340 22554 25329 41299 62284 75153 77135 101407 103061 145332
1655 4717 16243 17065 31126 35645 47257 57443 62309 78301 87186 97923 106373 162461
1790 6220 17952 19457 27963 28977 36593 44698 48946 53672 53973 67061 107750 182314
1339 2014 14611 16187 20182 37104 38188 50706 74371 83868 89728 91584 100877 215294
2564 2670 3334 5758 5905 8076 32222 53235 54547 59033 80709 95155 151248 223335
446 1163 5474 9741 22175 23958 35420 64404 69106 84907 94693 103110 107633 110225
1803 5272 5645 19720 24920 25998 37497 42329 47589 67047 69467 107054 153098 263092
975 3914 12814 16102 18156 20360 29227 31739 38919 44092 74171 82350 101534 209661
7154 16354 22735 26815 30007 38836 49325 58193 59353 59781 66903 68972 76497 238534
3519 10956 13529 14159 20300 33825 37750 39957 46782 91157 91425 100891 117618 209335
1525 7075 11941 12151 16771 21385 28445 39439 39710 39861 54000 124885 126230 275827
42 326 3829 5956 15782 30724 34449 36288 37491 91028 106374 128159 150853 249134
375 10817 13766 15710 21944 22474 38633 49627 53598 78203 93063 109621 126823 210448
5326 5986 12679 12973 19198 20895 24856 26900 27494 62939 64173 90141 187422 323497
