1000 38 17
6156 7209 9966 13102 20385 23085 25763 30371 32423 39151 45177 46264 53543 59138 93406 95035 166968
5078 5212 8248 13681 20819 22609 29264 36571 37523 38171 44225 50487 65681 71569 92474 112561 160260
2459 2880 4855 7079 16489 17191 19905 27004 42426 49641 54222 55900 70242 87519 103774 111174 208684
942 4181 17195 22861 23391 41770 46164 48566 51469 53365 54805 56776 61399 66850 82668 93657 103230
11439 18219 20359 21946 24478 27603 29146 42118 43607 43710 53247 59077 63345 66578 70982 81924 91262
458 717 1664 3954 5111 13969 19609 27705 31810 36068 53540 55396 73796 95705 120268 133287 156295
458 461 7016 10081 11993 16817 18369 22847 25973 27803 28001 35527 44939 60350 124281 148769 162479
4676 7293 7741 20957 20968 24015 31413 34319 35314 44183 51642 54040 54322 61916 97009 99960 110361
7734 14596 15173 16741 17864 19553 22478 22577 25704 27651 34349 36676 54185 68660 96212 178207 244270
2831 3778 8109 8771 17008 22425 33515 37158 42791 46273 51715 60089 62550 65526 66589 97537 154367
2622 8291 8605 15198 18835 19873 25711 29600 33936 45667 55343 69632 70154 78694 83479 116213 133480
595 1399 2630 7084 11625 14193 17931 22592 24357 39028 40104 50313 61895 70655 84042 105229 201791
8128 15133 16622 16647 22066 28772 33486 33579 34523 42966 48345 50830 53438 72130 95017 95328 105653
4263 8380 9011 10145 10579 15601 29243 42130 43831 52936 55225 64148 64395 74144 74796 102455 175149
435 7603 16336 20828 21857 29941 30165 30206 47894 52688 53549 54641 55404 73482 87925 101998 143775
943 2648 3024 4333 10485 12614 22206 22406 22684 24308 25285 43062 43852 46417 53326 187527 235474
5276 5373 8527 13439 14034 15703 16678 33400 36385 38044 40350 40479 45808 72169 82610 135274 138283
5890 6112 7752 9573 13372 22717 23021 31264 32309 32512 49165 56158 69881 75211 111222 126759 236929
2995 4695 6706 19575 29516 31001 32061 33426 36377 61201 61407 66053 69899 72975 73797 80349 93716
837 7914 8204 8677 18737 19515 27778 29788 32062 33856 33878 50963 52095 87972 98987 147121 155906
1275 9888 12327 13629 16729 19263 21141 33581 36647 40918 48722 53063 55080 57124 64531 88389 190854
812 4966 8444 11833 13563 18830 19698 30887 33832 38905 48317 56234 56764 60425 93948 136271 196281
2002 3062 3240 6561 7458 7761 13504 21943 22128 31640 33177 45040 67589 72300 72603 152888 187262
4831 6312 11213 13322 29814 40003 41283 41607 41845 61623 70255 75489 76199 85709 91606 93011 119258
1770 7227 9053 16006 18027 18091 21130 26294 28095 29452 29994 34063 73274 79358 124505 152376 203913
298 4488 10632 11104 19013 28138 36881 37785 39586 41092 41150 42080 45385 52299 110431 118552 162892
1968 6702 10730 14712 15119 18821 19569 27048 30837 31641 61777 62423 69310 96503 105309 115323 145702
1184 4768 7302 10877 11046 11617 17041 17542 33705 45846 48338 50878 73357 99664 119791 161973 194492
546 7122 7995 8591 10415 11239 14123 17418 23718 33423 42342 83311 85892 98284 115818 124895 146128
4253 6665 7737 8529 13538 19969 20011 21393 30054 34607 34802 64493 65181 80184 86384 111731 123329
1511 1767 3542 10881 13379 15783 17505 18991 22834 25341 28798 35019 37989 49460 77563 202270 210332
9400 11854 14481 20535 29790 31345 39801 40092 43782 57967 63970 70954 73883 77490 79121 80170 119444
7153 7952 12172 15948 16177 25474 39458 40780 44011 53346 54214 62734 72443 103455 108622 117132 127122
2773 7144 11219 17765 19016 25981 29064 40128 54068 59291 61188 69372 71753 76198 87174 102945 105043
86 13658 13946 16326 17643 18613 20346 27435 30489 33768 35558 37199 41572 57793 80807 134172 229829
598 2379 5239 8205 8576 11206 20310 20768 21687 35837 36521 53129 58007 72091 100870 113415 179980
843 961 4461 5454 9332 13081 14197 15731 32134 43541 46959 48779 49387 70478 89049 110192 191933
660 1297 3645 3997 7604 14352 15291 17837 20957 34540 42457 44605 49060 66503 69391 134812 227951
