1000 23 9
34265 48034 68696 69085 101472 105731 121408 183042 230054
6907 15564 15808 26113 32634 43075 47051 169337 593377
19615 30791 47521 100665 108908 109864 147454 186937 191235
2720 11508 64121 101483 114132 154747 158958 159662 165163
2221 6027 31303 62215 92758 98198 151056 249936 250811
591 9678 70820 89427 102314 109404 116185 139205 302342
18103 18762 71392 83114 104432 117125 119160 207933 210987
8312 40715 45861 54224 92454 115803 135381 142839 294304
941 7894 13018 14011 70459 158173 170999 244136 244241
11055 62104 71580 84764 94457 96975 113336 166304 264015
8470 20938 28158 29295 30590 127231 169116 241340 291634
3902 5834 14987 45028 45136 92732 121005 253376 330329
4671 32289 45261 45601 59011 138205 189412 197361 236618
9873 27161 34176 81098 106143 109794 133237 155968 251147
5080 38801 46415 61160 68160 74434 97156 232883 309350
44524 65319 76359 84315 92881 126192 136669 147630 190750
29658 33716 46466 99233 108993 109770 110415 142512 246466
8794 24170 40847 54854 81834 126041 133062 210044 246531
821 3920 21753 31577 94854 104593 119430 159917 394886
8882 26288 64816 66907 99684 125759 140848 149556 265253
2619 17830 37066 57741 80113 101056 128242 164917 343982
5773 26401 32203 53637 57025 76168 121568 183729 367312
4827 21002 28438 60384 76600 103677 111428 161533 349976
