1000 13 31
1915 4476 8562 8666 8672 12194 14172 20104 20435 21160 21310 24641 26093 26660 27735 28289 29216 31942 33168 34421 37521 38408 38425 39914 40091 49737 50342 50410 52127 56063 70888
49 2340 4143 5190 5600 8607 8958 10801 11663 11942 13457 13939 14346 15082 17655 17738 18527 20255 21076 27537 31655 32499 40519 42268 45355 49561 51117 57887 70580 116661 120925
901 1747 1785 4017 5118 7718 8316 9029 11562 14855 15072 15383 15644 16415 20146 20649 26683 28769 29255 33334 33812 35715 38236 38530 46102 54477 65697 67145 71011 76079 105270
2039 2944 5051 5271 5667 6164 8241 9475 10404 11615 13245 13464 14026 14572 15320 15598 16182 21720 24075 24548 25205 33539 35200 38876 44844 52851 65977 71560 90119 118664 141493
2108 4194 4456 8046 8772 8852 9520 14473 18184 19111 19253 19490 20083 23283 23326 26279 27409 28754 30502 31482 32104 33914 36887 38079 44872 46062 52686 53475 55274 66615 90801
3711 7238 8956 9452 9914 11093 11233 12392 12410 14058 15833 15986 16059 16346 19618 20511 25698 26901 29545 32977 34135 37711 38412 39843 40468 41388 49998 59294 60342 84763 106742
2962 3482 4461 5630 6506 7159 7427 8177 9817 14559 15124 16182 16364 16885 21752 22472 23018 27437 31321 34966 36869 41762 44521 45094 45877 53753 60617 64529 66932 81947 93453
2965 3064 3326 3702 4177 4587 5090 7618 7710 8915 9507 11010 11951 12445 15519 16527 17296 17837 18233 19209 29182 29753 30589 30944 45349 52835 52914 62331 63164 158985 180385
779 1279 1738 3500 5222 6047 8351 9375 9578 12211 12890 13428 15145 15149 15392 17503 18564 19192 20976 23164 25093 33571 35252 37090 40845 55166 55267 64341 88238 103558 130757
948 2167 2247 3792 5186 6501 11878 12012 12018 12768 13497 16413 17266 18151 21640 22618 22912 23329 26872 26958 31063 37255 38700 39818 43342 46807 63958 66128 89661 98298 117270
1174 2233 2470 3425 5006 5206 7962 9590 11053 11336 13257 14407 17127 17286 17840 18511 19362 22286 25445 26101 26825 28081 29632 30542 45594 49203 57121 77398 86113 93869 129654
1274 2281 2527 2892 3360 4574 4907 6569 12414 13776 15759 16030 18733 20340 21273 22147 25492 25776 27592 27718 30552 31319 31598 34255 35730 40288 49825 70032 75227 90888 174564
267 2656 3447 5710 7580 9637 11774 13203 16093 17646 17801 18253 18559 19124 20420 20856 26206 31070 31075 36196 37469 38724 39740 40676 40833 44884 45208 50230 52734 94887 104677
