1000 49 23
4588 4807 5603 8513 8524 9397 11855 15486 19351 20825 22532 24497 25005 28350 31404 42474 44062 65089 92367 98252 121056 127265 142893
802 1908 4523 5249 7216 7585 9129 16260 16978 23120 23356 27302 31723 34352 35274 42944 45938 49793 49958 53184 100988 181513 201086
610 1183 1474 2504 5472 11045 11906 13269 20328 21189 28494 32098 39077 40738 46535 46940 58140 59219 66805 70724 85831 111515 175002
132 1688 2557 7170 9270 14945 15953 18540 25128 25815 26277 33620 35518 35597 36719 37986 44202 48608 51699 57869 74842 84118 265372
1517 1609 4301 5987 8007 8562 16209 18140 19406 20529 29871 30104 31119 31746 34752 34798 46343 50110 54447 65543 88128 119761 241490
369 5629 9806 12572 12870 14497 15699 16106 18252 24795 25748 30319 33164 37082 40270 40652 45575 49693 62031 80003 105390 136202 150165
1777 2548 4475 13526 15102 15233 17302 21077 22947 24908 30827 32321 32495 40299 47268 50656 51742 59702 73479 86298 88296 89610 120851
73 1520 1609 5935 6428 7006 7802 10403 12848 16775 18592 28426 42160 42164 46082 47476 62857 72007 94639 95145 101599 104247 132093
2560 5665 10056 10605 11639 12310 12793 15765 16504 19497 20629 31844 34195 42601 43092 48204 49995 53493 57898 61802 68867 124035 210944
2503 5108 11157 15262 17291 20363 22352 22445 22689 32332 33619 36236 36843 38955 42656 43567 46860 47630 59653 74638 78929 82769 177276
4159 6086 8056 11811 11987 12673 17046 17066 17371 21568 22220 25662 26080 31679 44673 47091 58639 74439 77348 81678 88771 92235 156374
160 790 12083 12446 17559 17618 17746 19310 21055 23314 24229 24484 33617 33913 46955 49318 49909 56202 61223 82556 99312 108352 127109
1463 2971 6084 7893 8891 11928 13932 16689 22702 27382 28023 30540 31352 32040 41596 41657 54958 56971 66731 70421 99522 112497 168804
4137 7517 9695 11350 12875 18241 18902 19020 24062 25328 34038 35771 36015 41399 50151 52309 55379 58321 61862 64691 70491 116207 120958
2282 3358 5682 7732 8347 10685 10925 16373 16893 23227 24678 26557 36902 39751 43126 46704 62786 70723 78277 88417 88668 96004 143384
760 3663 4141 4997 6853 7876 9912 14538 16396 20848 22346 25880 42793 50247 50332 53184 54039 59683 67122 69959 99804 116092 165815
497 4114 9970 14473 15096 20426 22610 27855 28689 30087 32608 36380 37593 39878 42759 43344 44511 44974 46520 56947 72176 125295 144241
1206 1306 6712 9438 14107 15457 19885 22332 22402 22633 26477 27033 29444 31003 31236 34115 36603 42009 58517 58659 106223 136354 200443
540 4050 4435 6356 10204 10455 18390 19445 19623 22494 26405 28649 29642 32920 34148 37631 62214 64617 67410 88880 92375 97474 169684
2779 3200 6397 8655 9167 9743 10683 17204 18767 19381 19634 19739 24818 26334 29234 34416 37145 40373 45870 71060 87120 147281 256074
421 2136 4106 5223 5451 6142 9033 12451 16697 18436 20468 23594 27071 28890 37565 50464 55739 61154 77325 78940 88669 117361 203009
4446 4839 6513 7528 8662 12714 13383 14071 15191 15854 21164 22257 22369 30856 36492 36852 41449 49479 49780 74882 75277 110860 281832
4040 6230 8542 9568 10724 12127 13659 15120 17417 21304 22265 25961 33922 36501 38817 41061 55466 62458 65999 66298 112766 115469 162783
2880 5121 11642 13427 14033 17944 19112 19241 23020 24008 26301 29839 30900 31493 33480 34572 35868 36504 43105 72847 107659 135403 176718
275 493 15658 15940 17099 18643 18853 19211 20236 21663 23781 27380 28376 31544 35297 38119 42863 46016 56844 60061 99718 139376 188582
438 4185 7494 7702 11911 12754 14886 16087 18651 26178 31344 35978 37691 39992 46956 51267 62412 67318 76412 85836 87854 103274 103985
1777 6254 6414 6688 10018 10931 11843 13558 14594 22790 26932 32255 32712 33634 34535 37096 37462 38590 54642 75240 102400 146093 190979
1072 4738 5524 5533 6605 8823 9778 12989 17052 18150 18742 20276 25010 30322 32264 56546 62310 65220 67393 82098 83705 146030 190391
1215 1454 6618 8941 10176 10487 11193 11395 13425 14575 15577 16876 19776 20475 28448 39351 42693 43302 86797 91611 116813 136486 217400
5905 11551 13007 13180 14388 16053 17261 21703 27111 30610 32435 36250 39650 42218 42251 50772 54406 57150 64094 72002 77246 80764 146464
214 781 4334 7132 8793 10438 15448 17185 17610 25242 31533 37920 41117 41167 41633 43820 44897 46545 57115 60404 62429 96083 248204
1196 1239 4793 5520 8683 9727 10696 11633 17070 17109 22882 25795 27675 27988 28271 50875 75723 78906 80366 85745 86398 123427 137962
1164 10069 10470 11926 13069 13830 14439 26191 27252 29952 30357 35385 47182 48963 59616 62767 64044 64307 67400 68855 70344 77828 87150
662 981 1778 3416 4568 7217 7597 18167 20482 27627 28034 29555 31936 40572 42271 43001 54618 59365 62864 99691 106674 108725 141538
1659 2458 3007 7809 12742 15204 15226 15726 26169 27983 30215 33516 33879 36943 39667 46434 50155 78849 79350 82161 105309 107794 119612
1668 4191 5842 9918 10873 14951 14961 18948 24138 24289 33080 34760 36186 36529 52081 59749 64204 65856 69669 83148 84180 93918 100235
6711 10272 12307 12482 20958 22737 22818 23242 27422 30266 30752 38056 39515 44140 47104 48637 48740 68871 69522 71119 87148 90214 96216
4476 4661 6695 9862 12803 14636 15833 17368 19917 20277 21908 24265 35729 39758 40642 42176 43472 63723 85800 90447 100369 120800 123133
887 6992 8705 15255 17063 19615 20441 25110 25200 26030 31240 32079 37065 37978 48275 50516 51719 54181 54242 70294 72346 76894 168590
2215 3916 7616 13510 14511 17069 17926 18066 18640 20751 21389 27924 31096 32333 35175 38510 39950 40478 47145 93293 94302 113893 209995
1062 2002 3370 3702 4028 6937 7510 10009 14970 18233 21767 23509 25542 27928 28979 44410 46601 54532 71559 71965 72355 103216 289073
1753 9557 12062 12157 13269 18830 19498 19540 19955 22176 30193 38024 41218 42273 44071 46386 52918 53201 59283 86705 91405 92578 113034
31 861 1501 3321 4696 5105 12019 12609 16188 16776 18691 18793 21052 22944 29410 58415 62192 74362 85307 91952 109185 116876 159475
658 2029 3070 5191 7606 8021 10499 14620 15343 16954 17147 29910 30203 32891 36260 37069 52797 86411 88514 95536 101881 119896 128374
8730 9284 12278 12507 13347 15233 19423 22354 25895 27456 31788 34997 39757 44556 50003 57654 60534 68533 69109 69864 83247 88664 100653
2021 2260 5552 9600 10321 12451 14267 17070 18629 20045 22939 30372 30926 32731 33434 33840 48403 60835 70179 91543 98211 100186 173092
1003 2362 2621 2731 6367 7586 11686 12635 15563 16035 16226 17912 21201 22409 23456 24851 34021 36759 67861 100893 145216 173876 182641
554 2867 5000 7220 9039 12832 15546 16168 18964 21570 25812 28259 30116 39272 42219 45772 58294 64820 69180 73651 104869 108943 137109
269 3121 7773 8722 12669 13004 13520 15406 17210 23165 23891 25570 25583 25753 31092 40287 44835 45580 56923 71714 78298 81834 279311
