1000 49 5
10417 62962 127872 169639 598711
59043 60734 105568 320047 417142
40772 59574 179492 271093 427092
6135 6455 103285 224356 620652
58599 138449 217858 244408 289162
30684 60176 181691 203290 463122
19903 111623 115769 189898 503390
59139 78355 133998 176572 525290
25756 38744 52429 237116 591804
45017 104599 172442 204562 430903
28757 49405 140125 200507 532621
36592 45855 208074 213453 456512
4171 50390 68164 143003 700378
12364 48077 253079 262105 369942
74985 133289 213559 244832 296453
54292 141069 198242 203304 381111
51617 64537 126980 232840 462497
15291 95573 139006 187736 500863
87452 96801 137863 246001 390452
4645 5384 16072 308263 614085
22941 31037 253742 316421 346608
42506 110014 236550 262828 318307
86006 125633 150211 242441 367781
56577 76055 229766 283782 325003
82605 126765 161465 286137 308035
11338 38048 182317 210977 527429
56563 77210 155854 173411 499361
50809 93817 157058 193694 445809
52771 133572 169520 262223 321479
446 8820 62525 80788 786899
16557 25738 144307 189638 582846
2327 37204 46622 242565 641715
16369 71933 120764 286079 473732
56764 101733 138091 157155 493983
8774 63779 252836 312755 329801
34920 47334 62013 409971 412392
83018 113899 199129 260878 306334
35846 130084 179978 247857 368324
104392 108548 189301 222764 348602
10621 98890 129145 213523 524000
6777 9852 254780 280453 404643
2599 39374 160765 166823 592816
10131 24855 280756 294754 365928
13082 13745 227691 334562 363807
8707 16636 44003 412753 484086
74292 101118 101464 243922 453158
17303 62343 192783 328850 362171
23335 37182 82627 256173 539218
7105 77943 133282 330656 404895
