1000 22 7
40077 48775 49990 103061 124149 203647 306203
22610 64406 71364 132347 172707 184331 208096
22052 26713 116797 120857 136797 203439 236221
1284 35015 40342 98727 167566 225923 230144
766 21803 27077 33348 119771 206060 458592
15836 51110 65079 98789 132096 211738 270736
47307 52810 56965 59974 64075 271994 343317
6625 38694 59159 106429 123140 197035 337426
23515 55868 67432 71073 163283 172065 230871
12551 20252 21853 50022 148623 171261 375901
12845 28217 61763 63862 100606 216331 392109
23819 30970 70511 82707 93002 165892 359293
3994 5108 19349 77013 232257 254230 318111
4917 44292 51172 54168 102751 210868 332081
10663 53432 63181 123282 163571 191380 228768
44711 54189 82272 84272 90928 211690 218004
33405 36929 52029 85795 123216 273341 303969
21179 32555 46280 97915 113298 170863 338025
16481 25228 32294 95258 140537 164713 320240
4149 12367 19661 70172 92127 158962 489122
17849 21521 41325 55988 56780 260995 333806
22373 27703 46900 67291 82972 235582 331333
