1000 31 11
11485 23738 29541 40195 44816 67614 97484 112177 127952 204451 235787
3991 4328 7922 10953 26918 42965 109097 114041 131495 270358 275874
6657 17286 20804 27492 38884 85076 128104 133992 162120 170507 204243
2371 6390 13215 19647 24908 33071 35239 101919 180255 198470 382100
1026 11546 12326 13068 25331 38920 85507 85666 118650 188223 417756
9265 9985 18534 19439 29430 81042 99063 141016 146057 147642 295139
15908 25799 26024 30868 61986 95182 96434 97338 141547 152434 251418
2211 5651 8078 28086 61699 82432 109930 120958 122916 224335 228567
11279 16815 50781 56610 64604 78681 84951 87948 154525 183322 206727
9398 23656 28388 35801 46066 50180 75515 125714 147869 148492 304084
6139 11405 32013 32373 43886 52081 56975 150927 166130 180135 264665
25954 26255 32692 35926 39554 43275 46493 106933 124438 140694 374227
1630 2819 20737 56215 59336 60284 87640 94073 104779 153573 356630
5968 26360 29552 31494 34391 35930 79319 109372 148364 213684 280676
14469 24673 24878 33298 57663 58008 103876 123913 128391 163053 262544
5512 8508 40639 58048 62741 74920 83628 134486 160708 172312 195091
7162 16609 24048 26856 67075 85880 90426 121716 152007 175653 227279
8759 12263 48629 57899 60540 62252 81184 91703 156901 193952 221875
6596 24316 29168 32322 60888 68311 72894 82900 126140 190440 302220
10135 12315 21254 44261 50423 62168 81724 113868 146829 163456 291049
599 9460 9666 22995 51361 56150 70196 121910 209139 215381 227957
3259 26142 33303 50616 57115 59203 79931 110463 181254 194387 198818
2857 38533 53729 54015 58263 79743 82871 84264 107854 168335 266118
3510 7728 10010 29282 44283 54858 64030 83065 214118 236353 249558
9755 23366 37411 38449 56580 70164 101600 101709 145342 198166 213494
12225 15137 35764 39917 50287 67554 100798 108289 161762 190611 215563
7348 9335 12219 18411 47898 70187 85635 126584 163520 199384 257225
5864 6117 16104 53861 53944 60808 69096 70338 202655 224552 231809
6829 39723 43386 44291 48442 62620 68157 90787 149130 198031 243759
6622 9787 12731 27101 40402 44232 55934 62955 156633 196538 382040
14830 22243 25320 30270 47607 48212 69771 78039 90795 277045 292555
