1000 31 24
1694 4191 4896 7414 7524 10383 12137 12865 12899 18304 22703 26456 27427 27726 32543 37235 50316 51817 56491 58345 66964 67278 67287 82499
1006 3618 6515 12071 13088 13729 16229 18268 20531 25253 25545 28871 29189 30782 32885 36879 42927 44870 46175 46869 65195 70529 74100 92065
12 137 2053 2798 2933 4857 14157 15520 18093 20139 21484 22801 24593 24913 29987 30322 54087 62170 62314 70082 72411 80437 95669 126119
678 2187 3472 5109 5305 6294 6926 11751 12492 13482 19647 20317 21410 26819 28771 32482 45018 47226 50023 65536 75255 97712 98054 130998
879 990 1318 2517 3602 3696 3710 9331 12709 14601 15765 16198 27374 28081 28260 29987 31824 38888 50882 60338 68278 86731 104879 114706
493 3852 7901 10849 11376 11593 11612 16132 16442 17144 19017 19539 23665 26186 26397 26604 28665 44120 51829 59702 66196 67861 75955 119581
162 5903 6515 6825 15108 15995 17154 19208 19346 20968 22631 25034 25206 25678 27271 32249 32357 48570 49613 66432 69915 72930 82238 92297
449 2051 4110 10744 11317 14306 14697 15824 16097 18114 18441 19115 19834 20536 22955 34195 35379 35585 66628 66727 76737 89981 92438 99533
336 4877 4996 8140 12883 13349 13632 13864 16733 18418 19700 20223 26988 30482 30781 34409 41377 45011 45295 47759 52185 65519 74473 124017
531 1314 1781 3328 3654 6414 8377 8629 13844 17281 21355 23320 26027 26148 29118 35141 37918 40769 41316 41420 54712 93529 126356 166145
283 1060 2569 6138 7468 8584 9352 11875 13072 13439 15872 21836 22306 27520 29560 36487 50066 52768 60436 66397 66827 71378 113063 128879
1425 5093 8705 11722 14475 18036 18309 18682 19420 21766 25806 26849 27519 30710 32190 35733 37781 43314 43564 56566 59937 60891 63530 145434
387 2951 5125 7280 10006 12331 16674 16996 17341 22061 25652 29594 31096 31326 31620 31727 34366 43043 52705 53208 57787 60206 81866 88332
823 1755 4863 8915 9351 10374 15668 15784 16188 16247 19238 22040 28617 34287 41290 42303 44878 57198 57942 58097 68043 76360 79336 84100
2102 11162 11750 12763 16167 17692 18685 18782 20065 20239 22350 26843 31452 33766 45937 46161 49980 53392 55109 72447 72985 73735 81705 89262
1815 4595 6034 6659 6688 11496 12442 12882 14585 17361 19221 21149 21729 21831 24494 29533 36566 40942 42593 47979 49722 55692 99399 184786
340 864 1335 2456 3178 10127 10688 11303 13406 25296 29233 31838 35670 38484 43309 46105 46617 47020 62219 69363 76431 78132 83011 136838
1894 2128 2724 7285 8021 11903 12112 12193 12671 16166 16661 21976 22403 24607 29598 31721 47482 50559 51471 63240 71344 88155 99376 166246
695 1919 2257 2827 4064 10218 17211 22019 22557 23958 27882 29931 30651 35312 37038 38218 38536 45097 61483 71863 76025 78982 85142 90370
955 1099 2812 4885 7152 8609 11068 12903 17227 17831 18926 20130 21598 24612 25118 28213 35155 35883 40963 41613 53686 92280 103337 180921
548 959 2606 2942 4111 5640 6234 9726 13238 14333 18916 19246 19374 24347 25709 45607 50524 63377 69156 73346 73371 77312 81322 86624
724 4013 4438 4625 4832 5110 8262 10792 12608 20177 20831 24272 35191 35950 36595 38555 42703 51446 56595 69684 72901 76440 88651 108869
2926 3790 3906 5528 5688 7820 8541 9249 11263 11265 14272 14378 21025 24612 26038 26572 33654 40260 47179 65929 84640 87292 118633 121215
1927 3620 3878 5322 5369 7009 7947 8310 10719 18809 19228 19539 21634 25450 27050 29126 34473 54303 60997 62929 64102 77357 117186 160963
249 938 1938 2092 2430 3940 5301 5602 10415 10732 10971 12235 19216 21691 27788 40174 40613 48207 52239 57863 77485 92525 103862 111228
87 1397 3047 5376 5443 5568 6667 7960 13427 13765 16038 17801 24451 27773 28016 31608 34533 35264 54971 72013 77518 89661 100853 126585
654 1658 4139 4218 5104 6038 8232 10380 11171 12506 17960 22615 26544 43277 49642 55134 57660 59880 64417 65121 68756 71078 78927 136250
3750 5696 6138 7189 9375 10840 16194 16898 17028 18225 19415 21315 23107 27644 30934 33583 34329 35445 48273 48646 65768 66441 78358 123126
401 5892 8354 8965 11410 13017 14867 15082 16960 19438 21680 22513 22683 22808 29005 32255 48071 51556 51653 58517 62773 87159 107446 140649
1398 3090 4658 6271 9786 12496 13431 15418 16120 22393 23789 27113 29137 33003 35128 35766 38658 42808 44804 47426 60105 69356 81284 111143
3741 6793 7690 8382 9790 10858 11174 13653 16397 17718 18656 24114 25500 30540 34487 48869 50656 55145 59566 59853 70448 74039 84933 92822
