1000 49 27
306 1423 4664 6063 7095 11251 12225 12328 12480 12771 15991 19077 20384 25880 28728 36572 41098 42983 44167 46303 64715 68300 69289 77778 81202 94039 116083
977 2998 4056 7390 8622 8812 9608 11908 18269 20153 20937 21085 23944 25806 26863 36335 37364 42777 42817 43919 47471 58692 59439 60493 75489 114316 152672
765 1959 2412 2526 4873 5395 8417 10196 12694 15687 16264 17190 22353 24435 24739 27650 32855 37683 45770 52585 56777 61243 64640 72303 74316 98689 188832
2685 2815 6080 6630 10712 10817 11020 13071 14548 15126 18652 20751 25669 26509 36817 41751 45456 45517 45824 47157 47948 66961 67994 69498 70851 89503 103022
1056 1545 4274 4876 6273 12163 13653 13917 13968 14223 14643 15202 16230 16310 17467 29867 32758 35602 40176 40653 42588 47272 55986 56401 95472 145342 180099
605 1134 2723 4839 5015 8847 11618 14435 15613 17565 22741 23911 26528 28071 28387 32587 32690 43648 44722 44762 50096 60059 61607 68187 79417 109757 123057
911 2510 5998 7455 8436 10907 13285 17310 19866 21997 23544 24214 27948 28086 29608 32732 33540 34090 34911 40150 48054 53167 56509 57684 67248 128352 137478
303 385 1345 1938 2020 4279 6279 16959 18335 19063 22532 23640 25515 25580 28021 29693 36244 40541 45568 48583 58862 61908 61912 68788 83849 111404 134174
1848 2600 5596 8460 8595 9499 10474 11547 11843 14347 15085 19429 20754 29605 35046 36828 37144 42686 43254 44278 46953 51185 51576 53257 61354 121998 171939
2488 4464 4769 6405 11872 12044 12146 12532 14725 18203 19937 23112 23510 23518 24993 34444 35792 41654 43575 43704 47488 53319 60895 67298 71527 112773 133186
228 355 3047 3508 4582 4793 6044 6785 7191 9758 9991 12168 12356 13018 14093 18021 27195 28717 33501 48580 66472 67380 72080 86820 99327 112403 190236
1221 4629 5346 8886 11580 11755 15881 18237 18441 20151 25207 26801 27814 28681 33339 35986 38308 40513 44092 45806 46911 46956 47638 57716 66398 86289 149482
3252 4078 5929 7389 7591 8602 9817 12032 17937 20882 21208 21685 22187 28322 30727 32601 34446 34471 48154 48736 56738 65413 67803 86129 87938 89980 95648
564 1709 3230 3289 3828 4231 10671 12642 13167 13183 13998 15750 15917 23658 28412 36090 40104 42365 43077 53551 58672 62101 63756 63899 79330 83111 168895
468 1714 2676 5913 7308 13910 15019 15202 17467 17963 18843 19883 20101 21276 25671 26858 27045 30781 32424 43436 43601 44922 63149 76797 85797 92243 193269
811 1024 4677 5357 8638 8958 9865 10448 11982 18532 19211 21391 21643 21912 22201 27911 28762 37154 38215 40956 46247 54903 67451 75046 89918 137795 138379
1753 2546 3689 6316 9557 10004 10281 12690 15651 18203 19537 19660 20134 26526 31929 34749 36497 40108 42767 48102 55408 57300 58096 80153 83035 84035 130664
4485 5209 5382 5472 7079 8725 10879 13052 13573 15382 23621 23900 25807 26176 31865 34664 38917 40677 44643 45342 47229 49728 52466 56835 57335 69877 210406
1437 4929 12345 15179 16367 19658 20369 22686 24228 26578 26691 28415 28815 30030 32395 32431 35813 42665 43284 43368 53235 54020 54204 71207 76041 80743 86678
1848 2539 4486 5939 7077 9012 9204 9288 9561 9763 10803 11134 12794 13192 19937 25744 26363 27518 45308 46394 64433 72716 82688 89317 99912 131836 134980
1340 2190 7438 10291 11650 12956 14369 15007 15656 16692 20554 22768 24501 27218 31133 39785 42733 45772 47437 49847 50900 51352 53573 62137 87441 101013 117132
804 4500 6554 6988 7371 8630 8970 12350 14841 16916 18571 19015 26242 26243 31485 33405 44011 46902 47601 53918 54712 57163 60925 67885 94697 95951 103585
27 446 3554 5138 6378 6957 7702 9386 12229 14781 16563 18331 21174 24924 28284 30500 36934 42365 42778 45089 51454 60936 61846 64379 73687 104305 177797
364 801 2083 5020 8906 9555 14129 14362 15193 17852 17860 21642 21888 24614 35716 35919 38137 41270 41492 49908 53498 59078 65137 77251 91161 96347 118874
780 1669 3225 4302 4331 4571 13952 19596 19729 20260 23997 28016 28399 31120 39460 40922 42712 45652 47735 49962 53363 57024 58096 63391 70220 76985 136085
26 689 2656 6027 7745 8869 11398 11584 12678 16814 17434 21509 23094 23892 27378 30029 35751 38163 43734 58788 63173 63188 86034 86983 87455 90128 109136
492 623 1442 1448 1608 3542 4138 7356 11704 12319 17071 18695 19670 20690 21233 21971 25251 26158 29570 34826 48543 61311 62833 74326 92136 133058 227473
515 802 3054 6315 6753 9001 11318 11349 12772 12921 13392 17080 18381 22183 27325 30030 30717 35879 40840 49412 64858 69580 72603 72779 75007 89175 155541
470 1918 3747 4630 5278 6869 8403 12717 14769 16784 19022 21482 21629 22362 22626 29858 36785 42257 42953 48965 60387 60809 76983 82919 92510 106923 119407
291 1203 4448 6174 7213 8546 9889 10366 10869 13295 14180 16196 16868 17554 21994 25019 25393 30240 33479 39953 44143 46962 66063 95732 101197 108164 196826
923 2927 3850 3852 4519 5829 7075 7973 13553 13568 16636 17649 17947 18036 20560 21875 26368 29766 38561 49090 70210 71832 79488 89228 92305 96162 161675
1781 2766 5102 6217 6965 10075 14074 14793 15529 16199 16316 19965 23720 24106 28254 34672 36169 39049 40515 46737 55143 65790 69664 76107 82637 100426 110246
2007 2126 3654 4573 4840 5979 6276 12261 13089 14845 17964 18114 21005 23368 24062 24620 34342 37400 38414 49445 55051 55841 56419 66434 86774 137493 148792
1417 2480 2565 2857 4504 6800 6983 9975 10703 11321 16505 17042 18133 18462 20911 23922 27876 34934 36643 60802 61961 65933 71099 79009 90856 112298 165148
1155 2673 2946 3545 7677 8362 11030 12530 24839 25674 26622 27439 30264 32262 32691 36304 44571 46033 50161 56615 57880 57938 61757 64230 84873 85635 88535
2150 2547 3028 5816 7004 7080 8258 9643 16131 17556 23024 23262 23934 26199 28919 29079 35284 36997 38489 49182 54703 60348 68149 76331 77597 84160 153791
1935 3660 5231 8471 8485 10909 11705 12676 15744 17616 18975 23735 24027 25693 27093 43592 46606 48221 48553 49627 51583 54449 61049 66278 74130 103759 118533
5475 6032 6860 10177 10253 10975 11996 12761 14820 14896 14900 20289 22425 24774 27053 35432 37280 42129 44430 53604 60359 68762 72807 80981 85270 89129 94998
3501 3652 5567 6181 6552 9866 9928 10426 13714 20893 21594 21811 23592 24917 27608 28225 29001 34621 39414 48065 56679 57663 68328 76606 85589 112255 120687
2824 3670 5243 5936 8508 10205 10438 10493 14024 16029 17611 20690 20776 24837 24918 29152 37292 37781 41698 47987 50814 51241 53317 74914 91671 106700 142439
1853 2618 3594 4802 8633 12134 18758 20187 20301 21735 26420 26563 26799 27151 34442 35579 42714 43759 50416 51606 56740 57508 58505 65929 77229 82571 100652
704 3392 7929 11514 11571 11980 13282 14688 15633 17188 19498 19740 22802 23060 23995 24833 35659 37207 41296 44240 48583 48609 72759 79132 91409 93977 130783
1269 2004 5151 6117 6826 7127 8896 10940 12579 13639 27280 28028 29037 30523 32496 34385 34456 37536 38620 50683 53499 59612 71379 85553 86557 88636 97729
2166 3678 5362 6215 6403 7619 9088 9763 10600 21060 21983 24852 25306 29980 30392 30747 36496 37562 38526 39955 55585 56494 65063 65768 92052 100111 141151
2636 3194 4089 6779 9553 10579 10711 15734 16757 19763 19946 25931 26173 31134 32796 33322 41040 44106 52520 52552 55608 57775 62973 66047 73555 80191 129532
2740 3167 4545 5169 7288 8763 9421 10079 12074 12653 14831 15163 18926 20842 27332 31279 36445 42024 46507 48155 55000 69216 72206 76708 86953 104631 125193
1237 1384 2044 3737 4251 6107 7745 8659 8857 9691 14046 18396 22171 23807 27713 27904 32195 33541 36865 50803 56564 65296 70367 74370 78042 93634 206265
1312 1638 6209 7644 9936 11741 13239 13362 14222 15139 24922 25970 27734 27822 28004 28436 29335 35639 36556 41199 45054 45306 54330 64709 95865 117825 154063
1375 2136 4941 5385 5833 5896 7119 7379 8608 11928 13878 14129 14788 19211 22414 24460 27104 27199 30001 44374 53440 63069 67036 85938 120672 137878 139929
