1000 24 5
16381 100361 156525 236188 485216
8602 126950 179605 195722 483845
5026 121634 161903 220135 486752
14152 44126 209451 275739 450687
42256 93723 113738 140583 603625
4079 16302 224209 318931 431829
13597 41704 57158 374911 508885
58871 67493 177231 225663 466806
12720 27841 33426 189259 730715
37258 157520 209587 259431 332128
19965 85574 132834 299910 459288
25452 68710 133351 149723 618522
17512 42222 218674 295132 421912
28606 167922 194354 293737 312574
9086 71769 167912 223456 523366
12150 40025 164154 334249 445097
48450 60214 91740 210341 585810
125558 126522 127502 202536 415103
19665 120845 159802 191948 504463
78102 124118 170243 231917 392059
118827 147198 200901 253661 276575
55774 103496 105155 261466 468195
117519 173919 184984 198263 320360
130619 136598 165971 223786 340437
