1000 21 41
1020 1836 2131 2512 2946 4309 5527 5560 5850 6282 6388 7955 9077 9791 10000 11666 11830 12235 13706 14194 14545 14966 15201 15760 16129 16220 18131 19341 21627 23039 25251 27821 31468 35054 36854 38403 38425 41005 57778 83508 106482
1258 1455 1818 1914 3004 3097 3800 4675 6059 6634 6674 8178 8656 8811 9025 9661 10429 11127 12511 14425 14708 14713 17893 20767 24651 25051 25460 26544 26829 28108 29944 34998 36051 36124 36668 37157 38797 46883 47827 51344 61540
923 1951 2926 3032 3978 4340 4793 5642 6645 7786 8174 8802 9173 9742 10758 11069 11345 11673 15812 16351 16803 17223 18394 18828 20428 22041 22666 22888 23091 24163 25476 26570 32353 32536 36627 42995 43825 62210 62932 70917 82144
890 1410 1688 1823 1846 2018 2108 2202 2424 2591 2610 3379 3421 4124 4241 5915 6676 8415 8901 8940 11013 11819 12616 15866 17418 20017 20160 22392 23519 24662 26140 30490 30525 31246 34216 38772 41333 42672 51054 54158 162120
784 1438 1830 2364 2510 2537 3098 3493 5311 5334 5910 5926 6968 7676 9090 10334 11499 12287 12648 13141 16115 17401 21810 24420 25373 25868 26412 27595 28839 34430 34923 36158 37262 37567 39064 42125 42381 59816 60821 62559 65653
238 272 1001 1258 1334 2299 2326 4288 5692 5839 6983 7125 7781 8415 11102 11725 12849 12901 13467 15236 15349 16652 17136 19116 19560 20211 20626 22396 25890 27398 28147 31053 31485 33609 37675 46056 47785 51208 52404 67429 108520
1375 1792 1910 2155 2214 3940 4247 4766 4955 6169 7181 7947 8709 9900 10523 11087 13361 13976 14659 14788 15971 17057 18893 19346 21276 22746 23529 23623 23680 24430 27935 32882 33030 33568 34076 34159 37085 49064 54387 54859 77360
825 1089 1451 3294 4270 4519 5683 5842 7357 8037 8550 9036 9730 10114 10205 11501 11591 12078 13416 13640 14968 16293 17628 18272 19290 19760 19876 20034 23294 27973 29249 30909 38508 39188 42177 42414 47748 57336 58845 75869 107666
75 1195 1481 1499 2475 2531 3017 3192 4848 5682 6472 7003 7534 7856 8023 9196 9279 10841 11114 11759 11967 12898 12909 16074 16830 18741 18965 23935 24736 26494 28156 32672 33341 33429 35089 38664 42352 44541 48106 80347 114084
429 1136 1309 1315 1627 1943 2066 2101 2253 2730 3259 3305 4406 5707 6669 8125 8427 8776 8946 9024 10675 12137 14400 15951 19478 20259 21614 26023 28371 29918 30177 34628 44305 46307 47889 48399 49892 60119 73583 74267 88885
391 743 1386 1550 1875 3255 3296 3498 3970 6390 6447 6838 8600 9116 10923 11273 11573 12404 13085 14447 19139 19981 20117 20453 20487 22474 22798 25465 27334 28674 29474 30661 32417 36494 37328 43021 44115 45498 50241 80214 107273
778 1417 1746 2531 3106 3707 6149 6569 7927 8201 8847 9102 9383 11700 11985 12395 12417 12574 12990 13297 15816 17027 17531 19059 20328 21623 22146 26058 26090 26108 27265 27565 31611 33892 38054 38269 39868 44942 50061 57449 90463
520 798 1147 1670 1738 2299 2897 3669 3702 5076 6174 6677 7439 7440 7478 11492 11581 11684 11689 12263 15176 16843 17547 20499 23386 24333 24403 24836 28415 28701 31626 32574 33578 33725 38435 38778 40688 46562 52039 71478 74225
448 633 1777 2009 2659 2838 3578 3592 4064 4257 4494 4978 5269 6286 10534 11082 11534 11991 13369 13972 14265 14382 16359 18422 18911 20559 23485 27242 28347 28991 33674 38165 38183 39287 40735 41574 42375 45192 45472 80010 96999
489 972 1593 2151 2297 2382 3712 3928 4151 4592 5076 5717 7765 7880 8582 9227 10281 12163 15084 16122 18450 19658 20250 21282 21958 24078 24579 26131 30195 31464 32262 33388 34525 34971 37000 38346 38488 39029 40502 80298 120201
9 786 992 1451 2450 3075 3094 3147 3204 3810 6826 7709 10246 11003 12365 12447 13011 13013 13072 14143 14854 15360 15774 17468 18408 22923 23366 23630 23697 25056 26366 26492 29610 37073 41034 45558 48908 50392 52623 53572 88898
282 391 1763 1927 2269 2628 2998 3337 5154 5315 6515 7655 7697 7858 8544 8620 8783 8889 10397 11559 11811 12659 14071 14938 17564 17983 19544 20628 24416 30009 31116 31935 32731 33640 34783 39595 41544 41699 47598 62229 103293
10 345 1266 1336 2990 3203 3785 3986 5541 5915 7297 7760 9154 9877 10578 11000 11492 11619 11624 12331 12497 13082 13213 13311 14265 14390 15484 15531 17088 18191 20018 30496 30505 42046 43196 49541 53796 54712 59555 67307 73096
105 136 2018 2830 3786 3989 4080 4921 4923 7180 7263 8777 9089 10843 11979 12779 13044 13100 13627 14186 14251 14463 14522 16133 16386 16721 19154 22968 24989 25395 26879 33040 38467 42307 42803 50530 52359 53604 68276 69770 69990
182 550 739 927 1021 1532 1650 1732 2221 2348 3577 3940 4619 6588 6774 7629 8630 8708 9743 10244 11881 14119 14193 15621 17126 21711 22939 24795 28131 30154 31992 37862 38958 51488 52518 60328 62646 63525 66592 75987 87493
370 625 703 1299 2396 3255 3781 4967 5150 5554 5914 6681 10487 11499 11574 11600 12057 12344 15135 16941 17139 18209 18340 19461 20121 21716 22136 23364 24506 26625 29783 30093 32159 35988 37913 42027 49264 53524 55863 68951 113877
