1000 14 28
845 2037 3650 6340 9109 9208 11237 12628 13570 15589 16234 19792 21188 21749 21800 23952 26279 34030 34186 37071 38917 47552 49913 66908 80751 93484 99041 152877
1505 2557 8689 8867 8919 9868 9977 11216 14095 18959 19100 19340 19693 20624 29080 30576 33280 39724 40411 41499 42388 51695 55290 62297 68829 94589 105252 117598
164 2475 3156 3798 5181 7024 7494 9458 9556 12778 13927 14962 16692 24434 24648 25658 27065 30289 36749 40383 49134 50241 55098 62129 92266 99832 123841 131577
1366 5293 5584 6165 8900 8996 11323 12338 12584 12642 19161 22601 22972 26290 31607 33491 37605 40966 44884 45121 47030 53765 54732 56166 57605 67987 82075 139059
2181 5478 8404 8711 8835 11985 12139 12382 15734 16568 17261 18324 18856 19745 21558 21986 24306 26605 30087 32639 43856 44522 52329 59999 80114 109596 112501 127044
906 1127 2343 2546 3209 4206 4706 5742 9581 11953 14876 15217 19481 26811 29593 32808 34569 36221 44243 45438 47662 50803 56958 65320 65846 88516 102603 152980
1 3194 3638 7490 9184 10587 12893 13679 13925 14707 19023 20133 21406 27086 27125 28340 30759 31582 40742 44484 50921 51113 58370 68215 77596 78903 82591 134276
24 3150 4384 5294 6553 8207 10599 11627 13904 15308 16654 17444 25400 31351 33028 33121 36463 38522 41662 46244 51267 53956 58483 67457 74457 75949 87868 107187
919 2943 4494 6357 6362 9222 11903 13597 13677 15123 18636 18760 20081 22501 23299 23406 23433 25768 28644 28645 46511 50430 65756 67912 72210 93523 131437 133552
490 710 1503 5522 7439 8388 8599 8604 10360 17340 20975 22271 22909 26577 28689 29803 30539 36244 36650 39026 49530 53661 62562 73623 74092 79157 102658 113247
768 940 2259 4009 6805 11424 15438 17471 20335 21795 22640 22912 25365 27239 27464 31077 31412 32853 36233 37209 39213 51327 54864 56456 65700 74608 84239 165335
765 5888 8178 10228 14623 15869 16373 17344 19472 26474 28886 29139 30942 31379 33128 33868 35072 35360 35883 36371 36762 40432 45685 48385 66891 89167 92611 94534
925 1703 3772 5672 6001 6922 12774 13953 14908 15028 25192 27512 29369 31394 32320 33155 33577 34083 36049 36143 48372 50627 52063 68292 72455 85629 86985 121440
368 1041 1716 2016 2347 3586 9392 10101 13267 14282 20879 23354 23370 25783 27445 27991 32053 36441 36556 38128 39914 47572 49241 55670 61253 73637 82095 227243
