1000 23 29
1063 1168 2282 4210 5462 6872 8330 14092 14904 14955 17028 17636 18706 19131 20168 23875 25404 33130 35433 36930 38565 46533 49092 61522 64844 69217 90208 96178 109265
465 1358 3178 4318 5109 5279 8720 8738 9290 10839 21109 21262 24285 24580 28516 29224 30371 30880 31848 34454 39835 42841 48911 52273 58407 59958 64157 68181 148681
115 844 4260 5002 5225 6046 7180 9208 10064 12526 14644 17596 19456 21516 23004 26103 31808 32195 38310 38648 38731 47872 59087 60041 60338 62251 65714 93849 124298
225 1417 1473 2728 2837 3026 4639 8810 10318 12298 16092 16754 22726 22896 25285 25946 31331 33191 37478 38662 46158 47820 49918 50347 57703 74499 79928 80415 131627
819 896 2041 4264 4529 6028 6174 13505 14470 15967 16436 17817 20020 21455 21494 25300 29189 29701 30504 36314 37048 39218 43953 48682 50659 51502 68703 92180 181290
1314 1341 1715 2009 2841 3775 5677 7132 7135 11505 13116 16048 17010 17303 23806 26525 27531 29995 32597 35891 38150 42239 44105 50408 60119 61347 122575 126567 135120
1123 4356 4577 8647 10995 11421 12866 13848 13967 16841 18007 18622 24901 25492 25601 26070 27513 31333 34740 35616 35740 36114 38080 63554 71281 74018 81618 96737 98593
1223 3003 5590 5906 7901 9715 10470 10863 12102 12780 14273 14787 18657 22191 22813 23201 29039 39544 40898 43096 45834 51077 51881 61957 62777 72873 73470 80229 103309
229 849 6231 6822 6979 7785 7922 8534 9132 9830 10558 12778 14812 15956 18142 30344 30362 36219 36580 38407 39884 47624 48787 48953 49294 59664 101093 123095 132761
174 5504 7123 8306 8931 13900 16404 16774 18836 18871 20663 22455 23803 23967 24399 26324 28686 30323 37813 38703 42087 44454 46932 48538 61448 68247 75267 84209 91539
45 978 1183 1540 3431 3503 4968 5632 9590 10707 12328 13919 14052 14284 20097 20130 22625 25598 25787 33503 41356 47868 50845 52945 57255 63907 69454 83777 197913
2922 3641 4866 5048 5402 7666 9061 10912 14902 15757 16615 21843 25877 28012 28412 29764 30628 31314 33704 34035 38718 50324 53565 55057 58401 60699 62894 77100 93393
105 175 2520 3699 3804 4984 6200 6688 9526 9575 9828 10774 18023 18122 18284 25271 26257 32561 33695 36410 43305 45124 50794 57892 58115 67292 67408 84677 192887
3653 4090 4872 5992 6778 7325 7942 8800 10193 13108 14986 16309 20764 21382 22108 24137 27720 31905 35602 39131 40584 44878 46662 49720 64872 69778 75036 95965 99520
1251 1718 1767 2970 4456 5104 8436 11020 11335 11633 12457 14125 19152 19912 19982 20431 29777 30343 30723 39086 45393 48728 50433 53080 60064 61019 90035 96929 162787
2512 4183 5303 5338 5693 5943 7823 8359 8798 9131 16985 17499 21868 26889 30292 30728 31067 38806 40494 40552 45226 46965 47160 59072 60905 61151 67640 73453 120369
641 719 805 4116 4135 7738 7803 9042 12420 15094 15770 18420 18930 20163 20251 20693 28523 31574 33615 36473 42303 53570 53757 56380 62140 67009 72730 104707 105991
2464 2689 5733 9951 12203 12905 13988 14301 15149 15486 20025 20812 21581 21947 27524 30677 31166 31272 32275 34563 37544 38289 39012 42439 46243 55758 79748 80897 115638
111 3716 4173 4974 5957 9078 9766 9804 11461 11799 11853 14118 14700 15409 20995 24215 24556 31752 33669 33896 43576 45350 58354 61157 66304 71495 79557 113420 127591
4527 5269 7361 8210 8320 9107 10004 15732 16170 17348 18126 18729 19597 22372 22527 26926 28619 31988 35669 39712 41295 43380 46319 47021 59305 64389 69093 94987 117728
5030 6036 6496 7832 10071 10518 10631 11337 11440 13130 14958 15259 19504 20485 20968 24423 27926 30900 32002 33715 37293 37465 43042 45933 56798 70462 90106 92489 122639
180 1319 2044 5547 7924 9680 10125 10172 13017 14087 14405 15638 18398 19565 21426 22660 23268 26150 26779 26941 29297 32677 51870 67106 69673 83011 85564 109872 120624
507 1147 2124 2155 4237 5118 8133 10901 11759 12081 12966 15110 16139 20700 20861 21284 29788 39821 41771 44235 51809 56904 58648 60533 63407 69838 84857 85482 112665
