1000 29 46
61 244 568 1223 2101 3458 3598 3819 4144 4514 6077 6337 6372 6732 7140 7176 7484 7707 8324 9883 10194 10551 10803 13367 13769 14452 14624 15386 15490 17718 19260 19965 20546 20575 22381 22705 23906 30083 31136 31747 38052 43407 43800 52513 61779 69011
176 586 1488 1559 2718 3488 4686 5063 5324 5348 5727 7562 7643 8150 8234 8333 9086 9977 11219 11559 12682 13083 13464 15965 16108 17400 17605 19834 20569 20925 21100 21507 22187 25040 25754 27203 28924 29043 33410 33680 36946 38192 43133 51560 52947 97109
297 563 617 882 1291 2113 2606 2638 2719 3707 3745 3854 4765 5162 5718 6441 6911 7206 7922 7948 8392 9219 9715 10720 11372 11814 12709 15146 16102 17859 17949 19311 19490 20286 25786 31104 32890 33236 34023 35575 46195 49551 51794 54402 69947 110201
391 881 1692 1910 2195 3296 3578 3921 4709 4747 4932 5248 5491 6084 6791 7052 7600 8427 9029 9420 9940 10247 11196 11237 12888 12952 13036 13494 13831 15460 16081 17807 17871 18218 20220 22113 22331 22908 23163 23379 24537 25065 26616 45341 49634 80964
99 309 1564 1696 2501 2880 3008 3279 3467 3539 3907 4376 4982 5431 6090 6598 8362 9791 10296 10430 10485 10659 10740 11085 11419 11767 12022 13995 15106 16118 16823 18029 18863 19000 20519 20696 20913 21995 22393 22466 23637 33935 39059 39699 66041 70508
15 101 360 498 539 664 971 1493 1585 3774 3967 5014 5657 5942 6101 7269 8600 8617 8870 8885 12030 12145 12817 12945 12999 13512 13913 14178 14936 17811 18861 19327 19483 20931 23909 24055 24855 27520 29985 32336 32405 33368 33423 35964 74057 102540
84 118 801 870 1206 2115 3676 4496 4509 4600 4987 5877 7492 8403 8729 8764 9565 9984 10115 10268 11299 11465 12708 13141 14614 16356 16358 16614 18106 18698 19850 20257 21626 23225 24291 27745 29509 30538 34618 34910 36829 47915 50112 52327 61389 80650
56 1252 1382 1532 1588 1886 2209 2851 3172 3677 3874 4135 5094 5802 6144 6385 6768 10482 11032 11375 11382 13061 14766 16739 17457 17650 18343 18452 19506 19726 21097 21484 21701 21770 24022 24029 25461 26477 29119 29461 31219 31991 35690 43478 46421 99642
313 507 587 1604 1606 2213 3077 3533 3620 3792 4027 4115 4547 5123 5574 6742 7329 7919 8287 8451 9042 9101 10315 10601 11164 11404 11456 12224 12424 12814 15356 15490 16104 16438 18200 18468 20996 22323 22650 30373 32386 32452 33413 48561 52984 89869
65 87 1450 1526 1943 2337 3096 4003 5218 5636 5693 7839 8380 8778 9631 9858 10547 10571 11076 11710 11878 12755 13003 13145 13410 13921 14701 15055 15181 17449 18036 20882 21267 25439 25863 26123 29265 29842 30040 33281 34927 40440 52260 57990 62701 66001
265 970 1169 1338 1343 1360 1685 2336 3155 3302 3986 4627 5059 5180 5664 5979 6403 6719 6742 6957 7486 8159 8389 9581 10811 10988 11679 11825 12837 12899 14968 17159 18751 20687 22127 22269 24673 25610 25745 35841 36746 43215 44624 50496 63456 68217
20 984 1012 1014 1906 2387 2443 2669 3798 4300 4864 5352 6373 6398 6415 6986 7176 8405 8732 9672 10846 10995 11145 11255 11383 11965 13945 13963 14590 15518 16129 16623 16799 18800 19134 27440 29856 30754 32499 35399 42794 48833 49138 56416 62119 99924
349 425 1913 3502 3710 3740 4076 5586 6200 6401 6755 6955 7346 7465 7641 9038 9721 12342 12365 13682 13974 16058 16145 16545 17360 18737 18895 19591 20012 20265 21205 21697 22532 24835 24946 26323 26973 30124 31851 32396 40083 43180 45817 46909 59840 70503
211 212 632 649 1486 1518 1862 2145 2405 3133 4060 4362 4363 4873 4974 5658 6385 6532 8052 9459 9524 9537 9792 11524 11798 12246 12418 12540 14140 18506 19679 20252 22215 22297 25461 26096 28127 31551 31657 33706 34716 35923 36050 36296 48949 83584
181 872 1182 2186 2696 2975 3069 4643 6291 7099 7256 8328 8484 8591 9348 9356 9942 10072 10196 10349 11336 12222 12532 13024 13802 14376 14377 14695 18954 21725 22486 24913 25787 27556 27851 28579 29193 29727 31175 33035 34870 36416 37588 38553 43125 53130
464 1110 1282 1592 1958 2121 2675 3477 3796 3880 4161 4283 4874 5277 5688 6308 6671 6832 7395 7992 8749 9050 10106 10777 11353 11888 14142 16103 16539 17425 17734 19065 25991 26222 27694 30703 32361 34222 36594 37271 37727 39502 48730 52329 68177 89659
174 806 1765 2078 2125 2415 2570 2589 3110 3113 3319 3710 3764 4006 4975 6412 6963 7126 7497 7502 7578 7774 7987 8465 8980 12124 12593 12660 14260 14905 16356 16692 17099 18238 18887 22334 23691 26627 26928 29269 31216 36778 40729 47655 83533 99232
565 604 727 2233 2485 2516 2884 3818 3930 4267 5116 6709 6974 7312 7454 7607 7621 7668 8609 10145 10157 10824 11819 12259 13553 13654 15422 17844 17876 18252 18487 19229 19768 19891 20355 23763 24329 25082 29181 33607 33619 39740 41403 45839 63467 87856
546 1470 1560 1901 1990 2960 3994 4240 4376 4579 5352 5726 6026 6033 7693 7814 8214 9247 9446 9502 10464 11390 13445 13579 14196 14431 14683 15613 15863 16495 16794 16816 18250 18894 19102 20479 21198 21379 23253 23867 24983 32471 38298 60510 71709 87803
10 118 133 700 2375 3778 3860 4691 4877 6270 7403 7764 8153 8388 8430 8822 9313 10359 10452 11173 11340 12039 12252 14998 15000 16059 16666 16826 18437 18762 20243 21403 21888 24121 25749 26901 28846 31010 37606 41830 42388 43677 51404 62356 64672 64906
908 1496 1735 2045 2622 2838 2924 3619 4055 4129 5120 5768 7279 8118 8945 9829 10258 10995 11614 12046 13329 14007 14241 14265 14448 15737 15833 16226 16320 18564 18970 21933 24316 25115 25853 28257 28484 29483 34827 37717 39128 40425 41056 45156 46252 76752
637 1203 1537 2472 2511 3149 3261 3273 3441 3613 3900 5618 6317 7436 7780 8281 8836 9192 9418 9626 13046 13781 14136 14476 15042 16550 18091 19186 19490 20376 21478 21827 21834 27195 28532 28918 29516 29918 34931 36018 36157 39106 50949 53380 72406 84520
99 148 792 962 2011 2291 2691 3417 3616 4191 4366 4713 4884 5211 5505 5577 7041 8114 8587 8799 10948 12359 12737 12878 13181 15612 16289 16896 18209 18702 21132 21463 21536 26156 27733 31050 31105 31106 31471 39121 40740 43278 44387 52286 61869 62364
129 205 341 387 397 536 925 1404 1640 1704 2028 2073 2986 3205 4883 5281 5417 5692 8861 9402 10266 10497 10596 11265 11787 11897 13285 15449 15611 15931 16300 18174 19426 22651 23941 28470 28540 28670 29115 33944 35813 49368 52156 52373 66755 74574
1 457 690 774 1130 1292 1496 1842 2928 3316 4307 4437 4952 7971 8609 9034 9106 9340 9351 10070 10286 10752 12239 14744 15157 16877 19763 22378 22991 25169 26170 26634 27243 29002 29024 29760 30685 31056 32732 34055 34135 34142 51757 52353 57440 59527
18 911 2431 2756 3029 3519 3562 3864 5039 5141 5283 5993 6491 7033 7044 7309 8472 8974 9274 9546 10611 10724 11716 15843 16441 18336 18362 20580 21611 21653 23128 23920 24019 25194 25532 28280 31545 31805 31987 34724 36765 44920 49379 50451 51225 65425
107 314 545 1045 1151 1539 2542 2658 2674 3706 4421 4446 7121 7280 7285 7443 8473 8660 9227 9484 11436 11644 12030 12947 13487 14231 15163 15418 17008 18303 18601 19806 19822 25030 25714 27260 29125 30887 33014 36117 37154 37945 42172 43554 46390 48482
263 450 776 1235 1710 1929 2585 2658 3381 3607 4031 4089 4308 5102 5222 6107 6312 6404 6755 7306 7457 7619 8479 8660 10013 10095 10279 10519 12388 15031 15687 16854 17403 17943 19374 19686 22732 29875 30590 32051 32333 40315 44000 59349 62405 70201
485 1205 2603 2729 2953 3066 3086 4669 4751 5251 5705 5839 7101 7154 7664 7888 9584 9826 10552 10658 11126 11671 12064 15420 15687 16121 16350 18918 20153 20925 21813 22306 24099 25666 25703 26880 27028 27536 31655 32414 33218 35749 39849 40975 44792 77579
