1000 20 13
1042 12799 20189 21580 23447 23953 35440 36688 71227 116199 124515 135385 315741
3148 7478 11895 28322 33758 54229 67649 79742 87772 102963 112990 160886 208331
8877 9800 16356 27463 28336 50758 51519 53322 76829 101809 111814 184184 235318
12085 13152 19980 20305 20865 24057 31762 35883 85089 95959 121675 134167 281747
4595 9354 20709 22489 30090 42156 45750 75774 81446 81483 137046 153887 193519
7521 12721 17693 32550 42815 43118 44014 69811 79232 83374 120920 138356 266719
730 12476 14402 14679 22669 27811 36798 39584 72171 118069 132824 152688 252161
5135 12685 20405 28586 30946 52694 57382 67369 78299 88693 93877 105950 301189
1210 5273 16895 17518 27033 27115 44505 62360 85590 102670 116859 149243 288298
15655 18192 19147 27595 34561 54007 60703 67024 76587 90075 103622 149617 174041
4300 4407 8251 13389 17173 27425 42231 49788 78502 105853 125752 144797 286574
14004 15006 16197 24396 35137 43474 44353 56371 73286 123667 135330 143211 164096
3846 18815 27313 49386 54413 58829 64481 72392 83523 87769 92313 117120 222076
17086 20206 21752 32133 55886 60326 69986 71870 84370 88512 115335 137058 140336
228 1053 13998 18124 18613 32616 47841 57368 111367 135387 142242 163931 173180
10850 10921 21710 29829 32651 40776 51850 56839 61485 121306 134515 138323 199033
1268 7206 20558 24110 28204 28899 51056 70507 73953 135529 147221 173294 185486
2334 5058 17316 18705 50872 72158 74246 82190 103245 107993 110682 122135 123439
7775 9816 18735 22239 28355 36365 42178 43664 48326 54356 113302 130201 402870
4296 5099 5228 10019 21276 22319 46001 61925 76919 80863 131565 194554 276954
