1000 41 28
1458 1693 3288 3408 3483 4252 5353 7176 8317 9053 9104 9747 12698 14512 15541 17522 18529 27325 27346 42000 45228 63916 72891 83209 85708 99314 120679 136046
596 818 1972 2878 4413 6826 6906 9956 11104 11884 12524 16962 21242 21374 22927 24312 24592 25205 38348 45694 58495 58664 67449 67559 72829 73566 76459 108749
514 4525 4914 5245 6042 8364 10385 13277 13402 13419 13598 22897 24840 26472 28429 32301 32677 37799 40657 41345 45383 49125 50581 57792 58040 91504 96682 103064
1873 2014 2335 3150 3844 4547 5265 8009 10240 15953 16476 22607 22929 23296 24523 29702 30915 34628 35370 37179 41941 42492 46527 56385 59798 74691 95808 117684
1410 1477 2899 2989 3031 6010 6291 7561 9133 9314 9557 10757 17326 18361 18783 22814 24282 30836 34702 39158 39840 40441 43134 51925 73790 84509 149930 159012
376 2443 2570 3117 3436 3518 6066 8583 10216 11876 12063 13616 17808 18592 22698 24791 27952 32246 38372 47593 48129 50077 51487 75264 77598 84970 89402 166118
262 506 942 1838 2695 5498 8565 12818 13819 14823 15986 18301 21546 21882 22334 22380 24998 25605 30414 31927 35822 36410 52144 54680 65867 96552 103158 134592
260 893 1129 2963 4096 4466 5708 12443 12637 14314 15276 15646 19645 21308 23923 31267 35432 37156 39468 48426 53470 53567 56352 57464 67721 72534 88628 116945
149 660 1283 1418 3094 4470 7698 9158 11281 13977 14192 14965 28468 28804 31469 34075 36971 41978 42929 44292 45215 45868 57060 61582 65531 75816 97226 119894
1435 1471 2803 4011 4402 5027 5652 6610 8695 10756 14673 15693 19925 22059 22324 24093 25352 28653 32972 33022 34144 38141 40508 46712 53281 53810 133320 182862
1840 2067 3539 4021 8473 8814 9584 11706 12925 14241 16501 17157 17186 18473 21606 26491 26719 27541 30612 33018 36076 41539 51768 62796 67871 80529 103656 167921
1111 2016 2999 4246 8587 8632 13018 16696 17643 18073 18533 20590 22255 22407 23374 31198 32415 34529 35592 35709 44923 54849 57962 62261 74905 75216 83091 86171
19 96 242 4336 4645 5767 7743 7981 11484 12635 13822 15211 22923 30383 33361 33654 36605 39703 43636 46683 49266 52684 54404 66433 69689 71788 82329 107629
143 1115 2613 2804 3066 4185 5494 6163 10006 13788 15383 24998 25789 28506 31335 32777 37519 41027 41701 42459 46163 52581 54464 59451 68912 72626 78458 81821
1144 1438 1768 6211 10192 15486 16512 17511 19837 20496 20778 23628 25513 25684 27296 27966 28609 31088 43749 46292 50389 50876 54964 61905 63773 66668 80209 87180
474 760 857 1393 1465 8728 9413 10372 13914 14552 14738 17236 25336 26271 28359 30942 32294 36023 36340 36595 39985 50886 51357 51984 60012 64004 123517 134497
815 1047 2601 6609 8053 8715 10085 12157 17614 20460 21318 22464 24514 24720 25044 32727 32938 35668 36702 39217 43350 43738 44099 59241 71253 73389 100921 115771
21 83 229 2066 2508 3776 9516 14446 15510 16546 23186 23258 26170 27655 28974 29177 36265 36818 36844 36928 37090 48801 52359 60158 61156 61892 63702 127464
1175 2889 3481 6501 7202 8253 9404 10285 11240 11498 13785 15769 20458 23594 25822 27091 37427 37493 38250 41093 47699 51364 51574 55202 73292 86092 98470 123970
134 229 425 681 1509 1967 2584 4750 4832 7282 10257 11005 12631 13399 13604 19135 21616 24707 25940 29509 40419 43891 48624 52458 86716 91297 165529 173765
1458 1486 2773 6265 9392 10809 11022 11260 12999 14489 15507 18129 18727 18775 19779 24492 26237 27788 28295 41125 46168 50299 51184 52935 56808 78555 99388 131962
1739 1848 2748 3693 3695 7474 7985 9606 12505 13492 15401 16263 16882 18382 24570 26105 35988 40951 43265 47451 51761 52328 53440 56359 60616 73809 92522 148991
107 388 1124 2183 3577 4095 5531 7179 10869 17404 18808 20045 21412 21664 24671 32107 38649 40492 43957 44289 53739 54545 56068 56328 65649 78578 79797 120378
265 391 1784 1975 6607 7553 7669 10130 13625 16144 17036 18287 18842 19493 21317 27431 29635 34074 34651 35812 43321 45388 51903 53107 61248 68455 108581 131905
887 1265 1571 1837 2696 4332 10629 11292 11392 12534 13164 13293 13952 16693 17744 31413 32763 32819 34566 37982 38024 44447 52918 60914 62740 88759 94977 153118
2181 3460 4910 5137 5833 7359 7589 13744 13780 18045 25742 26202 27088 29825 30412 31805 31880 32943 35278 36665 42276 50048 55643 57991 60370 63458 76080 80785
28 1970 2229 2607 5498 5620 8535 11796 12360 12964 18735 21354 21462 24790 28033 28211 28389 30368 36207 37716 37972 55250 57315 60010 60768 92939 102190 103602
840 933 1426 5050 6253 6372 9062 11350 13268 14229 17305 17845 20699 20722 21747 22713 24601 26582 27152 31503 34695 35952 40025 57064 69434 78494 115969 166815
2296 2372 4641 5147 5287 6436 9268 13371 13379 14600 17567 23073 30256 31161 37972 38237 39000 39833 40884 42399 42838 45160 47104 50784 67298 68931 70633 88128
1888 2246 2439 7077 10066 11168 11605 11631 14235 15159 16273 17145 19763 24449 34119 35050 35979 37006 37860 41568 46408 49587 61277 61704 62988 76251 88212 111692
1953 5109 5923 8520 9210 12184 12256 14240 19096 19672 20070 21540 23352 27247 27812 28022 30172 30584 38439 40341 43661 50687 50930 57822 59264 64272 107905 124376
1144 1515 4222 4359 5750 6295 6307 6759 7033 8468 9194 13719 15508 16199 18127 19432 21721 25678 25994 32535 46700 57592 70701 76784 77928 81269 103448 113325
940 1787 4279 5038 6513 6525 7318 7474 9020 9768 13444 14901 16597 19143 19839 21064 21983 25922 35268 40343 40669 42673 44250 49655 70089 72061 103552 161794
169 578 3118 3984 4602 9387 11435 11620 15161 16056 18809 20989 21107 23816 33242 35283 35648 37868 45013 45627 50902 54157 54404 61993 63663 67895 77776 122789
286 1853 3278 3427 3576 3649 3778 5073 6415 6933 7513 9636 15378 15424 17773 17865 20760 25008 26082 28237 42223 52452 60946 78658 87705 94984 109723 151357
3036 3356 5028 5854 6074 6502 8265 10953 11004 12105 13780 14084 17514 26214 26306 28365 29436 34938 37399 48616 54879 59517 60589 62814 68891 92019 98897 98991
642 1530 3203 3397 4769 4973 5748 7698 8184 10256 11525 11748 11779 16810 17134 20547 21248 23783 30333 32027 43862 50787 74154 77028 99404 100355 101269 151837
1013 1034 1439 1458 1856 5479 6095 6112 8594 11178 14359 14596 17265 18276 21975 24034 27830 29952 34722 38529 38692 39046 40139 69476 69750 78300 87567 167025
2026 8034 8806 8856 10140 12283 12732 14441 14764 15347 16189 16672 18659 20215 20569 23394 30119 31889 35321 35713 42080 46913 49425 50936 68843 87683 105555 112744
900 1306 2826 3566 5164 9474 9530 15357 15919 16177 17248 19063 25135 26245 28995 29560 30003 30164 31194 33390 37332 43921 43996 45595 62143 69928 97707 133736
31 460 602 909 7369 7477 8391 8402 8675 13414 13489 15844 18469 19750 19948 24050 24486 28900 35544 35701 41428 58521 64336 65472 86730 88063 93662 96849
