1000 29 43
289 660 1836 2236 2683 3380 3515 3670 4272 5706 6051 6743 7419 8561 9078 9901 10621 11423 12581 12634 12717 13865 14806 15866 17587 19990 22175 22956 23265 25493 26032 26398 28563 30417 40091 42254 43284 48591 50977 64854 68204 73503 75427
256 959 1594 1837 2231 2286 4058 5569 5688 5711 6710 7009 7050 7128 7611 8076 8503 10023 12630 12962 14911 15067 16358 17672 17678 17871 18682 19251 22270 25453 27743 32278 33370 37469 43024 47069 47236 47316 47562 57880 59729 62396 90453
1412 2322 2958 3423 3593 3998 4007 4011 5772 6699 6829 7432 8417 8482 9578 11118 11119 12446 12457 13141 14439 18199 18366 18751 19471 21956 21958 23136 27305 27769 30985 33081 33171 34468 37123 39753 43282 46833 51294 51313 53932 63811 95074
136 157 514 563 737 2988 3213 3616 3824 3830 4080 6188 6509 8422 8539 8811 10438 11113 11825 13161 14960 16320 17097 20739 21371 22405 23181 24426 27786 31267 31734 32997 34562 34988 42438 42796 45416 46218 48116 48941 51166 75850 83741
1840 2025 3806 4295 4466 4587 4964 5626 6080 7154 7524 8070 8962 8964 9924 11781 12165 12954 13559 14276 14385 17578 18878 18979 19144 19831 24548 26005 28238 29190 30565 33642 35222 36149 36370 37513 39764 39973 50372 57921 58404 65638 83989
426 1110 1589 1597 1642 1729 3234 3619 3869 3998 4928 5241 6523 6728 6763 9958 10017 10378 10699 11423 11538 12123 12855 13310 15567 17419 20281 21409 21716 23935 25638 30041 30981 32621 33595 37424 41936 43612 51290 63430 75714 79568 154090
553 1760 2259 2630 3147 3568 4155 4679 4680 4835 5033 5061 5317 5920 7531 7573 8763 9141 10125 10518 10799 12127 13586 13651 15375 17216 17436 19939 20216 23767 26707 27037 29825 31893 33458 39774 40494 48659 51716 55972 71546 85864 124763
77 255 824 2115 2288 2365 2667 3868 4433 5438 5548 6795 9053 9680 10099 11265 11645 11812 11939 13556 16480 16886 18110 19948 21767 22163 22237 23063 23231 31407 31908 36493 38390 42988 43042 46277 47487 47590 48744 52369 55455 70281 72381
861 974 1174 1656 1736 1738 2314 4927 4990 5602 5685 6945 7724 10970 10973 12458 12531 13067 13858 14213 14925 14940 16501 17459 17706 18092 18271 26168 27569 27930 28736 29398 29854 30966 36256 36689 37767 39037 39400 41932 62161 88632 126182
451 954 1984 1991 2468 2951 3764 4122 4811 4889 5697 6346 6371 6955 7691 9542 9763 10426 11933 12730 16000 16497 17211 17985 18824 19889 21114 21249 22820 23669 27754 28050 30150 33966 35693 37273 41751 45059 47329 49401 67419 84593 115117
458 2525 2815 3446 3774 4621 8370 8505 9312 9845 10803 11223 12044 14195 14455 14533 15955 17521 17624 18634 18850 19401 19539 19881 20637 21010 21228 22790 23011 24233 24446 25134 30562 32173 32187 35408 38222 38460 43207 43810 45052 46446 97668
254 971 2402 2654 3206 5454 5874 6246 6339 6879 7675 8444 9347 10048 10526 12549 12951 15550 16910 17065 17137 20128 20285 20846 22419 22533 22697 23815 23826 26351 26594 28807 30177 31480 31563 33291 34774 43140 43469 47233 58352 67931 90010
555 557 1005 2048 3328 3948 4222 4565 4840 6161 8334 9228 10629 11828 13065 13877 14140 14293 14405 16650 18584 19808 20432 22294 23616 24061 24341 27244 27586 31318 32783 33155 33252 35583 35941 37496 38426 40625 42014 43004 45212 53415 65955
267 383 938 941 1445 1469 1977 3790 4151 4606 5511 7794 9595 10142 10446 10949 11384 11935 12918 13236 13243 14115 17042 17877 18052 20500 21960 22491 24237 24677 27398 30480 30592 31895 32984 39102 43151 45376 45931 63883 77388 79003 100465
13 342 464 661 926 1339 1709 2427 4202 4346 4789 6160 8496 8806 8816 11209 12220 13441 14124 14321 15242 15310 15609 17044 21324 23201 23525 24943 25389 25996 27106 29296 31187 34558 38639 39044 41050 45064 46115 47702 58687 79331 99197
12 410 1314 3171 4972 5099 5751 6106 6134 6788 7931 8130 8834 9795 9884 10740 11164 13238 14173 16039 16543 16998 17095 17778 18423 20546 21725 23276 25509 29170 29823 30876 31096 31862 35363 36383 38180 40970 44004 53380 63202 85068 93768
367 377 744 1889 2546 2851 4136 4914 5175 5642 5772 6239 6312 7991 8121 8544 8787 9104 10346 10694 11958 13108 14035 14836 18059 20068 20504 20548 22137 22320 27791 27902 31954 32373 39412 44871 47777 48817 50773 52348 58815 64694 119954
5 924 2019 2233 2403 2722 4623 5582 6980 7054 7373 7651 9498 10041 10465 11423 11586 11864 13628 13773 14121 14614 16581 16960 17676 17787 18684 20715 22002 22937 23256 25716 28347 28520 29568 36496 49506 55879 60299 62617 67568 76503 80309
292 1165 2977 4462 4633 4714 6240 6433 6798 7642 7685 7749 9130 9315 11595 12369 12393 16124 17328 18346 19081 19830 20645 21129 22386 26171 26868 29539 30937 31219 32032 33201 37133 37252 37366 37390 42510 44596 45325 46092 51755 57010 58734
343 393 1591 1789 1975 3741 4364 4378 4704 5977 6700 7192 7971 8567 9430 9756 11608 11854 12235 12645 15213 15908 16400 17947 18536 21010 23586 24458 27484 30406 30958 31858 36543 37899 38382 40165 44964 46603 50346 50991 59467 59920 73978
371 767 1672 2399 2423 2484 3776 4335 4374 4391 4838 5832 6172 6775 7404 7752 8582 9273 10763 11052 12430 13127 13196 14364 14613 15425 18702 21022 21516 22765 24620 31399 33752 45752 46113 48227 53111 53525 65898 67813 73029 75089 79999
690 2075 2173 2911 3358 4425 4508 4885 7597 8147 8163 8277 9011 9735 9895 12196 13554 13742 14984 15051 16310 17004 17843 18630 19069 20998 22080 22310 24588 25568 26350 28848 30991 34798 37538 38188 45761 49323 49848 50373 54302 64144 100682
604 1363 1402 3370 3666 3806 3898 4017 4052 4076 4196 4803 6683 7803 8416 8756 11099 11111 11424 11922 13435 14638 15109 17161 17851 18051 19101 20906 22259 26879 32427 33887 36959 36986 39059 39590 40485 42901 43131 45966 74058 85827 114878
81 270 481 648 1218 3050 3421 3900 4146 4386 5610 9526 9677 9993 10371 10771 13629 14208 14514 15931 16219 16935 16976 18005 18923 20133 22287 22574 23284 23291 23342 26865 28434 30188 31646 32585 37349 39236 58073 62954 64204 82398 103492
786 807 971 1540 1590 2591 2774 5131 7265 8565 8934 8996 10388 10683 11458 11509 14205 14741 15344 15412 15568 15691 15855 16889 19064 20474 20783 23550 24051 28467 30905 34086 34633 34842 34924 36161 38590 40904 42560 51442 59385 70811 73291
136 254 424 982 1848 2104 2330 4901 5123 6034 6439 7732 8248 8840 10009 10235 10732 11585 12000 15397 15403 15584 16137 16975 17279 18145 20766 24676 25538 26861 28297 29229 30277 30308 31657 34303 43336 44998 49519 51718 61565 65306 144017
520 864 1457 2721 3572 4883 6560 6600 7085 7301 7671 7942 7981 8070 8149 9013 9357 11137 11632 11640 12263 13273 13357 13738 17698 17753 18190 18960 19212 19398 21616 24107 24348 24729 27093 28431 32577 33037 64627 74092 80254 109334 112998
157 815 1217 1474 2068 4036 4962 5148 5199 5519 6456 6585 9027 9589 10239 10297 12596 12619 15005 15811 15947 16018 17282 18693 19819 21875 25051 26011 26657 26816 27278 28171 28465 32368 35302 37639 40218 44496 46221 60779 66740 78901 87576
270 1119 1444 2818 2966 3200 3713 3813 4502 4769 4924 5225 5960 6317 8453 8782 9697 12115 12604 12608 14518 16388 16532 16872 20605 21609 24030 27942 28365 29115 29415 30519 30620 32903 33053 37573 37706 43272 46136 53269 65314 66260 92402
