1000 25 36
199 671 814 2334 2406 2466 2723 3401 3929 7650 9616 11200 12152 13466 13518 14080 14291 14679 15656 15811 21004 21444 23851 24214 26518 30156 31415 35576 39397 42467 50425 61820 76036 76449 95639 131253
537 1159 1184 1842 3376 6437 6869 7191 7471 7598 9275 11769 12189 13075 13498 16440 17162 17760 18271 19698 22773 24784 27750 28702 31127 32248 36653 38718 39520 44133 49879 52417 54240 55598 59467 164021
659 3384 3972 5428 6419 9268 9397 9949 10400 13007 15306 15572 15604 15858 15880 16086 16110 16841 17454 18077 20752 21152 23265 23372 25046 31808 31859 35180 38904 40133 43315 50618 51543 69707 92356 119435
352 793 1711 2179 2210 6721 7160 8014 9340 9562 9789 10408 10524 10657 10671 12285 13953 14020 16308 16524 17462 18780 23342 26988 28494 34547 36262 40447 41839 43546 45184 56036 59799 68861 118492 135681
52 85 184 256 1718 2160 2212 3188 3278 4307 5628 5878 5895 6249 6950 8992 15067 15196 15820 18442 23275 23741 28572 36418 38618 41567 48961 51564 52661 52682 54465 70993 72751 85228 86467 91185
746 1000 1451 2031 2182 2712 2964 3837 5380 5867 6348 6675 6967 7667 12105 14571 15304 18303 19781 20646 21153 30051 32532 35614 38181 38965 39326 44703 47587 49509 59868 70015 70378 73365 81536 92254
776 1299 1989 2253 2655 2673 6900 7969 7970 10262 10729 13243 13527 15439 17671 18023 19675 20275 20291 20929 21004 21998 29363 30113 30236 31534 31881 34347 43361 44773 48084 50456 64068 74887 84624 94713
1111 1234 1354 1457 2811 3027 3144 3472 5335 5799 6100 7013 7901 9192 10908 10944 13291 14397 15736 16996 17703 18069 19064 22968 26762 27402 35063 43614 44078 50076 50973 59035 75542 98538 100952 128745
476 686 1865 2397 2489 3822 4703 5970 7171 7409 7865 9663 11639 12075 12097 12590 14076 14159 17138 18048 20640 20855 21967 23887 26159 30912 39271 45001 47044 60800 62807 68049 68540 73518 76846 107059
69 918 950 1736 3744 3983 4929 5128 5240 5287 8092 8812 8889 9895 11493 11641 13215 17408 19826 20436 21647 23082 23782 24653 26596 28320 32707 35580 38175 45523 51668 52485 69086 74469 83735 162008
161 1574 5362 6005 6051 7733 8048 8908 9350 9664 12543 14144 14762 14823 15565 18283 20288 20341 21140 21173 22246 23813 26278 26318 32256 33195 38242 46764 53891 55078 56184 58825 60504 61983 63025 65026
1120 1265 5377 5522 6898 7533 7612 7686 8340 8480 11564 12354 12525 12688 14657 15078 15661 16814 18752 21595 24032 24753 25165 29800 30169 31671 42480 44017 47259 48709 49730 53736 55565 63525 76274 88120
1005 2331 2697 2931 5319 6108 7711 10300 11754 15098 16183 18573 18989 20665 22396 24284 25345 25468 25567 26091 26855 28292 29131 29541 31695 33192 33213 33879 41055 45221 46330 46692 52578 53375 57163 70070
1119 1739 2361 2737 2825 3862 4041 4853 4970 5012 5297 5353 6074 7713 8494 10641 14413 18869 24570 24641 26874 29531 31692 34631 35578 36434 37573 37819 43234 45654 45713 54992 58423 61712 98777 133910
31 2915 4139 7231 7934 8950 9774 10087 10537 10761 11169 11814 12342 14590 15055 17080 17890 18342 19943 20670 25410 27997 28269 29190 32014 32904 35397 41323 42959 55670 56575 58476 58645 59760 71081 87487
762 809 1538 1771 2264 2923 3656 4402 5924 7070 7641 7954 8625 9030 13875 14393 14635 15233 20991 22026 23431 24725 27333 29790 31357 32360 40515 44624 49460 55225 59943 66242 67810 74417 83086 93941
1078 1466 1802 3268 4455 4588 5536 5993 6061 7051 7800 8763 10273 11427 12819 14334 14652 16683 17550 22003 22104 22748 22980 27166 28220 28889 32272 36908 37583 41831 43337 43902 82637 100492 106620 117422
1548 1590 1703 2262 2412 2939 4583 5505 5672 6090 6482 10126 11168 11855 12458 16695 18252 19697 19968 22520 24776 26686 26904 29104 30393 30970 33289 34382 37469 38214 44652 56287 81349 83499 92877 122059
1342 1928 3221 5194 5340 5661 7140 7947 8689 8796 13558 13589 14123 14591 15429 15727 16240 17115 19158 24759 24929 26741 27294 28211 31144 34972 35449 37235 37931 40343 43731 45330 45949 64329 70637 134359
218 2713 2936 4741 5753 5984 6763 7413 7660 10232 11140 12370 14364 15437 15442 15763 15804 17764 18161 18574 21607 23315 24219 24999 25162 26080 27946 27992 34567 42781 53315 63199 64562 95559 98095 103293
626 1028 1924 4419 5089 5202 5498 5616 6053 9023 9335 10199 10937 11108 13639 15334 15909 16996 18443 20358 20982 22751 24206 25686 28097 29576 31213 31479 42738 48236 51667 51684 68198 69587 74126 139928
1083 1975 3674 3802 6189 6342 6516 7893 8796 9197 9508 10337 10464 10833 11626 12636 13567 14090 20292 22526 24166 27569 29792 31689 32203 32540 38358 51687 52854 53134 57823 65079 67355 68959 71101 85935
219 643 1063 2248 4368 5406 5708 6345 6655 7170 9068 9747 13970 15711 16913 18188 18525 19929 23901 24357 25962 27716 29089 32615 33773 36485 37154 37761 43387 44168 47270 58945 60960 64145 71598 100183
13 644 1662 2515 3275 3764 3882 4199 5121 7029 8001 8349 10134 10938 11101 11981 13115 16428 18326 19053 21386 22960 25029 28064 28963 29292 29892 31968 32890 38296 42799 45515 60729 112253 113847 130918
960 1051 2900 2947 3222 3445 3583 4032 4668 5028 5218 5600 5927 6796 7983 9310 10602 13300 17358 23184 29324 29527 30511 31192 32950 34735 39121 41029 41924 48584 49728 51362 68566 78948 87482 121434
