1000 50 33
344 384 1379 2331 5416 7510 7594 8501 9328 10003 10267 10415 13889 15988 16483 17293 17619 19411 20979 25361 26851 28481 33022 36515 38139 43704 56842 58559 60330 61889 63629 81499 177730
580 1185 8232 8797 9959 12399 14289 14555 16201 16369 19754 19895 24187 24266 24871 25600 26909 27095 27223 30743 32586 36331 36708 37073 41002 43844 47943 48171 48219 51067 56724 60642 95068
315 1984 2182 4382 6648 9405 9944 11286 13221 14452 14676 15669 15789 15936 17172 18149 21609 23829 24275 26843 27321 28622 29813 39443 41571 42652 49040 51119 52572 58992 66935 106257 126544
492 1018 1927 2795 3268 3762 3789 6760 8779 9727 10400 13259 13289 16559 18216 18474 19426 25886 26313 27341 28453 29789 32621 38646 39496 40082 51838 58004 63092 79889 89882 93872 109085
405 735 875 1868 2878 4217 5963 5973 6762 10309 10515 10985 11259 12644 14883 15156 16428 18415 21604 22014 22616 24342 24912 28483 33779 33904 36899 48680 65447 65635 71070 147824 195925
2342 2962 3581 5606 6575 7844 10166 10354 13767 17265 20638 22578 23830 23911 24136 24701 26592 28323 29017 29155 30319 31923 33270 35250 38030 45878 49139 49337 52793 54322 68124 72749 95317
1922 2147 2617 3945 4850 5414 7527 7575 8261 9183 9368 10713 13967 15405 16158 16594 18980 20404 21062 22684 28261 33367 43868 47307 48509 49793 50932 56251 65827 67249 77599 99399 100220
988 1095 2196 2416 4906 5664 6679 6782 7259 7638 10687 11635 15049 17127 17527 18077 18791 26032 28030 28125 31492 32993 36431 38324 43660 47095 52690 55693 65411 66596 72005 98587 105017
220 322 620 1016 3319 3785 4533 4847 5861 7429 9627 10249 11562 17205 17844 17987 24914 25579 30044 30376 32915 33331 33970 34094 44160 49653 59278 61180 65427 82107 85192 87238 90961
2253 3226 4703 6987 7407 7790 8118 9960 10400 12535 13801 14913 17296 18670 19883 20047 22889 23473 23526 31936 32693 34554 34773 38080 43373 47531 52805 56996 58899 60883 73718 75653 100714
612 2367 2601 2861 3133 3649 4875 5019 5032 5409 5485 5830 5897 6202 6882 7259 7295 8334 9537 9992 13635 20843 21434 26399 35368 40274 40555 52942 56939 90311 117010 130673 236981
1075 2448 3073 4125 8136 8550 8932 9702 10015 12522 13651 14748 17523 18054 18493 19215 23533 25896 30894 35575 35649 37311 38939 41013 42523 44326 48968 50048 60715 62119 68791 82906 87218
102 399 1570 1737 2277 3144 3283 4515 9025 11609 13360 13787 15802 16256 20095 22473 23245 24453 25124 27579 28962 30671 31849 33328 35071 43929 51072 66492 68183 75340 76154 99733 110058
299 720 2970 3223 6026 6058 6317 6736 8848 10184 10659 14358 14482 15844 16611 17083 18270 18289 22896 23451 27952 28417 32750 44412 44909 44962 50918 51596 58766 69081 73779 78246 159436
1371 2568 3043 3104 4053 6230 6414 6598 6784 10864 13485 14055 14266 16069 17364 18130 18967 25183 25903 26004 30653 32371 37390 38456 41337 42637 48702 55177 66430 68745 88305 100797 102245
293 1023 1314 2792 5088 7270 8565 11695 12264 12808 13750 15192 17298 17579 21592 23465 24230 24612 25600 25789 27234 28773 34026 35925 42733 47887 53617 54283 56240 66746 68697 101469 101769
132 232 262 1450 1947 2634 3334 4009 4386 4521 6801 6840 13438 16117 18256 20100 23717 29588 29872 33709 33788 36433 36513 41797 44623 44729 54619 57892 58495 67252 67959 84977 139638
639 1441 2098 2538 4175 4322 5439 8463 8992 10087 10636 12103 12566 13634 15809 19960 21046 21974 23815 25163 26129 27594 34217 36329 42082 43459 51939 68954 71309 80827 81136 100093 102508
238 1558 1614 1660 1790 2047 2217 3359 5137 7269 7418 8126 8562 12932 15184 15583 16016 16326 18936 29457 29537 31807 35277 35985 37986 48708 49116 52628 56074 69775 109917 123445 130764
554 1032 2754 2846 3616 6598 6864 7925 9200 9708 9710 14280 15948 16630 16924 17200 19286 20944 21717 25743 29731 32497 35232 35859 40473 50783 58127 62103 66834 75977 80611 81192 105601
2292 2611 2649 3821 5113 6284 7961 9260 10169 10431 12562 14961 19439 19991 21188 22187 24046 26933 29633 30385 32519 37824 39361 39621 40889 43200 46130 47502 49636 64271 71411 71426 116702
127 1323 2826 4281 4442 5649 6714 7359 7574 8286 9340 12901 13492 14680 14832 23452 24494 25729 26145 28143 29859 30389 32012 34637 36267 38071 42170 45892 53611 67101 104748 104883 123667
37 1341 3393 3548 3585 4083 4825 8779 8872 9399 10023 10219 18755 20826 21217 21849 23087 23445 24230 25383 27056 31003 32729 33553 33816 37493 39763 41416 56070 76580 88901 115261 133510
1373 2216 3328 3487 4847 5429 7020 8167 9408 10358 11859 13142 13539 13589 15990 17122 19379 20547 21624 21885 23181 24395 24989 26220 26252 35031 39682 39963 46673 63168 118463 126028 165944
146 881 2626 2693 5292 5568 6116 6517 6711 8668 9442 10720 12013 14127 17352 18892 19791 20616 24053 32093 33223 33957 41243 43526 46364 48581 62188 62716 64615 64838 77807 82171 100896
1199 1276 2142 2851 3846 4429 4536 4900 5238 5542 5889 8077 9583 18186 18211 22834 23616 23682 27396 27605 31148 33307 34583 35153 37674 38244 38477 39232 66068 69833 76377 118972 145565
1204 1984 7787 9068 9369 9426 10266 10632 12391 13127 15053 15988 17787 18259 18377 21739 24011 24599 24826 28224 29563 30327 30699 31987 36107 43653 43980 45426 46332 62432 71979 108322 108905
692 876 6133 6274 8857 8866 9077 9593 9679 13833 14566 15050 15633 19198 19894 23888 27736 28036 28384 29217 30418 31475 32433 35326 37585 37714 42923 43956 46686 49238 72960 83146 149784
87 665 765 1073 2911 4888 5833 8956 9085 12347 14017 14773 15461 15564 17495 21028 21603 21812 22370 26760 30528 30816 34412 36827 37520 37938 40305 42366 42571 90361 98385 105255 124089
1560 2398 6435 7169 8289 9291 11256 13092 13700 14181 14829 15242 15314 16899 17375 17684 18391 19570 19980 20082 25178 27284 33109 34120 43298 54415 57148 60828 64487 65275 68802 78145 117511
2098 5407 6749 6866 6896 7029 7676 7868 8105 8350 8897 9714 11949 13246 16694 17100 18349 20478 20487 23432 26543 28649 34494 40591 43851 54407 58507 60351 61127 71431 72477 80309 125032
91 215 1022 1814 2397 5373 5426 5537 6692 6702 7186 8653 9772 11646 12008 12322 17186 17305 20297 21628 32626 35436 35878 44106 51518 51785 55139 56340 66547 79313 85721 101669 117036
870 1321 1580 1781 2914 8542 9437 9886 10691 10926 11686 13134 15044 15118 17217 23115 26193 29892 29941 30794 33376 34604 35210 41189 50499 51591 52362 55286 64309 65086 73642 81652 82877
2384 2428 3275 3671 3919 4127 5044 5473 5759 6898 7225 8954 9818 10090 11429 12088 14660 16949 19550 20913 24228 28090 32091 39336 40153 43209 53867 65163 68780 71568 82251 124506 144840
443 1088 1386 1666 2310 2390 5800 6200 9160 9384 11847 13300 13806 14060 14612 18204 19312 21022 22147 24589 29584 36386 37646 41488 48345 48544 53583 60228 62077 66776 86138 91014 110045
2618 3924 3940 4059 4726 6805 6946 7587 8791 9113 9263 9436 10967 17000 19319 19943 20770 23836 26408 27476 28418 31807 38026 39855 42847 49125 55718 58896 68553 74212 78872 85338 92321
1190 1302 1825 4299 6426 8553 9654 9871 10053 11555 11780 12442 13247 16549 16951 19677 22826 24118 24200 25000 27540 36136 36251 39256 41390 41991 42768 43604 52499 58448 83540 107346 122143
151 671 1530 3934 4119 5716 6073 6813 7361 7508 7587 9077 9570 10636 11816 17162 18161 19007 23613 24448 30038 36491 38457 38717 42977 43103 45879 57502 65351 80540 94244 102580 120137
2659 3057 3305 5809 6126 7490 7632 8542 9016 9421 10303 12999 13294 14444 19488 20122 31136 31455 32778 33188 33886 35116 38340 44338 48300 51394 52674 53344 55726 59286 71826 82587 82595
52 2187 3958 4927 5556 6838 6874 8270 10608 11631 12382 13169 13287 13356 14247 16784 22512 23062 25232 30523 31512 37382 38507 38622 41711 47763 51841 53472 57844 69777 82288 83796 107421
1889 2085 2864 4723 7407 8806 9180 11113 13014 13935 17499 17721 19458 21293 23743 25980 26080 29350 31551 32037 32433 37180 38081 39395 42574 50998 52113 53608 56375 56803 58346 70872 83549
546 644 2466 2721 4066 4208 5216 7024 8151 8194 9914 10397 14723 14754 18249 22364 22628 25837 27047 27426 27705 28503 31135 33075 34074 44571 47899 57081 62154 74296 79481 100059 127782
314 2199 2869 4102 5897 6503 7258 9274 9965 10687 12381 12645 13447 13672 13799 15224 18505 23840 24519 25016 28659 29807 43070 43620 46021 47276 49222 55161 62632 67777 73952 102081 102394
514 3048 5213 6276 8945 9622 12423 12469 12734 12891 13411 14370 15850 16612 18005 19415 19894 21013 21269 28518 31672 34122 36836 38480 38665 41185 41915 42025 46341 67627 75602 89328 129374
97 623 632 1222 1747 3352 4717 6513 8007 9530 10519 11812 12080 14067 15913 16247 17356 20380 25635 29512 30733 34918 35152 37131 40492 43632 47077 57847 70871 87992 90090 97041 108210
373 375 499 829 1596 1909 3305 4999 7985 9933 10453 10985 11963 12298 14802 15192 16009 19528 22958 24036 32800 32897 34363 46840 48607 55230 58176 67237 67549 73478 82739 85155 109843
63 400 538 2616 2916 2932 3731 3964 4266 8161 9962 13479 17489 24053 24107 24368 27731 29404 29979 35793 37457 40763 41331 41356 43647 43966 48584 53527 62230 63037 70600 83006 87040
1227 2628 3326 3464 4658 5182 6276 6335 6826 7874 8697 8806 12849 13490 14483 14698 15582 16359 18218 18537 21320 22848 23186 33475 34592 40767 44417 45634 59562 64428 68100 100097 242011
406 1286 1443 3294 3563 9356 9713 10777 10936 11675 13240 13750 14783 15067 15117 16604 18298 18844 20480 20678 27377 28093 31783 33237 36208 44238 56114 61766 79541 82590 83643 84741 114835
161 856 1476 6005 7538 7840 8052 10648 11165 12882 13701 14211 15515 15656 16314 17186 19866 20761 23424 24722 24828 26158 27427 29305 32395 45903 47378 66575 69354 69994 83430 86651 135587
