1000 50 22
1482 2991 6719 10282 13640 14145 16868 24290 29774 32544 33122 36531 38097 42270 73263 73344 76070 78230 81760 83721 97395 100023
3851 4855 5748 10197 12296 13178 14179 16795 23462 27420 32554 42751 44112 47446 57565 60622 66248 81714 86566 90437 108744 119210
454 6752 9015 9520 12223 12586 13836 20638 23228 28013 35459 39444 40158 40973 46166 60278 62484 70206 81064 115762 122475 129131
846 4193 4721 4755 5693 9566 11376 14699 15198 16420 18183 23288 29952 31572 33554 37217 78415 91155 113456 118569 139480 183204
3009 8248 8891 9207 9721 11186 12631 15722 17857 27033 30476 32096 37463 42841 46057 51640 55644 71413 72680 131350 136625 154065
1506 3836 7385 10846 14953 17180 20562 21635 23792 30505 37555 38263 38655 41614 45372 50936 59142 64766 65617 123074 124164 134009
1439 2658 4115 5885 6900 8592 9287 17406 18759 20617 29667 36083 41944 44224 48231 77981 81229 86954 91397 96136 102856 149259
173 2386 13371 13818 18908 20468 23430 26103 26875 32663 40986 43232 44428 46386 47640 54657 56089 61180 71583 72501 124801 130993
645 1195 4139 5202 10309 12609 15585 19300 19938 22565 29384 32076 36132 36573 37642 53861 54097 58572 80051 96433 163051 198034
1269 1308 1316 6040 10782 13976 16621 21924 22534 24092 26231 31536 44722 45746 56742 57224 62193 70411 97835 99816 112020 146468
2341 2478 3600 4942 6657 11513 13952 26339 29400 32288 32905 38024 38285 44665 47523 48050 60919 74656 82955 108642 122893 136438
3314 9771 9824 16372 18240 30614 31038 36409 37895 38826 41223 44055 44705 46718 48131 55230 55960 63877 74651 78643 79987 121892
195 8308 9545 11516 14918 17873 19426 20776 21118 23667 25535 25590 36958 42226 47849 48515 54332 61203 94838 100521 108471 192679
1170 1845 2964 6915 7501 11367 13372 20686 24427 29057 30554 32535 41137 43483 50276 58101 68423 74586 89732 90447 106796 172890
4512 5004 9172 9259 9696 14936 20769 23231 25438 29262 32973 34287 36490 37867 48027 48910 73399 79577 81332 89291 121288 137755
1047 4200 11957 15763 17050 17946 19520 24337 26011 34107 36776 42895 45449 45670 47330 52693 55216 64926 72986 75132 92779 174828
1511 2712 4513 5991 7891 10991 11967 25460 27864 30908 31243 33480 34868 35969 38870 41376 41986 71989 86535 131204 137704 159754
4330 4593 8026 11524 12229 18537 24728 24731 27393 28660 29571 42256 42526 47780 53309 58673 61042 81728 86902 88861 100929 117521
1524 2635 4123 6516 7819 9074 11157 13865 14289 17405 22490 40841 48529 54332 70185 73205 74268 77554 88585 98236 115565 123494
2662 5149 9906 11182 11207 14465 14523 15377 18813 20689 22567 31372 35063 36568 38095 47880 48293 51365 59947 98003 134379 244227
987 3581 13848 16601 16774 19093 19797 20414 25626 29228 29367 29762 31062 35257 55608 63915 69250 71869 74687 96244 114332 145405
510 4245 5591 10241 10381 11790 12419 12689 13574 20014 22357 26770 26847 37507 41215 46203 69236 73088 118071 129841 139757 142950
887 1408 3176 3317 4438 6075 11655 11822 15288 18154 25936 26823 30184 37536 39876 41703 49213 55846 71371 92275 157837 266149
3345 5158 5922 10302 10603 14168 14464 14534 15468 19152 30744 41590 43429 44041 45126 48260 73934 83601 86504 88735 135301 135524
1000 2847 6783 12838 13321 16378 21247 21555 22066 25512 27335 34152 34680 38226 41618 48486 51653 52770 86072 97619 153602 155766
421 2095 3928 5482 6416 9988 12869 18273 22110 34582 41751 43385 46605 48355 53968 62453 69443 77720 81819 84007 92469 166698
112 724 2373 3094 5072 5344 5508 14442 15583 23147 30344 33972 34233 36865 69485 72234 80641 82601 94173 96146 109509 166826
376 1102 1450 2087 6717 7208 10550 23119 23645 27884 31669 36140 39187 47763 50719 53995 62893 71485 97532 103315 120656 157074
2816 5874 6276 8164 8755 11943 20743 21839 30469 36131 36188 37707 40831 45425 53881 54935 68589 73310 73499 81707 122502 137366
1106 1257 4273 5876 6179 9283 13051 13893 14077 20491 25460 28991 30233 37532 43480 60329 65674 92428 102037 108371 117408 181687
386 6103 7542 8169 13499 13539 19045 19876 25093 27335 41158 43909 44461 47596 53266 55064 76787 83720 86019 89638 103993 112300
2577 3640 5001 8082 9273 9556 12065 14584 21884 27597 39880 44270 50213 56245 60306 70847 79880 83495 83945 91002 91644 118766
4158 5783 7121 9119 10001 10702 10944 14096 20124 20257 21761 29264 37461 38597 40451 54563 54922 75798 97763 118125 140211 147542
5073 5813 7625 8814 13313 16991 17347 17487 19491 24705 25254 28563 38153 47093 47608 48706 63346 66206 73278 74077 81209 236366
4685 4712 11833 11932 12674 12879 15654 18823 25407 26142 26441 36081 40125 41217 44056 51202 72388 73162 94099 107338 112402 122567
2072 4660 7894 8691 12075 13720 19238 22141 23261 25624 32470 33587 36626 37441 47984 77190 79429 81019 89009 92859 100389 134474
195 870 5368 6210 10306 14255 14275 16111 17021 23543 30335 35280 35516 39474 41580 49450 65867 66735 93741 125331 126426 168978
1954 4227 4307 5146 6059 8699 9027 10260 16064 16617 28006 31382 36460 48861 77511 87622 88034 88542 88800 103126 112772 113406
1365 4298 4818 7052 9338 9434 9970 10315 23472 25387 26809 27589 27721 42485 46209 64209 82290 83901 86004 115755 123781 153950
4441 7409 11667 14980 15474 16528 23863 28243 31970 40986 42819 45749 46373 52055 59488 61235 66603 68192 68193 72728 78566 108675
1059 1150 2068 11333 12789 19880 20730 21554 28568 31909 33889 42048 46972 50264 51707 60398 64676 69131 72747 81274 83530 173768
1617 2326 9510 11224 12307 18796 20723 23493 29795 30717 33879 35498 35723 37413 41245 41423 61339 77232 78207 111622 113980 156925
2558 2941 5665 14412 15144 20391 24910 27256 27568 29877 31895 39327 39519 40587 46763 47725 49324 59421 72194 91897 136868 158168
409 1078 2508 3050 7125 9506 10864 12634 21795 22704 24882 28064 38878 48743 51011 56916 66718 72291 80757 85694 125151 215579
5085 6674 8152 10107 11879 11892 16981 21434 22094 25216 28801 28826 35888 40024 56720 59386 63228 64280 80170 91418 136892 144055
5737 8605 11713 13294 15798 19645 23680 28154 28732 31372 32597 32939 33806 44828 63065 65209 70018 72366 75172 84001 106608 114726
2168 4512 7285 7608 10049 25603 30335 30615 31007 34431 35690 36197 38544 39771 49129 49551 53462 61960 70772 80179 118188 157778
2104 3664 7715 10070 11920 12239 12933 21970 26039 29975 38604 39603 47557 49497 50300 53379 62755 63469 71998 85340 127102 136400
548 2429 9204 14020 18253 18371 18673 24875 30755 30874 34782 36146 39588 41524 42934 43163 55196 76577 80604 91045 107050 153434
2359 2707 5406 7616 7624 8895 9241 10534 10605 20605 20621 30364 33438 38542 39823 47459 60377 78337 83671 117227 156754 184896
