1000 42 33
1016 3841 5291 7582 7685 8585 9255 9704 13141 13524 13827 13848 14974 15619 15719 16008 17193 18740 19602 23780 23964 27694 29366 32045 34771 41905 47352 63152 63518 70068 78812 90583 118200
1172 2309 4283 5433 5699 5803 6304 7745 9227 9248 9259 9468 9547 9769 11001 15694 19462 20267 26869 29058 30844 31430 34353 36123 36331 37151 38049 42230 54500 62405 71293 95474 169597
724 737 1773 2311 6029 6435 7922 8501 10710 10771 10813 12563 15446 16016 16183 17128 17583 19406 20720 23947 31329 37406 41933 42349 48864 57186 60507 61848 64778 67218 78664 80085 80859
737 1421 1484 2903 4838 5288 6460 7091 7576 8142 9373 10192 11578 19183 19630 19971 22423 26473 28123 28783 29926 31391 38920 40286 43346 43918 49695 49900 51166 59706 59914 80858 139938
892 2289 2414 2989 3329 3590 3716 5343 5704 6155 7050 7623 8746 9525 10255 14825 24702 24731 25951 30402 35082 36455 40688 42364 44791 47269 48150 49265 53142 57490 71082 91197 140849
875 1938 2795 4160 4199 4325 4996 5373 6018 7216 8261 8861 9662 10894 11860 12995 17372 19631 20577 21169 26960 32648 38844 42600 48495 50716 53731 57848 63348 74976 77803 99394 119927
4245 4334 5296 6380 7121 8257 10589 11193 11510 14871 16964 17776 17835 18260 18438 20452 21416 21440 22894 25383 29249 29323 30751 35488 36492 40586 42980 44939 55322 64668 71745 95523 104681
545 604 2989 3532 6776 7564 8063 8971 9592 11696 11838 12807 14728 15483 18027 18670 19506 19785 21663 24170 28107 33653 43545 44043 44110 45879 52725 52751 58071 70437 75688 83996 85952
1566 1809 2034 3446 6114 6326 7030 7676 11124 11972 14020 14511 15191 15786 16100 22099 22207 24458 25464 26874 31112 31461 31852 32566 34860 37662 38476 44143 58178 59322 66319 79312 179078
236 403 1825 2084 3063 3198 3453 9039 9325 9756 10572 13812 14808 15290 17965 18086 19572 21421 23186 23547 24168 24297 25284 27661 29709 29885 32622 38134 41831 70825 77649 113876 194980
2451 2760 3404 5104 5235 5306 5341 5804 7189 11826 12058 14206 14903 16695 17863 19680 19896 20016 22836 23542 25427 26837 26869 28387 29134 42736 45036 45597 57105 63095 68169 105395 146051
5338 6760 6803 10392 10970 11470 11604 13986 14221 14392 15554 16229 17097 22277 22684 23415 23635 24954 25212 26096 26851 27004 27798 30709 31532 36948 42802 43323 50406 59165 62006 64225 147808
1027 1847 1854 4119 4531 4783 6637 7331 8811 9555 10310 10564 14468 14536 14776 20595 22349 27071 36986 38052 38562 39636 39999 40847 42378 42872 44207 53028 57888 64214 75790 78746 86508
190 260 1649 4098 4842 4869 5372 5449 5738 5988 6962 8039 9929 11680 11755 12862 14873 15401 26949 27508 29354 30263 32973 33995 38368 48599 53924 54845 76574 76741 91108 94424 115956
638 1998 2286 2547 3746 4377 4780 5190 6048 6160 9798 11640 11731 12653 14476 16633 17616 20690 21268 21639 24993 25588 26381 34486 37057 53332 56901 58348 69375 79134 89398 90951 119828
229 2159 3142 3345 4023 4478 5747 7054 7644 8090 9656 11610 12126 14749 14795 16041 16528 19331 20848 27413 28982 29035 29740 30850 45826 54100 57213 60595 67506 71894 80202 92404 100830
1 500 804 2462 2734 3842 4469 8341 8906 9184 9986 10814 10897 13107 13420 18625 20420 21590 23889 23900 24274 27058 29480 33551 38002 39935 42569 49407 49855 58540 58886 117255 175637
572 1263 4037 4056 5110 5274 6626 9056 9435 10126 10375 10507 10733 10979 12911 13443 14285 15123 20893 22382 23246 24083 26314 45236 45911 47889 58654 64180 78577 79160 92885 94132 97021
765 1914 3636 3910 6146 6313 7702 8488 8997 10728 10871 10954 11046 11513 13356 13723 14245 17087 17745 21121 22388 22774 24445 24984 26958 40267 43411 45558 53433 55244 73958 81941 242211
1387 2133 2673 4790 5144 8254 8653 9415 10170 11156 11281 12381 18705 18964 20950 22024 22547 23299 23832 26388 27857 29525 34107 40010 40097 43724 45764 45913 51215 52050 52585 73327 160693
560 2389 3054 3848 4507 5574 5635 6967 7778 10911 18469 19665 20830 22426 22867 23411 23913 23974 24316 26737 28005 31375 31438 33576 44111 46915 46977 52334 59360 59638 62874 64196 111674
1674 3174 3872 4392 6552 6877 7576 10507 10970 12178 14492 18715 21643 22186 22705 22903 25927 27310 28471 30106 34091 34522 34854 36285 41614 41946 45042 49640 58446 62703 63052 70793 94173
798 1284 2894 3068 3650 3729 7432 7433 9779 9801 10145 10343 11190 13132 16270 18377 19997 22750 22901 22968 25696 26806 31277 32056 32579 33353 37030 41224 47865 60355 70826 142407 179863
2312 3692 4065 8230 8379 8518 9308 9436 12963 13331 14186 14582 14618 14762 17282 17987 18446 18548 18619 23619 28061 28582 29962 30271 31641 33046 59361 60946 60957 62706 74491 90280 115967
1352 1461 2857 5165 5808 8618 10205 10466 10993 12507 12554 12560 13788 14644 15155 16865 16931 19224 20314 21289 21751 26905 29765 29775 31539 36186 57741 59245 62127 69287 71314 79297 157653
109 151 236 1819 2231 2628 5903 7442 8526 8977 10240 13525 14085 14708 17758 18002 20794 21695 23544 24558 27052 27321 29166 32498 43806 46022 48810 56727 60444 68720 89300 105541 112695
1596 2446 2961 4545 4911 4927 4932 5552 5740 7295 13104 15746 17258 17572 18974 20559 27768 30519 30731 31571 33388 34457 36250 41786 46314 47044 50114 52059 63606 63947 68778 69081 85149
1500 2430 3233 5775 7550 8166 9845 10818 11047 14082 15751 16189 23801 25207 27403 27659 28281 28820 30770 35873 36810 36875 39207 41188 42672 43371 44159 44676 44901 49305 50719 67747 101362
1260 2214 2720 3570 3675 4482 4785 5867 6153 7879 8207 13550 13917 14860 15244 15975 19406 19802 23275 23690 24936 27838 28848 29337 30563 32498 39329 41764 47006 71319 96315 124661 144391
2177 4909 6292 6394 6529 9160 10318 11610 12541 12628 12704 12955 14366 16030 16568 18807 20359 22629 22878 24760 25672 27153 27451 27615 27906 32722 33596 45339 50300 82714 88701 101622 112055
39 989 2077 2606 2771 3692 4358 4974 7625 8631 11816 12804 15693 17296 18811 20041 23742 23750 27588 27652 27963 31744 33703 34133 35572 45121 47209 53614 56845 59996 66663 102839 137514
3795 6249 6595 6909 8781 8994 10733 12736 13575 15200 15741 16202 18679 18991 21684 22504 23257 25513 28901 29592 31204 35285 35909 36412 36477 38913 42992 45559 49355 51507 51821 60129 120540
600 3443 3517 4736 5758 6060 9751 10067 10300 15387 16699 17478 17516 18081 18337 21402 23235 23493 24416 25093 25808 30295 31494 37907 41089 48355 51996 58116 64246 66496 76421 76825 93394
1747 2216 2539 2691 3185 5928 6683 7079 7607 7810 9092 9680 10208 10423 11644 15130 18073 21039 23363 24368 25711 36710 37550 41502 43600 47269 51551 53112 54049 68251 69901 121519 124005
163 1494 2223 2329 3669 3723 4675 6065 7334 10781 11331 11417 12136 12734 17359 18526 19031 20320 20753 21921 22983 23697 27773 37697 41299 61425 67277 67416 68439 75700 75786 81484 93949
769 1250 1944 2863 4367 6864 10858 13318 13767 13863 14390 14591 16031 16830 18102 19632 21739 22859 24411 25055 27636 32693 32879 40534 41090 41180 42596 44337 48206 69794 85622 97833 100859
402 2228 3277 5595 5952 6840 7514 8267 8571 8688 11317 12202 13988 15319 16867 20302 21081 25494 25717 29345 33526 35874 37169 42527 45465 46291 47848 50476 55344 55682 65399 89436 122399
377 1018 1449 2794 3411 4324 4440 4637 4787 10931 11237 12438 12541 13269 13396 13528 15247 15720 21763 24601 27703 28260 34449 35107 36138 36243 38588 47377 60897 76133 77784 122368 134391
539 971 1078 1806 2597 4613 5043 6938 7430 8255 12377 12440 12724 14216 15932 17829 19435 20750 23013 25583 27160 36740 41928 43092 44961 49958 55872 59091 59136 62878 73167 74377 111821
254 2981 5042 5888 7129 7289 7370 7475 7867 9152 9633 10286 10796 15209 16503 16825 19538 19974 23457 24149 26483 27887 29329 32103 37429 39442 39612 46605 53887 71923 76623 124360 134472
1423 2519 2807 4047 4114 5891 6647 8122 11063 11242 11697 11825 14166 16715 18517 19796 21280 22065 24074 25427 26780 28071 28454 28530 41077 46394 50933 54879 67071 68099 69110 82304 109810
69 1321 4121 4286 4653 4763 4857 6551 10011 14473 16128 18613 19042 19432 21318 24232 26308 26840 28227 28601 29262 41068 41108 44943 48128 48460 53117 58418 58833 58903 62414 71923 76515
