1000 9 21
894 4457 9200 13638 17300 17924 20048 21914 24151 29976 31732 35121 44674 47840 68971 69907 75623 76244 76274 107266 146782
2431 6923 8248 8921 12412 12940 21228 25043 31173 33448 37139 49171 50341 50706 51518 54232 56391 60702 90691 124652 162424
2048 4220 4889 7761 8797 15482 18158 22363 26444 31708 38401 40758 41034 53759 63236 75975 85766 86588 93969 95258 136125
1110 3804 4507 4928 7896 14552 23668 26444 29078 30497 32354 50235 52787 54869 62887 62927 63562 67430 68932 83303 197279
1971 8109 8995 9558 13022 14010 24351 26748 34497 35944 37570 39285 41994 44944 48416 54734 59904 66081 84898 118319 196207
3156 3566 6478 10936 11181 13910 14495 17173 29680 31283 39688 41615 49546 49775 63570 73749 75322 83820 95621 100058 148378
1215 4109 4557 11676 11840 14400 15206 16285 16981 21418 22756 23833 28781 29431 40401 53094 53396 69789 133100 149459 219669
739 2534 7932 10576 11120 13100 14496 15968 21201 22523 22869 28149 40697 41186 51079 63598 74677 81481 106734 119813 203415
3154 3416 7023 7842 7863 15453 17246 17437 19623 20776 27968 29224 29498 36571 40362 71082 77412 108805 119962 139946 157484
