1000 37 18
969 1836 5542 13546 19878 20650 31085 42906 45466 50836 68790 73787 77954 81168 88789 94678 135520 137568
5087 8537 16489 17410 24549 24619 25172 28411 37716 44777 49530 56246 56948 63098 68853 88993 166638 209516
2105 3876 14510 14833 20437 24880 27624 30219 31716 40267 40741 42672 44298 53992 55485 162109 185133 193292
3946 4329 11247 15831 17000 17356 19875 21443 24246 44256 62109 72221 79044 83546 96827 101268 154431 157899
2233 2516 2601 11767 20060 21095 25133 26849 31158 38116 42332 47725 52704 71797 87363 117959 150077 232282
10620 12474 14136 14395 18027 18958 33136 34095 34380 36632 40266 41245 54323 74804 75231 114253 129792 229038
413 3566 8273 11793 12042 12501 16594 24959 34402 38343 57975 64162 73937 82668 110544 121685 125407 192892
2645 7742 13069 14774 16430 18269 29583 30833 31350 36137 41082 49087 83248 99387 100132 100982 156615 157026
750 1018 5074 7253 11623 13196 16633 18333 20070 36652 43973 67946 87774 98239 113829 127816 133931 186840
1139 4321 7033 12705 22462 32357 37586 47474 50433 51908 60197 66649 76171 86074 86696 87444 124073 133705
1 864 8024 12815 13555 16542 17434 24939 31553 32531 34549 42953 74408 78767 89208 112769 139511 261610
9096 11406 12569 14367 15995 17192 19254 32594 35720 41126 52627 65791 69835 76129 76894 112930 146944 173189
4026 5837 11398 14083 19834 20020 29442 40858 46512 47501 53750 60520 73194 90093 102245 103006 132981 136735
6372 10525 10727 11012 11458 23531 24297 31719 40570 40710 65834 66079 67518 79637 118435 119658 124179 142238
680 6865 9172 12883 14458 14532 19786 25028 28839 58818 64170 75153 77657 82142 96063 96210 139887 165401
570 10602 12429 12429 14468 17382 19501 24255 28176 32379 32509 37084 50951 89923 99783 132694 160781 214074
3045 8238 10001 12932 16560 32185 36063 41345 44393 47305 55250 56855 68263 84247 91166 104992 139161 140974
1346 2027 5769 7123 7522 17456 19052 22838 26523 31756 36062 47405 63789 103802 138646 140195 153836 161105
1208 3315 12987 13333 16944 24047 24417 25885 32040 40921 59867 60232 74346 76838 79389 116542 119057 212470
6338 6485 15360 17662 27308 27873 29806 30802 37871 38099 41011 41209 41889 43124 51168 66844 157994 309366
2302 7214 11128 15839 18040 18925 19681 23325 30706 36162 45285 66414 67544 71384 77513 86001 102997 284927
9257 11009 12284 14967 22619 23517 25534 32068 35499 42411 58698 60548 64776 71324 81750 87410 134515 197568
757 4312 5844 6037 7398 9446 23221 31413 42851 50311 56213 58940 61043 75054 85776 96125 135011 244212
9075 12445 14177 21306 22174 22494 25404 29945 42964 46437 47544 51144 63080 63640 91348 113942 121157 192442
4771 13318 14413 19097 20256 31549 32032 32832 40157 42344 67572 74902 78952 82049 86669 100584 121307 125058
7395 9445 12870 14477 17189 27970 28765 36414 51551 52094 54166 61990 63076 63282 78916 85782 151157 171160
2228 4423 10342 17841 18040 18187 26217 29277 32314 56457 57305 61603 65594 80758 98076 123123 124899 158545
579 9642 15972 18323 18445 20054 21614 31154 31433 33409 45992 65383 69504 84222 89782 106574 154428 172862
919 5156 5459 10924 11175 15581 22445 24892 25036 26275 44942 50813 58658 67239 75378 158953 171192 215021
100 287 9037 9701 10436 16159 21585 23395 26499 30639 63763 65830 75540 77291 81004 110589 138230 227462
368 1949 2114 10788 14993 25374 26408 32152 40289 58111 63000 70926 83766 84128 84526 93163 114866 183177
3971 4135 5638 12870 22713 25202 32660 44028 44741 45916 53017 55373 75313 78482 85943 104805 116647 173972
5151 5544 9641 15316 21812 27099 29555 51562 52359 53849 62935 64742 66921 78923 84232 96616 122715 135338
89 5167 10510 14108 23428 29246 31776 33541 47386 51676 55411 58792 72559 76097 80082 104485 120062 175687
3380 6574 7212 16239 20655 26256 33984 34063 40294 47796 49220 51433 51907 68326 68689 90694 117348 255616
5605 12134 16697 16887 22650 27558 28119 32426 37809 38929 46023 56829 72820 78886 94977 105613 113757 176996
2225 4574 6351 7615 17360 18720 32192 35021 35338 35487 38692 49684 61701 87896 96201 98767 160714 196784
