1000 21 32
305 1941 2198 3447 4183 6520 7488 8351 8883 9424 9548 10916 13833 14214 15449 17274 20059 20357 21960 25417 26877 27544 32059 32414 32756 56597 64392 65002 71638 80436 106981 169131
131 850 2097 2883 4067 4521 6010 6736 7586 8949 9151 9579 9709 13474 14582 14866 17378 21807 27872 29750 30238 33702 33920 34007 34618 48414 48741 61939 71498 101627 111191 161225
1030 1754 2496 7527 7982 9157 9773 10394 13551 13566 13953 14089 14647 15654 15840 16290 18854 22686 22733 24149 26838 30636 31154 42722 44987 51253 53133 61080 69425 71549 86059 160972
1956 2661 3356 4291 5515 5573 9944 10116 10510 11481 12139 13019 15468 17968 19484 20116 20962 21919 22631 27718 27837 31081 34318 43161 50704 64624 65101 66580 69087 69443 70036 135820
1867 3300 3554 3569 4993 6067 7920 8887 11372 13647 18515 18807 19045 19966 20739 21963 22098 26307 27360 30776 31569 35126 38944 44889 45893 50656 52294 57664 59390 80900 87184 112326
1318 6848 9430 10755 10942 10950 13813 14680 15767 16599 16657 17695 18134 18416 18829 19192 19522 22114 24684 28996 29494 31237 32740 44251 46956 48238 50392 52591 53343 56250 90899 133941
444 3120 5681 7636 8582 10169 11475 12462 12492 12515 12670 14672 19296 21374 22607 23391 23586 24124 25347 25493 27277 31762 32465 35400 40844 44611 52646 71985 79498 89846 91083 94981
736 802 2685 3893 4019 4446 5740 8328 9953 11421 12796 14928 19672 19846 22720 24167 25899 26978 27274 31472 31647 40214 40520 41081 53936 56802 58601 65491 69734 79955 82611 89773
1766 2723 4720 6069 6344 6865 7751 8659 8741 9133 11011 12076 12962 15001 16040 16578 17944 19424 21771 31903 32120 39301 41013 43004 47341 47493 54042 58117 58702 75678 104352 154082
5337 5509 6328 8277 8630 11527 12011 12278 13118 14460 16487 17927 18408 19108 20740 20999 21249 21250 21401 24932 25334 26782 29548 39503 45329 56054 64656 67175 71234 72651 72678 120685
1001 1439 3699 6397 8952 9118 9375 10141 12402 13362 13710 16371 17944 17955 23520 24595 24599 25370 26954 27421 32972 34892 36678 38154 47675 52332 57763 60717 69961 86234 89246 92289
53 1346 1871 1905 1973 2962 3032 4621 5972 7515 7554 9025 11481 14465 17324 21357 22077 23274 24425 33453 34489 35878 37246 37927 47396 48951 50463 52790 78789 97091 110873 143620
686 922 1061 2451 3300 3528 7148 7358 8718 8844 9902 10385 12046 14783 15902 19065 22775 23435 25208 29746 30356 34466 36959 40921 42337 45120 45725 53004 54907 61027 111278 203502
180 1261 1528 1672 2418 3700 7033 7867 8149 9122 11625 11844 12613 14492 15361 15512 21770 27984 29209 29982 30931 39931 42119 49100 55761 63688 69823 75102 75347 75684 81327 101705
223 1198 2431 3195 4403 4788 5321 5327 7461 11107 11880 11950 12139 13091 13779 13900 17137 27029 34110 35179 35566 35571 37274 47255 52609 67958 70834 72674 73339 82218 83758 90838
2164 5399 5703 6519 11551 11680 12337 13264 13379 13695 13711 16762 17311 18120 18363 18367 20480 20990 21596 22344 24071 25319 28138 32657 34264 46696 47910 60582 79494 92535 103297 127594
582 946 1364 2017 2870 3484 4190 4763 7513 8157 10063 10780 11006 11160 12059 13655 13680 15343 20073 22468 33360 34291 35348 42258 42999 47749 59278 63408 70876 73246 120898 184764
1892 2049 6138 6428 6883 7608 10359 10391 11364 11479 11561 12386 12428 15946 16334 17795 20443 22817 27345 29553 29600 37125 41964 50024 52514 52758 54673 56558 69915 85242 90002 104555
1880 5415 6061 6379 7083 7728 8211 8935 9875 12558 12691 14637 16753 17391 18756 21790 21818 22407 22844 24461 27631 29514 32029 41043 53104 54967 60956 68541 71053 74613 99514 105317
1062 1139 3145 3189 3537 4449 5167 5357 5517 6352 7738 11083 11404 12548 13713 13942 20183 29397 29973 35257 35736 36662 36913 38606 40326 51411 53011 58532 73388 79360 91886 169967
1458 1746 2860 3358 4468 4509 4521 4592 6849 10019 12570 19368 19374 19680 21599 22924 30307 32640 35321 35505 36140 36570 40627 45918 47212 50004 50358 60871 70952 73527 81458 95990
