1000 36 29
666 1542 6836 11182 13599 15449 16246 16551 18745 19030 20882 23600 23751 23824 26597 26814 26937 29475 31852 33494 34143 34430 36626 49171 53514 54174 58299 68765 74294
205 414 1362 2205 3745 3893 4724 6538 6842 6875 9046 12020 12755 13588 14079 17897 19670 21180 23583 23998 24132 25396 25760 26568 27199 35751 74346 108762 152732
1270 1300 1358 2402 2499 2680 3274 4430 5157 5586 5653 5895 7026 9073 12930 14337 19141 19825 33610 35244 36431 40749 41102 47787 50999 56135 63553 97941 108281
1727 1822 2531 2584 3675 4655 5545 5562 6499 7098 8702 9612 13241 14316 15141 15328 21853 22512 24333 26620 28553 32459 33566 39018 40791 56187 58542 84422 93939
648 666 5194 5712 6506 7061 7368 7676 7733 8053 10457 11355 12630 17678 19523 20738 24780 28868 32011 40400 43885 48509 48701 49874 53443 56250 80782 91821 112136
2 1160 1594 3165 3480 3639 4197 6323 7446 7483 10413 13887 16303 16400 18622 18661 26397 28650 32293 34552 39062 41292 44355 46235 52579 53231 61214 91269 102909
384 652 2730 3867 6847 9424 10476 10638 10992 11031 12503 15253 16428 16445 19670 20167 20865 22290 22943 23116 30660 31619 39261 44335 48848 56311 56818 60679 106093
776 1782 2579 3088 4566 4666 4858 6056 6791 6950 10154 10334 10495 12495 15649 18325 18687 18879 24432 27191 29182 32091 44454 48026 52097 63978 81692 91924 126145
1198 3105 3296 3569 5600 6899 7205 7665 9691 11102 11957 12289 12309 19555 20782 21615 23333 24119 25054 26576 27787 28285 30204 30876 34006 40052 70110 83759 89730
928 1931 2074 2217 4194 6479 7434 9442 10314 12686 12749 17107 17318 19002 20152 27197 28250 31067 32958 34988 40526 46355 47244 47487 50690 54338 59326 62203 79576
756 1407 2288 2421 3842 4636 6178 7621 9648 10770 12784 15618 16003 19772 21168 22863 24259 24346 24726 32018 32709 34023 43048 46473 58248 65009 91726 91773 93425
218 1963 3628 5749 7442 8653 9075 10127 10684 10923 11046 11916 12201 12862 14299 15097 16115 16873 18377 21231 21997 22377 34034 37502 40683 46794 91555 93650 94091
1938 2856 5862 5983 9491 9879 10246 12152 13268 14182 16849 17408 17699 18600 18684 21500 23535 32072 38318 39006 40941 41685 43486 43682 49312 60665 63617 68104 91517
718 1772 2746 2803 3511 4952 5187 5950 6028 6276 6475 7164 8937 10549 10914 14455 14486 15878 15938 27103 28604 29359 33141 33248 38058 55526 55886 106355 136295
266 1959 2287 2455 2652 3884 5250 7554 7694 8502 9023 9332 9495 15039 16325 18563 21103 21359 25010 27123 27800 32727 33748 37867 41383 55803 68881 70392 77188
970 1549 3967 5402 8153 11466 12272 13570 14574 17154 17536 18488 19955 21070 21925 22705 28469 28946 29704 33736 35204 38612 41160 49432 56241 57486 76034 78031 89725
504 738 844 1671 2465 3156 5048 7368 12274 13700 15903 16445 17612 19261 22021 22475 22735 28708 31471 33907 34322 44136 44482 44589 50717 64033 65557 69635 88275
547 1983 3389 4439 6255 7123 7359 7793 7949 9244 10739 11197 11796 19141 19673 19764 20248 31858 32405 37864 38797 46116 48361 50330 51012 65361 66842 78933 83366
476 1900 1903 3339 3519 3646 4141 4305 5828 7215 9009 10561 16970 18028 18536 18685 19107 20271 29109 29264 33462 37771 38537 42122 50187 51070 58520 65138 119158
219 335 490 1018 2308 6548 6892 11237 12654 13932 16917 16929 17061 17547 17903 21960 25402 28047 28565 29395 33287 36245 36816 45954 50825 53683 54455 59299 60902
1059 1126 1811 1919 2831 8024 9107 9502 9955 11391 12452 12893 20786 20912 21426 22144 26741 31395 35345 36319 36413 42050 44458 46112 47004 52418 52842 56805 91111
971 3006 3320 4752 5273 6799 8829 9015 9493 10407 11680 12139 13490 15377 15440 17876 21389 27742 28394 31392 31864 34162 38191 46549 52291 54488 64905 72772 88263
1865 2838 2868 2913 4146 5442 6940 7725 7950 8080 8951 13311 14525 14755 16960 19038 22019 22837 23005 23215 25452 31482 37261 39859 45939 49912 55800 69041 91397
766 946 1637 1649 1697 2508 3750 6124 7393 7518 9045 9855 10873 12090 16569 17099 19452 22458 24279 30472 31337 33526 35183 38899 41298 57235 60432 77882 91140
1899 2209 2767 3905 4579 6027 9653 9853 10372 11374 11536 11652 14440 16424 17110 17648 19341 19539 21077 27686 33148 37869 52160 54105 55115 58036 58973 65358 99043
389 995 3434 4460 4628 5070 5239 5599 5738 5960 8667 9058 10558 12159 14247 15932 24535 26808 29070 31022 31433 33471 35920 45562 62483 63253 66292 96360 109902
196 1539 2595 2718 3773 5713 5891 6347 9544 10850 11493 17177 17258 17725 18610 20012 21470 23830 25401 29116 33152 39326 46550 50732 51696 60710 63833 64388 75472
1627 1634 2289 2392 6818 7742 9342 10680 12347 12858 13062 13304 14887 15509 16498 17705 19322 20149 20685 21722 26522 29940 30395 35629 35840 44226 60074 64494 127454
850 1107 2536 5221 5370 5692 6227 6321 8800 9813 11554 14005 15375 16551 18059 18728 20118 22775 25572 28975 29175 29300 31213 33690 43553 44629 49269 67383 100879
14 2459 3211 5384 5844 6401 10543 10631 11493 13742 13933 14499 14697 15959 17723 18236 20799 26566 31547 32942 33779 34082 35479 37766 39638 50345 76952 90905 105555
310 1046 1209 2398 3932 5369 5384 5864 5921 9476 10156 12238 13546 16351 16558 18117 22305 23521 26055 27706 32194 39727 40184 40969 42800 50956 51346 67999 99248
43 1387 1467 2325 4222 4990 5792 7867 8904 11947 14100 15720 15848 17631 18022 18719 21655 34698 35545 36499 38098 48832 49530 52181 52205 56320 63057 63598 131761
1381 3624 4981 5370 5869 6274 7650 9136 10890 13506 15567 19301 19853 21729 22272 23277 28537 29631 29648 29807 31114 31241 39055 42341 46377 47488 48563 49779 55831
3432 3714 5413 7019 7036 7669 8131 9761 10508 11677 14962 18071 18989 20173 20443 23539 27658 27741 30306 30764 37159 40656 41019 47210 55316 56433 58041 58526 84879
2095 3318 3761 5536 5739 6523 7351 9755 11536 11593 13227 14392 14571 14906 17990 19092 19528 21318 26147 28445 31336 39507 39839 41751 44031 45722 46402 63255 124510
674 1478 2403 4366 7947 9335 10058 11883 12436 13086 16087 16481 21769 22516 26957 28607 30292 35137 35298 39180 39546 39629 43781 48489 57247 59339 60872 61720 80576
