1000 40 50
484 545 686 991 2058 2565 2605 2670 2749 3357 3989 4397 4590 5848 6510 6644 6840 7352 8293 8969 9393 9541 10322 11235 11763 12011 12094 12476 12620 13988 14717 14955 15567 17428 17992 19022 20619 20888 22083 22205 22500 22789 23313 23421 24031 26067 30616 42355 44035 55909
137 398 565 1093 1112 1570 1587 1716 2123 2286 2529 2614 2849 3370 3532 5346 5432 5747 6126 6509 6767 7335 7540 8033 10332 10768 11396 11947 12633 13351 14923 15257 15880 16754 17848 18077 18139 19332 19592 19620 20949 22987 23396 24010 25811 29389 30895 33803 45799 66740
1166 1631 1967 2075 2431 2637 2820 3323 4138 4683 5125 5578 5824 5860 6537 7134 7279 7866 8048 9219 9619 10331 10696 11441 12776 13419 13764 15214 15856 16553 17444 18825 19638 20044 20717 20964 23020 23774 24014 26795 27013 30663 32682 33750 36250 37807 38685 54413 56989 70688
157 186 220 746 768 1088 1272 1939 2663 3250 3884 5117 5125 5477 6901 7284 7704 8042 8241 8603 9379 9678 9781 10326 11738 12797 12925 13111 13490 13854 15744 18052 18085 21150 21165 21432 24178 24927 27953 29112 29247 29285 36420 38613 42518 46733 49187 50179 52005 72733
15 175 196 1854 2130 2443 3413 4040 4055 4236 4290 4460 5791 5982 6134 6486 6722 7368 7490 7622 8328 8421 8807 11708 12085 12350 13050 13072 13160 13275 13805 13920 13967 14200 14389 15318 15973 15999 16316 16879 16967 20385 20791 23841 25277 28162 31480 36138 55617 98517
308 465 1216 1473 1837 2108 2139 2902 2925 3592 4109 4840 4985 5137 6740 7026 7160 7746 8316 8431 8508 9017 10370 10605 10644 10730 13011 14552 15301 15411 17288 17390 17503 18369 19051 20626 20791 21282 22200 23131 24282 24742 27465 30530 39596 42238 46674 47374 54869 63294
189 593 739 867 1325 1769 2410 2512 2667 2773 2792 3089 3453 3488 3683 3695 3739 4238 4317 4540 4776 4824 5362 6354 7955 8083 8471 8847 9097 9538 11052 12011 12828 13370 14594 17102 17196 18857 19154 21660 23662 25494 27702 31142 31917 36859 37848 46674 80998 90799
83 108 1492 1532 2015 2041 2460 3245 3310 3342 3617 3818 3877 4007 4197 4532 4919 5475 6319 6487 6971 7125 7146 7276 7999 8005 8167 8825 10180 10232 11555 11618 16513 17436 18619 19933 20194 20550 20632 22377 23467 24202 26909 31276 33958 35413 39118 41414 54396 59779
67 1115 1196 1256 1311 1337 1676 1746 2242 2395 2731 2761 2913 3585 4617 4647 4685 5874 5959 6974 7046 7525 8046 9337 10403 10865 11176 12979 13366 13528 14479 15265 16117 16274 17277 20158 20233 20404 22556 24710 26058 27063 27281 31098 36988 43506 52860 56786 66527 78532
94 333 615 810 1081 1157 1404 2676 2823 2829 2943 3367 4090 4526 6311 6519 6549 6685 7026 7753 7959 8454 9560 9574 10737 11802 12089 12682 14066 16689 17852 18043 18457 18886 19705 20399 20722 25425 25451 25605 25676 26545 30007 32476 32999 35555 38358 39076 39446 53104
8 172 593 627 812 1009 1466 1574 1740 1998 2153 2176 2586 3192 3854 4340 4747 4792 4994 5269 5550 5819 5909 7528 7657 7704 8342 9931 11230 11694 13013 13454 13708 13908 14392 16302 16556 20912 20998 21406 21412 22097 22256 23435 28715 32626 37824 49596 50790 85017
138 1077 1094 2387 2520 2739 2831 3146 4258 4414 5532 5702 6074 6147 6626 6999 7953 8114 8241 8579 9326 9997 10415 10671 12965 14302 15082 15729 16037 16083 16729 17379 18687 22151 22381 23333 23868 24194 25803 26703 30102 30134 31618 33070 34792 37051 38727 42489 62462 71091
819 993 1487 1491 1584 1999 2007 3317 3461 4251 5599 5635 6430 6826 7284 7521 7558 7653 8311 8351 9040 9155 10472 10806 11249 12641 13189 14382 15244 15365 16955 17026 18221 19539 20003 20462 21977 22940 23140 24584 25122 25672 26271 27287 28902 33416 36365 47486 48142 93748
164 216 260 639 951 1961 2588 2800 3839 3926 4452 5236 5613 6375 6688 7419 7888 7894 8372 9819 10153 10563 10799 11087 11299 11422 12258 13200 13903 14210 15364 15868 16096 18022 19616 22050 23393 24189 24681 26120 27057 29748 33612 34953 37420 38420 40443 44862 56280 70248
308 453 629 961 1135 1762 1778 1851 2220 2283 2345 2860 2925 4553 5239 5669 5790 8867 9670 9845 11009 11523 11798 12340 12372 13485 14295 14436 15226 15392 18749 19104 21366 21561 21729 22305 23050 23623 24066 27503 27587 27863 38823 38904 39304 40219 40660 42707 68547 82220
99 659 853 1750 1974 2323 3532 3682 3714 4088 4434 4572 4723 4848 5157 5192 5660 5664 6695 8734 9252 9372 9716 10407 10727 14028 14518 14869 15445 15976 16777 16968 19130 19750 21917 23754 24021 24323 26260 26608 28383 29611 30098 32399 39472 41282 43273 47017 48967 51010
140 443 569 574 660 679 718 790 1204 2049 2084 2227 2741 3239 3324 3331 3608 3705 4351 4656 5057 5194 5875 5905 6049 7016 7226 8336 9729 10473 11114 13343 14145 15755 16408 16729 17281 18485 18744 20063 21082 21882 27501 29178 33955 34446 35242 44764 65258 66256
49 1301 1808 2234 2243 2447 2577 2649 2992 3448 4518 4955 5045 5083 6519 7048 7386 7601 7963 8932 9507 10405 10871 11674 12994 13997 14310 15241 15296 15785 16283 16673 18422 18808 19582 19586 19953 20960 22357 24610 25963 26776 29768 30004 30574 30935 35346 59108 64098 73046
164 1419 1474 2164 2370 2379 2704 2810 3208 3584 3601 3869 4218 4789 5028 5103 5262 5888 5899 6946 7384 7568 7713 8004 8300 8707 10253 11568 11894 12877 13188 14282 18640 18967 19558 19905 20452 21457 21639 22619 22899 23086 24677 25558 30816 36076 36425 50443 66805 71023
324 339 467 1466 1683 2061 2065 2746 2774 3040 3206 3691 3799 4596 4634 5800 5960 6132 7166 8227 8888 10892 11233 11393 11594 12523 12867 13687 16685 17420 17603 18712 19323 20410 20574 20609 21655 21757 23525 24377 26480 27110 27626 28133 32771 41574 41781 43783 47019 55198
1002 1010 1107 1204 1931 2238 2350 2623 2887 2933 3382 3602 3631 4007 4124 4229 4381 5365 5934 6524 6834 7307 7351 7738 7760 9035 9350 9543 10474 10691 10925 12000 14027 14753 18572 20464 20464 20482 22034 23514 29023 29791 31476 35170 39298 41022 42648 45285 47988 87995
70 76 364 407 446 725 1505 2183 2420 2832 2845 3174 3751 3907 4393 4433 4573 5116 6285 6723 7114 7661 7724 8332 8408 8950 9216 9400 9541 10429 11228 11265 11586 14792 16865 18842 19061 19341 20767 26850 28155 28169 28456 32457 32576 33882 37555 41626 55676 57151
487 609 627 839 852 1408 1595 2311 2369 2683 2712 2782 2906 3677 3832 4852 5653 5982 6362 6619 7706 8433 8531 9085 9395 9483 9531 9535 10057 10278 10936 11705 12107 12354 13001 13495 16280 17774 19379 19636 19736 24766 26535 28097 29062 38062 38663 39085 57180 63009
122 131 971 1737 2024 2062 2115 2365 3224 3243 3418 3467 4068 4667 5005 5360 5537 5951 6578 7193 7270 7430 7542 7755 8019 8691 8874 10015 10759 11578 12171 12707 13392 14302 14467 15801 18722 18941 21405 24653 33975 34695 39168 43034 45989 50068 52997 57465 58782 66931
38 115 176 846 1285 1326 2166 2464 2637 2771 3278 3339 3407 3453 4005 4192 4238 4330 4829 4874 4879 5275 5694 5918 6816 8827 9221 9443 9504 10037 10782 11417 14207 14796 15971 16381 18367 19181 19438 21940 24523 25979 26289 34382 34400 39572 42720 48659 53510 65318
185 333 462 473 2054 2673 2822 2860 3021 3753 4312 5544 5691 6442 6455 7630 7945 8325 8482 8737 8855 8913 9394 9519 9543 9998 10114 10646 11990 12476 12713 12952 12995 13238 13253 13374 13685 16077 17589 18322 20139 20212 21050 21910 23107 28508 33562 40604 45522 61846
63 123 379 528 864 1213 1553 2453 2586 3165 3174 3491 3645 3959 4545 5103 5156 5413 5783 6222 6546 7903 8183 8224 10187 10860 10990 11776 11788 13186 14464 14644 15998 17096 17940 21551 21599 24334 24845 26697 34157 34906 35444 35841 37329 49537 56308 61824 63162 103202
534 796 830 1128 1269 1332 1422 2401 3279 3406 3593 4200 4389 5409 5423 5969 6939 7305 8028 8247 8538 8542 9337 9624 10758 11639 12724 12967 13482 14209 15733 16272 16862 17406 18945 19244 19271 21438 23969 24262 24934 27572 30499 31315 34231 38519 39435 43988 44833 76322
563 739 812 1533 2918 3004 3211 4427 4640 4644 4888 5008 5225 5780 5887 6871 7346 8103 9138 10255 10690 11595 12588 12967 13532 14394 14424 15120 16770 17693 17974 18442 19186 20394 22080 22217 22600 23234 25104 25797 26003 27922 28208 29789 31191 32302 34827 37567 40915 53242
548 563 566 732 741 1184 1206 1221 2250 2652 2744 3501 3790 4933 5134 5187 5227 7178 8066 8562 9119 9200 9465 10063 10345 10503 10532 10663 11386 11487 11577 12475 12794 13744 15886 16044 18214 18420 18558 18746 20816 21234 22754 24758 27913 35157 35230 41902 47181 49653
15 201 267 951 1280 1514 1950 2012 2174 2345 2467 2770 3289 4620 4760 4941 5312 5698 5898 5928 6048 9158 10544 10567 10713 12573 13186 13777 13888 13996 15089 16172 16187 16657 17541 19090 22058 22173 22181 24198 24918 25068 26028 28325 31622 33253 40291 42640 43142 46136
716 723 743 915 1832 1995 2155 3429 3483 3585 3785 3897 4275 4350 5048 5118 5220 5838 5909 7110 8383 8789 9564 10015 10277 10799 10826 11346 12644 12855 13567 13898 15387 15480 15708 16286 16675 17216 17698 18602 23070 23103 24550 24754 28703 30552 32774 36366 41289 67144
440 642 948 1083 1263 2093 2278 2739 2890 3078 4175 4411 5144 6502 7278 7401 7441 7555 7685 7837 8232 8362 9059 9081 9643 9732 10271 10840 10896 11043 11658 11893 15018 16935 17768 17828 18118 18317 19723 20461 21436 26094 28396 29782 31316 34134 37379 44739 45937 52777
488 515 1200 1354 1464 2905 4080 4261 4637 5401 5484 6233 7651 7693 8322 8336 8719 9216 9862 9949 10359 11229 11598 12203 13189 13225 13914 14356 14426 15370 15810 15813 16829 21093 22341 23645 24648 25345 26652 26902 27190 30985 32402 34871 35259 36456 41601 41986 64582 71579
647 658 798 880 898 945 1504 2543 3030 4163 4648 4779 4924 5031 5878 6159 6592 6922 8095 8486 8915 9548 9768 10403 11784 12303 12352 13024 14199 14288 16219 17096 17484 19611 19859 19967 21681 22934 23053 23109 23743 25456 29185 30228 32545 41158 42203 46292 49887 52269
910 1119 1479 1566 1753 1939 3610 5736 5842 5953 6054 6550 7458 7929 7973 8027 8537 10059 10289 10309 10370 10493 10602 11475 11825 11971 12101 12793 14159 15111 15119 15215 17824 18221 20553 21626 23478 24085 24809 26186 27744 27829 29613 30063 32164 35829 38761 60259 60446 72242
290 903 1317 1357 1407 1439 1771 1771 1992 2770 3838 3867 4050 4257 4370 5966 6188 6594 6618 7013 7574 7721 9088 9123 9895 11043 12252 12839 13303 16476 16509 16942 17006 17319 17852 19954 20892 21060 21367 22527 22555 23155 23560 23927 24207 28785 30561 31871 36502 96826
57 167 841 890 974 1265 1378 1825 1827 2820 2855 2957 2989 3495 3843 4316 4378 5287 6043 6047 6922 7166 7273 7506 10007 10324 11112 12025 12248 12275 13540 13739 14123 15207 15916 16219 16385 17000 17334 18555 20546 20925 21302 25231 26464 40302 41361 42850 46012 72898
197 250 522 1470 1595 1663 3204 3987 4181 4284 5747 6367 6504 7161 7181 7307 7353 7571 7643 7887 8581 10379 10710 10785 11341 11348 11349 11732 12221 14189 14653 14732 16520 17885 17957 18562 19463 20023 20657 22691 23852 28967 30054 32677 34550 37378 40176 46279 48164 67698
118 125 379 594 1012 1164 1582 1771 1822 1974 1975 2640 2828 3968 4438 5372 6105 7753 7778 9012 9525 10402 10570 10797 10830 11637 12392 13161 13328 13678 14574 16376 16932 17681 17795 18182 22235 22895 23785 23820 24063 24707 27206 28939 32464 34485 36867 37416 40481 61531
