1000 48 5
2434 2825 215593 339836 432520
111312 150353 190226 240610 297627
23851 91878 188722 309514 374556
13414 139103 246882 263498 328821
60037 112137 121713 184775 515197
35313 93794 248409 262836 353015
17853 58473 107677 126221 676706
13867 39441 180402 252524 508533
3812 94616 106169 269247 513457
52506 124118 125192 129480 555203
45083 80154 200467 287639 381039
5821 63754 81257 369260 470979
65589 192347 227408 234956 274308
43232 50189 85378 211724 596470
88766 96946 147152 188008 468750
12313 105405 187782 322495 362240
32814 115629 150925 287083 400327
18384 148727 151013 252779 418809
6188 79779 195475 292016 419900
6861 66006 68003 296392 549630
70148 137373 165603 235405 378439
64906 78220 106197 156367 587890
2693 133617 163810 230029 459910
17654 116707 208151 293868 354975
10601 35969 244371 312333 388324
10324 144239 207288 240470 392040
54761 62871 191359 277453 401067
63270 164468 167080 174365 425464
66314 96227 170634 246577 406337
97515 148482 203311 224851 312714
121779 156185 159696 245628 302707
9215 51298 55123 125549 745106
23304 116269 153581 196022 505743
59579 83494 92448 100714 652458
29948 86180 107706 124945 641731
44277 97455 256439 259538 335258
35186 61155 173043 301491 422040
112152 120170 169126 201217 385461
9429 112801 132975 262035 474396
76004 116153 142609 188185 467269
27436 65032 85247 350823 466353
46018 88520 254991 290582 313026
25621 42145 93084 270793 560779
31093 83509 97864 292911 483900
106980 129461 170790 189506 395279
38865 89327 192859 220883 450303
2026 30834 35156 300190 618714
47 24136 179737 196872 589873
