1000 45 21
2324 12356 12362 15549 15927 16969 17629 17658 21817 28384 31527 33469 40262 55912 56702 63364 65663 69532 88340 128434 197925
9778 10880 11094 11280 12741 17536 20027 26700 31120 32444 38804 39768 40037 54717 62047 67321 68324 70028 105526 111657 153949
591 2624 4309 10163 20100 20886 25762 27452 27616 31028 36666 37832 38078 41048 42606 55041 67013 77859 107655 123517 197192
5842 8062 8992 9159 12026 12478 12552 13827 20536 20953 28129 28501 29522 29626 41122 55372 55444 83390 128785 137393 253121
1121 3224 3770 11046 13514 16078 17114 17826 18075 24916 25172 29263 30656 38845 40760 61428 68603 76396 81272 155170 261535
1511 4696 4756 10427 11062 21370 23647 25165 25245 27566 28887 35050 36119 37936 39948 47552 56479 66453 108795 183857 195370
2347 2546 2662 9692 12132 14782 17975 18207 19656 23417 25272 43430 43576 56176 59061 69628 76382 87825 125784 140272 142181
520 14702 18050 22775 25099 31023 31981 40355 41295 43510 47392 48982 50034 50173 50688 53586 54586 60581 65467 120566 122296
618 7339 13137 13343 13496 18290 20759 21567 26290 29306 30879 36794 38039 45674 45864 74840 80109 84824 86023 100524 208156
955 1926 7381 7510 9785 10778 10898 15807 16636 20320 24233 36583 49610 53138 60533 83838 102444 103719 117706 129811 130313
497 577 2866 4677 6063 7046 8990 13404 13759 18690 32464 32926 41464 44336 51814 55539 94660 105828 109544 148780 202508
1298 1905 2473 3930 9533 13407 15690 22092 23032 26979 28003 39312 44296 51171 60822 69659 82209 84036 95314 131608 186832
1005 2058 2647 3595 5397 9718 10794 13653 20595 31783 33599 38034 41804 51591 55869 56618 61616 76681 131502 161091 186932
6861 11873 13636 15061 15450 18753 28628 35006 37288 39505 43097 46240 56031 61952 68200 68525 69862 78498 91568 92009 96110
882 3806 5091 6282 10087 12253 12918 23623 30017 35264 42864 47605 50222 66693 67314 77393 87009 88311 97989 106314 123479
2053 2403 3402 3633 4381 9820 11128 14505 16420 19245 21739 45905 47808 56246 56300 57949 66394 76406 84796 153446 238684
1763 4024 4757 5314 5689 13661 16515 17748 26859 29606 33083 34348 37168 39995 49237 53319 63440 73833 130839 159784 191399
149 6206 7574 11725 14568 15041 18013 21169 21267 26406 26933 32063 35734 35974 42201 43569 70508 77078 103515 168596 216706
3702 15357 16434 17265 18145 20932 21033 22177 22249 28977 32707 37916 41336 41680 45485 51897 54154 64712 96648 151603 189067
2973 3282 5081 5967 10305 10538 25334 27202 27596 33312 33918 35609 37852 47358 62380 77353 77514 102465 105018 113863 151130
2359 3254 3888 7496 20845 21012 22404 23617 23715 29113 33095 38476 38529 55160 56215 64156 76236 90243 90948 107610 188301
1840 2062 5225 5836 9489 11369 17262 32483 36448 37219 38234 40717 42452 50872 54909 55105 66227 93634 112741 120334 160894
1774 4328 4897 5009 10206 13515 17965 21008 21471 30792 31478 35811 48649 60327 60765 82520 87793 93730 107564 117038 138519
150 3081 6153 13244 20069 22916 27467 28714 32285 33744 33900 40893 41167 41578 47957 63027 79303 104743 110945 115001 125415
4165 11581 12576 13288 13722 14325 15118 15510 16420 18650 19505 22687 28792 29665 38456 72397 77479 96903 138918 139567 197409
4692 6758 14315 19187 20096 20719 21147 21556 22704 26042 26237 27327 28903 45486 66491 68770 88385 98883 107060 128918 132572
913 2181 3688 8364 15152 15943 20524 21137 25321 25883 26564 28010 33847 42010 54413 61055 73165 82839 102621 175576 176371
363 2526 12960 15672 15773 15958 19645 23367 24292 27613 30794 34826 37136 37142 37559 57572 89246 93929 117068 148388 151536
3378 5592 5743 8790 9238 14280 17991 22685 31437 36558 37932 38217 44497 47359 54763 56908 58665 60929 65006 120275 252133
1849 5025 8537 8667 13188 13298 13663 14865 15092 19780 20761 30730 38684 49021 49216 52010 53594 59397 106006 165822 256416
1098 3441 4915 4943 5691 8576 17117 24871 27813 30772 38070 42262 49340 51002 63787 68008 73317 91510 96312 100857 190072
1879 5138 7603 7851 14027 16829 19252 22533 24672 30116 32330 36113 43762 44549 56285 58216 83253 88294 118884 121774 162213
685 2903 3683 5912 8799 10890 15735 18451 24572 25652 34541 41063 44471 53234 59840 60108 63495 64622 72257 185684 199059
677 3440 4792 6141 8483 9831 19403 26762 26958 27789 38123 38873 43301 55397 57586 60154 75949 83085 104463 108100 196999
914 1892 2817 4146 8531 11617 13129 15481 20097 22187 24119 36256 45961 51630 51792 52509 70028 99144 125129 160299 176330
481 5230 8294 16216 18410 27343 30877 33428 33453 38440 39437 40173 42512 48005 48693 56269 60564 68467 107102 112591 157889
579 2250 10447 10963 12190 13041 18034 22705 25887 29697 29861 32598 40326 51207 55929 68780 68829 92983 111341 146035 150041
1218 1256 6465 11732 14675 16355 19447 20829 28319 33078 34680 46249 49397 50352 52329 55938 60570 69724 71303 171742 180598
662 1228 3058 7117 19512 21488 22774 25098 28758 34387 35986 43757 53378 53740 54164 63545 63827 64455 97190 103075 195371
408 2679 8992 11000 12064 12967 13716 21410 24119 26448 31185 41684 49085 51866 54799 56324 58291 75501 137744 137885 166648
2752 2861 4680 14802 20555 25802 30733 34699 35743 36632 39267 41433 42858 50237 54646 55364 56724 71344 104305 133454 137226
2087 2581 4831 11437 18951 22727 22774 24667 25056 25364 40259 43400 60077 62382 66846 70702 75963 84063 88249 94158 148341
1746 3010 6149 24054 24148 24180 26788 28593 37587 37741 39141 42614 43343 60427 60603 69457 85443 89343 89539 90489 110034
975 2454 5863 9898 15321 15494 19166 20775 23317 27965 29706 34905 39811 43863 53305 53647 67731 86145 109900 152200 182551
2342 12652 12825 14263 14694 15469 20009 21127 26293 26465 32144 37220 46924 51753 54494 55452 62853 88022 105326 140461 156226
