1000 34 42
127 458 558 964 1782 2011 2986 3070 3328 3727 5358 8076 10105 10549 10833 12709 13116 13470 13516 13740 13853 14932 16546 17109 17660 17790 18048 18355 18876 21309 23172 24593 24776 25917 27179 29309 31771 34020 34826 34919 37442 61952
264 1068 1777 2051 2064 2449 2636 2861 3911 4876 5597 6021 6847 8761 9021 10553 11285 11948 14560 14793 15245 15383 15979 16644 16782 17409 17869 19641 21078 21756 24953 25517 25817 26879 27444 29494 29996 31439 34037 36034 45017 47037
21 242 321 521 1383 1512 2893 2912 3681 4444 4873 5409 5593 5729 5799 6836 7080 7691 8418 9739 11505 12228 12715 12797 14863 15285 16108 18287 18594 21358 26380 27234 27312 27493 28054 28573 29112 33108 36168 43383 96127 103706
762 1867 2093 2139 2694 2694 4253 4474 5225 5670 5770 7002 7568 7644 7681 7847 8271 8389 10257 11364 11558 14622 14930 15309 15392 16752 19183 20115 20892 23824 24096 24702 24974 25465 28174 28228 32717 35523 36692 40513 65403 67877
9 81 500 1252 1284 1457 1625 2679 3734 4042 6281 7064 7240 7312 9079 9389 9567 9985 10674 11479 11695 12182 14357 14391 14823 14985 15513 16566 17523 19271 21872 25440 27031 28264 28609 37970 38466 45444 56100 59094 62949 79589
473 757 1248 1929 2094 2186 3150 4186 4293 4564 4617 6186 7471 8170 8499 8746 8786 9062 10080 10352 11269 11279 11560 11570 15103 16483 16774 17908 19229 21385 21478 24484 25465 26676 27521 29259 31154 32749 34611 42600 44252 78853
163 242 915 3135 3174 4756 4935 5572 5598 5626 6289 6520 7113 8117 8339 8595 9254 9656 9856 10425 10517 12194 12607 13136 13362 15014 15323 16937 18224 24135 25697 28383 28564 29307 31755 34576 38292 41779 51099 55661 65615 86377
332 585 602 1112 1191 1817 1825 2004 2010 2959 3206 4547 5348 5567 6080 7236 8133 9745 9759 9989 10171 11715 12697 12813 13355 14963 20119 21812 22659 22777 25143 26085 28133 30553 32540 38594 45956 47295 60256 61070 98077 136507
676 709 1757 1973 3793 5140 5807 5825 6645 6797 7883 9102 9477 9773 9803 10190 10451 12070 12359 12726 12851 14374 14881 15344 15580 15623 16946 17664 18298 19101 20592 20796 24606 25913 26619 35034 36660 38501 39308 41273 45295 61031
91 173 699 776 1582 2436 2650 4017 4595 4827 5720 6428 6616 6802 7017 8777 9550 11204 11505 12458 15054 15165 15474 18316 19072 19083 19322 19779 19992 20814 22846 24211 26514 26913 28605 34346 46360 54491 59675 60668 79423 94217
577 899 1058 1608 2191 2493 2745 3770 3910 3975 4018 4069 4694 6537 6789 7050 7372 9200 10045 10437 11334 11409 11833 12952 13117 13130 14475 14801 17827 22723 22923 26676 32452 33685 35450 35679 36389 48588 49601 59984 66697 81762
1478 1801 2018 4349 4826 5151 5229 5430 5655 6043 6698 6790 6989 7273 8453 9334 10419 10482 11343 12279 12652 13030 13369 13452 14999 15871 16928 18521 19378 22524 23071 24389 26237 28648 31008 31054 33375 38183 45074 46256 81184 98362
170 613 2790 3193 3929 4529 5377 6221 6387 6451 6528 7567 8562 9344 10460 10557 11111 11210 11460 12490 12896 13233 13483 14028 17262 17595 17921 19967 20778 21234 21438 23301 23714 25784 26220 28082 28899 30328 32357 35369 36474 66422
71 446 1536 1885 2015 2814 3005 4455 4653 5507 6122 6133 7777 8192 8930 10465 11661 13170 13437 13668 13675 14155 15702 16991 17766 18504 19570 23347 23458 24289 24841 26362 27917 28077 28767 29588 32686 34383 36090 65628 67610 83681
65 372 1622 1869 2126 2704 3413 3853 4408 4729 5529 6320 6780 8500 8683 9950 9996 11565 11693 12077 12600 12968 14027 14269 15771 15988 16362 18196 19467 24219 26196 30055 30505 31053 36880 38554 40185 41019 44874 45773 46726 50899
344 353 1246 1302 2491 2632 2998 3303 3397 3689 4703 4745 7597 7798 8707 8720 9037 9572 9617 12080 12387 12606 12639 13021 13937 15025 15113 15532 17290 18704 25825 25914 27762 27966 28531 30100 34812 36549 38540 39556 39882 56592
108 1226 2126 2613 2755 3417 3478 3963 5056 5240 5877 7830 8494 8693 8716 8878 9631 9907 10316 12685 13959 14149 15214 16322 17317 18725 19773 22426 22996 23370 23816 26515 27991 28829 30213 31040 31599 37067 41528 71539 72997 121978
377 747 793 1007 1635 2732 4367 4757 5461 5516 6708 6899 8454 8524 8929 9014 9556 10508 11505 11788 12046 12859 14155 14291 14362 14451 15555 15819 16912 17647 18329 19018 19484 20747 21493 23673 30793 31488 37531 59315 65904 74723
187 1116 1179 1202 1320 1574 2605 3617 5424 5479 5552 6243 6301 6408 7209 7631 9424 10017 10203 10286 10349 13358 13514 17464 18616 18988 21318 22988 23246 27640 28421 30752 31954 36146 37403 37768 42149 47513 52079 56725 63004 80597
89 319 391 654 1947 1993 2074 2432 2639 4607 5184 6020 6214 6446 7098 7248 8021 8324 8509 9002 9949 13389 14535 15146 15229 15336 17272 18097 18127 21573 23283 27508 30040 31436 33625 35486 37686 38985 41099 51188 52458 74526
1805 2347 2489 2839 2882 3339 3714 4005 4215 4880 5444 5567 5654 5973 6267 6855 7013 8158 8246 8902 11752 12148 12598 13107 13636 13842 16295 17373 18323 21095 24792 26448 26470 29927 35636 35805 36335 47551 47904 51750 54323 56655
190 639 843 863 913 1634 2039 2088 2531 2673 3200 3565 4561 4948 5593 5755 6073 6719 6933 7963 8210 8574 9480 10079 11382 11636 12337 14728 15488 16031 17801 20131 20578 20639 23573 24276 26945 27420 29730 42564 92690 117788
275 467 994 1309 1728 2530 2565 2862 2983 3148 4108 4263 5102 5524 6684 7546 7932 9619 10154 11629 11943 12666 12865 14695 19137 19364 20109 20444 20893 21010 23313 25751 32884 33451 39690 40402 43428 53878 57364 76772 85113 91986
86 557 825 1640 2302 2729 3548 3647 5366 5697 5842 6305 6503 6908 7101 7174 8190 8355 11290 11988 12237 12757 13141 14442 14549 15056 16811 18258 19966 20541 21843 22039 24201 30216 30427 34293 45423 46244 48625 51742 53187 56761
767 1257 1273 1589 1962 1988 3135 4613 5038 5170 5347 5505 6075 6078 7595 7974 8052 9134 12043 13114 13803 14334 16748 17233 20866 23097 23506 23562 24745 28345 31132 32683 32843 33069 33872 35760 45040 46674 48724 49101 59073 93154
1066 1280 1804 2205 2777 3728 3956 5139 5476 6231 6488 7016 7164 7446 8294 9670 10521 10839 12781 13778 14268 14946 17503 19446 19770 21334 22325 22414 23743 26954 27070 31293 36967 40166 41899 42457 43337 45945 49793 51961 55827 56584
116 608 888 1605 2394 2421 3373 3709 4204 4240 7671 7708 8964 9062 10748 11301 11929 12015 13239 13620 13659 14936 15574 15772 15966 16203 17744 20078 20223 21583 23801 25165 27440 28120 29349 33900 41540 44925 45794 46531 65879 72029
53 66 1391 1559 3550 3832 5047 5891 6118 6120 6452 7662 8003 8030 9487 9953 11934 12198 12269 12839 13104 13614 14233 14754 14955 15272 17355 17519 19707 21474 22888 24255 25180 27943 28821 28828 29555 31156 32230 34972 61338 78831
705 1203 2202 2298 2471 3058 4426 4898 5173 5227 5290 5668 6573 6976 8310 8595 9166 9840 10059 10851 10924 12856 13454 13769 15152 16594 17322 18376 19116 21625 22064 22526 22950 23887 27307 31134 33857 35601 36417 38445 50109 52263
103 131 990 1573 1928 2203 2754 3364 3390 4368 5048 6274 6876 7645 8539 8607 8665 9642 11576 11909 12466 12512 12959 13458 13524 16983 18256 18315 18380 18590 23267 27873 28293 35218 36372 41729 49331 51120 58922 64478 67136 73538
724 840 1277 1562 1766 2004 2511 2526 4183 4272 4971 5491 5581 5808 7006 7412 8039 8227 8526 8961 9634 11826 11842 12340 15104 17397 20830 21498 22101 24042 25974 28355 28805 31365 32500 38331 38815 39397 40404 42274 48642 95466
696 1596 1846 2488 2708 2814 2897 3450 3989 4001 5303 5428 5844 6829 7204 7485 7503 7916 11191 11376 12347 12807 12858 12867 13847 19176 20848 20877 21991 23312 24742 27507 33383 33871 40781 40924 47586 47828 58157 65418 69066 78289
195 365 496 695 1200 1379 1722 2187 2778 3049 3625 3936 4089 4344 4369 5866 7647 8286 10155 11325 12101 12373 12863 12928 14083 14292 14902 14975 16784 16899 17503 18600 18621 22291 23668 26682 38650 42049 43412 48229 55558 86948
4 75 721 1117 1800 1850 1956 2054 3712 3903 4389 4613 5460 7168 7688 7826 7860 8074 10037 12346 12564 12926 13716 14847 15085 15965 16026 18362 18828 20126 20462 24517 26529 34383 37860 41397 42857 50445 56001 58178 73021 113245
