1000 49 38
921 994 1080 1197 1453 2142 6266 6511 7107 7183 8015 8892 9433 10446 11842 13655 14637 19545 20553 21511 22066 22507 22944 24397 24498 24805 24947 28272 32868 39997 40199 44285 46159 65217 66197 69103 106827 119470
368 679 833 1249 2204 3296 3773 4158 5069 5931 8122 8171 11144 11219 16633 17769 19245 20956 21329 22117 22649 24759 26311 27472 28074 30939 32408 38054 38926 39596 40976 41530 43535 46217 55972 60306 75780 138172
469 1616 2632 3306 4678 6734 6750 7425 7693 8189 10733 11020 13430 14081 14579 14837 14859 16354 16908 17922 21618 22925 24338 24778 31790 32905 32907 35570 40389 46831 48304 49867 51335 55267 56552 61568 73780 92931
443 649 1071 2512 3033 3996 4048 6164 6343 7131 9585 9640 9960 10442 11000 11597 11937 12218 14300 16846 17379 18085 19507 20301 25005 25771 28857 31374 33196 35178 36261 38781 45069 53641 58798 66085 134185 155562
1377 1496 2459 3882 4243 5542 5875 9904 11521 11916 12320 13117 13552 13849 14371 15555 16381 16802 17127 20089 20875 21701 27358 29213 30106 31221 31669 35207 42226 42669 44820 46953 47174 51457 53032 70290 77325 81785
81 2564 2620 5714 5931 7439 7589 8347 8456 10480 10655 12187 12500 12621 15797 16941 16953 17703 18360 18880 19331 24751 26477 29531 29767 32265 33097 36875 37841 39384 41751 48493 53674 55518 59727 60033 64423 93516
2120 2329 3304 3318 3372 4345 4774 8235 8303 9999 11107 11202 11774 11866 14005 14994 17353 18615 20141 21639 22760 23171 26596 32608 33272 34815 34821 34877 35104 35192 41759 44965 53155 53867 54112 67520 81960 82213
606 3676 5646 6369 6525 7194 8714 9248 11867 11910 12651 15415 17402 17718 18835 19405 19775 20552 20555 20633 20927 22599 22816 25214 25593 26361 32822 33350 41961 42192 47603 47939 48425 51069 52798 53083 54674 91314
512 700 887 1054 1122 3680 4757 6012 6211 6876 8349 8349 8725 9843 11988 15830 19756 19915 20114 20484 20798 23486 24051 26556 26604 27888 33562 33988 35015 37846 44744 45614 49569 55285 56640 77377 85243 118529
651 2172 2903 3370 4393 4563 5608 6782 9485 9583 10167 10351 10734 11671 15195 16134 17869 19329 19451 20432 20966 21128 22700 25882 31948 32977 33133 34917 35191 36365 37171 40879 46217 49379 50873 52422 63796 159823
498 1395 2311 2762 4592 4963 5052 5386 5659 6007 7642 8192 9513 10780 11143 12095 15440 17061 17900 20447 21126 23902 24766 26380 26996 28970 29208 38543 38859 40532 40761 52218 53425 65657 72060 77117 78250 89322
518 667 694 1242 1919 2746 4127 4569 4619 5385 6155 7562 8345 8561 9426 10694 11589 17369 19543 19741 22319 22784 26151 27059 31765 31815 32104 33767 36809 37734 45575 47601 48814 55400 57143 57461 57659 179721
893 1361 4086 4183 4230 5170 5348 6217 6921 8249 9665 9877 10338 10678 11537 12846 13678 14112 14131 14290 15830 20371 20450 25067 25097 26913 27800 29147 34417 37534 46063 56429 57543 58909 69020 75133 85182 118419
325 1217 1409 1474 3259 3325 3413 4407 4984 5036 5101 7373 8267 10660 11476 14919 16454 19203 24895 26022 27560 27983 28071 35756 39310 41566 43455 44063 45227 46534 47472 49066 51116 52867 54355 56700 62706 69058
1692 1767 2646 2968 3065 6968 7188 7418 7454 7834 8053 9047 12270 13072 17238 17481 17505 18727 19255 19686 21692 22427 26917 28006 28091 29407 32573 32687 35022 35489 36821 37709 48466 49818 65253 83587 85809 96992
75 588 687 913 1313 2140 2607 4071 4618 6720 6840 7612 7728 9519 9752 10858 12249 13007 14443 17056 19194 20039 20638 22545 25135 27102 27373 27825 28285 35441 37067 39566 55628 62246 93250 98225 99852 123998
360 1541 1645 2189 2582 3533 4586 5439 8268 8880 9074 12750 13287 15059 15368 16242 16607 16733 19003 19656 20016 20879 23187 24213 26524 30031 31042 33865 38159 45905 47141 47875 54895 56332 68885 71732 78662 83891
426 855 2097 2556 2856 2998 4060 4710 6711 7373 7880 11906 13474 13703 14496 16073 16983 17849 18419 20733 21497 25096 26466 26755 30015 31121 31559 31831 34771 35130 37769 43616 54844 57874 65731 71058 85202 99183
243 845 1695 3528 3695 4551 5877 6113 6775 7030 8465 9518 9852 10837 11691 12584 13077 13385 13747 14715 16466 20477 26360 27385 29906 30908 30945 31721 32268 32885 47942 51219 55483 55520 74561 76782 80275 117819
24 406 556 867 2157 4369 5757 7236 7611 8254 9523 12555 12853 13193 14767 14864 14988 15505 18201 18896 20575 22959 23387 23615 24341 24957 28756 32496 39310 41165 43859 45102 54027 57147 67389 74772 91347 99850
271 1112 1670 3382 5334 7966 9402 9906 10108 11221 11223 11309 11415 11463 12539 17979 18537 18716 19620 20283 21228 21686 22392 23475 27847 31371 32812 34167 34904 40436 40920 47578 48161 52346 57406 69854 79410 96236
795 2721 3948 4151 5246 5580 5795 6101 8229 11087 11208 12450 13672 18612 18893 19521 19692 20122 21334 21946 22640 23492 23603 24736 26821 29214 31535 33221 35132 45847 46739 47345 53322 53766 57737 64987 65283 81018
874 1531 1888 1963 2270 2287 3325 3761 3785 6829 7721 7736 11451 12900 13925 14067 14812 15307 15436 15515 15603 15655 18564 23020 25378 27018 33096 37437 39273 43365 47120 47184 56545 56897 59323 60000 115081 119858
492 1354 3072 5407 5938 5951 6613 6654 7769 8200 9215 9717 9814 10271 10740 11520 12669 13063 13533 13565 15149 17283 19655 19665 19732 20022 20479 20964 21006 39466 41178 44554 44986 45304 45684 69487 103111 223443
135 581 596 1230 2134 2725 3278 3569 3606 5211 8490 10159 10212 13089 13391 14118 14821 16940 18104 21676 22137 23751 24350 31521 33694 37031 37078 38764 40433 41981 43624 43705 51252 54359 58468 61436 72594 115406
42 150 1406 5066 5105 5461 5827 6138 6157 6175 6279 6705 9641 10362 10491 10638 11224 12234 14289 14684 15548 16362 18269 21431 21954 22196 24479 24575 28122 32946 36514 42051 44654 60220 60279 84901 88924 204183
114 1315 1350 1560 2267 2418 3339 3984 4715 4788 5482 9330 10792 13266 14185 15124 20047 20931 21643 21661 26009 30107 30807 32670 34407 35351 37095 38167 40917 42355 43213 45438 48340 50351 51049 69018 79122 82667
140 661 1045 1498 2114 4920 8119 8482 8625 8811 9682 9781 10579 13151 14317 14701 15049 15292 18313 19532 19665 20395 21303 22499 24427 24823 28610 29775 32071 38765 47891 48915 49526 60748 63061 78487 88693 113086
1337 1928 2162 3699 4554 4998 5555 6901 6943 8418 8474 8715 10400 10732 11079 11713 12792 16047 17805 21040 24116 26315 27434 27722 30066 31884 35113 39271 41657 46187 46279 46646 47463 48392 57497 62667 89379 94073
1040 1287 1849 1923 1958 2254 2816 2953 3118 4345 4860 5805 7544 9863 10155 10393 15939 16874 16876 17798 22225 25016 26043 29434 30944 31385 34928 37669 40843 44432 46011 52696 53435 56438 72811 75619 79195 97526
88 240 1762 4105 4842 5101 5448 5897 8669 8755 10923 11440 11701 12477 13008 13265 15879 16178 18101 18254 18313 18924 19637 23207 26044 27140 29595 34335 35539 38372 38608 40243 46634 47927 75112 85979 86571 117159
231 732 961 989 1079 1228 1533 1693 2125 2626 3140 5900 6066 8589 8916 9674 9981 11519 11712 12321 12624 15035 17544 17633 18338 27384 33095 34169 34378 40410 43213 44029 51431 54868 72486 79520 113947 184759
307 492 1041 2107 2759 3129 6838 7356 7915 9618 12284 12518 13427 15059 15848 16603 18301 18762 18864 19673 26537 27476 27999 29939 29940 34445 34767 35493 36191 40954 45526 51058 51428 54178 59799 66864 70225 72723
2111 2603 2894 3205 4625 4644 4692 4811 5006 5200 6017 6101 7656 11276 12032 12440 13539 15198 15302 17316 18350 20474 21153 24786 25332 30036 35449 36363 38890 48825 50088 51000 60290 62336 64612 76298 77418 98045
1551 2512 2816 4281 5424 5962 6111 6902 8049 8328 9409 10058 10154 13053 13845 14215 14450 14636 15058 15644 17123 19484 19566 19808 23724 25236 26058 29283 31122 41152 43956 51757 66072 70087 75742 82309 84272 87849
1323 1789 3311 4265 5289 5962 6177 7221 7864 7882 10762 12673 13904 13970 14248 15102 17181 20309 21248 21471 22479 24315 26774 29308 29691 31966 32708 33868 41610 43102 45057 45127 45701 45960 48579 49791 87875 101394
391 716 1053 2663 3425 4018 4257 4711 5501 6272 7995 9356 9956 10219 10888 11246 11986 12988 13970 16874 20455 22780 22876 24693 25112 25677 32083 33903 35614 40886 43304 47681 49982 57071 57852 65757 74130 169301
1047 1975 2637 3494 3654 5539 7199 7850 8305 8426 8520 9111 9895 10203 11350 12907 15331 16892 18123 18497 20221 20655 23979 24142 25624 29458 33075 36723 42039 44174 44358 49662 54077 54554 58167 79927 86262 89907
315 491 1431 1626 1824 2517 2605 3022 4687 5609 7707 8650 10393 12453 17932 18512 18669 21305 22077 22183 23933 27011 29027 32081 35004 37624 37635 37859 38566 42485 45897 48859 51636 56784 59170 62067 71069 76876
1835 2513 2800 2934 5134 6812 8255 8785 9465 9519 11379 12148 12767 13094 13755 16703 17244 17598 20626 22058 23027 23433 25132 25145 34106 34302 43892 44168 44353 47407 47757 48133 50732 52729 53706 53894 56993 71870
598 913 1364 1918 3127 3265 4244 5090 5775 5877 5982 7622 8285 8370 8986 9578 9588 11328 11722 12995 14207 21472 21688 22017 23058 28169 32046 33748 46485 49398 53379 54792 55420 57667 59546 63065 84294 149420
189 926 1821 4389 4523 4599 5367 6065 7730 8293 8604 8754 9792 10304 11466 14260 16093 16411 16834 17270 19231 22613 24688 29356 31180 31373 31456 32175 34027 35203 40771 45168 52097 52719 71570 79832 84542 106166
232 776 2978 3058 3470 3749 3793 4510 6190 6201 6327 7171 7286 7887 8445 8685 10323 11205 11430 14532 15383 16727 19402 20113 24940 31320 32751 33376 34102 44155 45445 46151 47939 49191 54540 87598 110361 156547
73 89 539 1970 2761 4135 5457 5534 6246 7146 7538 9916 10757 13416 15404 15481 16802 17858 18189 18384 18619 19829 21306 27729 28773 29106 29591 30144 32218 37600 41761 41881 43376 61200 65701 73531 76399 141196
1266 1728 1822 2449 2930 3167 4812 5717 5743 7446 7862 8006 9117 13441 15826 16084 17333 17554 19329 21526 21871 22304 23119 27978 28532 28638 28737 29045 36675 37378 38027 38136 52817 54246 63549 80951 82180 118796
193 2592 2779 3317 3763 4098 5787 5793 6577 6899 7105 7312 7320 8304 9872 10014 10066 10272 19686 21232 23272 27006 32322 33265 34509 36701 37266 44279 45955 46297 46858 49710 50132 51546 54831 68221 76480 85767
790 1022 1221 3041 3151 4271 4405 4759 6247 7397 9074 9683 11270 12458 13397 14973 16025 16702 16932 17244 22134 22871 22943 23304 25698 27156 27751 29840 32659 32860 33856 38856 45595 55738 70724 72837 105165 131819
581 1109 1464 5752 8137 8750 9004 12090 12273 13254 15405 16526 17094 17980 20546 21212 21484 22541 23463 26371 29949 30785 31535 34517 34599 35381 36373 38198 38259 38271 39096 39399 39771 40533 47357 47555 56133 65080
929 1754 2515 3686 4292 4376 4387 5761 6964 7080 7760 8025 8655 8802 9036 9866 10127 11829 12069 12894 13439 14503 18384 18407 22850 23985 28231 33200 38258 39606 44413 50208 58568 65723 67618 100272 108011 109060
