1000 39 46
515 516 530 765 1011 2931 4195 4390 4989 5305 5361 5703 6346 6365 6758 8178 8431 9544 10302 10355 10858 10867 11744 13658 14514 15128 19764 21438 24590 24659 25330 25633 27040 28597 30562 32197 35174 41236 43575 46096 51776 58602 63210 64107 65935 84147
190 265 1312 1568 1732 1745 3124 4555 4638 4929 6565 6627 6898 7150 8567 9543 9685 10268 10738 10867 13105 14384 15350 19095 19684 19918 21624 22625 27873 28854 28916 29195 30576 31400 31496 32625 35893 35893 38357 38453 40325 43189 47561 51746 75574 80275
941 1703 2092 2767 3690 3723 4176 4582 4872 5429 5726 6013 7713 8459 8898 9295 9392 11827 13810 14833 15872 16161 16790 19229 19522 20392 22092 22885 23392 23679 24934 26646 26767 27708 28989 33343 34980 36606 38063 38670 42672 48717 52935 57087 60164 78697
394 497 1287 1627 1705 2055 2286 2409 2680 2832 3193 3446 3648 3745 3998 4398 4452 6979 7830 7882 8414 8886 8897 10004 10312 11149 11626 12808 13737 14070 14657 16797 18407 18481 20165 21690 22556 31103 37742 52214 58844 62439 79690 94719 109122 151925
160 311 388 2407 2809 3635 4028 4300 4410 4835 5501 6441 6445 7404 7629 7748 9608 10927 11437 12451 13275 13540 13778 14287 15244 15482 17217 18485 18585 18902 21869 23385 23874 23955 24507 27585 31384 35239 37498 40617 42044 48439 74508 76033 85044 94056
295 1226 1309 2593 2634 2725 3290 3317 3792 4485 6773 6950 7470 7840 8683 10187 11374 13012 13300 13454 14227 14611 15307 15339 16014 18122 18535 20784 21527 22252 27930 27984 28612 29398 29445 34511 36691 36973 39928 44227 48473 50326 55595 60576 64847 65446
410 436 852 1045 1173 2917 3164 3527 5445 5603 5731 6779 7294 7610 8260 8382 8395 9584 11041 13245 13616 13799 13891 15797 16360 16516 17547 18823 20015 22650 23343 23803 24398 27106 28676 30831 33933 37255 41247 42722 53967 54475 55853 63206 63452 108749
1449 2260 3049 3528 3639 4204 4403 4710 4795 4941 5492 5672 6956 7402 8117 8175 8955 9617 9727 11788 11994 12749 13439 14914 19319 19477 19849 21561 21680 22531 22958 25114 26018 28531 28629 29949 32090 37583 39475 41324 41605 45877 49393 75208 81767 83625
65 267 441 1368 3207 3910 4687 5949 5955 6405 7562 8199 9353 9391 9677 10087 10253 12179 12186 12355 12431 13505 13773 13847 16075 16949 18608 18770 19830 19866 26378 26901 28827 29490 31342 34747 36387 38326 38561 38951 39238 42209 53372 54775 56878 118671
79 314 1258 1700 2442 2476 2657 2681 3133 3369 4685 6396 6445 7763 8010 9269 9482 10067 10118 10616 11224 14312 15500 18352 18636 20684 22962 23723 24245 24760 25228 25369 29052 31103 31666 36183 37269 42141 46649 46706 46846 50676 52742 56917 66619 67622
94 299 484 1079 1475 1808 2105 2187 2591 3552 3916 5149 5238 5969 6125 6718 6888 7757 8159 10394 11027 11094 11586 12299 13300 15487 15566 19019 20777 20782 21816 23046 23153 28964 33608 43107 43204 45875 47903 56393 56605 56623 56891 57949 63441 89800
991 1279 1829 1955 2379 2909 3114 3780 4263 5530 5546 6299 6790 7263 7724 9577 9936 9982 10618 11256 11653 11950 12492 16575 16968 20603 20956 21280 21874 22095 22433 23041 25779 29109 31829 33202 40593 40647 40933 46789 49018 50467 57109 63184 63756 76519
74 1045 1060 2634 3548 3801 4242 4979 5041 5226 6216 6252 6309 7271 8060 8430 8716 10419 10662 11562 11605 12113 12872 13472 16758 17655 21385 22095 22213 23168 23891 24082 26336 27203 29795 30291 31298 32702 35074 41333 49781 60335 64224 69000 76988 78998
59 972 1706 1869 2109 2576 2885 2943 4431 5217 5927 6717 8293 9637 10418 10690 10911 10935 11556 12212 13561 14809 15137 15339 15602 15765 15859 18824 20102 20488 21039 21605 24045 25560 28442 28842 32232 34295 46636 47923 52819 55899 56016 63574 69332 93300
1082 1086 1226 2035 2065 2725 3521 4150 4961 5052 5577 5898 6379 6914 6975 8967 9661 9746 10373 11425 11892 13092 14117 14276 15584 19347 19403 21569 22332 22468 22758 24011 24454 28592 30793 31961 32408 32983 33542 38100 38490 38917 44369 46322 98965 134249
421 428 607 620 775 1975 1975 2164 2555 3463 4275 4522 5819 6770 6944 7270 7650 8275 8399 10480 11906 12152 12501 13154 14869 15623 17224 17445 17580 17889 23917 25578 25739 27119 28134 32703 34377 40412 41846 49647 54054 56089 57184 62721 79091 114820
11 91 481 483 729 1230 1283 1511 2073 2434 2458 2980 4244 4324 4326 9334 9577 10773 11006 11890 12439 13077 13520 14493 14579 14722 14987 16573 17395 18167 23873 26252 26273 30383 30762 32301 34460 38008 39956 41156 49256 54361 65562 68073 92502 99481
63 550 913 1261 1625 2282 2468 3015 3088 3920 4166 4194 5059 5867 7032 7508 7955 9055 11172 13519 13818 14971 16410 16595 17337 17399 17864 19070 19209 20735 22770 23667 25483 26189 27908 28885 39710 43220 43920 46682 48270 53657 63375 67784 76990 81423
423 1251 1595 1700 2085 2447 2510 2844 4359 4565 5180 6249 6303 6665 7036 7076 9379 10115 10535 11143 12334 12935 15326 15608 15904 17497 21577 21934 22977 23093 24557 25320 30386 32205 33328 37476 39449 39778 40084 40203 41642 48730 54245 70806 73774 76949
1137 2558 2646 3095 3375 3944 4345 4669 4808 5004 5036 5334 5811 6030 6829 6924 6930 6941 7995 8215 10003 12005 12542 13393 13524 13952 14355 14802 16102 19697 23147 24239 24723 25772 26105 28415 29318 29494 34629 37508 41589 49048 53498 65665 106609 148192
174 864 1570 1987 2099 2679 3054 3361 3585 3631 4038 5101 5543 6781 7033 7304 7799 8883 9328 9824 11801 12886 13925 14028 16423 16481 16988 17063 18345 18896 19095 20228 20626 23513 24897 30968 34487 35558 48222 48671 59094 61320 69599 74062 77398 89966
546 2350 2649 2797 3055 3332 3634 3827 5111 5321 6320 6695 6702 6808 8949 9523 11928 12093 14311 14925 15279 15483 15843 15994 16123 17748 17855 18904 19368 20088 20177 26829 28105 30873 30876 32653 37450 40275 40648 43444 43656 43956 44454 54583 81156 86606
397 1046 1172 1201 1418 1517 1647 2002 2137 2274 3189 3674 4734 7317 7445 8405 12958 13349 14465 15533 16323 16957 17244 17695 17804 17997 19472 19531 19923 20730 20824 23473 24596 24835 25772 26999 27228 37074 41538 42781 44097 57252 59670 74936 76992 84857
274 331 901 1111 2392 2551 2899 3301 3390 3680 4920 8300 8437 9253 9257 10415 10751 11954 12670 13395 13762 13866 14632 15536 16448 17753 18538 21660 22865 24408 24816 27453 30962 31151 31650 32836 38008 40585 41234 42933 48484 53487 57052 57087 60849 62850
272 776 1262 1596 2461 2483 2628 2911 3205 3396 3870 5341 6036 8569 9685 10147 10159 10235 10457 10710 11530 11616 14655 16791 17705 17721 17874 20304 21063 21398 24556 26954 27147 31177 31294 33052 34554 35866 39984 48257 56232 58705 58851 62727 68056 71312
397 1181 1221 2389 2419 2749 4005 4175 5798 7017 7046 8145 8271 8645 9472 9574 10042 11734 13013 14386 14875 15274 15667 16115 17391 18557 19336 19905 21163 21940 24884 25593 28173 29818 32490 33431 37959 41753 43468 44757 44884 50725 54204 54210 63480 64013
305 1470 2584 3841 4275 4504 5134 5372 6401 6525 6596 6693 6694 7612 7660 7861 7929 9556 9681 10107 10808 11364 11518 13439 13584 14052 14735 15570 16613 21716 21973 23529 25529 25767 29149 32217 34060 36482 37255 40734 53267 61200 61698 62371 76810 101118
116 210 861 1202 1239 3833 3880 6082 6206 7616 7680 9305 9592 10126 10525 11828 12430 12450 12875 12928 14082 14369 14979 15010 15737 15878 17135 17159 18421 20197 22298 23128 26498 29281 35334 35523 35701 36149 36801 39162 41313 47699 53596 61276 69587 84618
772 799 2822 3564 4041 4498 4646 5094 6218 6330 6472 7264 7423 8234 8423 9849 11017 11855 12765 13013 13903 15005 15644 16065 17715 19363 21396 21484 22122 23389 24813 24866 25077 25164 27540 27890 29772 38901 39573 40174 43202 44856 50753 65737 71037 84710
88 1258 1690 1908 3137 3161 3275 4376 4493 6255 6604 7718 7821 8950 12158 13360 14843 14975 14986 15345 15542 15847 16674 16885 16913 17181 17866 20535 20742 22996 23372 24477 24485 27186 30697 32809 32817 33337 33536 39522 41921 47342 54458 66947 72037 77840
698 1008 2009 2126 2261 3103 3771 3818 4103 5525 6268 6528 6652 7000 9231 9850 10144 10862 12907 14703 16131 16546 17894 19775 20083 20420 22433 22663 22675 23091 30401 32108 32387 32630 33182 33915 34685 36172 38234 39943 40451 40477 45132 47853 61226 79593
278 759 1244 1298 1830 2477 2649 2894 3206 3243 4048 4203 4413 4523 5211 5318 5319 7207 8028 8157 10986 11245 11592 12243 13893 14057 18209 19068 22321 26241 30885 31644 32712 33169 34218 34346 37608 38623 38880 41841 47677 56329 59682 68023 70481 99505
9 266 294 592 604 821 910 1928 2003 2065 3958 4409 4440 5004 5199 5219 5343 5697 6719 7410 8186 9675 10338 13035 13670 15758 15919 17374 17513 17911 20598 21655 26104 31698 33107 36658 40371 44109 48470 48997 52770 59720 61453 62338 68133 123162
45 2374 2467 2526 2558 2577 2694 3413 3792 4011 4556 5200 5700 7504 9913 11284 12730 12881 13960 14430 15191 15363 17274 17574 18310 20416 22839 23034 23144 23510 24735 25435 25963 26941 27922 29047 30231 34011 42458 43221 46787 46882 49528 57895 76918 82352
512 577 717 1297 1311 1991 2092 2418 3625 4135 4362 4433 5390 5987 7100 7578 7926 9212 9269 9396 10406 10509 10909 10930 12890 14916 15488 17227 18975 19673 20995 21478 26248 28590 30712 34369 37816 39059 39493 41334 45123 64188 66797 76031 82486 96797
191 414 734 2506 3335 3940 4869 5038 6180 6754 7319 9019 9169 9208 9642 9747 10676 11313 13803 14472 15813 16874 17037 17679 18239 18865 18968 19257 19298 20649 21231 22871 25129 25694 30799 32134 33680 35632 37046 39198 40101 42626 46820 58334 83729 85580
249 1077 1815 2173 2877 3026 3555 4445 4465 4775 4922 5576 7265 9132 9852 10238 12360 13363 13962 14707 14881 14964 14970 18005 18732 19995 20681 21198 22549 24835 27863 29756 29831 30289 31091 31265 36961 38659 38971 41676 43954 47350 48349 51285 62522 76096
81 686 876 926 1042 2459 2528 2617 3806 4630 4735 7214 8077 8343 8479 8852 8922 9244 9501 9679 10643 12217 12691 15467 16337 17238 17607 18314 19339 20469 20640 23683 24687 25076 26461 26910 31203 34688 35360 39921 40003 40738 50604 65680 96812 137439
708 896 1263 1601 2346 2468 3084 5598 6031 6203 6375 6509 6757 6791 7853 7912 9651 12153 12813 13525 15095 16350 16385 16465 16751 18744 21229 22025 24487 24567 25166 31081 32143 32710 33547 36338 36480 40292 40383 42612 46138 46168 52275 55131 59975 60257
