1000 41 16
285 3431 8076 9463 14038 17622 20209 24376 33681 52142 64831 73389 78476 147217 199284 242984
1609 3181 3637 4812 17055 29444 29598 47307 49718 52633 58538 59280 66455 169716 184578 211515
9296 12171 23213 25477 28467 36638 40794 48675 56929 60187 67719 90181 97063 97619 136894 154457
8439 9392 10833 13357 20252 20419 22861 28371 33798 55192 69417 76241 94650 95817 214416 219363
6026 17846 18033 18103 19672 19928 25709 27628 28772 33754 50479 53383 85355 88425 101037 390196
1243 9202 11225 13621 26598 29672 31657 32125 34489 42450 44799 72140 81703 111059 155949 291201
3213 10109 16709 16779 18242 37732 40161 46983 47587 49188 69837 69871 72503 79424 158801 249194
5517 12603 12759 26083 28880 34083 49986 50194 55924 58960 59864 70243 82434 92010 154187 191247
5437 7244 8020 17105 29065 40629 51667 52245 52386 53772 80513 88067 97443 106678 113152 182097
5451 10673 11678 12448 16779 19130 20157 27117 32486 32748 66718 94090 114624 137143 173768 212691
2341 4121 6581 6759 23089 26925 30675 33835 34143 42215 63212 89081 131413 155593 165479 175733
12273 12968 16431 21962 26514 27906 29199 39780 49268 49665 55067 62307 105352 146239 157813 172313
3089 7721 8004 9453 10148 22431 23239 35056 36901 46037 48682 53560 71476 90059 131756 392083
5599 8166 13241 30594 34434 36188 36591 38803 48935 52446 72921 78350 90845 128818 132615 174789
8935 11959 12266 16114 21111 30028 35110 40570 50405 57896 63096 89378 115660 124829 140475 175951
7081 9131 12963 17606 17607 36796 41057 45255 48529 84599 88022 92830 94321 99803 139108 152883
1292 5902 12411 17941 23111 36226 52988 60841 63752 69352 78452 96673 106458 108069 111759 144565
10938 12240 25927 30150 30561 33873 35274 41460 49918 74472 78554 83838 86901 101541 113958 176813
2913 5627 12089 18091 23800 55557 57650 67611 74910 75639 85277 85860 90162 96906 107445 134724
4946 5881 9477 18814 22757 23219 23504 31135 49998 55470 63630 73638 110790 132648 157772 202203
6530 7701 18582 18840 21558 30524 32797 52266 54264 58094 64067 76623 80820 86244 99633 276471
6958 10627 11212 12645 15640 32783 36450 41106 56545 59061 66226 66850 80857 127526 139175 226227
4086 7035 23926 29788 33705 41507 47783 52934 63414 65469 68725 68728 70619 83714 100235 221366
6570 7758 14340 17797 22140 27541 41165 47807 51157 51581 66491 68000 92424 124906 157857 186620
6708 10046 15499 16980 21220 36030 44349 50941 61043 62282 64907 89254 99099 105589 141369 163107
805 8689 14668 25297 26243 29256 37230 43227 55674 61106 61862 64029 77908 94099 184838 201445
461 903 11455 13305 22580 33036 39180 44558 48529 49258 74343 94003 122395 122684 146772 170644
1863 7095 8499 39599 44341 47344 48448 52872 60182 60881 60947 75819 89016 95661 119398 175999
2566 13841 16214 22448 29883 31351 36217 36276 40897 47816 57779 60354 69666 123595 145737 256003
1523 2069 4914 6815 8292 9806 14848 23654 43335 47494 48575 65097 77240 107598 211437 316332
4516 8022 15156 16872 20448 27545 43397 50021 56093 61753 69930 78890 94378 117553 157513 162680
3379 7393 9619 23060 26534 29273 31825 38474 41561 43106 57654 87739 100517 101986 120609 260706
4949 16190 24954 25285 34920 47355 52595 56450 56757 58322 58430 58436 93134 123517 129876 145177
3265 7396 10366 10669 11168 18984 20687 36191 39830 45781 49991 87404 94248 134009 143115 270255
3709 5945 6885 18323 24049 39482 52274 54528 58426 59370 63676 103664 112143 117733 127819 142331
6284 10525 13722 27421 27431 28703 36958 40935 41565 42005 43487 80102 82502 136942 184165 185575
4985 6334 8374 11428 11460 35057 40610 54541 66301 72223 73646 83947 106492 109028 147681 159019
1292 10207 12827 21903 33023 35586 50596 54055 67080 71550 78544 82290 103335 108988 110733 143406
4183 6378 35015 36989 39860 40434 44044 45698 46801 52289 54922 55490 66160 73510 89294 297156
2619 7686 10141 28980 34738 36002 39803 45312 45505 66878 77350 81358 112740 115634 119410 169011
26 1148 4072 19495 30062 30540 41695 51650 63713 75155 75176 86703 87760 124516 138877 161639
