1000 42 41
121 243 1687 1783 2033 2333 3226 5017 6166 7193 8285 10825 10889 12357 13042 13607 13798 14535 18247 18346 19799 19898 19959 19967 20490 21765 25814 27064 27291 29303 32292 34851 38458 39444 40841 47619 59758 64437 68283 76104 93026
128 414 784 1928 1983 3973 4585 5917 6707 7297 9419 9744 10336 10457 10982 12363 12491 13247 15012 15530 15894 16717 20939 21720 21824 22240 25199 25899 26591 26973 27103 30448 34272 37608 41033 46806 49107 49644 52065 97954 144747
397 572 830 1010 1286 2088 2386 2763 3063 3550 4389 4843 5016 6778 6885 8619 9399 12593 14293 14551 15776 17855 19031 19353 25987 26873 28562 32043 34427 41409 42217 42917 43016 47962 49730 50578 52369 72831 74119 74288 77488
603 1034 2158 2750 3232 3957 4526 4638 7235 7603 8379 8457 9140 9938 11051 11166 12187 12643 13696 13802 15483 15531 20269 21371 21594 22822 23930 25248 27511 28130 29709 33309 37112 39857 49858 59682 61009 62315 76093 84636 86181
5 1056 1467 1694 2593 2776 3104 3181 5143 5577 5994 7717 8367 8871 10731 10778 16384 17323 18639 19288 20657 21115 21840 23604 25138 26196 27282 30459 32086 33136 35420 37504 38513 41064 43738 46510 48657 65436 65790 75274 79369
199 669 3599 3846 4220 4825 5042 5547 7325 7921 9061 12832 13029 13893 15538 15546 16341 16404 17297 17596 19434 19880 20167 21290 22529 26947 32406 32620 32727 32810 33418 34190 35436 38509 39506 40614 43773 56852 57237 68833 88551
2823 3276 4636 5199 5546 6158 7471 7500 7521 7810 8730 10895 12846 12960 13826 14693 16135 16631 17368 17657 19595 19849 20782 21058 21523 26265 29364 29424 30326 30697 32752 34552 35427 41160 43397 43814 48706 50780 55384 67799 92699
749 1857 1876 3448 4905 5680 5963 6539 6682 8703 8944 9169 10802 11108 12600 13777 13905 15555 15602 16483 16770 18683 19054 19773 20447 21004 22818 24899 25310 28165 32934 34752 35034 43214 47508 47982 48311 56725 57956 68758 129537
670 781 1136 2328 4563 4784 4951 6337 7004 8601 9369 9908 10097 13367 13661 14115 14726 14985 15828 15906 18913 19258 19352 21111 21770 23552 26609 28358 28618 29316 30741 33365 42907 43783 44667 50328 55741 58068 65818 78068 78678
920 2089 2595 2752 2869 2869 3263 3866 4061 4446 5787 6451 7139 7331 7347 8760 10812 11502 12542 15931 16311 19008 24678 25739 26027 26324 27746 28305 28325 28506 29380 32834 32873 37753 43462 45677 47508 50915 69337 73346 154391
75 289 895 1066 1977 3104 4986 5140 5596 6444 7079 7400 8132 8900 10318 10883 12019 13816 14176 18751 19378 20171 20294 20631 20676 20803 21321 25467 28989 29681 30778 33738 39496 40674 43418 50752 59970 65297 71321 79541 110140
313 430 827 1487 1872 2767 3612 3954 3960 4654 5017 6279 8294 8303 8423 11054 11511 12389 14787 16883 19399 20243 21681 23063 23232 23867 24250 25021 26100 30821 33725 39881 40837 44258 49857 57160 58553 68459 73594 77582 85130
123 246 1426 3822 3929 4122 4508 4641 4795 7014 7095 8969 11110 11177 11349 11602 13641 15151 15364 17509 18594 18681 19074 19215 19403 19684 19795 20143 23521 24991 25276 27902 36898 44458 44656 52243 58179 79527 79781 82462 101936
235 1435 2690 3731 5641 5655 5662 6698 6720 6981 7457 7755 7790 8043 9336 9897 10195 10462 10677 12307 13974 16133 16670 17142 18692 19196 21803 22355 23159 24552 29636 30760 37715 40066 40110 43353 52929 55880 85039 94995 148508
1506 1724 2021 2287 2644 2719 2920 4930 5738 6343 7947 8136 8389 8485 9747 12595 18384 21467 22575 23794 25428 25545 26503 27378 30283 30351 30355 32022 32108 32146 33438 33581 34508 34816 36632 39318 40251 44335 55099 57012 113709
120 3093 3133 4567 5652 5984 6037 6072 7018 7794 8058 8140 8588 8735 10926 10984 11744 11971 12378 13389 13952 15869 16268 17284 19011 21286 22231 22585 34455 40004 41373 41460 49140 49760 51435 52916 61868 63351 65061 69073 71417
1403 1665 1973 2180 2680 3120 3726 3857 4718 4834 4957 4983 6098 6721 6927 7732 9325 10189 11345 11435 13581 16400 18287 18379 22298 23717 24836 29191 30245 31038 32141 33295 38785 39067 41147 41483 60494 63620 63930 87286 149345
457 1013 2640 3383 4720 4961 4967 5434 5436 8544 8736 8895 10170 10612 12028 12424 14555 15652 16190 18102 19040 19072 21459 22724 22802 23488 25094 25690 32396 35508 35698 38991 43135 43878 45624 48460 58740 62689 63486 63855 73444
486 780 1562 2452 3825 4168 4443 4479 4687 8426 8839 10907 11199 11588 11590 13187 14449 15501 15949 15968 17890 20149 20841 21593 22286 23076 24135 25389 25993 30835 33901 35775 42763 42824 46920 47965 49283 53949 64785 80080 95606
99 940 1703 2278 2685 4922 5770 6797 7209 7501 8144 10649 11780 13570 14614 15853 15974 16855 17522 17637 18238 18497 18932 20814 21313 21412 21869 21973 29931 30004 30225 34799 37474 37738 40898 49470 57620 62007 67066 73008 96599
473 737 806 1113 1213 1810 1871 2251 3195 3268 3574 3753 4362 5001 6168 6303 7541 8857 10082 10138 13283 13987 18730 18817 24325 24641 25859 29681 33991 34144 36574 37796 45909 45928 46400 52563 52638 54899 80032 103117 113487
4 378 1035 1600 1714 2860 4998 5293 5527 5915 6733 7197 8371 8421 10963 11000 11944 12145 12707 12931 12993 13656 14961 20263 22613 27212 28050 28376 31693 32356 32926 33412 40388 40439 49719 56173 62094 71594 77693 78219 87419
387 883 1692 4193 4858 5800 5953 6676 7056 7117 8961 10161 10880 11761 13209 13263 14784 15823 16625 16738 16739 17794 20639 20886 22313 24174 24349 25340 26120 30446 32253 35374 40669 43906 44832 46604 46905 49305 74565 80228 90509
919 927 1175 2075 2176 2471 2923 4169 5172 5378 6075 6227 6765 7440 8161 9951 10196 10215 10517 11866 14804 17001 18141 18994 20303 22916 23351 28858 30162 33521 39927 42722 44682 46876 51445 53877 54059 65144 65602 84719 97071
28 414 678 2303 2751 3107 3367 3454 4034 4900 5217 5243 6264 6280 7037 8851 9226 10906 12010 12534 13930 15196 16328 17937 18534 21333 22794 23190 24493 24978 26961 38913 41295 52271 56741 63344 68134 70047 75329 92802 99602
1100 2654 3151 3397 3691 4769 4961 5884 6373 6577 6814 7177 8798 9344 9381 9674 11469 12249 13519 14698 15734 16350 17266 18617 19563 20821 25074 27268 27976 28848 33281 33560 37437 42699 45667 48573 66620 75560 76165 80034 86809
317 414 579 1670 2928 3208 3356 3536 3677 3958 4273 5274 6739 7884 8608 8608 8743 11382 13009 13846 15199 16919 17292 18277 19598 19622 23404 25482 28360 28798 28952 33253 35335 39402 48245 56893 60734 72772 84187 90990 113188
860 934 2257 3132 3743 3800 3822 5224 5298 5412 5899 5905 6484 6727 6976 8849 9373 9814 10581 11975 12300 13491 14644 16561 19512 22007 22439 24778 26599 27734 35528 35870 38859 43702 49794 50467 51454 53986 78871 114703 121156
285 824 1388 2341 3630 3944 4595 5256 5474 5900 6746 8087 10605 11390 14412 15245 15567 16545 16942 17466 20368 21747 22191 22312 23234 24380 26891 27053 27387 28921 28932 31784 36260 37491 45053 45511 53334 64622 67974 78855 90119
390 1416 1535 1560 2061 2914 3885 4485 4561 4833 5206 5591 5839 8326 9301 10357 10451 11713 11762 12347 13839 14859 15250 19052 19342 20411 24030 30469 33864 34809 35934 41245 46953 47471 52126 52488 58400 64846 68685 86394 96403
137 256 258 377 2028 2977 3968 4573 5138 5992 7177 7657 11459 12277 13139 13422 13960 13973 14215 16102 16512 16983 17149 17526 17772 18240 19928 20994 22977 30932 35669 42544 45324 46535 50456 54524 56539 63769 68472 83996 92146
833 1074 1182 2672 3957 4529 5371 5869 6672 6879 7322 7543 7965 8402 8793 8851 11048 11291 11960 12129 12228 12277 16219 17367 18055 24269 28864 30981 34822 37369 37827 39608 39795 43445 53908 56389 62540 69231 70148 71358 81287
690 750 983 1118 1703 3301 4057 4289 5591 5703 6454 6506 10081 10430 13995 15140 15203 15308 16097 16290 16383 18635 19042 19537 20553 21150 21200 22770 24984 26335 31818 32301 33696 46265 55363 58494 62562 69135 69462 82906 85329
3493 4519 5179 5274 5453 6490 7864 8349 9007 10672 11099 11301 12393 12524 12596 13054 13402 15566 16354 16836 17627 19055 19403 19853 19956 22060 25040 28725 32953 37350 38918 39822 41846 44503 45143 45534 46572 46850 61615 65557 71927
1384 2019 2457 2898 3150 5196 5513 6383 6407 6728 7571 8364 9556 11408 13724 15198 15408 15733 15813 17890 18369 18502 18577 19757 20238 22178 23230 24689 31218 32342 32344 33430 41045 43776 46535 50306 62456 65497 67634 68985 78850
1349 1635 1736 2827 3071 3605 5801 5815 5947 6014 6878 8350 8483 8628 9256 9725 9985 10900 12411 12977 13023 14222 16391 16575 17834 19777 20363 20379 23144 31315 32549 32569 33794 50979 51211 53444 62084 78009 78191 94703 97233
51 233 324 696 1419 1504 1542 1607 1939 3098 3480 4245 5035 5809 7605 7620 7979 8115 9217 9258 11919 12492 12637 12994 13338 16297 17452 21626 22993 27967 28394 28691 34266 35477 42208 46512 47789 62434 121269 134850 157206
201 268 979 1164 1332 1463 3108 3392 4630 4683 5449 5788 6590 7355 7401 8319 8585 8672 9550 9575 11268 11708 12566 18679 20057 20993 23810 26068 32152 37880 38304 42150 44723 45516 54227 54471 62233 66985 82476 83681 101792
45 296 619 2877 2915 4401 4678 4838 7507 8773 10395 11341 11486 11818 12004 13431 14645 15757 16966 17026 17697 18412 19562 20684 21127 21207 23232 27454 28316 28667 32256 34269 36011 38240 38927 48397 59465 60587 62649 83470 96339
742 1906 2696 3058 3119 4544 4558 4864 5839 8803 9330 9685 10166 11992 12411 12814 13190 13240 13274 13748 14521 15662 16440 16492 18020 20325 21451 23912 24877 32379 36935 38191 39570 48627 49040 49916 49974 54844 57918 89482 114041
91 308 1782 2088 4549 5907 8142 8222 8595 9516 9737 10113 10276 10664 10750 12497 13553 14538 15346 15473 17245 18167 18488 18953 20994 22170 22804 23073 26973 29429 33436 37118 38017 40297 40338 45208 61635 64629 69144 72775 99686
1330 2015 2460 3613 4173 4181 6095 7178 8298 8395 8498 8656 8668 11296 12293 12964 13510 15250 17459 18607 19751 20054 20787 21162 22123 24220 26203 26739 26820 27758 27785 29495 33242 37566 43405 44071 51994 59318 70036 78940 104065
