1000 33 30
1801 2133 3119 4708 6143 6449 7754 10384 10547 11285 12271 12501 15648 20945 21825 22450 23871 25102 31232 32836 33333 38463 38538 42654 46799 47683 51436 52474 52487 103885
2102 3051 3116 3198 4566 5633 8310 10343 12512 13717 14169 14299 14432 17684 17783 21602 24740 25353 26598 35393 36024 37651 44362 44435 48991 50740 74957 81374 91245 96674
450 1056 1731 2157 3135 4314 4704 5560 5859 6633 8712 11406 12888 14527 14574 15628 16713 16799 21446 21630 24247 28232 28460 30450 38526 44088 74347 92084 97040 146082
1129 2352 3757 3793 4890 5934 6334 10223 10558 11232 13474 13999 18655 19220 19592 20006 21593 26331 29569 30289 41065 41642 51703 52764 60133 61966 63631 68110 80843 101372
1510 3665 4766 5775 6970 7253 10457 13419 13662 18741 21873 22681 23306 24657 24805 24949 25099 26277 26721 29921 30517 30717 35203 39160 44220 44758 61542 65366 76111 96691
438 919 1399 1776 2195 4033 6608 6658 8149 9592 10639 14126 15568 15647 15670 19579 21935 24083 27698 30130 32761 36699 37909 40329 40781 49156 62298 69926 96086 125807
138 653 2914 2938 3398 5657 6184 6899 7327 7556 7745 10633 12719 13009 17414 17531 18972 22109 25607 25833 28335 35614 44537 56722 60240 62980 68065 80227 81042 104029
167 2600 4538 4604 4964 5955 7207 7394 11289 11640 12758 13280 13515 14556 15037 15228 15925 22360 28819 38000 39411 43399 43559 47288 54191 54407 56389 65473 69416 75739
1649 2486 4346 5492 6405 8167 10951 11290 11761 12479 13260 16698 20015 21861 25973 27355 29122 30020 30354 34002 35094 36081 38052 39240 39443 39823 41372 52048 79127 103842
441 698 790 4850 7564 7720 9546 13014 15061 15165 16656 18121 19135 22767 24040 24568 24622 27109 27934 29547 30895 34672 38215 38807 39896 40115 42932 50499 52040 94055
919 2513 2903 4243 4364 6499 7754 9574 12756 13471 14138 14773 14908 15499 15528 16484 18652 18656 21430 23639 29866 31128 32305 32733 36373 40187 63455 64045 97116 137745
249 1623 2666 3515 3759 4372 5213 6314 7967 9727 12201 12353 12384 14170 19823 21102 21996 23343 26757 28571 28844 30510 34155 43859 44481 45115 52833 55986 66714 127853
317 1228 2136 3887 5029 5897 6643 6719 9008 9472 9954 12265 15303 17027 17488 18320 24715 27747 32986 33510 36009 38212 43875 50777 52585 68354 69990 82894 87201 110884
132 2023 4574 5629 8376 9150 13009 13307 13518 14148 14692 16107 18002 20620 23660 24654 24788 25232 26478 31367 32547 32727 33405 36480 39467 41293 49663 62258 70859 79960
1074 2401 3996 5544 6005 6202 7123 8567 9641 9869 10427 11303 16168 18013 18448 26371 27939 28795 38877 40179 41295 44253 48520 50734 51462 54758 58075 70382 78005 83222
973 1668 3524 4050 4596 5195 6794 7761 8548 9683 10160 12336 13469 15028 15147 15578 17260 18166 22831 28033 31009 42244 46959 46963 53616 55623 58747 63913 90768 134606
753 1618 2705 2928 3931 4373 5136 6057 7245 7879 10732 12551 12896 16115 16637 16640 17829 18068 18535 22185 22908 28590 28698 34835 36366 40335 56761 90270 105860 121559
254 3264 3283 4046 5080 6182 8125 8340 8575 10466 12205 13606 14260 14471 23773 24644 25700 26825 28119 30231 31857 32927 33533 36231 39620 49296 57177 60224 76856 114042
1073 1511 3424 5557 6744 8887 9317 9508 9721 12923 13089 13091 13427 14655 22815 24706 29211 29787 30319 33788 40482 41064 43832 44695 48455 52499 57730 91747 93998 99740
2153 3337 4507 4923 4966 6653 6844 8539 8658 8685 9729 9945 10055 14471 16005 16777 17074 24771 31591 31980 32992 39429 45961 49859 60352 63128 63685 72404 74361 82207
900 998 2805 3347 3560 3936 5172 7198 8691 8951 9930 10430 12835 14763 17733 20766 22805 24419 24680 26498 26832 28749 33296 40984 54998 58810 63411 66330 97979 125849
1937 2902 5121 5139 6106 6522 9725 12645 15531 16381 17430 19326 19346 20164 23338 28928 32309 32563 33177 34572 41665 45380 46242 48338 51251 52815 55150 59449 65220 76529
717 1602 2947 3392 3462 3972 5998 6246 6347 9118 11980 13659 14587 14795 17132 19392 21321 21462 23858 25062 27749 39628 45372 45427 45868 46746 50420 59403 96367 101666
1072 1805 2113 2187 2677 3364 3379 3431 5318 6869 8062 9131 10617 10708 11276 11857 12040 14002 16033 29050 29371 31015 39559 44411 68601 81215 84399 94264 97490 116220
1021 1258 1289 3343 4847 7228 7346 8114 8970 10065 10123 13310 15203 19481 19522 21711 24145 26647 27389 28206 28652 30766 31240 31810 33849 40542 54344 65183 103670 117820
1471 2515 2874 3392 5570 5913 7484 7487 8039 8157 8218 11010 12169 12379 13694 19179 20443 22064 22911 27271 35790 38732 41373 41979 48343 57325 59238 61610 82195 108440
1697 3042 3663 3684 4079 4486 5212 8869 12069 13314 14105 15015 15467 16647 17188 23195 25298 26442 26816 26873 28271 41754 44097 52867 53931 66342 69050 73317 81761 125302
1 392 406 738 2382 2958 3655 4186 5561 8435 13895 14629 15417 15426 16089 16516 18708 21230 28207 28314 28948 29074 40716 41997 43337 56612 57510 65287 88261 166714
226 430 1730 2522 3202 3240 3652 3719 3823 7919 8041 10310 10693 14203 15466 16685 20372 20949 25696 32668 33842 36112 36352 42726 49019 49503 51245 72551 73209 243696
116 198 960 1956 5061 5107 5824 6204 10247 12046 12514 13074 13415 16893 17758 19963 24744 26085 33119 33491 34445 36239 43185 51859 51973 52705 55547 78693 90762 97499
183 246 777 926 1110 1195 2778 3614 4664 5098 5362 5794 6714 8720 8839 14848 20846 26101 27837 36303 42290 43229 45938 46083 47543 48214 54182 63246 82361 98876
1551 3025 3698 3843 4679 7402 8056 8802 10586 10869 11111 13653 14737 17554 19634 20629 22410 23889 24448 28878 29039 31637 33767 44025 47781 50742 59119 59207 123478 152415
261 262 2004 4672 6327 7446 7673 10402 12133 15765 16102 17497 17769 18259 19502 20352 25922 26307 27385 28083 35528 35980 49036 50583 50708 56833 64780 65074 74252 75016
