1000 41 23
338 546 1968 3738 5391 5794 5930 9221 11088 11367 17842 24055 41909 46935 51512 58676 59980 67022 72775 84785 92733 109332 213620
1635 4186 5474 6663 11114 11951 16776 18214 19753 26512 34769 43489 44959 45423 48273 53814 54050 58470 74681 88309 88864 101404 137286
2134 5577 6537 10874 12659 12897 15311 17959 20859 25406 28196 31573 31805 32015 50039 53629 64616 73027 73492 81845 87110 118779 140047
4596 5015 6587 11703 12075 12305 13764 15053 15606 15940 19791 27862 31004 36697 53791 54983 60326 74167 75944 78628 89827 102568 178222
1414 6409 8065 8958 9830 10505 11888 15110 15628 15944 17911 19054 21037 28935 38195 46063 57604 61938 65447 86921 124731 152233 172475
529 553 4862 11788 13386 14418 18946 22301 22432 24468 27785 30662 30896 32970 33153 37618 43125 46138 77076 79711 98197 131917 193956
6762 10405 11994 13323 14995 16012 16521 23699 25884 27255 30236 32801 37144 37757 49658 51638 65304 80499 81196 84378 86170 95906 96357
3825 5410 6724 8053 9689 10076 11049 15401 17706 24799 39584 40185 41516 44327 46827 47366 47898 56727 64158 89693 92844 108951 162617
75 2584 7867 10851 14269 17567 18515 20350 23620 24090 27955 30741 35245 38999 42469 48748 56904 72969 73273 74181 79708 80917 196337
460 1787 3760 5940 8001 8526 10699 12062 18627 19722 24280 25868 34140 41091 48408 63904 64771 67457 73502 89529 106022 116987 151276
4252 8362 10534 11346 18677 19061 20479 29025 29183 32115 34663 36353 36436 38796 42388 55426 61297 70668 73032 74967 76889 81513 130485
407 1688 1793 4775 6306 8767 16163 26158 27991 30991 33518 43900 45658 47042 55247 57834 61348 73685 73772 78466 84523 107220 110083
1699 2326 2878 3027 7690 7746 8270 8417 12309 13761 19906 37905 38666 46620 51290 71878 72903 73631 78730 94870 95211 113340 133189
163 2082 7480 11417 15115 16631 19523 19928 22989 27611 37130 37338 41685 41907 50059 52332 78473 79102 80024 83500 86612 86786 100254
724 1939 4380 4843 8087 12266 12332 12616 13041 18660 21848 22977 29842 30203 34941 39250 41289 41769 66347 87106 117597 144322 230372
362 4166 5092 6637 8749 11705 12372 17809 22190 24169 33287 42300 43239 44886 53125 54925 57837 67097 67531 87805 88130 114278 128248
2613 3373 4376 4678 5844 9204 15156 18847 19832 24712 29608 34607 37971 41281 41639 51868 55913 74043 78277 82555 89849 101276 167783
1771 2783 5969 8388 13435 14399 24550 24980 26792 29165 32171 33547 45295 47425 50701 51226 53417 66740 73399 74068 83065 84776 147618
2139 7013 7900 8210 8940 10494 11781 12388 15045 20041 20230 35386 36561 38804 42754 47148 63810 77153 82368 95205 104518 110328 137174
1230 5140 10619 14471 21619 22607 24572 26016 26252 33890 34603 37485 39396 45784 48163 49525 50891 56174 57884 66974 84784 106577 132356
298 1100 1366 1500 2469 2752 8944 9542 17447 21748 23449 25514 29886 32760 39389 39956 44683 68912 71176 78694 127899 157512 189181
358 1417 3877 8799 9541 10668 11957 15219 16048 19036 24512 35457 35990 41719 41856 45585 47095 63442 71557 77180 81838 114157 217944
1731 4404 7018 8335 8402 12784 19552 20212 20278 21513 23400 25878 31847 34378 34565 36469 38533 52358 56489 59118 71719 90314 315900
1185 2178 5485 5793 9842 17584 18204 27307 29480 32073 39341 40808 43879 44044 47379 48647 53675 76274 76430 86186 88698 90543 110181
319 4027 5780 9034 10186 11270 14624 19013 19765 20274 22538 26183 28835 36132 41254 55513 60583 68142 79025 88072 90134 111652 174208
96 252 1019 2822 6138 7043 8354 13674 14369 20720 21602 25013 25631 29955 30176 37833 47272 52548 74851 104145 134083 134447 203529
2458 2528 3297 4121 10099 12808 15034 15894 16084 19769 20437 21220 32745 37811 39323 43493 59374 69430 73448 82544 86629 122391 207108
2259 6108 6536 7630 7938 10627 12062 12707 16814 19359 32193 37780 38511 53178 53664 54789 59571 75958 84858 84983 92359 112807 114497
1874 5338 7374 8691 10473 11087 11582 13230 27213 27910 28094 28264 31446 33233 35571 36561 40214 50203 68177 68278 94627 108631 247300
1340 1840 4457 5076 6229 8638 10501 12440 21116 21631 23241 24467 25960 41488 51000 56085 56869 61587 65453 80354 82617 93883 241171
350 796 4513 5102 6912 7220 9037 10370 11948 13798 15708 18328 24061 27501 37913 40914 42112 58340 59630 74126 119399 173334 236882
2986 5126 5435 10914 10982 11539 12224 13139 17064 19761 20608 22167 24044 35012 45518 47713 53280 56147 58488 101720 111753 134329 175939
1538 2360 2730 3499 4677 7839 8219 9983 14715 15131 15981 24432 32711 33736 41913 43895 50092 52402 69927 74107 79991 88429 317221
571 721 4091 6678 7532 7722 14736 15356 17243 17601 23722 25542 40434 44018 45867 48688 56126 66296 74565 88804 99922 138911 150888
667 2351 3106 4072 5333 9644 10587 14448 16840 25220 28260 33322 38862 43075 45494 47118 50697 63782 78596 79243 108406 114565 173231
593 1823 2262 4784 8428 11639 13133 19371 19414 20011 25887 44010 45003 51917 51963 54267 55700 59142 72553 84066 89580 127805 134344
11 324 4949 6493 6579 6902 11454 12464 13503 14150 26405 29431 30564 30663 45786 47276 55884 65040 87015 92581 95524 145147 169771
8434 9418 10169 11530 11591 18098 18651 21683 28117 28339 30550 31039 31801 34001 38311 45442 45483 63449 79893 89773 104827 111900 123459
696 1232 1292 4163 6819 8813 11294 11475 13715 14549 18850 20560 24414 26518 28588 38116 40983 69515 72375 77968 113593 137033 255057
1067 1307 6665 9026 10105 17231 20948 22202 23186 30463 42491 46257 47353 48621 50209 51591 59962 62465 65071 67679 89312 108460 113680
483 616 757 1496 3413 4296 5327 10776 15310 28435 29716 29794 30810 46321 49703 57771 61652 62444 63011 83159 111518 116629 181758
