1000 37 13
2610 16433 30520 42314 46535 46729 47921 76971 78598 83026 104170 155964 219356
12022 21409 41840 50554 56643 62525 68065 92358 92590 93772 106010 112004 124282
662 3040 4322 7224 19351 22832 56169 65290 71473 97348 125609 171041 297264
3777 27075 27351 33185 33430 33603 38136 55125 90542 133157 139362 141965 199219
16063 25224 41397 44104 48405 55792 56613 64302 78279 86222 94924 169894 178312
8304 18353 22833 30044 34889 41806 45706 47816 71180 102751 116915 126029 286764
580 3076 14601 16066 24811 25528 34883 55523 68317 108475 171008 211864 235049
18796 27678 27696 29474 45422 47823 65882 72744 79415 84817 125529 139771 174785
9508 12709 13799 16483 18410 25646 32305 34672 47059 61002 168982 185468 322854
21376 21534 30487 36363 43723 62799 66239 66269 66768 91173 133033 135205 166731
15035 17209 28776 38801 49611 49995 59962 68460 80570 106291 123329 124011 191141
2213 14453 15097 33492 34217 34639 35487 45152 56528 97860 131921 227641 246364
2508 10131 14979 16642 16666 27474 38984 39014 64841 88773 99668 175238 375203
391 2852 11604 28565 35045 71473 76699 84108 88962 104598 113776 141326 188594
4750 11592 15885 19603 41912 60874 67236 81230 96018 101958 102017 126955 216624
7518 9008 25993 27143 43076 50079 61206 65901 84427 85755 121892 153024 224706
8585 15385 34346 36619 41683 44314 44956 51643 65879 66977 82753 90611 384762
17761 18539 22865 24118 32092 43869 49564 59928 82497 94470 95508 160998 247458
630 4759 5494 16821 22152 31848 70038 78306 87768 94378 96269 148653 289578
7535 7723 10519 17229 18397 37845 51657 61849 72153 72335 76183 196475 322222
6488 10495 13980 17189 28833 31628 35525 47205 92329 115082 117915 154232 284545
1192 2045 2640 19966 20863 23569 34919 53648 57017 98304 127985 154397 334802
6419 9733 11804 15254 17583 21398 42154 50915 77336 95072 153975 180770 272166
17399 21529 22109 48794 54184 59961 67513 69220 87635 92585 118326 135195 150312
8138 11338 14654 19471 51803 54285 66094 70086 105247 111948 129075 158861 159633
4710 15286 17775 18457 20168 48113 61754 74073 80111 93660 150676 185463 191513
2700 13505 15077 28826 31829 37352 41936 44075 77692 130180 136333 149957 237616
2292 11910 13057 44108 45947 54718 55997 76677 93572 110114 117649 124784 193906
20543 23227 23592 23964 34653 35724 41792 46768 57514 76315 150806 202973 227844
9692 16857 32543 33393 35878 37763 57002 68920 82086 84185 105664 169947 234030
4505 8969 16073 27001 27029 32506 36272 43852 67876 79600 123740 196534 272095
2670 21130 21560 30710 40854 44305 54514 59856 68742 116657 141689 172420 193809
889 7452 8195 11880 13366 18456 18619 43504 67914 81309 167543 209798 282572
4458 7904 9006 11386 17609 26200 36118 40356 56057 79748 129220 212267 336958
15430 18894 27999 28859 32065 39707 43787 61029 62456 122535 155027 163405 179742
565 3497 6387 8418 44324 56078 80323 80814 85468 87137 116757 175139 214090
6101 37831 40566 41603 45044 49398 74625 87333 104799 108173 117726 119078 133276
