1000 36 14
3333 12957 21365 24029 26922 34471 43859 59227 61021 99341 99433 102723 157742 229969
8126 8228 11002 37546 39883 50983 55587 61838 83734 89898 91959 94850 120465 202920
3154 4218 5303 5831 21312 33041 34304 36028 45136 46783 122167 162350 188964 258715
4788 16033 17718 27857 36717 43766 51364 69933 76837 107443 117776 130878 131599 147252
584 14386 24835 46367 47838 54990 56131 64741 65456 87317 87608 91331 143688 172994
4157 5029 11874 12415 20794 23976 31146 54912 55597 79712 94872 150800 181398 239527
3223 12627 20722 24392 28462 33165 49847 56671 62023 65971 84969 139339 181767 211703
7728 8428 13027 15226 18629 40614 41353 43870 50928 53236 68155 105394 196241 292500
41 3672 5339 14175 22726 24241 37389 46349 65328 100396 104123 114033 114736 328672
5480 10500 13945 20774 22101 25695 45430 54883 65477 73461 102225 110578 130546 289580
4082 16922 20958 21994 42461 43079 47531 54663 65618 91756 96673 106950 122032 244599
4429 8657 13345 27262 42433 45371 51355 52471 54461 54793 92137 93873 203646 225896
11292 14379 15423 15732 41212 46728 49597 50612 63425 70782 98257 140190 167692 189672
5508 10682 14292 16367 24955 33537 36040 40666 71758 96855 122635 139374 149619 201081
1614 14243 14938 16630 19918 25284 34452 46640 53435 84747 89042 138015 186605 236428
4052 6780 15041 20065 26693 39657 52565 69381 79851 90096 94929 117923 129002 217464
5102 9618 14840 16619 16797 19729 30206 47807 62277 66922 73078 117253 199839 287966
8886 9271 17863 18688 32016 35098 63895 68776 74881 88713 88812 118929 133536 193252
3856 12855 20360 21945 29937 54964 66114 80763 97200 100259 104811 110547 118259 140323
7806 11210 17562 21165 23568 32011 38826 48285 51451 73032 89915 137926 150463 261432
9794 13929 17443 24627 24806 36964 45011 49181 65079 71809 74976 90476 166325 272110
3369 5171 16184 22255 26019 33502 38086 65374 74403 84667 115050 137380 154156 190219
2399 6822 10031 22114 22290 24481 26615 28177 49382 96929 118907 129161 161573 255852
2265 2673 3121 5408 11650 12220 15801 18993 29742 34695 83952 197131 236941 303929
14998 17850 24816 43100 47456 48336 60269 63944 66540 67134 76969 97662 147698 205260
8336 19038 30393 30707 31938 37075 49804 85284 85714 88298 106113 112786 115289 158646
794 8273 20897 33915 38601 59243 63229 67498 69937 75400 80027 94209 96800 242228
1859 6709 6749 10587 24153 30461 46168 52495 73350 78030 128127 140656 179088 196189
1331 1526 3214 5412 13409 16486 20450 57264 93973 97026 109850 117708 210023 222312
291 2575 10129 12909 19345 54126 58886 68755 71218 72693 72745 129638 191528 216092
14095 20763 25390 37018 42191 44312 58421 59269 71858 79137 97203 110574 127498 168158
5372 21203 35917 42431 47322 47868 55817 66927 68349 85326 98400 114486 129315 133779
5352 13176 20242 20806 21122 23941 25305 33291 45191 56501 57062 75933 203062 367159
4975 11103 32955 44590 47027 58731 59183 66206 68497 76240 84818 91384 148395 164113
12037 19480 20975 21362 43631 45116 54353 63926 69957 91343 101656 106519 127601 174797
3310 16712 27893 31315 34113 43583 51491 67973 80584 90461 91638 119654 150303 150307
