1000 21 16
377 8189 10035 14575 21011 37311 39470 43197 44730 50395 53569 60629 86085 142193 159986 169758
4526 18591 22895 24248 29063 31705 33526 50957 53742 63786 85332 88066 91757 107877 110033 122520
10899 19310 25486 27886 35823 38178 39259 42619 61492 62133 74534 75642 76422 80086 102176 127639
6328 6491 10511 13428 17623 18565 21614 23913 26882 34728 40887 43263 97559 112095 129743 292543
506 5081 9560 12328 22497 24307 27713 63405 66021 69758 94787 101668 103332 112346 115155 129090
2360 12934 14330 20028 25841 30077 32799 33816 40381 47311 57084 67147 71780 97785 121024 247940
407 4694 5683 15173 21762 43342 43688 47393 56431 57217 78007 85089 90823 95373 110760 199325
1463 1726 3027 13651 18417 30108 37073 37421 41824 54969 56894 76170 87962 105498 136695 229431
7689 7749 11779 15827 23185 29283 40298 41454 49843 50145 55369 82233 84103 115025 145077 156184
4503 14517 14851 17120 20734 21849 27953 32425 49454 51196 75398 110347 110577 112288 114286 163605
4216 11577 14823 15563 20663 23547 33159 34630 45812 52623 60513 67150 68532 124013 136129 183023
1561 4508 12253 13875 17045 33215 34305 48304 50658 59104 68694 107776 110238 110569 136698 138912
262 6187 8907 11322 17701 18061 18808 23508 38044 42525 54428 56930 122547 129469 168495 171047
1112 6845 20632 20930 21973 34580 38617 40176 51337 51484 52848 56541 58340 72157 164803 225900
9607 14131 18622 26187 32178 33350 39040 47608 57467 61894 63818 64674 80044 81803 86130 181432
1632 9630 18428 19316 37249 46048 46911 51725 71267 78525 87790 88681 90225 92469 100006 101060
2875 6719 13782 15525 21400 35386 55586 67642 71922 78992 79069 79483 79566 86243 108867 108940
4795 6519 8388 9876 16544 20597 26789 50565 55455 73462 74469 78289 86256 112162 129062 166225
1967 7070 10504 10714 16718 20180 23032 23834 24011 28020 31139 68408 131347 133809 194924 208375
35 492 785 6065 25280 26583 27695 49483 50438 52204 56948 117957 128024 133318 136369 142144
754 4288 6329 6744 16549 16640 17928 32690 42082 46985 47364 59432 75524 107331 197605 231474
