1000 49 42
769 1285 1842 2683 2756 2805 4398 5575 5608 6051 8890 9052 9139 10755 11043 11385 12503 13391 15595 16196 16349 16903 18636 19004 21676 21953 22611 23410 25772 31665 34389 37889 38677 39412 42100 45175 48060 52227 52459 59177 80100 93627
308 3142 3912 4139 4152 4607 4784 5062 5597 5674 7778 9033 9070 9831 10011 10885 10929 11091 11828 16459 17054 19094 19824 19919 21482 22874 23052 23813 25519 25587 25608 26856 29042 30340 35025 40200 43990 61511 67618 77711 91882 93078
948 2129 2911 3017 3498 4143 4806 4907 5149 5318 5585 6087 6392 7151 7589 7593 10054 11705 12381 18212 18319 18954 19117 19580 20480 20945 21658 22416 22789 24027 26248 27835 28031 31037 38484 43062 49396 53716 63628 63914 100974 122254
832 909 1359 1905 1943 1969 2454 3085 5264 6028 6532 6654 7700 9321 12639 13026 13659 15883 17401 17561 17691 18075 18294 18562 19271 20228 20856 23998 24213 25742 26119 30201 36190 36216 36484 37363 37696 59220 70744 74801 91454 94096
597 664 860 1565 1772 3584 3691 4330 4885 6609 6631 6961 7398 8089 8111 8684 8788 9266 14052 16340 16563 17038 20307 21891 24367 24716 25252 26980 27522 31873 34171 36200 38241 38266 39201 42305 43571 45417 63184 68725 87550 92889
497 1384 1528 1811 2139 2584 3233 3384 3422 4769 6594 6751 6967 8111 9666 11282 13828 13940 13997 14620 15297 15510 16329 18272 19180 20376 20983 24622 34176 34583 34953 35450 36222 38223 40759 46402 47939 48280 53201 53396 56480 146561
671 1722 2727 3065 3488 4493 5220 5877 5881 6856 7144 9544 10186 10318 11022 11128 12294 14622 14649 15054 17046 18204 18218 19656 19669 20892 21409 22131 27131 27830 29993 30695 31261 36192 37114 39649 43449 52741 56413 65728 75593 117455
984 2813 3265 3432 3715 4459 4538 4997 5942 7654 8877 8934 9889 10632 12365 13457 14304 15322 16380 16782 18326 19065 19428 20056 20498 20768 21761 22066 25236 25604 26057 33189 34480 35949 38104 43691 48436 50627 54520 72086 76242 97462
159 599 1200 1421 1439 2103 2294 2504 3407 3624 3963 4061 4241 4340 5342 6114 7091 7105 8585 9129 11363 12931 14233 17455 20473 20924 22798 26796 30169 31741 33780 35128 35598 38518 39343 56142 58291 58822 66287 78242 82462 122474
249 2297 3045 3195 3659 4883 6565 6640 8911 11711 11799 15187 15661 17401 18486 19049 19769 20328 20352 20555 20750 21630 22385 23584 24008 24071 24182 24251 24618 25146 30533 31080 32828 34288 34539 35885 36440 37564 39319 48811 59502 99432
330 410 620 1021 2083 2931 3408 3497 3599 4467 8087 8716 8717 9202 10205 10408 11121 12424 12429 12661 13110 15967 21334 23021 23319 25043 27601 28032 28402 29965 34623 35064 39183 40471 43831 46804 50342 53019 54008 54639 87449 91831
438 1261 1625 4057 4309 4589 5046 5334 5347 5436 6808 7042 7444 7638 9946 10705 11067 11253 11322 11488 13661 14588 15958 17267 17514 17667 19569 20458 23197 23718 32044 32457 35131 35420 37601 40390 46532 47561 47691 62560 119047 131890
727 1380 3005 3163 3523 4929 5795 7526 7573 7605 10479 10802 11431 12342 13195 13379 14722 16153 16277 21113 21350 21419 23743 26097 26554 27264 29749 30110 33274 33338 36012 36042 38587 38965 39086 40959 41920 43927 44297 47419 62348 63270
995 1212 1485 1981 2536 2540 2711 4089 4152 4430 5519 6430 6814 8224 9216 9698 11562 11969 14317 15871 17096 17234 18176 19152 19336 20056 21441 22325 25700 28083 29368 32686 34530 42523 44138 45593 47174 48512 58507 74699 77739 122812
370 450 2228 2247 2878 3034 4041 4926 5015 5021 5579 5867 8498 8893 9027 10844 10847 12107 12645 12736 13169 13561 13650 15230 15990 16481 18330 22346 25820 26682 26916 27968 29475 33557 35933 37355 38263 64655 66495 90173 111384 113939
113 1213 2838 3547 3861 4838 5059 5928 6115 6859 6984 8917 9499 9858 11650 12122 12142 13951 14626 14970 15566 16646 16788 17304 18609 19536 21022 22967 23585 25542 25719 30714 36072 37115 39362 49052 51769 63348 66409 74519 80368 86360
1568 1576 1802 1917 1977 3034 3463 3889 4605 5740 5924 6910 8811 9811 10290 10365 13777 13821 13996 14322 14853 21140 21265 21870 23283 24370 24660 25455 29144 29495 29745 31551 31692 38847 39384 43441 44081 47342 63570 72517 83767 89770
546 4718 5164 6132 6346 6649 6860 8965 9248 9418 9836 11108 11113 11847 13785 15267 15415 16954 17870 17896 19102 19609 20136 21185 21768 22829 23800 25389 26961 31492 31833 32863 33982 36763 42149 44316 44695 46481 50358 53956 62091 77479
171 614 927 1188 1346 2229 2605 5451 6688 7331 7826 9544 10051 10352 10811 11298 11603 12649 12751 17554 18468 19567 20276 20579 21192 23667 24230 25638 29677 32573 35255 36799 37125 37341 39911 40879 44412 50125 55199 65988 70207 102125
39 186 1655 2420 3104 3463 4529 4774 5024 5045 6205 8660 9509 10619 10884 10994 12183 13058 13158 18069 19902 20377 21053 21054 22417 22890 24579 26596 30085 30855 31811 32468 34465 36253 37252 41543 42012 44768 56991 58725 83444 111030
785 1456 1649 2179 3103 4316 5601 5816 6991 7914 8043 8343 10191 11617 11946 11969 12774 13662 14698 15306 17389 20281 20901 21751 21875 21938 22072 24226 24692 27505 27674 27677 32852 34175 35273 35919 37041 48732 49699 63044 91698 123016
35 1293 2042 4211 4224 4430 5056 5582 5632 6168 8333 8556 9142 10233 10718 12345 12718 12870 16125 17028 17738 19163 19202 19563 22616 24147 24652 25482 29158 30056 30550 30926 32914 40009 44757 46008 46505 48495 64220 65098 69789 84585
309 759 1038 1320 1766 2164 2924 5039 5676 6733 7903 8081 9158 9833 9997 12367 13596 16344 16770 18628 19442 20113 20511 21651 22211 22772 25568 28585 28968 30373 33544 37270 39013 41025 44738 45137 46486 48621 54007 58970 69850 76171
447 454 841 854 2284 2625 2900 3552 5507 6853 7688 7715 9902 10286 10808 11377 11868 12395 13400 13597 13660 14385 14940 15286 18673 21196 21417 21497 24077 24805 30567 40752 44225 48418 50541 58187 58886 60425 64089 64722 67675 76910
251 279 462 2294 2920 2935 5374 5883 6144 6889 8057 9061 9833 9960 10299 10571 12155 13331 13419 14966 15470 15749 16897 17078 18960 24491 26497 27849 28618 28857 30064 31420 34834 36362 38439 42517 43396 56380 58348 58719 92575 97989
121 390 1920 2978 3228 4225 5985 7817 9186 10407 10630 12091 12199 12575 13923 16713 17557 18139 19871 20941 21022 21142 22708 22865 24235 25473 27893 28338 28595 30035 33574 34937 36746 37104 43405 47386 47802 48740 49678 49747 55142 55808
35 1160 1202 2075 2326 3024 3971 4168 4981 5551 6385 6498 6849 7517 7717 8253 8683 10554 11414 11648 11836 12280 12845 13416 15519 17758 18337 23400 25246 27949 28789 30346 33932 34363 37931 55332 56290 59282 79716 83671 88718 110169
24 148 153 208 1559 2055 3648 4699 4967 5521 5662 7960 8472 8667 9846 11720 12044 12310 13274 14031 14313 16611 17324 19114 21238 21385 22914 25711 26813 29654 31090 36772 38506 39343 46790 47808 53291 53947 58329 73624 81197 88991
1329 1343 1590 2179 2207 3413 3847 4230 4580 5157 5921 6326 6649 7299 8493 8522 10604 10693 11178 11649 12088 13102 14037 14693 16403 19368 19910 22803 28154 33806 33835 33911 37067 37872 48225 48457 49236 50240 59788 79673 83948 110657
672 975 975 1276 2593 2694 2717 2975 3199 3629 6396 7620 9112 9678 11332 12797 12820 12858 14995 16131 16309 16520 17127 17425 18343 18538 18770 19291 19947 20390 25583 26683 28421 30901 31956 40007 43996 44974 79238 84935 97416 134551
147 1238 2231 2338 2737 3420 4809 5537 6454 6461 6620 6806 8814 9591 10071 10313 11075 11949 13142 13241 15596 16478 17169 18629 22532 22591 23009 23937 25078 25109 26147 28329 29641 33844 48545 50028 50577 57206 57497 57614 61521 143439
353 547 1488 2400 2735 3657 4798 4943 4962 5058 5061 6409 7875 8206 9492 9684 9852 11052 14263 15811 16594 19144 19629 20944 22457 23022 23891 24924 26562 27780 28378 28893 29028 37394 38817 41327 49848 54089 56777 69091 90549 115375
278 495 539 1658 1661 1693 1898 2324 2600 3486 4198 4477 4477 5776 8756 8782 10138 11342 12544 14251 14398 15366 16533 18928 19259 19501 25250 26856 27065 28651 29975 36557 37105 40559 51620 52704 54474 54486 56286 74376 76460 112628
395 3364 5343 5735 5879 6148 6232 6302 8011 8719 9159 9194 10034 10149 10784 13139 13298 14748 16256 16342 18302 18684 19814 22499 24482 24504 25904 26504 27434 29811 30151 30818 33745 34049 38436 42077 42549 45908 54986 59592 71276 86534
1345 2281 2652 3800 4985 5220 5361 5595 6250 6319 7190 7338 7577 7798 8991 12621 13166 13800 14103 14152 14167 16891 17110 19667 20435 21520 25227 26297 29127 30508 31706 32266 34062 41233 46662 48452 52282 57615 61855 67875 68353 74614
259 719 2100 2460 2547 2997 4608 4785 5191 6070 6501 8178 8485 9012 11485 12153 13513 15300 15490 18679 18946 19402 20195 20512 21695 22613 22955 25430 26391 26884 27647 29733 35761 38719 39174 41881 42268 53372 53460 67922 76084 106937
1462 1570 1894 2017 2356 2531 3985 4449 4540 4769 6001 6542 8980 11523 12177 12203 14612 14821 15038 17536 18381 21424 21920 22912 23679 24700 25170 26472 27652 28651 30285 32956 33004 36053 40071 41048 41815 48215 50368 52496 79042 111055
452 2066 2336 2597 2858 4586 6108 6298 7723 8755 9815 10747 12931 14440 15137 16374 19106 19514 20319 20765 21306 22207 22761 23502 23641 24713 25115 26927 27750 30860 31914 35427 35682 35739 37570 38379 40833 52431 54859 55773 56947 58361
447 520 654 2343 4810 4972 6058 6061 6077 6183 6378 8119 8604 9496 9768 10244 12369 13040 14276 14789 17020 17965 18568 20705 20841 21154 21452 21685 23119 23971 29994 30037 32287 33988 39723 47231 49365 56202 71887 74259 82120 88503
445 1630 2443 2757 3059 3205 3692 4470 4851 5542 6702 6727 7063 8702 10412 11260 12104 13314 13355 14268 15114 15485 16387 17351 18180 19363 21096 21583 27897 28052 31717 31906 35752 36216 36941 49175 51532 53633 56578 66144 87947 111035
614 719 1736 2197 2376 2869 3501 4026 4623 5546 5868 6130 7205 7277 7504 11627 13304 13615 15189 15397 18209 18375 18587 21056 21631 22234 25065 25548 27432 28047 30389 31859 34979 37232 38472 40703 41354 48728 59878 72438 77359 112671
126 1926 2322 2383 2654 3127 4490 5249 5998 6824 7002 9483 9588 9758 9868 9925 12022 12263 12403 12879 13168 13489 14518 16024 17461 19876 23062 23920 26601 28543 29379 36411 36695 40102 42118 45746 48690 49417 50312 52356 88873 127814
306 1223 1387 1544 1692 3948 4822 7731 9497 10018 10306 10678 11004 11419 11510 12770 13111 13596 15224 18125 18998 19749 20311 20410 21189 22641 23110 23289 23609 25858 27823 28535 32272 37719 38432 46109 51153 52431 60202 63465 67348 98173
393 695 1266 1557 1754 1886 3085 4200 7289 7732 8459 8505 9055 9640 10267 11483 11544 12384 13891 13996 16959 17807 19516 20348 20689 21631 24728 25061 25384 25910 29271 29322 34930 35943 36026 39482 41747 50022 63153 74269 75413 125302
345 1702 2085 2123 2624 2895 4445 5131 5795 6023 6952 8137 8159 8394 9073 10798 10895 11284 11970 12347 13453 14118 14526 15239 15696 17713 18542 21487 21705 26111 30250 30730 34186 41778 47023 57012 64423 67782 70246 70942 75059 89009
291 562 904 1923 2005 2190 4057 5528 5792 6755 7039 7086 7730 9583 9931 11411 14452 14510 15103 15952 17385 17616 18798 22090 24378 27344 28008 28501 28888 29805 35353 36492 37138 42440 44295 46872 49212 56134 56154 57642 69947 77025
231 525 724 1157 1724 2013 2288 2521 2649 2834 3606 4637 5179 6294 8210 8519 11783 12017 12443 14429 17455 17693 18611 18779 20364 22613 25493 26989 28196 28732 28732 29724 30907 38673 42289 47535 56658 57127 66447 74074 93683 93735
414 969 1275 1916 2074 5133 5215 5305 6185 6619 6622 7118 8156 9162 11405 12693 13338 13486 14474 15397 15897 16033 16465 18393 18803 20445 23281 25459 33243 34300 34451 38598 39202 39602 40170 46171 51725 55711 61304 65843 74915 76784
101 221 265 768 1188 1827 2229 3261 3636 4441 4449 4828 5242 6025 6118 8710 8786 9564 10759 11042 14248 14693 15183 19638 20419 21399 21722 23936 30049 34305 37424 41233 43842 44010 45271 59950 60661 61799 62050 70315 74337 77507
