1000 30 10
16011 22614 38588 64506 83603 89405 94565 127173 178969 273837
571 3034 38447 48405 54584 71174 108463 141911 244765 276565
20060 20588 41744 63988 70517 81609 92879 113755 163124 320948
4126 15994 38180 40598 65613 82126 92382 123094 222206 298709
13362 15738 16385 17821 19573 44423 70191 92418 256178 437968
1576 14181 61796 65839 94716 96720 101285 112609 186051 238405
18181 19711 33857 46831 50307 77255 112439 142909 222138 264956
3294 16406 54357 60087 93501 104767 115628 134897 186828 219234
277 38875 49015 67398 79931 115549 132326 143169 156657 206422
286 14433 24956 27755 68594 90108 130476 182133 191823 251549
2498 13645 35076 52638 67691 74757 74983 205542 218242 231915
18405 20986 29507 36628 56008 78439 116307 195756 202664 234971
10092 28916 36257 39993 49811 57019 70035 74027 289494 315921
1073 4305 6681 10949 39173 111627 134530 164708 245082 257421
955 15179 39906 48748 88271 91959 105261 109957 155944 330063
3561 19795 39005 46994 92739 111564 128873 145901 187172 199794
11916 25423 38555 60988 61721 74444 79511 124193 204389 300004
18146 47850 53958 67401 81559 90548 90970 142268 176032 207595
13472 15997 19719 29392 42862 55778 97028 111370 218717 381812
2536 7814 18297 46786 57190 75939 89024 136389 233409 312727
6214 29598 38716 70236 71593 115823 124645 138060 159507 225343
10491 27563 39074 84184 106068 106916 122439 132285 154094 202398
82 5526 21735 30982 45806 54677 107407 192527 227315 290866
13096 14727 36388 47472 68175 113290 124039 169869 198220 203814
2469 3890 15665 55085 60301 97238 119088 137380 149754 344215
4793 13867 16666 48506 51371 71793 166390 168077 195760 252116
6305 18848 28152 46130 59262 65492 117130 181709 192803 261450
6902 7173 27578 29366 46304 50357 119341 127180 228215 331258
20465 25596 41714 79728 94391 99945 101463 117112 130957 261975
5986 33228 51641 71384 74815 96826 124446 158387 171008 187132
