1000 13 44
113 431 765 1173 1921 4269 4271 5127 7009 7742 8790 8923 9292 9496 9845 9862 10089 10351 11145 11330 12853 13713 14628 14653 15209 15625 16901 19484 21086 22242 25456 25569 25866 27161 27686 27820 41110 41696 44217 48741 62840 72856 78168 145706
809 1020 1094 1109 1672 2208 2440 2501 3397 5289 5798 6114 6290 8014 8616 10202 10520 10817 11318 11697 12642 13629 14299 14853 17765 20793 21737 21876 22564 24701 25026 25080 25638 30152 33284 34495 36292 41352 43298 43605 50243 68439 97540 133333
330 335 2229 2803 2876 4002 4251 4644 5463 6027 7917 7936 8537 8791 9133 9160 9869 9921 10406 10600 11790 14407 14614 15989 16251 16502 18778 22478 23644 24645 25235 25330 28185 28216 29491 37158 37418 38921 43726 47136 56317 78404 86385 123400
224 718 1921 2089 3175 3754 5497 6439 6647 7405 8404 8715 9976 10156 11317 13795 13875 14160 14953 16124 16453 17202 19453 20624 20865 23061 25003 26258 26931 28697 30460 31167 31423 35468 36271 38968 42005 45174 46348 47068 48194 48509 48824 76580
916 1167 1423 1667 2141 2158 2272 3182 3198 4215 4556 4826 7079 11137 11392 11896 11950 12064 14158 15337 16319 16354 17006 19854 22059 22443 23991 24067 27540 27618 28674 28913 29261 30805 31743 35773 36368 45361 47823 48593 63078 64559 76423 78657
518 797 1312 1328 2175 2527 3112 3804 4145 4946 6099 6307 6831 6883 7855 9291 10301 11079 11312 11405 12896 15739 16053 17900 18239 21462 22248 22826 25682 28835 28874 30186 30625 32025 41696 42491 46643 47549 51283 53113 53333 61640 74057 76805
285 504 579 740 906 907 1918 3093 4467 5044 5566 5746 9845 10444 10515 11138 12078 13265 13347 13385 13690 13718 14042 14152 14395 14715 16339 16496 18907 20508 21116 21872 23089 28493 28643 30695 30788 48654 54710 58087 65622 71584 79409 138448
1878 2033 2293 3031 3145 3983 5493 6078 6465 6761 7493 7670 8290 8654 9497 9973 10196 12255 13438 13935 15101 17073 17869 18841 19708 20550 21504 21861 24481 27089 27575 30535 31892 32648 35062 39575 42607 42780 48312 49300 52803 58205 60494 91863
119 769 1859 2272 2613 2715 3225 3249 3778 3856 4389 4531 5361 6282 8491 8942 9789 10617 10979 12023 16016 16943 17787 20477 21795 22050 24340 24371 25868 26119 26298 26381 26483 27794 27976 39452 40253 41017 45064 55819 76143 78016 79297 81844
126 359 379 999 1236 1244 1376 1608 3629 3866 4063 4235 4670 5475 5731 8507 8578 8810 9625 10464 10526 11571 14402 14626 15846 17111 20274 20850 21500 22851 23461 26683 31197 32539 37315 38192 38281 41372 45498 52987 59978 70697 86892 145647
95 523 1671 1678 2578 2910 3480 3861 3883 4098 4201 4453 4904 5714 7830 7832 8441 13910 13987 14372 14550 14735 17082 18275 18930 19178 23268 24019 24698 25175 27784 27980 29815 33845 40258 40645 46478 47545 50669 54739 56123 62730 78992 85153
788 2242 2813 2953 7888 8447 9392 9656 10735 11317 12591 12859 13495 14375 14543 14676 14835 15024 16724 16942 17940 20170 20924 21413 22414 22452 23345 24933 25405 26848 26988 32322 32865 33825 33861 39241 39298 39612 39792 40070 41181 43347 45827 62747
104 407 718 3317 3424 4173 4525 4703 5460 6157 6792 7425 7843 9462 9860 10030 10381 12062 12223 12601 13069 15866 17358 18010 18468 19783 20793 20904 24127 31301 31723 34026 34034 38535 38940 39351 40174 44391 46577 51015 52269 52694 55298 91411
