1000 22 10
2216 2419 5121 5766 21490 21510 147437 161758 167792 399454
8960 8978 24165 43562 49888 111031 125184 167722 177480 220682
3834 15428 18101 29028 76212 117157 123658 125172 210589 238151
46561 49778 50206 61076 67194 98431 113909 116293 159552 165975
11131 23831 59206 64769 71766 85995 93134 95225 144542 296688
15476 16549 39070 50969 53589 62710 68671 72899 261975 316866
4356 25350 67587 71037 83144 91451 94778 118804 151486 204317
648 6442 33803 51237 63032 92670 140830 178184 185232 214785
16739 18204 31849 43722 45871 79761 131339 132431 190506 239742
13028 13441 26583 27596 73251 99364 109141 112491 173038 261449
2580 27614 40654 50546 62759 84110 99666 107966 110914 331233
3102 7331 18240 40358 42395 89558 99928 111492 147634 387623
12827 20968 27073 53059 55228 62535 154787 156651 200557 217708
4394 22938 40651 56265 82588 91441 122420 136263 155515 210238
15537 33038 50502 53674 65476 67332 129410 142747 159609 231305
1988 3887 22359 38451 47876 83850 136490 193590 200238 213626
10582 12259 21157 21576 24566 68676 72614 90607 203017 409151
332 6730 14059 38171 41017 78385 90341 205944 221244 233612
3846 30222 34207 45872 47524 63677 79341 182949 237430 238916
14842 25260 32717 42343 72720 122812 132052 147350 153300 224397
17841 19159 31094 34121 65608 104434 116818 129302 131472 264096
754 2405 27564 27657 44664 48754 60685 109171 137988 484851
