1000 41 28
1937 3892 7095 8863 10310 14046 16096 16350 21217 23722 25173 29032 30329 32320 36205 36988 39540 39564 44399 45837 48137 49089 49533 56888 62604 67034 79144 102269
367 837 3361 3665 5462 6051 7010 7691 8950 12949 14172 14359 15341 15693 18389 24017 31476 35631 38125 39978 42072 55761 69850 70641 71339 97788 115629 168410
2606 2714 8333 10177 10731 11015 11416 13998 18616 18911 21924 22323 22340 23334 26758 30821 31588 36259 38187 40322 43406 54351 56109 68944 79413 85460 98244 107505
1454 2406 2569 3505 3749 3972 4419 7087 13348 15708 16180 16848 18574 19342 19851 27109 27141 30074 34728 41629 44771 44876 45270 58802 60234 75585 147769 207827
3596 4896 6975 7423 8530 9212 10931 11319 11967 14409 15155 19273 24225 29613 31657 32986 33950 35956 38062 46615 51260 52231 59751 68086 75875 78171 84467 130178
764 1600 4353 5487 8434 9041 9808 12017 12051 16821 18686 20396 25614 26578 34745 36086 36303 39548 40225 40721 50146 51920 52767 63934 78446 86980 98110 113583
4029 5019 5838 7147 13630 13847 14523 14636 15740 19266 22347 24428 30940 31069 31838 34840 36875 42204 43955 45058 48034 51427 52183 58337 62125 87364 87683 90636
2511 3628 4861 7946 8411 9579 9705 9845 14266 16665 19084 21483 22050 25160 25541 35152 42073 44167 44497 45461 47873 54777 56741 67135 69067 88881 98360 100285
164 912 954 3941 4726 4820 6328 9597 9832 12915 16535 18069 19251 19917 22940 26154 30691 31483 37330 42018 53145 68575 70860 72346 81199 97046 97544 137386
231 541 1000 1348 1576 3188 3596 4658 5049 5628 9391 10586 10885 13330 21470 21895 23723 26611 49564 49814 50403 68206 73025 90677 92874 113988 118513 125302
180 2852 3347 3769 4718 4793 6128 7072 8299 13701 13902 16241 17787 20233 23460 28462 30286 33277 34736 43762 45162 56972 58821 62665 71353 72122 73029 238588
1824 2531 2750 3992 5720 5726 6175 8371 8404 11975 12226 17833 18972 19459 20143 20639 21114 25253 31461 31497 33970 36570 50833 71916 97744 111380 150464 168109
2604 4038 5439 6426 6518 7021 7880 8717 9430 9487 10604 13991 17645 20431 23018 24734 32056 32281 35732 37089 39059 44011 45406 63214 101151 102053 135689 151540
771 1751 2395 3535 3801 4827 6331 14970 15651 16309 20188 20462 22087 27137 29673 29896 32149 36063 42882 43201 43433 46294 51159 52772 54603 71164 102385 201869
1587 2191 4760 5262 14574 16744 18118 20861 21023 22949 23204 23785 25659 29825 30850 33112 34711 36303 36952 41126 41234 45747 47458 51636 52939 88896 95169 129829
1546 3547 3736 3928 4182 5309 7176 7919 8223 9079 12287 14982 17003 18230 18270 18785 22265 23131 23883 43653 50757 53975 58788 83437 96035 109630 136954 138279
5385 5809 6978 7175 8249 8617 8801 9184 14762 16667 16864 18218 18803 20267 21637 22803 25204 26561 31273 31999 37412 38658 76707 77971 79658 92331 113344 154788
505 3478 4887 5333 6941 9679 9835 10348 14183 15978 18119 21506 22203 27097 27269 30369 32360 32380 34062 34253 55828 61575 66392 66521 75284 83433 94237 133940
52 1946 4379 5284 8525 9989 10242 10426 11211 12092 20607 22268 23796 23945 29924 30398 32120 32179 38527 43009 44536 47411 67824 70434 74651 84613 90802 145539
3014 3164 4413 4429 4743 4786 6428 7037 7524 7564 10677 11684 12291 13044 18530 21695 35925 41677 43793 47088 50534 52992 66087 67274 69425 72635 95035 211626
79 901 1990 3104 3527 3809 5348 6109 12357 16077 20901 26349 26874 27966 29897 33502 33545 34538 39395 42381 49578 49886 53128 75575 77714 80904 84812 155072
2176 2392 3691 10022 14775 15315 15333 17061 18969 19166 19583 20654 23569 24885 28213 30558 30883 32138 39102 44286 58064 59562 65621 68239 75865 80463 84867 90979
703 3698 4619 6238 7552 8994 12450 13755 14605 15873 19525 19597 24093 25158 31882 32138 33030 33985 39188 50620 53740 55097 57454 65537 76680 79579 83817 127771
2451 4829 5884 6684 7692 8239 8329 8704 8760 12642 13722 14495 21640 22390 28066 31886 32252 35739 36812 39926 45658 48132 51640 52827 70263 96592 139539 142336
359 1937 2681 3944 5770 5873 8796 9058 12343 15751 18605 21411 26383 26426 32714 36096 38741 42058 45311 46634 46984 50829 60469 75708 85702 88369 89921 98475
494 1107 2413 2658 2812 4347 6935 7004 11425 12627 13233 14132 19003 21118 21999 24153 25038 25639 44456 49561 59082 59374 63127 65701 85170 96710 109457 148989
243 965 2708 4685 7973 9617 12490 13307 13973 16854 17189 17732 18921 19255 28129 33009 33243 44524 49707 52763 54160 54991 58266 63677 76616 79044 99939 111689
1117 2867 3386 3434 3446 4332 5427 8469 9892 10872 18835 22086 24633 30359 35024 35948 37683 37709 44209 46133 46453 49052 59420 64343 72544 94103 106248 117442
1696 2188 2949 4325 6198 8293 10321 14423 14863 15253 19754 20239 24461 24865 28076 28883 40327 48736 51043 51715 52240 53662 55379 57279 70961 71198 77238 138726
216 3014 3261 5631 7549 8666 8699 9146 10424 15603 19391 20412 24492 24523 26426 27488 30009 32529 41232 43856 50847 53502 56701 81223 82759 96522 99336 113766
388 712 1908 2842 3641 3897 5759 6774 12615 13092 17736 18928 22806 23712 27387 27778 34324 39524 47353 48502 52520 58260 60863 64703 84999 85123 100714 131186
3119 4925 5116 7719 8326 8666 10118 10416 10513 12302 13241 14518 19809 21902 26090 28377 31432 31884 35781 38533 55073 62441 67712 69969 79409 82542 88372 149749
855 5615 7270 10090 10794 11103 11776 13538 14873 16195 18664 19043 20187 21397 25014 27239 33389 34626 36390 36808 46978 48804 50898 58100 68873 82410 93283 172298
1134 7205 9890 10289 10537 12672 14201 17319 20516 21370 23112 23363 24032 24789 25385 25718 27587 29059 30644 31762 33547 53999 57531 63070 64397 64809 103922 164012
861 938 1352 1768 1796 5348 6846 7560 7593 8567 14256 14388 15576 15860 15919 16383 19561 21563 25184 27842 27858 59853 74492 87014 110525 111123 111858 185171
3963 6802 7508 8445 10270 12453 14166 16140 18152 18282 18706 21621 21698 24017 25446 27005 27805 28494 34262 46413 48833 56851 68629 71018 71043 82868 97244 107462
838 1112 6039 6776 8432 12367 13166 15796 16073 17886 18092 18371 20177 24366 26486 28975 30047 35460 39622 43473 48483 55063 64050 70781 78777 82141 91153 122741
2244 2628 5545 6125 9385 11122 14400 15822 16395 16694 19397 19675 23890 24417 25029 26775 33194 34110 34471 41088 41184 45252 64926 65880 78791 89702 113141 114235
276 980 2526 5836 6342 9312 10923 11406 13256 16715 20738 20841 22387 23316 25219 26383 30564 30637 32356 34002 43781 46468 47398 73825 83425 91528 101059 165969
3943 5716 6891 9786 10292 11153 14286 17517 22099 23442 23564 23596 26464 28226 28959 29067 32837 33685 38450 42410 43846 51866 55560 62173 74498 75972 79894 119121
2942 3398 9016 11328 12030 16068 16472 17193 17956 18474 19516 21383 23138 25131 27613 28119 31704 37637 39753 40301 40614 45996 52663 61822 65547 66945 75795 169087
