1000 29 25
3563 4954 8310 8533 9639 13937 14153 18156 20205 20993 21989 27009 29412 30090 31324 36807 38224 45199 51058 52515 57273 58782 86126 90361 204375
845 1965 3507 3763 6004 7155 10659 11190 13625 14002 16282 22242 23703 31423 33651 41810 52505 53244 53779 65800 69336 83223 88897 122760 151763
92 2465 4751 5589 7106 10880 11449 15111 15328 15473 16389 17819 25822 28375 28377 31917 35688 36696 53424 66803 79629 81954 101199 139648 154925
727 3467 5063 8428 10509 12411 12453 13264 14683 22026 23780 27876 29848 29900 31533 39980 40981 45704 66633 67303 69697 71460 86931 109917 134932
2169 2475 3787 5189 6888 10452 13540 19288 22360 23011 27230 27401 30695 31361 33997 40642 43824 44751 50857 51014 54101 62286 69313 137341 164393
741 4115 4550 10611 12202 12398 12699 14756 16534 18775 23456 24336 27221 27641 31993 33842 35072 35271 42482 45703 55563 62860 88228 166687 176087
1553 2628 2659 3372 8296 8341 9251 14164 18010 21769 22011 35516 35937 37567 38162 40927 42647 55982 57354 65266 65310 83343 83386 91781 132533
366 1263 3235 4426 5665 5895 6569 18433 18973 19483 26363 32989 34273 39195 39453 50435 51464 54474 57867 68542 76362 77571 85523 89194 108019
1611 3085 5553 6592 10400 13345 14596 15853 16196 17316 17570 17893 19573 27117 37383 40739 43156 60540 61562 64339 73277 73753 93978 104279 138024
2054 2103 2352 4850 5610 10939 11575 17833 21269 24950 26415 29884 31302 36208 41421 46954 47937 49343 51823 57361 58049 71826 83398 114131 133298
1470 4255 4469 4611 12465 15039 15836 24369 24675 24831 25338 25720 26929 30870 32424 37056 37877 43699 45322 51395 53775 62669 84993 145650 148175
2368 3897 4951 5871 6324 8711 9797 10348 10763 18254 20078 20736 27646 29014 37295 43436 43468 53763 58911 66402 68634 84174 104734 114520 135314
372 1764 2913 3226 4462 7415 8315 9661 13318 14377 15167 15776 19723 20553 28662 43209 52287 55279 58400 76699 81509 83516 91685 99983 172578
2469 5511 8123 9886 11422 11571 11792 20136 21359 22765 24350 24586 26013 29411 30123 35088 36774 41925 45912 46253 54448 73873 105559 122119 158127
1598 2936 4628 4912 7054 8042 14135 17095 17106 17245 18916 19148 21452 23935 35709 40284 50508 54446 59475 68345 82691 86538 92362 105201 127709
230 1970 4695 4721 5463 8545 10656 10992 11131 20142 26787 28407 29589 30867 31869 32745 38816 38975 43555 45784 57661 69405 82780 158949 183048
686 3889 13034 13841 14543 14692 15108 15113 15558 17150 19964 20655 20881 24535 28455 32903 41117 41601 49962 53392 54547 72224 107411 136044 158279
2307 2845 8258 10258 11680 11928 17187 17470 19917 21728 26111 29166 32752 37608 40906 49326 49560 52713 53030 57712 66634 74028 87114 87703 107837
1867 2337 5119 7606 7901 11563 11799 13720 20092 20108 21041 21100 27733 38511 38976 42078 47585 52310 75664 76421 77020 78108 79865 94690 101150
295 1027 2223 2910 3540 5773 8408 12809 15741 16102 16859 23026 26824 35500 41676 46087 47174 49339 51312 55587 61217 73978 102325 109696 181812
303 912 4353 6485 8618 15935 17950 20125 21904 22326 25583 30709 34338 34568 41527 45646 47951 50621 52500 58151 76406 78051 85842 91504 110640
1116 4507 5126 7563 7628 7867 10113 10205 10948 13714 15507 17944 20771 23372 26278 27764 37479 52154 52605 53532 84440 86155 92246 127870 180929
1072 2142 8872 12844 19915 20990 21058 21102 22089 22415 24207 27207 27359 31567 35475 38953 40204 45182 52261 69326 71593 75280 92290 93028 103124
1377 3403 4181 4541 8771 10455 12205 12340 13216 14026 14101 16810 18121 18193 31482 43288 54291 57550 62977 66783 68998 89725 91771 107467 157052
1557 3598 5988 6428 7645 9535 13726 16508 18055 19496 24249 27250 29705 31607 35561 37640 39032 40146 49476 53052 60215 97965 100440 107078 154680
3078 3993 4779 7898 8719 9531 10805 12727 16912 19019 21727 22425 28743 33718 34395 51412 57263 59490 60186 68131 68479 73224 84325 89043 130324
966 1029 5702 6231 7174 8467 15060 15947 17985 19075 22687 27505 28116 32163 32736 47817 50666 52087 53381 61385 64185 64450 81506 130271 137320
2774 4768 4972 5691 6853 11188 13013 13489 20254 23165 23969 28304 28662 33717 33825 36835 39924 40887 46660 61166 66778 99880 102150 114155 117240
771 2774 3160 4111 4496 7850 10084 10407 13698 16964 17919 20605 21973 33813 37095 44766 45258 50947 57419 70214 77021 82974 85594 126633 133035
