1000 25 11
5817 10873 20107 32124 33857 49918 62159 66209 188634 235487 290151
5833 20673 37646 54557 80677 90803 97969 104304 133177 133217 232264
5203 34562 37919 40073 50479 59456 82794 92081 97004 205679 286464
14306 14665 32377 37996 39819 55774 90804 94185 151981 206485 257041
3165 10304 22955 23137 44168 44947 47352 160955 186459 187374 264576
7654 23757 29064 41038 48962 63758 68562 144647 154574 190990 221283
10867 12754 13804 19379 32804 98446 111257 117275 168343 188653 219572
107 12093 13535 17093 32099 62969 88284 97401 102232 142455 427184
6127 11410 32847 44138 47676 65578 85551 92453 143342 151120 315255
678 694 11581 41809 57369 86889 88268 124207 167028 187826 226381
3002 4530 19432 24655 38155 43708 103602 113504 192811 210537 237104
3476 27766 64075 64388 72454 85646 86413 110267 135508 155929 189012
22544 26873 33733 57136 62512 68364 70965 88353 91222 232337 236180
1168 13112 39521 49331 58647 65716 79021 79183 88461 153318 366912
17387 21032 60048 66011 70791 95397 111328 116362 126236 145470 165577
6830 10713 11865 48548 52297 64137 69271 82342 105309 131762 412033
1922 6013 8045 15911 23140 46065 55003 140846 149775 221664 322379
9328 31226 34578 36083 39157 45580 61509 79706 106034 196196 350550
2135 11587 16231 30308 35730 42072 61592 67788 154711 221097 346374
11023 11717 36915 40994 81895 86261 105080 118990 149192 157625 194280
13837 31546 34884 35328 58846 77980 85932 98278 161237 167036 223984
1109 15535 21473 40108 40638 62952 139094 154776 167020 168716 181820
2765 29895 37451 56066 82782 91786 119527 126767 142481 147273 156479
14585 15392 20631 68698 85259 87505 89700 101278 136215 175749 194957
1073 16443 16562 28544 40964 68510 90335 104694 122022 215257 290971
