1000 40 13
3268 3739 19135 19349 21791 60956 66377 67497 115731 141023 148110 157105 160095
2260 5186 13783 14986 18120 26717 72980 87564 90596 123646 145152 169686 221366
4142 17188 22585 25775 26257 39813 48061 74490 81214 112912 124970 205663 208671
10313 13284 20743 22967 39482 43339 46676 49170 71562 91412 110191 177526 285569
3785 4631 13621 15768 36699 37999 56117 60700 61991 145672 148626 191789 204571
67 20172 31645 31766 32630 38469 43016 61286 85810 109337 159565 187636 187953
1673 18780 30446 33998 55011 75296 87801 97024 100229 101263 116907 133581 139268
6504 10481 12045 17860 29896 46487 62211 71897 94291 104215 112984 126218 289197
4281 7667 11286 17201 42198 53346 80832 105864 108949 110556 119247 142870 173158
7321 7567 15678 40169 41374 55233 67487 70589 70770 70796 74051 83878 387330
2753 4953 30041 33433 34207 36984 55180 55796 70553 99172 149526 185183 221858
4642 10896 11202 15767 22820 25911 26545 33765 36460 110519 159398 201372 323185
4319 7343 14362 23583 26817 46495 64486 67889 112061 139299 152130 154294 164116
1814 15953 37296 38854 51841 65269 70567 87198 87809 112887 116516 148569 149968
4741 15237 34691 45028 46135 47264 72697 82245 90814 91430 102285 138425 208014
4051 5893 8104 9018 35363 37435 41879 79430 84217 97435 142347 158424 276447
1336 1825 17285 33023 37817 38471 61677 73604 79734 98024 100248 161493 287564
4928 6647 14823 23969 40924 58098 78191 79017 82533 93923 107114 134871 252840
901 6587 7131 22816 34223 39853 54090 60230 69078 83013 91048 123755 394200
1977 2537 7216 56482 62860 70822 73522 96099 100402 103517 109065 111430 182606
3553 7364 11778 19459 31713 51433 60085 69573 80965 104652 133405 191596 213781
329 16345 33850 49973 50823 52938 60223 62501 67210 69206 125814 140493 256056
9319 17055 30860 31333 31943 48204 53096 53999 56514 81833 106318 141772 315677
1032 5796 7072 40969 43530 58078 58856 71345 72133 86750 96293 152968 286681
5324 11617 21085 28009 30755 35649 66404 74546 83772 105109 115432 171072 228983
1751 9538 28056 29486 39078 48022 50510 62518 105870 119463 146008 151816 199822
1835 1885 19181 24878 26148 28586 50674 59869 77486 99940 164785 189179 242976
17780 19055 22879 28283 29244 58367 62585 62934 87966 107938 130399 159017 197690
5944 10658 22370 29505 45054 52557 55526 66403 106957 114581 133673 142445 197577
1944 10066 15734 21486 24690 37870 39611 42349 61386 125424 128779 151556 317567
1339 10696 23606 30556 37653 57175 73549 80918 92680 130732 139687 145376 153563
1921 7374 25258 32168 51267 59050 67602 90881 98581 114228 127691 143716 157749
809 7301 22784 31584 37649 51256 56684 59120 62809 109266 131699 138556 278128
5093 6515 9263 11034 16135 32473 44916 45096 85216 97519 176000 197581 251207
4690 8991 26659 28467 29791 31221 45558 58133 79164 125058 132743 137564 282716
108 2692 9840 11566 17358 22392 28010 50014 52766 82132 104958 117886 487150
8262 9922 37302 49963 57242 62322 72645 84048 92926 95645 96060 118926 205099
281 7269 16366 22520 34168 37295 40866 46029 68453 100573 120794 235948 248328
17657 22983 32645 36086 39519 48331 64370 66282 82784 94541 120718 160399 193294
604 17906 21930 22485 26834 29862 33369 72698 75612 144283 165510 183504 184836
