1000 28 6
652 37183 43851 105736 279900 453741
11962 34925 46596 156023 261818 406672
45865 69599 105973 132918 203634 393912
9980 22006 60845 128262 177284 569966
40201 91148 123613 130296 241036 298840
14229 34175 121474 131793 150901 463538
21496 69856 81286 118294 267790 355027
27566 64192 91270 187669 228395 320079
16277 18058 196487 231283 244747 255998
66672 103278 149874 158924 198958 271114
12341 96687 138978 165756 167550 345395
224 84944 102176 229471 252777 256158
7803 28629 87337 99808 271851 427534
34943 69544 108539 115222 238077 369577
9025 35780 36059 228185 275922 337739
41806 79927 105611 144115 154482 400816
20370 28776 60098 68209 228120 556823
4058 46041 89980 199321 232059 375797
39023 55693 73594 182493 233958 324836
33126 52697 73091 85878 102500 604005
11729 15129 118918 145801 155902 500937
16175 37741 124656 138229 285876 318726
29022 57866 64724 159703 291620 325969
70936 99093 126951 147836 158302 331083
42950 61820 70339 78767 329386 329605
47822 79699 98337 101522 105924 505746
8718 135818 143147 169947 205315 267125
20573 31736 57953 107745 110467 614035
