1000 38 35
514 1590 2834 3115 5152 5354 6278 8968 9037 11922 12386 13378 14132 14529 15192 16258 16604 17626 19220 22100 24012 28161 30455 35565 36188 36752 49871 50607 51514 53452 59029 65404 66282 72666 80646
506 2001 2181 3581 6972 10400 10575 11488 12104 12625 13543 14104 15218 16217 16256 16937 17015 24356 24780 29318 32766 33892 35104 35621 38969 39298 47457 47720 49013 49642 51718 52051 57198 59419 65332
337 905 2016 2030 2652 2727 3020 4263 5938 7143 8198 11384 11955 12081 17290 17968 19116 21973 23122 23135 23711 27467 27485 27515 36575 43916 45300 46302 47709 58249 58372 58949 76265 76433 102713
226 4522 4629 7368 8566 10056 10319 11185 12599 13087 13830 14984 15097 18938 19034 21086 21869 22006 25286 27438 28869 29530 32027 33650 36077 36291 37389 40278 44221 47394 51050 51395 52359 67562 90429
687 1638 2377 2472 3643 5053 5322 5529 6533 7046 9343 10246 12897 16539 21890 23826 24655 24720 25080 25317 28587 28841 29976 32410 34639 37012 37241 44580 45175 53589 59325 68167 70556 71538 96042
92 506 975 1042 3266 3717 4668 6400 7269 8514 8972 9955 10809 13113 16244 16352 16755 16930 20675 22431 22875 24651 27831 27858 28616 30002 37643 44876 54140 65712 66526 71952 71982 80468 111057
110 281 1975 2232 7595 8364 9382 10846 11897 12667 15252 15313 16714 16799 18909 19582 20290 20542 20989 21121 21316 23809 27666 27813 29352 33868 34496 36645 38399 51623 55266 61274 61613 72754 122695
8 5595 5836 7906 8424 8471 8805 9086 10301 10829 13367 13502 15707 15926 17079 17123 17338 17482 23641 26104 26264 26647 28320 31650 33720 33972 35451 35931 41405 47197 47342 69975 71039 74813 99466
3556 3556 4371 4548 4597 5809 6907 7079 9320 14005 15588 16360 16400 16488 17334 17703 18049 18460 18777 19703 19850 21318 23820 30903 34641 37804 38321 41064 42149 43017 47646 58999 78919 103372 110367
782 1356 2068 2286 2410 2640 5645 5754 6305 6319 9686 9706 10560 10660 12566 12667 13028 13543 15138 19414 23980 24878 27728 29654 34249 36836 39222 39491 41155 44651 53117 53225 84805 86441 166045
477 999 1005 1714 1906 2385 5685 7090 7470 8492 14572 15200 17614 18018 19385 20879 21536 27596 27737 28302 29149 32793 34035 36254 38381 38384 39988 43566 44926 47956 49946 55408 63063 76888 88735
243 753 2433 5576 10481 11148 11495 11761 12410 12850 13088 15699 17091 17277 17899 21722 23580 24970 27688 30963 31174 31189 35579 36059 36122 38251 39046 39732 41556 41605 42968 44020 59388 67568 93228
90 1337 3109 4868 6569 8914 10067 10245 10874 10997 11155 12041 12236 13549 13679 16185 20363 20696 21384 21847 22598 22674 22811 23212 25198 28650 33353 35340 42127 55309 58119 74620 76488 83508 126834
2253 2810 2900 4203 4407 4415 5223 6575 7421 8746 11060 15165 15743 16993 17476 18997 19612 21790 21838 22466 22542 23053 24161 26817 30341 30845 31517 34736 35122 37298 40796 53405 98439 99930 159459
1395 2019 4405 4575 6999 7210 8202 8567 9948 11495 12656 13073 13514 17296 19075 21298 22669 22953 27174 27485 28818 29343 29428 29450 29936 34686 38959 40304 42414 43583 44569 46447 55549 59750 151274
171 262 837 1047 1188 2339 2593 5473 6381 9366 10065 12436 15098 15878 16255 18575 21207 24411 24439 25850 27847 34749 34993 35084 35580 35602 35889 36290 38029 39724 41871 43798 62422 86119 158056
1388 2170 4636 5265 5552 5764 6333 6595 7063 8371 8561 9036 9078 14440 15130 17471 19829 21417 21667 22380 23466 23845 26917 31451 33235 38744 41412 41709 44599 50417 58500 59204 78751 89620 91614
425 705 1396 2166 2795 3548 3963 5099 7303 7763 9985 10132 10180 12049 12679 15979 16312 16609 25295 25474 27696 28348 30634 32844 34248 35697 42253 44423 45613 47785 54930 56747 73595 87273 114799
1685 2431 2789 3158 3502 3676 4759 5584 7841 8768 8810 9563 14180 15345 16271 20595 22141 25154 25270 26689 28563 28580 29559 30142 30190 30948 30992 39679 44781 47493 47694 51494 97866 99994 106004
3181 4570 4727 5208 5274 5811 5915 5924 6491 7885 10711 11087 11316 11582 11843 13670 14863 15595 20038 21839 27713 29316 37156 38583 39713 44541 46643 47550 47912 49438 52701 68363 71661 73337 76958
281 1973 2159 2395 2966 3422 4658 5242 7613 9582 12801 13779 15159 15451 17430 20401 22108 22945 24740 25837 26350 28863 29843 32025 33978 35221 36795 37987 38826 42759 45454 65213 84074 89712 118861
1692 2084 2309 2411 4075 4240 4969 5027 5265 7124 8881 9358 10565 11505 13733 13818 14406 18407 21471 21774 21785 22045 24111 24414 24845 31885 32242 40401 43057 45364 49255 71447 90268 125167 131956
3908 5711 5995 7231 7733 8542 9761 10381 11649 11867 12093 12694 12888 13594 13838 16217 17734 20822 21050 22723 24618 25707 28417 28759 30089 30954 36324 37411 49185 51179 66219 66278 67824 77164 110598
2008 3245 5478 5828 6411 7979 9217 10437 11805 12421 13528 13587 14738 16321 17126 18648 20940 21936 22550 24083 24271 24526 27480 29880 34053 38507 39909 40734 46978 51039 52917 64790 69526 71338 75356
762 1589 1842 2979 3060 3217 4603 5433 6747 8281 9824 10970 12032 13289 16063 16404 19075 20199 21021 21952 24538 26284 29851 33812 35248 39833 40751 44431 52588 55523 63082 64061 82492 84791 88360
306 4086 5140 7101 7191 7657 8863 9605 10415 10737 11452 11708 13448 14234 15451 17219 18458 18875 19534 22961 24841 25852 27293 28214 33561 36495 37246 39003 40940 41122 60786 63274 72615 72731 103424
367 1670 1723 1962 3150 3450 3645 4338 8679 9295 9377 9626 11518 11878 12326 12865 15142 16591 17316 18276 18978 22026 24030 26110 27270 30066 33744 41638 45105 48330 62286 66855 77726 95858 157624
964 1219 1915 2168 2435 6280 6946 7933 8288 8930 10184 12091 14007 14124 17087 17670 20095 20330 20880 21087 23956 29202 30907 31195 32177 34730 42832 44667 48986 52810 53283 67796 69117 70062 130814
491 1684 2903 3821 4618 6038 7257 7272 7394 7443 10657 12677 14354 14719 15566 17126 19242 19455 21199 23577 27082 27890 33435 33691 34360 37930 38014 39385 41767 48943 53088 64958 67178 101687 106087
267 332 1642 3113 3919 5746 5936 7708 7801 9268 9947 10539 12472 13320 15017 15905 16936 19019 21760 23444 24031 26150 28756 30442 34621 38688 40008 41882 42577 43776 45697 50626 53203 55375 181442
612 1415 1779 2790 5117 5511 5965 7521 9667 10925 11531 16911 17709 18846 19598 19979 20879 23999 24640 26630 28538 28717 30006 30569 37843 39956 42582 43100 46234 53085 53585 62710 65484 68826 78713
224 513 1374 1829 2464 3210 3676 3677 4802 5518 5585 7035 8838 9766 10010 10575 11471 11675 11835 17912 20785 21283 21496 22677 28835 40184 42518 50695 50712 56590 57400 66285 68442 80523 181077
631 3626 3679 3984 4233 5631 6002 6747 7499 8118 8625 9256 9758 10567 12476 12500 13775 13923 15471 18273 19630 22795 32169 32535 40741 41540 41572 51034 52342 53859 55542 75614 84822 86785 104099
764 1453 2215 2272 3710 4837 5998 7438 9208 9536 11061 11392 12308 13434 13646 14139 15628 16391 23244 28612 28754 29386 29659 30568 42386 44029 46226 46823 48982 49878 49904 51786 76794 85424 97869
249 614 1822 3719 4514 5558 6194 6771 6829 8133 8547 9615 9641 10558 15179 17368 20231 20926 21171 21488 25483 31757 32552 34991 37753 38300 39454 40451 41172 43046 49601 60482 64576 65342 147507
506 546 1238 4374 4558 4788 5238 9082 9825 10420 11769 11865 13903 14526 14766 15491 16329 20591 20955 24702 24866 29247 30020 32808 37174 37751 38529 42135 42307 45218 49728 68122 76669 97403 106647
1223 2390 2692 3210 3675 3730 3991 8029 12116 13934 13998 14470 15730 16619 17229 22081 22886 23486 25811 27774 28426 29141 29565 30296 34439 37130 37137 37738 40861 47953 57400 66354 67023 72933 86879
1201 3805 4643 5938 9095 9505 10164 10464 10501 10727 11571 11870 14317 14433 14854 15257 15780 15882 16751 18725 19298 21334 22869 22979 23462 26184 27494 28520 31314 33890 39482 52702 63017 76981 232624
