1000 45 27
1288 3344 4232 7434 7491 12731 13178 13465 13691 14369 15047 18703 19166 22910 25449 33498 34310 41569 41900 42050 44196 45238 49378 56297 77148 85194 89589
2750 3012 3879 6106 6575 7116 8222 11141 11701 12232 12422 12994 13609 13629 15340 24265 24312 31781 34473 35885 40246 42585 47236 65745 73728 111658 129756
4786 6832 8941 9537 10178 11350 12088 12163 13569 16214 19998 21281 22100 22536 23921 25163 25430 26797 29789 31072 31849 43284 45171 56329 70680 72321 118750
424 845 3799 3911 6553 6881 9585 10324 12064 12090 13423 17539 18450 19373 21067 25361 26036 26403 40978 45791 55677 61075 63342 88382 89116 91397 93853
943 4120 6780 7037 7703 7996 8872 9303 11553 11677 14967 17812 18835 20260 21591 27267 29057 35866 40222 49363 51763 52418 55929 57181 71215 72894 113878
1279 1414 5578 5950 6354 6660 7381 7548 10022 13275 14245 15599 16385 17362 23151 23199 31782 33067 37116 45104 45967 55275 58565 61860 64942 74669 135892
1039 1347 3378 4235 5414 6744 7632 9092 9831 10660 13085 15844 20818 23308 25634 26502 29062 30109 31038 34671 34818 51752 61154 63728 76667 82338 120364
2941 4437 5008 5965 6366 7302 7616 7703 8376 9776 12240 14661 18558 18760 22289 26167 27451 29784 31295 40934 41848 67311 72545 75063 75674 79912 83114
4929 6377 7460 9264 10552 10793 11752 14260 15106 17386 17573 19974 23196 23642 23667 26675 27043 37309 37343 40948 46924 53412 65793 68598 74794 89625 129316
489 3388 3408 6603 7077 8005 11581 14271 14339 15535 16868 20133 22873 24808 33617 34816 35681 38096 42413 44101 45938 53847 54374 63054 65294 66334 79188
129 2526 2592 4770 7453 10139 11301 11796 14542 15131 15650 19123 23028 25682 26384 33322 34070 38105 40876 46877 49877 59111 59987 67064 71880 78952 99659
1787 2964 3656 6537 9313 9452 11461 12193 14145 16081 16217 22100 24194 26368 27156 29304 34015 39890 41971 43400 46906 47906 60689 64565 67443 80449 107337
707 1897 2188 2314 3051 5209 5587 7286 8222 8547 10431 12803 14279 15791 15938 20412 26546 30509 34515 45917 49356 51675 54672 57162 66553 91039 143897
892 967 1201 2040 2671 4205 5806 6222 9625 9963 10280 13383 17151 17629 18414 19174 20175 22631 31515 44999 59312 60690 65323 70941 74148 94481 122935
484 1204 2279 3140 3356 3425 9382 12160 14487 16865 20763 22061 25618 26337 29912 31312 32316 34960 35335 39259 59852 61646 75582 80296 80342 83221 111807
426 1057 3196 5167 6133 6581 7991 10299 12578 12981 13399 15201 18287 21481 22611 25619 26369 30072 31602 32468 39260 47272 49351 63738 71689 76563 132131
556 2232 2874 3336 3563 3911 3954 9817 10494 12800 16440 17390 19572 25181 27049 28457 29928 31331 31480 35358 35696 37768 45015 46069 46204 138877 207038
329 501 1639 1858 3966 5287 7310 7470 9940 12123 14287 22104 25980 27735 28322 31201 32318 34089 34570 36426 36722 40015 44282 64921 77089 116195 122840
2796 4494 4937 6957 8572 8693 10171 11299 15569 16389 18597 19178 19459 20508 21523 28256 31481 32597 39360 41495 49854 50412 54928 80025 84199 102167 133815
104 2261 2461 2538 4901 4973 5586 6257 7647 7794 11086 11203 16520 23109 25962 27046 32629 38963 39005 47691 55611 60423 66145 73908 78096 79606 114534
251 1215 2576 2934 2966 5441 6193 8985 9170 11035 11248 11560 13952 15659 21363 23149 26708 28484 29063 35622 45278 47842 57180 69330 70176 91202 252004
2022 4379 4441 6552 8187 9988 14387 14593 15307 15422 18358 18539 20694 21047 24690 24700 24725 24948 27626 29416 36156 40762 59487 74273 81013 107704 125403
760 1454 2263 5154 5489 7401 9907 11930 12806 13654 15189 18877 19692 21099 22950 24556 28886 32446 32610 36438 37148 55196 61301 65558 78494 94083 112731
788 1310 1658 2421 3149 4357 9240 12281 12592 12769 13561 13584 20336 20401 21346 23979 26747 30247 44400 45492 45944 46883 57842 58444 102752 102757 150340
1901 2716 2720 2756 2935 3351 5463 9092 13142 13371 13471 13797 16157 20727 22218 22596 23608 24375 30741 32059 44618 63711 64202 94294 100145 104495 111134
61 314 1932 2984 3428 4824 5406 9210 9213 9355 11808 12351 14445 18701 18917 32802 32838 34429 36357 37493 37959 44288 50449 68914 91559 95264 99097
225 2184 2488 2605 2681 4614 5589 8759 9270 9449 12471 12996 14538 15078 21246 22204 27567 33370 36302 40948 41456 41859 45932 71857 96835 121772 121932
3306 3588 3680 5920 8650 9408 9838 10403 11974 13765 19783 21198 22136 24252 26458 26601 27730 28121 29534 32105 38428 48593 51165 58734 65232 103799 148044
2434 2517 4098 5457 7449 7962 10245 10339 13054 15154 16714 19450 19519 21961 24168 25595 33799 34706 36539 38916 39781 41551 62209 64298 91729 99760 141475
1634 4508 5347 6070 6608 8036 8053 10746 12405 12461 14286 17609 17843 17988 19426 21251 28160 30362 37669 39062 43656 60106 68411 73042 78395 80138 81564
2283 2873 3752 4120 4160 5432 7881 8112 8815 11593 11741 13719 18379 19811 23792 24921 28808 29432 38489 38649 42337 49744 55130 64814 67141 93604 140161
680 775 1633 2582 3628 4776 5539 5907 12674 13560 13678 16102 17824 20207 26593 26816 28705 33411 36540 40130 42953 43391 48723 51744 52443 54850 197093
1609 3663 4130 4756 5510 7296 9933 10552 16387 21103 21221 21455 22172 22946 26516 28186 31007 36133 46879 49023 54774 64357 66900 68653 73132 87471 88959
675 3074 4187 5867 7137 8407 9196 10623 12096 12242 13705 16879 16971 17405 20010 26524 26759 27287 33455 37948 39086 46927 48579 63849 82197 92413 102469
808 811 935 2232 2246 6065 6335 8474 10062 13075 14219 17482 17961 18415 21648 30001 32581 40199 50009 55203 59071 60371 67507 70187 70400 81906 151924
22 178 370 797 1196 2134 2777 7193 8232 9923 11340 15143 24800 26344 31547 31910 32075 32326 33242 39831 40867 48776 49631 55832 74520 122141 152996
906 4248 5158 5478 7366 8877 9086 10426 10558 14975 15356 17548 20414 22225 25182 25508 25983 32180 35585 44054 56251 56400 57430 61820 64666 67588 88508
1501 3494 4520 5613 11935 15397 18183 18357 18946 19090 20168 20371 22375 24174 24474 26044 28401 35111 36930 39802 42882 45315 47114 63840 73558 95780 128854
3710 4091 4762 4978 7971 11721 13203 14147 14182 14644 20630 23417 26306 29233 29617 32937 35957 38312 38620 50096 50121 53705 54948 77635 78551 86702 99908
2348 3686 5892 6212 6642 9317 9584 9703 12492 14597 14673 14962 16901 17171 19445 19520 19650 27512 34995 35485 39507 49255 53328 56986 91195 110201 140575
592 1453 4800 5135 5891 6268 6542 9518 11562 14763 17153 21021 21053 25665 25863 29152 30958 32113 35836 36720 37448 42652 44676 53275 72418 92391 183924
572 1028 2626 3636 5728 6197 6683 7036 12224 12578 14774 15575 18278 19071 19265 20533 23835 26158 32670 41045 43690 50538 62754 69090 76202 101432 127174
1734 3733 3925 4721 7421 9029 12410 13385 19172 21754 23316 25536 26263 26286 27939 28494 30817 31852 36355 39116 48876 49641 51778 56579 60659 70451 76867
687 1325 4006 4082 4991 5012 5539 8328 8869 12235 13241 13754 15270 18875 23294 25997 28755 34100 34104 36389 44824 53943 54717 64069 67359 88235 113990
60 1656 2355 4615 6692 8002 8645 13951 14143 17110 19492 22256 24578 27254 32143 32585 33052 34231 38773 38854 40896 42703 44057 78589 82441 96751 105929
