1000 12 26
254 888 1842 2697 5384 5556 7538 9278 10329 10696 10744 10775 12132 16676 17770 29814 31858 37102 41936 51580 54433 57954 60517 69848 106649 123436
443 920 3140 6102 7434 10807 13956 14181 14318 17174 19119 21216 23065 23844 23864 24946 28081 29001 31833 44642 51764 52180 73379 93954 108186 134023
292 308 328 3491 4974 6458 7173 17251 18532 21220 22123 24708 26426 27070 28342 28406 29102 31890 40083 41617 43911 45348 52697 61899 107234 142498
661 1850 2338 3061 3647 8693 9386 10369 10393 12132 12315 12385 13150 14558 17348 19472 34487 37316 42390 48385 49203 69804 74425 79945 84144 112500
2482 3981 7463 8573 9171 10661 11707 13578 16027 19843 20111 20160 21256 21303 22783 23359 31397 35044 37259 37863 49021 66393 85815 86247 89340 91809
2073 3302 4109 4265 8733 9327 11143 12579 12978 14009 17125 19036 19195 22920 22978 23835 27782 28193 28730 50121 53403 55454 57486 103223 118504 130821
84 2460 6610 7171 7721 11321 13794 13987 14570 15894 17878 22403 23893 28946 32197 32914 40578 42499 42828 49149 51028 57595 65001 82921 109279 124266
1411 2283 5462 7996 8885 9967 10322 11081 12682 18382 21364 24932 31036 31615 31782 34139 34779 39988 41909 42499 53257 54179 56225 57641 66787 77479
28 564 3089 6397 7648 7871 10938 14834 15065 18265 19217 20754 21770 22717 26777 27269 29500 38586 41351 48724 52015 60592 80300 81243 93833 116930
3787 4963 5262 6175 7739 9858 13626 15109 18967 21887 23822 25402 26197 28070 28269 30000 31579 33614 36425 44019 44316 51218 60785 78239 88722 99915
742 1466 3548 6421 6919 7657 12507 13907 13932 14661 14856 18868 19222 19725 20721 20947 23921 28554 37792 39200 41122 47182 70937 82121 88312 115234
2735 4161 4238 8643 11305 12236 13387 14036 14535 16046 18008 18478 18489 21491 26949 27475 27517 34261 44667 48569 49829 54324 65626 81365 96984 140119
