1000 40 42
197 661 928 1735 3882 5195 5608 5775 6084 7021 7056 7969 9500 9592 11002 12356 13186 13963 16641 18888 19023 19299 21698 21965 23598 23782 25559 25877 27398 27530 33517 33961 34176 36343 40035 40749 40919 49776 50511 52848 70241 76833
139 445 2003 2446 5128 6333 7024 7588 8355 8984 9006 9554 10357 11909 11979 12627 13146 13417 14877 16778 17163 17591 17649 17670 19562 20780 23498 27508 28376 29812 32489 37410 38849 39731 44713 45392 48210 52241 52641 53427 55190 65375
361 974 984 3497 4054 4628 5072 5803 6919 8093 8400 8966 8972 9859 10176 11134 11230 11241 12393 12889 13587 13807 13874 14949 15449 15554 16019 21466 21709 26467 26950 30523 32332 46374 47132 48630 57003 57039 59967 66174 69098 111725
263 1895 2280 2900 2935 3716 3856 4391 4470 5248 9125 9513 10446 11675 11784 12904 15664 15847 16191 17054 17539 17720 18694 20423 20594 20605 23495 23691 24217 24480 26892 27629 28180 31968 32317 33736 39118 42922 44862 55645 90149 125149
292 1427 2326 3482 4319 4971 6494 6705 6768 6956 7574 7575 8526 9792 11222 11264 11594 12236 12843 14088 14103 14507 15304 16432 17174 17275 19482 19992 20974 28171 28675 28727 30300 31534 31769 32208 41102 43867 44838 68137 107186 138745
373 864 2257 4833 5445 5495 5561 5589 6346 7184 7821 8273 8430 9496 9571 9802 9923 10298 11141 11937 13278 14802 15850 16119 17651 17739 19706 23272 24616 25693 26091 29113 38230 41301 44420 48647 49158 57701 59792 73470 78764 103488
106 108 200 259 806 1072 2487 3658 4485 4778 5718 5847 6291 8437 9337 9445 11464 11991 13857 14529 15034 17026 17368 18481 19579 20273 21351 26255 27585 32817 37623 38670 39865 46938 49903 50743 53613 55317 55829 62564 70030 83044
250 1671 1845 1892 2409 3022 4319 5804 5980 6260 6314 6630 8091 9848 10169 10201 12263 12818 13499 14187 15784 17587 18252 18787 19287 19336 20235 21639 22341 23513 24725 25046 32125 40839 40970 43798 44051 49634 51088 63477 90811 120310
6 408 1140 2978 3747 4011 4317 4369 4686 5239 6224 7097 8255 8969 9271 10645 12006 12204 12254 12570 14246 15268 15519 15676 17247 19670 19931 21937 22443 24123 27974 29338 30887 37930 40616 43638 51633 59901 70776 71152 81748 111348
50 148 1086 1392 3067 3853 4766 4820 5199 6768 7617 8878 9975 11232 11712 11905 12698 12998 17011 17469 20442 21072 21886 22247 22565 24773 25531 26183 27736 28210 30171 32131 32373 33593 40324 44178 44829 44908 53277 58685 65513 107417
742 969 1356 2784 2838 3148 3246 3253 4003 5990 6071 6228 7025 7432 8788 11838 12209 12456 12765 16412 16936 17037 20982 21336 23136 23278 26119 26718 31948 35302 37093 39986 42151 42719 42920 46328 46397 51378 61658 61700 66590 71299
65 469 1288 1715 1808 4340 4992 5580 5963 6166 6317 6412 6729 6764 10758 10802 11899 13757 16816 16926 17304 20708 21080 21455 21973 22707 22844 23042 24233 33882 35317 37895 42771 43093 44420 46128 48371 57285 57736 59695 60451 67443
1615 1798 2373 4751 5273 6706 7040 7899 8396 9320 9423 10994 11710 12519 13489 13753 14923 15679 15977 16360 18033 18357 18682 20519 23184 23293 24491 25479 27033 27785 33955 36449 36580 39214 42309 42774 43392 44206 46006 52098 61361 64989
180 285 2041 2107 2248 3825 4057 4380 5283 5731 6163 6720 8984 9410 10162 10537 12212 14074 14581 14680 14834 15120 17022 18155 18575 18954 20168 23223 27262 27751 34063 35558 37802 42180 48138 48310 50280 51287 56780 58370 60371 116264
531 810 1158 1580 1595 1628 1875 3011 3998 6079 6446 7160 10313 12271 12590 12949 13745 15176 16535 17768 18912 20436 20808 20959 21034 21363 21487 23612 24050 29782 30706 31576 33808 36472 38033 38493 40211 52639 60202 75155 85732 86758
33 477 2707 3690 3777 4002 4567 5838 6582 7164 7440 7481 9546 9781 9883 10826 10990 11563 11593 14384 14502 16896 16977 20374 20401 20488 21017 21878 24930 27387 27994 30265 31287 32034 33315 40185 40622 48246 62219 80290 80868 117364
453 635 1880 2651 2914 3553 4400 5963 6899 7630 7932 8206 9061 9687 9921 10505 10755 13557 13942 14517 18120 19235 19620 20113 20388 21489 22969 25195 26330 26870 28500 29944 33707 34276 34879 38058 52517 52770 55187 57174 61360 112412
852 875 1014 1691 1838 2495 2516 2760 2839 2887 2913 3020 3031 3220 3360 3567 4117 4574 8897 11559 13309 13596 14105 15880 19957 21046 21512 22681 25409 26051 35602 36794 40831 48294 49849 52065 54286 57007 69835 71258 76617 120232
220 220 358 736 1159 1594 1969 2655 3067 4337 5891 6521 6787 7582 8296 8412 9566 10324 11231 11596 13804 14100 14484 15095 15403 16843 18491 20356 24412 25210 28491 29719 32404 34114 39031 42541 46726 61901 65276 69016 97679 123423
369 1189 2003 2048 2215 2532 2835 3780 5466 5861 6421 7254 7819 7942 8801 9771 10525 13516 13961 13970 15177 15813 17841 21014 23238 23272 23491 26261 27392 28157 29162 30089 30209 30666 34315 45853 47949 48030 49913 52838 90939 115123
130 131 386 446 541 544 842 2558 5606 6134 7147 8365 8598 9098 10277 10648 10882 11152 11384 14619 15659 17144 17541 18267 18998 19242 20141 21121 23568 25242 26732 32868 34403 35049 37391 37975 46566 50495 63342 65039 89028 147572
115 384 745 1320 2141 2146 3776 4245 4261 5342 5750 5826 7598 8204 8974 9154 9781 10510 12254 13626 14348 14575 16851 18162 18416 18670 19885 21161 21231 23516 24655 27415 30077 34808 35681 43489 50574 62307 68852 74869 98396 114992
86 383 814 852 2383 2526 3129 3807 4292 6309 6782 6939 7461 8323 8690 9711 14694 15474 15485 15760 17423 19840 21552 24838 24960 26445 28189 28337 30175 31367 33151 33732 34090 47059 47956 48333 48872 50350 50810 57898 66487 68307
3086 3567 3614 3687 4325 4698 5319 6121 6710 6911 7062 7296 7801 8037 8478 8731 10217 12161 12719 13747 14059 15938 16211 16242 25771 27212 28556 29247 34171 34733 35068 37201 37641 37661 37999 41558 42063 51989 59244 63378 66164 78530
404 714 1740 2297 2409 3230 3329 3980 4790 4983 5028 5152 5761 5764 5873 6747 6759 8727 9520 14152 15899 16507 16704 18197 18481 19324 19331 24127 28296 30119 32037 32272 39975 42099 42893 43381 46402 52306 52941 70520 101499 101595
196 539 686 1515 2150 2218 3452 4035 4417 4483 5055 5252 5359 6647 7842 7886 8592 8622 10659 12980 14925 16138 16425 16595 19734 22570 26920 27289 30358 31068 31126 32589 33736 39884 46641 47034 58017 60601 60721 64339 87408 91079
356 2103 2626 3349 4276 4290 4339 4794 5897 5920 7632 11782 11915 12150 16141 16463 16500 16653 17666 18708 18742 18770 20350 21547 23866 25299 29064 30016 31558 32622 33748 35294 35756 39368 39544 40944 43738 44446 46037 52577 58158 66726
694 903 1292 2079 2229 3550 3758 4755 4990 5322 5689 6120 6603 8337 8589 10187 10750 11067 11351 11914 13117 14788 17591 17719 18458 18690 22436 23123 23278 24336 25620 25811 27838 30805 32269 35727 54285 64534 68938 84299 90570 98397
38 125 218 319 407 1300 3932 4623 5856 6131 6636 6748 7340 7446 8034 8282 8482 10066 10494 11425 12405 13455 16745 16977 18614 19245 20378 24431 26340 29705 30011 31198 32139 35204 42086 46180 46675 48266 64606 69724 92218 120362
85 266 371 640 2480 3406 3728 4400 5250 5346 6393 7166 8218 8557 9347 9384 9612 10158 10169 10406 13814 13832 14675 15497 16145 16828 18382 21592 21639 23418 23729 25629 25704 31859 37546 40067 54627 57553 68960 76319 81072 135523
597 782 849 959 1641 1888 2507 3637 4510 4829 6905 6922 7687 9027 10454 11492 11650 11678 12502 14009 15483 16080 16413 17297 19212 20119 22129 24571 30592 30993 32714 35511 40800 43556 47145 47668 49022 50297 52076 66330 67753 94589
689 1294 2096 2574 2893 3769 3895 4787 5517 5901 5959 6052 6564 7014 7753 9911 16154 16584 16849 17199 18130 19311 19955 20644 22095 23592 24119 27679 28496 29250 32347 32563 34948 35056 35169 35641 36687 42283 49558 66660 88267 111697
1327 5365 5566 6211 6510 6825 7474 7560 8680 9938 10086 10140 11050 11365 12756 13069 13236 14544 14753 14902 15678 17595 19228 20431 23398 25048 25054 26645 30130 30538 32649 32704 34669 36283 36388 37039 44463 50603 50604 54792 55324 83249
767 990 1293 1463 1472 1866 2692 3014 3054 3214 3917 4129 7338 7462 7756 8257 8397 9387 10268 11592 13694 15637 16621 17628 19038 25164 25291 28783 30560 31851 34177 35714 38773 39808 41696 46916 52987 53180 56086 63016 85987 91988
1302 4044 4912 5492 5622 5856 6015 6271 7130 8274 9162 9393 9697 9920 10170 10879 10904 12200 13507 13640 13790 14147 16016 16793 19476 21734 24027 26594 27937 28913 31027 31974 33715 35988 41568 44623 48790 52884 61871 64456 67646 71374
615 774 1296 1762 1890 3347 4537 4825 7551 8342 8665 9480 11029 11303 11504 12366 13127 13364 14147 14922 16066 16229 16989 17744 18827 20446 20527 22885 23557 25044 26432 27630 30165 30478 35112 37962 48781 50718 51784 56047 81150 134053
1382 2155 2179 2311 2745 4058 4800 5591 6412 6617 7640 8255 8752 8786 11359 11716 14017 15528 16186 16795 17072 18151 23734 25591 26307 26583 27505 28529 28805 28808 29940 31730 31893 32329 35567 36284 37389 38820 46500 52335 83755 105587
569 1216 1553 1691 2644 3530 3880 4173 4299 5119 5125 5280 5666 6397 7685 8078 8196 9076 9405 11850 12184 14787 15715 18033 20370 22097 22877 26838 27505 29563 36481 39456 45019 47810 48148 48568 51654 55915 62156 62542 80435 88782
309 1532 1641 1845 3468 3771 4435 4482 4831 5365 5447 5895 7213 7449 7630 8248 8599 8608 8741 9070 11346 15157 20462 20947 22671 23258 27214 27846 28651 29680 30372 30495 31814 31874 33917 35945 36673 42068 44687 76121 106559 119853
379 845 2092 2311 2551 3078 3467 3594 4218 4411 5367 5558 5593 5969 7165 8210 8290 10629 11624 12187 13100 14890 15146 15207 18935 19871 20670 23094 26265 32763 33469 34780 38470 39376 41171 47264 53906 62295 66175 71357 77686 79619
