1000 47 22
3435 6731 8497 12007 15640 16610 20445 22064 22100 22528 22906 23122 24699 39840 46456 47197 47661 49202 72633 123563 141976 160115
2182 7385 10054 14927 16414 16768 17031 19577 19869 27940 36136 40815 51290 52597 56064 58906 64863 66223 75801 82005 90852 120909
6539 7180 7895 12926 13965 14164 14966 17007 28058 28603 37387 37589 38717 38745 48790 49590 52917 54805 62892 111489 116854 136191
389 2381 2640 2770 4525 11143 13639 18717 24758 27202 27771 31438 43459 59537 62226 63438 65748 69636 71969 98878 109807 142048
370 1289 1885 3501 3707 4707 5861 7830 18951 20767 25117 25155 27395 29062 48744 56332 68578 70410 73930 132800 142491 183774
1572 6615 9712 10667 12290 14357 15406 15968 23235 24073 33006 33833 34568 39033 50271 50344 64332 81956 99527 105038 107026 135096
600 2080 5063 8774 9387 10768 11414 11695 15898 20876 29620 31582 33148 34176 36510 36890 38461 41867 78037 97013 154207 254590
1962 3485 4190 6848 7999 9984 13969 15819 17073 18868 24248 27332 28377 29904 41202 57331 65805 92012 99617 100917 101291 188713
1735 3056 4542 4552 7236 10834 12986 13576 20325 21546 21921 27316 27893 48683 49767 74004 75815 78746 79279 92183 96023 151362
2696 3419 3754 6451 8637 11852 18556 19021 22457 27175 32411 36234 39609 39745 41521 46303 48156 67527 68309 89475 100285 239627
3046 4424 4582 5471 7278 13113 15250 21490 24086 25539 30184 34323 34799 35384 47759 47905 49503 53196 68029 79792 111682 212359
4442 7651 9052 9118 15814 16541 17272 19646 27761 29436 32947 33799 35292 36732 39936 46468 79190 80121 82244 82284 92137 141011
5277 6701 7515 7673 8246 12405 14006 20041 24518 25887 26018 27404 27840 30215 36095 54181 68505 71445 100552 114584 118619 162711
659 6867 7309 7799 8721 11176 17748 19578 23795 25415 33273 33985 42965 43803 63387 65423 69955 77546 84060 96056 96118 111637
919 1044 2423 11322 11396 13507 13868 14381 23168 28490 29808 33364 43379 47822 50009 51291 55897 65957 66407 77782 122805 188713
431 4931 5080 5182 7314 8368 13464 13568 17018 19692 19909 21355 29822 47849 57375 77928 78859 81753 83283 99915 105136 131969
3519 6000 6162 6172 9039 10163 10832 19734 26812 28536 30537 30571 31576 33228 33757 37113 38283 65107 72428 80135 113800 278165
2842 3027 5124 8429 9184 10673 17104 19995 22583 25561 28142 31679 31822 32528 32940 50199 68756 80990 92188 92695 109254 162464
214 3245 9396 13278 13909 14702 15033 16717 17018 27222 27363 34394 35816 42343 48061 59910 64799 78855 86274 101530 103912 156397
529 2618 2667 5723 8959 9700 16782 18156 20185 23042 23063 35183 46819 47207 53845 54310 61945 79943 99427 101553 114233 117126
1002 1836 2355 3883 7584 17915 19431 20211 21013 22835 25400 25674 26722 34527 39421 50248 61989 78487 79130 96415 142568 176646
3030 9558 9951 11759 16024 18316 20137 25754 33962 40038 40919 40935 43316 43482 46180 52646 53367 78574 79447 88455 92496 122383
343 605 1421 1707 6601 6778 7182 10783 11523 12825 14313 15036 15108 28674 50528 51051 67335 68227 94988 142580 176545 188727
636 1264 5659 6014 8234 11342 11823 13736 15888 21543 22082 23557 25489 38026 41742 50678 57708 67593 74400 76908 88572 290336
400 581 3228 5997 7239 18565 21607 21722 26807 30175 35170 35175 35656 37134 42421 63881 71922 76835 78133 86058 116645 153953
83 2448 4431 7577 8712 12607 17057 25980 28009 30154 32352 39188 45801 46387 49680 60354 75612 77635 86457 93537 105881 118247
692 4566 5786 6605 7189 7760 12450 13179 18760 20657 22946 29912 35206 39051 41007 47245 55385 73070 85082 118362 122727 187912
503 1790 2766 7341 8919 9110 10786 11796 18453 20136 21897 22260 25788 30159 65880 67083 69822 74756 75805 94828 99621 203990
623 1291 5564 8300 8547 8955 10913 12040 12613 12891 14122 16341 22195 28578 40475 64868 74464 83159 85156 108651 161085 176269
1267 5910 8061 8371 13387 16720 24804 28017 29622 33199 33303 35671 35716 43638 45576 54288 76817 82776 87893 93242 94234 113453
264 2105 3816 6759 8187 9613 13023 14353 15735 16876 24325 24837 32956 37772 49063 50436 61079 63876 73158 140402 145638 172076
2972 5821 6602 8137 13398 19554 20576 21786 23355 25394 27670 29249 29941 42471 57229 59785 61833 68225 76095 84246 129780 141072
9575 9985 12125 12869 17753 18042 19990 20566 21771 29414 30891 31631 33360 45961 48468 50787 54830 66336 81218 95404 100765 138292
2050 4284 5381 11252 13936 19445 20711 21369 23059 27317 28393 31525 33492 46364 47851 54597 60923 68312 69082 93492 112306 150935
4161 6362 7187 10512 13028 13136 14703 19291 24225 32430 32782 34241 43165 44881 44940 48875 54894 69371 72675 76180 136961 162661
258 1007 5464 10824 11056 11937 24080 26676 28958 29716 31053 38324 39173 39184 41949 48942 52899 64186 79060 80554 87527 175695
3134 5384 6234 6488 9525 16452 18928 28971 30198 30816 34915 35273 35584 41508 49447 59092 62480 66067 69315 73718 118488 135477
216 4485 5797 14685 14802 15235 16102 16986 17240 18189 21689 33387 39245 40748 42872 64717 68509 72085 86615 94967 100599 142641
1032 2818 4585 4694 6316 12457 14457 14831 14879 22742 23309 28206 35215 47500 61253 64493 67144 73415 75963 79445 114887 154976
1933 14197 14765 17868 18347 19437 20367 21129 22631 27854 30721 32355 32743 36427 40215 45234 46098 60003 94725 104780 120724 139550
588 1218 1786 1998 2815 7290 15012 16084 16215 18231 20455 27734 31694 36320 57293 58696 60524 75552 98398 120442 144585 154276
1311 1408 1759 2756 2842 8425 11895 12605 13212 13887 16654 16758 29685 37602 53270 61518 62120 68335 84990 97691 148998 175889
2421 3988 4784 7100 9946 12462 14115 20271 24634 25096 27522 30564 35099 46180 46792 47491 47615 48634 67772 126800 131515 162719
84 763 7717 11143 13632 13669 14673 18084 24985 25289 26681 32528 45106 50906 51699 55286 59442 64890 77678 101485 107710 122975
345 573 1232 7732 11133 11507 14324 15518 18315 19285 21344 22013 29581 44138 51168 63570 63745 79014 83369 97749 127581 183540
5640 9474 12470 12497 13801 15899 20043 21223 21245 24870 26697 31191 37367 42255 46491 65860 73132 76848 79698 82050 87191 150623
1738 1920 3142 4161 9524 9631 11687 12406 13958 18141 19565 22544 26976 30952 34078 52104 53822 72178 108179 113172 157054 175926
