1000 12 49
249 929 2019 3334 3370 3514 4244 4492 4594 5744 5890 5895 6434 6513 7095 8028 8516 8565 10619 11324 11457 12836 12857 12885 13596 13854 17028 17268 17621 18273 18500 18861 19139 20999 21717 21978 22223 25442 25953 30889 33704 34850 35863 37250 44660 51130 60378 62825 103782
642 902 1044 1131 1256 1335 1575 1993 2802 3050 3602 4453 5073 7888 8066 8131 8785 9045 9775 10143 10738 11844 11957 16447 17495 18528 19290 19318 19499 20687 22198 23316 25523 25529 26015 26257 26996 27356 27610 31336 32963 33761 36712 38652 42510 50122 51654 56741 57827
749 856 1533 1873 2380 2600 3042 3387 4277 4383 5878 6251 6345 6390 8021 8556 10120 10168 10274 11171 11434 11829 13446 14563 14570 14852 15275 15344 15893 15924 17083 17875 22343 24347 27240 28724 30482 32181 32754 33808 33866 39648 40515 46595 48155 49432 51450 57013 65285
420 1451 1458 2208 2259 2487 3225 3326 3526 3536 3553 4296 4320 5076 5637 6458 6696 7969 9276 9314 9555 10586 10831 11009 11926 12790 13661 14843 17834 18757 19819 20960 23768 24176 24635 25532 25772 28082 28650 29499 30591 31488 34072 37349 38561 55462 66067 73280 118424
31 38 924 1106 1666 1975 2481 3143 3568 4431 4812 5376 5456 5745 5894 6371 8160 9647 10134 10837 11070 12222 14345 14375 14595 15651 16240 17845 17960 18842 18853 19153 19237 20419 25529 25536 25562 25878 26805 32824 33499 34268 42629 44327 44963 45149 52089 73156 85277
434 635 654 854 1625 2300 2334 2780 3567 4549 5839 5955 6017 6112 6428 6909 7679 7804 8275 8304 8908 10618 11450 12348 13345 13716 14275 15227 15934 16132 16233 18576 20015 20749 23797 24452 26726 28611 29521 29662 32589 34610 35451 35690 46503 64629 69543 80275 85155
232 886 1011 1013 1675 2213 2534 2856 3152 3556 4118 4338 4363 5343 6447 7718 7807 8032 8390 8395 9366 9699 11117 11304 12194 13455 13531 13968 14400 14847 17436 18341 18543 18867 21566 23229 24797 32041 35998 36948 39913 41110 43441 43477 56753 57015 63106 67073 74108
8 163 879 917 1471 2714 4402 4521 4966 5620 5738 5889 6784 6899 7780 8523 8654 8984 9333 9475 11296 12273 12390 12665 12734 13568 14674 17722 18159 18487 19668 19741 20187 21831 23684 24218 24569 27078 31145 32070 32132 32866 34846 41176 41735 43775 63609 64538 77637
265 508 614 828 1013 1122 1218 1892 2394 3043 3949 4788 5533 6045 6516 7100 7121 7537 7784 8011 8092 8165 8404 8804 9483 10374 11418 12823 13029 16228 16998 17953 20660 21477 23282 24708 27912 29719 30969 33210 34012 34251 36829 43714 55240 61867 67580 74900 118843
246 275 356 403 426 465 983 1073 1483 2058 2334 2382 2679 3041 4195 4626 4816 5050 6054 7891 8196 8230 9156 9757 11932 12125 12629 14192 14350 16521 17666 18306 18349 25575 30959 35180 36696 38980 39489 40208 42210 43972 44213 45010 48001 51921 53374 58463 86992
145 156 717 1262 1543 1663 2780 3131 3652 4188 4497 4728 5974 6824 6866 7485 8182 8612 9375 10272 10354 10403 12441 13487 14192 15129 15589 17910 19558 21151 21896 22569 22651 22673 23064 23469 24199 24669 26593 28345 33082 34210 38571 38993 56718 61835 62816 64518 67742
213 1066 1334 1691 2089 3426 3474 4492 4523 4753 5315 5901 5962 6709 8943 9170 9717 10548 10639 11615 11758 11845 12141 12195 14659 14804 16332 16889 19638 20163 20248 20870 21679 22455 23059 23356 26703 27765 30308 30472 32316 33217 35785 36962 44170 48265 58025 58240 83896
