1000 18 43
140 480 702 1494 1622 1750 1798 2866 3802 4256 5975 6192 6404 6412 6504 7122 7233 8166 8501 10976 11145 12515 13194 15110 17216 18473 19480 19676 20020 22569 24157 24279 25322 29087 31918 35030 36278 36950 48783 52101 57709 60305 96140
162 851 1611 1666 2725 4008 4179 4422 5878 6028 6032 7091 8297 8493 10283 10500 10724 10896 11392 13412 13412 14880 16468 17084 17151 19540 21030 24252 26254 26747 27036 29054 30043 34055 34311 36137 36453 39184 45770 47976 67302 75729 85085
911 1209 1253 1747 2432 2444 3574 4983 6114 7235 7313 8921 9035 9095 9849 10558 10933 12751 14531 14785 15580 18841 19674 19844 20759 21229 22010 22607 23506 24661 25835 25905 26585 27308 30745 41212 41823 44025 48483 58452 62313 62568 85752
130 664 789 879 2156 2505 3489 4274 5629 6273 7471 7639 7747 9661 9873 10435 10854 12900 16098 16228 16499 16518 16668 18550 20465 21345 21779 21900 22044 24896 25622 27707 28647 28806 33108 33752 36361 36542 42804 42929 47089 57456 62927
482 1363 1567 2577 3076 3405 4654 4822 6301 7742 7931 8043 8555 9394 10648 11470 12668 13618 15286 16998 17203 17823 18044 18682 19455 20545 20716 21058 21886 23054 23208 23422 24325 26778 28312 29342 29729 33309 36873 37306 44896 68253 76060
142 916 1042 1051 1462 1539 1808 2322 2475 3971 5113 5646 6717 7138 7395 7826 7890 8376 10000 11166 12503 13976 15936 16445 16977 18069 18764 19589 25739 27799 28120 28658 29201 31949 33390 35333 36241 36406 47067 50993 52438 55903 65632
635 924 1115 1912 2267 2354 3379 3675 5442 6746 7431 8046 8671 8726 11153 12130 12157 13583 14196 17061 17087 17781 18831 19021 20572 22066 22259 22699 24041 25198 25609 26300 28515 28886 29612 33912 36029 42256 44814 46522 48531 50503 52042
793 1048 1498 1630 1720 2016 2066 2693 2993 3385 3646 3972 4491 8042 8060 8334 8474 8475 9136 11616 11958 12064 13420 16580 17258 17556 17953 18978 22736 23667 24528 27933 30991 32299 36311 36348 36727 37435 43305 45340 45655 65968 110361
26 168 872 1057 1706 3511 3923 4034 4306 4484 5122 5355 5670 5945 6233 6369 6655 6951 7692 8208 9348 10108 13904 16346 16785 16889 17098 18768 19067 19171 21363 21520 23717 24483 30397 32171 34071 39874 45677 55058 66084 78805 98819
218 761 1030 1775 2056 2081 2099 2208 2740 3204 3738 4310 4368 5918 6282 6856 9746 9776 11199 11662 13526 13649 14383 14636 14664 17653 19895 20427 22788 24388 25034 27183 28706 28725 29202 30516 33975 48676 48718 54423 54923 69420 70802
488 607 709 1092 1184 3967 4606 5311 6431 6932 6982 7112 7285 7351 8148 8734 8886 10837 10847 10895 11070 13176 13966 16188 16819 17650 17949 17950 20408 22426 23651 27304 29956 32718 35243 36159 40652 43560 47193 52198 57183 58971 97598
423 569 735 918 1240 2082 2288 2346 3031 3673 4241 5369 5553 5831 6704 7506 9181 10691 10780 11519 12849 13050 13173 16955 18124 18447 21573 22788 24399 25673 27249 30670 32502 33200 36591 40818 41608 42633 42748 43433 46055 81281 87388
86 131 393 417 898 2801 2880 4031 4346 4543 4832 5449 6467 6541 8850 9133 9971 10597 11203 11220 11915 15501 16792 17199 17772 18781 21904 26514 29891 30454 31743 32319 33045 33561 34147 39884 39981 42389 44068 49257 55734 60279 69423
628 1189 2904 2917 3545 3639 3702 3985 3996 4833 5476 6691 7084 7498 9046 9414 10229 11245 11358 11651 12836 13223 17415 19662 21835 22004 23419 25151 26421 26990 27109 27221 27859 30471 36857 37666 38566 52063 55751 60906 65623 68719 70193
218 220 531 552 739 1027 1508 2096 2476 3209 3576 3696 3901 4531 5300 6322 6431 7951 9878 10656 11673 12847 13076 13328 13833 14735 21363 23248 23255 23701 25213 26712 28464 31892 37432 38375 39018 44300 47655 53789 61798 83062 124504
299 477 857 1102 1482 1795 2382 2840 3390 4090 4120 4797 5063 5137 5415 5682 7208 11457 11553 12426 12916 13046 13123 13522 15769 18044 19402 20395 21905 22586 25304 27445 28947 31213 33077 35942 36126 38038 41408 42514 51173 70033 99269
623 639 653 655 862 907 1206 2357 2738 3775 4032 4584 5131 5328 5642 6230 7866 9117 9245 9923 10486 11334 11770 13640 14283 15162 16508 17107 18969 21109 22396 22736 28209 32091 35010 36680 38966 41748 45029 45166 50194 60108 134550
163 635 1280 1583 1606 2216 2688 2781 3215 3336 4623 5168 6564 7046 7060 7703 7746 8669 9188 12694 13125 14852 16299 16845 17163 17198 17534 20276 24118 25144 25560 29184 32530 33036 34670 35019 37696 39734 44826 46991 48095 69306 79243
