1000 18 11
10917 13427 29566 37370 57719 62774 107547 136125 146727 151930 212103
451 4475 13064 23963 34665 54968 63504 77101 83488 241666 349436
15976 15986 22747 42213 46192 51806 67229 72007 190613 196452 203536
21859 52490 64277 70040 78408 82111 89666 93906 131030 132268 137921
10714 37159 48344 55983 58933 62432 73568 120105 126733 170141 189170
11535 18520 19072 22101 34737 41519 98554 137507 147676 183011 210641
3161 5970 8264 25569 43984 77402 78270 89085 117908 123135 354733
1632 3790 9929 11619 29060 31305 33669 110011 147754 271038 303287
12304 48978 53501 55506 74607 78384 85658 99931 102448 112765 223184
27383 37249 52933 59420 62041 70454 75848 87573 117765 127460 210601
5368 7297 10300 24029 29035 58353 99728 101774 150861 192839 260528
5451 10886 21651 30024 30777 44460 71865 90721 115327 161972 371805
7170 8676 10359 12787 40911 42800 71724 77715 87089 239362 324715
2496 4096 24058 40823 41541 55148 78295 115011 171604 177350 206321
8850 22559 40311 49436 65924 72570 96327 106617 131267 166392 203499
12151 19736 25691 38475 54849 69847 102038 115940 130910 169030 226512
12874 12892 13303 20619 50295 57676 59913 60846 62821 114526 504482
10437 22187 35071 57470 58384 65133 99904 113408 131711 169014 178417
