1000 49 30
90 1044 1258 1374 3364 5736 5857 6410 7574 9472 12357 13598 13691 15468 17641 23632 23753 24965 25590 25796 33560 33682 37759 43632 46366 51417 53061 54387 74932 88260
641 729 1743 2511 3263 3502 4438 4607 6250 6635 10269 15249 15775 16377 19479 21273 21883 24882 28627 32001 36503 37097 38953 43695 48021 53317 54940 55886 55957 101565
555 891 1103 1199 1453 4108 4945 5926 9205 9571 10742 11621 12223 19433 19538 21031 23570 24848 27711 29658 38050 40561 42183 43346 56790 74759 74929 82291 84814 90799
832 1968 2029 3283 4855 5371 6029 6652 6898 7948 8415 9681 11099 12235 14662 16647 29471 32925 35217 35690 37359 37466 37618 38641 41004 46936 46971 55908 61784 109722
866 2779 2926 3498 3583 4683 7358 8284 8805 12008 15387 15835 16364 18659 18684 20561 22389 22779 23328 24191 24958 25049 28458 32616 45281 50793 54214 54361 71425 89360
647 724 865 1447 1569 2239 2615 3095 6283 7204 7584 9498 14021 15816 22084 22627 23356 26685 27919 28212 33534 33841 36659 40035 41779 42298 56073 70306 88621 104841
823 1272 3211 3487 3881 7406 7862 10200 10665 11151 11242 11885 12655 14082 14225 15320 15544 15683 18274 18849 19004 27754 35086 38447 39000 39871 42930 57839 72340 104445
926 1996 2192 3846 3897 5401 6546 6912 8152 8221 9118 11346 15417 16706 18404 19487 20080 20870 24235 24363 26128 27950 29801 37294 48228 58623 59710 64294 70864 142149
34 3801 4008 4097 6717 8576 9165 9982 10236 11286 11805 12159 12414 17592 18352 18424 18531 19184 19882 20369 22222 22439 23453 31780 38276 59510 63165 65298 65330 78097
394 839 1494 2829 3525 3559 3586 3968 5101 6319 6516 7174 8062 12054 12905 16691 17037 22772 24795 26413 27383 28087 30122 31788 34597 45440 73688 95738 96965 100428
550 1034 3273 3802 4962 5223 6961 8776 10132 10564 13512 15105 15868 17965 18279 19175 20319 21514 25889 29353 33602 34713 39832 40393 46889 58084 59767 61657 76750 105829
640 750 1595 3137 3280 3355 5207 6514 7786 12695 14042 15048 15600 18833 23744 28979 32347 35242 36424 38880 42946 43364 43652 45472 50279 51234 53197 65837 70695 86456
1288 1710 2042 2265 4691 7194 8292 9801 10723 11166 15163 15520 15522 16039 18117 18440 19173 22340 25117 25618 29852 31959 32059 46875 50570 51129 54470 56489 69021 111055
507 976 1299 1450 2623 4408 5292 5763 6241 6380 7650 9100 10506 13352 14865 15309 18622 19140 36691 37926 39059 44419 44564 46459 46764 50118 55361 71592 98893 111923
637 1872 3118 3232 4377 6542 6830 7303 7421 8421 10475 11227 13061 13880 15392 15792 16052 19384 19647 23447 25350 27135 30618 38760 39869 48506 54017 59658 60111 109025
832 1400 3477 4681 4971 5455 6986 7232 7525 8149 8616 9655 10612 10701 13468 13865 14839 15186 20074 21631 29518 31555 33074 36240 40102 45886 67596 100309 109752 121514
391 568 817 2901 4110 4535 4971 5415 6753 7449 8297 8799 8973 10700 12743 16005 16818 17735 18402 19196 22542 26291 26408 29624 32594 35374 57523 63795 89271 137029
51 409 1152 4056 4102 4837 5169 5571 6262 6532 8426 14880 16312 17593 19541 19799 20152 23521 25849 30983 31253 31980 32581 33384 50993 52304 52923 56951 68037 112506
322 780 811 2993 3947 4959 5569 8065 10126 12404 13473 14340 14342 18288 19697 22569 26330 27693 28448 31466 36445 37092 37857 45663 46077 58334 72419 75295 76461 100258
59 732 2335 3496 4110 5380 5776 7736 9186 9684 10077 10559 17237 17825 19635 20977 20987 22012 22379 24179 26545 33922 35466 37351 38716 39015 44473 45984 49967 56471
675 919 1263 1464 3302 3340 6759 7175 11452 12369 14531 15813 16005 17128 18088 18243 18333 25079 27273 27411 27502 31436 34569 39277 44249 54952 67703 70892 94508 114881
1616 2940 4572 5176 5802 9098 9189 10193 10198 12723 14703 16769 17723 18460 21612 22565 22963 23116 23902 26370 28339 29522 29770 30633 34201 41633 48462 71284 83582 104716
1598 2162 2525 3404 3572 3643 3971 4864 5858 6658 6922 8348 12278 13435 16522 17022 17942 18125 21298 22357 24599 28431 31014 38074 44197 47444 53872 59327 93296 142863
1158 1572 2499 2584 3927 3990 4374 6645 7008 8541 11951 12008 12381 15111 15727 16273 17456 17838 18894 19615 20154 21390 34373 37510 40035 43482 55420 62910 64537 70195
344 986 2048 3694 3934 5067 7359 7803 11413 12685 14659 14986 15027 15682 17419 18123 18432 20329 23029 25269 28368 29153 34054 34772 38136 38559 40365 57048 64401 105723
863 1064 2983 3368 3710 4025 7365 7527 11378 12231 12650 13198 14190 16486 17719 18376 21998 23026 23708 27757 36744 39719 40577 43100 46038 49184 50278 75441 90957 125590
463 852 1347 1587 2161 2352 2428 5060 6701 7226 8437 15638 18605 19209 22032 22643 23331 30574 34009 35784 38013 38741 45418 49983 55439 59643 74238 82102 83258 86854
171 572 2135 2174 4625 7822 9950 10930 11817 11880 12084 13765 14258 14489 14708 15048 15319 16776 19084 22194 23572 24274 28922 34190 38739 39896 60972 69126 73052 85103
1447 1489 1637 1966 2705 3094 4285 4522 6097 7690 10180 11274 11709 13587 14013 14632 14873 20989 23954 26121 26458 28931 29426 31649 37650 39656 44310 55854 96610 161329
2043 3618 3945 4322 5428 6534 6671 7802 8115 8762 9118 9698 10322 12377 13435 14009 14574 17208 19417 19693 22808 32808 34887 37232 45131 45422 47961 48245 56304 61881
4 3684 3920 4282 4554 4701 6392 6789 9304 9333 9596 19891 21277 22372 22593 23245 23921 24362 25406 26706 27199 28373 32577 35488 39308 45929 46639 48584 84581 85947
56 1119 2518 2593 4886 4897 6300 6451 6503 10169 11806 12286 15909 17065 18096 21303 21516 22262 22399 23733 25161 34379 35092 36204 36841 38770 58077 59442 73673 95524
312 463 2341 3621 4706 5253 5899 5943 6234 7060 8187 8861 11687 17821 18739 19774 23443 23572 23632 24711 25403 28537 30214 30226 31361 37061 48158 59909 68653 103346
416 1651 2024 2117 3326 3451 3729 3859 4995 5335 7059 7720 8747 10681 12022 13889 14245 18133 19167 22354 23812 24321 31027 37628 40182 44596 63504 73382 75953 119252
880 1725 1889 2009 4936 6720 9220 10615 10947 12718 12928 14120 14273 15325 16213 16395 17543 21401 21510 23592 23610 30097 32414 41124 45776 57550 69295 72025 78029 91180
558 2556 2782 6313 7593 7635 9237 9775 10276 11354 11383 12191 15044 15236 16532 21824 22124 23742 24306 26023 26723 29480 44319 44664 44881 49868 50456 52779 70310 100108
1199 1299 1787 4269 4330 4742 5099 6851 8016 8676 8726 9064 10113 12048 13320 17311 19407 25055 27739 29240 32148 35605 39856 41788 43207 46375 65010 97903 116472 125771
831 1574 1862 2440 3197 3767 3785 5752 5802 6653 9661 9961 12321 13966 14868 16313 18099 18698 22909 25792 26645 30584 32529 41393 43446 47505 52894 56399 57409 60382
220 1296 1452 2448 6176 6266 9215 9865 9869 10186 11158 12412 15904 17446 17867 21969 21998 23117 23983 24101 28564 31747 33093 34741 34773 41459 43232 51935 55012 69065
1742 1824 2139 2751 3711 4115 4352 5340 9216 10047 10963 13915 14064 17048 18723 24234 26915 27319 27890 31478 33665 35703 36511 37787 44939 45712 59462 61327 103381 108555
1524 2355 3342 3623 4848 6201 8247 9050 9422 10766 13188 13824 15687 15918 17705 18908 19325 19871 23309 24393 27402 29978 30833 31864 32609 33276 40162 41042 57438 68924
148 1389 2480 2504 4881 5356 7762 8709 11197 14016 16892 17512 18071 21493 23564 24765 24766 29500 32971 33500 34360 34767 36037 38950 44877 46737 53268 73025 85133 122199
2930 3134 4140 4540 5063 5576 7078 7441 7814 10277 11731 13547 15754 17101 17772 18165 19526 22121 22534 22981 25033 28884 29105 37607 42731 54438 64933 69344 87705 99504
947 1092 1434 4526 4932 10944 12247 12638 13732 14500 14592 14858 16927 17250 19026 20290 21526 22085 23633 29671 32478 33259 34957 35171 43025 43231 54758 72688 73266 100244
522 2102 2119 3793 3878 3891 7171 8413 8988 9856 11799 13483 13822 15021 18909 19053 21927 23276 23708 24379 25121 27272 28783 35287 50096 51469 54257 68261 71089 71538
319 349 1116 1502 3452 4331 5174 5280 7168 7847 10965 13483 15363 18159 21540 24545 24956 25015 26849 27831 30711 35499 36057 39810 46465 47119 50708 53346 56979 60926
1938 2877 3531 3540 3567 7212 8096 10730 11499 12048 12325 12443 13373 15617 15851 15921 16225 17366 18383 21813 31849 42957 44520 45699 54124 56428 61654 62220 77167 82347
2602 3897 3898 5096 5219 5298 6298 7946 8856 8931 9176 9276 9313 10107 10881 11372 13839 16394 18649 19660 19661 21252 22259 22960 25543 29913 43936 65176 101092 120661
1495 5055 5365 5974 7178 9512 9725 10070 10824 11100 11391 12716 14560 17618 17700 19106 20292 20697 22747 26824 27666 29152 29747 36492 40220 50490 61681 67717 73863 99730
