1000 15 27
5009 5930 6865 8053 9168 9275 10084 12356 13260 20144 20192 24658 25476 26724 27991 28040 28121 30493 31725 37283 42249 43743 45789 49633 60984 72359 84512
718 4431 6119 6323 8184 8833 8839 9172 10478 11534 13896 19116 19593 20330 22291 22372 27376 27945 28991 34838 38773 41518 42072 62906 64252 70780 95897
483 1625 2318 2793 2798 3422 4800 6540 7997 12240 12775 16060 21125 21358 22857 24689 27092 27620 32787 42832 42903 42985 48154 58233 83669 99646 111664
143 2604 5167 6426 9392 9487 12500 12606 13169 15808 17205 18011 18471 21150 21914 23157 25259 27522 28890 31933 33255 33440 42770 63109 76493 89734 169579
554 914 1265 1712 2180 3708 4168 6162 13137 14003 15958 17018 18348 22594 24978 27729 27811 31439 36296 42344 45154 48770 49891 55887 88521 93228 140673
984 2116 2852 3742 5028 5809 6106 7144 7425 10671 14047 14284 16599 20283 20740 29562 29832 30943 34360 34569 38597 44774 50933 65742 68654 82262 101834
682 1023 1067 1969 2185 3538 5639 6136 6638 11793 14069 21193 21196 21933 22950 28306 30542 38348 38521 47194 47851 48215 52597 53422 81805 92576 102919
54 2218 2594 3390 5654 6101 7983 11048 11148 16149 19224 19332 20407 24360 26439 26740 31315 31730 32268 32986 33346 34958 38169 39924 42423 80475 202474
313 511 1234 3338 4512 7229 9319 12536 12624 13156 13503 13650 16087 17856 20880 26861 29801 35025 39550 42463 45246 46397 47163 56724 62828 92143 102966
187 885 1340 5312 5923 12869 13565 13687 18159 19234 20177 21008 22166 23015 25963 26870 29891 38447 38566 44097 45112 48044 55834 58142 66934 74011 76518
502 796 2101 4558 5252 8197 9026 10372 12260 12861 15460 18339 19290 20785 21716 22792 22891 23845 26912 27428 37814 43873 47259 49730 69942 83016 126208
1925 2236 3122 4379 5324 5763 6379 10220 10306 10536 11987 12281 13695 16273 16490 18104 25127 27681 34480 38032 39328 50491 58305 70292 79256 102689 161739
1070 2433 2848 5159 5423 8712 12360 12504 14391 16242 21928 23241 26689 27143 28969 29639 31373 37942 40407 40914 43254 54171 56260 57734 64034 108810 116505
326 1126 5348 5373 9016 9101 12056 16542 17972 19757 23523 24608 26423 26509 35842 35853 38989 39819 46070 48300 51569 51926 55181 58065 59566 60880 68640
9 3451 5277 6593 7502 7753 9778 11682 13678 15023 16300 17863 19133 21027 24711 24964 27022 31025 31314 31365 36455 53515 55062 84788 96898 103356 148408
