1000 45 16
1361 2415 2809 4297 9363 16106 16430 20436 24347 29096 33784 34775 47898 50418 167010 400717
3092 7338 9868 12578 18588 24247 25149 41868 50089 55414 76082 76314 76380 105378 135027 155924
1155 1200 18816 19752 26846 27633 42146 44074 56405 56457 63818 72556 74723 111611 120718 143164
3166 6461 7644 16416 22929 29413 29703 32540 37163 40975 41470 44014 65749 79897 104115 347963
522 1743 2994 11723 13356 14040 20859 23518 33785 40871 45202 49917 92981 135346 156505 289366
3909 5957 14162 15925 17109 21795 23101 33263 39283 55247 57432 61043 91432 102588 155974 159372
557 1087 1699 6724 11969 14363 20598 35590 50364 75450 85003 93480 107546 121120 121671 165518
102 265 10240 10792 11236 11545 11854 30162 31834 37023 57790 66034 74986 158076 167217 248562
408 1276 4122 4675 6044 26474 39981 46182 64906 76120 77103 82085 91310 102916 132985 165327
1104 3930 15815 18460 24974 28326 31502 34033 49394 52753 61664 70362 101293 115334 120550 140299
760 2122 7024 10497 12880 15615 24209 28989 31338 68114 70058 74806 109166 127832 162065 189560
927 1251 4847 4872 5919 9255 10849 32474 32481 46071 53856 62622 68151 132185 227762 231267
1461 4342 14432 18628 21594 22323 28536 34059 36684 39502 45925 71688 102000 107152 112707 178120
5778 6243 6681 11394 22442 23999 25295 28226 39564 44186 49996 70925 81178 91615 107152 231577
1090 1671 4433 5306 12939 24889 35159 46813 63323 63752 64399 70135 74495 77768 124172 171193
3251 7500 7557 12298 14733 15064 19797 19979 33370 47678 60272 66933 83062 98590 144291 229994
3685 4082 7612 8522 9827 10019 10604 17109 18027 37835 39140 87002 96421 135303 168721 189722
100 14516 17392 22546 23219 24927 25765 33132 37740 38856 39796 58818 70061 124639 154330 244761
3760 5734 12861 12974 13064 14532 30919 40472 48083 49438 68340 73366 92829 95118 119387 174985
3675 7893 8184 9137 22692 29166 30421 55283 56171 57603 83953 110448 110728 112728 114158 131404
390 1409 2124 2963 6719 8922 11589 14636 22144 34772 43297 101468 102016 129654 153167 245849
1442 8540 9117 9513 21256 21788 24681 26693 28302 46716 81420 85296 86170 92114 126512 256848
1512 5134 5173 8807 15875 16795 17756 30963 40327 50287 66225 68055 80179 143548 145376 160113
14098 19030 19035 23605 24853 29754 33574 40997 50490 51513 66621 77651 89793 100369 105650 147339
4421 8444 13108 14025 15291 17842 18042 34528 35321 40388 66620 96992 100672 112967 120989 224932
3791 3795 9362 11791 33552 35024 40854 42951 45122 52750 59005 86302 90177 94233 135693 138069
4451 5869 12471 20182 22855 30962 31754 37443 37943 40366 44451 60191 81600 94380 158136 180246
837 1169 4160 9913 12946 17250 20220 23358 32615 33363 33720 39510 51424 67700 130935 361249
3875 5405 7146 14357 14872 37002 46313 48701 48830 49414 49887 53815 55292 109770 149473 208343
904 3581 8921 14120 15633 24507 32616 34674 37589 38476 65450 73066 94960 130820 155263 204990
49 8593 16923 17837 21009 26091 26294 29544 30488 56737 72091 79609 115620 123351 132748 175926
533 5659 13688 19077 19435 23730 24160 27435 38642 40539 45216 63312 86132 121423 184595 218072
6774 14427 18324 19589 20551 21645 23084 28688 30091 38399 74752 83493 83760 84066 131326 179514
2252 4061 7456 10479 14734 17686 20720 21744 29045 29314 35770 53264 62385 65930 95869 387428
5848 8556 17507 19483 24091 24203 26925 38737 42933 54268 71454 95575 97601 104398 112529 132916
9455 10292 10432 16807 17434 21029 27210 36893 41884 44272 49794 56122 68825 82361 183470 244145
1858 4195 7146 10806 23646 27386 51506 52443 56741 57850 79434 83703 84535 125822 135303 140173
807 6088 8584 16111 16243 18129 27535 30070 35202 50976 77070 78132 88441 120089 122480 143925
3553 13877 29120 29682 32868 33988 42452 42572 46554 49860 50140 62888 70414 71637 87961 275602
148 2109 4900 6245 8132 23151 23638 32900 42197 47901 52978 61121 104386 124751 124888 197078
17459 19982 26929 31155 34012 36725 41286 53035 57774 62306 66880 79057 92230 96412 108364 112543
337 9137 15679 15836 34722 40397 52135 58118 61742 78248 84154 91218 92762 95925 96709 100766
1981 4892 10042 15125 23291 30384 31070 31342 37863 46066 53957 55483 117468 118909 146737 211811
760 6889 8274 11442 15429 16412 20221 26512 27497 28142 36426 39387 41501 69418 184280 347632
20211 20228 22296 24406 36020 44921 46389 47868 54362 58805 61564 62674 72147 74915 91515 123915
