1000 36 47
307 1155 1794 1848 2446 3060 3066 3152 4494 4708 5088 5523 6358 6969 7105 7975 8182 8418 9500 9959 11297 13123 14108 14334 16494 17098 18036 18589 19371 21130 21435 21739 21868 22250 22647 26893 28207 29695 29717 32773 33005 36931 39103 48928 58543 67366 69559
155 327 616 1807 1955 2236 2623 2653 2699 3937 4782 4792 5776 5847 6761 6785 8373 8803 8820 10592 11089 13140 13966 14525 14655 14878 14970 17088 19861 19972 20343 20384 20515 20684 21359 23714 24190 25297 27118 27909 29651 31561 32144 39179 39306 78168 81599
183 437 690 712 848 1324 1710 2314 2357 3009 4269 4617 4698 4894 5730 7196 7632 8344 8456 8985 10534 11088 11335 11645 11717 12376 14788 15319 16830 16869 17584 17759 19667 22501 26148 26640 28008 29315 30584 34855 35387 36519 39423 48760 75066 83342 94065
535 852 2049 2124 2411 2768 4034 4071 4315 5177 5401 5821 5878 6167 6445 8312 8321 8496 9171 9291 9546 9656 10880 11248 13484 14501 14589 14946 15180 16298 17790 17958 20172 20240 20862 22237 22369 22983 23747 26232 28876 38662 40904 44487 45750 50595 106645
299 643 1241 2125 2712 2851 5633 5658 6192 9339 9520 10191 10484 10548 10604 10747 13821 14249 14363 14631 15246 15502 15534 15602 15971 16230 16317 18663 18695 20022 20943 22426 26153 27495 27654 27772 27933 28155 29397 31295 35897 36346 36831 44030 47434 49239 74804
294 317 610 959 1586 1686 1739 2154 2915 2952 3207 3572 3686 5166 5329 6387 6543 6616 7844 9201 10164 12306 12551 13857 14833 15693 16075 19769 20224 20808 22044 24295 24961 28051 28536 31210 32402 34830 35044 41690 47290 47339 48350 55992 59723 63651 70877
5 813 1291 1973 2639 2677 2887 3443 3833 4195 4513 4872 5156 5289 6282 6425 9498 10296 10727 10916 11290 11439 12309 13845 14761 16298 16894 18649 18963 19264 22173 23566 24655 24884 26203 29172 29476 29613 35263 36183 36851 36941 39085 39276 50854 56646 64269
204 508 863 1253 1290 1469 1571 1600 1792 1817 1838 2697 2859 3226 3912 4401 4505 5050 7125 8015 8372 8727 8951 9914 11406 11409 11695 12596 13502 14616 14735 15681 17113 19756 20865 24604 25568 27069 28949 29812 40761 44450 50230 50731 54337 54554 116635
1063 1251 3275 3540 3806 4649 5207 5234 6120 7220 7623 8452 8726 9334 9719 9894 10203 10639 11054 12876 13433 14322 15007 15041 15091 15131 15750 16642 16755 17274 17460 19948 21742 23794 28034 28777 29541 31722 34748 35569 35795 37041 37349 45338 46810 52591 103051
533 727 1062 1107 1230 1781 2873 2944 3657 4419 4471 4973 5218 7717 9073 9332 9352 10032 10366 10607 10619 11340 12756 15087 15330 15773 16086 19034 19197 19925 20661 21964 22711 24024 25137 26387 28294 28326 29555 33518 35186 37402 42432 42673 43978 45537 55365
387 644 1376 1432 1579 1591 1597 2732 2889 4038 4220 4415 4474 4526 5381 6092 6579 7213 7284 7308 7785 8564 8968 12647 12694 12877 13721 14507 15705 15773 20100 21941 22843 25006 25084 25492 25707 27372 32143 32421 46907 53002 54940 56435 58048 59897 71353
434 946 1485 1558 1925 1970 2595 2992 3592 3941 4082 4470 5066 7694 7826 8378 8413 8845 9308 10066 11059 11709 12367 15614 16485 16554 16734 16925 17111 20381 20942 21727 21988 22736 23004 23511 23669 25805 29204 31184 32683 34251 40184 46028 48613 50243 108358
417 1044 1114 1469 1936 2339 2382 3010 3022 3669 3700 3911 4014 4425 4906 5621 5645 6167 8263 9025 10231 12039 12099 12278 12733 12769 14033 15205 15280 15908 16713 16980 17533 18711 26201 29207 29697 29750 30741 32704 38493 41087 47328 54194 87708 89851 117730
283 289 1054 2090 2263 2722 3429 3912 4916 5520 5576 6934 8226 8380 10300 10351 10626 11381 13034 13055 13209 13831 14457 14580 14744 14882 15881 18110 19273 20299 21426 21542 22169 24153 24343 25815 27716 30383 31038 33800 39417 40877 43805 54211 54365 60545 76073
114 1031 1269 1815 1947 2037 3374 4067 4263 4744 5032 5130 5756 6076 6320 6627 8279 9301 10149 10938 11026 11166 11650 12392 12594 13253 14525 15727 15762 17776 18380 18463 18990 23017 23923 24512 26496 33622 34187 36574 36704 37773 43205 58786 62113 65995 83384
562 858 2025 3571 4128 4804 6677 7115 7288 7401 8758 10710 10891 11173 11323 11414 11937 12077 13139 13519 14836 15017 16380 17601 17948 18416 18421 19040 19244 19796 20507 20773 21284 21779 23796 24580 27388 29482 29935 33657 35061 35959 37716 40056 42153 57678 57777
682 876 2428 3256 3697 3863 4561 4820 5021 5535 5822 8125 8439 9460 10267 10276 10548 12202 12300 13147 13439 14418 14563 14605 14684 15362 16008 16145 16491 16500 16571 17067 17418 20289 22780 23303 23929 30663 30805 31461 33649 35172 35692 35750 42868 47429 52065
1217 1510 1543 2158 2189 2560 2610 2741 3109 3219 4103 5864 5999 8222 9114 9644 9645 9821 12302 12757 12939 12989 17056 17171 17309 17707 17733 20618 21349 22379 22572 23179 24674 25568 25633 26013 26911 27406 27469 28780 34125 35585 40264 41697 42396 56108 62477
184 432 911 2416 3302 3362 3374 3445 3896 3899 4498 4770 5740 5762 5862 6157 6204 7928 8122 8477 8853 9168 9981 11318 11826 13499 13588 14130 14875 15421 16163 17055 18203 18460 19041 21420 22021 22392 26852 32506 34223 34590 34814 39765 52411 53404 174583
18 219 338 367 528 1930 3493 4624 4779 5239 6515 7392 7708 7941 8201 9770 9996 11261 11291 12428 12507 13705 13932 14456 16123 16596 16973 17586 17706 18081 18249 18378 22155 24648 25911 29035 32395 33069 33714 34668 36893 41092 43326 47017 49171 55422 57617
44 358 747 790 1106 1798 2117 2168 2574 3139 3306 3381 3848 3937 6499 7260 7638 8455 8890 9104 9989 10668 10948 11488 12567 12725 13395 14008 14620 15568 16486 17161 19612 21496 24102 26202 28060 34385 35129 35626 37184 41721 48214 49298 69749 71333 85244
387 571 2102 2913 4560 5233 5804 5889 6332 6649 7778 7782 9644 10649 11686 11770 11798 12298 12495 13246 13379 13634 13849 15417 15628 15988 16845 16886 17633 17766 20111 20590 20659 21559 21815 23002 26426 27180 29135 30182 30388 37498 38434 46053 54105 67374 84871
256 310 1044 1402 1411 1497 2149 2978 3084 3193 4506 4768 4914 4990 5040 6143 7295 7663 7684 7739 8747 11530 11902 11963 13258 15205 15361 15916 16014 17628 18569 19369 19935 24850 28035 29382 30444 31107 31336 31732 32413 34197 34425 44067 53585 64005 69074
568 862 1607 2914 3390 4056 4069 4238 4443 4608 4663 5546 6004 6188 6197 7615 8183 8275 9019 12757 13094 14556 14591 15295 16534 17075 17367 17996 19764 19816 20061 23819 24938 25761 26053 26121 31843 33572 34636 35392 35493 45030 47220 51200 51928 55219 57222
399 857 1225 1228 1498 2308 2548 2610 2794 3137 4050 4599 5057 5693 6133 6418 6646 8418 9286 10543 11316 11427 11477 11559 11834 13164 13296 14626 15054 18299 20047 20090 24609 26541 26733 30992 33465 33961 34438 37484 38485 40339 41668 43798 51490 53041 56131
1115 1392 1737 1867 2347 2602 2827 3862 4472 4517 5439 6230 6526 6529 6816 7005 8135 8371 10175 10467 10757 10909 10909 12172 13716 14607 16433 17120 17364 19609 20094 20684 20924 21259 22560 22866 25331 26237 28123 34609 35083 36131 36860 42624 70132 101476 120762
155 588 1092 2074 2259 2544 2571 2682 3029 3251 4361 4617 4618 5188 5567 6360 6533 7190 7567 8863 10444 10927 12907 14072 17078 19097 19605 19903 20286 20433 20793 20813 21266 22750 23278 24786 25859 26687 26995 27149 31138 34205 34865 47192 51342 60304 91905
428 622 858 1106 1217 1922 2245 2513 2515 2662 2825 3736 4023 4087 4641 4783 5755 6093 9732 9756 9896 11032 11126 11235 14166 14991 15881 15975 17380 18900 21538 24092 25502 25734 26434 26886 28170 28221 31808 33648 34376 36042 44352 46697 52719 61872 83841
204 1068 1506 1886 2684 4643 4721 5305 6121 6521 6949 7547 8119 8467 8856 8895 9075 9284 10241 11317 11764 12415 12619 13057 13605 14050 14432 15804 16079 16153 17365 17806 18763 20118 20521 24308 25914 27481 29680 32903 33012 33639 34355 44595 48021 54401 77536
488 772 1073 1138 1569 1677 2222 2399 2513 3424 3812 4169 6167 7346 9517 9870 9984 10317 10965 11005 11174 11577 12134 12525 15700 16123 16281 16467 17272 18717 20090 20278 21891 23073 24384 24995 25139 26957 29267 33066 34086 37499 39336 40914 45719 57221 58739
40 356 625 842 852 1082 2678 3685 3716 3894 5039 5045 5571 5919 6183 6511 7666 8060 8182 9639 9903 10438 11828 11874 13971 14040 14566 18755 22006 24610 25629 26560 26563 27016 28180 30173 30888 30991 32099 33789 34060 35266 44391 46575 50094 69130 83433
1709 1724 1781 2599 3415 3564 3668 3751 3764 3981 4294 4881 5223 5441 6142 6207 6757 7292 7398 7427 7947 8137 9825 10135 13721 14329 15055 15438 15607 16278 18488 20424 20877 21269 28528 28832 28870 29294 33101 33552 38566 39017 47196 60411 72578 75631 116700
485 1050 2382 2449 3306 3829 4323 4420 4493 6125 7162 7506 7974 8413 8574 9357 9492 9496 9702 9771 11501 11984 12520 13354 13543 13911 16688 17886 17897 19088 21479 21532 22396 22911 23425 23738 25103 25600 26569 31703 36647 39691 45959 49269 68218 70911 72842
81 374 726 974 1278 1743 1920 2604 2857 2998 4549 4880 5058 5389 6049 6254 7659 7890 8410 8442 9022 9235 9696 10636 10642 13029 13747 14698 16412 16906 18773 19442 19578 22569 23124 23452 25694 28712 34329 34338 35152 40794 40921 42067 53947 67115 98440
175 317 826 1659 1850 3615 3950 4335 4564 4579 4772 5296 5407 7083 7347 7458 7674 8158 9084 9521 9624 9708 11369 12353 12648 14150 15080 15411 18408 19375 22375 26157 26228 26533 26931 27175 30948 31346 32439 34841 35959 40086 42513 44733 49154 54230 64929
314 425 1449 2962 3778 4459 5048 5137 5506 5876 5892 5997 6091 6541 7278 7757 8374 12243 12992 13110 13399 14246 14272 14476 15145 15569 15639 16315 16385 16797 16860 16913 17276 17350 18317 19980 20317 20481 23470 24066 30099 30451 43091 43755 48021 58608 117713
