1000 9 34
1008 2358 3095 3497 3887 3936 4072 5307 5634 5918 7617 8696 9091 10113 10521 10963 12684 12884 13379 18944 19264 22855 24556 27980 28339 30690 34988 35652 40770 47847 50208 65041 70311 106307
408 502 909 4107 4311 4501 7258 8539 8896 9851 9876 10224 11979 12837 12988 14325 14809 15037 17284 24578 25740 26176 26854 29916 33758 35655 35840 38714 55521 55537 69368 70430 71735 77733
2379 3800 4370 4393 4533 4735 5193 5740 6258 7698 7983 9106 11392 13602 13857 14124 14136 14225 18692 19928 20561 22009 27006 29771 31655 36475 37426 39846 40708 41651 49220 51147 120650 156139
287 706 2302 2461 2658 3147 5479 5507 5528 5920 6500 7131 7921 9904 10455 11828 12885 13654 15076 16266 17738 19066 20151 23083 24299 24452 33802 35937 36287 51846 58732 80091 115669 136305
252 583 2088 2523 2605 2957 3745 3780 4120 4449 4947 5832 6511 6628 8601 10752 11578 16267 18373 18879 19406 24288 26050 29354 29407 33892 34163 38245 49047 51597 53592 61310 68641 101491
643 1775 3912 5072 6980 8158 8302 10526 11432 11527 11906 12996 17360 18070 18861 19573 19661 20324 20331 20344 20730 23028 23679 24183 25176 29259 31880 39361 41778 59646 67398 69744 83597 103871
212 896 1167 1308 1565 2722 2735 6373 7743 8438 8591 8709 9023 9822 9867 10655 14800 20919 23511 25052 26656 27564 29805 29927 30718 31744 31755 38026 49321 49639 53477 63495 75521 84128
516 900 986 1339 3481 4700 5803 6566 7158 7693 7982 8057 9891 10771 11321 16168 16543 18887 19074 19237 20058 21914 23216 24629 25670 35492 37039 37639 44248 45271 52951 54986 57205 132419
145 498 2910 3801 4024 4037 4599 4983 5690 7136 8584 8978 11037 11616 12363 15609 16449 16802 17081 18597 19111 22114 22836 24559 27616 28206 35530 37578 41848 43026 50328 73113 110748 141490
