1000 38 28
3074 4050 6631 7058 7302 9062 9820 10429 12059 13449 14875 15388 17877 19407 21496 27246 30075 31993 32934 39861 46589 48679 56963 60438 71727 86231 110584 122186
1639 2631 3547 4139 4552 5352 5557 8854 9502 11312 11573 12160 14713 14864 15017 21091 28210 31267 32263 32902 38767 45015 45794 47843 63279 108203 126760 132561
707 1747 4274 4721 6474 6623 6983 7645 9248 11173 13795 15730 16152 20697 23923 25985 26781 27578 28542 29745 37239 49342 49634 64092 68071 94670 107811 133289
1365 2017 2584 3628 6337 7640 10188 10641 11319 12698 12764 16973 21022 21300 21384 27688 28237 34267 35322 42889 43078 48164 52961 56450 58327 61904 83911 121776
1544 2444 2678 2999 5597 6406 8189 9360 10743 11487 12726 12853 16601 16732 19914 21848 23291 33405 37960 43465 43638 60937 62748 65393 74019 78209 86894 109891
121 642 1238 4047 4193 4515 5980 6253 9317 9999 11902 12485 13175 16561 19798 20769 23599 23988 24398 25709 31062 44440 50544 59031 73732 86695 127115 218596
2751 3608 4278 4528 6484 6540 7321 11101 12583 12823 16177 20025 20453 23752 26879 28540 29138 38664 43405 45096 46461 46933 49598 61462 65080 75407 77163 101161
180 1913 2028 3812 4614 5396 6843 11476 13539 14613 17852 19559 19928 22142 23100 24710 30360 36032 46010 47375 50429 53874 57643 58972 76014 80260 91617 92544
523 1409 1744 2300 3464 4218 4759 9249 10569 10758 15406 17477 17978 25790 26915 28137 35280 39006 41732 42096 48065 48333 60443 64855 77808 78680 100059 117644
2807 2978 3023 3321 6991 7690 9086 10775 12645 13055 13733 14506 16507 18546 21715 28517 30736 32072 34519 37519 39176 41547 46961 72691 84398 101876 101991 103848
589 4095 5812 6873 8394 8883 10863 11896 14115 14230 14353 15401 19117 21766 28747 32403 34275 35321 37808 38418 48823 50421 56695 59089 60831 63934 77385 84903
2411 3214 4283 5169 6944 7110 9530 9744 9793 15518 19683 25804 25981 30775 30919 34251 34985 36077 36563 38449 51249 54562 59642 63152 66964 69676 78181 85451
4165 8570 9588 10153 11411 11446 12703 12922 15068 15297 17039 17681 18271 23250 23315 24849 26194 26323 29170 40076 47675 55647 58766 59177 68362 71663 79391 130578
1462 2089 3351 4045 4235 6287 6984 9680 12551 13109 15092 15307 16443 17410 20910 21100 23276 24178 30943 49547 58735 59986 60419 61856 65221 81244 82743 160895
2002 3936 3995 5086 5778 6011 6762 8599 9070 9107 14810 14874 18473 21323 27777 30053 30377 34007 34803 44337 53048 53319 54180 54428 59685 62711 88785 163675
620 1273 1366 2734 3508 7986 13052 13416 13467 13891 14562 16627 19475 19793 21849 22695 23354 25704 26131 32900 35974 38921 43291 52425 52903 107957 123431 144309
563 5708 7376 8023 9219 11371 11694 13957 14958 16764 17975 22833 23389 27463 28894 30226 33651 34131 34587 34848 36417 38222 48975 51478 53261 68164 79675 114813
183 232 549 2531 3108 4723 5048 7205 7429 9677 12559 18836 21237 27569 35043 38844 39153 42167 46700 48459 48635 49109 55737 65323 69126 69982 86863 88270
2465 2898 4382 5033 5130 5824 7409 7730 7747 12197 16989 17252 18561 24378 25235 27278 28268 31954 37930 39815 41868 42053 53383 56058 59408 83974 107488 110984
521 2689 4480 5196 5408 5849 6936 7768 9584 10578 11561 17422 25595 29034 29547 33540 34531 34723 38408 42035 42178 44429 45657 48501 57904 71750 86189 137065
1185 1833 2070 4062 4986 7129 7262 7351 7439 10748 16585 17603 18777 19716 19852 21357 26777 35432 35997 41425 42015 44742 56836 63972 72925 78131 86490 136654
399 818 1327 1918 3641 4003 4024 4270 4395 6239 6318 8670 8671 9594 10433 14091 14251 17670 18940 19064 22184 55982 58222 64835 72361 90094 170541 251070
583 1122 2621 3728 3895 9623 13715 13843 14190 17630 19334 22430 22531 24610 25692 25771 38546 40310 42459 45674 51348 51395 51767 52640 65609 77960 78317 79078
84 1899 3458 4478 5879 7461 11286 11830 12662 13091 13201 14267 14270 15126 16337 17455 22913 23475 43296 44972 46034 51852 54395 54777 64100 68432 80088 164775
1855 3011 3630 4700 6108 6393 6496 6645 7508 9945 10477 10599 12371 13149 15816 22639 29843 32099 35425 42755 45577 55166 57761 63181 70584 91314 98521 116500
132 4664 6988 8024 8455 8987 9624 10698 12664 15969 16884 18967 22047 23542 24438 26064 27641 29137 30832 41520 44385 45817 49374 67780 74717 80357 97637 107186
798 1149 3108 3247 5048 5318 6109 7992 10536 12789 13128 17171 25421 25529 26116 27841 31350 36075 38793 41599 50634 53088 58682 59820 62500 66096 74087 149511
470 590 1477 2037 4001 5181 9760 11586 16308 20281 23850 23969 24171 24208 24249 25754 26680 27569 28154 28421 34682 52878 56132 61969 63545 81358 88632 124978
2417 3275 5345 6401 7130 7744 7937 7966 8867 10298 12494 12720 13220 14134 16457 21524 28577 28768 32883 37017 37406 41059 44691 52958 68159 96012 97315 121854
1730 2241 2663 3095 4162 5169 6901 7238 11081 12272 12474 15364 15544 15787 17346 23939 24058 26850 39316 43626 48627 48640 49279 74543 81586 81746 96134 122620
851 862 1434 3824 4776 6318 10379 15180 16578 16868 17108 17381 17875 19267 20388 21246 24815 26572 29107 34589 43284 46901 60339 62112 62539 82564 95966 102819
3730 4520 6525 8655 10119 12368 12414 13393 16066 16951 24584 26433 28852 30961 31975 33848 34962 35937 36441 37797 39007 40808 41235 48150 48241 51148 54085 143348
284 807 945 1438 1691 2429 3535 5469 6749 7487 8354 9964 10467 13149 15503 16666 18303 28936 39389 45385 46869 60536 62992 69343 70134 86109 102201 128790
133 3109 4675 6655 7602 12031 12061 13568 15420 16234 19948 21833 22933 26306 26717 27996 32010 35719 36143 38881 39765 49131 55620 67602 72718 75429 77296 107208
236 3233 4502 4560 6779 6855 7077 9237 13475 14452 17434 17478 17603 17853 24092 25297 25369 30363 35318 36647 38077 42327 56796 66668 67210 77134 78927 161942
1861 3575 9998 10691 10867 11068 14051 14195 14449 15061 16404 16542 19306 22532 24606 25248 25736 29710 30527 32245 32484 33073 44043 64624 81043 84447 85170 118408
793 3832 3848 5977 8279 10192 11275 15255 15890 17648 20364 20921 21058 23275 24453 37424 37445 39040 39476 41197 44472 47913 51973 55611 59133 61311 66350 85365
371 463 3081 3174 5209 5795 6873 7694 7824 8693 11476 12759 14800 20008 25015 41289 41462 45107 47601 49495 49502 52772 55992 71954 72548 80243 94322 108484
