1000 14 20
7690 11652 14678 16553 21561 22679 24175 25906 33717 34178 36858 42488 50461 54761 55011 89302 90934 114263 114489 131110
1136 2517 6055 11701 13169 15528 16154 19241 19729 22146 23542 35071 38219 38684 45619 45852 135555 156613 160119 185193
10965 11641 19565 21343 22604 24059 25339 32580 34262 38361 42898 46267 46874 47052 59631 70280 79093 82895 122850 146937
537 3634 7274 8127 8478 9992 11651 11959 21407 26203 38707 60595 65511 66001 66143 90716 98080 104878 105115 179286
543 3853 8121 11459 15619 15983 16586 29803 31385 31973 36432 48078 51704 55731 58600 62640 70254 111911 136051 192439
974 5166 5348 6265 16196 19724 31071 31382 32193 34111 42745 51923 53719 57514 58177 77265 85824 105038 131117 136099
3158 6131 6807 12750 19234 21633 23186 27988 33560 34990 46911 52622 54741 61886 63517 63594 83947 107732 115997 144469
1005 2851 4693 7092 9094 13276 15003 20901 29010 33300 33403 36991 42890 67222 72033 81082 110705 115825 141865 153725
1118 3855 4412 6021 6755 11699 14114 16577 17345 30227 32334 42014 42650 47664 84274 96618 105437 105685 152136 161150
3239 3900 10032 11280 12515 19353 20380 22495 22868 24453 31433 46564 56710 67539 87539 89848 92549 115956 116999 126302
977 2580 6948 9718 10214 10395 10821 12513 23777 25974 32054 35181 43635 64334 80158 94195 95916 105905 132184 193074
1870 3386 3473 10534 11996 17496 26492 27095 27551 27946 29703 47623 50366 62376 63815 78729 81351 90759 92622 228281
1015 3014 5913 6728 6969 11106 11625 21722 27569 38238 40113 47931 48478 56997 62442 62889 76592 81003 146820 228444
431 3625 9546 14730 14863 17755 23335 26420 28307 34163 43042 44313 48299 63187 67957 76004 107990 118661 121266 125525
