1000 25 27
129 1115 2645 2957 5510 5788 8154 17142 20463 20793 22885 25366 25828 30895 32458 36663 37353 38045 39592 40541 41023 45564 65515 76128 98182 105223 130064
485 2163 2643 4730 5092 6951 7836 8319 14887 18745 25119 31193 31595 32595 34946 37455 40591 41916 43814 50529 56097 58973 68989 73336 82398 91962 104134
362 2319 6607 10787 12076 12421 13964 15107 15773 17212 21532 22083 27816 28263 30478 34199 34923 42724 47734 48512 48750 51865 61486 82141 87470 88115 105378
314 3137 4182 4518 7390 8567 9773 9898 12159 14603 17920 23064 23484 25623 28157 28990 35703 35805 36955 38373 38815 46205 50630 62826 82997 139092 168772
2398 2408 2872 10642 10798 13501 14623 15901 16155 19265 24223 30383 33499 35432 36774 37474 39226 41553 43447 44444 45043 51597 54238 61659 70192 92809 116560
194 1536 5728 5929 6903 7144 7459 8085 8312 9323 15615 16189 19768 19940 25173 37710 37867 39215 39297 39603 40889 42111 50319 76721 104305 117829 183163
583 625 1241 1950 3578 4932 6147 7604 15955 18784 19033 23607 23884 23949 26872 34013 34331 36660 43238 48423 50649 55503 67750 91217 95313 103667 116238
541 3425 4798 5526 5902 6573 12263 12964 13121 14837 17887 20168 23621 24545 26715 29497 29518 45134 51234 54862 58654 59977 67345 74841 78166 88693 123690
6720 7603 7913 10269 12839 15444 15650 16298 17285 19486 20005 21874 24481 26509 29168 31150 33394 36923 37044 45304 49882 61560 74050 77242 84824 88098 108085
1173 2963 5790 7363 8105 9704 10736 10928 11614 12997 16295 17363 19699 20070 23858 27008 29859 35904 46375 47831 59692 61989 66586 67079 81548 94633 170429
9568 10244 11982 12964 13349 14273 15840 17581 18822 21799 22677 23426 24885 26394 28723 31984 32968 36758 37259 40112 45393 51640 56838 68376 80045 94031 130866
272 900 1687 1774 2397 2612 3199 6847 11541 12092 12805 16419 18749 20993 22552 33582 35023 37369 46924 47901 52036 52468 63817 77837 101726 132877 134806
637 1324 2075 2138 4733 7439 9253 10923 11026 14241 15323 21443 26566 28549 29315 30443 33387 41223 47818 49870 54040 54074 54729 69951 72089 88515 185164
1962 2572 4415 6983 7164 7949 8535 9089 12847 18486 20172 21364 21862 22428 23169 35298 37502 38402 38901 43104 45611 50305 57649 61739 62916 86084 203863
570 1534 2544 3851 6011 9882 13785 14409 17224 17385 18822 19719 21205 24349 25168 30075 31208 31694 47760 47892 51665 55785 57023 77229 110167 117847 120073
613 1114 2865 5638 6842 7973 8025 10021 10155 10577 10916 10972 11803 15595 19193 19343 28672 31899 37948 47037 64637 74940 77481 78932 89995 148071 150201
3200 5314 6627 9240 9319 10338 11156 15317 15565 16089 17334 17644 20677 23209 24083 29822 30000 49682 50784 53396 61173 62214 64068 67610 70032 91854 116133
887 890 4524 6485 7155 8223 10473 11364 12577 17455 19072 24362 25103 29100 30782 33191 35146 39716 41528 41700 42595 54457 63202 63816 80150 83497 171321
700 7301 10130 13363 14212 14985 17579 17797 18866 19520 20051 22991 25381 27377 28056 33912 34002 34560 40075 40449 42369 58773 70378 75811 80252 90526 109470
361 6294 6507 7801 9694 11895 12877 14256 14623 16023 17941 18197 18800 23017 33228 33373 39702 42303 43462 46462 52371 59855 66657 67709 71866 92375 129587
2490 5735 7428 11762 12710 15549 17955 18155 18422 22962 24902 24977 25638 27602 28273 30016 33315 33317 38345 42884 43726 47398 62150 73923 75721 103146 109326
882 903 2667 2692 3588 4179 6600 10015 11789 20642 23459 23799 25043 25383 25690 27381 27905 28331 31358 31978 64459 66417 76872 93847 107109 115403 118341
1693 1983 4834 4866 5386 9119 9367 9603 10748 13246 14565 15769 22617 22859 25765 26504 34036 45813 51049 51092 51586 51844 63374 86320 88264 94253 149845
87 369 418 3377 3952 6215 6387 8523 10252 16207 19118 24243 26111 35741 35938 39729 44840 46404 49983 52512 52741 53717 70289 74917 91098 91395 100846
1173 1331 3487 3949 6099 8932 10647 10847 11310 13299 15590 18017 22758 26793 29647 31406 35614 36746 39150 46588 54584 68503 71988 75612 97399 97996 140407
