1000 25 19
2717 4745 5976 10359 17003 19087 25029 30162 38625 40260 49231 50664 51484 68421 74866 75553 101716 108834 125432
2482 3669 5566 9151 10107 15402 15504 16444 17093 29638 44414 48984 51672 66596 80421 99251 112780 124726 168671
512 611 4184 5671 13604 15472 25860 27497 33239 33787 44364 48200 67833 77516 82174 92392 98416 117842 144418
1833 4130 6396 6979 15751 16461 20955 23330 31416 35231 42539 47279 47340 53316 63325 72865 112755 124875 171682
4387 7090 7503 11101 19335 21333 25552 26370 33402 35904 37249 47194 51327 63115 72507 84236 88579 90351 154909
565 1366 3102 5444 6551 7448 7706 12488 13662 18571 30779 32895 35665 41686 58393 63186 129759 213069 242503
3517 5519 5648 7865 8605 14267 17292 19236 20626 30448 32591 35836 37762 49297 80506 99570 112439 144999 196357
2102 2303 2479 3744 4502 5935 7222 13117 15999 22770 25748 27707 58087 77413 88515 107491 126758 128512 186561
997 1274 4446 7019 10799 13368 22545 23946 24678 27754 51630 54473 59924 68506 73659 102629 104321 125336 140115
2120 4767 13882 15605 16566 28448 29255 29953 38414 41194 51668 55332 66160 66384 71268 73526 83990 92918 117191
366 7488 10464 14783 23571 24645 24925 25661 29224 36222 40886 45127 48218 59606 61834 62192 96207 124499 130114
343 1229 2141 3610 6542 8208 11447 15778 20506 25921 34462 37194 39395 40512 53759 68092 68560 172577 230871
35 2358 2897 6930 13851 15143 17218 24711 24770 30370 30435 31630 32864 39441 80965 121207 124062 143100 181504
503 864 5405 10914 16893 29317 29606 31185 36544 48130 48299 54813 58368 63410 70343 71781 94240 95866 157053
8830 11577 11636 18683 24622 26556 28111 30030 30177 36975 44938 59784 60018 68293 69606 72544 81986 97383 117110
2433 6937 11341 17869 22164 25396 25647 26671 37693 39352 40358 43929 51410 58122 58297 78489 105995 107781 113430
2243 4772 5178 10485 20641 24854 27241 27743 29802 32517 36433 47155 50452 56601 63103 64101 70164 121582 227147
3893 7756 7849 8804 8989 16267 29065 32239 33109 33599 38010 42189 49042 50648 54516 64171 85228 116831 205932
676 864 876 1459 5499 6253 14189 23311 25262 27635 35329 48579 53485 57055 64693 65928 105437 123294 195687
143 8819 9860 10852 10970 15752 29377 36676 41568 46971 48303 50031 65824 66418 72963 80982 85733 92157 106731
2613 4502 4972 12863 16148 17868 19875 27472 31870 49138 54801 58684 62600 66063 68960 72871 87729 104508 115765
881 1849 2663 12984 14078 17455 22698 25744 28700 33529 45271 45819 49719 53891 62440 80000 83328 129425 133632
2 2647 7030 15164 17870 21842 29423 31350 31825 40960 43170 43201 44013 47324 55258 89977 117271 119876 121014
516 8543 12129 13097 13387 14541 15259 21973 26592 28964 31550 32897 39819 42710 48700 77461 116781 124460 255613
2968 4744 7024 9947 17647 21991 24182 27735 29021 29695 35466 35620 48762 62767 64687 68310 93441 111397 124567
