1000 9 22
307 740 961 8279 10547 14725 16135 16610 18255 23663 25931 27233 27935 29436 33362 51957 52453 67952 96810 115775 152973 154769
126 6482 9244 9439 10397 10564 11427 17634 28412 29721 32026 39497 48358 54527 58070 62201 66920 72119 77206 88210 114659 125266
2135 3833 6650 8738 10873 19903 23364 26942 29373 29728 31923 42843 52260 53037 55143 57910 57946 64987 76413 87242 95784 128933
6740 7438 8048 9316 16785 20686 21373 23486 23498 23757 28831 34335 39766 46176 46277 46812 50512 65287 79710 92774 131376 140362
206 4250 5163 5352 7289 9518 12267 14620 15592 17702 21724 25362 28842 37409 39963 45977 50128 75508 76174 108820 135380 230303
1087 2000 6186 7157 7885 7913 8386 9272 13409 26198 26486 27433 32702 46978 50718 80083 80815 93571 100902 108479 111503 128569
1292 4787 5100 6758 11767 14540 16528 16604 21690 25608 30274 35353 39400 40085 45872 50487 70905 78746 93784 98845 118598 137100
643 6369 8277 11266 13257 13405 14502 14865 14878 19792 23793 29242 30304 32808 37774 41620 69920 74338 100672 113072 127509 163782
5632 8273 9276 12130 12870 14096 15501 18066 24390 29739 29814 37489 40392 41761 46254 49931 51353 66791 90615 91698 93018 174305
