1000 22 48
38 802 1058 1124 1167 2072 2237 2642 3782 4113 4703 4791 5618 6736 7050 7492 7498 8920 9038 9158 10744 12954 13395 14026 14768 14928 16101 20990 21768 22525 24134 24169 26924 28006 28198 28816 30583 31888 36522 38255 38733 40051 40847 44167 52250 55779 64619 103664
1596 2762 3461 3828 4079 4603 5260 5664 6031 6116 7480 7592 7774 8471 9595 10580 10622 10725 11940 13738 14598 14912 16506 17864 18139 19117 21281 21407 22003 23531 24273 24965 25865 27281 27331 28461 31575 32620 32772 34260 35412 37008 38732 46136 49435 51060 54611 56498
1055 1752 3139 3202 3251 3271 3452 3771 3818 5800 6790 6914 7799 8102 8199 9226 9561 10606 10840 11461 12138 12454 13852 15652 16520 16984 19024 19099 19521 19618 21291 22540 23913 25310 26710 27799 30145 30921 33489 34646 35587 38560 39531 47368 53982 61539 69283 80894
103 1131 2311 2912 3764 3775 4512 4830 5975 6275 6598 6662 6927 7994 8051 8253 9722 10985 11719 12098 12199 12588 14324 14726 15707 15768 17171 18918 20373 20563 22894 23760 24033 24503 26486 28946 29261 33686 36072 37010 37715 40077 40617 41954 47506 48214 70870 94189
634 730 969 2539 2653 3087 4734 5765 7279 7453 8062 8879 9185 10256 10857 10890 10921 11771 12867 12910 13433 13645 14250 14315 15246 15580 15778 16088 16160 17394 20840 22348 22429 23050 23607 24265 25279 26174 27154 27273 29653 30417 34396 39660 52245 54978 75153 141468
27 301 471 1086 1760 2317 2501 3703 3727 3892 4017 4687 5277 6267 7559 7754 7991 8970 9063 9280 9974 10289 10811 12135 16546 17764 19364 19710 20245 22759 22792 23029 23058 24430 24837 25285 29805 32255 32460 38125 38753 41164 44167 44625 47674 80601 83145 84371
1076 1942 2167 2533 2607 2741 3252 3283 3339 4359 4686 5547 5671 7165 7305 7449 7937 8796 9516 9523 10850 12423 13451 13938 13955 15009 15797 16259 16749 17935 19025 21670 24166 24369 24617 27480 31180 34894 35103 35515 35659 44667 44813 45730 46405 51089 84231 111478
92 528 1386 1737 1991 2393 2415 2535 2551 2768 3319 4320 4628 4645 5365 5658 7414 7799 7896 8798 8843 11131 11593 14375 15301 16775 16919 18831 19676 19754 21469 24743 24845 25993 27366 27853 28222 29090 32544 32573 32662 41155 42287 55184 68733 74317 83277 85837
143 397 772 1681 1985 2483 2648 2762 3370 3544 4231 5047 5123 5698 6223 7226 7686 7915 8321 8504 9115 9872 11235 13335 13337 15493 18701 18830 19014 19774 21945 21981 22274 25146 25402 25657 30033 30161 31561 33821 35151 37921 41662 43464 46927 87968 94447 103689
298 515 984 1260 1357 1977 2651 2873 2879 3595 4626 4822 5319 5380 5667 6053 6383 9370 12120 12373 13313 13332 13593 13802 14116 16032 16284 16519 17668 17981 18288 19999 20223 21393 25907 25924 27348 31810 33750 35480 40383 46323 47672 52756 54711 73091 85495 87648
248 287 345 954 1011 1048 1275 1386 2317 2708 3426 4429 5034 5138 6390 6423 9675 9729 11082 11236 11416 13388 13691 14348 15506 17650 18536 20223 20243 20816 22049 22624 23392 23721 25892 26005 27742 29805 31209 34824 34906 44976 46660 49364 52781 61985 82295 101289
227 423 430 628 851 974 1627 1727 2505 3255 3655 4174 4208 4766 4934 9667 9672 10808 12263 12297 13173 14052 14706 16515 17974 18207 18358 19675 19911 24119 24181 25106 27008 27754 28484 28677 29001 30692 33052 33705 36015 36019 38334 42575 42678 62449 68247 106311
303 338 1105 1927 2235 3215 3913 3975 4702 5516 5795 5958 6950 7476 7591 8434 8786 8963 9236 9294 9500 10069 10367 10956 11311 11458 11884 12720 13774 14738 17972 18422 19088 23707 25006 25511 27148 32482 32670 33830 39074 40657 41839 46210 59370 66276 104085 117564
883 1094 1211 1620 1652 1798 2032 2259 2848 3050 4636 4856 5682 6195 6635 6917 7955 8452 9125 10089 11667 12093 12858 13612 14076 14852 15493 17037 18074 19375 21621 22868 23738 24355 24780 29373 31105 31683 35393 37107 40753 42973 43399 47987 50793 59999 66273 115420
96 198 1541 2485 2579 2876 3636 5640 5692 5910 7101 7284 8060 8076 8079 8837 10596 10609 10969 11813 12403 14156 15855 18381 19676 19805 21003 21685 22089 22313 22702 23220 24135 24996 27990 28427 30423 30829 34408 37456 38085 40003 40294 40529 51733 58755 63157 67716
231 1379 1586 1729 1919 2018 2517 2962 3523 3873 4476 5741 5852 6105 6136 8705 10608 11386 12321 12930 13100 13161 13472 13794 14526 17968 18467 19749 20443 22056 23782 26187 26779 26781 31265 32059 33030 33181 35489 35586 35940 39527 41823 51315 55294 56727 63455 65124
879 986 1337 1623 1841 1964 2133 4021 4030 4783 4882 5884 6383 8493 9010 9437 9677 11226 12497 12684 14305 14831 15024 15348 16474 16729 17791 18914 19232 20979 21238 22456 23014 23647 25481 26244 27741 30979 31096 33883 35558 37292 37897 39159 43684 65439 74135 108440
148 584 931 1242 2378 2742 2819 2969 2976 3126 3288 3527 3719 4487 4787 5528 5935 6680 6899 9890 10243 10827 11215 12707 13269 13803 13940 14254 16808 16965 21995 24891 25032 25997 28567 31956 41670 42791 44075 46500 47387 48944 50094 50670 52707 63085 67028 70113
485 638 795 1308 1320 1535 1668 2651 2922 2975 4609 4722 5009 6740 6814 7097 8751 10142 12435 12437 12561 13350 14776 14879 15156 15569 16267 16506 18182 18246 20109 20566 21449 22557 23010 25159 28216 33229 37682 38764 44796 46662 48879 54155 56649 62142 75018 81036
903 1784 2341 2476 3309 3368 3495 3749 4125 4261 4385 4439 6065 6217 6911 7106 7700 9127 9436 10049 10200 10935 11233 11340 12650 13220 14238 14787 14954 16176 17381 18316 18995 19112 20089 22952 24765 31047 35732 38315 46645 49268 49731 62904 65575 65595 80232 93511
393 423 601 1128 1530 1735 1883 1951 2187 2628 2638 3075 3388 4038 5267 6524 6734 7333 10365 11197 11760 11908 12088 12155 12455 13762 14065 16509 17276 18635 19167 21536 22315 22986 23314 24418 26895 27107 31735 36133 37127 38065 53961 60429 67081 74128 80477 109281
395 466 1333 1390 1407 1666 2053 2788 3482 3914 4407 4752 5592 6071 6675 7245 7793 8656 10171 10240 10704 12190 13298 13804 15302 16001 16412 18920 18934 20056 21133 21575 22393 22596 24768 25667 25725 29211 29474 34253 34759 41208 46032 46776 66959 74504 79844 92104
