1000 17 34
747 3611 3687 3848 4689 5189 6415 7684 7897 7927 9835 10145 11874 12685 16364 17755 18037 19102 19939 20772 22184 26540 29381 31163 36146 45277 45951 49788 52822 62393 63260 64971 71283 117028
524 2056 2702 3280 3592 3741 4162 4813 6443 8615 10038 10453 11240 13504 14984 15490 16356 16603 16828 21158 26227 27538 28112 33482 34446 39433 40449 40498 40797 66212 69661 71199 85069 108266
359 898 1318 1435 1592 2022 3906 4236 4296 4401 5285 5561 6016 6558 8711 8909 11415 15215 19813 22466 26403 28308 34043 37246 39458 40287 40395 44251 44634 47167 48579 76937 78767 127216
2375 2486 2887 5551 6597 8499 8938 9302 9319 9539 9785 12448 13752 15171 16559 17006 19972 21229 23436 27326 29654 29792 33440 35181 36802 42165 42307 44432 54813 55541 57599 64845 67478 67574
64 346 3938 4746 4910 4972 5267 5351 6830 13199 14202 16210 16845 19543 20020 20945 21762 23156 24172 24406 24682 24762 28425 29486 34709 36127 44485 46819 56749 59380 64041 66359 69413 79730
153 2210 3218 3252 3806 3820 4957 5676 6635 10634 13529 13768 14575 16699 17826 19797 20073 20993 23007 24246 26893 27596 27654 32407 32531 35680 37003 43637 43926 45167 52466 71578 89545 95232
3325 5718 5739 6955 7300 9228 9306 9673 11229 12001 12694 13178 15345 16072 16874 19042 20462 20706 23114 24498 25259 28821 29307 30410 31814 35694 38595 38799 40352 47450 52786 69441 90878 92015
614 1108 1261 2433 3011 3193 3375 3672 4318 5885 6622 7854 8628 9911 11850 18099 18377 18755 22659 24112 25477 26577 32142 32770 34663 35016 36240 38911 39037 64949 66203 77709 87326 87964
2966 3780 4469 5743 6054 8007 8303 8456 8833 9717 9915 12091 12463 13024 13657 13895 15525 19362 20953 21037 24687 25361 26717 27060 28408 28564 29647 33887 35930 37526 52029 66785 93790 107252
1159 1784 2362 2457 4980 5041 5213 6294 8224 9186 10117 12487 13149 14333 14998 16249 16360 16891 17325 19058 21558 22151 22171 23608 23836 29906 31900 32398 34167 52355 61452 77104 78991 135758
149 173 585 1476 2382 3529 6854 7248 7501 9311 10184 11384 11406 12021 12524 12975 13464 14906 15305 15504 17541 17920 24944 26345 33842 36054 38796 42240 49154 49397 68369 76396 87161 91555
537 1091 1601 2097 3386 3675 3820 5955 6040 6334 6921 10777 12384 15834 16213 20465 21673 22286 23451 23970 24123 25257 25533 27296 32385 34070 40117 49564 51220 55806 59784 78046 78551 78878
1899 1993 2073 2677 4121 4861 5242 5646 6785 7030 7102 7991 9046 9232 9991 14029 19360 22798 22913 25629 27335 27673 29441 31294 31846 32473 33897 34360 46492 50570 55063 56854 59064 124889
136 331 1800 2221 3349 4339 4464 5257 5538 7086 8239 11586 13634 16740 17613 18188 18429 18964 20098 21149 22510 24382 24434 28436 28763 33476 35039 36320 45684 50399 50673 54003 97261 108316
733 1687 1724 3185 3391 3410 3522 3842 4136 4907 5462 5939 6222 6612 7058 7110 11903 12914 13301 14545 16860 19659 19807 22206 24010 34981 35838 37343 37685 49631 62160 78321 80645 254262
3928 4033 4633 4678 6256 7667 9457 10296 11152 11765 12265 12610 12665 14218 14649 14740 17705 17821 19055 20472 20640 22002 22750 24208 25583 28686 30926 36518 42378 42782 50578 83452 107024 131734
326 2549 3554 4092 5676 6653 6758 7311 8356 11061 13186 13641 15974 20563 20775 20887 20966 21142 23642 25456 26928 27500 30265 30629 32127 35352 37408 38931 54051 55494 60314 69960 79965 80437
