1000 20 33
721 2809 3560 4575 5078 6190 6608 8909 11157 11517 12416 13197 17272 21527 24337 27355 29131 31343 31409 31594 31930 38146 39447 39782 44744 46537 47587 51127 51628 55596 63792 65698 102856
841 3661 5866 6424 8873 10997 11001 12303 12736 13607 13707 14152 14329 17236 17686 20316 20577 20840 22501 24503 32556 36032 37124 38390 39272 39440 42239 45668 46210 47689 56417 101424 143835
417 664 854 3675 5439 5667 7172 11588 14319 17276 17814 18492 19306 20762 21147 21876 24291 24959 26565 27681 29333 31800 34818 36672 40842 41229 42988 43428 57403 59754 60586 73361 127505
399 3446 4945 5538 6095 7245 9039 9071 10210 11536 12156 14876 16288 16498 17526 18208 22395 24352 25535 29267 29958 31854 37273 39354 39545 42112 59595 61576 64644 70798 72743 73509 77712
1655 2644 3254 3490 4962 5946 6457 7256 7370 8717 8717 9707 9828 11380 11517 11597 14791 15544 15587 27222 32909 36464 39368 40171 42157 47335 48700 56111 63049 74150 87943 99568 108841
137 703 1594 1702 3014 4821 8410 9481 10036 10513 10522 12609 12807 13411 14665 18442 20897 21803 21910 25551 26342 28473 40707 41003 45855 46842 49146 53458 54221 74316 77155 91819 130348
666 1457 1944 2015 2459 4256 5027 6840 11395 14618 14927 15512 16413 16425 17513 18416 18581 20177 23477 24757 25108 31743 33570 34200 41680 44245 44678 45452 46969 53452 66331 129559 142132
1055 1728 2624 2721 2829 5648 6917 7293 8808 10199 10200 13670 14740 15063 17513 19523 22060 22118 24854 25185 28119 30667 35035 42282 43982 45876 49867 50337 52242 58912 59448 79977 154515
338 419 1950 2364 3104 4560 5005 6385 7272 7984 9261 9281 9863 14572 16172 19211 21043 21206 22667 23672 24290 33729 36003 39717 40901 52050 53725 57156 57397 70356 85185 88167 132814
372 1306 1374 1870 3742 4800 4971 5734 9158 10946 11069 11536 13104 13741 14562 16105 17210 18236 18988 20903 23055 31484 32978 35028 45068 50614 53939 56985 61578 63385 87579 101201 129701
2342 2661 4476 4864 5654 6638 8683 9623 10188 11208 14761 15182 15484 18094 19265 22236 24605 24732 28714 29528 30793 30866 34469 38028 38536 39684 45073 48630 63370 64899 70878 88073 109598
1822 3600 4624 4885 6607 7344 7493 9652 10600 11657 12431 12470 14863 15107 15251 15390 17909 19233 20218 21446 23238 32136 35302 37112 37977 40285 46326 48125 56307 75453 78956 108259 129149
1383 1580 1678 1965 4017 6137 6790 7138 8770 10369 10585 10694 11185 13510 15220 21473 21494 29011 29058 29485 30827 34105 34322 39810 44827 55877 56411 60695 64653 67428 69659 84349 86467
2267 3775 4300 4310 5378 6269 6774 6900 7550 9051 9059 11785 11873 13369 13944 15865 19154 20246 24061 26182 26268 26824 31780 35612 42349 43146 43166 59427 62239 64479 75510 86667 150070
54 377 4286 5881 6249 6670 7812 7897 8076 9558 10016 10362 10625 15862 16857 17065 21800 22204 24249 26169 27058 29131 29783 31525 32783 40480 56731 77758 79232 80103 80714 87560 89395
118 736 1518 2511 2746 3824 5011 5649 6359 7839 9681 11383 14427 16704 19986 21734 22263 23843 24702 24840 27497 27875 27875 30431 31004 40644 43218 71980 75846 79391 83972 100569 105700
1366 2798 3906 3907 4441 4779 5211 5456 8170 9522 11127 11339 16548 17073 17979 18050 22069 22914 23479 24425 25821 26482 31586 38271 39728 48726 49647 56025 61753 78418 80329 87775 112981
282 460 662 1789 1864 3379 4876 7039 9502 13509 13646 16753 18115 18960 19759 20210 21138 24430 25527 25550 29064 30511 32684 34117 39246 50133 51281 53819 60536 62455 66657 68998 148576
391 1759 2022 3893 4847 5925 7880 8440 8889 9899 10775 11257 15407 16046 17685 20471 20570 23486 23690 24129 26337 30915 35360 37801 38837 40661 41294 41504 42275 67127 74467 127531 129584
263 1178 1485 2485 3212 5509 7060 7989 8947 10431 11363 11711 13659 15333 15368 16979 20540 20613 22424 22424 26304 27027 36057 39194 47364 56508 58266 60811 65081 65914 69006 86530 108712
