1000 30 14
17007 18194 31124 32781 35505 38284 39072 44659 70793 73055 74330 94153 102087 315316
808 20030 22510 30477 31089 37633 61758 67277 77853 79007 84858 87986 147841 243204
996 10622 15081 18177 39059 48205 52691 69856 80146 87181 96695 102954 107354 254840
3028 8434 12289 14180 36706 42927 44332 87485 88603 89516 91450 92959 95328 284450
822 2575 16118 16447 32985 36632 45534 49309 53687 58436 100681 115263 118243 342256
3088 4417 25506 29995 34237 59640 63850 79749 84896 96476 112714 115547 116490 162019
10119 13343 20348 21348 21603 42389 50190 57031 60324 65792 111389 113451 154592 242265
6786 7863 7871 12551 26478 47370 50726 51901 53503 104573 117043 124717 162148 220889
857 11498 13744 27020 42466 59761 72064 85286 108118 112162 112612 115022 115118 118242
14545 23130 34890 35024 35296 40973 50043 55207 63126 63419 80826 131101 177067 178838
3029 11084 12258 12817 17153 24311 45162 50613 70051 79049 121462 127279 130723 283002
4488 10368 15693 16509 22489 32064 33228 44749 53620 55839 128891 136545 169702 267390
13152 28313 31187 45064 48048 48339 55718 59296 63289 83478 117887 127676 134789 135675
5526 13508 17001 17340 18864 27864 32777 46481 85463 85696 90813 94736 204415 249781
3896 12952 20201 29216 32418 34476 47593 48417 54974 58468 71653 135456 154555 284734
2935 4302 8218 25559 29354 44918 45800 47217 59175 95088 103784 124852 192686 208825
2199 5716 18686 18847 31626 34321 39670 45061 61920 65810 98334 120373 213773 233378
2092 4084 7639 7678 18708 31011 32773 53235 57457 76335 86654 132418 228626 248323
20949 25517 25992 32003 34456 38320 40559 67071 78280 79019 84919 128453 136747 197502
13120 20889 31476 43260 45843 54888 67311 72200 80002 83146 93169 109971 127030 142246
2363 18132 19753 25321 25849 32803 37310 40770 50831 52972 60642 118822 181466 324624
5989 12465 14384 31432 34039 35965 51197 63183 94729 99134 105051 117397 137969 181511
164 11580 13690 24520 26705 38586 46042 50858 54171 54560 119834 136892 182502 225348
1462 1775 5481 7256 14761 30535 48008 49611 50380 50991 61555 100703 133982 429365
1667 3837 21628 31037 33633 39081 44505 49066 74670 108473 115288 116439 142459 202138
383 13564 25878 27283 34866 40268 40836 54487 58100 61042 64225 95770 193801 280891
8884 10033 18524 25520 40821 52106 57405 59145 62987 85205 98013 112044 151953 209203
10567 17021 23896 26456 32292 34182 36646 52641 54573 72877 79521 101079 108513 336753
10363 14028 23268 23802 24488 42624 51416 56722 62671 82225 89489 136085 152120 216740
3054 10150 10940 10960 21314 23913 24052 32511 39657 57893 104144 155738 232049 265972
