1000 28 41
584 598 1695 2695 2990 4237 4715 4878 6033 6228 6389 7093 7173 7728 7931 10333 10570 10931 11679 12140 13067 14214 15387 17554 17887 18466 19484 21374 21752 27617 29625 31384 32208 33829 37178 42461 49134 59037 59364 59910 93232
460 483 587 877 1788 2118 2172 2971 3707 3781 5283 5584 7621 7801 8184 8938 10555 11399 11560 12459 14967 15872 16639 17112 18807 18991 19800 20753 24832 25020 26333 26914 27820 28781 32606 38610 39287 39692 42668 46583 66482
202 1735 2461 3200 3469 3520 5258 5374 5426 5879 7223 8410 8684 10693 11881 12207 12315 12318 12454 13114 13401 16338 16540 16592 17066 20741 22079 23010 26132 27756 29666 33326 35257 36271 38562 43336 50083 51127 56017 62790 67180
670 961 1078 1788 1881 2112 2437 2621 2998 3412 4176 4527 4866 5483 5534 6167 6446 9277 9617 9842 11464 11645 12156 19329 19904 19934 21401 21695 26236 27001 28642 29043 29932 32214 34508 35500 40467 68650 79300 94691 119052
503 1442 2040 2063 2887 3040 3210 3345 3631 3859 5210 5873 5913 5961 6054 6574 7724 8807 8913 9971 12248 12521 12935 14651 16276 16547 16917 17060 17370 20715 22018 22597 24021 24780 27189 31120 31475 32011 37615 68475 109688
1125 1578 1586 2015 2077 2282 3617 4132 4970 5011 5133 6817 8665 8776 8917 9366 11466 12361 12470 13867 15243 15684 15775 18115 18897 20693 21233 23168 24604 26654 26871 27686 32230 32829 32885 38752 47870 56854 61317 64309 98394
184 615 1115 2390 2652 3038 4703 4778 4954 5195 7203 10320 10562 10870 12766 12920 13574 13875 14646 15637 17384 18637 18670 18829 19611 20130 20859 23126 23163 24212 24747 25277 25322 27417 34758 36983 38626 44301 46408 55233 55670
275 291 668 741 1663 1818 2858 2887 3890 4199 4646 6092 6684 7036 8375 8776 9079 9426 9510 10103 10719 11038 12299 13037 13900 21694 22622 22862 23557 23851 26112 27950 27986 31050 34209 35606 44972 45266 70712 90278 115715
292 693 826 891 981 1293 1537 1549 1629 3480 3506 3626 4186 4566 4879 7434 8698 12256 13014 13828 13879 15579 16448 16606 16916 18463 18598 18882 21433 21443 22279 25711 27445 28177 30681 36052 49696 52079 57553 62652 84107
711 1395 2035 2246 2331 2930 2967 3105 5467 5492 8374 8516 9059 9196 11791 11807 12185 13709 14489 14732 16290 16493 16939 18089 19434 19540 20926 21869 24801 25045 25579 25772 28182 32187 34717 44200 44427 58516 58741 65142 77104
81 304 486 1629 1653 2017 2209 2522 3265 4689 5285 7022 7148 7271 7328 7580 8319 9269 9327 9728 10327 10421 10442 12839 14324 14356 15454 21428 22075 25550 25829 29833 30039 30398 30783 34276 52427 56377 64674 89864 103963
157 273 535 710 1126 1618 2279 2955 5030 6375 6415 6471 6634 6726 6756 10618 11090 11509 14386 15448 16175 18282 18654 18662 18717 19780 21715 22162 22593 22630 23724 25232 30087 30403 33261 39177 41906 44374 52434 68118 88805
260 392 496 1530 1639 1871 2973 3168 4995 5121 6155 6172 7505 8795 9014 9820 10023 10200 11787 12173 12214 12712 14937 17549 19387 19444 21209 21380 27971 31632 37007 42626 42921 43000 44151 45423 46056 51173 52341 59887 64176
451 1128 1145 2237 2858 2995 4356 5092 6168 6795 6895 8766 9513 9545 11050 11260 11421 14559 14591 15355 16466 16797 17084 17701 17731 18156 18942 19900 21303 22052 26813 26931 28369 29158 30125 33229 39853 47573 52220 58705 81359
71 554 1106 1845 3825 3964 3966 4381 4729 6950 7929 8290 8346 8622 8652 8689 8765 9635 9870 11431 11848 12192 14119 17179 18023 18627 20038 20513 20836 21251 22794 24609 25449 31350 31361 35303 43799 46113 65152 80004 80219
335 473 509 1091 1327 2190 2660 3216 3251 4121 4206 4741 7138 7356 8067 8346 11535 12065 13764 14566 16584 17287 17727 19862 21047 21076 22684 22921 23311 24470 26239 28199 31323 35315 37679 46423 47625 49492 59117 67312 114991
140 754 889 1036 2832 2846 2970 3022 3094 3876 5306 7270 8017 8181 8447 9830 11201 13730 15094 15270 15463 16543 16668 16924 18163 18210 19038 20657 21208 22984 23940 24021 26276 26968 27019 29118 32375 38787 40669 42193 88249
173 786 1044 1826 2460 2941 2969 3059 3757 4825 5763 6228 6639 7204 7501 7994 10784 11457 11458 12298 12900 13349 13672 14576 14779 15247 15420 16284 21114 27782 28549 30835 35217 36645 37668 40971 48773 49710 52594 54128 56912
739 1605 1660 1742 2415 2531 5025 5559 5658 7296 7513 7564 8147 8748 9970 10050 10137 10614 13226 13604 14808 16704 17998 18724 18934 20055 20580 20780 22011 22801 23062 24427 24725 25245 34150 35540 37777 38034 40530 52617 100150
220 848 903 1188 1757 3842 4524 5289 5517 7726 8640 8666 8882 9886 9892 10090 10533 12557 13103 14428 15266 16337 16339 16406 16650 17023 17135 21166 22449 23185 24763 27741 28570 30971 31165 32036 33229 34120 47866 53656 64577
23 277 753 1966 2162 2675 2776 3083 3985 5673 5881 6567 9238 9247 9778 11608 11889 12054 13359 13969 14818 15445 15684 16092 16192 16544 17006 18908 22258 22492 23044 25654 25678 26689 34481 35313 42096 42849 44493 52958 61233
197 255 1291 1524 2668 2750 3500 4164 4271 5223 5397 6054 6514 6794 7753 7784 8189 8600 10469 10695 12815 13243 15645 15764 16291 17543 20130 20489 21383 21444 22756 27599 29259 45446 52239 53800 54672 58757 67516 73854 79430
38 225 785 1197 1292 1293 1697 1734 1907 3015 3791 4327 4661 4724 6042 7028 8404 8661 8983 9753 10283 10772 15468 15941 16823 18625 20334 20544 25893 27679 28097 29461 32256 37576 39135 42831 44126 61722 63789 90051 109773
241 778 802 1938 1949 2135 2940 3642 4009 4035 4775 4795 4912 5234 6265 6300 6750 7758 10931 11620 12587 13584 13687 14159 14396 15492 17161 19579 19837 20069 23224 23656 24806 26440 30580 31896 37006 43141 58622 79924 108922
502 1498 2025 2196 2856 3081 3091 3192 3353 3467 3750 5631 5734 5940 6443 7177 7529 7885 10351 10723 10822 11879 14103 14444 15990 19314 22230 22526 23366 23545 25545 25604 29799 36150 41029 47892 48512 58781 68308 93928 104768
301 468 847 1910 2692 3187 3245 3513 3659 3750 4734 4904 5797 6323 7777 8093 9469 10726 11062 11115 11601 12188 13167 13661 17515 17624 18029 23968 24158 26797 27797 29364 29745 30466 32649 35793 38938 51313 53732 55538 72139
254 288 449 640 1203 1971 2183 2211 2240 2513 2604 2918 2982 3060 4030 4598 4768 4866 5387 7358 8159 10052 11096 11662 12884 15826 19124 19644 20143 22687 23830 24553 25147 32154 33011 40330 41191 56204 63016 65762 72692
66 986 1030 1406 1880 2856 3263 5158 5628 7216 8090 8263 8677 8875 8906 9167 10483 10750 12329 12423 13821 15139 15795 16573 17301 18963 19047 19278 20679 21234 21695 21914 22975 23345 23387 25088 34590 43278 44091 49210 129580
