1000 45 39
1132 1533 1692 2664 2727 3307 4728 4913 4985 5047 5492 6889 7455 7621 8237 8456 10964 12175 12190 12721 21757 22032 23179 23596 26362 27985 29441 33103 33646 36567 37221 37989 39031 39322 40357 43607 45620 87654 141304
571 959 1666 2209 2367 2630 3311 3744 3778 4346 4777 6236 6273 6325 7020 8723 9107 11080 12776 15415 15436 22734 23058 23205 24650 26134 26199 32028 33267 37546 38735 39298 40616 41055 48781 73668 76614 84622 93161
790 1406 1905 2254 4325 4714 6756 7105 7687 8144 8443 8949 12204 12658 16842 17708 19833 21289 21708 21881 23462 23521 26174 28545 29870 29988 31038 32109 32564 33383 33598 33781 38172 41733 47198 50748 55197 57495 92914
90 391 505 1364 2038 3554 4747 5356 7176 7368 8579 8894 9151 13645 14344 14543 15381 17501 20421 21713 22677 22768 23503 26174 26356 26612 28863 28883 30225 34033 38995 39873 40737 41604 47095 48458 72062 86472 91750
256 771 2293 2758 3492 4748 5983 6087 7917 10227 12107 12228 12775 13572 13689 13695 14137 14854 14942 15901 15981 17794 17843 18916 21667 22214 22969 26510 27323 27675 29223 32586 39997 44719 46791 57677 58620 100054 100485
420 530 1099 2660 3579 4845 7145 7415 7753 7804 8502 8936 12396 12713 15376 16511 16746 19313 19728 23619 24718 24785 28457 32551 32629 33124 34563 35002 35220 35296 39952 41567 41766 42069 44049 48081 48943 60528 81643
1512 2829 2835 3263 4535 5324 5368 6503 6537 6575 8595 9201 10967 11885 12436 13081 13430 15079 16373 18168 18643 18787 18977 19830 21850 26557 29819 30250 32438 32935 39094 40785 42947 44808 45415 64133 65208 88554 107338
2583 3222 3478 4262 4329 5325 5607 7092 7383 8595 9450 9471 9637 10828 10900 11041 11160 11984 17439 17830 19595 22599 23297 24444 25884 26653 26870 28347 31341 36638 36665 39352 42885 44864 47420 50179 55964 85983 96660
1854 2089 2755 2880 4122 4766 5364 6167 6615 7181 7897 9043 9196 9578 10210 10571 12576 14250 18561 19563 20114 20449 23267 25923 26308 29583 31459 32463 34044 35982 40398 44326 46096 48705 55081 55134 66650 67048 70231
998 1579 2439 2753 3857 5075 5757 6238 9097 10920 11493 11601 13906 14709 15131 15534 16662 16945 17258 17440 17659 17975 20305 20916 21074 24158 25363 32004 33194 35229 36714 39579 40464 44556 46329 51105 71415 80956 86151
573 654 870 1138 1311 1496 1519 4298 4631 5479 6020 7229 7421 10505 11383 11403 12772 13183 13738 13937 14673 20703 20953 24609 24785 28210 30973 31104 32576 33373 47631 48583 50965 52906 68060 68289 68314 72663 76696
71 556 2466 4970 6764 7030 7501 7540 7906 9264 10425 12235 12252 12581 13043 13049 13291 14589 15385 15642 16212 18763 19328 19454 20630 24497 28542 31642 32080 32532 36345 38800 41323 44119 52393 55604 56336 83261 83509
432 471 589 891 1230 1711 2136 2934 3461 3808 4272 4720 5658 6706 8057 8643 8716 9658 10520 11299 11548 11719 14390 19109 19958 23773 25526 26058 35870 36451 38978 43907 49148 55213 57369 66644 89937 100886 108579
453 910 1023 1301 1687 2221 2440 3454 3591 3648 3718 4301 5117 5846 6834 9683 10950 11256 12180 13522 14335 14745 16391 17418 17432 18148 20194 21063 21076 29134 37996 43258 47882 51291 56604 69354 83249 105085 139612
818 1910 1979 2295 3327 4227 4370 4547 5205 5287 5419 5869 6241 6782 8458 8567 9531 11466 12980 18075 18635 19782 20805 21095 27016 28196 28847 30009 30289 30319 30762 30980 44262 46333 50422 78418 91632 96655 104420
311 857 1294 1587 2634 3072 3257 4147 4504 4664 4797 5045 5116 5130 5388 9644 10680 11540 12240 12851 13803 13818 16635 17428 17511 19050 26225 33592 33724 35607 42524 43461 44898 48649 52123 73960 75956 86798 110986
40 274 771 1615 2099 2104 3416 4141 4162 5033 5807 5821 7742 7865 8141 11750 15751 17976 18200 19381 20082 20643 20869 21649 23006 24599 25910 26545 26641 39999 44100 44927 46963 47576 57037 60662 80042 91896 93410
233 498 513 2010 2335 2613 4702 5022 5439 7015 7173 7232 8373 10807 11089 11248 15963 16972 17292 18526 19417 20112 21203 22807 23078 23474 27985 30075 30298 32517 32884 39794 40136 40187 43409 50430 53627 57395 148681
673 739 2031 3510 4139 5000 5278 7085 8656 11376 11767 11769 12394 12984 13622 13869 15148 15403 16938 18380 20234 22071 25166 25323 27383 27653 29717 33308 36588 36951 37016 38065 42550 46699 49216 54322 63475 69965 70845
20 166 364 1334 2495 4316 4492 5836 7239 7350 7516 7561 7899 8774 9731 9788 10188 10469 11783 11856 12983 13024 14658 17108 19838 20695 26150 26305 28464 31084 32995 43558 52286 60507 60670 81426 84145 85149 88963
791 1365 2385 2591 5391 5678 5928 6297 6527 6808 7722 7897 8324 8328 8567 9176 9968 10682 19166 19337 19767 21978 22381 23430 23955 25636 26624 26680 27571 28045 32565 35573 42683 43436 44061 53168 72406 79903 162203
1606 2161 2180 3174 3869 4544 4705 5476 5563 5647 7451 7586 9617 10241 10436 11235 11447 13790 14977 15492 16690 21240 21329 23203 23308 26069 26307 28658 32741 32999 37614 43724 46396 48062 61690 68327 78226 78339 93915
182 965 1311 1671 1774 3577 4136 5448 6505 6830 7231 8150 9732 9825 10632 10739 10801 10868 12162 13268 15462 16114 18971 23036 26495 27246 29277 29547 32147 33913 40123 41444 46547 50405 54713 66951 73768 78610 82837
1900 1965 3063 3352 3580 4569 5962 6595 7562 7781 8429 9125 9702 10684 11116 12426 12580 13452 14534 15280 16930 18278 23763 24148 26067 26347 27192 29999 35125 39164 42186 45667 51366 52364 53176 59315 66612 71920 77456
100 399 523 826 1304 2230 2836 3861 3876 4051 4949 5436 5514 5607 8336 8450 8483 8548 8879 10251 14307 14874 20815 23153 27883 31243 33478 35899 35996 42273 48233 48399 52064 54186 56032 56181 57872 77185 129442
267 774 2318 2709 3221 3280 3634 4692 4816 5058 6539 6787 7791 8287 8384 9057 9638 10163 13913 16417 16774 17100 17877 18005 22173 22918 29170 29627 32470 33973 38326 40803 44322 48160 48504 59984 67421 115805 122807
109 2131 3096 3648 4508 5335 6318 7078 7290 8020 8493 8530 8844 9987 12239 13965 14323 14696 15121 16354 17912 19553 20861 22476 23406 23656 24417 27067 27454 29184 39570 45946 47457 48725 54251 56538 61973 69656 109987
976 1002 1030 1107 1233 1304 1765 2071 2992 3151 7228 8466 8720 9010 10532 10673 12004 12123 14545 17724 18053 19045 23782 24433 29148 31453 37124 37960 38406 41377 41715 42169 51895 53225 58791 58867 66773 67143 69121
813 1475 3606 4359 5979 6070 6431 7467 7636 8370 12435 13746 13766 14260 15319 15388 15507 15948 16283 16994 20213 20805 22138 22789 24238 24266 25749 25925 34258 34800 43547 45331 46410 47752 47884 57965 58274 67870 89982
697 1942 1981 2844 3795 4955 5128 5318 5424 5529 5864 7472 8254 8316 8820 10417 11979 11992 12478 12734 13525 15025 15389 18185 20185 20838 22678 24726 28367 36702 37510 38638 41902 45534 51880 54486 67270 97369 127806
252 546 646 1828 2617 3051 3061 3138 3330 4123 5384 5588 6345 7980 9075 9674 11425 13307 14791 16751 17101 18515 21526 23080 23665 27800 28417 31424 31760 35109 36760 39204 42003 44332 45781 51796 52751 124089 132311
1295 2486 5656 5668 6052 6235 6657 6760 6992 7872 9247 10723 10969 11437 16211 16845 18191 19264 19690 19996 20360 20514 20795 25830 26169 28009 34372 34409 37157 37902 38194 38986 39197 42196 45702 50507 51505 54979 64241
1398 1609 3152 3519 4425 5355 5520 6052 6796 8948 9636 9688 10059 10398 10597 11035 12363 12391 15403 15479 17301 17363 21426 22503 23102 23426 26054 30476 31924 33091 36676 39433 44700 47117 52686 60148 71837 76803 78339
980 2999 6173 6188 6614 6749 7074 7226 7630 7826 8343 8532 8629 9358 10775 11792 13238 16720 17199 18205 20094 20425 22270 22624 22689 23206 26427 26436 27604 32220 32767 35173 36964 44911 47825 58262 70852 93511 108348
709 1290 3128 3813 3996 4700 4986 5315 5329 7241 7282 7935 11837 13990 13998 15413 17676 18224 18799 19024 19935 20266 21886 21996 22639 25207 26149 31838 33471 33658 33959 39040 40144 40821 48555 49649 54784 56949 112581
1255 1453 1760 2006 2299 2854 3921 3927 4601 4617 4729 5494 6361 7477 8412 8557 11763 12501 14793 14902 14961 15422 18641 20206 21342 21531 22206 29146 32958 36570 36741 39345 42958 45355 51898 63659 64460 95666 116634
124 1530 1860 2595 2686 3458 4030 6697 7738 7846 7897 8714 12045 12293 13708 17064 17494 17962 19264 19879 20099 20795 22794 25822 26700 26933 29716 30382 31354 35884 37280 40681 42898 45225 46223 47435 50459 80162 81024
720 1434 2038 2194 2400 2515 2848 4919 5498 7966 8215 8364 8558 8991 10415 10546 12952 13334 15687 17711 18236 18807 25112 26402 27020 28176 29084 30038 30388 30425 32265 35642 35966 42551 60069 71388 81945 90644 99659
214 1255 2738 3363 4188 4996 5083 6801 9319 10410 10712 11029 11788 12951 13173 13322 14452 16043 16628 18783 19171 19437 20967 23461 24305 26354 34995 37596 39869 40711 43886 44408 46266 47825 50955 55911 57999 58621 72877
108 1311 1406 2533 3571 3671 4663 4974 5447 5720 6565 7794 8202 8783 9966 13387 18727 18814 19584 22362 24103 24103 24750 25556 25612 25778 26721 27459 28706 33106 36149 38257 40281 43685 44117 61298 69571 93351 97417
418 1484 1566 2397 3036 3344 4326 4820 5369 5593 6240 7356 8222 8874 8909 10222 11064 11584 12366 12602 17415 17684 18597 19270 26139 26229 27967 30687 34234 35085 35685 38433 38760 43225 48114 58828 67899 89066 104352
545 653 797 807 885 1434 1644 1875 2191 2547 4047 4164 5719 5901 11965 12286 14658 15639 15709 18170 18860 21783 22006 22778 23611 27760 28175 28445 31333 35957 39643 40039 41384 57230 61620 72152 79455 82995 96579
287 474 587 1059 1793 2103 2339 2507 4076 4092 5519 6880 7025 7687 8242 8492 8640 9174 9557 11304 11433 12244 12607 15143 16503 26050 27590 31784 32784 32857 34487 35486 35836 48624 48769 51274 87866 91973 170542
682 2663 3575 5236 5728 6322 6775 6937 6938 7545 7900 7905 9047 9853 11317 13854 17519 17694 19532 21298 21380 25233 26427 29396 29504 34720 36614 38172 38906 38956 40108 40177 41613 42232 45951 50027 52385 58949 86524
200 1476 2385 4711 4791 5610 6259 6816 6851 7776 8047 8194 10154 12253 13427 13451 14447 14663 15205 15351 17771 17934 19293 19799 20366 21357 23074 30121 39210 41991 42545 44526 49842 52681 54494 57720 57977 75584 96410
