1000 18 35
354 1072 1672 2073 2601 4005 7118 7138 8199 9044 10382 11914 12014 12954 13005 13334 13514 13728 16299 17624 25122 25924 27023 28923 30425 30890 31249 36867 54010 54252 60903 72250 81365 108662 114006
319 3033 4833 5041 5257 5916 6863 7735 9163 9951 10189 11883 15118 15196 20034 20305 20660 21240 22418 24719 25326 28155 30721 35184 36525 45405 48980 50097 50111 53579 55274 55539 67579 68352 82151
706 2340 2700 3747 4184 5048 5693 5874 7163 7648 8038 8287 8706 11970 13295 14188 17186 17296 19255 20813 23960 24208 27522 30171 30612 32941 36022 37098 37438 45594 52837 69426 69507 106088 145985
461 611 1376 1614 2341 2427 3045 6952 7331 10976 11477 12250 13784 16138 17231 17320 18885 19499 19540 21335 22629 25721 27503 33377 34362 36061 36690 37821 44004 47744 54296 56827 71000 103834 129048
1189 1333 1497 3128 4194 5118 6972 7455 9770 9910 9923 11352 11459 11630 12124 15581 18587 21139 21568 27112 29018 29591 30847 31021 33838 33924 37329 40724 44076 45293 46129 61434 84201 98044 100087
794 2724 3461 6602 6776 9730 10502 11799 13765 14177 14594 14634 17607 18032 18085 19288 21348 21599 21682 22130 24179 25524 26581 27636 28129 28990 29604 29970 30441 36842 65085 71409 79613 82387 122271
667 747 761 1106 1633 2581 2908 4278 4576 5781 6236 6529 7454 8015 11247 11680 12787 12954 19223 21288 21676 24289 24450 24781 29311 31134 37622 42449 46502 49468 60069 64022 86444 105272 164063
308 1270 2237 3217 3315 4996 6056 6811 8021 10149 12128 12376 12612 13573 14952 18961 19367 21558 23004 27350 28885 30760 32345 32983 36937 37700 38171 39083 45074 49955 57941 59434 62600 65188 141914
1336 2261 7017 7713 8019 8214 8577 9028 11267 13145 13529 13776 14694 16762 17001 17064 17257 19156 19721 21935 22102 23073 25432 26127 33047 35775 38398 38865 40581 51241 53508 58344 61414 72703 128200
794 1024 2016 2120 3517 3646 3907 4237 4668 4842 4924 5636 6329 10048 11638 13533 15477 16191 17121 19644 24531 25333 26954 35772 36896 38782 39749 44594 47002 58106 69309 77148 88432 88833 119359
2269 2436 2785 2856 3328 4745 6267 6972 7075 8604 8608 8835 10059 13119 15511 15936 15984 17455 18274 18935 20811 24113 30947 33699 34737 40589 42144 52632 60907 61331 61652 62376 70856 81225 94125
738 3326 3513 4588 4722 6993 7209 8060 8404 9805 10446 10516 12157 13525 16935 19017 19204 24289 28893 29567 32167 32287 33280 34620 35777 41193 42586 42993 48026 49844 51176 55474 70359 76013 79591
1644 2443 2602 2614 2668 2728 7273 9924 11738 11900 12593 12658 13395 14541 14741 15398 16097 18615 19977 20249 27295 30547 33209 35811 37607 43451 44195 51830 57414 60154 63126 64573 68261 71167 74492
1893 2427 4234 4477 4800 6297 6747 6898 7497 7701 7837 9484 9710 11324 12272 12846 13678 13955 14908 19232 19658 20564 22774 27123 29545 31673 33674 41129 44040 48055 49325 55817 72583 104017 179282
1181 1852 2485 3407 3665 4021 4497 4525 8025 9401 10674 12223 12435 15382 16008 16506 17936 19444 20168 28583 31069 35837 35980 38059 39205 39768 42551 46688 50975 58021 62567 64815 65908 67538 79322
296 661 743 2095 2244 2436 3556 3928 5071 6718 7426 8147 11155 13577 14872 18375 20769 27843 28452 29843 30129 30258 31403 32255 32842 33439 33964 35273 46571 59125 60723 61048 81825 86360 99600
4413 5248 5287 5309 6312 6794 7520 7757 8194 9220 9753 9788 9791 10324 11038 14786 14837 15002 16145 16329 17206 18824 19441 20118 20277 27332 28965 29204 40010 43895 65024 89597 97482 103619 147353
713 804 2073 3263 5053 5527 9062 9932 10104 10401 12478 13213 13768 18891 20507 22612 22773 24047 28279 30694 33422 33920 35427 36173 36318 36383 38077 40438 40826 45511 45623 54271 55647 64027 97287
