1000 34 6
9381 76353 144577 153348 193374 234649
21762 44398 140938 190354 206665 229845
4603 30423 33952 139952 226848 421481
16288 95547 116662 123005 177144 217413
2369 18924 20955 154016 269492 408152
42056 79096 107457 118852 129180 262081
2012 28458 126900 145461 221538 264759
21422 25386 57814 160585 284526 357774
26285 67194 85523 97003 155926 339042
31694 66550 101138 138046 145015 386299
6545 112120 114367 164978 174916 245293
19645 58746 73617 140851 148276 326009
6410 61373 123289 183870 184420 195384
57078 78011 78841 123761 137135 262285
25108 40133 147780 152839 153541 268186
12046 46538 65886 192593 207418 332189
5808 9610 18048 26643 298390 385148
58638 72315 127740 128289 170245 254964
23976 25247 66242 107245 117848 435101
48411 67578 74389 153314 263084 289386
38907 47169 55384 107113 133027 450136
32850 51843 71739 84558 145472 413980
28276 85182 98170 149970 248686 297299
1284 8684 141154 142373 239948 273030
12402 46305 103171 139244 162879 314477
47256 98121 111139 195865 200070 225334
41266 55109 92006 95208 144809 429620
17504 31782 32496 69971 99361 564110
8550 79654 123119 127557 225625 303163
8249 18268 93910 99836 283877 299499
39641 43814 75833 84037 155564 459098
2887 43663 59436 82912 258030 328437
30980 52885 61835 157149 174373 286310
9572 137731 150080 187974 193091 199921
