1000 12 44
145 482 983 1325 1748 2518 3104 3164 3335 3649 3799 3859 5295 5559 6035 6095 7737 8592 8840 9074 9127 9459 9639 11614 15456 16263 18320 23170 26120 27702 28801 30384 30999 34039 39328 39400 39852 44328 48752 55792 58365 67103 68956 103255
57 266 1600 2063 2229 3061 3321 3540 3728 3755 5273 6800 9232 10182 10280 11420 13031 13685 14298 14310 15335 16091 18395 18681 21083 22173 22636 23578 23615 23957 26579 28822 30600 32034 33835 37372 38300 38522 38950 44842 45186 47121 52911 87212
362 1563 2045 2164 2241 2483 4238 5355 5609 7162 7781 8589 8964 10076 10638 11606 11701 12879 13477 14601 14659 14932 15497 16977 17069 17639 18506 19048 19716 20231 21404 21945 25360 27986 28214 35452 35588 35959 42510 56302 64214 64851 74615 86342
101 329 352 1312 1364 2065 2425 2783 2832 3543 3728 4395 6753 6811 7034 8395 8516 9878 11905 13919 14480 18850 20242 21035 21738 23420 23581 24066 24226 27161 31086 31436 32717 32855 33285 37028 38172 40863 48183 56032 57214 62061 62187 68978
619 743 835 1540 3499 4233 4834 6130 6437 7356 7557 7592 9425 9874 9929 11058 12344 12735 13273 13665 14272 17617 18954 19086 19397 19932 20051 20136 20624 21470 27930 29797 30146 31318 34561 35408 36809 38412 39648 45748 45879 47466 65672 126761
34 629 875 1131 1147 2500 3138 3299 4600 5872 5890 6011 8469 8755 9276 9547 10063 11316 12905 13031 14802 15802 16399 18428 18932 19044 19051 20980 22707 22820 22997 23870 23929 24928 25500 34856 42002 42620 44895 50069 53352 69814 82085 120773
425 540 871 1194 2024 2181 2496 3386 4693 6700 6722 7370 7699 7722 8918 9270 10112 10151 11565 11687 12255 12503 13662 14069 15335 15703 18144 18181 18549 18576 19845 27272 30314 32167 33141 39813 45101 47024 50291 53853 63417 64179 81805 82087
624 1571 2420 2845 2845 2852 3899 4201 5662 6856 8225 8328 8577 9011 9437 10146 10628 11376 11453 14541 14585 14885 15199 16009 17039 17850 24078 25091 25726 26037 27802 28682 29797 34064 34525 34928 38130 43267 47792 48664 60542 60791 75369 75477
718 1050 1397 1795 2010 2569 3896 4226 6304 6346 6675 7494 8059 9073 13239 14519 14679 15337 15657 16583 17464 18416 18524 18686 19424 19480 20545 21228 23294 24766 27995 30231 31447 34387 35086 36547 37059 38695 45650 50629 54075 54471 59312 83415
6 394 970 1295 1595 1714 2395 2725 3248 3658 5716 5952 6368 6561 8231 9419 10240 10561 12035 12444 14088 16120 16282 17923 18675 19485 22553 22729 23676 25280 29164 30577 31087 31328 37691 38550 38678 44334 49009 54693 54787 59800 63715 70678
188 408 934 1175 1195 1552 1601 1866 2092 3609 4386 6280 7068 7187 7298 7377 9581 9632 9913 12166 12558 12785 15199 15210 15853 15939 16123 17341 19519 22103 24015 28766 29139 32677 38271 41889 42626 43867 48072 51088 53871 69355 96344 101236
133 3911 4107 4187 4305 4956 5056 5107 5350 5708 6209 6669 9393 9488 10939 11341 13039 13641 13801 14981 15077 15817 17830 18945 21866 22511 22881 25030 25867 27051 28143 30854 32132 32147 35185 36247 37123 37340 38043 42350 43572 46887 61201 83303
