1000 42 36
329 1021 1319 1934 2881 3053 4239 6634 8705 11275 11429 11961 13790 13831 15579 15650 16253 17346 20332 20509 20979 22553 26142 28902 35855 36250 38552 39413 44027 44145 44817 47236 48394 54489 55659 102367
150 1632 2778 3050 3941 4695 4930 5055 7012 7806 7871 11930 12020 12510 14009 14173 17327 17518 20025 21037 21527 22683 23127 26473 27675 31058 34891 35556 42273 42303 44205 53140 58038 58826 64798 101448
879 2877 3143 3857 5049 5459 6612 6667 8921 9391 11942 11956 13082 13923 17487 18050 18111 19070 20402 22082 25952 26039 27115 29291 30969 32200 32881 33929 35077 35272 38077 41279 48309 79402 80158 118080
243 1393 1459 1753 1780 2574 3428 4696 5331 5638 6401 8020 12558 13891 15206 15361 16509 16890 19024 19365 21683 23221 26339 26956 27227 29457 34871 37807 38840 42712 46673 51709 56399 60589 80299 90181
27 315 709 976 1209 4300 4850 5008 5633 6316 6353 6999 7766 8664 9586 10689 11102 11688 12273 15006 15204 16869 18334 20516 23161 24481 25515 26511 39114 39226 44311 52674 56107 107445 131067 133265
769 1142 1253 1716 1859 2435 2680 3935 3941 6847 7098 7771 10727 13216 13360 14024 14548 15177 16086 16710 18418 22532 24351 24549 25158 35802 36354 39142 43691 45251 46475 51444 64779 83354 87751 124287
947 1632 1792 2136 2773 4421 6533 7543 8734 8858 9518 11413 13240 16197 18211 20394 20538 21676 23936 24103 24259 25920 30538 31884 33775 34474 34761 38341 41011 43276 47069 49641 53549 55438 62923 94651
1249 2279 2287 2334 2412 2443 2668 3735 5484 5750 5759 8413 8581 9329 9952 11472 13339 13408 14901 20688 22474 22959 24569 27372 28652 29638 34523 41618 43593 48499 49648 55997 59089 59322 75308 89814
1080 1499 1638 1826 3350 3760 3984 6930 7069 7325 7800 8926 9559 9835 13965 17663 18056 18245 19581 20072 21673 22551 27656 29537 29553 33961 36069 38300 44987 45208 50563 51464 68176 69424 71423 97475
366 744 2465 3849 4017 4081 4635 5542 6517 7228 7263 7824 8254 8701 9438 13374 14644 14882 16017 19003 20280 23502 24865 25122 27058 29216 29227 29784 32800 35184 43015 48119 56447 80120 82116 91168
702 966 1764 1949 2513 2539 3928 6816 10032 10213 10772 12661 13276 14835 15028 16760 17396 18892 21755 22343 23371 24980 26954 27108 29559 31905 33295 37493 39384 47141 48944 55856 58964 59055 73353 98920
120 326 546 1562 1991 2198 2597 3894 4922 5338 6060 6156 7865 9227 9570 9910 9928 10206 10755 13277 17081 17225 18327 18441 25084 31689 32908 36174 37327 41232 42017 49515 61897 82145 85805 139215
1644 3787 4565 5012 6470 6586 7120 8698 10264 10979 11119 11168 11561 11919 12280 13135 13551 14216 14925 15865 16566 17696 18167 25484 25940 30242 31328 35075 36124 46500 50294 55072 63780 63915 67809 101892
1145 1675 2722 3454 4713 4764 5097 5813 5878 7761 8019 8027 8299 9535 10394 10408 11620 12627 12939 13835 17272 18715 19218 19932 20881 21472 23984 31227 32391 39971 42600 53118 56201 58561 74884 157074
284 506 755 1591 2880 3621 4614 6281 6377 7409 8762 9844 10038 10133 10704 12121 12384 13014 13436 13489 14180 16546 20241 21141 22265 33991 34912 39844 40322 52596 59972 69684 70351 73748 81247 137133
680 699 2421 2622 4608 4667 4842 5382 7455 8580 8680 9991 10647 11488 12408 13220 13937 19039 19275 20730 21102 21497 22023 22028 30002 31965 33772 35714 35962 40775 40973 51459 52974 58155 95526 108659
622 1440 1459 2475 2677 3004 3216 3324 4237 5029 5754 7805 8022 9750 14041 15372 15990 16360 17031 20320 22981 23508 24305 25548 27660 27768 28357 30056 34883 39196 42725 43008 47384 51448 99430 107250
152 1312 2284 2455 2725 3298 4996 5202 5872 6774 9217 10876 11975 12263 13171 16498 16754 17580 17717 20957 23278 24623 25212 25453 27831 29872 32084 37801 42915 43858 44982 46526 51571 60636 77933 91539
105 357 648 832 936 1323 2850 3766 4511 4985 6117 6909 7514 7774 10034 10829 11948 12959 13307 15352 15632 21105 27419 29705 32022 32509 39313 41405 44520 47200 49842 71624 71804 72081 91774 97911
1471 1748 2524 2542 3141 3407 4043 6000 7021 7132 8903 9677 10006 11931 11992 12950 13711 14647 16053 18075 22072 24057 25741 26925 27804 33016 36284 39956 40389 42112 43707 44210 52030 64756 67038 111190
46 652 1027 3928 4642 5885 7505 7637 7697 8984 9238 9569 10276 10773 15354 19386 20060 20294 21674 21833 23201 24508 28354 28398 28762 33510 37101 37610 39409 39901 40666 40764 47931 63944 75580 77676
912 1001 1008 1452 1645 2768 3471 4867 6721 7337 7696 8340 10884 11460 11517 14318 14603 20354 23557 24963 26473 31521 35708 39048 39553 40100 40764 41123 42048 45364 47306 55388 57584 64181 73586 74988
138 288 1145 2038 3245 3262 4492 5750 6873 7754 8100 11197 17880 17976 19439 21554 22250 22262 23745 24284 25127 25956 26384 27717 28488 32336 33255 34802 40564 41190 46815 51614 60064 77339 81747 85750
651 953 1010 1074 1080 2122 4521 6786 7305 7476 8244 8926 9247 10465 11350 14051 14644 16053 16739 18815 20600 21295 22831 23809 24223 24995 39055 40797 45089 48271 48617 59231 60333 73016 73594 78432
438 771 993 1053 1430 3181 8808 8849 8990 9375 9881 11839 12109 12592 13064 13939 14622 14883 21956 23262 23608 23890 24068 25029 29376 32150 32271 33191 34216 37400 45758 48387 51660 80792 90630 91806
90 317 617 1348 2226 3812 6321 7940 8916 9020 9607 9701 12569 12629 13103 16753 16971 21727 23541 23651 25876 27187 28681 29669 30582 30971 34375 35586 43442 43777 45827 45962 50893 57965 62039 72845
1373 1520 3461 4164 4570 5742 6587 7740 8999 9281 9759 9798 11046 12529 12996 13194 13238 13421 16482 17096 18017 21607 23850 25087 28572 29484 30738 32496 33323 33758 34620 48473 49118 49861 81193 111402
1275 1551 2197 2411 2506 2889 2993 3443 3511 4264 7240 7577 7797 9825 10340 12132 12352 12827 12974 13484 17679 20454 23809 32394 33118 33416 34181 39907 40833 42614 55455 58153 61063 68996 85116 95892
293 556 878 1551 3041 4418 4687 7388 7799 8240 8387 9912 11360 12788 12900 13907 14387 14784 19737 21605 21642 23851 24179 24629 27367 29362 34787 46958 49354 51405 54933 58707 58799 60783 64199 65515
2488 2635 2994 3683 3786 3806 4151 4621 5633 6726 7164 7234 10539 10933 12784 13651 13721 14976 16892 18092 24361 27808 28394 29642 30846 33192 34349 36070 37036 39140 42303 50956 52340 66080 114369 118809
424 1468 2583 3565 4601 5211 5315 6953 7054 7987 11378 12645 12780 13159 13840 14246 14995 17121 17288 19253 20606 21514 22458 22865 25162 26107 27301 32864 36705 46296 48670 49747 54641 54765 84164 161646
1212 1391 1929 5466 5852 6402 6783 6827 7197 7556 8420 11886 12704 13275 14714 14788 16075 16644 18458 19569 20624 20704 21402 21756 23595 26252 28086 29491 42056 42945 48484 56161 58797 70781 88962 108588
145 2011 3611 3777 5063 6073 6879 7539 7849 8229 8871 8960 9544 10096 12969 12999 13137 14663 16503 18093 20924 22543 23005 23457 24672 27311 30510 32690 36335 40123 42607 46080 57116 71510 79222 121895
327 722 1099 3086 3394 3706 3747 3825 3885 5207 6853 7209 7533 9923 10236 11420 12283 15167 15544 15788 18687 19655 20955 21629 23889 33037 33055 37707 37880 47932 62284 66276 69984 83174 92861 114845
763 2293 3685 4540 5005 5232 7082 8242 8927 9561 9749 9757 12068 12950 15461 15799 15860 17771 18599 18609 20315 20671 22767 32556 33169 34152 34431 34628 35516 40863 49925 51231 56627 64248 95765 106900
157 1905 2436 2948 2996 4450 4782 6672 9124 9490 9840 9946 11110 11784 12217 12909 13671 13717 14915 18317 18492 20708 21352 22271 22998 29171 32172 35785 41155 42595 48144 59921 63504 68361 82097 89117
408 507 1942 3474 5414 5489 5666 6981 8034 8325 8841 10183 10358 10627 10937 11296 11890 12561 14330 15933 18925 19861 20270 26589 26829 35874 38237 40139 41805 43457 44877 54211 55487 67299 69617 89694
352 353 422 836 1888 2292 2462 3549 4178 5211 5945 7335 7559 9671 9764 9949 11393 12281 12939 13007 15515 17163 22660 24720 28205 33155 36512 36685 36954 39569 45449 53900 61938 67396 112684 117942
263 846 1701 2338 3089 4110 4383 5208 7172 7295 7466 8522 10496 11416 13914 14294 14546 14674 15263 17906 19779 23648 29947 32584 32698 34905 35610 37449 43361 48083 57738 57853 62403 63356 72434 84360
89 108 1678 2789 3068 3508 4452 5220 5931 8669 10023 11460 11766 12608 14696 19562 21009 21414 23504 23598 25183 25797 28491 29556 29947 30212 33761 33921 35649 43399 49459 57749 58468 62448 74268 86288
1081 2046 2184 2458 3817 5606 6297 7447 7896 10012 10697 12590 13873 14734 15043 15065 16007 16033 16688 17534 18802 24675 26538 28473 29089 30831 32731 33433 33906 34669 36201 37674 50485 51999 77457 104175
809 1596 3000 4414 4514 5001 5012 5400 6218 6239 7487 8368 9930 10277 12301 12712 13087 16145 16965 19165 21096 22110 23070 23777 27427 30594 31677 31724 36164 42726 43773 52988 65030 65446 80468 111991
