1000 24 9
14341 17237 78178 101864 101884 111163 127827 130269 182904
5246 36820 55820 101770 108752 124444 135551 151832 156081
14152 20663 59746 84267 97656 112443 118642 188435 203143
4652 8365 33961 36161 61684 62687 83577 156152 370923
14072 19148 33036 67154 107471 122121 134562 139280 187004
580 595 15805 47658 70252 106434 169816 183016 297553
1177 6371 16223 38331 56176 99192 107181 146453 327587
1883 12128 26345 46096 74117 100857 159337 181828 224501
7553 15644 39195 70275 72238 79529 134192 153133 311879
29810 36178 57680 58862 65663 134932 150852 164015 224135
10906 15856 39476 54188 56059 105016 116172 194041 263372
9911 20275 28761 53665 65054 133707 184096 186409 212475
3873 22643 23006 27563 39890 58377 86539 192192 350845
2727 27054 29593 42534 45788 104891 145269 218171 314119
869 19658 37542 73151 82299 120096 126155 136026 200672
12854 18409 45571 60886 64453 77006 118879 160364 263794
6696 9715 23655 58642 107561 111200 134356 223728 242296
14081 17350 23632 27188 75792 134130 142132 156304 309386
11595 21053 40008 50017 56108 76646 174288 201971 211879
8355 17639 28245 48437 82037 143842 156236 202039 232423
25344 30519 34543 40326 81771 88679 125527 192865 202617
2846 13761 14488 56784 86941 109720 110620 143136 334967
1475 13056 24336 24850 40642 43320 46134 210388 405116
6359 15331 15447 24524 94621 141026 144237 161516 196820
