1000 12 26
385 580 1340 4245 4947 11876 12029 14392 15821 18029 19923 20783 22142 28676 29411 32240 39857 45280 45594 46540 54373 57803 79537 85385 86701 95066
511 3106 4174 5122 6886 12292 14293 18049 18376 22196 25331 27367 29239 30145 33765 35597 35848 38037 41629 48101 49825 54847 56860 84359 84834 107389
564 2488 9299 11096 12652 13545 13774 15681 22612 22944 23166 23494 28807 29801 31430 31497 33862 35574 39169 41764 43849 58219 60460 65748 79068 156600
46 1204 1423 1686 1919 3417 4570 4600 5656 7906 8120 8782 14147 15969 19052 33853 37011 48998 51639 58597 71999 81636 89428 89660 90669 102382
787 3742 4755 5374 5448 5570 6367 8104 8170 12815 13247 20189 26613 29185 34099 37151 39946 41985 50301 53403 61938 66725 73733 82626 102959 121309
2385 3173 5452 6050 6555 8921 9577 11113 12558 16991 18675 20668 21245 23314 24584 26499 28445 31184 47693 50561 61786 61868 65630 74754 78011 134548
3799 3807 3907 4645 5888 7335 7616 8012 9278 11383 14345 14549 18193 20133 22500 24342 36634 39885 43767 48092 50526 63448 66084 70864 75923 227438
737 2540 2764 4004 4957 4966 6008 11226 12029 16211 20562 22282 22576 23086 24656 25288 31652 37848 43114 43270 48232 66003 78752 91649 99637 124191
449 796 2922 3503 4149 4362 5444 10692 12230 17613 18177 18453 22413 23611 24168 25222 37829 38340 41134 41881 52737 76395 84338 94875 101304 132368
3422 3818 5954 7541 11455 11517 16080 19296 20847 22028 23355 23581 28278 30282 30682 34764 35000 37200 41868 45321 48431 59491 60145 64490 113428 125428
454 1650 2577 3165 4709 5684 6067 6183 7262 9110 11433 15921 17007 18399 24961 26831 29836 41636 47887 51724 60417 65385 80184 83269 88906 154494
946 1438 2641 4627 5565 5832 5857 8097 9698 13430 15099 16372 18859 19051 23244 23926 24641 34903 40556 42154 45270 60506 67292 130455 134949 151531
