1000 11 23
577 1440 1628 2123 6736 11759 12692 15572 18943 20546 21497 23048 28213 34576 34887 44049 46352 58970 78607 96492 98588 99374 163192
1969 2608 3292 5651 6733 7174 10277 12410 13497 16640 17683 30343 31142 45551 62806 65885 66488 67827 70227 77543 91886 98910 106326
1306 2056 4689 8965 12442 17570 18234 18879 19216 40006 40631 41157 41981 42875 43107 48021 52783 53327 54286 59018 71109 89026 106691
4286 4309 8033 8324 11041 11387 11436 15940 18048 18546 22958 32797 33649 37300 38126 53464 59850 69866 74531 80963 81678 87710 154422
1630 2854 3056 12462 13680 15043 16717 18352 23800 27131 30559 34154 36184 39274 40305 40480 44830 56656 60874 61867 62469 62794 149860
223 1477 3891 6646 12110 13265 14951 16772 17122 17508 17563 18448 19802 22454 28189 31128 52550 63851 69843 77999 100400 131221 140412
1614 3404 5315 9496 11444 16230 24591 30568 30912 32310 33981 36065 38431 38980 40587 52352 52881 56919 58812 59655 65691 75123 136141
1817 2740 3500 5976 7999 8377 11947 19818 23036 23252 27719 34675 38991 43717 45635 50885 52268 53652 61328 74636 90363 97129 160260
235 1144 6966 7904 9085 13976 20561 22621 24446 26459 28022 29507 33816 41295 44390 45573 51021 51059 70580 87773 90072 99636 105571
431 6113 7173 8363 8364 10467 14033 15579 16256 16264 17421 20507 27803 33256 36280 36700 45262 46595 74959 79325 104189 111857 162393
178 664 1506 3497 3956 5400 7227 12921 13616 13674 14582 18937 23115 25722 29400 36048 47682 72241 72299 73675 99555 153520 177329
