1000 26 12
6193 7376 7653 21376 28334 46361 97003 106507 116521 159803 169830 188072
2706 12742 39681 46536 56239 64305 67270 72534 92871 119819 184456 206000
3612 6947 23193 24049 40281 59898 78931 88886 89556 100824 102505 334422
26848 26869 35436 40460 64996 70226 87618 104885 108486 118645 123194 149491
7700 20641 21264 24051 37520 65544 67691 80704 114637 115455 160130 235715
1999 3535 27512 28162 34388 49855 70987 92211 98896 121285 187843 250421
3234 5868 16133 20065 34261 51476 62625 101584 104898 131807 145452 294578
8689 10098 10111 17474 29146 45910 78418 80358 100639 150965 156112 253930
165 12898 17282 34763 40104 40314 41021 55310 80944 109101 201028 293613
1012 6817 22148 24353 32786 39770 48563 84352 100280 155373 161510 266053
174 310 5688 7068 32391 77816 77999 93264 93506 166288 205410 205707
9758 18486 23679 37655 55733 57982 59506 62820 104610 132709 169065 194092
13489 14413 15230 40742 47942 48791 49936 87568 91240 109287 143711 288550
8507 10782 11061 26210 27896 39687 55845 91947 103484 109406 124240 316419
10103 15497 21683 22809 34196 50988 56228 61329 71779 98347 184871 331471
3951 4689 4836 6572 8725 8727 42574 43141 69170 105625 286862 389482
6120 8843 9572 44777 48390 60609 73725 102993 119905 140663 152614 182928
8589 13983 28509 50179 51347 58377 68435 101493 109649 119766 150450 165040
711 11082 11469 23777 35610 63967 68062 80234 106567 166400 200861 203824
6744 14883 22322 23764 25751 31871 44606 58940 99669 130030 136009 359840
500 6763 7857 14298 16521 43295 74309 96008 108614 133435 221155 242125
3007 7646 9386 23093 27331 49134 60604 73472 97929 121724 149108 329100
7369 9321 11104 13807 20125 22137 37537 97603 132699 140615 178703 255367
8 8115 10835 20122 21151 52801 53483 70135 95415 200011 202745 234516
114 4227 6431 9792 27393 39134 73906 94502 96121 96936 110304 398169
2300 2926 7521 39287 53734 68542 74802 94877 122505 126815 155956 181157
