1000 50 7
72133 84580 105197 109789 112128 131686 293523
99 7006 61723 62068 66573 333776 341022
25380 26273 75619 86480 187544 196488 259976
31806 41791 110013 124433 163284 211787 254287
5586 55787 81912 111278 153493 154078 344755
26743 43530 65420 98363 115192 146179 403309
34528 41135 58067 119237 121664 159611 395064
59997 60155 71302 72001 172168 197739 288220
7263 9553 34009 59698 91081 178118 489654
68200 73305 75257 94338 119395 158984 335644
20703 46475 59939 59947 91581 227851 344338
17288 39132 41878 104477 129577 166058 347528
41267 78667 84187 97402 195552 212321 226741
24289 29575 42560 132864 138683 254142 301228
35032 49743 81123 82329 116429 257404 273494
13576 52952 55181 58350 176767 227401 275555
22866 48287 64516 80855 145300 227660 261409
35292 51401 80561 116942 122552 235333 270432
26240 27790 42541 60037 112886 114252 462352
6504 11371 72406 83188 203754 219143 244447
6125 7081 76991 79400 123734 238256 350083
24597 27431 50127 78820 191090 195160 332590
43064 60740 62744 94336 126765 218489 292800
42162 42303 115317 122482 144385 164730 217769
31225 58567 129264 142593 162254 176287 232947
810 13961 84242 97533 178122 202230 272803
15517 44075 128647 148190 152763 163643 214080
1442 6591 10356 32687 64478 212740 568015
31727 34011 41086 98336 139013 195540 331453
2571 35199 47935 65168 141587 171946 457844
7770 25937 35451 36007 66846 304767 453565
12025 15881 30045 96912 154022 173607 400379
69556 71061 93235 118451 175519 186035 192197
22574 32831 34456 40257 146872 304928 319374
1358 41351 56180 85502 87457 88394 575083
16317 38199 50417 132134 175785 236849 292395
16324 53606 55636 69462 175641 207347 318029
4897 24782 50350 105593 207826 211427 286332
7194 17872 44888 87132 97801 119255 531048
68413 70372 91372 128237 160008 200656 220202
8760 98727 109400 109454 145113 212451 240086
1903 60008 70017 80395 194850 214606 253619
5430 20965 30039 33407 197996 246498 336460
32795 33318 33679 112791 176934 248935 251606
11666 15288 59289 117653 175649 204330 272099
45321 84730 90138 95257 96558 104962 351138
16250 53486 120943 142220 144212 152808 269329
32773 54409 89978 101875 143238 170412 285586
6629 26814 45740 58984 220516 256397 285052
10534 34201 47468 114154 146275 236113 280716
