1000 40 40
125 2412 2858 3161 3305 4222 4415 4488 5734 6364 7921 8451 8794 9673 9903 10276 12722 14086 16740 17074 17533 23956 23988 24526 28227 28717 28904 30389 31683 33132 33833 35603 41370 46917 48432 56510 59752 62908 64583 76208
527 1698 2659 2856 3247 3312 3401 4716 5282 6439 6821 7289 8756 9657 10646 12706 13171 14236 15943 17295 20540 20972 21209 23288 24416 24824 26547 28051 31041 34322 36897 37007 38159 42482 46106 46337 48747 64368 70339 106416
2046 2154 2233 5871 6310 6743 6976 7015 8753 9809 9844 9969 10260 11188 12089 12404 12995 13063 13668 13861 14096 15727 16483 16925 17926 17930 22609 23131 24968 30370 30641 33122 38124 46775 49257 53064 54694 59596 83306 132816
619 636 2010 2744 4183 4269 4569 5239 6489 7727 8038 8907 9067 10653 11422 12102 12136 13886 15076 17728 18233 18486 20396 20749 21494 22617 24698 26137 26377 26994 28209 34489 35701 43560 56033 59165 59906 65592 83734 89033
14 1265 2908 3313 5667 6438 6879 6883 8312 8334 8349 8352 8897 9740 11218 13440 14300 14850 15961 18010 20852 21546 23156 23937 24549 25149 26080 26252 26818 28115 30331 35468 38626 41155 41914 46283 56769 65596 72401 88453
582 820 1102 2382 3532 5586 5845 6679 6702 8025 8548 8901 9558 11574 11713 12347 13770 14218 14820 16773 20367 20705 21283 22741 25864 26063 28511 30618 33111 33319 33580 33935 34097 39996 41533 48170 50727 79511 79590 81847
351 585 938 976 1926 2569 3112 3567 4417 5182 6285 6378 6906 7721 9215 9429 12557 13603 16477 20286 21665 23815 25468 27819 28534 29140 30868 33649 34551 38584 39576 44010 46182 48324 48454 49819 54643 54652 60609 80596
276 368 2459 3636 3997 4210 4435 6826 6870 7514 7543 7618 9397 9578 9747 9765 10042 11321 13344 16187 17387 18260 19033 19324 21790 24444 24476 24631 25829 31366 31510 35208 41663 42512 59464 66692 67571 69461 69527 92947
941 1028 1806 3282 3616 4162 4559 5046 5439 5582 8151 8340 9458 10118 10467 12674 13005 14242 14617 14694 16855 21336 21575 22298 22475 23069 23434 24142 24143 28046 31980 41511 42883 45344 47619 55383 65246 71211 82298 90593
770 1344 1955 2242 3376 3717 3908 3993 5665 6078 8079 9486 12441 14391 14617 15640 16024 16669 17069 17909 20876 21665 24731 26028 26614 28246 32584 33487 35261 39646 42804 43644 44384 44664 45060 50776 56181 56553 57268 58665
194 844 869 1104 1679 2246 2616 2692 2899 3023 3383 5252 5783 7418 7780 9096 13505 16670 16824 18239 18330 21537 25465 26162 26759 27012 27201 27310 28432 28493 29836 30229 35327 46153 49438 53023 72845 77615 79676 117749
971 1030 1939 2350 3956 4577 5444 5621 6037 6226 6340 6742 6811 7346 7540 9786 11451 13292 13652 19736 20518 21939 22171 25482 25520 25925 26659 26987 27217 28011 30068 35582 35795 42562 50468 52230 62411 66579 77987 90699
638 716 724 1544 1985 2630 4106 4219 5593 6513 6533 7491 8254 8813 10352 10733 10744 11333 12202 12978 13966 19058 20151 20586 20611 20921 24558 24918 29202 30273 31433 34445 40610 45629 51249 55033 63821 71195 83328 124269
141 2146 2470 2603 2700 4782 4921 4993 6810 7472 8153 8477 10040 10364 10666 11119 12632 14863 14868 15123 15352 16589 16976 20615 22642 24186 25047 26296 27467 29158 30264 31232 33882 36888 42296 45153 53728 61209 71700 188844
89 220 716 1098 1983 2647 4508 5413 5560 6749 6954 7206 7718 8089 9292 12112 12260 13064 14053 18583 19213 19344 20655 21535 29754 29861 30247 31772 33129 41377 42397 44359 48950 49869 55791 56607 60259 61944 67744 69145
189 1881 2004 2104 2668 3188 3968 4930 4967 5041 5381 5450 6514 7282 7379 7588 9708 12206 14272 17887 17980 18864 19826 20440 22355 22511 23617 23889 29938 38921 40229 42068 45770 52725 52750 55172 58367 76759 83241 89773
130 770 986 991 2302 2503 4280 6255 6342 6428 6536 8785 10997 11319 12228 12324 15417 16554 17556 19122 21647 22005 23481 24539 24757 25630 27690 28795 29908 30148 30487 32205 34269 36583 39851 41736 47898 51051 79113 136158
1157 1241 1397 2453 2829 2916 3117 4795 4967 5846 6168 6866 7239 8321 9397 11139 14131 14365 14995 15202 17985 18318 19240 20034 21607 21729 22073 22780 24287 25899 27102 27687 28360 29180 30675 45691 53586 92441 104195 163546
852 2464 3340 4051 4206 4727 4857 5697 5853 6687 6761 7183 7797 8126 8635 10032 10767 10808 11310 12554 14688 16302 17301 18599 19839 21863 27504 28260 32294 32472 33151 33549 35377 45352 49523 56517 69256 89132 94694 98020
1094 1310 1954 2008 2081 2121 2802 2833 3495 3809 4308 4513 8303 11142 13634 14420 15774 16215 17453 17698 21534 21903 24367 24925 25554 26888 28903 29099 29668 31789 32763 33586 33840 43267 47161 52912 65854 71083 80035 85043
2881 3179 3309 3381 4239 6850 6934 7409 8256 8283 9710 10712 10928 11928 12062 13010 13109 13665 13724 13852 15762 17386 18373 19619 20728 20915 22158 22780 23201 25184 26950 27034 41658 42151 48178 60229 65776 66868 79835 104203
208 809 1068 2137 2385 2830 2873 4497 4806 5288 7373 7742 9051 9776 9873 13020 13904 13992 14078 17221 17426 18073 19933 20796 21607 22094 24023 31423 31905 32643 33407 38115 41679 45506 47388 57309 72577 75618 79985 99397
287 693 695 1349 2288 2809 3910 4113 4285 5905 6206 7079 7418 8276 8571 8627 9003 9907 10381 11189 12703 14412 15492 15787 16949 17136 19110 20270 23766 24056 24601 29660 32647 49430 56953 65924 67907 82410 96849 142790
978 1421 1763 2184 2614 5318 5319 6144 6886 9383 10530 12347 13201 13653 13834 14460 14521 15878 15942 17094 18165 18698 20201 20237 20699 20986 22862 27433 27619 36553 43585 44295 45418 48656 51188 51431 52686 54939 55804 70134
662 970 997 1764 2487 2615 2700 2957 3285 3437 3991 4294 5305 5941 8157 8971 9251 10038 10368 10657 12229 12283 15847 18084 20221 20737 22362 24670 26204 28264 28731 42869 43985 45099 45642 47638 50950 81971 126631 143356
235 382 446 1148 1253 2030 2209 2918 3562 3978 4882 7266 8216 9783 9835 10481 10926 11189 12139 17672 17778 17822 18031 21039 21425 23277 24732 33952 35893 36236 36911 38867 41401 48442 53124 53317 53835 54435 77793 108840
1109 1310 1402 2445 2615 3122 4972 5243 5487 6319 6843 7091 8121 9603 10806 11269 11636 16970 18657 18764 19773 21581 22745 22790 24027 24537 29331 30953 31924 34157 34708 35667 40640 41531 44746 45004 50557 51296 94233 104865
323 826 2092 4094 5346 6015 6348 7743 7890 7954 8878 9058 9784 10997 11959 12307 12644 16778 17103 17232 17751 18687 18955 22522 23700 25553 30065 31996 36161 36265 36519 38107 40942 41692 45567 46199 46205 59277 62073 84337
3 301 691 716 1237 1672 1701 1896 2416 2552 5808 7018 7893 12066 12104 12959 13065 13088 13298 13968 14178 15017 16373 18522 23415 24982 26350 27792 28565 30270 31028 32777 32939 33107 42178 44270 80130 82983 97718 133731
198 814 885 904 1171 1465 1580 3348 3801 3998 6345 7525 7587 7645 8453 11399 12916 13321 15372 15638 15913 18435 21006 22612 22927 24789 26200 27401 28146 29031 29872 34256 34898 42159 48605 55778 63755 66699 67755 148303
134 394 1536 1605 2356 2844 3080 3760 4385 4485 4600 7137 8463 10072 10979 11937 13843 13884 14186 16118 16260 16524 17514 18599 20299 20987 21362 22050 31291 40994 41320 41460 42612 47936 49148 58185 67640 67991 74825 85799
205 1194 1624 2364 2779 5729 6342 7565 7960 8283 8527 9569 9755 10180 11959 12307 12589 13734 15011 17724 18903 19107 19423 20134 21148 23939 27808 30359 35337 38585 39433 39683 44655 46338 51454 52790 62472 64439 68011 73069
2689 2903 3041 3192 3559 3753 4680 5274 5817 6819 7112 7738 8703 11087 12990 13194 13323 14709 15784 17362 17704 18094 18582 20014 22780 28679 31550 31767 35222 35559 35681 35857 36158 38501 46076 46723 46914 47306 91499 100009
449 678 2391 3594 4346 4799 5330 5401 6324 6708 6792 6798 6829 7089 7213 7325 7991 8624 11621 13784 14023 14165 14529 16980 18118 18437 22499 25159 27154 31528 35332 36208 38754 48368 58877 62774 64305 70980 72144 128139
73 1915 2252 2286 2630 2651 2706 3129 3723 3765 5967 6079 6259 6721 8781 9082 9401 12984 14212 14226 15582 17388 17637 19325 20816 23342 24017 26275 28750 38103 39160 39454 39871 43915 67919 69032 70539 76004 80465 86724
664 1413 1991 2507 2808 4347 4490 5139 5221 5441 6033 6207 7170 8315 8721 9313 9375 11436 13851 13958 14283 15083 16485 18282 18734 19243 23274 24167 38426 40108 40843 41100 49663 54771 56300 58288 61429 69950 70267 80263
167 288 297 601 936 1395 3079 3293 4373 4674 4764 6588 8328 10068 10368 10568 11466 14479 16078 17803 18306 18689 18945 22199 24045 27074 27363 27856 34149 35113 45862 46886 48829 51727 53442 57784 62736 67060 68002 74418
468 1106 1278 1359 2390 4014 4735 4804 7798 9271 9428 9751 10840 10959 11387 12125 13708 14286 19120 20603 22353 22482 24683 25230 25908 27993 30346 31351 31359 32630 33745 35264 36065 37143 52645 56984 58145 60381 70174 71785
767 948 1049 1319 2011 4736 6317 6505 6518 7506 7900 10227 10314 11512 11869 12166 12688 12759 13650 14384 14403 15293 15718 16184 17500 19172 24796 28236 28882 30085 31004 33791 34817 41313 46472 46876 48546 54945 107475 141967
1123 2388 3009 3557 3755 4128 4263 4336 5046 5521 6933 7416 9851 10219 11764 12662 12734 12910 15276 15763 16350 17982 19517 22644 23221 24861 28395 29415 31126 32063 33349 34610 41742 42892 46342 52399 59313 59537 94767 104435
