1000 16 28
1045 1892 2384 4806 5030 6655 7470 7628 8997 11471 16073 17460 17470 17931 18196 19626 24699 31043 35824 40510 40705 40861 51913 59918 75063 84693 113174 132752
462 692 4202 4252 6131 6630 9446 12340 13771 14001 17028 17330 18121 30689 31470 34709 34817 35013 35069 35747 45867 53572 58377 59365 76678 83891 88534 91231
303 1585 3524 3955 5170 6454 11334 19059 19869 20277 24826 25922 33245 34544 37163 37641 39882 39940 40634 42515 43204 43212 48832 55092 65390 72292 72567 99545
436 1758 4358 4376 4468 4860 9140 15880 17642 18198 19271 19404 21314 26876 27945 29608 30234 35585 38801 39354 39814 44019 57688 64230 75136 78191 92767 104849
13 53 638 1265 3662 5374 5935 7956 8836 9759 10383 12575 14176 14902 19628 27744 29215 33063 46633 46653 52132 57248 58584 62315 73772 86009 119311 133314
199 1281 1437 1605 2045 2456 5198 5631 7320 8933 12068 12548 14295 16406 19324 23471 24607 28138 33225 36413 43686 45785 45895 55694 63682 82174 142787 198111
911 4246 5433 6246 8714 10481 11004 11870 13054 13548 14123 15131 17149 17459 21377 22611 34908 36469 36858 54626 54841 59473 59689 61958 67567 67986 91287 106645
740 4172 6686 6929 10639 11040 11162 12745 12973 16993 17040 29304 29773 32158 32378 33119 35376 37112 39829 40116 49988 51097 51502 52845 62901 64624 72397 98213
109 321 1575 1820 1845 3917 4225 6935 8413 14319 18902 19444 20541 20688 22928 28975 32212 48036 48499 59523 59962 62764 63376 65487 66831 70506 81196 110450
23 226 1293 3229 7088 7872 10779 12658 13488 18235 18253 18313 19618 21794 23106 28386 29830 41539 43919 46544 47281 48115 49651 52745 60626 73628 92315 135260
289 811 2903 3451 4589 6559 6804 8240 9673 13347 15255 24611 24619 27472 30007 31302 32015 35268 38781 38988 40353 47024 48849 50396 66368 71479 73469 161521
516 1873 2069 2414 3160 5521 5805 6419 9123 9337 10383 14507 15051 25036 28102 28288 29205 30392 33922 49494 49652 57517 58324 61919 65914 76324 101991 111159
322 709 783 924 3746 5151 5503 7013 7140 7752 11251 13381 16659 19237 26128 31523 33749 33784 34392 38065 38223 41338 60856 63798 69897 73412 77543 170963
695 2440 3626 3707 4535 7204 8127 11989 12462 12658 14077 16687 16804 16987 17513 23451 25113 34937 37620 39443 54922 59355 66962 67826 67906 74509 89785 99535
202 560 2701 3531 4615 7194 9852 9916 10427 11150 11273 13189 13567 21033 25668 26090 29661 30313 31335 32222 34401 38257 39299 62231 80407 84691 143726 157115
1206 5617 6756 6980 8910 9410 12315 12885 16932 21610 22063 23378 23836 24494 24957 28447 29830 29940 31244 34923 37977 49991 54919 57316 67640 76442 96777 106628
