1000 22 38
1695 2035 2038 2705 5272 5622 5672 7169 7563 8014 8073 8656 8924 9058 9698 10883 12803 15339 15905 17249 17255 19162 20408 27703 28998 31771 35066 36062 40593 41646 41677 43456 47164 47214 54911 69092 71356 120468
976 2352 3209 3665 3921 4156 4596 8360 8580 9592 10366 10577 12036 13816 16422 16680 17349 17740 18523 18637 19151 20600 22585 24551 26089 29279 32540 32738 36532 39979 42058 48586 50650 51871 55881 60493 64052 74682
1429 2743 3562 4024 4126 4257 5024 6311 6658 10279 10600 11288 11462 11645 12731 13246 14738 16450 16923 21356 23891 24769 25963 26552 26927 30504 34086 35234 39055 41774 41919 43209 49764 53935 54440 58377 58420 60158
160 776 1897 2330 2964 3537 4709 5324 5828 6075 7037 7654 8334 8764 9948 9988 12205 13242 14657 15899 16304 16565 17739 18169 25155 25545 28576 30790 31288 37050 37223 37948 48438 52079 72420 73374 79343 131055
2018 3106 3656 3913 4610 5548 5824 7072 8461 8494 10720 11264 12135 12487 12796 14938 16562 17740 18666 20444 20579 20947 24344 24782 25108 25748 26865 28091 30580 31968 37251 38248 39765 40869 63308 64004 82961 90048
585 639 965 1018 1729 2153 2780 3775 3899 4901 5380 6711 8401 8619 10193 11569 11672 11681 11991 12780 17829 18353 22302 23370 26342 26541 30216 34211 35553 37961 42055 43925 49662 52434 66875 78834 94652 100726
522 798 849 886 1321 2525 3509 3999 4338 6767 7279 9143 10187 10415 10428 10984 12484 12969 16049 19004 19112 20306 21802 22252 25667 32597 36687 36813 39617 39765 43258 43394 48181 57345 58524 61133 76143 111252
210 549 851 3068 5430 6445 6912 7900 8468 8536 8897 9475 10676 11484 13324 14441 14840 14888 15769 15807 17123 17648 19139 21345 23543 23753 23966 26568 29040 33735 36213 39466 51089 55525 65518 81654 90879 102670
344 1870 2547 2996 3166 4341 7771 8216 8408 8594 8601 13353 15761 16340 16956 17058 19582 23035 23539 23644 24303 25019 25486 25518 27163 28534 28865 29696 30735 31195 35893 36314 37925 40167 41655 55263 85142 116119
315 814 1110 1237 1296 1337 1449 2856 3805 3980 4997 6283 7080 8506 10432 11434 12748 14379 15788 17187 17309 17505 17682 17740 20440 23105 26369 27483 29964 31738 34043 35953 45518 49670 76038 83733 117571 124795
744 1061 1805 3199 3758 4800 5540 6032 7070 7277 7321 8095 9092 9096 10807 11805 13339 15135 15551 15859 16187 16370 18244 19412 20279 20794 25602 26734 27198 32722 41179 43609 48721 59098 63039 65624 76617 143672
856 1408 1730 1869 5438 5675 6955 8045 8113 8508 8529 10332 10895 11953 12384 12736 13625 13723 17810 17967 18049 20694 20978 23701 23963 29261 31586 31768 41655 43988 49861 51894 54006 54748 59027 62615 63724 74583
388 2528 2801 3487 3641 4937 6866 7322 7418 7592 10020 10904 11414 12430 14249 16149 16688 16830 17488 20522 20924 22184 26258 27502 28161 29310 29958 30083 35742 42906 43069 43738 48537 51695 51794 53277 53473 76586
486 1499 2151 3636 4613 4640 5009 5681 5750 6090 6900 7127 7910 11039 12143 12478 13854 13945 16769 18254 18892 18895 19383 23380 24753 24962 29135 34995 40075 40276 43399 45477 48287 50941 64283 66523 81462 85937
929 972 3535 5035 5683 5855 6114 6201 9338 10167 10855 11168 11867 11984 12030 12471 12777 14039 14445 15624 16724 17920 20190 22935 24192 25296 25470 29347 29825 30699 33575 51616 54181 54946 75962 78217 80550 103992
361 559 1956 1967 4139 4452 4985 6156 6446 6449 6508 6891 8201 8579 9906 10181 10742 10902 11185 11965 17247 17294 17921 18782 20147 20570 24578 27194 34404 37834 42817 47435 48427 55025 58609 70778 86008 124908
55 999 1121 3188 3596 6048 7144 7263 7686 8308 8554 9650 10455 11247 11545 11909 12626 14974 15013 16136 16616 18089 20007 21373 26915 27462 27555 28030 33099 35621 36919 38958 43844 46549 51698 56875 62156 147549
281 300 2349 2765 2777 4592 4931 5324 6119 7489 8504 9317 10853 11000 12708 14252 14565 17910 18002 18585 21660 21692 21816 25140 25229 27883 31679 32116 35924 38066 38099 45227 46858 50842 56995 61849 70097 77332
1788 4008 4356 4444 5043 5240 5347 5619 6807 9326 10236 11150 11397 11625 12236 12461 14451 14692 15203 21587 23075 24030 24494 25224 27137 29454 31609 32307 35592 36459 36825 37185 47137 54058 60986 65745 66093 68275
417 432 1794 2351 3032 3154 4307 5281 5558 6046 7342 7853 9270 9539 13056 13509 14483 15319 17291 19823 19877 21078 21961 25765 25944 28301 30206 34164 34518 34818 41374 45124 47007 47105 52113 57386 59346 115941
413 809 889 957 3073 4329 7745 8042 8093 9035 12215 13779 14094 14671 15067 15286 17230 17236 17513 20170 20928 21126 22092 22159 24197 26155 26879 30033 31343 33454 35098 41799 45620 54798 59912 65430 77719 104803
676 787 2166 2203 3151 3476 3650 6421 6710 6890 8526 8594 10394 10777 11055 11806 13494 15738 17583 18420 18457 18708 19715 21387 21471 28205 28846 31166 31827 36250 43818 46112 52341 59116 64208 66315 79560 85272
