1000 29 50
655 1002 1042 1622 1889 2434 2583 2596 3090 3124 3168 4329 4368 4935 5251 5302 5634 5986 6366 6536 7181 7377 7448 8916 8970 9091 10501 14187 17592 18149 18800 20459 22153 22657 23414 23694 27023 28444 28506 31658 32179 36297 37925 38364 43809 47579 47702 48665 66230 82283
299 472 640 680 800 1011 1169 2851 4931 5010 5585 5886 5917 6428 7283 7904 8767 9615 10914 11569 13592 15545 16678 17366 18308 19809 20475 20734 20824 21113 23262 24012 24329 25397 25740 26643 26853 29599 30829 31348 32820 35409 35509 35657 36546 38531 40607 42218 42918 43050
297 511 722 727 1010 1247 1876 1897 2040 2094 2114 2263 2532 2979 3758 4127 4596 6752 7760 8012 8692 9337 9749 10695 11768 11861 11939 13788 13973 16130 16867 17982 21041 23602 24474 26591 26930 27270 27862 31088 32016 33780 38617 40062 47453 47793 51796 60651 65865 70755
118 1035 1128 1160 1828 2726 3722 4421 4576 4597 4602 4852 5414 6729 6825 6836 7180 7746 8705 8952 9451 9560 9967 10752 11098 11149 12565 12927 13399 13780 14585 15667 16784 18552 18830 19796 23104 25063 27106 29038 30549 30784 31916 34631 34820 44362 50107 50301 82086 110680
52 54 1447 1718 1895 1946 2110 2172 3040 3215 3352 3593 5178 5775 5923 6125 6601 7281 7798 7966 10231 11844 11952 13080 13623 14011 14034 15062 15166 16702 16906 17276 17594 18954 20681 22027 23652 24426 26440 27657 32320 32503 34566 36007 44925 52419 60246 60893 64751 89228
167 1021 1705 1789 2609 2642 2825 2918 3086 3161 3562 3874 4091 4268 4511 4774 4916 5007 5823 5910 6941 8116 9449 12200 13034 13262 14003 15140 15185 15329 15654 19053 19388 19574 19769 20000 20692 26740 29748 32175 33589 34821 38666 43596 43646 46355 54181 63201 65357 101686
27 576 684 1387 1721 2064 2665 2840 2954 3476 3601 3616 5243 5405 6640 6742 7362 7946 8547 9222 9703 10226 10227 10450 11133 11284 11817 11938 12006 12252 12776 12965 14830 18042 19924 20884 21034 27683 28690 29773 33974 34813 36672 40094 41976 42703 44055 80045 84793 88389
342 462 570 817 1310 1312 1390 1439 3233 3584 3893 3947 3979 4087 6151 6408 6680 6951 8875 9697 10456 12141 15036 15082 16560 16894 17152 20489 21206 21526 21637 23337 25014 25689 27160 27241 27419 28929 29036 29912 31446 32309 35526 35704 38509 38662 39978 41625 50422 94271
1333 2616 3044 3242 3383 3931 4398 5113 5261 5294 5454 5463 5477 5538 6101 7046 7777 7970 9251 11084 13268 13397 15846 16711 18206 18801 19530 19693 19694 20156 20533 20944 21245 22543 23214 23825 25701 25867 25920 27660 30271 31401 33964 37713 41456 41641 42631 45692 48721 73894
74 340 625 753 1353 1854 2164 2821 2921 3205 3306 4035 4143 6098 6216 6272 6987 7041 7955 8611 9099 9302 9796 10235 10289 10674 11114 11370 12855 14194 15186 15267 17853 19658 21807 22410 23393 24844 35089 37068 39023 40486 43079 43323 45519 48042 48181 55302 60058 67167
448 670 1058 1060 1192 1813 2067 2309 2582 3617 3627 3807 3883 3935 4021 4529 4895 5984 6516 6724 7126 7530 7899 8109 8608 8722 8818 9212 12445 13363 14983 16871 18013 18489 19624 21572 26017 26488 26704 30522 34294 35885 37572 38589 39478 47833 63575 67481 76480 77343
86 131 323 1347 1369 1399 2895 3141 3458 4225 4373 4391 6205 6359 6590 7302 7355 8082 8263 8387 9275 10043 10896 12110 12112 13059 13477 14456 15231 16985 17518 18832 21191 23744 23900 24024 26162 27002 28191 30007 31219 32515 32920 33460 36498 45238 55855 57227 57610 89249
200 415 463 862 1189 1254 1763 2183 2724 2789 3006 4208 6319 6464 7709 7843 8273 9015 9316 10396 11098 11335 12071 13389 13529 14284 14483 14869 14942 18377 18428 21465 22203 24188 24214 24936 25518 25706 26015 27348 27938 29351 40619 43673 43754 44321 45619 49104 52377 60843
60 350 358 434 853 980 1738 2244 2374 2626 2647 2931 3331 3677 4875 5022 6284 6613 6613 6809 7088 7856 9071 9141 9254 11274 12795 14817 16495 16605 16660 17576 17600 18842 20400 21125 21132 22999 23806 27786 31247 33263 37317 38261 40657 41639 55885 60165 75405 107988
363 463 466 1277 1303 1494 2395 3201 3386 3534 3638 4201 4301 5111 5441 6941 7589 8120 8376 8668 8866 9543 10909 11281 12397 12517 13020 13313 13361 14789 16038 16204 17565 18761 19034 19952 20096 21093 21557 23338 26991 29036 31274 32117 35298 43750 44702 64068 90088 93058
79 465 591 674 1170 2846 2907 3568 3645 3652 4093 4329 4614 6611 6697 7891 8097 8655 8923 12145 12855 13933 14115 15155 15521 16100 17029 17078 17903 18461 18689 21240 21608 21699 22960 26006 26896 28430 28666 28909 29691 31749 32361 33281 35773 41329 45887 52210 56442 78495
445 542 844 866 906 1033 2160 2746 3235 3648 4419 4510 5281 5846 6054 6204 6927 7159 7222 7671 7933 8195 8443 8739 8803 9159 10006 10492 10569 10686 12341 13229 13371 19913 20065 20552 23337 24264 27965 28786 30125 32729 36019 36850 40693 41878 42029 63968 93214 142741
385 798 975 1036 1927 1973 2144 2240 3106 4035 5172 5598 6961 7263 7517 7638 7945 8621 9761 9882 10742 11150 11807 12276 12924 13409 13547 14194 15158 16189 16663 17125 18093 18990 20118 20432 22278 22914 23960 28714 31729 32895 33578 35434 35757 36980 38506 53312 58270 97110
245 260 333 1178 1743 3062 3220 3424 3476 3984 4303 4415 4439 5200 5913 6126 6387 6980 7333 7550 7590 7752 8530 9232 10377 11039 11973 15107 15431 18521 18760 18772 19432 21409 22570 22797 23070 24685 24798 26754 28396 30526 31923 31939 36625 36767 48901 51439 65031 81641
298 610 1316 1693 2413 2532 2587 2723 2843 3478 3522 4074 4645 5643 5914 7321 8472 9402 9409 12763 12926 13295 13940 14537 14810 14873 15268 16121 16634 17006 17324 17660 18640 19580 20274 20792 23622 23950 23987 26957 27238 29579 33536 36715 36982 37550 39947 41029 50677 66931
701 2215 2774 3423 3760 3913 4333 4502 4859 6272 6624 6748 7104 7549 7737 7755 8494 8741 9395 10111 10437 11245 11846 12200 13171 14310 15188 16674 17495 17532 19491 20444 23717 25568 25728 27092 28027 28552 28567 28599 31182 31284 37714 38747 39689 43456 44884 45739 52378 56704
141 416 668 941 1008 1229 1461 1686 2149 2345 2727 3588 4065 5352 5992 6016 7186 7271 7293 8244 8960 9724 10501 11983 12103 13083 13151 17075 18467 18754 19578 20210 21887 22517 22785 26352 29284 30664 31243 31485 32684 34040 34451 34636 35374 42119 47241 59613 67187 102454
82 930 1387 1760 1992 2024 2522 2806 3402 3477 4054 4099 5631 5791 5976 6587 6919 7114 7444 8545 9013 9355 9527 11904 12734 13140 13547 14139 14620 16211 16562 17587 17788 18683 18906 20943 21141 21269 21501 22254 23588 25165 29141 34314 40290 46790 54818 75245 78477 84874
1154 1348 2182 2239 3115 4133 4404 4599 4631 4649 5284 5373 5499 6076 8216 8285 9251 9565 10714 11138 11157 13309 13503 13715 13765 14699 15014 15376 15401 16000 16310 17195 17581 19080 20956 22200 22541 25364 28695 29383 32247 33170 33457 33588 34270 36772 46294 49391 62715 101744
756 883 964 2113 2638 2679 2697 3133 3838 4224 4322 4614 5199 6015 6175 6322 6368 6536 7160 8346 8799 9357 11626 12371 13090 14399 16597 18521 20491 21678 22738 23610 25028 25334 25342 26351 26661 26663 28042 30213 30219 32514 33148 34168 35485 38284 54825 57211 59934 61818
693 2219 2416 2452 2519 2898 3316 3554 3574 3808 4921 5220 5246 5295 6056 6098 6707 6960 8493 10676 10809 11881 12189 13503 13793 14599 14621 15084 15932 17521 17805 17900 18132 20118 20443 21589 23707 23929 23956 27149 31930 33123 35676 39335 40331 43852 44394 56376 61841 89760
569 1719 1775 1825 1847 1955 2082 2386 3057 3533 4253 4710 4982 5070 5337 6169 6292 6356 6466 6597 6686 6767 7746 8365 9920 11564 12347 14239 14990 16778 16969 17433 17694 17822 21705 23954 25745 30238 30448 31116 32521 32540 32710 41795 47423 58081 58365 62703 66324 85061
103 547 922 1025 1816 2118 3115 3215 3426 3459 4011 4202 4720 4724 5195 5332 5382 5996 8697 9026 9075 10540 11175 11768 12395 12478 14054 15610 16627 17004 17488 17927 20254 22218 22624 23779 27194 29164 29451 33836 34098 34852 35346 36705 41033 42429 49819 55292 59910 73837
297 393 1155 2241 2312 2592 3052 3708 3844 3850 4651 5882 6460 7376 7797 7891 8339 8542 9665 11544 11752 12598 13063 14000 15089 15166 15780 16237 16526 17770 19185 19187 19691 20411 22249 22481 23635 24245 25167 25533 26312 27541 29274 30171 34064 35221 37493 46446 55412 87753
