1000 11 19
3332 6440 8154 11003 12199 13961 14767 16637 19243 20427 38362 58775 72729 80894 98814 100076 101613 133800 180985
1686 3603 5304 6625 17142 18049 22896 29409 33097 40857 46123 50304 58604 61095 75099 87646 98274 163065 174652
2936 6799 7108 12685 17411 17808 19612 21649 22371 28707 35674 37564 42656 44236 76594 78250 78345 115408 325407
2043 3672 5990 8605 10932 14980 16486 16534 21602 27213 30742 39970 42390 87563 91798 115947 117390 155792 186345
1294 6904 8376 12015 13931 19458 23444 26255 27888 32455 63773 74423 76585 76972 90301 92164 93686 103728 151101
2139 7638 11922 12470 14207 25399 25411 28758 29953 34274 35254 53718 58763 65699 93685 94169 96587 150189 152806
63 1783 2077 14437 23777 31795 38382 43826 44013 46581 48591 55141 55712 61942 66514 73692 99737 100351 185779
219 2473 3497 5445 5727 11204 16015 20428 27948 46103 46489 58016 66085 67992 95347 99803 129954 135815 153767
636 6920 13927 16094 16231 24475 32430 32577 34929 36825 48909 51960 71615 82312 82678 88034 103061 112836 133041
3888 4864 11724 13845 15570 19995 21819 25188 32054 39100 50658 51380 51478 67909 89555 90493 96463 107339 202596
5291 8661 11552 13615 13664 13826 16921 18486 18967 20866 48504 55431 65116 65302 97643 98358 111618 145206 162258
