1000 23 29
404 2083 3588 3863 5379 5946 6711 7987 9047 9350 11186 14627 16432 16844 17545 20760 23259 35608 36311 36421 38727 44217 45908 48509 53315 55695 62721 71493 78246
327 551 2755 3872 4715 4880 5182 7318 7344 9466 10372 12965 15839 16342 23279 23725 24778 26556 30855 33879 39314 40927 51079 52390 58644 60191 88228 113252 122322
73 877 951 2842 5231 7851 9073 9162 10330 10757 11561 13886 16260 20913 24701 26362 26529 27110 28520 30896 33288 36544 37395 38043 45011 51731 60765 79060 96764
315 569 2178 2481 2623 2713 4311 4465 8329 11437 12035 14741 15030 17313 17390 17579 19083 23731 25882 36187 37682 43837 45234 46185 53230 61621 65956 70490 113523
283 674 2479 3707 4787 5542 5630 5758 6134 8568 11308 11323 11509 12739 21564 22339 33186 37732 41785 44541 44734 47418 47559 49351 52618 56670 77576 107351 111638
373 1926 2696 5727 6903 8945 9438 9921 10114 10629 11374 11918 12715 13259 13636 13759 19749 20314 24044 25417 29244 33103 34025 35231 40527 44726 68596 99638 128524
2317 4030 4935 6945 7286 8452 9511 10909 12264 16507 16652 17740 17785 20478 22703 24306 25241 26189 37478 38571 39542 41148 41408 42686 46429 50867 56047 61952 91808
499 1842 3349 4073 5297 5538 5688 5897 7005 8621 12975 13748 13945 15156 18970 28808 30636 31237 32370 33043 35311 43532 47047 51073 52612 58218 76011 81788 82396
151 550 1042 1265 3656 6352 8177 11370 13573 13886 18966 19012 20730 21685 24153 24735 26468 26905 28017 28335 28549 39384 41035 44090 48791 53324 56333 62064 67644
1428 2967 3590 4341 6196 6784 8381 8968 9332 9360 14456 16064 16328 17158 23702 27509 27736 28727 29456 30448 30640 32695 36836 47732 49126 50802 62758 63638 87645
956 1252 3537 5723 6920 7762 9843 10064 11357 11832 11926 18390 19845 20845 20970 22327 22779 23101 26452 29537 35256 35526 35988 40301 49592 56347 70061 73448 81891
533 1129 1724 2736 3397 5451 8201 13115 17915 18134 21869 23019 24601 24843 25699 29707 31161 32658 32973 34645 44942 45249 50323 53684 57865 61173 61564 73618 75599
287 2004 3902 4226 4411 6276 6633 6650 6863 11428 11691 12929 13465 15684 16066 20207 21361 28763 31590 33422 35085 35429 35454 36719 42491 44649 75296 78113 109703
401 623 757 4315 5620 6011 6114 9935 13720 13849 13991 16573 18588 19229 21182 25190 31654 31978 32884 34735 37458 37928 38767 41607 43308 44047 49694 66040 71983
252 2550 5032 5222 6010 6316 6354 6725 6999 7430 8870 12106 12235 14180 20366 27067 27387 27847 28921 31519 34881 47926 48964 50301 50894 56465 59699 65912 112201
845 2151 2226 5275 6404 8857 8988 11134 11489 12154 12909 16262 16586 16975 19906 20323 23435 23509 24815 29392 32045 35911 42442 45860 53262 59696 64561 69524 94872
761 1231 3834 4227 6252 9360 9763 10908 12291 12650 12899 14228 15019 17194 28319 28517 29473 34863 34944 38395 39444 42342 43600 45603 45679 48378 63608 98102 151014
1031 1128 1605 2008 2499 3569 3918 3988 4360 6739 6981 8158 8733 11769 12089 12369 13509 19876 20762 26965 34413 36114 46040 50902 53140 54436 67918 85240 134134
124 286 4211 4509 5194 6134 6679 6709 8608 9786 14915 14985 15276 18420 18962 19054 19117 22394 23097 24914 25855 30703 36189 45812 53782 54486 63633 94678 96749
512 736 1500 1869 5241 5549 6045 6117 6861 8840 11100 12426 13258 13286 13384 13959 14911 17270 24694 31926 32046 36905 40635 42085 48660 55345 60065 70761 149921
1511 1684 2581 4719 5977 7937 8237 9214 11262 12509 14712 19517 20059 20202 21578 21696 27299 28297 28783 30983 33539 42504 46410 53564 54320 59158 63258 70615 76011
852 3924 4388 6827 6942 8769 8954 8961 11855 14934 15611 18125 20593 20660 21056 25232 26734 27183 27703 27889 31694 33464 38101 43721 45677 53203 62793 85699 111094
824 827 1852 4370 8402 9291 13176 13807 14567 15678 16526 17940 21774 22329 23634 24551 25458 31431 35444 39408 39955 40432 46718 51951 53075 62202 66617 79415 100108
