1000 9 13
4079 7377 11915 30544 35341 41779 58272 61674 84367 87514 118948 161766 173070
9916 11246 12063 14236 27154 56753 56895 57246 57642 101707 108356 181697 252068
4019 12602 20613 30324 36654 40666 41496 56929 93251 96336 111157 180768 193936
10515 12515 13829 17305 20217 27380 27740 47504 62839 89042 112807 196672 316132
5494 11950 19474 30523 32847 33410 52003 73441 94578 102686 126152 145726 226488
8135 8210 19706 23911 30548 47172 64834 66526 71459 96843 127313 159327 172067
4811 5171 14248 45384 47464 54868 79107 80272 83132 88646 102270 125635 164729
2515 5950 15442 17455 18365 19981 29899 52541 62489 83662 121268 148635 311028
5159 6806 23905 25037 27078 40870 47505 75279 115375 118306 132061 134050 199808
