1000 34 37
958 1704 2004 2250 3149 3226 3337 3993 4175 4197 5252 8249 8961 10437 11299 13251 14442 15429 17230 17523 18381 19996 20008 24663 24981 25202 25610 27414 27920 30594 32977 34073 34914 40265 47705 81431 81721
2 305 319 446 518 1713 1910 2671 3579 6004 6924 7774 10635 11426 11910 13149 13485 15777 17368 17421 17588 17733 18929 21160 23838 24020 30512 34333 35274 37503 39238 39773 41110 42755 54566 86991 104116
370 564 1036 3591 5223 5617 5995 6135 6365 6702 6997 7010 11796 12319 13372 14514 14741 19727 19758 21381 21924 23720 24638 25725 26578 26637 26637 26687 28008 28287 28297 34673 45794 48240 49272 59697 59773
631 2773 3784 5194 5824 6456 8356 9432 10040 10779 11520 13413 13676 14717 15212 15402 15675 16346 17095 18180 19243 19664 21016 22872 24430 24776 25214 25441 25989 26471 28246 30540 43118 43467 53418 58007 65353
249 747 2645 3723 3982 4206 6649 6827 7338 7929 12161 12323 12558 12980 15478 15490 16903 17105 17722 20147 21845 23224 23608 25060 25249 29336 32559 33161 35235 36492 37630 42480 48467 48700 50392 69628 76513
999 1878 2548 3537 3587 4126 4370 4951 6152 7747 8197 8758 10013 10492 11241 13348 13849 14261 14562 16005 16341 17486 17724 19504 22570 26634 32408 34159 35366 36142 44707 56189 60592 61194 64477 67761 98886
108 237 1070 1113 2318 2524 3806 3815 4073 4289 4336 4521 6308 7181 7395 8465 10083 13007 13962 15607 20066 21455 24309 24337 29144 30554 34067 35615 42285 43234 47177 47804 52978 54280 68312 73429 82619
275 860 1246 1954 1983 2101 2106 2185 2279 2904 3088 3297 5072 5714 6212 7192 10334 10855 11146 19310 20427 22172 23160 23731 26489 29338 32722 33464 33835 37743 48419 52432 55637 56329 60692 79888 117312
2 119 612 1221 1222 3134 3135 3283 3895 6435 8433 10360 10499 11934 15351 17304 17356 17516 17904 19137 19964 20327 24933 25365 32397 32581 34021 35013 35334 38832 41932 43476 44283 57519 67439 73784 79392
3171 3609 3879 3999 4010 5033 5365 7148 7669 7868 8602 11275 11549 12628 14944 15626 16572 16595 16810 17818 19995 21204 21777 22746 24686 27212 27850 28795 29007 29695 31120 31403 45018 46887 57039 65027 65193
680 836 1318 1816 2795 4484 5198 6425 7711 7882 8402 8589 11639 12435 14085 15193 15370 16614 17128 17588 19059 19183 21627 22319 24633 24834 24834 26761 28208 36735 38609 39845 42898 48424 49984 67106 84983
324 1385 1790 2483 2848 3120 3748 3822 3865 4060 4116 9073 9149 10348 11555 12825 14419 15761 16473 18372 20793 22635 24225 24232 25136 25281 25283 25966 32926 35394 42012 44998 51430 54831 64303 69216 94622
633 985 1689 2422 2775 3116 3351 3395 4405 5886 6241 6303 10380 10417 13988 16536 16870 17449 17798 19220 20478 23502 26225 27186 27991 28199 31986 35712 38013 40300 43505 47790 48843 59339 66938 71527 76500
1375 1453 1709 1940 2359 2601 2891 5325 6345 6505 10159 14305 15810 16070 16514 17269 17984 18549 18580 21264 25161 26165 28455 28517 29322 29428 30766 31073 31282 37844 46850 54692 55606 59295 60831 61022 62281
511 1533 1641 1853 2781 3235 4868 5365 6530 6771 6843 7131 7676 8245 8605 9309 11401 11605 13174 14430 16515 17781 18667 18896 19156 19302 20710 24337 25489 31298 36149 48574 49710 54669 56779 68749 82770
365 1639 2404 2521 3176 3996 4055 4146 4907 5656 5771 5819 5830 6042 6403 6839 7133 8714 11088 12977 13368 15916 21224 23648 24071 24143 24788 25741 29386 36761 41267 48046 50806 53827 54246 56689 113685
2407 2414 2493 3718 3795 4593 5281 6246 6522 6611 7781 7847 8135 8333 8524 8883 11346 11391 11916 12226 12241 12937 13013 13042 14498 20933 22419 27895 29051 30900 34338 39584 46794 50250 63055 70261 73837
308 399 1277 1365 1785 4506 4905 5778 5995 6730 7588 7947 8046 10690 12253 12368 13589 14109 14732 16698 19845 21229 24205 24453 24960 27412 27533 31728 42000 42033 47779 55353 56815 60077 73876 81605 82890
642 792 2274 2893 3197 3644 5312 6556 6898 7025 7025 8043 9637 9850 10851 10856 11482 13309 14642 15204 15541 15922 16847 17022 17726 19118 24254 24347 29954 30023 32139 32232 42814 57192 71207 81044 81271
705 1802 2751 2925 3997 4309 4332 4553 4701 6856 6996 7011 8537 9495 10894 11016 11696 12219 14645 16436 18205 18332 20448 22364 23130 26765 28086 29614 31670 32888 35203 35595 40649 55466 58928 59525 64961
51 1083 1413 1785 2359 4009 4737 5090 5469 5483 6916 7697 7875 8075 8596 9428 10337 11198 12267 14722 15017 17386 17411 19866 21392 26767 27038 28386 31046 38481 39475 40363 43288 47262 54401 72313 81963
609 1402 1851 2171 3551 3957 4483 4549 6113 6868 7682 8518 9446 10163 11804 14093 14967 15432 16004 17825 18682 18795 20172 21773 22905 24301 24356 27167 28063 30153 32415 37102 37359 44351 47332 48462 89543
2847 2878 3043 4013 4018 5924 7148 7436 8033 8478 10901 12224 12689 14350 16650 16913 17016 18511 20490 20703 22782 23209 23446 24093 24987 27844 29556 31372 33129 33307 37173 38973 46002 51547 55026 84336 90684
54 1177 1230 1870 3004 3341 3656 5040 5749 6759 6965 7172 7455 9344 9595 9839 10902 13545 14876 15551 15570 16103 19229 24513 25264 26710 27167 27557 28029 29086 29577 29887 45177 53204 53580 54301 76654
1746 1944 2293 2397 3076 3903 4360 6103 6671 7358 7522 7932 8660 9483 9511 10026 10910 11633 16795 16810 17693 18223 19571 20453 23412 25730 26607 26640 32887 37114 39000 42541 57812 62471 63114 82092 82469
1263 1373 2796 3540 3939 3945 4538 5048 6526 6701 7256 7974 8470 9444 11379 11698 12854 14395 15255 16142 17090 18926 19577 20491 25041 25242 27999 29090 31688 33365 35630 36401 44954 45638 51694 58954 76418
211 904 1078 2377 2517 2761 3407 3893 5177 5403 9004 10407 11801 13099 13602 15844 16645 18535 18690 18872 22128 22144 23224 24551 24889 25074 27433 38723 41299 41461 41794 48621 48997 59517 68944 70489 78881
511 1090 1984 3167 3416 4781 4973 6180 6204 6920 7272 8811 10406 10697 11036 11254 13728 14223 14526 14585 14714 14970 16922 22035 22137 23975 25729 29357 29412 33681 34445 34529 37209 41011 43085 58246 113479
1616 1927 3277 4498 4720 4890 4981 5280 5481 5973 6688 9788 10264 10825 11469 16375 16991 17744 18674 18921 20805 21907 25898 26225 28628 28758 29687 34111 35381 37863 38133 41092 50255 52692 57388 82966 90814
581 965 1918 2321 2624 3593 4375 5752 5963 6455 6881 7026 7891 11073 11284 11886 12316 15338 16990 17065 17862 18201 20366 27690 29212 33661 36337 38495 38717 41169 41887 48722 53182 54471 59722 70766 85978
103 1333 2699 3150 4738 5498 5940 6632 6885 7752 8025 8451 8476 8694 10821 10844 11586 12396 22485 23353 23450 24744 26110 28982 30891 31033 32583 33181 35031 38225 40888 40896 52978 54111 55530 62763 68014
69 797 3670 4462 4501 6855 8053 9637 10274 10585 10802 11077 11863 12233 16033 16095 17298 18519 19330 20346 21127 26481 26893 29891 31367 31834 32579 34720 36016 37881 39942 44714 45834 46245 47353 50039 53244
703 1154 1298 2535 3616 4362 4927 5355 5698 7159 7918 8286 9939 10218 10290 10756 11502 11912 12038 12671 17999 19401 20629 21180 24568 25761 26275 30997 34434 41202 43578 45356 47972 52830 61477 79911 121876
425 1635 3624 3683 4326 4662 4752 4990 6091 7791 8858 9402 10769 11202 11708 12158 14783 14897 14911 15231 16938 18677 23302 23851 24543 25432 31247 33735 34944 36098 36958 37259 38307 38812 40554 43551 49586
