1000 22 38
144 806 897 1349 1456 2466 2740 2877 3160 4280 9406 10480 10955 11600 12292 12929 13311 14145 14789 16332 16708 17657 18405 19480 20229 25242 27169 27329 32869 32974 39476 44087 46287 71778 74021 76463 82512 112279
277 934 1555 1929 3517 6412 6664 6737 7120 8266 8608 9479 11387 12552 14894 16805 16919 17283 18678 20948 21041 21729 24895 25426 25627 25679 30473 30795 36741 39408 40073 40815 41663 49871 57092 66014 72919 109557
3 2476 3818 3991 5195 6037 6173 6697 8108 8272 9006 9759 12099 13778 14100 15001 15234 15757 20427 21067 24424 24547 24851 25945 26423 26621 28803 31287 32999 37493 39528 43336 46911 53577 67073 69032 76194 84711
870 3002 3985 4175 4591 4706 5413 6224 7499 7768 8143 8684 9390 9890 12336 12604 16481 19357 20396 20883 24418 25097 25476 29064 29218 30284 31897 32390 32573 37884 39214 43616 44072 48269 48677 70615 74822 97831
28 1810 1976 2423 2871 3292 5845 5992 6990 9062 9501 9995 10175 11315 11996 12244 12426 13625 17671 17793 18699 19883 23842 23944 24332 31016 31924 35433 35813 38108 39900 42257 44286 45413 48534 57021 90084 110807
5 48 3392 3825 4740 5248 5460 6099 6787 6840 6923 7579 8830 9458 9656 11937 12305 13183 14792 14847 19127 19426 24400 24447 24622 26285 28426 29523 40582 44491 47048 47902 52860 59625 69999 78425 79379 95454
1931 2198 2829 3427 5279 6348 6615 7109 7639 7912 9207 9903 10142 10932 11078 11780 11839 13506 17359 18057 18187 18369 18780 19453 19640 21120 23334 24434 24951 29686 30305 33281 51586 58732 64005 82775 85388 135988
329 2088 2158 3039 3071 3809 4698 5054 5831 6077 6371 8700 9817 10492 11741 12741 17074 17880 17998 18117 18598 18713 21710 22242 25233 28885 31961 33036 36632 37535 40967 43140 43237 44472 73280 82631 83037 89583
692 2802 3408 5605 6356 7619 8305 8353 9155 9870 10266 10697 12663 13549 14025 14166 15187 16996 17622 18683 19918 21532 22807 24715 25573 26058 27459 29148 29818 35493 36186 36681 38470 51405 57145 58652 85482 138691
453 747 1328 3013 3819 4042 4116 5290 5360 5372 6630 6782 7115 8964 9558 11343 12402 13372 13521 15972 16825 21812 22077 23093 30657 30951 31848 32010 35312 39555 41400 50859 59583 63561 68227 68550 79198 89654
155 1878 2578 3127 4941 5351 5740 6224 8059 8626 9096 9488 10857 12611 12862 14634 17384 17610 19865 20945 21842 24104 24113 26284 26665 27668 29154 31167 37605 38827 44835 49947 51534 52321 53065 66132 69628 70423
967 1234 2515 2593 4512 5235 5312 8320 9584 14598 16454 16494 16502 16945 18924 19561 22201 22443 25379 25627 25735 26269 28146 28634 30595 31338 31956 34393 35788 36560 39746 40685 45101 46631 47719 50417 52321 85988
321 1725 1807 2749 2985 4831 6390 6671 7726 8270 8446 9069 11150 12173 12925 13668 14962 15684 17543 18413 18884 19819 20106 22908 28742 29004 29833 34051 34609 36012 42373 43024 43445 44934 47140 61868 81908 109232
199 668 1227 1673 1765 2247 2739 3122 4372 7883 7926 8360 9409 11752 12593 14148 14567 15454 16069 16084 16817 17156 18343 19807 26730 29107 29138 32871 40114 42638 44227 45785 52645 60297 67784 70945 74938 105325
2565 2771 3155 3573 4626 5906 6372 6519 7408 8491 8986 11254 12439 12980 14509 15720 16022 16696 17944 19037 19166 20249 23006 24981 27976 28090 30392 31423 33944 37012 37594 39932 40031 45252 59344 76821 79500 88121
170 1850 2037 4345 4351 5654 6538 8756 9429 12469 14763 20859 21115 21487 21875 24232 24560 24653 26713 26997 28292 30213 30293 30498 31013 31789 31866 32301 36499 39298 40603 41221 42375 45140 46094 46192 51405 54161
310 952 1338 2110 3533 3643 4228 4516 4649 4944 6810 8707 11027 11990 12199 12372 13350 13640 19371 21628 21761 22292 25288 25739 28730 30459 31741 34175 35395 36410 38674 38842 39838 44288 60793 76652 94698 126875
2542 2908 4340 4763 4794 4834 5154 5529 6394 8099 9539 9715 10370 14164 14531 16779 17383 19881 20199 20223 23828 24155 24541 26286 28410 28486 29581 31325 33565 37847 40457 40589 42044 50025 56730 70243 73656 82235
413 784 1608 3039 3685 4918 4952 6280 9876 12257 12791 13559 14183 15778 16193 16629 18163 18376 22633 23247 23309 24470 24497 26226 29616 29665 31144 33600 34517 35177 38086 38415 39823 53971 55447 55691 57581 115279
1508 2630 2921 4289 5233 5774 5805 6525 8128 9293 9890 10105 10751 11495 14928 17311 17725 17914 18508 20395 20559 21557 21919 22545 27763 28579 30003 30559 34183 35548 39711 41461 45199 54035 57337 59643 94985 102745
978 1678 2608 3989 4364 6036 7931 9249 12284 14049 15253 15927 17226 17661 18300 18496 19150 19285 20044 22714 23577 24084 26501 28277 29612 31409 32339 32428 34690 36810 38487 39049 40697 41608 53023 68188 71002 71426
1329 1732 2769 2944 3295 3519 4827 6173 6879 7862 7941 10111 12360 13862 14367 15265 16374 16999 18559 19400 19409 22077 23175 24753 25953 26512 27450 29454 29827 31914 40865 44127 44338 49827 57719 58973 82810 131190
