1000 41 26
232 2636 4884 6798 9126 11751 12723 16496 17362 20033 21698 24825 24986 28019 37873 42778 46567 49254 58970 59114 61892 63141 63778 65455 72163 93808
6470 9052 10216 11459 16247 18066 19133 20165 21325 21990 22228 22585 22938 23460 25039 27048 27290 29324 32893 34593 47725 58596 68367 72039 84450 118643
836 1191 1770 2110 7035 8134 8562 11063 13649 18806 27441 28308 31417 32248 36404 42623 48306 49641 50339 50353 54860 63616 74061 79397 87583 107309
3646 3982 4599 5732 7231 10193 10317 10353 13073 14577 15368 16235 17685 25543 32058 33202 36609 38406 43271 55830 59213 63583 88646 102217 103017 127454
1948 3252 4802 6466 8445 11178 13491 14817 17434 18789 18855 23437 25870 26082 28333 32097 36587 46531 47090 52522 66639 67145 85534 87492 90777 106032
174 1329 3555 4323 4395 10680 11187 12481 13155 16674 20434 20609 25816 32873 34304 41798 48016 49484 56100 58906 59468 62521 63131 76078 81363 87731
789 1011 2825 5711 6763 7335 9130 10002 11611 11627 13092 17871 19648 22138 23777 36150 41995 42564 43486 47210 56036 62486 65069 94461 112215 146489
2904 3360 6402 6722 6784 9310 11378 14715 17360 17866 18281 18914 19389 24206 32450 34824 37987 38772 39347 41834 47086 48812 57752 61104 73412 214426
336 612 2142 2554 5311 15787 18165 18430 20607 20748 20957 22576 25141 26102 30011 32009 41352 41753 48306 50537 52051 60033 66435 72489 78493 103973
1894 3143 6980 7408 7739 8801 14165 15556 18303 18463 19814 20422 27755 27854 32392 34195 37131 39708 44551 45618 46696 64099 74856 83801 84080 105202
2884 6961 8345 8360 9587 12606 12930 14092 16075 22798 22905 26470 26637 27170 29799 34177 37001 37956 38252 40930 42944 46376 47446 78077 80370 142771
1028 4525 6308 6479 7138 8030 8368 9112 11799 12764 13954 14499 25978 26104 26985 27711 28101 33765 36776 38437 71605 82090 89730 92719 120553 134983
1068 3716 4658 5214 6015 9235 9543 15596 16316 17609 23309 24239 24616 27122 30551 33009 38121 40380 43138 44853 51501 62355 66798 80210 94320 132539
1113 4566 5979 8126 9273 11815 13491 14990 18266 18916 19150 19655 21080 21300 30196 30340 38709 41796 52025 55820 56433 65417 65800 77709 87998 98119
4079 4095 5546 5945 7980 8646 13597 18160 18601 19023 21230 22229 24544 24771 29195 41107 44942 48913 49863 50335 53768 56507 59866 59915 72768 97630
914 3560 3969 4172 5694 5800 8805 11101 12322 13151 14393 15923 27356 32663 36294 37265 37915 41076 41685 42827 46067 48351 60563 65005 108341 163632
651 2158 2374 4187 5860 6423 6967 7113 8345 8585 11580 11774 15764 24824 25175 33824 34522 38182 46866 53849 58177 63247 63469 79645 139516 186638
2707 4019 4355 4940 6833 6947 12456 13171 15084 17761 18678 21184 22493 23922 29178 40366 41197 46722 47876 47912 53641 56253 68510 71373 112036 127359
3362 8980 9541 11589 12907 13885 14584 17210 17824 22574 25049 27035 27629 28371 34750 37798 43861 45061 49560 52439 56343 58990 65191 68091 81343 86471
672 1795 3913 6074 6321 8115 8250 12159 12543 13771 16313 18789 18881 28622 30300 31286 31319 31706 39869 41353 42446 54626 55076 71680 77113 206366
1344 4053 5439 5710 7860 9506 9541 10882 14136 19875 23375 25553 26673 26677 28682 29029 30187 30679 38621 46024 57118 63396 67993 82753 104036 107074
687 1189 2021 3073 4274 4403 8338 8778 9675 13024 14561 15582 18087 24573 26678 27651 33387 38484 49365 55035 57837 59351 62237 65798 107602 173245
2419 5196 6018 8475 8835 9162 10605 11442 14071 15210 16564 19415 21084 23336 23694 29294 29468 31827 34042 38420 38594 72583 72957 73618 101461 177836
1264 1546 1622 2892 2981 3440 4380 7065 15612 17784 18479 18878 24076 24896 26549 27627 28417 37686 41179 45781 49561 53668 58997 99601 120669 135550
1679 2649 2857 4726 5479 6417 6724 15897 16302 16674 16680 18303 24760 34869 37119 40751 46783 47815 50876 53303 58146 59101 61081 94675 96955 99258
179 251 871 2021 2969 4083 7926 10265 12022 12707 17901 19551 21967 27016 35821 38737 41275 49531 50307 53060 54927 55789 66333 80934 100194 106627
3095 3102 5952 10760 11487 11771 13705 16372 21093 21436 23188 24718 29706 30998 36547 38344 39623 40172 46498 47776 62599 65915 66645 68249 76781 82321
4796 5112 6179 6190 10624 11382 13431 15844 19315 22144 23409 26164 30753 35787 38398 38796 41529 43177 43238 49199 56343 62883 65221 66350 71307 110134
2226 2527 5315 5941 7502 8546 9064 13737 15035 15588 17833 18977 21715 22960 26311 29070 29930 34702 40023 42229 44508 57683 60089 65789 87066 198136
2595 4262 5017 5342 5669 5844 7351 10207 13059 19746 23131 24004 29296 30326 30703 31177 34290 35856 35883 49674 55564 62185 62807 68370 86824 124213
132 1439 3655 5905 6458 7148 7540 8723 11465 11760 14942 16456 18636 19672 21782 24082 32091 35568 36819 44025 68199 83688 88402 89109 91335 145998
292 6720 7074 8721 9742 10546 13029 14149 16380 20595 25780 26110 27402 28674 29518 30586 33633 40828 55845 59408 62287 63039 65610 73231 87379 88770
2185 3907 4260 4309 5920 10375 10486 11556 14986 15822 17705 19683 20996 21134 26890 27733 30705 32504 48948 52370 60219 66336 66710 89051 109802 120601
1184 2187 4090 4581 6084 7178 8184 10455 13352 14098 17525 18601 22578 23279 29000 30191 32374 47603 49082 52186 53097 76241 76820 89891 97913 126184
694 4119 8048 9870 10655 10861 14070 14239 15153 16806 21014 21260 24037 24298 27788 27941 28535 30325 30816 38922 39950 43299 47971 68282 103000 192435
523 3792 4141 10084 10865 13156 20160 21152 24179 25121 25367 30407 32176 33270 36572 39013 39386 41228 41924 43321 46060 52073 63029 70017 84880 96269
2076 5695 5841 5871 7410 7622 7766 11127 13454 15690 19590 20746 21384 23015 31296 36191 37427 49157 49567 53807 56322 59923 66680 72151 85943 144364
785 2313 2325 3475 4084 5076 6762 9711 11485 17387 20481 24930 27068 29592 30838 34061 36807 41140 41761 47892 53265 61606 71453 73774 101310 132251
810 1552 2499 4380 6143 11739 13652 14690 16085 19926 22731 25309 25984 29087 29448 31207 36554 47438 48992 49087 50032 65368 75432 76363 93880 95909
1301 1307 2625 2661 2739 2941 2998 11621 13905 14908 15621 16155 17557 18645 21457 30708 35802 36111 40170 43291 47705 71053 78017 95880 100476 163900
1067 1405 2917 6452 7770 8130 8384 8661 13054 21439 22984 25386 27019 29569 37606 43911 44348 46545 47795 51738 53997 55515 69637 74423 82888 92445
