1000 26 12
13070 20396 24877 27439 42499 45163 49987 68690 75726 91779 171558 305876
6241 12529 18258 23609 29430 64778 68021 88485 118808 146956 187986 196817
3022 24387 26405 28479 29869 34231 35084 69687 77861 121040 225835 247709
5258 8907 14939 16462 37139 39913 58245 64258 100406 142263 161128 271175
1651 33680 44107 57010 59524 67954 71659 74898 75898 87501 150381 215153
7287 27868 30076 42266 42712 43313 64094 71488 101165 144954 167277 192915
457 3604 12129 17476 61859 69720 84712 85248 92002 123304 142325 272669
8783 16000 17771 38977 40024 70000 80024 80407 87186 139468 172987 177911
1930 23861 28408 62869 65183 67062 86184 87393 88291 108576 122903 180767
8914 9460 10162 41266 64410 77549 94572 100415 103458 106643 124244 210846
4979 9807 13641 16785 54411 75318 79811 89894 116801 145275 167903 178263
860 2718 3422 16892 40090 46823 55499 77609 113716 135665 138076 301069
8162 8326 13178 33417 37671 53205 65357 77512 93354 134777 158984 284032
5861 7220 7424 9581 15760 17314 31015 63914 180769 189888 191515 209173
9136 20264 23232 41783 50221 68328 75617 81438 102958 114902 123334 236576
6774 7259 7881 9253 23957 26541 34138 35914 136856 139296 255715 279337
10351 25746 31194 43485 49910 55856 64642 83294 105452 106863 108744 260276
5432 10101 30663 50493 52155 53095 80398 98903 106742 116075 146713 216711
5645 10756 10952 19079 27317 32799 42349 81689 141829 148711 194414 208725
775 19180 36391 45063 46271 75221 81011 82476 89142 89175 106995 296287
20578 21748 31757 32197 35000 56580 60384 71428 76458 148653 156778 227961
2119 5865 16126 24291 40819 68657 82989 89434 95048 116614 157501 213945
10322 13494 15803 16479 18478 30960 65929 129767 150738 152008 157039 199468
7286 10888 16840 20761 31556 47384 51304 65649 92044 162382 195475 252420
6998 7411 7603 17380 20367 22589 37720 38225 79412 158247 222421 316240
1475 1848 21044 31946 39749 47555 67737 90060 120917 143619 168463 195667
