1000 41 34
255 1569 3468 3659 4549 4660 5435 7402 11170 12046 14890 15474 18850 21982 24546 26948 28703 29330 30005 30098 30802 33450 34653 34869 37150 38613 40355 40986 41229 41651 49640 63938 66277 71903
522 2719 2922 3077 3865 5442 6086 6094 6507 6834 7928 8197 11200 11301 11788 15264 17264 18642 21037 21442 22253 24774 25069 26895 28571 34036 42757 42856 43926 54226 78923 86174 92755 134480
1464 3562 4881 6814 7194 8031 9227 9684 11269 11819 13976 14063 14738 16299 17518 17601 20841 23466 24262 25410 25748 28386 28422 32851 35424 41908 42622 44889 47576 48319 57816 63534 67877 73266
676 1115 2794 3386 3563 3736 8543 8813 8904 10367 12335 16313 16423 19734 21141 22261 22301 24632 29441 30982 32554 32916 35934 36292 39213 39767 42151 42198 45152 46049 50481 51843 56952 94071
396 1042 1950 2100 2491 2651 2951 6256 6685 7098 9243 9738 11914 14277 17143 17568 18452 21666 22037 26846 30728 34261 37166 38176 41558 42104 43021 43263 45767 53052 53074 64989 92302 92346
733 1016 1265 1575 1752 3832 3896 3960 6565 6755 7473 11007 11228 12971 13937 14639 17752 18339 19872 21768 22866 22953 24734 25003 25901 28851 37364 38533 48360 50455 50936 71132 96752 223088
111 147 289 1372 2352 2412 4494 4896 6828 8301 8483 8535 10059 13532 14256 16713 18133 18979 19376 19853 23479 24846 28515 29141 32383 35183 39206 51937 52470 63047 65156 67183 78490 109113
473 669 1233 1346 1599 2109 2318 3847 5855 6262 6900 7762 8079 9293 11387 12311 15204 16621 19973 21033 22268 25941 28320 29675 36336 37099 49112 53881 53945 58433 59364 78941 92021 123702
3672 3984 4147 4240 5702 6065 6241 7707 8492 10318 11475 13636 13843 15136 15859 16490 18421 22761 23881 25054 25088 26912 27261 27718 29964 41335 42105 44399 50766 51492 53557 75356 80965 82027
686 1046 1419 1444 2771 3274 3697 4164 5608 7936 9419 9511 11249 12244 15906 15979 16807 17513 19304 19389 20836 23115 23862 26456 30128 31405 33315 33740 40308 42894 46246 99652 114041 138035
105 942 1169 1662 2468 3233 3883 4324 4625 5437 8382 9250 12377 12511 15770 16420 20484 21026 21030 22233 32957 33964 36987 39511 40064 42870 43141 46631 53513 60052 69820 71472 74837 106853
2607 2754 3000 3676 4086 4636 5346 5685 7290 7731 9051 10569 14620 16136 16242 16895 17099 19014 23028 29097 33791 36925 40430 40692 43437 43519 44511 46750 48709 49294 50735 67075 74849 93410
1792 2196 2535 2848 3852 3931 3954 4649 6762 6888 6995 6999 7257 8431 10546 11483 14264 15865 17585 29238 29448 29697 31067 31641 33839 33884 41395 45365 51258 55351 59153 66441 95755 109422
106 1470 2165 2405 2822 2822 3317 5209 6449 7690 7848 8404 8825 9381 12290 13136 13619 13796 21215 21335 28669 33168 33400 35187 37036 45192 45588 47663 52960 55488 56905 71765 82956 102298
838 1092 1478 1696 1951 3496 3500 4192 5042 5214 6622 7383 8878 9505 10614 12673 17706 19837 20495 23957 24191 24719 25966 26805 36596 37174 38160 39837 43519 53441 56916 66897 79691 151354
1281 1650 2366 3220 3288 3892 6214 6496 7877 8423 8628 8848 9551 10260 14430 15849 17026 17692 17699 17792 18506 36427 39262 44114 44391 44687 46238 46991 54684 55765 56597 71904 76583 81131
877 4636 4811 4983 5148 5483 7923 8283 9227 9747 11598 11783 12729 13291 15494 15914 16360 18152 21213 25375 25902 26321 27214 27955 28229 29432 35325 37173 39357 44887 45979 79521 84819 180391
531 875 1631 2217 2246 2373 3101 4031 5112 5916 6544 8325 9649 12246 12249 14388 16479 20995 21040 22633 27983 36207 36963 38222 42904 44483 46557 46741 50400 66170 66721 73375 77481 111833
231 2457 3825 5031 5668 6363 8630 9028 9492 9583 9751 10485 10823 10913 14013 14075 14164 16919 19505 21724 21825 22091 24015 31990 32674 43711 51402 51840 53368 54881 56100 76401 85648 93073
3057 3736 4195 4442 5650 8655 9026 9856 9885 10245 13419 15621 15637 19152 19297 21618 24271 24861 25654 25826 27811 30020 30043 31498 32650 33967 35641 38607 39067 44523 52466 73412 78148 90172
864 3099 3549 3720 4321 4442 4590 4917 5517 7472 8232 9251 12775 13413 13533 18590 19401 20707 21938 23381 24194 24853 25219 26079 26700 26953 28718 28949 36064 56412 57068 61597 86075 188856
583 3176 4123 4449 5084 5558 6101 7059 8833 8870 9211 10541 11284 12913 14358 14566 17573 19703 25957 27397 29425 32453 38705 38866 40639 42543 49268 50115 52474 57743 59962 63122 69642 112629
27 170 1591 3603 3914 4532 5147 5198 7952 8101 10200 11704 13466 14587 14973 15478 16171 17814 19351 19670 19816 21655 26012 29043 30894 37363 39126 44087 62434 64217 72224 75349 97373 120732
89 135 957 3250 3273 5596 5619 6657 8925 9573 12818 13654 13875 14954 15902 16355 16385 18613 19140 20393 21329 22743 26801 28070 36101 42666 43770 49573 55910 58436 60989 63446 73380 97452
433 493 1192 2284 5470 6429 6497 6547 7602 10667 11793 14777 15882 15887 16408 17586 18215 20564 20577 22904 25147 25528 25852 30711 33869 36576 38948 41288 42271 42638 62790 77848 106886 117641
1452 1712 1906 2122 2466 3281 3323 5357 7584 8143 9229 10443 16085 16190 16852 18207 18382 20285 22012 22679 22860 23398 24629 27016 34914 36159 38860 42451 44453 53162 53836 86466 86659 111177
343 1153 1219 4450 5548 6721 7142 7319 8846 9568 10825 13224 14481 15952 17636 17846 23539 24836 26240 28037 28216 33983 35243 36346 38556 39255 40639 42400 42548 45532 54241 61213 74186 119180
1322 4777 5385 6585 6595 7718 8861 9080 9606 9738 10790 11048 17024 20403 21463 23634 24666 24789 28162 31402 32033 32814 33014 34043 35853 37600 38007 42866 49019 49107 50373 68915 71940 95229
657 821 2087 5331 5492 6686 7102 7594 8974 10573 11512 11551 12448 16600 16716 18556 19869 20384 20641 21056 21105 22094 22104 24547 33382 40573 40720 42103 49494 50022 73998 75808 76127 110141
87 209 643 780 3052 4489 5385 7719 7781 10414 10651 11795 12941 13106 13827 14506 16329 17047 18179 20995 21676 24470 24894 26731 33136 41990 46257 48084 48604 58693 68581 79387 91576 92182
273 1973 2601 2988 3124 4277 5566 6465 6638 7363 8183 9404 11274 12913 13038 14566 15635 20050 24411 25932 28825 34081 38503 40569 41389 42296 43243 45861 47301 51615 55507 66320 70976 124371
302 535 963 985 2047 2567 2902 3134 3578 3786 3816 4921 6456 8682 9120 10445 10842 11465 11929 14533 17474 21056 23161 31924 33442 37412 43290 50083 62406 67060 76006 94048 98436 120384
995 1155 3167 3386 4880 5128 5779 6201 7494 8328 11369 12570 14689 15123 15276 16322 16676 18750 19439 20147 21326 21580 24571 27062 33009 33077 43581 45921 56937 64618 73359 75087 84569 107416
90 800 1256 1363 2450 2552 4092 4859 8582 10270 10343 10408 10787 10968 15732 16032 16041 18867 24455 28948 29146 30976 31777 33134 34284 37113 41735 44903 49496 49885 53987 55989 58204 138989
1225 1771 3483 3603 3924 4065 4161 4665 5962 10471 11415 11669 12465 13051 13090 13449 13912 14926 15150 21015 22028 25759 26389 31914 41396 45430 47150 51267 53131 56572 77998 80560 84418 100277
159 1510 3072 5189 7059 8093 8560 9521 10538 10620 11494 11702 13759 17400 20651 21766 22521 24223 24406 24714 30816 33481 34591 36007 36385 38626 43224 48300 55106 60786 62762 63676 67857 76186
295 640 1398 4199 4740 5107 7739 7769 9641 10471 10500 11771 12260 12523 13177 18106 18967 20352 22497 28324 30313 32819 33255 35226 36379 38180 45076 45413 46033 46068 51731 52090 81984 98305
925 3116 4651 4968 5835 6278 6760 6803 8244 9527 10041 12144 14975 14977 15576 19648 20152 20991 21070 22081 25003 28664 29458 31533 32910 36291 39426 41937 42197 45020 56532 89324 94788 132481
498 1226 1594 1917 4557 4845 5165 5312 6547 7200 7962 8605 11003 12322 12465 13134 14668 17838 19684 23965 25857 27245 29244 29648 38131 44509 47563 52225 54074 55427 68313 81624 82308 106097
123 273 557 1979 2072 3069 3270 3554 4743 8382 8806 10050 10210 12150 13288 14776 15799 16904 17094 17139 17323 21830 21865 23620 25125 25335 31059 33847 43602 61121 68717 94152 116444 200206
302 624 1580 2974 3583 4650 5020 5230 6677 7950 8646 8876 9386 10865 12061 12239 14259 15919 21273 24671 25014 26324 26544 27661 28873 32448 36794 39820 44821 55471 84000 87377 105245 150102
