1000 24 22
384 950 1266 4451 7398 9418 10676 13466 20924 21599 25697 32269 33565 36517 42328 46518 53052 66500 68300 68385 75064 262199
849 2409 3156 6898 7993 8848 10261 10438 14153 17687 18089 18589 28139 30530 34529 41688 42949 47553 50755 51040 221003 245340
2564 3099 4133 5053 6923 7166 18091 20761 22040 23133 24260 25300 39230 41949 53045 53090 54158 67637 79561 86320 128951 133764
1661 3083 3104 4997 8462 11035 18585 23173 24942 29984 31282 32736 35407 40313 46162 52763 53191 54520 71480 90663 104368 127780
2176 2922 5099 6561 10966 14259 15915 15915 16861 19416 31478 35528 37761 40896 42867 46247 53510 54146 56554 69383 83783 226598
2003 2574 2701 4679 6963 9592 11459 15739 24849 30926 32341 34770 37242 39692 46666 48717 54249 56897 69005 76967 137334 173061
5311 8460 9833 14019 14972 17953 25454 25566 27120 30747 35023 37260 40591 43600 51694 52220 56637 59429 61206 78586 99520 111746
1062 3267 4657 9794 10321 11530 14261 16591 17543 19400 20784 26767 28084 44196 45207 46482 51028 57887 71558 73713 84201 166859
4518 5457 6614 7439 13293 13575 15028 15485 20114 27061 32965 33481 35274 55960 57602 60682 64227 72824 81156 81520 82446 131805
713 2170 6881 9390 17249 17586 19403 19881 19934 23975 26821 31892 36039 37820 40840 43308 45261 60240 84117 84591 110467 111509
352 867 4140 8051 9005 9481 9655 14685 15608 23050 24229 26755 28377 37721 53246 64595 69559 75454 75963 85936 90730 96694
4562 5648 7857 12034 16363 17137 17467 17640 21095 22411 24957 28119 29760 35070 46476 51173 61010 69402 72931 77894 87551 132851
5206 8561 12354 12771 14800 15558 17982 19112 26040 27847 31874 32118 37946 40216 43347 45335 48195 53821 54644 77326 113200 157703
3574 4350 4533 5944 8368 9202 9848 12533 16683 18954 25109 27794 32644 36143 39269 52214 54351 58233 78566 79292 120742 130343
2814 12789 14780 17259 18921 19064 20321 21161 22505 27506 27737 27914 30977 35925 37637 47092 52974 54701 64092 85061 111669 114248
6108 7010 8174 9320 9913 10689 12154 16318 18516 21367 25018 26492 29738 34759 35516 40770 43233 65269 72531 83585 105162 131148
1905 2582 2791 4926 5515 6526 8971 9715 10306 23123 24453 26419 40941 46921 47995 50307 56519 64568 66881 70524 80356 181091
4618 7767 16372 16826 18035 21870 22047 22185 23208 23645 25905 28032 32569 35729 46315 53508 54407 67517 68943 91928 92294 101166
835 5825 7324 8487 16449 18118 19790 22411 24225 25231 26507 27705 40295 44403 48248 65312 67924 70413 73305 77879 94270 110144
194 1943 2449 4609 4745 6449 8147 8790 9796 12610 14912 22569 25161 29467 32999 43287 47300 62927 67802 105341 193952 220050
1067 1462 2915 3450 5327 6926 8674 12776 13293 17376 19149 22095 33317 41845 50297 53539 57006 62553 76101 107340 116702 123880
1446 2948 3353 4191 5740 7036 8070 9688 10555 16179 27677 41287 46016 47134 47163 48899 59100 79063 80336 81636 81760 151500
2863 3051 6071 6192 6677 9366 9789 10730 11933 15427 19632 22412 22476 23433 25727 28947 38954 44150 70404 87163 91341 294949
1053 1892 3949 5535 6097 6931 16929 17333 21412 29437 39398 48982 53968 56619 58607 61866 77751 79566 81432 81557 92265 92336
