1000 24 22
420 4232 7939 11555 11894 13615 13904 18233 24928 27282 33692 36741 49909 50297 51021 52855 60936 65695 76867 85245 98702 187291
1696 3196 4482 5438 6369 6449 7314 11203 17186 20828 36206 36663 37604 42607 45544 50313 71048 84702 93616 109200 129881 168301
3605 3643 6391 6820 11123 12385 16775 17332 22548 29089 34725 36573 38165 39677 40074 60649 64133 77672 89039 102848 108492 164612
550 4247 9069 17576 19302 20166 22066 23539 23671 25976 26365 28706 43349 46563 51926 59147 60771 61109 66864 109055 127067 139890
68 220 835 2374 5276 5437 9862 10205 12707 16664 21816 21940 31196 31612 64107 66071 82882 109795 112469 122894 124987 131546
914 2694 3283 3784 5677 7913 9617 11823 12518 15883 31100 40870 42295 43106 56808 63227 64643 73685 73701 100312 105902 216219
6427 8062 9943 11921 12305 16818 17984 29461 33010 42468 45865 46093 49628 54356 54668 55006 56823 64506 70959 72584 96881 128934
39 3433 4566 5101 5288 16622 17604 20421 20888 24853 25642 26810 34983 42292 46376 47689 59522 67848 91712 113991 125878 179720
1321 4833 7432 13095 18609 19049 22062 23608 25058 27171 38370 41924 44960 45328 45986 59623 63569 64290 72274 79015 127889 147298
3971 5409 6726 8406 13197 14721 15546 17971 18693 23664 28313 32264 41706 43344 47465 65264 66077 67441 68445 90372 128220 177062
538 4524 4588 7323 14168 14842 17010 20940 23545 30200 33182 46981 51340 54207 59001 61144 64434 67155 70127 76431 85504 183854
1709 8449 9464 12264 13116 13485 14441 18246 26374 30302 31096 33081 35448 37022 52027 54608 54913 58817 112283 112713 115302 137708
596 696 6823 7059 12301 16470 18930 28220 30728 31788 36010 37305 37811 39581 41994 43699 49031 49452 68120 126568 138437 163277
1792 2494 3689 6295 8743 9017 14499 18365 20244 27774 27837 35905 47531 49517 51318 52495 55557 68038 91037 107103 122414 164402
2760 3608 6050 7074 12923 13566 21705 25438 28029 30103 31590 43743 44759 52360 53635 57599 64957 76925 84481 92545 97992 131275
2934 3042 4909 8856 13586 17225 19034 24718 29374 30774 37977 38219 39267 42669 48188 51125 58242 62854 67295 101003 136498 145960
1180 1681 6873 6972 8321 14786 15085 22547 23055 27410 28474 29264 30111 31671 37606 48548 53954 80956 88118 98336 134896 193381
5568 8329 8621 10927 11091 13494 18446 18512 18976 19177 21056 21927 34526 34960 37609 41721 42269 43717 118882 137478 138708 182396
5465 5781 6802 7877 8164 8596 11375 12461 13910 14564 15811 19532 22265 27743 32061 36826 56595 57598 74021 107482 205886 231755
5631 6788 13893 14590 19814 20016 20686 21942 31191 32777 33493 34090 41778 46669 52099 54968 60677 63361 66047 71071 133805 142839
1284 3390 4072 5608 9077 9843 20798 24827 27861 33584 35751 40521 44703 44761 45459 46750 54510 77114 78908 93072 97984 189787
276 1538 1712 3412 7994 18661 26334 33692 40210 40320 40784 41704 45973 48405 63162 65450 65942 68345 72510 97604 97656 108821
1512 7203 14583 14956 16739 17354 20650 24446 28084 35390 42039 43771 43896 51840 53571 63039 65114 67535 71068 84147 104824 113345
2013 5695 6698 9002 9534 14680 17511 18052 21121 24353 25609 27023 36907 39626 47793 51554 59206 69323 71294 120880 139693 169513
