1000 12 7
5504 63370 93564 121948 123845 142555 374827
21007 24632 55915 122348 188062 252357 258061
10732 18469 82985 102006 118680 143459 455409
11113 15437 76518 103018 104245 257917 381215
3135 33495 92407 104558 121207 195620 419507
31227 77207 96713 124961 129359 214451 294662
20089 26424 51623 135039 200077 213504 291180
25272 71328 100107 112889 151430 157872 320661
18104 31050 34208 41120 128097 313064 388961
8520 55448 111556 121426 156544 194643 322243
21627 50826 56785 94191 122085 141112 468789
20271 59475 78304 146318 153735 210212 269515
