1000 25 24
894 4810 4905 5552 5817 8419 11461 12238 14858 22781 25571 26584 28224 29128 42631 45666 47158 50448 53418 61839 73816 89604 101185 151011
1547 2363 5622 7876 7940 10053 10329 14607 15256 21380 28743 38945 42022 42537 44447 48384 51222 53663 56257 59501 70006 74584 91398 114604
1880 3962 5502 6639 7151 8127 11983 19147 21264 23730 23900 24599 25257 28067 30676 31081 33686 37387 43884 52607 96957 119896 132570 134668
733 2576 4698 5046 6246 6369 7817 8031 11155 12008 15792 17689 23364 29563 35048 39286 45300 57560 58896 81601 83976 93073 127556 149670
6880 9979 9988 10467 13918 16658 17659 18741 23525 25299 25458 28401 32548 32959 34208 55059 58159 59083 60133 60752 66127 77497 79554 80876
1077 2675 3863 4847 10668 12525 13172 13692 14555 15988 18983 19315 28829 39286 42274 47624 52081 53224 58473 64924 71557 78789 103987 179393
2483 4669 5001 6936 9274 10472 10571 12481 15158 18183 21043 25017 25603 26145 27197 27463 33433 41763 45663 84466 90236 120060 143088 143120
602 776 1109 1177 2638 3102 8060 11775 14265 16859 17977 17988 18861 24528 26439 31703 50492 62578 67060 72497 104750 113730 114721 148820
1940 2192 5265 6820 7626 8100 11440 11667 13382 14413 15817 20843 25392 29372 36129 41539 50194 54541 63633 69561 78996 83683 99287 159905
1682 2543 3630 3656 4678 7555 11564 16905 22362 23477 27506 27854 33226 33652 37721 41369 42376 42888 44515 45302 79590 111810 123375 131142
605 1637 2685 4740 4741 5206 8045 13232 16727 23941 27220 27359 28086 29522 33679 41733 43685 44192 51701 57343 95053 100380 125063 125996
1495 2209 2860 6679 7919 7999 8660 9608 10642 18860 19746 21307 30496 33774 37957 40291 42809 55735 64439 74895 86618 108777 122826 124063
892 3971 4129 5374 8046 8359 10726 15707 19383 21479 28285 28559 32523 33165 34581 36767 42929 43656 56489 69548 82580 87858 101660 123690
4216 8127 10005 10414 15571 15745 16631 16979 17165 17485 19701 24339 27001 28971 38144 42509 42879 49498 59339 72285 73673 85766 93845 166860
185 694 1734 2700 9393 11060 13536 14055 16497 16971 18018 22097 26347 29537 38408 39785 42548 43167 46345 50676 83581 95304 112095 223792
1512 2649 6747 6823 10071 10740 11610 14643 15904 18594 23075 26701 31120 31793 34310 36691 57042 63710 73705 83121 85047 86810 95468 102948
6215 7092 7874 10436 11723 14917 17691 17984 18057 23967 30806 31938 32128 34137 35903 39175 49048 54599 62210 68017 69226 78026 79487 135509
1157 1705 7244 8880 9160 12980 15076 16209 16962 18442 24945 34586 35408 36304 38742 45945 50703 54131 58734 63649 65852 85825 123351 127866
414 1241 2924 3414 3807 4927 6276 7045 17031 18944 33458 33596 35727 40330 48510 48552 55383 64495 65523 78035 82316 82522 96536 97997
302 2171 2924 5794 8784 12632 15864 16095 17032 17120 17450 27390 30467 30620 32139 35612 41051 45238 47119 64868 72991 96704 98544 224471
302 2069 3559 5241 7093 8896 8977 9456 13789 14211 30021 33099 34953 38997 39085 39665 43320 50800 53372 68217 79817 81743 89361 166709
1109 2727 3870 8191 8870 11566 12183 16692 17026 21625 22830 25398 26717 27371 28886 40208 40955 43320 57269 82814 88842 94902 120362 151505
391 711 8881 8968 12049 12204 16905 17793 20785 20985 22667 27976 29880 29911 34525 39526 45126 48635 52987 57440 73453 77147 92726 163087
1014 4807 9308 11457 17488 18854 20123 20462 20797 27306 28104 28934 30492 32111 37259 40807 41710 46950 54090 56723 68280 88285 94681 126198
193 470 519 5571 7858 9050 9426 18532 23007 28568 31827 34264 36095 36801 42802 47703 51060 52559 58539 60932 68395 92512 98786 141927
