1000 43 32
2451 2551 3153 4096 4223 4349 5217 5504 5923 6523 9468 11301 12858 13481 14399 14732 15696 18365 30204 34199 34292 38783 41133 41235 46304 48036 49590 51557 57058 57868 64502 71163
155 507 640 668 694 1110 2472 3194 4992 5256 7629 10118 10293 11984 12307 12752 14404 14667 16780 18172 30061 30322 30867 31915 39886 43487 45585 57714 60465 68347 79540 112364
1610 2468 2649 2805 4560 6013 6242 8659 8895 9274 9755 11856 12406 18353 20670 20838 23463 25201 25312 27236 28406 35403 38926 42415 43467 45680 49083 64062 67014 69478 69878 75967
1102 1260 1998 3311 3692 4026 4417 5987 6347 7401 7429 8478 8749 9578 11126 11380 14177 19040 20589 21804 23197 25413 26015 26184 30066 34321 37552 52472 56947 85956 90830 142797
3748 4034 4531 5122 5303 5612 6380 8108 8791 8994 10274 12096 14670 15757 16199 16883 17387 18899 18903 25292 25917 35196 36400 43966 44060 46553 52974 58712 62773 65065 65775 92650
1322 4408 4728 6482 7910 7982 8208 8274 8416 9837 11954 12107 12851 13611 19599 20824 24834 27037 27274 27325 36098 37244 37732 43829 44942 48713 50220 52760 52822 52825 70138 70153
5 467 2896 4738 4903 5033 6090 6566 9708 10789 10945 11066 11773 13145 14936 17749 18388 21227 21560 24358 26058 26316 26341 33428 34007 38590 39536 42623 50616 65739 79394 80227
800 1780 2722 3624 3763 4371 5464 9908 10640 10954 12025 13025 13218 13338 13869 14252 14613 15033 16183 19041 19486 21574 23898 30088 32429 35263 44084 48768 52106 61731 74025 83801
901 1266 1291 1558 1904 3353 4039 5294 5363 6075 7991 8355 9079 9201 11552 13557 14857 15439 18032 18194 18891 21800 27499 33707 34407 40336 45265 52539 73074 78797 86670 152852
188 2590 2647 2928 3291 5444 5690 8407 9823 10506 10654 11090 11137 14172 14215 14917 15113 15855 18371 20239 23388 25516 27805 33276 34929 38942 44013 56318 62145 66662 68037 80189
1308 1676 2317 4246 4932 5251 8317 9019 9162 9280 12823 13810 14903 16716 17076 17314 18091 19689 28376 28481 28919 29317 32025 33068 33279 46642 50000 50691 61734 69822 74451 90791
309 601 780 1945 3631 3716 4141 5207 5671 6169 8116 8857 9528 11417 11623 14417 16197 16417 20633 22930 29198 30365 39301 44514 46689 51521 51600 53071 63105 66320 68635 133866
214 1974 2819 2850 4154 4516 6031 6336 6732 7905 8276 9826 12586 13637 15071 15106 16386 17791 17891 19200 22594 26782 36692 42051 44935 49911 51678 56114 58457 60913 61364 66402
983 1169 2014 2046 2851 3463 4941 5805 5941 8298 9813 9902 11304 12250 12946 13694 16642 16666 18205 22393 23737 24726 25557 31693 35011 35551 38163 59039 59689 64298 73459 86289
865 1179 1609 2285 6049 7093 7233 9499 10023 10113 12353 13003 13060 13385 14236 14803 16923 17121 17610 20174 22139 24905 25450 31277 37912 40790 44946 51365 56533 67133 70940 76008
843 1008 3713 4644 5477 6629 7308 7919 12078 14308 15309 18368 19370 19628 20240 20326 22018 23349 24485 25859 26063 26760 30698 31417 31516 36811 37655 42047 51429 58797 64680 69986
37 1281 2873 3492 4579 6704 6746 7219 8290 10669 10698 10811 11696 12124 12430 14757 16402 19304 20283 21371 22349 25232 28045 33826 33966 34560 34986 45204 47313 65019 72632 124070
599 708 1525 2045 2557 3070 4148 4770 4852 4957 6740 7294 9274 10855 11471 11993 12272 14216 16345 17900 19224 19697 21107 25417 32965 36505 52102 54838 65275 77304 87400 221698
286 1046 2108 3981 4600 4819 5517 5689 7538 8003 10684 11847 14274 15775 16416 17416 18580 18703 20251 21457 21608 21830 22466 24174 40712 44005 49986 59767 67418 72314 75982 78996
20 207 359 379 2003 7802 7959 8234 8758 14744 16935 18791 19012 19101 21708 24923 27246 28449 34532 34877 35688 35756 38975 43819 45926 46222 50569 54028 57927 58153 59602 69373
366 973 2716 2749 3563 5403 6043 6972 8062 9996 13989 21119 21132 29736 30533 33378 34508 34583 36791 37557 37581 37941 37959 38127 41015 45696 46343 48627 49017 49960 55674 63225
378 845 1637 2353 3088 3642 6330 6949 8028 9712 10149 11934 12735 16826 17865 20355 21543 22300 22518 23763 28460 28642 32316 35440 36767 38001 41050 45411 55297 77920 79865 114261
662 742 1295 1304 1486 3929 6253 6537 6545 7014 7638 8512 9060 9431 10052 10341 16460 19190 20473 23427 23963 24668 27418 28441 34888 35188 45510 49788 62133 66255 76508 89218
8 110 937 1902 3136 3432 4579 8390 9428 9474 14274 14630 15966 16248 16273 20761 22312 23684 24138 25027 25707 28894 29192 30232 34595 37737 41415 42744 48743 49500 64842 70627
823 2204 3540 3765 3791 5067 5557 5639 5694 8255 8518 13124 13719 14949 15859 16230 16494 17383 18718 20410 21355 27283 29634 33342 34617 44920 47890 49549 50243 54553 66782 131203
2106 2308 2587 3211 3297 3585 4069 6909 9585 11300 11457 11930 12484 12601 12950 13263 15595 16780 20104 20179 22408 24072 24681 24784 26623 35831 37865 40000 46729 78979 80947 110384
177 2825 2915 3990 4901 5847 6554 7637 9849 11102 11122 11494 15273 15426 16387 17725 19103 19527 27254 27677 28794 34097 37025 38963 45895 49659 51171 52569 60672 75600 77384 111623
533 2931 3144 3804 6197 8261 8297 10068 11740 12118 13437 14416 15999 17127 17219 20245 21815 22990 22999 23725 24264 24311 25595 28684 29892 33866 39397 42358 45606 51717 56795 71358
236 385 2071 2314 3744 3932 5154 5328 6633 6950 7777 10756 12537 13078 17120 17958 18384 19513 19916 25454 29888 31980 32569 33098 36380 41785 42973 46596 73701 87694 90466 90677
108 342 1018 1108 1478 2680 3625 5026 5477 7633 7917 8589 9775 10734 11961 12118 20084 20627 20792 21987 24719 26153 26180 33788 35421 37344 56057 61452 76061 106145 115616 124471
100 412 1117 2629 3765 5004 5473 9336 12712 13242 13393 13726 16487 18278 18797 19431 20450 21409 23851 27172 29310 29468 30821 32807 33650 35297 38641 38806 45332 65669 71472 84357
530 1815 2315 3629 4754 5590 5630 7412 9087 9374 9931 14200 15257 15836 16571 16890 18163 20574 21392 22968 27913 31534 34695 40220 41826 48633 49438 55171 55355 56865 60939 104562
188 2115 2580 3231 4216 4252 5368 5500 5647 6873 7353 7888 9992 13135 14723 17191 19469 21028 24038 25119 25390 25418 31245 32768 36193 38684 41814 58396 59595 70748 72012 111331
219 1274 1837 2938 4713 4786 5043 5278 6664 7033 7502 8949 9200 10877 12201 12264 12559 12570 12917 14333 16827 18691 27288 30496 30941 43638 50614 52274 57532 81126 85306 111045
291 678 2459 4117 4432 4862 5363 5819 6466 7657 8028 8559 8633 12896 15620 16090 17751 17996 18666 27425 28514 30881 33178 37079 39799 40841 43836 47813 51810 63761 77325 96460
1678 3844 3897 6557 8004 9661 12971 14922 15198 16827 19095 21430 21542 21937 22707 24386 24690 26380 28558 30087 31314 33508 33518 36319 36547 37115 40447 51058 52662 59686 66062 81825
81 291 1026 1238 2239 2250 3695 4738 5284 6185 10157 10435 13701 13766 17608 20379 22203 23927 26288 26842 28389 29259 32517 34392 34853 40673 44654 46129 46299 74935 85517 95045
450 2066 2158 5033 8100 8356 8827 9744 10546 10859 11559 12565 13285 14463 14782 15800 19639 19692 21449 22244 33872 33983 40710 40749 42628 44973 48865 53705 58389 58489 59441 72377
714 1899 2650 3650 3821 3870 6571 6981 7028 11416 13204 13771 13893 14924 15575 15738 17413 24995 27257 28799 34031 34151 35585 36001 37440 40779 54584 56510 63802 75003 75285 96086
489 1066 1217 2770 3230 3253 4198 4990 5370 7980 8666 8681 9621 9924 12445 13692 15465 15758 19269 19746 23035 29097 31311 31675 33124 35310 37396 42079 42520 77072 78117 127761
1485 1506 1889 3328 3366 4293 6257 6458 7251 9996 10206 10838 11918 16935 17596 17706 18328 18580 21005 27150 29567 30093 34338 41801 42753 43296 44689 46706 50696 51894 56691 87137
339 440 1115 3915 4500 4659 5574 7015 7505 7697 7843 7936 9407 10719 12952 13870 15932 17045 18738 23102 24001 25230 30437 32899 33161 39982 40802 45386 66452 67069 75623 91782
2602 3200 4557 4749 4910 5676 7446 7916 8502 11050 12429 13696 13756 14238 14530 14987 19260 19417 19620 19942 24236 24441 34868 36759 45477 48805 54308 55412 66202 69989 87599 114317
