1000 32 46
14 146 162 1217 3525 3871 4013 4120 4822 5339 5501 5986 8027 8161 8627 9270 10214 10626 12212 13205 13529 13702 14452 15702 15797 17111 18696 19826 19881 20336 20662 21345 23105 26382 27691 30389 31725 36912 39232 42266 42503 44475 46832 62821 86813 111345
27 391 478 675 684 1261 1456 1557 3011 3754 3844 6586 7078 7172 7983 8161 8727 8798 8999 9951 10435 12451 13319 14429 15968 19788 20836 20974 21238 21355 23026 26370 27565 29656 29690 31468 33501 42122 42720 43031 46285 51232 60250 60598 69438 83339
14 204 293 407 441 576 730 775 2586 3047 3564 3731 6376 6626 7263 8285 8398 8982 9254 10353 12218 12376 12739 13418 16684 16728 16793 18100 18263 20048 22726 30754 30789 32905 35804 38192 38688 39446 50644 51812 52320 52889 52930 63585 69347 73605
328 875 953 1340 1399 1431 1767 2109 2389 2391 3102 3717 4217 4587 5954 6493 7090 8015 9963 11434 11587 12480 14957 18045 20319 20849 21809 23433 23455 24887 25545 25677 26092 28091 29903 30193 34546 35575 37866 38234 41325 51789 64274 68271 70157 106416
513 1438 2094 2280 4359 4574 4917 5517 6272 6674 6746 7466 7594 7737 9190 9271 9501 9807 10668 11359 11582 11729 14756 15901 16130 17462 17763 19277 20675 20739 22604 23091 26827 26957 28199 31693 34572 34652 38346 39384 42504 42872 61171 70486 73563 93583
103 302 563 1403 1574 1790 1864 2444 2765 3938 4310 4541 5568 6313 7971 10124 12404 12609 13107 16136 16383 17936 18588 19604 21136 21535 22050 22358 27639 30649 30717 33028 33265 35111 35400 35756 35825 36588 38029 39582 40587 43049 47115 50749 52387 67746
38 46 1223 1779 1970 2902 2985 3190 3976 4088 4111 4309 5057 5308 5479 6540 8357 8911 8913 9443 9908 10818 11478 11727 13224 15631 17347 18938 20725 22477 24215 25571 25831 26137 28077 28230 28518 28555 29104 43658 47123 54610 71667 80032 94835 102576
154 219 431 1206 1283 1709 1944 2391 3765 4009 4146 4444 5827 5843 6483 6933 7211 8127 8636 9087 9903 9935 10367 10574 11807 12007 12911 19628 20144 22212 23685 28723 29513 31914 32676 39386 40160 41800 45348 47900 48067 53740 55103 67716 67969 83488
120 303 901 1182 1277 3385 4466 4992 6340 6524 7129 8762 8813 10119 10137 11119 11266 12363 12847 13429 13798 15896 16038 16070 16398 16401 16895 17003 18889 21962 23807 24112 25190 25360 25609 28394 29150 32491 33093 34515 37044 45260 52350 60365 82947 111491
342 967 1606 1702 2234 3154 3478 3532 4129 4271 4340 4926 5201 7093 8313 8725 10628 11613 12519 12563 13087 14017 16441 18019 18992 18996 20762 23174 24223 25229 26385 27780 30324 30752 34314 37177 38768 39674 41023 42719 43416 43815 44495 53413 53811 69253
157 1106 1128 1321 2123 4814 4885 6346 6618 6632 7612 8219 8793 8910 9036 10776 12273 13289 14105 14353 15010 15418 16048 16198 16980 17158 17503 17628 19719 22204 23201 24772 28754 29837 34086 35165 35257 37189 43010 45122 47419 50907 51804 52995 54629 66681
37 204 940 2081 2206 2303 3753 3963 5112 6147 9458 9500 9778 9878 10034 10519 11249 11908 12266 12950 13897 15110 15565 17893 20657 21039 21121 21272 23596 24035 25565 26565 29484 30733 31084 32035 32232 34453 38449 40354 40376 41740 45994 55662 67513 75719
141 213 441 554 873 1849 2102 2222 2427 2577 2604 2661 3590 3636 4952 4989 6159 6626 8304 8339 10254 10399 11957 13711 14313 16081 16105 16489 20124 20990 25038 26321 28883 30697 34450 35044 35619 46138 46301 52605 53082 64659 68540 71822 73738 76617
600 782 1319 2101 2300 2587 2875 3092 3431 3671 3688 3918 3988 5413 5634 5820 5994 6932 7367 7864 7950 10775 13392 16368 16678 17896 17908 17925 18089 20391 22584 23605 26863 28168 28624 29341 30924 33738 35457 38375 38496 53317 70815 82298 86832 103399
92 613 1810 3090 3225 3227 4555 5036 6315 6455 6882 7125 7928 8222 8927 9748 10593 10933 11940 12339 14127 16850 18216 18661 20287 20926 22202 22276 22749 23346 23361 24728 25735 26711 28502 29513 36052 41571 43169 43236 45556 45925 48198 54570 58207 66647
546 1075 1521 1538 1643 2122 2266 3220 4161 4331 4574 4795 5120 5211 5288 5696 7426 7616 8065 9874 12088 12092 13801 14189 14995 15112 16988 22858 25375 26581 26847 28468 28966 29561 30454 31480 32553 37035 40669 41345 48694 49491 56953 60194 88888 89661
328 678 791 871 1375 1697 1919 1985 2535 3867 4394 4769 5564 6160 6470 6642 6845 6946 10362 10856 11773 12313 12480 12681 13082 15218 15769 16119 16408 16612 17572 18298 20050 21078 29717 29813 32734 32847 46814 48677 57630 64214 70342 76322 82667 89925
441 503 980 1244 2306 2370 2939 2955 3016 3953 4647 5705 5799 7400 8018 8194 8251 8260 8417 10131 10146 10868 12664 13797 13902 13939 17646 20612 21062 21953 25418 26079 28910 29793 31061 32025 32947 33685 36604 41904 42829 47397 48216 59534 69719 127802
1628 1868 2362 2801 2816 2963 3066 3575 3741 4520 4624 4831 4866 5753 5850 7078 7103 7920 8359 9482 10588 11820 12931 13054 13953 13971 19132 19830 20760 21874 24738 25624 25931 26826 30865 31353 33728 36065 38559 39582 39872 45776 50354 70177 93863 101759
69 469 580 864 3148 3805 3813 4132 4529 4613 4865 5772 5880 6057 7865 8901 9094 9358 10242 10747 11578 13245 16110 16343 17094 17143 18503 18647 20954 22707 22885 23465 27304 27557 28061 30839 42497 45523 47366 47410 47644 53505 54135 54434 59792 88784
671 753 842 2558 2973 3567 3684 4040 4090 4315 4396 4507 4892 6012 9031 9251 9852 10010 11379 11876 12325 12627 14251 15352 16066 16695 18574 20082 20849 25775 26023 27585 28092 30318 30979 32458 34946 36230 37783 39596 39869 42671 43473 54762 56556 130623
975 1638 1757 2165 3896 4447 4973 5857 5988 6461 6948 7331 7368 7879 8785 9244 9428 9633 11021 11063 11077 11138 11390 13585 13661 15269 17200 18360 18792 18841 23434 26333 26761 31868 33477 35406 37260 37806 42677 43594 54692 55323 55697 59021 60968 72222
847 3531 3926 4005 4683 5092 5216 5480 6046 6271 6438 7285 8402 8812 8837 9286 10710 11043 12411 13123 13582 13623 13815 13980 14619 15788 17315 17635 18238 20733 21538 23323 24178 27738 30041 32624 32837 41932 42244 42473 47243 48230 49677 50229 77498 78749
136 1098 2308 2657 2779 3093 3271 3598 3931 4792 5146 7303 7752 8662 9292 9749 9752 9757 10230 10862 11486 12302 12957 13077 14391 14672 16262 19855 22545 25675 26858 28566 30707 31797 31842 32073 32446 32622 32698 35000 36909 45418 52325 53666 57300 136755
360 907 1666 1790 2107 2640 2805 3275 3599 3605 4215 4451 5597 6070 7232 8234 8554 8806 9143 9179 9373 11715 13338 14246 14325 14715 15211 16218 18454 20289 21358 22816 24235 24747 25315 40429 44654 48108 49946 50722 58491 59055 59699 64973 65501 69159
1181 1223 2671 3013 3583 5241 5301 5960 6168 6409 6455 6646 6962 7552 8194 9005 9604 9945 9958 10140 11403 11654 12472 12939 16045 17842 18689 19024 19277 21588 22064 24058 26798 26980 29240 31293 35267 35519 39082 41526 47708 55183 61633 61733 70415 81343
682 897 1484 1823 2439 2735 2811 3790 4130 4986 5235 7273 7639 9102 11089 11789 12632 13477 14234 14270 16082 17895 17899 18364 21177 21370 21975 22033 22312 22885 28737 30601 31339 31861 32102 35179 37686 37831 38346 39527 42796 44888 45372 48814 50667 56015
206 361 1077 2183 2733 3443 3460 3466 3808 4722 5753 6125 6216 6902 7238 7405 8375 9508 9949 10481 10634 11633 11746 12919 15528 16466 17169 17946 18627 19667 22126 24556 24681 28341 29818 30857 31129 32575 45302 45493 46906 51669 52785 72580 82538 107739
448 479 522 1744 1866 2229 2703 2805 4903 5036 5096 5158 5237 5878 6440 7056 7182 7993 8611 8711 8924 9422 10031 12369 12938 13578 16827 20289 20995 21378 23485 26912 28263 29129 34554 34875 35555 37056 37430 41483 42387 43507 53768 54985 83969 118158
51 574 1013 1607 1716 2205 2306 2363 3631 3675 3996 4417 6127 6197 6787 7576 8234 9892 10048 10632 12250 12286 13250 13370 16144 16308 19165 19802 19963 19991 20363 21538 22831 25917 26358 26898 28355 30667 34399 35062 39678 43402 83440 85825 96790 98086
814 1487 2075 2566 3526 3735 5138 5542 7021 7025 8289 8572 10096 10494 11656 11780 11998 12489 12575 13822 14164 14249 15307 15455 16087 16476 16602 16672 18023 18854 19916 21361 21759 24285 24895 26045 33481 35416 35769 38467 40169 42785 44586 51995 79358 113604
575 1166 1483 1861 2301 2637 3651 4426 4739 5207 5685 6535 6621 8459 8741 9566 10108 10130 10765 11724 12010 12664 12691 13780 15210 18648 19525 19998 21061 22017 24144 25661 25857 27796 28052 28456 28759 31884 32401 33746 45705 46359 51594 55176 78520 116158
