1000 35 6
33590 51970 67073 69665 101324 649008
30076 30728 85947 201791 240963 387648
1892 67250 143842 217552 246186 310733
23455 27221 63558 95585 242052 518055
9058 49199 97014 106314 320739 403979
33704 91397 166301 180809 197322 317255
38259 103812 105702 133587 202471 387356
7893 13593 14211 186985 229728 517737
191 84890 156734 164852 281522 284586
15620 46180 47406 216954 291956 359399
7482 25731 95632 99554 378169 379150
50950 56603 68760 142336 240687 427357
5193 87388 198340 203829 230954 252324
17977 99689 128254 159151 212827 354820
34809 71233 117451 169469 225202 358186
78800 98557 119103 166089 210981 310155
9575 90396 102036 114172 262771 406419
772 11500 103784 180623 257278 426093
64192 108426 142755 145760 177302 333187
7918 82316 85638 86302 98545 606815
4468 103582 164295 182934 225795 291390
9403 13298 112239 251166 292339 305328
72015 97009 122986 165358 227414 287875
10443 70162 86758 147891 178932 488769
15374 19001 156925 165751 274371 338531
2619 20853 126078 239677 268999 322382
19671 31537 40410 80907 163490 643771
8207 69178 102943 176340 203193 418528
58170 105906 151259 178069 221334 258992
24135 24892 33449 117104 131466 651692
6274 99714 100331 109808 188339 473334
5672 64557 116295 136138 285544 368465
1193 29658 60355 133018 209531 548425
10353 51263 156117 188963 276655 298081
33247 64085 125450 205971 233113 310598
