1000 13 45
137 209 519 520 1009 1010 1146 2092 2436 2626 3955 4060 4652 4967 5482 5555 6451 6974 9545 9886 10803 11453 12147 12355 12590 16017 18137 19269 20533 23934 24111 26189 27028 28481 28568 32088 33744 36453 47260 53324 54037 54564 55443 57911 63054
198 440 1260 1999 2364 2764 2952 3115 3463 3741 5109 5250 6860 7625 8018 9273 9324 9807 9853 11231 11489 11959 12784 16903 17757 18682 18859 18996 19943 20508 20891 22232 22810 22875 28608 31816 32787 34156 35610 38914 56536 57048 58219 63241 64743
417 608 660 701 1262 1403 1452 1925 2239 2554 3474 5922 6040 6593 7019 7168 7576 7692 7844 9952 10831 10846 11124 11484 12254 12973 14781 15346 15944 16515 18324 19901 20388 21192 21471 23764 26397 30089 42247 43372 58028 59884 81440 85236 96252
183 723 844 924 1145 1162 1277 1873 2402 2775 2865 2904 3422 4599 5107 5644 5782 6041 6166 6488 6832 10923 11693 11707 13036 13452 13582 14114 19069 20479 21663 21814 24283 26250 26692 27183 28218 29049 35594 37206 50912 57689 58662 65300 73079
44 220 510 1165 1365 1505 1625 1747 1843 1899 2792 2883 3351 3522 5298 6829 7600 8068 8873 9319 10731 10950 10990 12175 12533 15209 17364 20903 21198 22967 23622 23711 25698 25774 28129 28683 34104 37022 39748 39819 40200 51247 53522 56029 73724
137 269 1000 1508 1843 2102 2254 2878 4041 5170 5201 6046 7331 7423 8136 8320 8373 8877 9702 10701 10803 10925 11293 11871 12143 12611 15255 15977 16233 17121 18957 22467 23631 24679 27644 27646 30723 31522 32159 36078 36139 40859 53972 67685 101401
68 596 1015 1344 1577 2103 2920 3664 4987 5685 7013 7163 7282 7809 8889 9602 9757 10207 10754 11495 12121 12249 12279 13281 13880 17214 17302 20074 21865 22233 24762 26843 28907 29152 29410 29411 29617 34484 35228 39065 39817 50044 53928 66700 68872
27 218 468 555 1587 2306 2896 3900 4077 4241 4249 5493 5691 6065 7220 7428 7896 9423 9525 9837 10144 10841 10924 11717 12825 13945 14919 15380 16238 16790 20340 21607 23760 26420 26702 28813 34118 34612 36807 39626 48186 50446 53932 64394 66985
165 275 392 570 614 2617 3147 3323 3889 3930 4347 6413 7079 8374 9388 9733 9755 9814 9992 10663 12038 13407 13600 14010 14057 15508 15778 16387 18161 19270 20545 20597 20837 21827 22008 29436 37043 37385 42200 43353 47155 47189 51947 75617 77631
288 512 788 1223 1626 1686 2195 2605 2792 3702 4266 4295 5770 6454 6828 7492 7549 7738 8429 12231 13440 13941 15015 17015 17089 17342 17902 17957 18817 21382 22593 23212 23902 30211 30414 31022 36003 37128 37277 37836 40781 46712 48905 74798 81582
49 104 414 1213 2594 3318 3669 3710 3720 4137 5700 5902 7017 7079 7333 9562 10275 11642 11740 11959 13679 15452 15734 16212 16447 17879 19038 20872 22257 22363 22856 24185 25101 25934 27618 28474 28527 32912 33699 36530 40903 56196 59159 65483 88357
280 622 1813 2224 2632 2655 3069 3170 3321 3343 3612 6115 6135 7059 9645 9873 9984 11594 12257 14598 14807 15989 17371 17428 18605 18989 21857 22411 22434 24277 25255 28780 32075 32508 32645 32679 34374 36371 36651 40738 43285 48848 56853 57457 64072
242 410 1344 1756 1938 3091 3262 3452 3524 4631 4725 5490 6317 6355 8598 8983 11303 11324 12363 13413 14123 14566 15017 15467 17895 18250 19816 20373 22089 22565 22830 23797 24070 26551 29536 29944 30996 33436 34005 34634 36513 37504 42092 81484 88013
