1000 41 20
3678 13098 13761 15385 19561 21647 24835 28294 31505 38780 43818 50709 50812 55480 56547 57217 72092 92812 108839 195895
1837 4990 14636 16253 18423 21539 23440 25489 32552 37167 39655 48078 53722 57007 67883 70763 81988 97609 106966 172588
3438 14475 16436 16862 20920 21180 24122 31246 41889 45447 47158 52012 53079 54326 58961 75120 75470 96718 115919 129012
5307 7635 10723 15848 15965 16784 24526 29748 33033 38895 40583 42562 43041 46417 50324 63309 66506 77495 163977 204236
727 4447 8626 11570 11722 18394 28453 35385 35665 35768 36541 45952 49518 54797 55187 61997 76811 77645 131610 215573
5719 11193 15385 20556 20820 26308 26592 30675 34627 37568 42055 43132 48082 50855 66057 71046 100879 104479 117683 121011
1265 2787 9695 20912 21849 22232 30760 32399 33811 35294 42461 45896 51367 57330 80100 80231 86035 92844 117030 128239
594 1564 5895 6953 8398 15676 19746 21930 24046 25500 31092 42638 48245 49797 51016 56371 72662 105357 121380 285235
5389 5840 12266 12531 16485 18828 22054 26424 30285 31688 38957 54144 57072 65590 66516 67510 67830 95987 138247 162209
2154 2760 8813 10271 10349 17927 19596 19835 25163 35567 40189 45536 50308 52311 78852 79797 87144 90018 110055 207687
453 3026 9131 10746 12371 25276 31373 31763 34449 36122 38664 43116 46002 46355 51681 59268 81218 108984 155618 170104
1573 2159 3381 4192 6336 8701 17239 30561 36271 39350 48592 63997 65564 66734 76988 78019 97138 109320 110803 124797
4791 8418 11007 12576 24559 27857 33438 41988 46526 50205 52987 53760 54495 62709 66441 71758 72508 91695 100048 107179
558 3066 4041 10088 13207 15736 19951 27708 29274 30939 39718 41205 57318 59517 72279 75846 79010 89436 135035 189003
3554 3789 7449 9543 10359 11149 11438 18398 29466 35478 45497 50559 51015 59554 60326 61413 67852 82435 159871 215835
6300 8104 10101 13592 14256 14578 19824 31933 34584 38099 44140 48095 48786 54812 59197 76849 95476 98195 130181 146679
794 1072 7348 7963 18630 20289 29380 30220 32633 36262 44961 52019 52379 58496 61819 69252 72099 95049 95768 207600
1422 1643 8437 10706 12379 13309 16300 19303 29738 40233 48816 54450 55542 56121 56498 81778 89010 112565 120178 168578
2050 6728 7743 9633 10027 20216 20583 23442 25707 25849 26479 33615 36517 56503 73625 78179 78297 103981 148378 209567
2634 4011 10774 15589 16015 17906 19491 21455 27971 28912 29086 31047 46761 50796 68185 82650 88699 97488 165756 169831
4492 10419 13044 13663 17305 22803 27252 27617 28567 31445 37370 43234 44077 54662 72493 82284 84757 94752 106104 177151
406 7765 10193 14016 17575 17665 28142 29366 32472 38177 40816 41759 49167 51792 53447 69106 83898 88250 130797 191919
4823 10110 10835 15889 18775 19713 21713 24315 24779 33673 34275 43025 52348 66456 71239 75900 91974 106857 124714 143794
3445 4186 7902 17279 18986 24258 29769 30687 38946 40043 49267 52790 54501 59143 62083 75608 84845 92423 113136 135063
277 7717 9962 14767 26021 32601 37867 39961 40891 42139 53358 56425 62588 62705 67884 74395 80864 91841 95964 96504
14448 15239 20010 24336 25756 30560 30584 31268 32614 33860 38764 50945 55195 58151 72139 72400 78162 84585 110932 115833
4754 5995 8530 11041 18196 24468 25991 30584 38608 43681 45696 49666 52888 56807 61140 77840 94008 109238 112412 125157
2179 2923 11813 24344 24458 26842 32655 37055 43051 49075 50939 54333 57908 58638 64993 65512 74892 96475 103257 110558
2725 4272 11874 15006 15543 16102 27975 28412 28565 32970 33585 36605 39926 42258 52388 66532 69553 80411 192944 197810
59 2373 3844 7191 9113 14985 24418 25368 32289 32707 34900 50571 55433 56960 57620 63954 67728 100771 156085 197297
142 4626 8381 12492 14171 16521 19923 20684 25186 29765 38735 41116 48054 58629 59406 75638 88504 94170 167087 173212
386 1203 3060 9095 10685 16466 16612 19236 25701 30788 33319 34318 35238 37146 79395 85108 86543 102895 120900 248985
71 1575 4166 6826 15935 28884 29324 34674 41103 41129 42816 44907 47481 59341 65879 75525 80661 98635 137104 139936
5435 8027 8217 9776 14243 14640 18702 19760 20829 28398 28748 29191 43664 56617 64213 73349 104456 112989 162617 171276
102 3710 6739 13782 14367 14401 19659 21152 25355 26057 28908 33715 37263 37780 63170 86788 111243 112102 143041 195376
2674 5561 6578 10934 13212 17540 24205 25968 26454 32337 39253 42074 44898 53844 55864 85268 114382 118310 133498 142420
530 2475 3416 6236 12953 17554 24810 26447 28816 29755 35658 45208 46183 54397 59943 85967 92289 101723 102071 215726
4761 7831 8002 8959 12416 16761 21860 30775 31197 36142 42497 49496 50857 57230 66111 86392 87446 114282 115195 146262
19 312 1506 1704 3781 6388 12773 13409 19438 30422 31118 32909 43299 49051 61335 67076 72546 117700 150482 280750
1204 1604 3615 5785 7568 11876 12457 18357 21399 23402 33199 43685 69549 70421 77513 83845 108107 113927 126591 158498
1446 8636 8755 11840 14344 14710 20059 27919 29253 32746 38715 39667 41696 44750 84339 86657 92518 99408 145949 150716
