1000 40 14
5849 12884 18790 37460 40322 44656 51442 64671 67061 85018 88379 89368 97774 229182
5576 25598 26119 42689 43707 43789 49099 54798 57899 64871 69202 92473 135414 173202
3788 5595 8706 9642 29784 31095 36920 41039 55359 67322 82437 93706 198560 225826
1085 1803 11856 15686 16937 17697 33322 48312 53638 61830 100464 130634 155907 283392
1884 9773 10034 15466 26887 28363 32331 50487 77150 101010 109040 112145 174287 176518
1121 8562 8721 8792 20023 22077 24280 37377 40022 45547 68922 133327 208929 250851
2821 3812 17330 18003 20402 32822 70847 78224 78886 84944 86325 100563 102496 171230
4744 13251 14722 22292 25649 31639 33085 34681 57481 74730 77430 140168 168029 206290
1255 9158 11214 14069 14966 20273 27602 31660 39278 53785 62596 121821 203155 322404
11757 13272 20605 21938 24260 24670 31219 40946 41837 57432 62641 79326 212717 301196
5091 13895 26800 45441 54654 56420 57115 64121 71526 74721 80223 81061 116882 125460
455 9586 10103 16165 16561 22731 23126 49620 62838 63604 72193 133007 162695 304369
2517 2833 14451 28637 29857 35277 51631 51645 54916 63474 101350 105536 191271 192558
3102 9273 20675 26108 28790 57373 62157 66227 70855 72641 80855 107920 118193 201010
2053 6296 15246 32537 40223 55850 56844 62834 65822 79062 101497 115926 142436 168731
12550 20065 26718 30345 31905 35357 39327 50240 50668 53168 68809 104906 128850 237118
8680 9716 21490 24905 26766 53524 59793 61671 71581 77169 110990 118160 121985 135025
533 1634 13382 15043 20170 21052 33919 37141 66568 66593 87144 153567 201678 227521
4584 17916 18573 27921 31466 35338 45775 48067 48220 49209 50780 83307 132102 335495
11048 22077 24536 26022 33759 34822 39377 44558 56819 63298 73390 122040 161593 189248
3522 6330 8812 32003 40717 41584 47523 49146 64323 75558 97886 110031 125975 216751
2841 14321 38048 40619 43547 46080 51861 58398 68834 80179 86620 97273 104647 119823
18 1149 19125 25820 26903 43774 59763 63898 75551 76123 77126 123690 139513 150973
1193 8192 12317 26293 32107 32477 39873 68908 71603 96725 115272 122708 123138 173045
4266 4646 20015 26049 32671 33594 34592 71488 80303 90839 103855 108438 117646 145233
4924 5385 16218 16301 18500 20338 29348 41526 56907 71457 93490 119362 130657 255056
533 3298 8464 15153 25013 31417 32969 35419 40806 41737 76412 183710 200839 236725
5447 5596 7505 18871 24356 25075 25457 27124 41392 48804 80576 113180 216468 250487
4106 8189 9846 10936 24084 37630 42749 48791 50267 59166 113583 127621 163643 199113
4588 9557 9793 14071 14945 18931 38559 49688 50055 71052 137990 161382 172036 179986
3511 4273 7757 33553 38139 49525 55095 61563 67154 75951 88324 101395 163732 200575
5071 9188 10935 13012 14748 19030 25025 41601 46777 59189 111704 155026 172399 213266
1188 1337 3439 22840 30877 35761 40063 58754 64939 90990 114382 135098 141974 189705
6180 7623 15693 19113 29242 33499 40544 55617 85827 90870 93784 94061 110316 206000
6004 11084 18911 25430 27492 32225 37874 42619 49814 81733 86673 90457 104523 290139
7095 11667 22495 32324 41539 47420 49749 55390 71697 73886 85440 102074 133617 173458
79 949 2056 2446 6059 6326 15296 24727 58297 97983 141063 152269 160679 251660
6608 20153 34984 40956 44751 51150 59323 59841 61390 81666 92301 112347 115252 156646
3688 9952 13600 15548 25440 29606 30975 85403 93303 103092 109770 127512 137273 143183
2885 5859 16950 19089 48220 53708 56971 57077 67405 78818 83156 95964 165276 191961
