1000 37 33
2274 2275 3128 4765 6446 6837 6849 7694 10252 11671 11773 12429 13156 13556 14187 14511 18547 19454 20319 20440 21808 23019 23245 33747 40174 42433 46505 49634 62073 65284 81732 84152 149300
4113 7501 8772 8783 9521 9888 10160 11520 11733 13885 15472 15954 16613 19042 19640 19706 21311 21567 22005 22648 22736 26221 28252 28667 36622 38539 47203 52611 55124 64160 68493 88166 97016
510 690 1363 1480 4329 5036 7011 7841 7929 8133 8309 9351 10628 13356 15023 17465 17648 18114 21647 21891 25133 27480 29628 35399 35456 38529 39267 44459 47831 62947 86818 127737 140450
818 908 1275 1403 2602 2662 3262 5867 6913 7656 8548 12189 12721 12856 16687 19042 20320 22445 27253 28987 29483 32554 35129 39924 43885 43932 55019 56079 57673 70079 70678 88325 124968
53 136 1848 2228 2433 2473 2968 3478 4570 5178 8626 8802 9067 10559 10798 18239 20230 21919 23999 27942 30502 32612 39707 43966 50963 51513 51811 54961 62551 72604 82641 88349 88408
858 954 1611 2728 3183 4563 5441 6222 6581 8115 10375 10454 14132 14592 17219 17714 21125 23359 23472 26398 27442 31066 36054 39550 42379 47180 50194 59140 61474 73644 76406 88350 106122
690 1407 2532 3406 3743 4345 9099 9317 11344 13958 15144 15238 15353 15739 16745 17354 20004 21888 25514 27313 29480 30866 31846 36254 37928 42075 44962 58902 66287 72207 77132 77728 82046
2832 6043 6402 6445 8612 8847 9438 14253 15284 15886 16675 17214 17965 18147 18582 18868 20553 20972 21314 27630 31777 33310 33663 34448 42754 43819 47867 52311 54296 57698 62888 65440 90282
1027 1670 2191 2734 3929 3946 5931 7940 9751 9997 11197 11966 14151 14491 15673 17898 17982 19615 20235 28255 31404 32486 36936 37960 38825 44104 52749 66512 68238 70773 73404 78080 84388
320 878 903 5657 5657 6826 9394 9672 9964 11431 11468 11751 12987 13060 16170 17000 20958 21953 22409 23799 24474 24974 36674 40678 44051 45384 53650 61132 65666 66704 72205 75161 79337
221 753 1635 2679 3036 4704 6679 7382 10102 10167 12144 12524 12793 15126 16075 17356 21146 28180 29006 29426 31910 37457 37608 38741 45337 46055 46423 49385 58798 62759 68353 78398 120136
49 1088 1493 2721 3837 4114 4593 4597 5315 5793 6720 8752 11516 15846 15972 18805 21541 21699 22857 28657 30232 32665 32909 36885 45330 46954 53138 55988 59505 74322 74336 74707 126107
1040 1333 1616 2152 3217 3544 3585 6597 7498 8048 8328 10653 12117 12119 12557 13938 14587 15543 24689 25195 25439 27178 27641 29981 36209 37876 44816 49588 77926 80999 87636 97071 110128
347 354 479 1229 1892 3257 6053 7225 8010 12492 12533 12873 14409 16827 17921 21935 22593 25030 25187 28407 31704 31738 35977 38497 40219 45565 53627 60606 61430 67372 74035 83514 103694
567 1588 1588 1954 2333 3542 3586 5757 7538 8081 8545 10052 13634 16763 18734 19995 22125 23684 25398 26769 28445 34010 36265 39603 41951 42671 44566 44762 49835 80872 91736 101705 111977
1191 1400 1528 1550 2485 3357 3673 4687 5171 6238 6437 6874 7697 14103 17564 19712 20705 22258 27184 28075 29250 33317 34160 38371 42107 42703 48266 53945 64296 69561 72143 90328 96156
708 731 892 2842 3038 4591 5453 6349 10729 11909 13728 13754 13909 14044 14672 15707 17327 18309 18694 22273 24480 25149 35263 37868 39766 42067 42661 49583 54937 59963 88105 112261 146013
375 1027 1096 2240 2642 2645 4373 6687 9323 11568 12201 13416 13611 15516 17997 22286 22328 24064 26358 26471 30670 35221 37568 37585 40836 47604 48287 50876 52604 64568 79371 80183 104922
805 824 838 2012 2713 5635 6916 8673 9896 10032 10991 11048 14408 14555 15685 17630 17744 17966 18400 19303 26119 26949 28399 28934 35931 47480 48977 54778 59164 64074 78764 99743 115853
1056 1499 2443 2603 3394 4185 7295 8023 8990 9295 10297 14002 14134 17263 18104 23902 25938 28378 29695 30640 35132 35337 36797 42742 47104 48443 49821 50375 51540 53393 58494 73342 105504
190 426 792 1000 1583 1822 2362 2584 7385 9013 10436 11100 13094 13562 14567 16706 20302 22390 23812 24055 26562 32624 36593 39020 40158 40703 49190 54293 59403 69318 73442 93883 157098
467 1522 2623 3014 3712 4052 4681 5282 5488 7703 8483 12462 13088 13892 14458 17420 17699 18267 19765 21077 24902 26105 26775 34279 35014 42357 42727 59936 67512 68452 85260 94314 133761
2364 3593 6180 6581 7292 8581 8657 9637 10329 12902 14647 16550 17314 18210 18793 19410 21989 22181 24419 27051 27161 28155 32227 39010 42010 43129 48376 57351 60922 61088 73653 82678 88349
3046 4726 5684 6103 6230 7815 9602 10172 11011 12066 13661 14090 14469 14578 14677 16787 16788 20135 21540 21704 23039 28593 32989 33802 36622 45706 50090 56160 59327 71327 72034 83158 123038
261 1882 3002 3149 3291 4386 4674 4743 5355 5787 12285 15316 17886 17907 19046 19408 21920 21923 26633 27025 29482 32056 36489 36896 41996 43390 45451 52076 52766 65791 68438 78115 97784
857 1014 1277 1460 2472 3181 3460 5210 5557 5600 5965 6968 7389 10980 12104 16293 19594 22007 23019 23900 30561 31630 46200 49234 51122 54701 55173 66493 70147 70370 71062 80250 86942
104 777 1713 2536 2756 4557 8463 9029 9460 11108 13301 14001 14346 16063 16889 18475 20481 23612 31367 32322 33813 35953 39801 40025 44459 45137 45373 58203 65667 66944 70879 74570 74709
206 2275 2886 2913 4385 6063 9266 12871 12978 13145 14474 15933 15957 16275 17778 21030 22397 22911 23068 24212 24717 29176 32860 33267 40990 47930 48349 48434 52493 59130 72865 85230 101879
123 947 3263 3765 5090 8048 8749 10827 10853 11738 12365 14188 14206 16012 17637 17646 22629 24574 25591 27530 28103 28811 31516 33685 36635 36770 41005 54217 64154 73959 77235 79750 107471
168 362 1094 1285 1925 4562 5338 6295 10628 10709 16319 17345 18579 19745 21830 22147 22908 23132 25782 26075 26707 34667 35458 37292 37431 49701 52290 54104 58397 69105 69921 71791 113356
644 1516 4108 4121 4249 4791 6910 8958 9024 9200 9723 9949 11299 12207 14420 18188 18262 19696 19872 21313 23901 24151 26755 29739 30581 37176 38121 39499 43336 74571 79811 79893 203581
876 1784 5076 6418 6708 6807 7156 9145 10798 12821 12851 15474 18425 18763 20710 21012 24193 24265 25169 25949 26071 29236 30161 32864 32962 41380 46977 46995 47394 54617 57403 101836 129186
46 1423 1771 1810 2581 5023 5152 7706 9205 10437 11116 13301 14628 16167 19246 19327 21491 24114 26167 30300 31124 33600 34619 34956 43844 45684 48157 49236 57979 62489 65581 89674 111774
13 379 1716 1992 2423 2530 3814 5549 5631 6440 11830 12767 15044 15642 17542 17975 19689 22037 22313 26415 27938 30225 40374 40579 40797 43458 44494 45660 59455 63542 67605 68193 158859
968 1412 4118 4722 4842 5046 6104 6499 6662 7351 8234 8599 9852 10241 11842 17986 18323 19739 20700 21051 21118 21783 21796 26893 37431 38302 40746 57251 57847 68715 78835 106245 145736
518 2011 2224 2337 3032 3569 5579 6026 7653 7715 7819 9134 11766 13683 16631 17786 17911 21456 27759 28192 29989 30236 37668 40750 40950 43528 48833 53232 53268 76029 79749 87337 109625
93 1584 2214 2851 5016 8206 8478 8542 8803 10306 12790 14176 14247 14340 14883 19203 19841 20114 20210 20269 22472 23144 27640 35058 36551 36790 40636 53495 53496 60069 88814 108407 133966
