1000 13 26
253 1978 2038 4023 4934 5018 6830 7485 11500 11971 13148 14054 17764 18107 19663 24523 31362 34095 36720 57589 59074 71520 72887 74443 78801 136735
836 1053 3907 6075 7852 8616 10749 11478 15777 16821 23309 24149 25868 27505 27523 27668 29593 40813 46717 50050 51930 59745 69147 73267 91778 135478
636 2736 3910 5338 5941 7498 7881 8834 9336 12865 20476 20632 22665 25322 25577 26878 26919 27600 32661 32848 37343 65671 76147 76743 123267 129703
646 1162 1399 2284 4742 6100 8381 9927 12424 15047 15619 20051 20950 23411 25068 27255 30057 30115 31318 31378 42956 47567 49978 75083 134413 155107
56 1026 2245 3566 4956 6623 7295 9259 9888 12195 15010 15219 17247 19215 28899 32638 37695 37898 40186 40407 41710 52302 52526 79883 96903 151686
2339 3258 4002 8497 9694 10875 13311 16826 17037 18559 19671 21725 23225 25341 25624 26561 27527 33160 34080 36000 39286 50797 53044 60122 63791 137766
393 809 2900 4631 5540 6749 7086 8683 10409 11247 12363 14122 25196 29835 29918 31361 32074 42104 49482 49727 58627 63703 67738 76526 116578 140329
676 2794 2938 6735 8617 8635 8690 9430 10976 11515 13455 17091 17625 25014 27745 34107 35502 41511 44029 47571 48547 48865 62765 64997 65796 137826
310 572 5305 5655 5933 6151 8234 9585 12017 17568 18502 23200 23221 25073 26099 26469 27729 30627 37228 37962 44650 63717 69131 97143 111554 128846
1284 2398 3437 5957 6903 9008 12566 13264 13347 15377 16763 19697 23213 25164 28178 30397 30853 33582 36762 41659 48321 52818 53641 79078 93591 109223
494 1494 2188 2885 3284 3979 8091 11557 14018 14144 14262 15152 15749 17146 18365 21378 29544 34440 36192 45280 49480 78770 79227 81176 99260 116861
504 5543 5983 7401 8864 10543 11203 13218 13795 15793 16596 16657 20861 28644 32432 34025 34741 35966 36868 41880 41953 51263 57718 61354 71617 99015
391 1326 2390 4385 5198 5406 8695 8928 10511 11454 16659 17069 18798 19218 24313 26573 32388 32497 36429 40398 54206 73909 74363 77923 93402 127315
