1000 13 43
191 438 834 867 1114 1501 2128 2640 2863 4057 4623 5288 5332 5607 6411 6947 7425 8245 9858 10149 11873 12096 13742 17266 17508 18033 18080 20277 22611 23634 25618 27321 28506 28564 33446 35754 45904 48171 48217 51505 52980 60399 72059
571 721 1559 1583 1796 1964 2212 2539 6111 6743 6827 7154 7413 9025 9046 9164 9695 10120 10292 10323 10687 11264 12785 13077 13561 14923 16495 18249 20470 20686 21585 24386 25497 26626 26997 29386 35192 36444 49076 55285 61584 67724 71371
384 826 1103 1221 2350 3849 4334 4807 5422 6113 6348 6995 8277 8868 10040 11025 11505 12242 12562 12567 13885 14042 14226 14271 17333 18674 19297 19592 21257 21735 23130 24507 25693 27155 28850 30525 33404 36935 43678 46528 49382 63092 66698
288 1349 1722 1805 1924 2586 2908 4048 4355 5420 5889 6401 6542 8099 9303 10189 10654 11207 11362 11907 11985 12581 14595 14980 21567 22733 22967 23315 25270 26459 28296 30407 31451 31623 35472 36036 38851 45726 47229 47466 49446 53575 76707
117 630 2004 2208 3081 3348 4431 4614 5221 5323 5600 5976 6764 7896 8240 8304 9010 10164 10621 10930 11618 12043 12239 12981 15264 16383 19425 20313 20867 21632 23903 26657 28921 29492 29616 33501 42993 43245 48775 48885 50130 53811 64562
238 890 1027 1054 1499 1933 2450 4672 4676 5049 5570 5769 6290 6927 6963 7235 7623 7940 8069 8244 8354 8782 9594 10744 11043 11069 15390 15660 16768 16928 19957 21659 27199 28774 34609 35971 36860 37194 43289 43358 45714 46892 62884
146 606 1099 1136 1205 1334 1664 3184 3496 3602 5878 6505 6533 7283 10549 10757 11032 11108 11166 11439 11773 13366 13565 14050 17429 17843 18091 18602 18611 21492 21750 23645 23718 25045 30653 32420 33394 39673 40795 42308 43380 49613 63770
144 556 1057 1180 1799 2103 2108 2446 2532 2673 3814 4425 5135 5963 6337 6362 6451 8920 9803 11352 11594 13785 14291 14320 14655 17112 20849 20953 20973 21176 21499 21651 23756 24664 28141 29922 33480 33657 34466 38244 39357 46168 59453
832 1314 1746 1900 2202 2432 3684 4744 4761 4943 5064 6053 7197 7454 7474 7630 7883 9317 10076 11720 12078 12399 13146 14986 16896 19739 20294 20505 20524 23489 23519 25695 25709 27117 28364 30613 31072 32047 41935 49279 56132 71474 92763
354 534 651 1103 1441 3426 3439 3555 3750 3786 4029 4272 6310 6361 6556 9416 9492 9547 9642 9710 10772 13122 13335 13907 14084 15912 17354 17545 19413 21117 21651 22234 25570 25769 25845 36556 37146 43656 46728 50914 55888 78975 99929
1027 1514 2161 2277 2502 3019 3505 3947 4594 4745 5041 6657 6946 7627 7726 7734 8702 9823 10374 10659 11365 12505 12793 13335 14336 14549 14665 18942 18946 22944 26897 26937 29142 29388 31585 33389 34065 36251 46656 47564 47665 49937 72693
344 595 1622 2049 2394 2887 3142 4879 5036 5513 5932 7079 7729 8972 9866 10496 11791 12003 12347 14606 14770 15049 16894 17139 17313 19797 21057 21297 23274 23505 26489 27950 29271 31194 31977 34186 34542 34611 37436 37566 50008 66198 79022
176 250 397 445 1448 2241 2561 2602 2738 2868 3000 3039 3381 4258 4621 5376 6983 7792 7904 8510 8654 9549 9964 11679 14691 15947 18474 19169 23191 24451 25329 27917 29800 30811 31236 31812 32726 36551 39076 44309 47098 56265 96369
