1000 40 23
4120 8973 13354 14788 16258 17301 19089 22286 23440 24161 27466 28655 33296 46548 48730 52916 54621 62034 70241 79433 79500 97236 105363
1168 2359 10251 11353 18321 19641 22373 26310 28621 33557 34604 35587 43324 45645 48945 51065 54144 54271 55304 55913 90405 97373 115766
3823 7650 8090 10751 11113 11864 12284 14504 20763 21260 25898 27061 27789 28570 29104 31176 33715 43077 62609 95933 108357 108848 164655
779 2814 4140 4862 5225 5930 8998 9788 13536 14273 21426 26363 38097 49471 51400 54450 72859 74318 78425 82304 87201 93117 107278
2318 7594 7958 10330 11126 12363 17372 18990 19386 21547 33956 34069 38392 51768 54138 55013 58673 61891 62693 63743 65569 75382 125256
1121 1253 2236 2595 6115 7997 8193 13424 14945 21519 22811 27520 27902 28280 37201 38229 62027 63376 64690 82195 84751 87031 196618
1056 3545 3587 4822 7234 12375 13576 13795 15637 17010 19041 20563 21709 23956 30172 31175 34531 61948 64616 70391 70580 120271 281683
1758 4581 5719 10066 10172 16712 18137 29537 30242 34297 37056 38303 38639 43327 46099 49347 51379 56728 60515 76027 77120 88196 108343
121 178 1615 4056 4119 10046 10908 15102 17315 19550 23309 31830 37598 51847 52204 55436 55895 63143 72961 84836 90470 113481 118808
927 1028 6558 9655 12886 17932 18480 20331 22112 29228 30892 31030 35591 37422 38207 38417 45211 49011 49732 53983 89345 111673 189548
1506 2472 3082 3515 4941 10432 11261 12450 12817 13179 15637 16614 23540 25414 31069 59191 60220 62953 65850 75949 112525 125662 160535
534 6381 8295 11813 13507 15131 18538 20907 23985 30223 30264 37614 40380 43877 46529 49394 50694 60176 68576 69997 71146 74540 115664
1769 3214 3361 7252 11279 11963 16535 18013 21786 23849 24999 26820 28241 28457 32301 32958 45518 47538 51602 77483 95145 163555 174762
8 965 1933 4387 6255 10335 12414 14104 16877 17163 22991 28261 30505 34972 38868 43249 62533 77300 81384 84544 87153 115325 131446
2526 4630 5695 7881 10018 10928 12653 13580 21438 22513 25418 33497 37362 37401 43129 58887 61036 67140 71558 75268 95053 120934 123698
286 464 1296 3857 11602 12516 20738 21582 23561 33710 35126 36089 45823 46009 49354 53612 57842 58071 67989 80225 81040 95128 97977
1072 2469 3046 7685 9581 10547 12107 14504 15614 18912 21968 22929 24730 27061 29663 42853 46483 67760 71337 76599 82820 154340 191860
2451 3581 4668 7544 8505 8533 8548 11480 11862 14802 16978 21128 23588 38680 52497 52544 54139 55759 56472 76755 77061 121977 177537
1507 2388 8394 9046 9964 10636 11865 13380 18330 19997 30155 30581 31329 47719 54580 64157 64388 73206 82148 82173 84305 91062 103934
771 1167 4666 8324 9567 14096 17215 19492 19708 24315 27313 28640 33230 38346 39461 69674 70911 71097 73481 79030 86954 114354 114961
372 2794 3867 5853 7104 9415 10056 10372 15255 15532 17465 19520 30518 35122 37237 40380 59395 71537 72160 72577 74610 142410 155730
588 688 1190 2795 3729 7330 9490 10120 10336 12192 12636 19937 21567 22326 34179 36354 41595 45778 46518 143846 147169 150205 177301
4059 6733 7861 8738 9401 10295 13602 15016 16277 19346 20021 21469 21566 27559 29774 37097 40993 55287 59492 86219 87701 89550 221387
3898 6554 8895 9376 9400 11901 13539 13811 22909 27346 29467 32830 34337 47908 57076 57270 58920 62813 63473 66770 85090 85623 133073
240 1383 2332 7254 8089 9982 11061 12219 15870 16369 17303 30205 36842 37685 40831 43128 62704 68846 70281 83524 88984 92967 180058
129 157 955 2203 7150 13207 14213 15672 16929 23141 23644 27909 30745 36715 36896 40012 40969 49430 52667 72342 72891 97273 242871
1648 2509 6251 9021 10357 10721 12803 17142 18853 20096 22100 30013 35397 39727 40301 53508 55833 65679 69064 77459 91217 103958 120612
69 438 3518 4457 7905 10700 15357 15946 19334 24187 27467 32062 33937 37227 42322 45130 47659 50577 68027 70651 100936 103855 140880
759 1731 2353 5279 6153 14879 16295 23845 24072 24349 25956 30416 31619 33407 40456 46402 61980 68687 72966 75455 84849 90766 119347
1562 7756 8635 9196 11135 15014 17724 18991 20471 20806 22518 25603 27681 27739 31678 33368 40212 48010 50065 82702 87851 93452 262738
1677 4217 5921 8059 8317 8590 15160 18125 19013 21800 21953 25202 25586 27230 32849 35364 46260 56330 59569 90015 131413 132061 138029
1840 1902 2929 4946 5029 6273 9989 14784 16680 19069 34091 35182 37048 44580 55138 55931 57476 71782 83115 86989 93449 103635 121395
284 1060 2142 2385 6000 8520 9020 13133 13249 19516 19595 21319 22954 24428 25416 25524 55489 56679 57886 74200 135018 153425 156482
3886 3912 5879 7598 9786 17524 21537 25505 29035 29322 43813 45341 46411 49761 57003 57212 60275 60565 61216 70959 72493 77047 79010
4162 4591 12189 14511 16530 17580 18314 19126 23481 26233 28627 32727 34942 37478 40095 42971 66132 69443 72020 81953 86920 88171 89796
26 2506 3148 5245 7384 9946 11867 12857 13287 13662 20940 24916 28439 39543 41608 49159 56303 64733 67720 73996 106722 107668 148051
1872 2605 3040 5779 6288 6458 8375 11465 21390 22392 27355 27612 28851 29984 32684 41453 41871 93929 97780 99195 101036 109445 125315
2063 5960 7749 13956 15662 15882 20029 20482 22488 29659 29847 29972 34395 36578 45325 52207 62496 67754 70807 73533 90656 98092 110156
4971 6419 8671 10492 14663 18791 19178 22159 22917 23675 25569 28690 34578 40077 52826 53348 61119 62231 68244 68698 82663 84082 133586
605 1105 1710 5194 6380 7664 9903 13610 15982 16052 16058 16212 19771 21020 21691 23959 46286 58770 83815 85453 89477 141278 237041
