1000 13 35
637 1455 2546 4074 4671 4700 7498 7886 8918 9916 10986 12021 16220 16553 17629 18016 19254 20406 21413 21610 22346 23565 24713 26178 28618 29688 33622 47410 47580 49634 52152 52942 68106 86581 88450
411 2560 2623 2814 3404 3892 4018 4524 6639 6678 8524 8981 10579 11714 12060 15347 16902 17224 17336 19361 20438 27619 28261 33350 33670 36266 38020 39126 47667 60731 63048 66160 70878 81995 82802
78 144 1035 1705 2343 5599 8377 8710 9580 10027 11289 12117 13622 15822 16980 20098 20995 22731 23291 23706 25229 26404 30019 30837 31280 31323 32936 38833 39823 42110 51612 55785 64624 65638 68730
352 1638 3038 3482 3820 4346 4950 6738 7991 10685 11065 11179 11185 12638 12792 14131 14748 15991 17521 18868 19338 19426 21672 24840 29857 30640 32684 39125 39181 42552 43999 75848 102652 108620 123496
982 2028 2223 2848 3925 4252 4526 5306 6051 6633 6984 7073 7173 8180 10279 12512 13524 14581 22096 22267 22910 23620 25765 26053 33282 33867 33997 51381 53684 53842 54741 56727 59269 74186 100724
746 1542 2386 2425 2514 4559 5067 5349 7018 10836 14218 14445 14583 15115 17394 20327 20591 21098 23215 24662 24791 25484 25581 25972 29629 32134 37882 40203 41355 47389 47632 53165 59420 73414 82116
248 585 1526 1873 3717 5175 5552 7412 7628 8457 9664 11907 12030 12621 12893 12997 13397 18061 18360 21350 21517 23264 23402 23511 23682 26154 27794 31720 34735 49258 57329 71474 78904 82999 108701
1894 2098 2684 2965 3585 4032 4793 5744 6361 6670 7471 8140 10298 10324 10820 12247 16527 18503 19711 21373 22406 23253 24083 24705 27038 27280 33014 39692 46405 49334 58189 62755 63695 63991 110273
515 1091 1840 4659 5417 7971 8260 8704 9194 9232 9378 10990 11339 13962 13976 14527 14546 14777 15594 20286 20667 21120 23367 36123 36575 37420 40433 42170 43049 46827 58812 62059 62072 65811 66873
1692 2854 4076 4603 5916 6125 7105 7996 9312 10246 10596 11503 11627 13179 13180 16110 19032 19191 20554 21004 22419 24480 26984 30026 30723 34060 34829 36311 44713 46508 46883 51444 57410 63039 108260
111 309 446 732 2250 3730 5038 5049 6958 8567 9695 10006 10674 10703 11269 11357 11689 15204 15584 16294 19739 22759 26774 27828 27979 29071 30293 37231 38718 38791 39665 51006 87156 115756 127648
304 312 2625 3525 4062 5507 5527 7033 7643 7670 8069 8409 9259 9554 11837 14169 15035 15859 16762 18111 19303 20787 21595 26525 27429 28487 31425 33363 47803 50948 51051 64563 67235 82292 114787
341 2510 2623 2640 2944 3352 3818 4139 7364 7503 8218 9286 10647 11083 11233 11578 13272 15589 15717 22682 28421 28595 29310 35695 40916 42693 43188 46176 50260 50802 55307 66269 67256 73777 79892
