1000 35 38
62 274 860 1747 3209 4461 4809 5709 5882 5882 6811 9418 10014 12568 12696 15815 15873 17449 17916 18791 21131 21655 23000 24481 26516 26636 27862 28179 28934 31064 32968 32989 36914 43247 44831 61296 64826 69815
27 991 1875 2386 2683 3483 3795 5037 6239 7620 8813 10937 12650 13824 14154 14178 15040 15334 17119 18728 20281 20441 25398 26504 27288 28311 30369 31654 32360 34410 34563 35671 38506 40171 42802 48156 56703 107888
404 947 1417 2779 2852 3767 5905 8389 8533 9190 9553 9704 11731 12749 13448 13587 14133 15039 15431 15896 16513 19174 19773 24029 25306 26108 26541 28827 31968 33494 37035 37489 40957 46492 49652 54368 56407 90280
733 872 1235 2573 3395 4079 4677 4802 5910 7613 8306 8769 9755 10565 11755 12076 12885 12953 15591 17093 17216 17269 20062 20678 21895 26506 27120 32007 32608 33043 35090 38930 44695 54108 58387 59374 63557 114664
605 965 2717 2979 3240 3652 4945 5700 6475 6810 6931 7008 7087 8171 8444 8950 9692 11173 12135 12774 13829 13946 16825 19145 19362 19915 21584 24294 24489 24736 28923 33694 39365 56227 71275 71577 76387 106744
68 339 2455 2461 3406 3934 5546 6088 6111 6337 6368 6422 8506 11804 11946 12440 13447 13569 14268 14828 16056 16088 16193 16495 17204 18474 21577 24867 26338 26495 26960 36531 45635 48897 56066 58585 59360 91308
316 551 1110 2990 3089 4218 8185 8776 9989 10932 11446 12011 12775 12816 14210 14480 15308 16867 17363 18305 19404 19499 19908 23420 24713 24859 25872 26500 26927 27697 30716 32742 37249 46323 53266 63905 71324 131211
99 1088 2250 2364 2790 3280 3747 3945 3958 4150 4193 4729 5366 5689 5787 8697 11428 12289 12624 14915 15077 15712 16047 16273 20007 20350 29435 36925 41155 41937 44592 48530 51362 58098 62894 62923 64683 67911
1357 1739 1914 2506 2782 4039 4158 4244 5074 5889 7449 7550 8233 9525 10495 12640 12721 13159 14009 17603 18146 19267 20179 21410 24353 29439 30432 30496 37031 39551 40282 46101 52649 53399 57569 65005 65267 110109
2058 2896 4176 4257 4440 5575 5670 5774 6574 6815 7402 8150 8193 10662 12652 13196 14018 15173 17928 18773 19901 20110 20247 22723 22744 22980 27174 28423 28546 30459 32160 33488 46979 47763 50631 52926 55973 105526
2570 3572 4056 4532 6485 7575 8388 9321 9662 10105 11317 11747 12425 12431 12535 13384 14111 14394 16788 16805 17436 18009 18583 19067 19507 22461 24050 25149 30720 31393 34780 35226 35787 36478 51697 56611 90393 131079
1150 2201 2622 3508 3780 5202 5258 5651 5781 5845 5850 5867 6122 6644 8186 9830 11141 11284 11369 11524 11761 11908 12846 18242 20306 20329 22443 29755 31003 31142 34555 50163 53988 56730 63541 64045 68237 88852
385 675 3984 4092 4632 5098 5356 5682 5685 6716 7116 7982 8837 9544 11162 11789 12383 14926 16579 18053 18136 19950 20967 21554 28669 29136 31377 34767 36367 36663 37500 38706 38871 42093 44472 49908 51083 58465
1653 1826 1871 2195 3352 3894 4629 4655 4855 6389 7036 7955 8159 8479 9351 9546 10601 14053 14311 16918 16992 17906 18922 19919 19948 29225 29447 29553 39850 40077 42702 48528 52373 53262 55054 72474 86236 93317
52 131 1032 1509 1561 2321 3037 4176 4194 7130 7164 7605 8359 8700 9390 9654 9772 10426 11376 12317 12339 12726 13976 14271 15104 16005 19597 20709 32607 35297 42502 46738 47636 47745 77958 78466 82054 116637
2664 4716 5069 6505 7400 8063 9233 9543 9914 10036 10491 10501 10546 13552 14514 16344 16558 17097 17699 19131 20537 21001 21096 21403 22855 27347 28365 29189 29632 30234 32657 37792 40476 46752 51664 54504 64552 97982
1067 1623 1929 2163 2335 2497 2651 2941 3963 7085 9045 9767 9883 10548 11627 13525 14308 15580 16288 16568 16687 17158 20231 22543 24673 26414 27029 28641 29559 32615 33031 35289 38379 41971 42899 49741 61291 133424
630 1888 2131 3284 3298 3669 4032 4687 5915 6160 8763 9139 9401 9983 10370 10920 11742 12711 13604 16409 17230 17490 17738 18386 18416 21304 22731 23892 24860 26529 27849 37817 41438 43554 52939 54869 57963 87287
174 1235 1375 1725 2644 3194 4879 6364 7129 7539 8768 11001 11168 12142 12214 12881 12997 13009 13387 13589 15426 15591 15965 17981 20571 23862 25184 25710 26136 34548 38743 39371 40494 42923 55076 56660 61000 82382
65 980 2140 2611 3337 3676 3993 5372 6185 6597 6752 6770 7375 9265 9711 10050 11144 11180 11753 14410 16625 16731 16751 18877 19702 20622 20869 25644 30301 31036 32308 43157 46933 56213 56262 57862 70824 110898
267 741 1645 2932 4090 4439 4575 5114 6937 7635 9932 10657 11907 12333 14776 16721 17019 17106 18444 18896 19356 21717 22752 23413 24122 25226 27644 28439 31748 32870 32975 33398 34399 44349 46900 47405 88819 142953
148 301 323 833 1285 2310 2571 2674 3480 3843 4140 4343 4867 5785 5935 6022 6617 6919 7152 9854 10377 11042 12564 13289 18159 19786 21528 21755 22404 23082 26097 40191 43736 63675 75245 86255 89630 144666
8 1955 2097 2410 2962 3121 3345 3655 3972 4355 7298 10131 10820 11024 11277 11622 11979 18420 20233 20797 21508 21820 22215 23500 23574 23600 25780 25893 27418 29030 33045 37128 37470 37581 41482 47349 65025 77187
2901 2934 4431 4484 5183 6014 6081 6763 7127 8562 8867 9591 9873 9990 10794 10800 12157 13156 14620 15171 15913 17983 18348 18583 19401 19418 20833 21213 25631 25967 26541 27946 35601 50662 55215 58403 64605 65867
4 1807 2654 2782 3353 3704 6599 6850 7485 7587 7957 8283 8359 8782 10304 10575 10678 11182 14243 15432 15571 19033 21968 22860 25647 25830 26338 28111 29005 29627 30070 32295 33421 39196 48116 50759 73936 79173
757 783 1089 2356 2397 3447 4340 4445 4712 5578 5714 7843 9088 9360 10596 11895 12651 13660 14760 15060 15072 17232 18206 19755 20593 22767 25928 26426 26431 29504 31388 32397 38130 44082 49069 52821 72264 96737
383 904 1825 2081 2715 2921 5203 5937 6420 7406 8103 9326 9813 11539 11665 12096 12614 12929 14772 15117 15934 17922 21083 22694 26283 26285 26400 31161 34863 35222 35686 36573 38134 40906 46070 58672 63210 71168
1254 1894 4847 4917 6152 6292 6313 7541 12042 12425 13309 13327 14410 15220 15382 15383 16957 18211 18392 18946 21882 22614 22826 24358 24873 25375 26054 28717 30249 30855 34139 38632 41681 47146 52375 55305 61590 64854
107 406 501 839 2003 2133 2469 3258 3748 6176 6898 7732 9780 11668 11887 12256 13457 13908 14393 15147 17441 18481 19703 19898 25900 27397 27411 28343 28414 36884 37487 40358 47098 53022 53532 57363 64699 130391
635 1098 1739 1853 2339 2556 2642 4819 4943 5088 6159 6338 7691 8581 9669 10912 12961 13052 15176 16842 18800 25339 26473 29275 30090 33669 34204 34322 35436 46019 46191 47201 48621 51059 51778 59267 61888 84460
181 1442 1649 3711 4328 5745 7513 8360 8927 10320 11033 12718 13667 14319 15183 17616 17865 18255 18311 18848 20157 22031 22470 23987 25209 26750 27507 30921 31220 31302 33203 45750 52700 53652 55335 57763 69069 76053
689 832 3562 5535 7042 7553 7855 8039 8260 8967 10087 10158 10175 10470 11707 12961 14445 15228 15306 15522 18751 20105 20435 23013 23381 24813 25826 26725 27377 27773 28750 31380 31729 38946 39549 41968 58212 73884
111 385 471 1492 2431 3256 3455 3543 3563 3868 4023 4929 5766 8750 10564 11161 11882 13867 14252 15129 15535 17100 17115 18603 19562 22982 23006 23156 23676 25116 26592 27955 33161 39625 58125 59775 111576 112996
585 2302 2381 3880 3945 5676 5800 6915 7179 7400 7626 9161 9565 10115 10184 10599 11504 12283 13093 13553 16937 19435 19463 19732 23226 24916 25290 26236 30691 34709 35905 39648 44697 47698 48958 49878 62967 75991
461 872 1122 2659 4632 4939 5771 5789 6130 6828 9825 10476 10575 10616 10770 10771 11964 12822 14330 15384 16480 18506 18819 20362 20715 22749 23057 25195 28943 29013 33140 35039 38830 38965 51048 51364 62401 116890
