1000 43 24
2305 2345 2577 3759 4228 9319 9575 11186 11263 20349 21008 21740 22006 24329 24796 26054 28423 28715 31568 46762 50677 52944 83981 140516
2487 2930 3755 3804 4204 5992 9525 9733 11843 16519 17482 20196 21497 28320 28689 28838 29850 30598 31637 37987 55386 91451 118382 121216
142 154 1920 4657 4749 10335 10847 12659 15517 16477 18155 23290 24503 25664 29319 35688 37527 46332 52741 53780 61783 66286 97934 126274
1935 3036 4124 6515 8633 9557 10197 15935 21618 23730 24150 29337 29416 33573 34441 34746 48025 50582 50629 51499 53075 64109 68806 152301
446 1361 1586 2694 5080 6371 14160 14423 15146 15214 15928 18137 19523 19759 25429 27798 53329 59723 72522 73061 79324 95766 97110 101765
4787 9194 9688 10931 13734 13994 15058 17248 18313 18401 19426 20425 24332 26548 29651 30980 33038 34725 40490 41182 58508 60808 88157 108493
2082 3311 4121 6543 6895 7717 11096 12995 13616 15148 19190 20292 20990 22172 31736 34768 37336 45081 46791 67266 72125 78099 83553 185034
697 982 1428 2400 4495 5761 7381 7522 7994 8743 10252 10891 13451 13566 19433 23173 27968 31842 38276 53390 65760 74105 107989 116379
3327 3793 3975 7380 7809 9038 9985 11365 15202 16376 17055 19836 21259 25773 31361 31843 37927 48940 53352 69891 82037 85198 93459 98499
890 1543 4518 6856 8189 8553 10828 17012 17567 20735 22958 24691 27007 27199 30782 34453 40076 46406 48890 50798 54127 62844 65942 72507
2068 3964 4619 5134 5350 5866 7405 7470 12447 13088 19506 20991 21943 26177 27432 29918 34359 38316 47896 53436 59047 68490 103897 109360
1125 4120 5598 6894 7532 10242 11102 13323 16252 16827 17936 20152 23077 24811 26443 31061 37489 40085 44570 53245 58525 63393 68936 164691
1241 2582 3115 5815 9022 9248 11811 12751 14670 15258 16263 17872 19213 24389 24823 28010 28984 33069 34181 36747 39880 57952 96517 108192
477 512 2239 5769 5794 8237 9567 9722 10055 12588 13554 17449 22320 25090 26386 29067 31581 31678 38893 47145 47901 70047 83826 126222
4709 9289 12275 12666 17597 18314 18548 21663 23907 23952 24687 28462 32332 34866 35820 36554 41545 43788 44020 48537 53974 54037 91555 107529
614 882 1531 3167 3971 6487 10247 12137 14951 16465 17953 18875 24925 30162 31451 31790 35977 36398 40567 40970 51469 51655 124891 130681
2706 4499 5462 5671 6580 7372 8033 9906 10890 14949 15033 17427 17779 24303 25083 28475 29483 33438 39076 41804 56880 58503 115274 125987
574 4117 6665 7788 8936 11722 12296 13446 14289 18694 18943 22790 24454 27670 33310 36927 48108 48602 55233 64900 69880 72089 79919 108499
190 1428 1861 2623 3885 8473 12224 12415 16214 16409 16474 16798 19841 19978 20924 20983 22213 31019 35730 51904 55724 67266 80105 165523
2529 6184 7581 7641 10632 12914 13463 14060 15554 16575 16652 23358 23942 24452 31716 32928 34868 39362 49456 51890 57455 89043 121161 155626
951 1618 1980 2425 4449 4634 6187 9869 9958 10026 13908 20317 23941 24541 25082 27568 27696 32002 35478 59742 73688 88038 96704 118786
135 154 1694 4979 6670 7983 10734 15015 15721 17475 17989 20551 20830 23971 26378 28302 30956 33817 40980 50492 51590 63192 71239 117704
294 452 5695 8931 16633 17654 17753 18856 25365 26901 29931 34019 38557 39549 40685 40792 42146 48576 58255 64233 65744 68872 71277 72409
3445 3760 3831 4649 4832 10615 13286 13851 17833 18643 24272 26680 27210 28634 28850 34318 37612 41302 44932 50964 71416 74048 108058 128281
255 2383 4716 7921 8191 11878 13640 13728 14020 14049 17086 19982 21871 25677 36637 40564 42862 44676 49564 64644 65357 104090 122885 130485
1533 1572 2057 4153 4239 6486 12016 12266 12682 19917 20862 23783 26803 28690 35781 35817 36485 38719 57727 58567 58862 63339 83937 111790
599 777 1678 3288 5138 7142 7218 9965 10281 11282 12921 13029 14763 15713 16834 17282 26172 32752 39034 39731 42517 54610 125027 181247
7805 7847 9441 10168 10215 11039 11722 12019 14399 14410 14495 15724 20167 20934 21177 26630 27901 35418 43331 48218 50690 58209 65150 103843
244 2490 3554 4199 5776 6989 7280 13951 17656 19030 25840 26146 28968 31930 33381 33956 40274 40816 42241 44315 46733 61438 72325 75534
247 1928 2590 4490 4820 8577 10905 11106 12127 13729 14467 18281 23754 27714 34197 37478 51215 55515 65475 68559 69453 70207 90268 93975
2930 5758 6175 7628 7751 8330 10252 10254 13009 13761 17068 17428 24644 27797 36079 38473 38698 41665 44162 44564 51504 56191 64095 128946
396 535 2728 3380 4743 5953 11050 15276 16554 24813 27311 29153 29187 29646 35343 42907 43764 48301 57878 66817 82802 88819 104930 108880
1723 5154 6762 10428 11582 12154 15490 15891 17669 18144 19736 20456 20553 21042 25802 27279 36767 36953 41334 42795 66310 70433 99942 220525
393 960 1631 2458 3401 5852 9156 18503 18929 19490 20791 22545 24105 29029 33086 35251 39140 49465 54714 60926 63065 63184 93974 97399
572 1581 2849 3381 3582 6096 13124 16428 17724 17809 17984 18151 18562 19876 26885 27593 28099 33616 52310 53073 60976 61178 68632 129998
4447 5515 6516 7246 7437 8245 13015 15903 16046 18303 23015 24024 26507 32942 34985 39790 46521 47033 52971 61977 63760 72027 82170 107039
2938 2974 6215 6633 6690 10657 13698 18809 19506 19694 20836 24245 24465 26094 26295 30745 44822 47967 49424 49523 52046 52361 97724 110352
26 116 1533 3109 7257 11037 11406 15042 16466 19345 22889 23030 23183 24735 25800 32462 34216 41051 42825 54351 57343 66745 70127 83010
1980 3648 4594 10728 10851 14253 15445 17807 19079 23091 23405 27898 28910 31284 31969 37986 38167 40255 45603 48427 52597 61513 78074 78365
133 152 1382 1916 4730 4746 7368 10092 12601 13518 13930 14039 15892 20626 21644 22079 32487 34958 40241 50025 55893 107283 111049 180551
626 2458 4876 5133 5937 6281 7019 8537 9698 13884 19928 20327 22753 33051 36008 37912 39654 41968 45877 57229 69382 73548 81273 124578
509 6222 6517 8931 9786 11853 14123 14939 16503 17045 17915 25548 26942 27383 27781 35894 37895 38182 41321 42037 53255 77244 102004 158242
47 2104 3543 4443 4677 6122 8021 8158 10016 16099 17860 21475 23349 25921 29081 30378 31670 34376 44026 46117 46930 55367 108605 135339
