1000 32 37
265 1169 1789 1923 2521 2693 3466 3604 4941 5325 6204 6367 7848 8643 8797 12555 13449 15523 15527 15548 17400 17449 17876 19546 20278 22063 22134 22815 24379 26895 27978 36703 41426 44716 45058 55301 136312
541 553 603 1969 2785 3046 3784 3936 4001 4208 5342 5823 5872 6552 7871 8028 9383 9556 9845 16810 20953 22143 22395 22693 23053 23982 27361 29586 32832 41887 43512 45069 50210 57119 60249 68002 68972
585 671 994 2343 4134 5068 5838 5858 5871 7127 7425 8065 8424 10384 10921 11677 14493 15117 15351 16090 19940 20253 20451 20667 21332 26172 26249 31185 35608 35839 40073 54182 54461 62195 69230 80302 100908
655 1220 1491 1975 3139 3767 4359 4568 5209 5220 6124 8219 8277 9919 10269 11427 11802 11998 12915 14510 15207 19967 20017 22634 22885 24263 27139 27420 32511 34189 35983 41756 61318 61366 64756 75187 85052
646 691 785 931 1233 1481 1644 4135 4191 4519 5394 6448 7074 7593 8173 8809 9686 11869 11916 12025 12278 13779 14115 14911 17150 17860 18279 21995 28384 30469 37446 39391 43450 68414 69061 92087 138219
1125 1392 1873 2887 3021 4645 5120 6576 6809 6906 7106 7724 10358 10607 10613 10736 10893 11546 11868 12050 13097 15171 16522 16868 17039 19073 20072 31907 32682 36646 36714 38806 44830 57654 65352 87985 93211
153 948 1126 1142 1719 2077 3761 3991 5859 6308 7306 7560 7871 9810 10357 10751 12308 13872 15626 16101 17028 17509 18111 18178 18354 19270 20028 21548 26889 29866 38406 38657 41541 42371 43751 68162 80443
154 414 534 860 2249 2474 2955 3359 3385 3845 4141 5128 5226 5638 6161 8831 11009 12700 12775 12781 14194 15699 16026 17419 19411 19429 21577 30321 31647 32024 36609 45439 45754 50696 58189 71168 107337
11 2166 3056 3605 4693 5328 5343 6090 6516 7171 7250 7370 9057 9728 9875 9948 11736 12546 13391 17981 18384 18901 21589 26190 34185 35007 36800 36801 37721 38753 45976 47596 54864 54932 62897 67610 74863
73 629 953 1627 1780 2358 4765 5708 5751 5826 5889 6811 7772 8638 9171 10165 10292 12510 13664 15569 15878 16004 16728 17790 20320 22171 22894 23275 24563 27556 33623 37304 47050 49652 58398 61884 68254
874 2047 2116 2408 2861 3174 3235 3260 3415 4032 5546 6812 6911 7216 8043 8058 8700 9383 11287 11304 11528 12674 13213 13652 17181 17446 18237 20088 24794 28401 29927 30409 33081 69354 82698 85645 92474
154 599 1019 1043 1323 1588 1769 2121 2252 3201 3472 5534 7122 7168 8652 9395 11855 15023 15393 19524 20535 21854 21903 23906 24240 24426 26586 27013 29818 34708 37164 38543 38852 41324 48523 58519 106744
348 445 450 1745 1844 1952 2554 2734 2931 2938 4457 6147 7475 9753 9914 11225 12398 13075 13499 13988 17535 18489 21698 23585 24338 24361 24535 25454 29036 29621 30561 30918 35342 42487 46213 51351 96357
262 406 1220 2241 2261 5746 6030 6470 6470 7047 10195 10535 11859 12006 12027 12191 13411 13751 14364 15467 16512 16792 17767 18909 19560 19710 20393 21453 24100 35065 36741 39167 52833 54168 61186 62791 79392
639 1059 1094 1348 1519 1786 2066 2988 3502 4036 4287 6255 7376 8425 13093 13653 15800 16428 17256 17823 18977 21116 21549 25740 27526 28433 34692 36671 39154 39782 40357 52754 52797 56112 58907 77039 92778
35 130 448 1516 1677 1811 2855 2924 3040 6002 7201 7810 8736 11476 12578 13974 14685 14811 15183 16986 18023 18043 18153 23777 28944 29009 30515 36325 41181 41688 43476 52573 54233 56772 58870 69196 69609
217 1029 1111 1539 2755 3375 3591 4960 5616 6140 6510 7817 8161 8571 10108 10717 10783 12840 14123 17609 18096 19254 22479 24365 24740 31788 34942 37388 37529 39862 41219 42667 47851 54525 60368 81261 111053
116 261 844 1111 1221 1320 1720 1781 3720 4043 4900 5616 7124 7154 8401 8600 8652 9644 10339 10432 12004 12566 14515 15003 17203 20285 21008 26866 28551 29455 30262 37993 49132 52536 62387 74368 127151
343 1462 1877 2705 3017 3278 4443 5463 5583 6851 7321 8039 8389 8759 9095 10349 11393 11893 12837 13723 15816 18641 19434 21134 21405 21883 22450 23298 26689 28557 29026 31085 37882 40684 44263 87622 88242
456 744 976 2045 3601 3887 4122 5149 6201 7153 8003 9326 10935 10964 10995 13401 13907 13910 14571 14646 15712 15967 16932 17678 19805 21006 25314 27795 28641 30532 36422 44641 57962 62745 63496 71848 83721
205 1108 1425 2437 2616 3810 6386 6716 6763 7454 8294 8351 10605 11041 12028 12548 13147 14352 14893 14912 15158 15594 15712 16053 16138 19909 27316 28640 33427 33437 36474 38188 44783 47361 51783 76361 140760
374 1279 1655 2459 2468 2616 2710 3356 3717 3943 4488 5444 8830 9306 10182 11221 11264 11286 13614 14688 16844 21171 23025 23188 24065 25417 28083 32764 32844 40318 42209 45911 46791 46881 50138 54938 69437
129 261 1517 2441 3416 3512 3788 4230 7467 8863 9450 10117 13542 13582 14291 14399 14934 15704 18068 18608 18733 19669 20158 21600 22031 25061 25082 27682 31065 33410 40647 47136 48329 50184 58723 60019 74078
290 360 692 904 915 3397 3509 4649 4859 5002 6088 6592 6790 7163 8148 9517 10924 11265 11774 13901 16315 17281 18425 18838 21515 22452 26194 33342 39987 42223 43663 44486 45279 46284 52153 61837 72489
125 314 993 1015 1159 1358 2010 3781 5017 5583 5740 5881 6198 11888 11939 12032 12647 13209 14413 18083 22778 23530 25608 25822 26203 27824 28504 31144 33010 45879 46004 51134 58843 59834 65659 76337 83696
2036 2126 2568 2586 3460 4277 4351 5220 5475 6546 7544 7686 7758 8608 8662 10997 12397 13233 17203 20182 22060 22213 22437 26102 26151 26626 26840 27722 29415 33518 34578 39151 48167 50493 51413 65057 76815
480 1381 1728 2492 2715 5335 6051 7483 7982 8264 9759 9946 9988 10196 11439 12648 12894 15192 15283 16682 17259 17456 18053 19143 20470 21229 21343 21442 22144 22977 22992 33283 37594 45060 54783 71675 89246
733 738 2570 3504 3687 3894 4213 4214 5845 8172 8787 9077 9260 10653 15720 16459 16600 21975 22929 23005 25084 26492 27169 29374 31004 32783 33253 34016 35100 36796 39812 44583 46548 50403 56368 62734 82794
201 874 2464 2642 4524 5117 5373 5900 5966 6841 8256 9141 11088 11360 11429 11620 13904 14722 14959 15210 16080 17224 20711 20916 23529 24406 24949 25901 26689 31412 33608 35723 42092 49035 54611 58735 69905
41 1061 1510 1804 3306 3351 3542 5550 5857 6090 7114 7152 7181 7184 7395 7890 8931 9752 11338 12156 16611 24371 24634 25732 26286 31666 32938 35546 40528 45988 50863 52771 53968 54591 60660 68056 122217
545 863 1598 1744 2500 2880 3390 5934 7806 8260 9752 10380 10588 11725 12871 15062 15112 15345 18532 18815 19740 19839 21174 22715 23208 24289 30355 39759 39869 43631 44311 44605 51591 57379 69094 72192 94544
316 2320 2919 3088 3618 3718 4274 4363 4941 5125 5819 6711 7366 8637 8969 10162 10457 12373 13294 14255 14615 15356 15813 16546 17505 23140 25332 26625 32722 33301 35367 42242 45682 50827 69533 70248 73097
