1000 43 26
2997 3715 5505 9433 10223 10358 11388 19839 19866 19994 20700 24580 25468 27464 29976 37747 39327 39329 41501 49931 57436 63735 73420 95255 98782 100287
4099 4902 5936 7022 7669 10522 14104 16169 20561 21855 22570 23218 29117 32701 33217 36089 40587 40659 45376 54177 57496 60396 67821 73220 78701 156171
1163 3448 3714 8102 8155 14638 17568 19716 21215 21257 23813 24011 26020 26169 29458 32329 33562 34768 36364 37353 42395 62548 82211 110656 114868 119652
207 2829 3112 3574 4556 7746 8367 9178 10311 20047 25989 26638 28782 28991 34881 40981 42293 50473 51168 57530 60102 80984 81289 92509 92652 93810
434 6122 6871 7889 11189 14154 15735 16504 16610 16666 19170 21360 28574 28952 29675 31087 32941 33254 37071 40860 44519 58395 67353 87283 121603 155246
740 2653 4132 4937 10685 12566 14180 16891 18217 20238 22518 22669 26952 36167 38703 39419 39533 40235 44218 45249 53414 72426 78554 86491 97512 101357
210 525 2230 7749 9770 10871 11133 11172 16740 17421 17529 21821 26973 28577 35163 39096 44640 45978 48585 59502 64520 65719 78073 89021 89381 104875
2593 2698 3734 3895 5238 7285 7763 10624 15487 20198 29113 32790 33128 34161 34218 41223 44633 45642 50329 51846 58926 64202 65126 66931 75739 165521
4884 6676 9001 10559 10792 12472 12760 13250 13302 15940 16994 19031 20630 21263 26954 29887 33152 40922 44578 49292 49902 65179 66594 107211 115009 125283
1212 4605 5766 7841 8108 11434 12670 13212 13814 14455 15853 16371 17679 19187 22358 27203 32143 35875 45598 53726 56244 67201 77362 90899 119769 151149
48 1624 1644 3114 4582 5767 9474 11193 14773 16175 16583 21544 29160 30841 32118 38610 43814 44835 44884 46942 64197 65692 83996 100323 102380 129994
1038 1838 2056 6782 7698 7742 15796 18903 20101 21508 24886 25061 26415 27265 31934 32334 41735 46681 48399 48569 48779 54586 69819 101620 112462 127377
814 1721 3451 3825 10742 12308 12994 17424 17696 18836 20469 21305 21916 23702 26517 29635 37314 39838 57220 58410 62840 68764 72121 72121 127239 137246
4705 8567 9570 11808 14963 16263 16507 16720 16860 19658 21210 24366 24542 25671 25917 30770 31467 36085 43259 51842 58303 66618 70247 70573 82491 145219
975 3885 4298 5009 5099 6393 6436 7190 9020 9441 9921 11807 23934 25387 27034 31370 35609 35685 41029 43036 53748 62802 95121 103525 115558 166179
359 787 1196 3317 5780 8386 9385 12471 13155 28943 29072 29271 30300 33221 33692 38410 42362 43178 45159 48307 51307 71404 83767 96255 99296 112312
253 1519 2032 2125 4801 5553 8652 9094 13356 13655 14142 15589 23865 27440 32448 42183 43496 44445 45046 49597 56675 57705 89008 94667 125039 139060
1088 2078 4119 7935 8355 13031 13423 15061 15661 16867 20313 20739 23297 24867 28329 28468 30613 44724 52865 54826 72602 73394 77132 88178 94650 122822
13 279 3613 5742 7814 8509 11161 11663 11753 14979 17512 18361 20691 21497 29219 30155 31182 38074 38621 52396 53165 56473 56626 76056 87072 274241
333 2795 5732 7111 8289 9330 12361 13200 13901 15222 23771 26289 27009 33993 34436 38079 41796 45268 51938 55717 56315 58358 67572 77369 100486 117506
1199 2913 10609 11801 12022 13135 13844 14219 14512 17397 18997 20113 24149 24841 26180 34367 35051 37002 38350 39644 45731 80891 86717 90982 94676 131887
266 2302 2313 4926 5400 6330 7584 9467 16259 20419 20476 20674 26304 29372 30767 32907 44135 52731 53141 58878 59311 60750 73970 78682 87780 167298
2238 2424 3437 4933 5183 9337 9536 11419 12169 12215 13868 16839 17686 26673 29182 31971 32981 34484 38274 50599 55565 67374 75548 93014 126352 174877
1776 2597 3678 5569 6428 12335 12417 13162 14619 15648 17831 18876 20719 26014 28484 28808 34299 41807 55531 57783 63292 66982 68261 75850 95614 183505
1942 4839 5971 7478 8279 8424 9193 9927 11115 16035 16572 17257 20026 21977 24670 25738 33649 39923 42555 56231 60482 62169 73403 92842 139134 145933
3057 3242 4975 7667 8623 9198 9761 14946 18498 18500 19104 24364 31482 32132 35712 39126 44516 48796 48874 50444 55920 61902 70281 91671 99155 125494
104 1739 2004 6814 8342 8961 10210 10639 10919 11966 18783 21948 26579 32749 32898 34983 34991 39808 39940 45145 50095 53405 63291 78219 80352 215811
3293 4568 7044 7549 9525 9566 12244 15875 16450 17631 20055 23833 26055 30937 32394 33586 34223 43146 53517 56524 60426 66037 68684 80397 104324 110847
166 4618 5544 6137 10873 12376 15119 16774 25997 26026 27973 32362 32631 34799 36801 37090 37249 38308 38467 42624 53578 56163 56873 65455 98154 134209
756 4789 7722 8348 9335 10938 14152 15516 16209 16756 20284 21081 29322 29514 42186 42608 44960 46694 61197 64351 64686 66473 67691 69639 85227 106317
890 1647 2311 3098 6844 8499 10851 12183 17636 23116 26776 28043 30059 30233 33607 45342 47845 51879 53054 53509 60186 74224 76625 78089 95584 102031
316 441 5535 5660 9773 9884 10959 12073 13743 15036 15241 17490 18940 19997 25443 25723 31280 32872 38377 44591 68192 72843 78507 103851 132787 141556
1956 2917 6512 8922 10475 11374 18581 19502 19512 22970 28062 28063 31255 34515 36764 37157 39190 39273 39471 47968 55197 56998 57578 64489 88294 130854
8284 10622 11292 12186 13130 18186 18622 19595 19716 20553 20812 22739 25594 28709 33077 33253 33364 33395 33498 37003 37959 66490 67317 77055 118806 135554
621 2580 4062 5658 13333 17715 19214 20636 21166 23715 25941 29421 34458 36408 37500 39310 43426 43796 43904 44686 47896 53023 66311 69164 85276 117387
3278 4997 6360 8274 9554 9814 16374 20909 23766 27372 27436 28779 29827 30625 38861 39163 41814 42994 47303 47759 49812 51319 54779 60536 95234 148985
1100 3606 3861 12084 14160 15619 16846 20124 20903 21503 26867 29406 32983 34257 41933 47331 48114 50788 56484 56644 57117 59409 60628 71883 75878 80520
393 2333 4074 4678 6351 10199 11063 12657 13048 14548 17571 26534 27308 31181 32802 43480 45940 49620 51915 53012 57412 58813 59739 78876 113113 147140
846 1414 2491 2550 5916 6848 12715 12959 13082 13744 19718 20802 28885 30421 32067 36919 38604 40983 42957 50024 51863 58888 65953 89394 114137 149553
1112 3067 3664 4907 5715 6015 7834 9034 16490 21861 22708 22858 27723 28312 29455 30126 30358 39785 48258 54098 58950 61308 61704 96980 112517 172553
10002 11015 11223 12946 12993 14343 15013 15390 17398 18471 26178 26645 27603 31094 32625 35154 36640 39063 43329 45290 66603 67700 74926 81064 83275 109055
576 2111 4131 4133 4874 5966 9824 13435 19720 21062 21794 22954 31971 32572 34065 34186 38075 42918 46186 46523 49657 51911 76191 85048 130214 145298
594 1943 6598 9516 10049 11193 13200 13458 13611 14066 15842 18811 19811 23178 23921 24630 28713 29754 34623 35988 57238 70336 85113 95875 111706 200385
