1000 29 9
10714 10792 26457 36354 53901 69787 165858 208056 304607
14302 15979 41974 48016 78381 84522 111433 183084 276713
8913 13003 33157 58430 64474 80789 81348 96745 412060
3370 6486 13419 21195 42425 124313 159036 178695 278677
3471 3962 24761 40714 41811 86935 129510 277264 293065
2207 4632 31654 53520 60040 68526 155080 194052 294342
10328 13390 14939 74131 123683 128959 140643 189798 229231
5362 15679 16901 21934 64917 76100 103634 191920 343196
5453 20224 31748 34148 47446 95532 131925 199321 331764
13923 22975 24301 49891 53941 83022 130603 170742 269901
8062 19800 58758 64543 70027 107979 122966 177452 288090
16812 16924 19398 23011 71772 87166 117504 206384 295048
5676 15656 23038 49826 77092 105048 130397 138069 316796
14734 26405 40294 51818 72785 73241 73643 248305 281854
7168 17780 32752 32919 48352 57540 71189 119795 501539
6368 15997 30435 43899 53389 60083 83647 276485 292961
13329 21711 51733 62120 99043 113894 122988 141360 209321
3420 5834 11097 35640 49698 59282 82028 123805 465101
4653 22616 29116 54355 57293 57307 62349 89827 531051
21160 28717 53920 56395 90115 103546 106840 186087 193916
4197 9939 18429 22393 41548 92058 119296 260712 294896
4423 23363 62991 69764 81968 82347 104405 191883 217784
12354 57026 71625 71907 85838 96232 120242 125908 152101
18622 27609 69933 76108 84438 101473 120747 201371 203163
1842 18826 32330 55478 72562 97405 121719 243860 262256
332 29648 32378 51095 68342 72491 103077 148923 297327
33019 36695 46153 55656 64936 83440 115743 157692 267169
7438 12047 18860 48353 54484 55767 175356 225343 268015
9521 22350 47344 54675 74922 145027 153485 181903 202192
