1000 17 28
419 2239 3331 3551 4199 4981 5600 7111 7369 9692 10791 12044 13426 14203 19519 20607 27471 32880 35481 35762 37192 52044 52174 54676 55220 55700 81762 93941
1839 3124 3137 4529 7675 8145 9782 9982 12287 13052 15132 15178 15946 17316 18740 22023 22183 22345 25148 26133 28246 30052 31763 39290 55584 87132 94626 104012
929 1022 1391 2037 6366 6517 7054 9349 10352 10623 12361 15029 19834 22691 23091 23152 25915 26660 27224 36964 37531 38261 45900 64779 67085 76634 84206 105487
1072 1306 2105 3035 4244 6264 7294 8539 8661 9468 9914 10210 11138 12068 13084 16888 22695 23141 25724 27198 37718 51904 58267 58423 59971 73466 73651 81048
317 1876 2164 2286 2631 2855 6832 9975 10307 12643 17584 18475 18966 21773 21855 22614 22873 23239 29021 31183 31748 33534 36132 41562 50715 62798 85457 107057
542 1771 2793 3010 5007 5420 5711 6429 6701 8945 9690 11075 12487 13124 14173 17453 18170 19840 25130 27592 32549 36592 49042 51970 52035 83716 95359 105904
625 1187 1939 3078 4940 5775 5873 6226 8824 9180 9831 10593 13867 14690 17608 20337 21385 24072 25251 26083 32311 33342 40499 53323 64522 77409 81271 165044
543 1036 1332 1390 1622 2929 3608 7341 7545 7853 8230 10429 11842 13503 17650 18421 21314 21462 23492 25430 26064 30235 34400 35733 45587 63552 80555 117926
2651 4487 4500 4980 5538 7401 7951 10280 10633 11652 13068 13801 16745 17418 17971 23918 24125 26524 27325 29319 46584 48610 48965 49950 50889 53571 91380 104381
335 2479 3291 3919 4942 5025 5679 5792 5925 8614 9443 13692 16172 16933 17245 20457 22256 25168 26811 28066 29985 39818 40215 45286 50537 68552 76843 85444
1112 1811 2434 3408 3510 3656 5464 5549 7132 8076 10210 16730 20351 21237 25956 26471 26544 27647 33071 37865 38190 38704 39032 57218 64308 82972 108600 126347
160 943 2018 3342 6123 7563 10545 13034 13407 13545 13677 15186 17365 17970 27745 27778 32052 34507 37090 37755 41526 48044 50335 50662 55899 63837 73979 85334
836 1434 1866 2042 2629 6240 6359 8782 9387 11944 14105 21273 21951 22781 23089 24915 27558 27977 29492 29702 35104 42863 47787 53984 59832 64984 65244 90947
301 428 1131 2014 3924 4178 5143 5431 5710 6970 8445 11380 11741 13749 17296 18886 19261 22012 24554 24819 29966 35269 36079 49467 60137 61186 74150 100548
1538 4135 7418 8024 10332 10843 12054 15528 16087 16797 22113 23211 23966 24496 25165 26379 26632 26968 28454 33548 35628 52490 54971 59553 59614 61965 67402 84471
509 839 2328 3261 3523 6040 6067 6420 11876 12649 12708 14477 15522 15982 17394 17477 25716 27102 28289 29727 29864 32725 36011 44220 54760 55853 63631 77154
1780 2234 3172 3716 5136 6298 10826 12264 14491 20899 21449 21893 22929 23708 29108 29219 30104 30850 32482 40238 43848 45926 48572 59733 68458 72689 80774 89539
