1000 40 40
900 1435 2097 2506 3472 5686 6311 6877 7437 7740 9769 10001 12056 12071 13480 13487 13529 14144 14691 14948 15095 15143 16772 19128 22391 22774 23244 23655 28165 30327 31146 34291 42258 46801 48747 51094 58425 69693 87829 126587
319 1352 1654 3119 5526 5531 6479 6883 7157 8527 10398 13775 14779 15330 16432 17528 18562 19118 19449 20116 22031 22286 22903 24176 25240 26361 27483 29663 32782 33116 35815 35921 37488 47254 47636 49561 52019 53640 59054 94142
208 1092 1145 2336 2595 2736 3331 3968 7324 7412 7905 9873 10702 12992 14286 14824 20299 20330 22410 22933 24983 27354 28363 29182 32047 33043 33556 34339 35244 35586 35784 36835 37636 39952 41223 47425 48671 52105 67467 79837
1043 1244 1862 3005 3521 4501 4654 6619 8439 9422 9714 9933 10073 11833 15390 15607 16670 20674 21388 22287 22930 23559 24515 26073 26147 27961 30684 32935 35940 37568 39100 39478 40482 41827 41860 42289 46693 48613 71076 95614
471 1499 1813 2780 5267 5330 5941 6083 6164 7716 8456 8574 8828 9516 16041 16305 19218 20853 21333 23843 24231 26669 29202 29478 30228 31103 33502 33849 36907 37791 37818 38147 38589 39714 40182 40418 49118 55804 60395 80305
2971 4008 4301 4396 4523 6007 6589 7413 7444 8448 8451 9313 9841 11229 11620 12557 13128 15161 17121 17783 17902 18081 19079 21193 21344 24566 24600 24908 25339 27241 29325 31652 41869 41937 43618 64678 69592 70884 72533 109850
1010 1302 1566 1626 1922 2479 2691 3979 5017 8180 9773 13324 13871 14388 14473 15287 15412 15723 17322 21564 23237 23858 23992 24814 24899 26466 32057 32197 32221 34115 34180 39510 39609 41038 52525 57808 58552 62980 66513 79812
1320 2212 2351 2794 5256 5515 5791 6270 8377 9119 9344 10084 10255 10480 11146 13302 14047 14219 16691 17477 17677 19929 23742 26941 28777 28926 28964 30952 31381 34186 34425 34827 37875 39861 43739 50378 54550 55564 78936 111125
1380 1743 2117 2369 2509 2880 3590 4125 4842 7519 7617 8680 10102 10448 10812 10815 11814 11937 13403 13826 14139 14584 15586 17819 18311 19113 19327 21098 21587 21948 36853 43460 46969 54700 56036 58444 67723 90118 93414 113104
17 596 746 1281 1491 2991 3072 4085 4086 5621 5837 6185 7389 7956 10731 10935 11521 12602 13189 13542 15147 15389 15462 16065 16303 17874 25544 30267 34722 34793 35241 35864 36638 52931 53689 54015 54410 78284 102048 137267
434 1958 1994 3853 5176 5391 5545 6275 7813 8066 9344 10531 10561 10666 12166 14058 15074 15643 15758 17228 18117 18657 18883 20942 22057 22141 23088 25078 26794 29969 31164 34975 37712 49230 56646 57357 68563 81888 82753 85328
445 535 752 1226 2046 3082 3606 4755 7472 9838 10379 10404 10671 11747 14173 14435 14563 16482 18742 18827 22000 23175 23594 29141 29239 29293 29796 30546 31720 31745 36070 37255 44405 49715 50905 53044 56737 63905 69043 73004
24 863 914 1033 1066 2694 3197 3946 4200 6862 7623 7923 8347 9431 9495 12712 12874 15189 20922 21536 22601 23241 23349 26965 27028 27937 27964 28575 28778 29527 30369 30491 33727 34374 34631 38452 39481 96877 105173 132595
281 686 704 1939 2371 3515 4129 4199 4478 4527 6412 6540 6948 9147 9228 11200 12423 12445 12473 15369 18746 18769 18817 19471 20692 21097 24318 25447 25631 26013 26585 27407 28330 37402 41323 48727 50939 56951 144121 178573
615 961 980 1092 1115 3111 3316 3322 4487 4885 5395 5938 9066 9408 9808 9942 10945 11207 12657 13301 14068 14565 15441 15929 16628 21145 21795 22194 27679 30722 32079 36578 49542 52598 56200 60951 68632 82275 85481 142219
2332 2747 2752 2815 3080 3235 4159 4642 5064 5744 5782 5794 6118 7461 11675 11982 14046 14501 16119 17365 22113 22541 23542 25366 25413 27890 28086 28361 32858 35422 36367 37772 38283 40638 45610 55162 59512 67387 78259 105442
92 403 733 836 1129 1397 1641 1948 2078 2782 3039 6180 6830 7215 10123 11099 11793 12101 12559 13363 14677 15895 16373 22559 25394 26660 27193 31128 33527 35048 35581 35939 46790 50614 56777 57012 67060 81785 85674 113515
6 899 926 1849 1871 2948 3167 3680 5176 5253 8687 10686 10958 12203 12491 15321 16234 16929 20117 20908 22450 22764 23258 27010 27133 27299 27905 29540 30891 31058 33073 38531 39766 40125 41130 50743 56726 76091 83921 88216
292 1458 1521 2229 3209 4860 4986 5281 6215 7297 8042 9246 9809 9987 10067 10624 12281 12804 14174 14368 15216 15407 15474 16128 19775 20580 22910 26293 33533 35762 38467 40364 45320 52579 53648 61948 62024 71512 81807 113084
410 640 843 946 1749 2907 4608 4646 5932 6050 6109 6254 7975 10036 10669 12762 12881 13022 15756 16132 17286 17430 17619 23954 24012 24252 25785 27273 30140 40642 40741 45343 57308 57571 57630 60386 63808 64177 71191 79521
1447 1935 2212 2963 3483 4370 4875 6094 6158 7130 7420 8281 8381 11098 11877 13275 13544 13841 15468 18626 18907 22895 23325 23430 28020 28176 28237 28944 36206 37347 38431 42317 44195 44223 49115 51192 58364 62881 79743 85468
115 720 1351 1387 1965 4326 5834 6848 9280 9751 10185 11230 14415 15020 15453 16638 17953 18346 20733 21098 21644 22696 23562 24704 26254 28755 30896 32455 34434 36315 37666 40885 41431 42500 43587 45163 48901 56214 65661 87057
633 1365 2168 2327 3118 3836 4597 4761 7740 8802 9360 11633 12373 12466 13566 14006 14372 14867 15629 16038 17525 18063 19987 20485 21310 21447 21882 23091 24887 33076 35533 35816 38501 43582 61362 66918 68928 75187 83137 87386
298 1434 2301 2687 3246 3315 3795 4065 4487 5306 8044 8466 9950 11213 11601 12068 12162 17345 19256 19534 22764 23036 23588 23983 23984 23999 24901 28859 32936 33745 37058 37822 38528 38829 40787 46888 65201 68062 83952 103876
176 562 1578 2135 4549 6214 6723 6821 7904 7930 9636 9673 10669 10989 12541 12817 13005 14760 15196 18688 20013 20235 22321 22506 24584 29485 29499 30854 32604 35315 36449 36827 41744 43376 44338 49918 51146 55476 89562 94423
284 754 770 842 3784 3854 4241 4641 4723 5991 6263 7440 9835 10283 10507 10615 10750 12245 13667 13711 13933 14540 17417 20186 25098 25933 30633 31743 33185 36657 38764 39080 40550 41084 59303 69722 70996 71106 73573 104051
770 2058 2945 3248 3511 4915 5021 5535 5618 6037 8908 10644 10705 11631 12590 12719 13157 15522 17011 18972 19365 19791 19854 21318 21452 25159 27894 28276 28884 30502 33994 37861 38565 39646 47102 50533 51929 55235 101401 115234
53 455 3035 3112 3718 3872 3896 4087 4207 4379 5183 5857 5931 7199 8457 8601 10057 10244 11540 11826 12217 12552 15003 16675 18944 20579 26191 33207 34028 38835 43602 43807 50273 51361 59435 59749 64159 66927 74680 128251
12 580 1857 2227 2922 3834 4742 5895 6132 7703 8826 8948 10126 11963 12614 13364 14820 14847 15203 15324 15342 19742 21441 28656 28686 29995 30350 31166 31870 33008 33973 34267 35325 47150 52813 55638 62824 67798 74532 96319
410 1178 3406 4046 4076 4780 5015 5117 5840 6515 7414 8164 8377 9065 10001 10383 11088 11462 11491 12255 12430 14969 16649 19689 20571 22337 22987 23396 29311 32639 33136 37591 40777 45744 45847 51941 53089 65499 114367 139428
16 848 1302 1830 2533 2538 3436 3447 4121 5499 6757 6991 7913 8188 8306 9474 10901 11758 12303 12329 13580 15575 15594 16775 16854 17536 19818 28143 28510 37370 38141 40445 40786 48691 53707 54298 69945 80210 94514 133681
29 34 788 2045 3766 5015 5362 6008 6093 6462 7474 8646 10575 12158 12913 13011 13508 15033 16653 19580 20107 20877 21718 22840 23250 31276 31841 33460 34693 35891 36541 39788 41201 43789 47077 52632 54748 55567 79622 94496
2135 5590 5781 6193 7137 7842 8774 9146 9312 9861 10169 10611 11308 12000 12563 13126 14344 15378 16188 16325 16673 18286 20899 21158 22187 24764 26521 32156 35464 37545 39956 41729 42391 44615 46210 48994 53294 61991 68376 79327
74 1297 1343 1487 3458 5369 8242 8318 9429 9702 10330 10651 10932 12475 12593 13061 13515 14402 14971 15083 16582 17731 19744 20577 21711 23959 26226 27291 34174 36059 37291 37761 38476 39951 49135 56347 66634 73829 74022 89088
508 2187 3944 4467 4743 5074 5970 6493 6689 7161 7302 7849 9466 10853 11063 11835 13286 15939 17303 17754 17887 18765 21556 23008 27774 28132 31045 31887 32884 35965 37678 41558 43068 43498 46645 48612 51561 63549 76835 99587
543 882 1438 1771 3138 3263 3604 4659 5226 6188 6322 6641 8870 9630 10164 10282 10733 10740 13085 18205 18544 19107 19407 24164 24730 26589 26756 31582 32816 40208 42006 43401 44399 45071 45403 55986 57399 62910 66889 126348
1263 4590 4787 4796 5346 5901 6097 7299 7550 8038 12225 12911 13805 14044 14361 15379 15421 16551 17393 17494 18540 18895 19355 21325 22170 23055 25351 26958 28615 29449 31695 33656 40501 42263 43387 51623 62342 67035 81822 97059
1534 1921 3227 3618 4437 4641 4776 6532 7023 7886 9349 10156 10911 11510 11697 12654 14506 15092 15122 15204 16164 16572 17718 18883 20025 21663 24831 26185 28966 30231 36165 44824 46827 49514 51892 56542 61605 65926 66891 119345
594 1925 3302 4414 4586 4923 5238 5460 5980 5995 7521 7630 7932 8744 9070 9283 10658 15106 15207 16184 16649 17275 17419 19344 21775 22405 22862 26317 34552 37089 38653 44684 45347 47876 49655 71141 72341 73558 75874 83597
1025 2220 3091 3150 4808 5168 5967 6262 6554 7025 7910 8008 8847 10873 11090 11162 11583 11888 14780 16222 17003 17414 18074 18174 19255 25247 29262 30140 31935 32866 33764 33902 39154 54688 58049 59446 65618 67198 73321 109871
