1000 41 38
1825 2160 2209 3160 3174 3443 4179 4796 5030 5060 7799 9793 10889 13078 13534 13593 14435 14886 18684 18842 20929 20943 23125 23403 26802 27713 28246 38983 39101 43045 47400 50627 55170 57176 65630 69225 76319 90401
476 1182 1344 3815 4151 5094 6392 6618 6659 7830 8000 8692 8830 9088 9133 11103 11808 14820 18140 18348 18802 18837 19353 20581 21759 23678 24135 24349 37975 42110 44302 47220 52904 53328 57491 65271 113666 118546
389 834 2736 3697 4661 5915 6180 7488 9658 10010 10859 11328 12330 12934 14863 14964 15188 15739 20986 21125 21196 21823 22725 26646 26832 28953 29480 33800 35008 38507 38698 40977 54539 58258 61058 72366 78434 80102
547 674 848 1090 1492 1670 3102 3660 4097 4700 5241 6221 6853 7687 7917 9783 10223 11705 12410 13315 14919 17532 18598 18755 21928 25463 27471 30345 40025 41595 42219 43542 49935 57871 59856 70916 133205 144257
468 1186 2717 2912 3205 4176 4476 4800 4801 4888 5187 7058 8223 8436 8592 10236 13706 15784 17139 18513 21551 21623 25652 26301 29617 29718 32970 33583 37363 48927 49422 50172 52136 54998 64411 72660 78146 88678
93 150 1483 1521 2643 2704 4793 5448 9695 10358 11003 11931 12320 14273 14448 15453 17522 19242 21718 23142 27901 28216 29653 32566 32875 33642 35758 37854 40586 40759 41476 42770 48545 51712 54201 54691 58662 74981
1403 1720 1763 2560 2967 3917 4443 5620 6295 7647 8128 8169 10083 10673 11990 12656 12883 13109 13956 14432 14452 17382 18280 23995 24671 25302 29223 32929 42389 46118 46758 50214 54227 58203 71666 75203 77732 100139
310 1072 1142 1203 3575 5666 5897 6751 7228 7543 8689 10571 11355 12266 12379 13326 17520 18546 21984 22486 22623 23614 26822 27222 30443 31183 31401 34670 36005 41362 44305 47952 48631 55915 57089 57437 71303 89482
438 1296 2233 2342 2613 3049 4390 4454 5348 5678 5859 6188 6706 10295 11019 11122 11610 13751 15960 16002 17938 18051 23112 25519 25740 27762 31856 35658 41838 46702 47769 48314 51770 58392 70518 71980 83156 86778
188 815 1975 2671 2695 4347 6566 6771 7849 7865 10593 11426 11455 11546 12440 13928 14259 15738 18009 19026 21396 22221 24580 24723 26119 27995 29120 30897 32777 33427 41967 45307 46274 52128 59003 72397 93799 109122
50 400 1143 2056 2733 3100 3262 4063 5240 5435 5506 5517 6632 7918 8105 9421 9621 9833 11988 12209 12449 14001 24106 37532 38879 40432 42353 44431 44721 45432 48471 49147 58718 60545 65305 67992 79917 87913
286 1992 2188 2306 3661 3795 5817 6693 7366 7794 7806 9585 11899 12263 12844 14451 15174 15918 17899 19698 19799 21477 25728 32202 34169 36403 37413 42487 43151 43262 44156 47071 48536 52524 56301 57517 62248 90100
264 370 1608 1780 3058 4383 4701 5108 6224 6507 7177 9219 11002 12943 12975 14671 15557 16051 17337 17646 21506 21669 24411 26725 27066 29801 31952 32761 34688 38063 45529 51481 52023 55766 59352 67597 80754 84751
1327 1412 3030 3161 3398 4911 6538 6688 6837 8642 8684 9585 10087 11595 11725 11930 12457 13204 13608 14490 15203 15237 17686 20883 26657 31530 33691 34225 35157 37755 37835 40276 51039 54060 58264 78401 101318 107208
604 1116 1561 2839 3791 5483 6261 6836 6935 7995 8888 9164 9331 10979 11494 11695 13690 15089 15289 15800 19905 21389 26270 26682 29121 29612 31309 37662 42005 43443 47398 47499 53428 57129 60905 70444 75357 95374
168 769 972 1124 1482 1788 1942 2530 4553 4903 6084 6637 9473 9901 10301 12148 12304 14115 15088 16846 18754 19087 19501 22560 23708 27758 28645 29626 33874 39004 40749 43482 46886 52695 60165 83287 110327 138813
1141 2382 2523 2809 2969 3077 4033 6430 8188 8417 9264 9959 10293 13298 15662 15857 16994 20035 20240 21535 22516 22833 23888 25945 26373 30214 34681 36118 36962 38814 41562 41768 44196 53894 55502 58402 80061 103502
228 869 1590 2357 2369 2690 2914 5317 5581 5777 6494 6752 7853 8446 11225 11747 11919 12544 13397 15401 17408 17552 18547 18595 21034 23556 28665 29520 30263 30879 35197 45115 49011 53483 63811 71056 112032 158746
98 427 1413 3049 3451 3704 5077 5660 5904 7692 8547 10322 10710 12527 13073 14669 16075 18829 19771 22096 23103 24231 27120 29824 31795 33379 34124 34471 36830 37045 38382 44349 50530 53996 56696 57606 82581 89730
157 681 948 1185 4598 4967 5529 6062 6930 7210 8650 9855 10608 11509 13077 15585 16018 17943 17950 18401 19608 20172 26828 27774 29667 29880 30659 32170 32374 33389 37612 50465 55793 58021 62892 72920 75280 86465
340 1631 2270 2473 3295 3312 5363 5606 6803 9682 9684 10908 11642 13054 13291 13398 14473 19081 19117 19928 20290 20518 21840 22462 23837 24673 25242 32439 36314 37105 42324 44784 46897 56157 58865 79825 89821 93927
942 978 1764 2187 2356 2405 3682 3815 6099 6448 6503 10926 11438 11594 12707 13170 14996 16679 17863 18262 21925 23728 27827 28406 29492 29525 30430 31104 36477 37547 39340 41283 41618 50763 51639 69767 69981 140843
1013 1687 2822 4563 5573 5967 6998 8119 8216 8617 11080 11868 12000 13755 17004 17450 17921 18153 18745 19671 22062 22524 22759 25493 25639 25745 26519 27965 32924 36680 37919 41106 44088 47411 60981 69512 81656 104705
475 589 1401 1554 1579 1931 3006 5591 6492 7295 7956 7958 9251 10437 11217 11584 11829 12862 13039 13262 15213 17288 21692 27347 29829 30518 30977 31096 34600 34604 44575 45879 47083 54865 57507 69155 92254 149144
34 266 422 597 1119 2082 2157 3788 4502 4803 5355 6846 8023 8189 9333 9706 10020 10304 12224 13096 14292 18037 22283 23647 28660 30425 30672 41610 44651 46665 50647 54547 64590 67436 75545 76657 77302 80917
851 1112 3159 4224 5152 5791 5924 5968 6308 6543 7048 7115 9795 12515 13385 14525 16220 16843 19496 20331 22653 24375 24806 27488 27889 28493 29438 29484 30707 31166 39521 39613 46125 46406 50005 56901 63471 174061
152 446 733 3771 4026 4698 4817 5581 5674 7834 10519 10626 11964 14028 14111 14414 15438 16852 17726 20456 22550 23127 23456 23747 24288 25506 27540 31043 32332 33242 43711 47507 47572 58870 58973 71200 88694 113917
489 834 1067 1172 1364 1656 2913 3408 3658 4423 4836 6528 6652 8463 8995 9109 10053 10337 10842 20543 21771 24753 25463 27705 30392 30533 32569 35955 37863 41015 41936 43981 45066 60147 61524 65924 69661 148912
269 320 374 1328 1585 2016 2407 2433 3799 5226 5321 10916 12539 13086 13155 13237 13396 14918 16130 18453 18751 21839 22051 24290 27824 27932 33250 35377 36333 38624 39625 41010 43634 53021 68914 79755 99304 109932
23 77 367 1012 2844 3472 4157 4718 5129 5141 5166 6042 6555 7086 7277 7555 8319 10030 10266 10361 16394 16761 17040 18564 23208 24562 31357 33099 37581 41735 47449 61547 67551 74217 76642 84998 89757 110869
1376 1741 2049 2740 3910 3919 4022 4976 7583 8894 8913 9040 9638 10024 14581 15201 15404 15827 16296 16421 17443 19148 21524 21944 22469 23594 25903 26038 26903 27121 50025 51128 53455 59942 61126 77993 104920 110293
921 1165 1708 4449 5566 5570 7195 7731 8132 9493 10161 11166 12414 12973 13074 13334 14516 14577 14594 16847 19768 20073 22248 25360 28271 28394 28628 29301 29368 38440 43068 43700 48169 59132 68217 69470 88693 91223
1405 1804 1986 2067 2785 3502 4817 5229 5735 5751 6361 9045 10750 11973 14204 15308 16333 17943 19454 19537 20461 21162 23004 23165 23583 28261 33534 36973 44090 46705 49719 51648 52584 53641 59959 64134 67875 78563
153 675 2689 3008 4042 5423 6282 6285 9113 9373 9692 10850 11511 13065 13262 14471 18185 19139 19260 20163 20632 21388 21624 22133 22547 28450 30632 36922 39514 42260 43351 45721 54640 58068 61912 63601 67207 87696
236 892 1040 1115 2633 4840 5054 5232 5275 6753 7326 8822 9983 10594 11586 11855 12762 12767 14525 15316 16670 17210 20052 22525 25583 27165 31771 34876 35216 45745 47590 48941 49814 49897 52513 70869 99560 124490
28 775 2002 2620 2689 3515 4077 4826 6640 8067 8402 9429 9625 12302 13167 14060 16400 16497 16661 16965 17032 17323 18136 19184 25466 26583 27844 31173 37173 40285 40396 52125 60125 62517 67198 78223 92645 101230
94 1777 2065 2213 2375 4700 6433 7152 7193 7611 8276 8526 8538 9594 9637 10600 12415 14464 14760 15059 16961 19402 22847 25858 28172 29518 30116 36278 39777 39893 42421 42795 50331 55479 66978 76101 84281 110453
304 1227 1414 1956 2217 2915 5192 6274 8080 10098 10596 10818 11252 11504 11724 12746 12939 13948 16101 18340 20124 20257 20870 23579 26894 27565 31369 33938 34098 34741 42913 45456 47934 48487 51089 60906 91758 124022
153 503 695 1011 2176 4107 6015 6233 7066 8565 9087 9666 10583 11614 13300 13830 14692 15188 17434 19923 21041 24821 27015 27689 28019 28725 28834 31970 33810 35390 37320 45388 50921 53619 61904 67705 81766 97821
760 939 1240 1394 3207 3685 4588 5284 6201 6625 7697 8279 8328 9088 10455 12805 15193 15720 16289 18877 19585 22012 22052 22658 27660 28133 28476 33498 35746 36596 40278 45351 54016 56895 60119 81572 85397 110985
180 542 832 2058 2154 2259 2793 5569 5774 5945 6973 6993 8581 8640 9329 9700 11133 11571 15255 18902 19553 24370 28157 28353 31324 35507 41911 42036 44599 45740 49569 51293 54608 55314 59593 62346 71506 90940
