1000 28 18
603 1651 4226 8743 10168 13823 16486 27500 29945 33499 35651 39187 46579 46998 63779 100751 115672 190811
3512 4515 7104 7602 10041 12126 23759 24469 30627 31386 31618 33903 47903 58516 79543 118348 143977 147717
1808 5647 10425 12890 13750 22744 26197 29685 35798 41564 47212 51771 65120 70655 77942 89537 108395 111378
684 1939 3480 19621 23011 23410 29724 30417 37609 45311 57919 59028 66454 80452 81457 92847 109141 136237
3287 5121 6470 12194 13616 17897 19758 20409 21289 36408 39784 52365 58736 73102 84708 95996 122482 229657
1034 1385 3018 6470 9411 10921 13774 14811 15485 19729 29870 41440 67677 98284 98359 106897 114580 196961
344 1754 3143 10408 19392 25120 25869 26845 27802 29005 46079 47737 59051 60150 60727 72164 75298 209405
1602 7842 10123 10150 12637 17168 17272 21002 21037 43020 45023 47984 50003 52091 78935 89508 94810 220513
104 3607 3986 10776 11162 14053 14944 19566 20649 27570 29118 49605 53406 70079 87169 92858 158766 166321
3279 7217 7274 10411 17479 22830 22915 26943 33291 35865 36784 37806 43406 52267 58913 109852 153140 179002
1556 5133 7041 8824 13821 14043 19776 20194 24987 29813 42427 44242 53948 68488 79051 83120 120698 155656
235 3053 4522 6631 13197 15993 16193 22190 24091 30870 32921 44639 52870 67582 104583 110676 114037 130556
4769 4925 6848 8321 13717 15529 21843 26878 30616 37335 37854 44742 63622 73119 76381 132895 152032 167212
2044 2891 4018 6651 7405 12975 14877 16248 29104 35543 50621 50823 51873 56887 84098 120354 122407 141366
6232 8267 8543 9935 16756 17373 19618 21499 23133 23952 35577 54044 57056 62472 110277 111036 114348 152236
9275 13885 18029 20481 20587 23242 28123 28169 32875 35935 41589 47341 57689 67770 84145 92724 109050 184950
223 882 7313 7522 11322 12619 14205 27850 29563 46206 49972 56044 57820 74392 78578 88121 90568 230559
4276 4491 6468 12943 14702 20177 28276 28872 38068 43277 54451 56644 84791 87942 88972 97758 103857 109533
3007 4661 5200 11062 21722 22224 27513 28760 30962 31824 35095 36126 40187 40847 43298 47580 163860 324153
9183 10347 12814 13832 14679 16888 21701 24465 26494 38528 39682 40993 61630 74943 112298 113739 123754 130325
4415 4604 4827 11899 12490 12612 12974 15837 16443 23843 33975 49881 54135 57543 83073 87005 135183 254011
1383 3961 4702 9264 15625 16318 26776 37655 40074 48269 49711 51021 59299 63449 73414 99226 108902 116037
1157 5303 5450 7161 8282 10027 15288 19127 23563 26512 31968 47426 52782 92794 95718 108746 150161 157182
2531 3475 6011 9363 10899 15090 15911 16837 20493 36101 38426 39928 66154 69781 79868 137296 150330 200664
2198 5967 13706 18530 23692 24147 28168 33251 34833 35452 37537 55597 57594 61933 81960 98723 149365 151819
5467 8709 9738 14238 17899 19486 20096 26736 29950 37981 40562 45647 50768 57127 74905 100706 137953 170342
363 441 2115 7357 9665 11801 11907 12320 14365 22383 28746 35278 38962 61321 89766 95534 174397 193922
2172 2795 14362 15500 15519 15628 20986 29638 43223 43669 45707 60334 62300 65893 69454 106768 112275 127684
