1000 34 38
1237 2163 2302 2506 2988 3369 3458 3715 4435 5782 6318 7083 7614 8068 8901 10282 15322 15864 16354 18920 19553 21797 22149 22184 22979 23615 26539 27152 30470 32033 33607 43183 46474 51310 52875 53235 62848 103963
326 2032 2269 2402 2582 2748 2783 2991 3112 3410 4081 4751 5573 6502 6794 7363 8912 9044 9410 9625 12416 13269 14264 14407 21194 21750 23816 27203 29809 30132 30792 35533 37180 82853 83113 90945 97963 116150
132 270 1269 1686 2041 2378 3994 4634 4790 5835 6248 7039 7943 8446 10115 11799 13346 13800 14119 15033 16187 18516 18725 20703 25844 28824 29211 29819 30043 30175 33678 38271 41552 43907 45082 46874 53554 88707
112 2102 2315 3053 3246 3301 3387 3840 4145 4345 4886 5039 5594 6681 9500 9556 11211 12073 12098 12675 12835 13270 14953 17168 19202 19654 20252 26102 34911 35966 40912 41421 46391 56267 61855 62412 74625 86560
919 1869 2160 3613 4127 4885 5298 6563 7442 7462 8795 9135 9901 11316 12303 12879 13952 16792 17602 18571 18708 20041 21170 22751 24211 26375 27964 28020 29722 31487 34907 38726 48807 49034 55745 57131 66676 87603
1265 1531 2673 3265 3850 4222 5360 5602 6587 6716 7719 8351 8982 10152 12137 12409 12610 12692 14551 15504 16155 19974 20116 20770 21457 21638 24876 26416 26595 26765 28565 32067 39193 41651 44201 50814 51039 69204
26 293 1168 1197 1345 1751 2154 3473 4015 4756 4817 6055 7032 7689 8723 9759 10712 12733 13064 13901 15939 16817 20159 21408 21487 22984 24148 28948 32055 33578 35369 37026 37622 38994 39204 39857 61440 100114
324 735 840 1594 1807 2221 3391 3492 3737 3910 4065 4827 6577 7909 8309 9956 12839 15289 15298 15824 16822 18088 18157 18399 22986 30132 31329 32856 33447 39911 41301 41625 42956 48329 52551 55142 56033 57762
1384 2508 3429 4463 4741 4837 5618 7372 8162 8282 9050 9919 10458 14593 15434 15905 15934 16115 16462 16734 18121 21304 23198 23866 24872 25194 25893 26584 27929 30579 31196 38607 42214 42912 44711 57349 69013 100807
620 1387 1714 2170 2751 4020 4755 5881 6227 6610 9732 10778 11301 11432 14919 15477 16102 16396 17817 18686 18831 20431 20879 22775 23869 24593 24818 26612 27427 27529 29385 31831 34727 43119 44095 46473 49095 58238
597 1495 1692 2543 3759 4731 5363 5463 5788 6014 6602 7118 7379 9125 9397 10486 10657 11105 15228 15987 16388 16866 17332 19495 22176 23542 25737 27164 32399 34408 38199 39458 39702 45771 47343 47912 51721 62449
398 838 1715 2232 2800 3216 3611 4151 6897 7114 8066 8281 8895 9611 9696 10237 11776 11835 11872 12109 12171 13823 17796 19207 20944 22101 26404 28027 28598 36427 42454 48538 57900 57985 69636 76247 81834 105758
93 410 709 2146 2634 2664 2890 2986 3947 5264 5778 5907 7152 9193 10053 12298 12590 13099 14349 15488 17386 18153 22818 23108 25552 25585 28396 28990 31994 32131 37976 40504 46256 47700 48511 56937 62011 64117
1752 2504 2647 2820 4562 4691 5086 5610 5684 6582 7164 7373 7900 9607 11641 12844 14451 14966 15494 16539 17765 17834 21052 22836 23182 25013 26641 29579 32570 32769 33611 33677 39372 42702 50045 57963 67124 95772
261 570 738 1773 2630 2679 3094 4235 5015 5334 6734 7086 7819 8075 8924 11376 13046 14070 16063 16849 17370 18107 18238 20781 20837 22950 29456 35334 38008 39526 40876 43871 45509 48322 54639 57891 58362 79634
95 975 1691 1875 2268 2306 4141 4556 4712 6184 7593 8430 9722 9867 10111 12667 13767 13832 13991 15181 16175 17792 19413 19959 20593 22491 22503 23344 23845 25322 29255 29605 40554 47930 48001 50085 74291 98005
300 541 582 1599 1660 2053 2632 3193 4235 5655 5660 6411 6765 7934 9051 9571 10037 11556 14691 14850 14926 15767 16417 19508 20038 20398 24140 26170 26910 30570 33035 37495 46576 51932 52101 52634 68603 74458
221 1011 1920 2341 2849 4608 5159 5440 5501 5681 6255 9868 10796 11103 11743 12355 12963 13018 13476 15255 15379 21322 26978 27970 28387 28848 29022 31192 34072 35405 37018 39362 47398 50356 51860 55617 70600 78010
449 1897 6398 6553 6742 6982 9480 10338 10748 10877 11485 13139 13604 13623 13847 13871 15685 15858 16360 17072 17172 19517 21252 23521 25640 26209 28531 31925 32550 38411 39244 40494 43731 44196 45153 47875 54178 55491
298 540 763 1989 2089 3267 4108 4341 5644 7691 10880 10931 12588 13145 14294 16366 17451 17648 17656 17667 19069 21760 22075 25021 25083 27021 29466 32690 32903 33121 34573 38266 39372 39622 39896 45345 45710 46574
538 815 1012 1401 2014 2177 2624 3137 3156 3559 3877 4179 5709 6156 6482 6932 8547 8597 9974 11130 11820 12328 16140 21257 21485 21780 26519 27523 30202 33543 40451 46573 46656 54957 59680 68964 76770 79854
19 343 376 1234 2083 2802 3660 5119 5204 5740 7010 7935 8617 9430 11238 12423 13830 14762 15840 16065 16188 17482 18565 18580 19667 21820 22748 22927 23018 24134 31848 35138 39162 40091 47150 48866 64281 88129
221 545 819 1025 1613 2041 3018 3063 3941 3970 4918 5227 5478 5961 8483 12731 12761 13815 14935 15017 15215 15341 16314 16342 17688 22224 22240 24748 24770 29472 37827 44640 49561 55302 59710 84157 89234 126709
98 186 496 1259 2294 2533 2698 3369 4208 4717 4729 6035 6352 8307 9195 9480 9862 12415 15820 16260 16810 17906 21708 24015 24465 24887 25862 27087 28792 31286 33307 36717 41911 53534 60061 61210 67363 106884
110 200 1239 1918 2992 3726 4015 4678 4930 5260 8114 9090 9319 11013 11105 11128 11292 11310 12344 15525 18771 20479 25393 26040 26992 27436 30298 30325 31372 32318 36998 42317 42962 46270 51731 63843 64453 81860
931 2254 2782 2805 3339 3633 3909 3944 5034 8127 9386 9713 10043 10838 12157 12187 14289 15271 16344 16349 16596 17105 17562 18320 20362 20997 21797 22683 24326 27320 28766 29185 30878 35299 58026 59834 66195 111209
3506 4332 4698 5503 7190 7560 7688 8801 8992 9472 10537 11430 12512 12596 14035 14093 14303 14634 17008 17411 17619 17770 18105 19630 22262 23442 23985 24965 25208 25888 26740 37789 40798 42460 51550 54522 55582 75405
910 934 1455 1467 2285 2419 3289 3871 4752 6211 6554 7646 9122 9352 11608 12593 12834 13611 15225 17483 17688 19201 19318 20091 21655 25192 27048 31014 32363 34889 36835 38058 41612 41619 41643 43613 44283 45424
239 410 499 1442 1475 2252 2868 8110 8411 8889 9340 9633 9876 10943 11018 11902 11988 14404 14459 19279 21559 21733 23499 25663 26320 26899 27480 28966 32227 32640 32919 40305 41615 48864 54077 61760 63080 68361
799 2852 5245 5467 5581 5970 6348 7445 9354 9695 9850 9872 10255 10440 10443 11486 13348 14899 15515 17684 19154 20076 20694 21099 22146 22409 25565 28085 31817 39078 39431 39819 41148 42686 48971 56733 57060 90625
1026 1270 2288 3309 5834 6337 6458 6982 8961 11795 11916 12211 13291 13397 13519 14034 14985 17732 18109 20850 23008 23233 23970 24150 25329 26735 27447 27651 28071 30915 31142 31152 39375 40422 45145 50681 54977 75620
693 929 1593 1939 4893 5375 5525 7286 8006 8085 11066 12431 12687 13183 13208 14141 17355 17531 17541 19757 20058 20624 21497 21550 21823 22696 23242 24499 26770 28799 29252 31768 33869 34822 34870 38618 44884 62634
1544 2024 3338 4127 4707 4721 4911 5147 5547 5778 5833 6662 8219 8875 10286 10671 11617 13157 13309 15241 17034 18752 19447 25210 27187 29016 29854 30106 32984 33092 33779 34581 35343 47705 49968 54918 58308 59716
163 237 373 502 1545 1551 1602 2797 3662 4458 5822 7058 8711 8968 11808 12102 13716 13921 14167 18666 18790 18975 19198 21340 21596 22931 23140 23298 26416 27434 29679 30254 32473 37746 40673 42005 78821 81244
