1000 12 12
6149 7008 8654 27417 30341 46432 67416 90458 126565 142811 151801 177107
8866 30240 52964 56986 63562 64000 72841 91201 99164 109608 117699 160127
3545 6072 6413 41095 53664 54423 64809 67462 90455 91906 182519 287937
2394 8290 14232 32997 62483 62670 63064 75886 93191 98211 119845 256234
5072 9369 10335 16811 17730 17776 18989 78683 119067 183798 228214 244399
1912 12301 31628 40247 44864 74078 75987 82291 111588 131470 133723 152657
9143 12169 13276 16745 33231 34425 38714 43004 53747 94121 200857 310755
1844 6439 17472 22709 27592 28693 51856 56959 64902 68105 234352 330603
39 3735 7435 9057 17245 31769 32376 62932 131175 151894 235070 261196
5099 10110 14764 17379 53332 69264 79065 96197 116732 117074 119312 188399
9412 32357 38350 52067 56607 56828 77302 82951 106132 108915 152372 175988
994 20134 22826 26785 32126 82305 86167 110344 117964 129108 134806 140547
