1000 29 49
180 202 293 828 979 1268 1989 2097 2358 2903 3042 3967 4619 5622 5777 6577 7282 7302 7378 7508 8085 9618 9645 10206 10239 10404 14410 15906 17094 20957 21101 22389 22809 23549 25107 25643 27789 29961 30447 32918 33058 34071 34489 38158 43519 45344 59178 89760 100504
627 1564 2211 2302 2378 2869 3656 4056 4294 4722 5136 5220 5770 6190 6333 6889 7526 7627 8816 9737 10786 11346 11465 12516 16361 16660 16740 16803 18080 19752 19969 21383 23684 23947 24422 24858 25223 26594 27289 32150 33288 34651 42232 44094 46229 51342 60696 68030 83868
104 285 717 2826 3008 3340 3862 6423 6436 9084 9336 9380 9844 9966 11060 11158 11320 12523 12583 12599 12942 13135 13371 14862 14932 15603 15850 16371 17008 17018 19171 20039 20481 21735 21996 25722 28241 29118 30775 32981 33400 33722 35247 40145 41811 46861 47092 69534 73826
110 174 1190 1493 1679 1928 2370 2427 2917 2950 3081 3083 4374 4418 4980 5792 6332 6442 8533 8677 10696 11640 12374 12559 12624 14613 15068 15502 17822 21492 23578 24692 28456 28814 28952 29220 30921 32759 33403 34081 35132 35275 37514 40313 43211 50696 54604 60956 80557
742 744 916 1055 1353 1357 2200 2859 3786 4720 5200 5323 5610 5690 5995 6589 6977 7392 7877 9638 9869 10217 10486 11351 11649 11989 13266 18146 18969 19153 19157 19507 20094 21421 22916 23048 23583 25639 25737 33638 35780 41514 42479 45828 56139 60785 66232 68355 77752
305 354 972 1486 1637 4136 5603 6156 6335 6341 6347 6375 6801 6929 7361 7910 8144 8468 9009 12323 12850 12975 13637 13888 14238 14954 15341 15850 15962 18876 20243 21267 22326 23123 23189 28273 30744 33053 35129 35233 35961 36657 40929 46565 48312 48739 51188 54403 68352
30 401 775 864 1042 1142 1684 2206 2551 2640 3040 3179 4230 4281 5300 5366 6056 6128 6987 7025 7274 7451 9339 9767 10261 10360 10994 11125 11130 11508 12284 13570 14574 19434 23287 24310 26600 28830 34420 40997 44529 45047 45779 46182 50752 50841 53414 74036 117742
616 969 1069 1247 2136 2301 2955 3402 3878 4189 4517 4579 5652 6080 6373 9673 9999 10727 11086 11304 11713 11891 11958 12583 13009 13850 14037 15189 15553 16071 17308 19887 20479 21713 22384 23326 24688 25034 27205 33995 34491 34609 35663 37162 41739 42339 47139 97049 99895
1237 2097 2132 2429 3194 4128 4179 4213 4315 4491 4900 9391 9717 9920 10670 11632 11658 12302 12332 12429 12845 13933 14192 14788 15355 17254 17309 17564 17771 18011 18308 19341 19862 19979 20356 20426 21976 24017 25412 28872 33920 38525 41501 43458 46432 46791 52349 67287 76774
201 460 466 1400 2036 3003 3489 3746 4018 4253 4815 4967 5385 5712 5876 6787 8145 8683 9994 10789 13207 13741 13890 14992 15186 15394 16113 16652 18330 19677 20413 21526 22112 22273 23950 30166 30638 30678 32164 33311 36385 36823 38740 42228 44717 45308 46003 54150 68803
150 229 305 768 1028 1086 1712 1781 2250 4429 4906 6150 7068 7559 7802 7928 8128 8658 10610 13729 13914 14159 14175 17062 17284 17361 18144 19476 19669 20992 21784 22218 22431 22451 23636 25736 26969 28673 29463 31330 31944 38159 41355 41769 42361 43319 46286 54538 65426
453 895 1494 2415 2430 2449 3282 3473 4443 4547 4735 5106 5192 6195 6373 6697 7086 8852 9666 11228 12533 12648 12664 12942 12947 13644 13660 14495 14945 15678 17987 19603 19730 20471 22279 24123 26901 29261 31085 37477 40411 40627 42391 48847 50287 52236 52774 59758 64277
133 362 418 557 1247 1316 1419 1577 1588 2150 2499 3295 4366 5330 6050 6079 6272 6931 7277 8046 8340 12007 12571 13559 14554 16434 17271 17751 18007 18812 19117 20608 20669 22023 22525 23196 23317 24598 30005 31704 35606 36469 37686 38685 53145 59315 60808 66678 85978
443 601 725 1417 2223 3520 3665 3933 3949 5110 6475 6903 7021 7157 7316 7620 7861 8133 10302 10533 11483 12869 13314 14374 14572 14719 14805 16067 17856 17964 20005 20291 20789 20822 21587 26068 27318 28310 28484 28927 30792 31057 38713 45154 47434 48865 52993 63389 73859
1109 1567 1760 1850 2193 2229 2561 2677 2863 3509 4279 4481 6199 7076 7190 7404 7983 9690 9954 10013 11354 11523 11783 12290 12966 14014 14997 16288 16383 16649 17255 21176 22405 26771 28331 31541 31990 33464 33826 36490 39754 40716 41262 42094 43949 50191 51716 53029 57347
365 378 817 884 1053 3048 3122 3246 3523 4102 5441 5637 6586 6839 7237 7677 7776 8478 8579 8598 9603 10183 10215 10241 10462 12975 14801 15672 20748 20782 22520 23438 25143 27408 28165 28276 29310 32530 32903 33157 34845 37819 39275 44127 49450 53069 54742 68401 75819
998 2180 2246 2258 2437 2650 3259 3454 3909 4050 5035 5071 5091 5817 6823 7413 9837 10597 11171 12083 12499 13977 14631 15229 16325 18247 18403 18587 19044 19571 21466 21726 22214 22818 23026 27925 29564 30689 30861 31982 37290 39120 39596 43213 43489 49423 52518 62227 68384
94 112 333 517 573 841 1099 1254 2099 2154 3801 4127 5062 5223 5404 6843 7410 7518 7530 9170 9600 9648 9808 10242 11535 11626 12479 17131 17136 17543 17602 18800 18851 22710 22751 23041 23155 25314 26919 28384 31992 32241 39433 40125 52207 79802 81854 85581 88578
100 1024 1341 2629 2643 2946 2985 3078 3092 3620 3783 4013 4060 4135 4451 5006 5096 6149 6756 8074 8578 9385 9548 10092 11162 12433 13801 14277 17703 19833 21113 21162 23634 24219 25542 26410 28023 31059 31699 33358 33771 34138 35359 36751 58157 68693 69293 70533 72233
406 850 1175 1331 1359 1390 1517 2433 2460 4037 4154 4194 4203 4399 5467 5670 6273 7038 7811 8608 9544 10175 10386 10498 11035 11953 15365 15885 16111 18176 19167 19167 20715 21295 21566 21902 23493 24216 26236 26426 34587 36518 37223 48904 54396 58973 72182 86048 92344
120 232 899 925 1436 2250 2331 3116 5101 5383 5953 6141 6790 7058 7670 8464 8499 9685 9770 9797 9824 9826 9840 9856 11379 12009 14837 14864 15881 16390 17941 18081 18369 18802 19131 20405 22460 23023 25499 26982 33779 34487 40324 52222 55264 59363 59837 74644 92719
833 1447 1484 1523 2752 3095 3456 3611 3621 3726 4245 4729 4963 4977 5558 6361 6453 6788 6962 7221 9367 9836 10027 10275 10683 12573 13314 15870 17132 17234 17563 18140 18493 19659 19787 20758 22737 26593 27693 30632 31781 32714 37844 40557 41226 65004 73034 76782 103816
298 1229 1638 1662 1782 1849 1882 2022 2160 2546 2671 3361 3464 3531 3982 4453 4562 5178 6066 6567 6840 7102 7656 8491 9577 10606 10895 14705 16233 16801 18223 19487 19672 20413 22681 25921 26048 26816 28860 30590 30803 36453 39559 46921 61693 62638 65296 67113 113942
388 685 1217 1511 2162 3151 3419 3614 3765 3914 4285 5044 6451 8281 8535 8601 8705 9214 9933 10270 11286 11356 11364 11527 13536 14155 14809 15301 17012 17498 17920 19174 22406 24579 25577 25577 26087 26800 30105 30378 31678 35640 43280 45612 47725 51964 56740 60877 61521
682 1577 1831 1933 2086 2263 2726 3021 4812 5263 5693 5901 6233 6421 7553 7672 8056 8553 10107 10600 10838 12062 12318 12447 12995 14041 14234 14607 15223 15585 16169 17452 18123 19156 21763 23109 24872 25102 25817 28400 33314 40441 44081 44180 47909 57397 60176 66085 102834
525 609 826 1543 1785 2634 2698 3989 4147 4780 5473 6261 6388 6595 7614 7906 8604 8825 11212 11823 12584 12900 13231 13379 14639 15035 16334 17051 17262 17553 19184 20281 20289 23302 23954 24131 27273 27483 28980 29410 31407 36410 36678 37188 40001 41764 49290 57942 107852
899 2987 3435 3720 4140 4542 4588 5575 6764 6937 7725 7855 7978 8606 9261 9389 9439 10159 10203 11285 11332 12189 12777 12879 13929 14942 16208 16715 17225 17386 17699 19090 21486 21910 22628 24582 25148 29291 29453 30797 34318 39613 42772 46452 46805 48940 49932 55631 85963
112 123 1235 1918 2697 3183 3418 3750 3795 4220 4740 4810 5125 5196 6648 7516 7540 7997 8298 8714 9153 9474 9955 10503 10805 10994 11141 13391 13559 14596 14847 15881 17242 17571 21437 22978 24194 26427 28265 31614 31976 36070 41996 44487 47078 54551 65580 89584 96865
152 453 1158 2091 2093 2488 2495 2672 2732 3454 3744 3960 4290 4949 4963 5933 6178 6719 7677 7796 8691 9003 9255 9536 9665 10907 12372 14765 15160 15831 16958 21268 22102 23117 27199 27316 29170 29350 30037 34535 35250 37375 42509 43083 57086 58526 61656 70550 89153
