1000 45 33
194 229 935 1566 1585 1814 2859 4627 5061 5594 5725 10771 14803 14807 17688 18373 19118 22622 23582 24972 28217 28337 31487 34674 36577 36804 42740 46880 47727 53884 59270 60852 140576
144 561 3045 3394 3950 4311 5767 6472 6567 8140 10634 12222 12279 14244 14732 16736 18827 18850 19248 19636 24213 27671 28671 29303 39150 46188 50741 52256 52521 60527 68134 83842 90019
1488 1524 1580 3384 4117 4668 4699 8728 9137 13101 13928 14872 15779 17442 17626 21254 21435 22628 25223 27422 31423 32195 32367 34624 38430 41092 45899 52723 53943 65665 70144 81356 86416
188 1699 2082 2784 4295 4674 4980 6297 7893 10255 12317 12350 14023 14068 15168 18099 23021 24164 24633 24815 29536 29584 29879 32259 33780 35765 39756 43061 50009 55874 61333 67395 128826
165 982 2792 2896 4286 5245 5269 6207 7990 8586 8866 11639 12049 12725 13056 15106 15186 15377 15934 16169 25948 30690 31062 35226 37821 39381 49456 51133 51781 52607 59245 107940 111295
837 1556 1581 2646 3665 3908 4057 8324 9102 11391 12526 15175 15557 16772 17287 20143 21230 23536 23851 27331 27620 29308 31698 38201 39540 43998 44517 50758 51271 76368 81450 85942 87651
762 874 979 1044 1368 3537 4653 4790 5859 6214 6314 11169 13113 13702 15109 15764 15781 28377 29113 29142 29297 30648 34560 38517 40734 42642 43736 44390 47144 53855 64555 77831 114758
1677 1784 5198 5540 7352 8676 9085 13840 14613 14744 15613 16401 17050 17553 18316 18986 19831 21327 25148 27233 27543 30368 31290 31946 31981 35584 35915 46687 47583 59018 77248 77506 92788
1610 2240 3349 3687 4107 4163 5243 7329 8613 9064 10059 10128 10994 11770 12911 13172 14586 15138 15568 17461 19195 24237 26179 29329 33080 43663 47176 56348 57844 58515 62449 96208 179377
216 321 399 1887 3669 6295 7171 9244 9452 10740 11177 13100 13387 14075 15075 18754 24390 24459 24906 29446 30077 31432 32765 32989 45870 47982 50161 52825 54181 56747 60119 76878 79489
808 2479 3454 5949 6163 6720 7133 9936 10553 11717 12657 14725 14878 15999 16956 21806 22381 24736 27473 31446 34039 34309 36481 37691 38542 41675 41852 43666 44538 50021 54548 58950 75774
1411 2778 3283 3595 4239 5287 5743 11153 11373 11831 12934 14197 15358 15442 17800 19498 19804 20345 20741 23256 23666 24345 27197 28205 37673 52547 57590 58458 60369 63948 72182 74872 78570
665 1744 2202 2846 3592 3783 3956 4749 8315 8885 9418 12360 19184 19444 19688 19911 22459 22953 23988 25792 26560 27037 31339 33168 33290 34725 37640 44030 47024 48065 75555 79242 90358
35 129 1608 1965 2704 3533 5638 6275 6933 7847 7857 9177 11857 13221 14327 14775 15879 19027 19355 23469 23941 25680 26055 26270 39014 40591 47632 50450 53866 61719 72532 89545 94171
607 728 2029 3224 3383 4772 5366 9757 10647 14138 14442 17263 18239 20466 20595 21858 24581 26391 27826 30033 33360 35423 35907 36692 37930 37974 41226 51789 52089 56089 65992 78331 84664
1309 1765 1771 2056 2903 2952 2983 4285 5568 6993 7905 8217 10477 10688 14787 15672 19989 20222 20634 21483 24736 28640 30297 30307 38809 45085 47409 55605 63346 69917 71697 75064 162193
2082 2670 3046 3335 3869 4081 4558 4952 5568 7578 7944 11572 13991 14920 15989 16760 19872 21127 24576 25182 25578 33214 35187 38011 43321 44385 46888 47365 48763 56131 70912 71147 86437
538 589 1199 2498 3265 3544 4297 6263 6324 6611 7493 10323 10373 13338 13860 14243 14430 14599 15558 15866 16457 17395 19388 20366 21371 26648 32085 47935 52372 78135 113337 130988 195006
51 1125 1242 1638 2162 2625 2919 2922 2957 5575 6781 7202 7217 8577 11799 14613 15683 18342 19071 21504 29529 30270 40830 41015 43920 51592 55140 59197 60179 62176 65703 73262 116448
2525 2804 2913 4289 4445 7010 10306 11680 11829 12759 15754 16032 20394 21861 21900 21959 24245 24985 25293 26467 27800 30315 31138 32407 34967 36209 41540 45608 49277 66718 66736 68216 101166
1536 3552 3560 5862 7143 9070 9778 10979 11836 12590 12868 16306 16463 17315 18154 19477 20999 22222 24173 26739 27470 28494 29494 32687 39730 41333 46305 47639 52171 52954 64164 71132 98751
91 2711 5405 8339 8814 10319 10653 12029 12205 13254 13330 14400 14676 16876 17634 17689 18104 22407 22441 23906 24485 24724 28149 30115 31784 33794 36049 36975 40378 50478 58860 112779 115613
2643 2738 2738 3802 6313 8084 8878 10565 10566 11727 12246 13878 14320 14592 15363 15402 15673 18758 19020 19080 22935 23931 28278 28326 30370 35302 37173 65766 67664 77479 79457 79748 83097
13 288 416 592 1447 3762 3888 7837 9764 11124 12382 12697 14154 15062 16228 20758 20911 22967 26634 28573 29254 30428 31223 33756 33909 42266 44700 48722 53749 59533 63053 72801 129716
821 953 1861 2205 2975 4888 6486 8424 8814 9395 11577 11983 13659 13659 15794 15930 16726 21668 22487 23054 23478 29612 29686 33584 34539 36681 38819 50310 61422 63341 70837 74186 136237
282 447 3552 4909 4938 5312 5737 6580 6795 7076 8321 9243 10906 11480 13247 16001 17700 18660 22530 22817 24006 25291 30048 34173 34812 35608 36875 37446 44536 52176 54152 113966 126439
344 387 677 5504 5712 5794 6144 6236 6742 7240 7259 7325 7587 9726 12167 12457 13676 16370 19183 20218 24646 24848 25494 27622 28848 38393 38683 51563 57977 69791 91387 109795 135224
552 3385 3517 3537 3869 5740 8123 8632 11225 12349 13220 13815 15652 15718 18165 20383 21484 24438 25105 26315 26916 28954 29861 34424 35896 38820 40891 43370 43455 53458 87376 96378 105860
1305 3242 3267 6585 7331 7742 9116 10237 10721 12446 15015 15177 17227 17422 18223 21901 22005 22021 22515 23429 26975 28993 29071 31515 36132 44766 47122 47667 51609 52259 73541 74623 108416
880 1302 2178 2484 2806 2949 3189 3312 5129 5926 9563 9754 10129 10388 12515 13179 13639 17651 21639 21686 22007 23541 23569 24515 28536 37407 37606 39972 60074 80325 86201 103193 106792
472 1965 2009 2238 2674 3070 3598 7999 8839 9854 11566 12043 12936 13145 13719 13933 15811 16832 22530 24081 28198 28900 32799 33448 36975 45273 46359 49512 56566 62295 63666 69796 91312
562 822 1891 2011 5375 6297 7735 9811 11276 11361 12483 12681 14118 14521 16959 17298 19660 21227 25025 25618 26576 30701 31385 32522 36614 37538 41776 42800 60418 62956 84618 102628 103089
881 2176 2728 2991 3350 3554 4151 4365 7965 8769 10380 10954 11081 12821 18295 18539 25503 26101 28536 28918 30072 32064 32553 33354 34287 36239 40727 42885 43579 65015 70427 89019 152554
387 842 2230 4069 4750 4783 4814 5082 5141 5373 5815 6240 6364 7207 7256 7685 10313 11385 14284 17080 19488 22857 30609 31069 31716 33011 49455 53932 66357 68884 102685 108153 145259
47 902 1605 2367 2596 3606 4916 5877 8513 10252 11154 15083 16679 18559 18561 22046 23024 23651 24561 25831 29018 30745 31260 36099 36475 37840 42061 45392 51992 53624 71734 72410 104302
1351 1600 2146 2993 3034 4122 5776 6564 6581 7630 8843 9902 10193 12172 13294 16389 16595 17798 18383 23540 30627 30784 31236 34871 35665 38338 42594 47345 48678 53765 56221 81094 138106
1092 1619 4549 4859 5497 5573 8065 8346 9140 10264 11904 12222 14091 16569 17111 18375 19288 20293 21111 21237 23577 29988 31471 38915 42144 45115 46528 48276 49970 53575 67656 77408 82739
800 1081 2769 3927 4760 5181 5547 6256 6437 6557 7027 7544 7920 13121 14839 15692 15945 20230 21905 22780 23333 32145 32814 33361 37823 37934 42734 43492 58056 66966 69617 69625 97069
646 1342 1429 1829 2636 3429 4147 4167 5084 5654 5796 9614 13345 14045 14367 15831 16403 18371 18922 19004 25683 27749 30985 31796 34934 41728 45791 54650 54908 55421 60848 77124 115037
88 1431 2590 3408 5786 6103 6328 6936 9166 9617 9753 12461 13717 14918 18019 20002 20280 22272 30487 30819 31081 33277 33412 35463 35777 36127 39128 40918 44419 52947 53031 55540 194323
1317 2132 2164 3091 5151 6282 11012 11045 13132 13756 16585 17760 18338 20193 20605 21909 22074 25416 27185 27490 28760 29060 29909 35578 39592 40976 42812 45183 45686 49777 57404 69561 78983
1239 1270 1746 2187 4525 4581 6121 8235 8801 8958 9486 9947 10070 11100 15359 17066 18446 20088 22700 24270 25653 26547 27154 33589 36262 38528 44898 50114 52274 55477 63032 68632 118415
2504 3201 3529 4720 4928 5320 5320 6877 9668 10106 10184 11090 12728 13710 14869 15567 16002 20138 22758 23264 24672 26135 29934 30544 30595 31442 35516 36449 60345 75823 100500 100563 115171
1 67 516 3459 3668 4973 5217 5463 7208 8828 9887 10573 10814 11054 12458 13039 13786 17662 20318 20543 22004 31589 32110 39762 40157 42530 51569 51920 55909 68199 83816 85437 116151
680 1101 1270 2152 3711 7406 8869 9080 9858 10462 11576 16561 20661 21677 23786 24326 26494 28631 29063 29073 29363 29514 30448 31527 36814 38223 40375 41074 55431 59064 60199 75687 84272
