1000 12 12
812 21073 25968 47610 49057 50206 52686 62039 86307 92552 147812 355113
22714 26928 35296 36987 43797 49126 49847 87401 90946 103914 194993 253801
6706 18565 24419 34852 50610 67595 73210 80449 98555 99401 154798 283691
3152 24689 43385 51428 54191 64298 76712 76911 78534 82700 177760 261482
506 11410 12622 39917 58676 68713 79544 93702 104883 127011 189739 202826
5099 19003 22312 26264 32547 37960 52295 69848 89508 171679 209772 257796
13393 21381 22834 26257 50566 57280 58344 71812 121412 140984 186652 218283
1113 14658 14763 27994 32156 53699 67330 105824 114132 144819 203556 215111
433 3018 26808 31925 40997 49962 50639 53946 86054 118479 174988 352563
3883 19470 33671 35558 42153 42790 54923 71648 75396 137791 156138 320788
4504 9938 16190 29780 34979 55063 60818 116774 117093 161725 168078 215811
1025 4912 8173 10765 25364 34596 40713 61142 118399 129668 194242 363633
