1000 24 44
633 822 992 1547 2154 2260 2736 2953 3220 3690 3952 4152 4409 4650 6292 8664 10297 11295 11834 13322 13437 15421 15911 16039 17468 19355 23117 23203 23901 26886 30385 32623 33042 36051 37545 38968 40462 43803 45336 49738 68281 71135 85242 85974
352 908 2864 2961 3133 3739 3807 4722 5099 6151 6507 7122 7734 7913 8920 12626 13200 14432 14480 15068 16000 16302 16571 18008 18400 19074 22743 24038 25285 29178 31391 31536 31768 34634 35308 35609 38483 38550 39408 50801 55330 60310 61766 98298
844 1065 2249 2690 3538 4243 5643 7109 7516 9334 9341 9785 10244 10388 11556 11776 12781 13456 13503 15600 16267 16875 19246 19962 20590 21625 21679 22753 23504 24336 24808 25574 26461 26818 36907 38148 39969 45095 53882 54006 56357 59217 62267 74843
112 738 960 1630 2871 4057 4407 4819 5837 6431 6744 7819 9318 9501 10944 11374 11752 13109 15540 15942 16979 17782 18257 22330 25737 26511 26573 27123 28489 32338 32444 32600 33368 34495 35028 35624 39760 39919 44865 45150 46008 58575 62585 67021
317 378 429 1573 1860 2177 4136 4245 4378 4449 4675 5807 6028 6598 7187 7252 8250 11761 11905 12390 13531 15408 16117 16222 17069 17331 18373 22145 24719 25018 25571 32176 34125 38714 38803 45829 46963 50174 57481 57740 58993 64552 69282 78095
637 908 1094 1431 2267 2471 3085 3184 3380 4340 5787 6010 6321 6471 8261 8836 9222 9963 11974 13349 14742 14984 15272 16391 20008 20425 21527 21717 28967 29062 31155 31158 31258 32733 34415 36143 44639 51495 55114 60920 62713 64134 65413 76938
421 472 569 2227 2389 3024 5409 5995 6111 6376 6408 7345 8026 9226 9361 9603 12328 12383 12620 12674 13026 13126 16791 17047 18250 22410 22414 22443 22488 22619 23567 25405 26421 31444 34780 36010 40137 48683 55218 60829 66484 66894 69533 81006
235 1061 1182 2891 3211 3657 4858 4903 4990 6465 6652 9822 11050 11184 11540 12610 12797 12992 13234 13614 13770 14089 14246 17563 17858 18542 18626 21838 22904 24583 24906 28910 32766 33091 33313 33735 39896 41591 49412 49583 56023 67703 83361 84846
1043 1108 1228 1641 3487 3631 5229 6988 9593 10139 10566 10575 11164 11745 12039 12380 12615 12922 12928 15744 16049 16114 16912 18184 19021 20645 22207 22845 22906 23119 23949 27776 30748 31666 31744 34319 39494 40074 42153 47501 52148 65037 72074 86416
800 1106 1852 2518 2731 3832 4360 4775 5077 5192 5491 6520 6541 7959 8641 9873 12146 12694 13104 13160 14524 15140 15780 16176 16286 16755 18096 19111 21181 25327 26014 27178 27542 28335 30806 31890 32251 38839 44160 44238 50539 52130 113051 139870
119 560 712 1260 1487 1620 1758 2500 3752 4416 4494 6271 7201 7276 7832 8429 9228 10642 12989 13006 13702 13863 14610 14968 18143 19060 27373 28638 30127 31174 33172 34129 36767 39586 39731 42749 44329 47357 50774 51013 54177 61698 67737 73087
362 1111 1217 2417 2628 2777 2816 3300 3643 4092 4412 4539 4630 5121 5201 5429 5830 6136 9742 10249 14006 14971 15929 16266 19329 24357 25722 26365 26452 27912 28119 29565 31830 39422 39637 43250 44264 50227 52189 55526 66303 66369 70260 80687
20 235 1291 2331 2710 3013 3277 4272 4434 5754 6233 6330 7251 7558 8656 9111 9490 9938 10078 10792 11004 11834 12265 12874 14831 21801 24369 24952 25957 28843 30655 32092 34857 41746 42013 43752 44075 47286 48814 50753 57759 71576 71649 74232
197 913 1736 2123 2743 3612 3900 5539 5713 6502 6878 9081 9094 9271 9671 10042 10132 10366 10788 11983 15750 16289 16600 17306 18361 19427 21670 21785 23974 27393 28428 28586 28729 31456 32202 35305 40254 45596 46308 46395 48997 50349 73258 129275
317 407 1052 1714 1923 2236 2249 2502 2661 2842 3486 4358 4402 4919 4967 5060 5112 5983 6025 7672 7999 8972 9104 13184 13439 13546 14753 18043 22257 25205 25558 28282 33668 33930 40656 42799 45151 46557 55841 65240 71156 83489 95647 106068
161 465 505 1502 1683 1803 3263 3992 4148 4648 4730 5948 7265 7351 7655 8083 8452 9214 10686 12836 13287 14313 16308 16949 17233 19219 19279 20384 20492 23011 24546 26202 27902 32698 36005 40683 40716 43626 50425 54762 55925 71909 79527 124357
28 152 553 718 2033 2822 2845 3003 3056 3485 3701 3770 5061 5761 7779 9580 13139 15145 15266 16782 19792 21771 22580 24682 25283 26887 27127 29350 29451 29559 30180 30241 30809 32853 34350 34671 38893 41206 42987 46549 46646 49161 56099 107556
1091 1678 1895 2576 2760 4648 4801 4895 6071 6448 6731 7002 7194 7654 10008 10693 11129 11180 11443 15941 16674 17970 19671 20026 22230 22256 22842 23189 23323 23924 27273 27396 28057 29653 33205 35813 37072 38571 40533 44997 54765 69075 87885 91702
566 1562 2118 2748 2806 3178 3367 3702 4100 4304 4832 6326 7957 10074 10821 11626 11638 12389 12563 13911 15954 18554 19560 21076 21621 21934 22006 22318 25034 27308 28054 28815 29356 29515 32115 33704 38101 38952 46731 47120 53066 57268 61644 124625
169 275 449 599 857 1830 1976 2549 5339 5961 6500 6836 7049 7682 7810 9036 9206 9563 9842 10022 11567 11837 12068 12819 14229 15916 16207 19988 23091 23445 26092 26890 31750 34747 34806 41556 44183 45622 70575 72636 73443 73883 76072 78755
143 236 1852 2039 3063 4056 4829 5001 5155 5232 5896 6576 7536 7704 9081 10868 12854 14091 14188 14407 14425 14489 15363 15705 15714 16136 16304 16702 18449 18510 19941 21452 27353 28712 31363 35980 37839 39472 41454 58773 77079 79940 99296 100960
1063 1348 1434 1512 1839 1922 2053 3959 5433 6552 6647 7817 8488 8901 9147 9563 9634 10033 11601 13332 14588 15613 15628 15924 16299 16657 20731 22892 23307 24462 26289 27704 33222 34520 35404 35553 36117 39753 46082 53575 73155 78403 81720 85872
82 408 1962 2783 3301 3735 3939 4045 4276 4310 5703 5776 6022 7246 7315 7912 8869 9461 10644 11926 12275 13977 13999 14000 14285 15536 15925 16596 17474 19450 19913 25478 26580 28321 30351 36469 40745 54693 62968 63890 64441 85120 92540 95356
251 1938 2159 2457 2763 3351 4141 4563 5040 6080 7461 7479 7502 8089 8562 10127 11581 11849 13095 13345 13815 14404 15208 15299 16460 18257 18591 21889 26257 27333 28032 31916 33565 34244 35569 36623 38614 40630 48950 50964 54283 60906 74297 101818
