1000 36 45
226 1940 2450 2637 3356 3452 4701 4946 6370 6652 7247 7524 8032 8689 8753 10091 10429 11062 11539 11998 12435 12721 14389 15953 17008 18672 20214 21076 21472 22647 23042 23526 25828 26811 28150 41599 46067 48331 51241 53787 55471 56416 58725 59641 71363
568 1583 2529 4215 4554 5921 6029 6844 6862 7101 7520 8088 8434 8654 8718 9022 11155 11325 12181 14981 15105 15627 16078 18756 20301 21114 21233 22828 25321 25610 25748 26169 27979 28612 28695 28871 29416 33141 39567 40220 41642 43695 72756 82181 85368
126 274 463 518 530 931 1398 1606 1713 1856 1867 2177 2845 3200 4146 6655 7285 9010 9188 10135 11508 11513 13096 14179 15944 16301 18948 20721 24052 25249 30648 30781 35561 38573 40925 43331 44927 45265 47356 49616 50877 52945 63543 79934 91455
429 475 488 660 1190 2469 3703 4485 5647 6228 6572 7014 7370 7613 8931 9054 9284 11108 11807 13199 14541 14578 14717 14920 15965 16557 16560 18016 18147 19050 20627 21410 21834 27334 30539 32817 41462 46163 46683 50105 57937 60167 65323 75235 105120
786 1064 1637 1743 1970 2603 3178 3581 3889 5190 6060 6562 6667 9377 9527 9713 10768 10892 11438 12948 13625 14062 15964 17332 17703 18052 21122 21582 22039 24308 24865 25133 25495 25544 28831 31223 41135 44140 46903 48019 51938 54423 56320 73225 83434
344 893 1413 2760 2797 3235 3489 3625 3940 5000 5746 7612 7754 8338 9023 10731 12594 13123 13269 13878 14444 14699 15193 15401 18848 19382 21519 22462 23282 23552 26214 26563 26580 27067 27425 30128 31936 41766 42706 51687 52242 58265 58700 78724 81303
675 1049 1435 1707 1910 1940 2826 3175 3244 3335 3791 4808 5271 5871 6435 9494 10162 12582 13009 13037 13062 13624 13969 14240 14360 14592 14657 15534 16175 18232 18699 18710 20302 24968 34929 35912 40118 40178 42695 44850 65429 73279 76730 91095 95086
610 953 1265 1276 1592 2167 3466 3838 4903 5114 6577 7249 7864 8707 9023 10884 12285 12428 13354 13620 15030 15956 16408 16763 17327 18044 18235 19430 19714 19944 20309 25925 28119 31272 31364 32279 38881 39023 45374 53317 54324 56007 56854 68611 82026
636 731 3165 3457 3505 4415 5304 5339 7554 7672 9081 9846 9897 10008 10570 10828 10886 11070 11563 13892 13988 15684 15734 16676 16752 17046 17307 19133 22521 26658 26947 28727 34269 34362 34385 35127 36384 39459 40064 40666 44105 54857 55110 60312 70379
752 1019 2007 2165 2433 2909 3054 3266 3571 4570 4832 5003 6777 7693 9873 9928 13632 14478 16870 17018 18461 18686 19095 19320 21842 22110 23268 23296 26725 27811 28726 30494 33269 34698 36828 37518 37732 37879 38374 40094 43386 47118 47355 49914 78157
296 1523 1586 1645 1782 1874 2200 4114 4251 5458 5804 6869 6945 7731 8352 8415 8704 8870 9279 10354 10464 11554 13778 15166 16338 17217 17666 18168 20972 21465 24433 29269 31478 32348 33233 34602 36909 43403 44307 50277 53321 60112 78700 78749 80724
338 1236 1312 2736 3439 3751 3856 4199 4204 4266 5636 6177 6301 7421 7761 8081 8696 10607 10614 11215 11216 14326 16350 16891 18160 18416 19248 19339 19643 20781 22462 23032 27612 29214 31871 35277 39811 40084 46252 46757 53265 64248 65664 72080 84904
2664 3434 3763 3943 4544 4609 4712 4892 6025 6169 6993 9641 10773 11483 11784 11842 12409 13028 13055 13840 15541 17162 18922 19364 19837 19919 20567 21618 22235 24988 25523 27456 29106 29930 30683 31113 31534 33913 34608 38764 41621 43867 45920 72141 100520
1578 2131 2336 2419 2658 4797 5291 5356 5918 6389 6821 6957 7074 7565 7693 8555 9210 10639 11041 11358 15111 17624 18165 19384 19486 20022 20689 20730 21424 24589 24911 25000 29174 29506 32877 32948 33700 39349 41745 45900 47621 53677 65271 66412 83365
37 316 747 1661 1857 2228 2720 4236 4425 5286 5606 5630 6011 6787 6795 7748 7908 7930 8209 8500 10510 11065 11690 13301 14651 15634 15731 16203 16449 16816 18128 18493 20399 22856 24252 31390 32181 35700 43216 43373 61490 64159 70999 90117 165516
243 1170 1380 2088 2123 2170 2593 2860 3079 3387 3424 3918 5827 6010 6442 6643 7330 7743 9713 10617 10727 11920 11944 12556 16166 16423 18184 18499 20813 25758 25861 26935 30453 31500 31567 34350 35722 39323 46809 48843 52679 60455 79687 80244 104749
2231 2382 2808 2843 3634 3776 3996 4190 5992 7001 7221 7244 7974 8096 8197 8482 8722 8966 12906 13771 14376 14563 16431 16915 16981 17418 18808 18844 21258 25874 28235 31899 32766 34256 38317 38337 39532 40009 41424 41813 44297 50947 56123 64473 84548
1322 2393 2615 3265 3540 5353 5497 5498 6417 6765 7016 7081 8386 8830 9167 10980 11240 12116 12716 13570 13794 14346 14862 18699 19735 19811 21410 22842 23218 23850 25330 26767 27350 29978 31896 32373 33359 35389 36539 40368 42321 49184 57631 82765 83390
263 751 891 2520 3171 3747 4978 5156 5267 5409 5414 6212 6579 7904 8160 8428 8574 8807 9505 11402 11820 11959 13333 13406 17354 18229 20345 20716 25740 25937 26778 28384 29124 31821 33354 36759 38540 41666 43868 49021 50872 53604 62232 62461 84875
192 415 2181 2410 2825 3008 3561 4283 4761 5757 6520 6655 7341 7832 7883 8320 8554 8900 8946 9078 9268 11823 12141 14846 15001 15678 16622 19015 22100 22749 22904 23858 24719 25808 26215 26233 37000 39117 41317 55201 56182 70405 78859 91645 96144
118 463 707 1869 2350 2365 2745 2768 3111 3642 3754 5749 6351 7104 7189 7288 8502 8707 10232 10541 10587 11010 12970 14379 14830 16290 17189 18472 20998 23456 26007 26968 27401 28030 28836 30955 39375 44849 46332 51485 59759 60072 67191 79256 103058
273 1001 1254 2428 2547 2794 3089 3456 4438 4690 4840 5512 6806 7717 7840 8755 9083 11877 13371 16244 16626 16968 17043 17782 18032 18639 18929 19723 21577 22356 24388 27542 28035 28799 31716 32973 33330 35932 41027 47462 52312 57950 70258 76928 92185
652 740 1327 2115 2183 3134 3226 4691 5875 6354 6746 6840 6918 9282 9684 9716 9771 10351 11061 11845 11859 13592 14151 14666 14995 15146 16482 17824 19775 24711 24780 26321 30011 30474 36358 40781 41870 42332 43429 44407 47375 56426 63125 73525 80377
37 829 2128 2475 2522 3141 3251 3405 3768 4070 4491 5128 7061 10258 10375 11724 12244 13756 14164 14377 15175 15294 15882 15991 16000 17090 17633 17868 18055 19993 20560 23104 27335 31131 33975 34340 38900 41938 42419 46354 53070 57175 58324 69215 95656
594 783 903 1503 3082 3329 4887 4969 5491 5939 6246 6482 7367 7466 7565 8062 8326 8721 9836 10837 11502 12086 15841 16477 17860 20608 24061 24290 24893 25076 27414 28300 28419 28754 29041 29144 31758 34398 35682 38937 40604 51144 60101 73767 127426
215 1350 1601 2657 5280 6646 7603 8463 9429 9433 9918 10410 11830 12047 12375 12718 13005 13447 14588 14646 15127 15315 16739 17220 17537 18850 19353 20558 20987 22123 22972 23873 27360 31170 31798 33817 36514 40411 42711 43532 48549 49490 50358 55370 69237
359 843 2603 2771 3443 3928 4379 4410 4446 4943 5939 7336 7417 7580 8232 8373 10192 10490 10491 10951 11976 12501 13350 13455 13727 15645 17393 17442 19731 21535 26798 26837 27076 28907 32429 36306 37015 45107 48694 49905 51368 52266 57120 57979 132839
236 355 1072 1368 1841 1842 1986 2170 2842 3470 3708 4708 6030 6500 6763 7191 7968 9049 9065 9474 11298 11978 13807 15629 17064 17656 18496 19782 21417 21960 22869 24963 26356 33820 38307 38329 38459 39375 46003 48088 48249 58086 79366 83116 92168
192 1169 2074 2198 6118 6146 6680 6805 6968 7852 8005 8174 8242 9539 9960 9963 10675 10827 11645 12087 12402 12985 13483 13534 14440 14553 15162 20943 21065 21366 22237 27092 28208 29436 31418 32427 34239 36698 41184 41622 41688 59784 61395 62980 115070
383 816 833 950 1456 1508 2475 3402 4646 4659 4897 4958 5486 6043 7807 8052 9046 9488 9778 10289 10306 10461 10686 12079 12369 13392 14105 15152 16376 17348 18692 21919 22395 23385 27503 32163 32388 42060 53589 53662 58222 67435 72872 91063 131584
343 479 562 721 913 2195 2831 3409 4392 5838 5967 6310 7554 8632 9450 10178 11356 11679 12086 12735 13312 14662 15199 15294 15740 18042 18884 21916 21958 22319 22597 23664 24706 27229 27337 31643 33801 35557 48611 50397 58270 58852 60670 83884 90526
835 1550 2405 2620 2847 3017 3460 7225 7667 8135 9894 11343 11467 11771 11832 11836 12228 12267 14231 14761 15041 16288 16588 17409 17878 20667 24229 24256 24532 25147 27806 29965 30389 32960 33871 35007 36471 37989 39143 39339 40501 40618 53063 67728 80050
72 469 592 780 962 1288 2283 2553 4486 4502 5442 5475 5642 5738 7637 7931 8837 13388 14610 14913 15755 16377 16578 17890 18109 19753 20495 22045 22259 22631 24267 24765 26836 29518 34972 35327 39037 39300 44475 52391 53786 61259 67279 71413 83223
965 1221 1887 2220 2467 4265 4366 5040 5272 6065 6123 7674 8597 8778 8810 9148 9660 9900 11125 12165 12221 12480 12636 14386 15734 16113 16295 20767 21598 23687 24179 26358 26364 29035 31549 39512 41366 43494 43841 47205 53081 55559 56834 74375 89655
624 1629 1833 2190 2214 2953 3276 4437 4900 5966 6468 6935 8522 8723 9642 9820 10069 10427 10579 10635 10960 11507 12834 13338 14190 19484 19519 19841 20666 25401 26629 26972 28512 29586 29943 34826 40882 43410 43705 45144 46252 48395 50606 90861 97879
456 1547 2028 3301 3347 3350 3467 4893 5461 5499 5569 6890 7305 7773 8843 9204 10190 10506 10666 13196 13205 13578 15214 15951 16502 16546 17623 18048 19262 19831 20798 21026 21233 21588 22666 29436 29451 32534 33148 38226 42491 43803 55206 120462 153673
