1000 16 11
7889 23695 24958 35209 37157 49361 84292 109199 111629 173116 209897
7808 18761 23095 43175 51217 52458 69869 124256 146972 171816 202730
1761 10596 39892 45973 47710 85011 106002 126269 135473 141947 184555
5299 13078 37206 51543 58472 83190 93631 110614 116062 166818 212511
3661 9097 12855 23962 31457 41072 45686 86198 131438 221668 285550
1270 18717 38901 45397 77350 81466 84707 99412 127228 134648 232029
6593 6619 14263 48401 60143 76299 77422 138813 141355 155843 183371
39 107 1832 9021 10953 23077 39433 146056 168949 218065 316660
1186 5410 18617 34822 36226 37484 39692 83368 112258 182940 342895
7490 22323 31072 47104 53696 63312 72206 89237 122749 163889 240668
421 14708 17835 23713 59319 63629 73653 80864 84308 191286 301029
4957 11078 54530 64771 69341 79076 88376 117466 139365 140207 142135
9927 10065 13838 15218 31639 52918 118669 122685 145229 151427 277839
1169 11722 27211 27527 47190 55864 63149 98954 129637 186569 248097
1739 2862 10991 11357 78305 84327 102662 115182 124427 183199 236527
5701 9059 18599 39443 44038 95599 99150 99325 102451 168787 203569
