1000 48 34
906 1134 2751 4922 5401 7923 8915 9478 10145 10881 13236 13925 16132 16518 17132 20938 22755 22817 25256 26072 27064 27358 30363 33456 34463 35612 39741 44199 48088 49089 52091 57564 64860 93707
126 575 846 944 1489 2908 3313 3357 7512 7881 8039 12252 12572 13183 14336 15483 15728 20883 24916 25054 28123 28763 29062 29680 31594 34791 38438 38470 40201 42119 51666 52088 85156 119781
2395 2867 5912 6571 6634 11255 13043 14463 14594 14674 14853 15312 15411 15719 15974 16073 17046 18273 19176 20021 20715 21283 21972 22230 22437 26080 37520 40549 48409 51168 52615 56814 83830 116216
1079 1367 1459 2842 2950 3633 3851 4795 5725 6647 6958 7492 8522 9289 9808 10954 11106 11321 17437 19212 19312 23890 30028 34291 34757 35176 40527 45701 46211 58755 61873 96305 107212 148406
1076 2612 3693 4324 4958 5958 6204 6892 7929 9320 9646 11492 11624 13046 15799 15900 17079 23460 26435 28671 29794 31208 33215 33720 36034 37708 42241 46554 51150 58934 62893 66248 70092 91054
571 1079 1522 2840 3063 4642 5893 7571 8373 9604 11217 12489 12521 14075 15957 16195 21699 22949 25110 25841 26743 29650 29711 32487 33077 34515 35628 39407 43774 48307 49593 54513 73464 94615
864 1788 2177 4970 5076 6453 6810 7656 8310 8663 8853 13451 13898 14207 14804 16155 19377 22087 22099 23190 25626 29819 32593 32692 33228 33571 35165 44077 45847 47439 50865 64455 80711 89665
315 1522 1949 2225 2550 3365 3378 3607 3650 3820 6290 8876 12214 12782 12883 14112 17861 18415 24344 24997 27724 28583 29243 30022 31321 37525 37672 40579 45418 45422 50689 55686 106840 107114
364 2641 4142 4516 4965 5438 5936 6872 8058 9364 9419 9945 10668 10913 15852 24097 24753 25772 26090 27118 28754 30043 31754 31890 33660 38735 40292 47585 52913 54329 56570 64564 76286 117899
39 237 316 873 2632 3514 3952 5181 5583 5692 5814 6381 6762 8711 10301 10849 11539 14766 14766 15576 17093 18022 25454 25986 29046 40530 42807 44789 45063 55191 63302 66994 85287 145026
1315 1416 2096 2278 2862 3625 6236 6335 8422 9915 10692 11929 12978 13139 14299 15129 15425 16820 18352 19240 19730 20915 23189 25535 35488 37445 38134 39840 47841 48260 54184 70212 79013 112635
74 1178 1807 3074 3140 3302 4084 5312 5434 7621 8940 11217 11908 12636 15046 15231 18418 18975 19804 22368 26282 26421 30111 35095 35526 36259 36534 39716 43361 49050 57852 62549 81339 112891
1352 2507 4140 5662 6239 6810 6871 7342 7474 7645 14271 14707 15820 17037 19416 21159 22502 22584 23821 25524 25733 28021 29501 32488 32575 33210 34905 38252 41271 41602 57190 75166 79670 80378
751 2371 2502 2679 2984 7205 8143 8983 10461 10509 12051 12457 12962 14505 14805 14951 15072 16206 17073 17163 18756 24832 26484 31917 32395 33757 35213 50261 57490 59071 68353 70691 72664 76510
1407 1896 2646 3772 4173 4835 7955 11948 13475 13485 14002 14159 16125 16836 17276 17362 18019 19771 20245 20485 22309 24765 31980 34666 36255 37101 40600 45458 46427 47793 51235 58567 83020 97168
666 802 3228 4574 8592 10092 10233 10558 13449 13933 15972 18681 18724 20578 23039 23867 24713 25655 26004 26425 28273 29037 32668 34241 36487 41503 41987 46002 49078 51056 52926 57418 63132 74217
64 849 1715 1782 3136 3255 4595 5693 6676 7911 9131 9528 11393 13452 13758 13870 14535 14595 15139 15617 16998 17542 19438 20060 22584 22937 26942 33813 38695 57195 66922 79674 130058 156047
162 636 2546 3392 3412 3744 4836 5450 6415 7048 11438 13553 14080 14584 15531 16438 18287 18614 19309 24460 24564 26488 29212 31625 35014 36018 37813 40371 41962 50078 55319 65485 70804 189627
1519 1715 2994 3470 3908 5483 5781 10132 10841 11009 11332 13335 13564 15752 16373 16668 17828 18445 27281 28221 29643 29978 30733 31151 33731 34229 36069 36383 38749 47576 51685 57469 73645 85042
1008 1145 2742 2769 3184 3680 4363 4942 6065 7516 7894 9244 9340 9429 15408 21698 23783 27912 29487 30085 31248 32202 34503 35899 39395 41869 43416 45267 47569 53575 58507 59913 65605 69921
1388 2865 3423 5742 5943 8717 9191 9989 11044 11777 12695 14211 14466 15292 15445 15779 15822 16764 17134 17400 20383 21327 21379 22075 22540 45227 48863 53510 56690 63733 64002 69635 94344 96720
531 2288 2695 4480 4981 5062 5346 5519 5878 6239 7967 8416 9788 10028 10165 10659 16327 20470 23888 28165 28913 31723 32149 36219 38736 42861 44002 45837 50538 54808 61569 83422 95181 100923
413 680 2885 3554 3618 3618 3695 4185 5600 5644 5858 6060 7095 8684 9410 10733 13800 17291 19880 20748 21880 24120 24143 26972 32983 33158 33347 39231 43262 46866 80880 88912 95745 149523
390 598 2228 2351 2715 2840 4534 4893 5144 9586 10731 12141 13569 17526 18103 18776 19313 19341 21017 21626 22238 23297 23652 23910 28598 41163 42595 47231 49424 55649 56730 58770 79193 112438
568 3858 6361 6671 7352 8012 8152 8583 8946 9514 11646 13761 15093 17365 19077 20547 21783 23717 24312 25170 25471 26353 28389 28789 32175 33877 35072 49567 56655 63525 64217 68150 69257 74402
1817 1911 2005 2749 3226 4837 5604 11779 11783 12064 12515 12732 14279 21125 21483 22152 22353 23209 25648 25809 26401 27172 28497 28776 35072 36849 40134 41351 41650 54108 54887 61195 62362 92034
2357 3728 5743 5999 7887 8768 8974 9539 11736 11974 12125 15717 16018 17515 17733 18695 19084 19194 20118 22302 22687 24239 27565 32057 33669 34424 34438 36832 41177 46950 55209 62375 70400 74073
233 651 1558 3071 3221 7413 7579 9244 11429 11908 12942 14914 15319 16814 17147 18094 18360 19473 21607 22118 23901 25297 27612 34301 34555 35853 40088 41392 42494 44150 48263 50976 64648 160860
1465 2542 2610 3719 3770 5487 8417 10058 10208 12504 12520 13099 15005 16211 17365 17945 20292 21728 23694 23742 24230 25113 25366 26190 30309 30332 31132 39115 43607 48091 62233 64621 75545 98215
105 349 1079 1244 2824 3841 4777 5334 6385 6408 8056 8527 9403 10201 11511 13833 14980 16665 19380 19723 23319 23761 24298 26249 28876 31970 35273 37514 54654 56248 60704 79556 128388 141660
373 1272 2249 2384 2621 3397 3491 3943 4853 5901 6044 7785 8284 8707 10015 10207 10888 11238 17148 20904 25160 27718 31888 33755 36334 42129 47654 60627 67679 72636 72841 73836 88351 114466
376 947 1339 1619 4451 5882 6471 7269 8047 10745 11498 12890 15084 15361 16167 18964 18974 21360 23428 24924 25662 25766 26840 32127 40559 46241 46856 46970 48607 55976 56646 73256 83391 87422
909 1523 1603 1780 2433 2577 3284 4133 4354 4731 5387 5892 9192 9952 10506 11663 13416 15513 17045 18704 20658 20659 23343 27028 31569 32544 36375 40387 55008 58102 72179 79647 107538 108827
1434 2412 2788 2882 4616 5919 7574 11911 13115 13343 13365 13687 15990 16344 17918 21229 24190 24820 27068 27228 28136 33066 33342 33431 34426 40664 44342 48159 49352 51126 52757 60316 77890 84542
688 885 1082 5422 5804 5848 7442 8739 9657 11543 12453 14563 14882 15544 16004 17226 18452 19291 19891 23378 25419 28166 30168 30726 39943 43632 44878 47014 55711 55841 56858 68839 68963 117346
205 1109 1462 2223 2294 2564 4045 4289 4330 6124 7389 7904 11651 11810 12644 13292 13945 16783 20001 22489 26838 27888 30099 31108 40488 42548 53626 55666 56957 58829 63106 70164 70859 84630
213 825 1358 1702 2215 2399 3901 4212 4469 9221 9931 10127 10451 13910 15526 16410 16840 18605 21704 24641 26304 27959 31274 34347 36203 39668 43586 45185 56382 62651 66802 73229 92862 100573
957 1583 1622 2142 2571 2961 3686 6763 7595 7738 7846 9011 16460 16787 17558 19144 19541 20308 20925 24743 25543 26045 27909 28139 28726 29384 29678 31892 32797 37582 38784 45747 130468 141075
30 139 262 456 770 1054 2492 2566 3659 4456 5272 6155 6267 7084 9585 9783 11949 13000 13421 22104 24563 25279 26353 32760 34088 35440 35980 42454 50823 56391 67266 71113 89523 132300
2671 3993 4504 4627 4805 5638 7661 8173 9100 9192 9404 10634 12773 14742 16335 17989 19075 22717 24940 27545 30789 31813 34412 34669 35854 39867 40720 41193 42376 43116 49384 53250 56351 69079
384 971 2317 3044 3690 4382 5122 5232 7563 7850 7866 10254 11006 12665 14983 15857 16868 18223 19740 21452 25922 28307 33128 33147 33613 35040 41108 44778 46820 54328 55432 62841 72488 120371
155 417 641 918 1132 1234 1734 1840 3260 3340 3906 4603 5144 7922 7969 20215 22019 25029 26263 26706 27848 30481 34173 35195 35296 36547 40366 40771 47862 56381 65246 65743 92931 113492
648 1033 1877 2948 4183 4293 4366 4398 4543 5523 6053 7761 8475 8832 9465 11498 11884 14930 15171 15217 26267 29246 29828 36726 38293 40889 49405 52626 54751 59104 59455 65206 113799 120342
704 1537 1631 1735 2026 2300 3018 3546 5277 7339 8435 11105 13947 15930 18091 19019 23091 23093 26736 27906 31047 35083 37252 37340 37411 42902 49066 49403 51774 56011 68577 75916 76518 77966
1411 1499 1515 2279 3521 5766 6989 7593 9523 9998 11158 12788 12866 13147 13392 13509 13940 15775 21563 21690 25864 26687 26917 30044 30789 32631 33486 42574 54389 56748 62367 76712 79257 122273
176 329 1484 2542 3476 4571 4680 4853 5429 6170 6289 6506 7338 7773 9393 9441 12019 17044 18927 19657 21725 26119 26182 26291 33738 38201 44079 44954 57220 58105 95321 95330 95670 128961
571 1413 1746 2054 4231 4499 5003 5608 5974 6525 7920 8392 9311 11001 12987 13299 16863 17070 17638 18813 19297 21262 27463 27625 29223 32779 34821 40158 42220 45906 51526 55244 97564 146495
260 717 1553 3126 3507 4825 5208 9185 11522 11688 12685 13100 14691 14849 16042 16243 17009 22228 22998 24035 24208 24519 26196 32090 33904 34368 35019 35485 41676 56497 63322 63581 66971 127087
