1000 44 46
973 1422 1509 1583 2084 2126 2402 2499 4482 4561 4682 6059 6776 8597 10059 10893 11069 13092 14029 14273 15298 15703 16701 17006 17791 17842 19810 20284 20488 20566 21718 22669 22786 23725 30312 30795 31027 34063 35473 38052 40240 44710 45233 49299 55276 83558
570 945 1185 1311 1750 1918 2238 3438 4730 4941 5034 7234 7505 8328 8900 9102 9662 10223 10269 10566 12142 12655 14823 14885 15073 16402 16484 20348 20396 21184 22275 23829 27636 29413 32464 33177 34760 39106 39534 39943 45341 51916 52931 58896 67838 85651
59 205 558 1087 1624 1716 1868 2291 2549 2956 5210 5896 6153 6198 6297 6348 7074 7248 8214 9020 9113 11775 13484 13858 14330 16183 17316 17489 20384 20838 20868 22758 23985 25130 27807 30689 31247 31766 34529 35316 42965 51401 57552 79453 88217 95317
132 273 552 2133 2430 3304 3693 4583 5339 5715 5910 6352 8144 8487 8556 8962 9268 9619 9790 10682 12153 12360 12583 14064 15431 15908 20307 22416 23235 23249 23546 23686 23927 25253 27459 27584 29416 33170 33702 37067 37843 42380 47498 55325 56342 120649
706 1101 3370 3738 3943 5074 5246 6100 6924 6967 7534 7784 7947 9893 9923 10150 11321 11861 12015 15171 15448 15995 16156 16285 17107 17590 17924 18216 19469 19724 21651 23696 24553 25020 26326 26588 27071 27502 31407 33756 34468 34966 44622 61254 62529 87954
751 790 1420 2490 2936 3760 4153 4326 4503 4672 4816 4910 5426 5512 5543 5706 6516 6773 7615 7657 7678 9012 9167 9226 10033 10261 10594 10742 11747 13595 15295 19937 20067 23078 24626 26886 30419 36861 37422 40646 50529 60957 72843 81212 82758 118081
1431 1520 1757 4222 4548 5091 5400 5724 5810 6474 7516 7777 7976 8462 8915 9769 10328 11256 12019 12077 12137 12599 12938 13271 14208 14468 18341 18691 20041 20363 21666 22291 22492 23192 24412 26260 26557 27708 33870 34278 40313 53476 63500 73685 73790 74845
394 414 425 978 1900 2522 2749 3054 3431 3626 4221 4291 4714 4901 5906 7374 7595 8808 9414 9432 9562 12003 13471 14173 16441 16841 18944 22198 22520 24027 24333 25162 25366 26965 28296 32709 37116 38664 39670 40853 40876 46845 48935 55568 61525 71461
463 958 1011 1353 1578 1599 2541 3001 5088 5498 6251 7511 7578 8234 8953 9473 11049 11119 11412 12391 13885 14880 15638 15965 17409 18613 20051 21602 23085 25114 25151 25202 28138 30001 30118 30269 33092 35484 36306 40018 40118 41804 45101 49203 51239 53147
68 936 1071 1213 2069 2107 3396 3569 3960 4449 4644 5206 5869 6230 6990 7008 8545 8700 11908 12375 12986 13450 15326 15627 16088 17822 19047 20164 20702 21714 21969 22989 26115 28550 33738 35652 36184 37378 39790 43023 45671 51310 51461 56242 65441 80473
519 759 770 971 1355 1633 1789 2292 3395 3731 4036 4201 4439 5525 5927 6625 7589 8012 9407 10049 11753 12496 12855 13677 16148 16369 17907 18974 20213 22476 25959 27207 27608 29175 29332 31560 32538 35662 39485 40367 51570 52294 55449 58939 59464 81244
22 362 731 781 916 1405 1832 2079 2334 2805 2807 3249 4299 4508 4981 6778 8600 9318 10252 13001 13667 13749 14185 15256 16969 18093 21173 22701 24037 25394 25891 25941 25984 26290 27641 29223 31869 32767 37806 39210 42486 44262 53451 61574 65981 97132
39 641 1408 1685 2151 2253 2916 3202 3210 3663 3795 6425 7837 8771 9370 9876 11902 12214 12436 12698 14963 16409 16508 17644 17768 18213 18991 21199 21534 24148 25191 26386 28522 30650 31559 33949 33957 35641 38543 40459 42440 45189 46663 50409 56306 73859
636 880 1189 1921 2013 2723 2867 2926 2953 3305 3631 3767 4419 5874 8268 8556 8593 9188 9840 11140 11688 12434 12807 13181 13246 17808 19003 20968 22437 23539 24050 24605 25600 25835 28019 28267 29911 30809 31068 31113 33991 35472 40240 45980 64974 155128
445 678 920 1633 2743 3226 3520 3748 4369 4653 4933 5571 7255 7309 7748 8048 8400 9766 10433 11086 11431 11563 11826 12169 13059 13967 14764 17819 17873 17935 18044 26814 27053 29952 30547 31535 34280 35547 35985 45460 46790 48459 52153 59742 94926 95624
262 482 982 1021 1546 2051 2681 3302 3989 3992 4547 4769 5044 6515 6924 7722 8482 8548 9318 10367 10785 11812 12866 13213 14070 15215 15855 16831 18513 21139 22409 23756 24219 24358 24930 27388 33442 34756 35506 36111 37214 40222 42672 76082 77460 100947
107 1188 2198 2256 3148 4057 4309 4688 4942 5208 5827 6132 6161 7097 7182 7453 7494 8454 9171 9414 9919 12853 12888 13043 13482 14769 14773 16953 19536 22036 22134 22223 23176 23544 23666 28247 28403 29687 40051 44510 51040 55652 55825 61378 67470 105162
92 416 973 1238 1737 1765 1870 2598 3110 3208 3773 4659 5516 5847 6793 8245 10115 10208 10929 11095 12268 12558 12624 13510 13523 15724 17158 17949 18531 19555 22497 23280 24221 24719 28482 30563 34676 35187 38023 39807 40460 42273 50349 64629 97741 101595
43 1891 2796 2920 3382 3486 4806 5164 5381 5587 5869 6042 6536 7319 8315 8398 9014 9614 10404 10750 10969 12033 12662 14155 15923 16532 17279 18472 21482 22258 22269 23248 24854 25528 28863 32706 32786 34674 38759 39940 42881 49184 50404 58619 66479 74232
542 688 1503 1554 1704 2370 2984 3526 3633 3796 4165 5421 6145 7044 8112 8229 8409 9468 11302 11583 13355 13661 14311 14629 16069 16135 16732 18404 18540 18659 21566 21962 28147 29853 30016 33340 37777 38309 39530 47104 50002 51861 55463 60813 65456 67646
267 443 839 943 1402 2068 2815 3657 3884 3941 4052 5006 5566 7852 8423 8561 8736 9043 10165 10363 10558 11500 12262 13806 14863 16204 16343 18675 20356 20507 20853 21880 23752 26066 31622 37980 40231 40668 42497 43990 47804 50816 51920 56416 67833 77073
486 932 1445 1446 1930 1970 2806 3609 3992 4087 4467 5278 5508 5670 6568 6588 7576 8947 9056 9230 9361 9747 10121 11366 14273 17631 18039 18108 18884 20126 21099 22877 26307 26416 30617 30650 34236 34454 35686 39715 45944 48073 57270 57841 70947 116126
490 623 651 740 1665 1909 2837 2880 2925 3511 4233 4267 5405 8305 8676 9508 10258 11122 11588 12443 12957 13175 13407 13894 14427 14670 14733 15535 16293 21452 21533 21634 24816 25370 27924 28608 30320 32240 38717 48979 55336 55426 55851 63126 69997 73873
88 208 222 463 574 1954 1996 3470 3484 4615 5088 6293 6763 6792 7396 7708 7864 8963 9569 9573 9789 13373 14478 15912 16453 16807 17023 17461 17716 18439 18619 18673 20970 21901 23998 29202 29703 32382 33199 35815 36048 43952 53368 70559 85024 136472
247 656 1447 1521 1836 4328 4644 4840 5004 5060 5122 5858 6025 6962 6965 7141 7857 7976 7986 8153 8368 10835 11226 11877 12109 12891 13801 13876 14200 15170 15285 17279 23282 24537 27323 28053 32309 38764 42616 44084 51779 62271 63812 67912 75137 92323
231 586 1029 1356 1672 1983 2102 3884 4917 5017 6534 6760 6925 7368 7709 8054 9152 9374 9489 9504 9599 10877 10963 11315 11561 12077 13403 14415 15280 15968 16342 16354 19617 19789 22596 33174 33430 34363 40688 42168 49083 51688 58714 68713 78944 108369
967 1611 1836 2076 2276 2506 2707 4812 5069 5133 6144 6312 6912 7916 8487 9739 10802 11093 11297 12049 12361 12499 12871 12937 13435 14069 15037 17685 18568 18727 20970 21794 23277 27530 30745 31221 31647 34256 36742 44205 45725 52147 56286 70395 75836 85240
732 1002 1324 1692 2194 2853 3011 3118 3460 3630 4109 4673 4955 5875 6400 6533 8348 8977 9652 11544 11603 11640 14867 15464 15579 16044 17232 18966 19039 19749 20788 24040 24212 24266 25034 25121 26464 30965 40866 42095 47362 47844 56301 58442 76059 95122
93 250 507 623 1062 1178 2729 3267 3291 3653 5042 5514 5964 6203 6950 7469 8334 8386 8559 8637 9255 10740 10844 15094 16118 19434 20897 21794 23346 23375 23450 23455 23712 24478 26706 26917 33826 34878 40892 45591 50070 51845 55370 77160 78418 88474
44 613 1811 2456 2908 3285 3618 3755 4374 6302 6682 6692 6825 6964 7615 9552 9730 10978 11060 11185 12095 13159 15246 15525 16054 18500 18563 19772 19920 21439 22005 24853 26136 27898 29564 30388 33175 33186 33550 36627 37467 37978 44758 54172 59826 93826
646 799 935 1451 1534 1763 3339 3830 4122 4685 4750 5427 6114 6621 6746 7700 8062 8811 10059 10527 11199 12305 15858 17431 18937 19217 19367 19463 21478 22347 22809 22970 23062 25088 25217 25487 25941 25991 28341 32294 39197 40802 48780 52251 58701 130092
552 699 1078 1121 1766 1778 1778 2226 2678 2732 3284 3323 3417 3549 4110 4349 5940 6120 7452 7466 7480 7499 8602 9172 9885 10275 11982 13773 13969 16507 22000 23958 24515 27026 29391 35700 38167 39216 39452 49431 53004 53503 54408 68718 74213 97783
74 133 242 964 1131 1233 2005 2046 2973 3437 5228 5585 6031 6206 7409 7813 8044 8622 8963 9582 9816 10092 10154 12281 12668 15070 15996 18026 18043 19748 21021 26022 27059 27060 34918 36056 40030 40460 43218 44528 47612 47966 48156 62538 74814 79067
224 1526 1605 1728 1894 3230 3397 3529 3570 4176 4487 4971 5958 5960 6171 6937 6968 7689 7877 10928 12515 12809 16125 16128 16146 17271 20463 20938 21366 21773 24259 25314 26138 26264 29582 30324 39795 41275 41683 42668 43645 45454 55835 63503 70142 85696
68 100 826 3065 3426 4000 4208 4281 5224 7527 8083 8160 8285 10393 11204 12707 13042 13151 13611 15761 16392 16596 18874 19052 19399 19736 20165 20245 20989 23771 24408 25480 27903 28267 28568 28720 30426 30525 32406 33019 36299 36959 39754 43405 50739 95026
309 1293 1487 1857 2104 2440 2687 2706 3285 3493 3788 3858 4273 6664 8192 9356 9651 10541 11763 12596 13542 14112 14769 15747 16106 16996 17910 18544 20186 20587 22535 24085 25482 27467 30749 31266 31765 32347 32508 48681 50336 51382 52190 55675 58883 62399
831 3222 3395 4637 4834 5015 5389 5653 5906 6945 7299 7622 7708 7928 7936 8141 9046 9061 9161 9214 10423 10472 10582 12290 14575 14821 15086 15919 16164 17210 17950 19841 22764 24254 25777 27466 29580 38226 39916 39975 40636 46424 58387 72901 76507 101635
508 724 924 1356 1426 2292 2966 3057 3362 4930 6063 6378 6429 6633 6857 7182 7316 7331 8765 9266 9379 9631 10023 10633 11350 11483 11904 12825 13726 15789 18144 18187 20532 21263 23218 23484 30382 35930 47463 48346 49189 52774 57766 69344 82849 91513
37 496 885 1432 1528 1569 2125 2933 3587 4004 4701 5430 5730 5910 6367 7047 7097 8765 9312 10672 11629 12762 13108 14013 14528 15690 18437 19569 20725 23299 23528 27833 28211 32450 33727 35779 37439 37981 44815 44968 45438 48367 48542 53433 66659 94302
766 1439 2674 2876 3010 4006 4183 5120 5165 6324 6414 6592 7962 8142 8281 9306 9634 9773 12749 12981 14454 14967 15400 16995 17686 17965 19027 19326 19726 20812 21269 23971 25137 26538 27721 29554 30509 30767 31619 32144 32243 32590 42281 79456 81651 85201
190 935 1696 2517 2869 3009 3139 3990 4270 4476 5006 6355 6595 6996 7110 8022 8656 8666 9225 11803 13634 15784 15902 16320 17272 17695 20061 20166 20610 21296 21929 28329 31985 32763 34246 37270 38569 38798 41226 43654 48781 49085 50137 50524 64658 65814
18 438 885 987 1591 1838 1902 2432 2778 2827 3342 3803 3958 4215 4276 5063 5144 6204 6597 6767 8326 10836 13592 15865 16259 16676 17795 18345 18365 19528 19632 21162 22732 23697 31008 31340 33390 36056 37185 41189 41714 55257 59270 61648 85167 131049
304 926 1138 1925 1956 2417 3105 4014 4106 5052 5473 5691 6178 6404 9496 10059 11047 13251 13395 13790 15163 15707 16375 16529 19018 19688 20621 21614 22302 23014 24673 26261 27220 27687 27861 29804 30925 33832 36618 38515 38916 41406 50262 52095 55898 56173
117 354 1398 2864 3013 3058 3653 4127 5505 6570 7199 7556 7606 8269 9156 10530 10619 11027 11324 11774 12014 13106 13688 14589 14998 15122 17563 17707 18388 18583 18641 20046 20215 20383 20565 22580 24517 33044 46060 48179 51109 57074 59091 66685 81103 89627
