1000 50 37
245 871 1326 2323 2374 2745 6695 8946 9640 10137 11476 11510 13936 14258 14560 14651 15054 16799 18570 19509 24789 27540 28942 29390 29717 31201 32191 34087 34246 34318 42801 48611 56427 56801 70878 71807 139783
2356 3338 3654 4363 5194 5790 6883 7233 7480 7953 8842 12658 13608 13862 13868 15070 16454 17328 17641 28855 29934 32537 32899 33380 34838 36398 37780 40227 43042 43297 44217 51092 53678 55384 58100 69139 81619
44 645 1398 2929 3736 3988 4074 4324 5396 5513 5852 7411 10873 12370 12459 15470 15642 17428 18841 22091 22731 24808 28052 29298 33833 34174 34791 35138 35246 44093 46361 50139 58370 58672 68434 87808 127790
494 913 1865 2843 3062 6735 6846 7373 7835 8337 8378 9708 11677 11786 12893 13435 13649 16794 17349 17580 23563 26738 29477 30444 33763 34580 35231 36196 40189 40634 41215 47547 52130 56221 80268 91647 107668
375 2891 3356 3397 4125 4311 4464 5077 5170 5404 6646 7614 8392 8398 9386 9463 10110 11823 14103 19736 21200 24596 25030 28144 28648 29616 39270 40356 46569 46918 48170 52900 62048 64110 64991 73341 148365
1876 2074 2286 2375 3848 4222 6252 7063 7783 7891 8867 9531 11188 12189 12554 12805 13356 14994 15022 17298 20289 21504 24153 24766 26018 27859 28477 31441 35241 36701 47592 48286 48556 50569 95913 107784 135258
196 632 645 1389 1433 1740 1946 2191 3957 4040 5175 7029 7376 7751 7792 9490 9719 16936 17762 18478 18878 20882 23222 25979 26711 30215 30676 33370 38104 42316 51939 53452 54483 86401 87762 106573 128973
694 2435 2771 2874 2931 3375 3436 4777 5018 5257 6031 7167 8041 10884 14582 14959 14970 17735 20121 23315 23702 24495 24584 25054 26130 26671 28701 31684 36015 37204 47384 63918 66297 68779 84836 99557 107100
319 609 1426 1549 2650 2784 3361 4676 5136 5660 6061 6495 8467 8570 10687 12302 14068 16395 16532 17936 21288 21295 22577 23915 25153 26383 26718 36497 48572 49363 55604 64728 66551 68321 69441 77446 138898
277 1296 1797 2010 3516 4757 4997 5225 5914 7537 7844 7900 8495 8614 9472 19530 20241 20783 21846 24212 27127 27640 28034 29966 30406 32030 35869 38652 41069 48904 53528 57178 58766 62716 66725 76526 84711
1274 1501 1841 2016 2892 4372 4521 4675 5258 5357 6692 8733 9673 10264 10488 11761 13307 15577 16695 21226 21473 26822 31713 31788 34858 36114 36237 42858 45174 45447 46688 56421 56433 62131 75037 77153 106614
251 836 1036 1235 2381 4067 5687 6873 6939 8786 10782 11467 12478 12763 14036 16401 17731 20619 21142 22124 22145 23071 24387 24755 27931 30778 32084 35534 40856 44305 45882 53640 60600 62055 76555 79687 105845
1723 2817 4199 5919 6183 6483 7361 7380 8737 9476 10479 11496 12295 12812 13665 15438 16268 19531 19847 20782 20979 25594 26379 30460 35966 36283 36468 38596 42053 46298 46472 47259 57891 58455 58471 75903 87629
689 1564 1879 1998 2976 3200 3279 3451 4448 5649 5994 7225 7806 10710 11137 11776 12400 14257 15164 16555 18490 19412 19978 26158 35217 35244 39397 40553 45966 54107 55491 56393 58508 68695 69696 83837 117067
820 1204 1921 3283 4963 7074 7182 9007 9565 11497 12131 12644 15659 20400 21880 21925 24406 25058 25536 25635 25729 27767 29998 31195 33941 35010 35831 36802 40517 43101 43554 44099 46232 50847 51852 62751 87697
731 1914 3471 3599 3666 3899 4274 4826 7104 8059 8553 10815 13196 13901 16548 18283 19660 21111 22241 29837 30451 31521 33573 34979 35519 36381 41023 42234 44366 46898 47372 48407 51869 56609 60932 64858 69028
1 1111 1660 2500 2876 3374 4628 4848 5183 6010 6616 8669 10067 10367 11024 13561 17312 18103 18742 18980 26335 27503 30631 30762 31311 32428 33426 44508 45854 46223 51984 55451 60164 70795 72076 72448 83457
250 306 996 5351 6559 7291 8667 10436 10602 10747 12939 15836 15942 17744 17772 18853 20033 20248 21699 21843 23637 24574 26645 28265 31791 32988 35150 35848 36817 37810 37917 41063 59905 61886 64116 70079 88972
39 337 1096 1527 2009 2125 2441 3724 4673 5376 5632 6721 10101 10758 10882 13631 16124 16523 20740 20944 21206 21735 28057 30227 30329 30587 34323 42337 42900 46378 57585 62955 68447 69978 72182 78215 97359
65 786 1345 2245 3374 4392 4809 4963 8089 8106 11354 11601 18567 19478 19953 20647 22325 22402 24378 25304 25899 27962 30173 30887 31769 33863 34193 38782 39542 44047 47383 48328 48488 49824 57991 75693 85641
927 1755 2629 2631 3346 4637 4846 4978 5548 6559 8423 9422 10335 13185 14796 15928 16480 16902 18679 25869 26048 26361 26506 27459 29209 29860 31842 34408 35881 37003 44108 51463 55570 56511 89890 92990 102149
4069 4397 4491 4571 4844 5505 5600 5791 6953 7502 7888 10466 11796 12633 15899 16807 17286 17330 19286 22195 22376 28265 28525 32974 32982 34648 34673 35617 35645 35866 37951 40227 64949 65712 68940 80829 98037
311 2415 3515 4004 5502 5695 5765 7020 7609 9098 9230 9494 9641 10275 10635 11117 13758 13935 14707 17036 17863 19400 19479 21512 24627 29575 30051 30354 37750 39587 46542 50068 52245 60297 67559 67788 197714
942 1729 2828 7718 7771 9009 9149 10912 11037 12070 12251 12902 13428 13709 14116 17257 17889 18978 19596 21172 22638 24403 25816 25974 26372 31649 31782 33709 34968 36770 44639 44948 46628 59997 70937 89321 101835
377 422 534 1517 3172 3483 3756 3818 3885 5355 7931 8622 11550 11618 12209 13133 14649 15966 18102 19746 23132 30358 30995 31295 32259 39332 45838 46114 47403 48406 51524 52403 56795 65223 69101 70418 92433
95 300 354 832 2860 6924 7704 8883 8923 9236 9962 14046 14788 14943 15364 15599 16155 16979 17045 17198 17445 19208 22620 23422 23900 23951 24966 27866 30284 36475 44850 45828 60196 65239 87771 110741 120782
365 710 1111 1567 1988 2506 3005 4454 6305 8678 8822 9983 10204 11409 11589 11946 14846 15905 16084 16218 19028 19916 21512 21514 29196 30667 32743 38388 40464 41903 46925 48090 49399 73030 73105 100208 142241
533 773 1243 1889 2288 2738 3798 4391 4972 9285 9483 9869 10251 13151 14431 14777 15723 20900 22469 23519 24778 25365 25492 27519 28477 28996 30935 31302 36726 39554 42125 44583 57535 61825 66898 80491 148188
2943 4680 4731 5968 6179 7704 8448 9429 10188 10373 10778 10903 11201 12531 12673 15558 16930 17398 17600 20824 21532 21835 23420 23715 25381 28513 30154 31463 33564 42801 43558 45810 56818 57107 81949 83204 121060
590 977 1495 1586 1718 3242 4507 5503 5810 8055 8323 8701 8809 8883 9868 10403 10585 11433 11680 13806 13972 17536 22061 29432 32069 33567 36687 38938 44886 46491 50438 63211 73800 79329 79866 91891 98950
1018 1056 1057 1241 1390 1639 4179 6547 7067 8675 9187 9695 14588 14690 15611 16644 17320 17667 19884 21922 23357 23460 24693 26028 29737 33077 33308 37311 38033 39427 41074 44839 52507 56145 57668 88847 145753
713 2198 2491 2739 3482 4646 5490 7757 7781 7997 8029 8354 9878 12004 12632 15488 18774 18894 19682 19748 20803 23164 26596 29216 29826 32500 33411 34705 36639 40908 41750 51627 52295 53999 69992 70925 153046
223 381 473 3196 3214 3380 3450 6553 7062 7116 8465 12604 13469 16464 18449 19253 20002 21520 22740 23031 25557 26219 27772 32699 32857 34028 35421 36108 36288 43890 48234 53904 54854 62526 63867 64048 102557
254 286 784 4531 4748 5200 5740 5741 6791 8915 9363 11040 11567 11997 12289 13893 15029 19706 19813 20632 22112 24021 26338 26610 33025 36404 37503 41743 43035 43051 43640 53089 60625 62226 69755 79743 98494
109 598 1004 2704 3387 3489 3590 4554 5533 5799 6759 10028 12673 12834 13394 13517 14978 17603 20412 21844 23746 25814 25831 27873 30142 30801 33003 36769 37284 41018 45590 46778 61711 72739 73877 93390 109760
1565 1697 2756 4272 4287 6350 6554 6930 8673 8978 9408 12072 12490 15166 16176 17062 17787 18714 20882 21504 22776 25922 26343 28272 31386 31999 33294 34493 36901 41682 44629 46092 48927 64979 77920 85833 90924
1351 2270 2861 3537 7867 8061 8884 9534 9776 11137 11805 14654 15575 17890 18104 18302 18405 18747 18812 19244 20427 20813 27642 27690 29076 30158 32281 32859 34862 39931 45892 47814 50123 62181 65350 67687 113044
499 832 1814 2286 2669 2881 3620 3785 3886 6246 6947 7598 8296 8711 8846 9056 16485 22933 22942 24897 26237 26391 26785 27446 28143 29077 35054 39135 40979 47094 49544 58851 59565 69204 71925 88862 100301
98 143 2211 2644 3261 4081 6760 7259 7369 7972 8569 9212 10962 11625 11898 16057 16266 16655 17319 18742 19533 21027 25548 26880 27575 29034 32386 32593 38679 38851 39984 44790 45767 85072 85954 96607 122744
55 287 4579 4803 6216 6544 6715 9315 11913 12004 12557 12596 13095 15074 15583 16526 16794 16985 17723 17779 19339 21349 21539 24640 26248 27474 29905 38312 39778 41072 48202 52127 58956 70627 71343 84196 91707
696 1134 1615 2603 3880 4606 4815 5509 5957 6703 8811 8961 9676 10770 11167 11373 12186 12260 12564 13586 14055 18889 24779 25439 25800 26812 34626 36887 39091 40527 40849 59789 64833 65706 79929 101296 134639
190 1510 1833 2134 3300 3673 4564 7019 7432 7508 7781 8207 9398 11036 11099 11476 11944 12740 17954 19247 19699 21216 22278 24883 28621 28709 29785 31532 39025 39431 46346 60281 66342 68796 72841 93566 132803
210 727 2012 3129 4595 4772 5172 6724 7429 7488 9673 10408 11415 13829 15703 19285 20046 20753 22875 23176 23548 31009 31515 33780 35625 36342 38984 41223 44242 44620 46775 50260 51356 56543 64315 64624 83617
80 1027 1094 1541 3674 5381 5451 6883 8473 10884 11367 12917 13706 13935 14708 15762 15937 16232 17233 18987 19278 20940 24517 26000 26443 31639 33747 35979 39446 47949 48341 48451 49627 50585 53220 109085 126526
401 1020 3442 4012 4152 4505 5187 7115 8420 8448 9166 11709 11853 12530 13420 13731 14589 15007 17372 17460 21232 21444 21614 22305 25226 26816 32094 33852 34745 38569 52511 52519 53368 65766 67342 108640 119942
146 753 938 1053 2063 3729 4094 4522 5362 6090 7560 8218 8781 10263 12816 13294 15347 17172 18225 20567 23880 24365 25635 27527 27590 29947 36740 37039 41422 44226 59801 65659 66936 67291 72856 75087 104711
677 1016 3421 3891 4020 4267 4288 5061 5543 5620 7548 7583 9725 10438 12937 14984 15080 15889 18033 20438 20769 25709 26320 28090 29180 36339 36528 42260 43685 44400 49837 50491 52157 58479 68684 97328 104878
43 72 747 1158 1202 2754 4293 4523 5393 5434 6948 7026 7982 11515 11636 12946 13590 13638 14101 17657 19014 21566 23235 24936 27046 27502 31854 39070 39621 46009 62747 63445 65335 67569 69992 95445 114694
1975 2282 2448 2701 3528 4032 4333 4480 4629 4729 5760 10316 15578 17010 17151 21276 23574 24013 24370 25235 25922 26136 28646 28806 29243 30307 30824 34895 34951 40127 46168 47159 59032 61514 67330 85647 87976
1393 1935 2736 3250 4045 4626 5543 6858 8085 8333 8414 10945 11434 12107 13752 15374 17422 20565 21123 21227 22619 23718 25206 28641 30978 34470 39505 39690 41435 44941 50535 51170 54947 55538 76644 83158 87028
