1000 31 35
1164 1426 1920 3317 3581 3629 5043 5938 9245 11462 13314 15251 15923 17008 17304 17563 18595 19519 19830 21143 21930 22497 24106 26067 33077 34000 38731 41521 42950 43610 50718 51201 56340 58507 77756
814 1399 1765 2580 2946 4944 5565 6038 6224 6326 6476 8001 10673 11100 11999 12004 13191 14778 18666 19338 21112 22799 24728 24871 29484 31324 32757 40086 43916 44389 45300 47941 68138 84742 148310
578 1186 2165 2817 4088 4470 6241 6980 7205 7411 7444 8155 8789 10023 11826 12114 14286 14496 15980 16211 16517 19790 20150 21428 23212 23497 36767 53212 55340 57076 57703 64607 66105 86011 93815
377 702 1784 2732 4518 5226 5915 7127 7681 8455 10367 11528 11832 12602 13130 15065 15275 18653 21055 23009 23185 23819 28651 29190 30926 35124 36033 43236 44305 47503 51123 54876 88511 105758 106528
174 977 1876 2762 8011 9509 12267 12635 13824 13988 14861 15484 15718 18072 21525 22037 22777 23516 23928 27659 28636 29786 32004 33192 33952 34416 34938 41742 44797 45235 47317 47725 48129 48740 70322
962 1397 1702 2308 2658 3472 3979 4127 4842 5836 6265 6298 6876 8122 8618 8668 9035 10222 15030 16589 19663 20010 20165 23288 24063 28896 37067 43727 46555 51390 73457 74439 94309 106517 117751
68 482 1060 1554 2631 2648 2822 3345 4180 5425 8059 10274 11444 13266 14409 15666 15764 17552 18484 19522 19526 20261 22307 26328 27614 28519 29891 34428 34690 41870 67729 73438 73612 77340 122514
860 1153 1652 1739 1802 4681 4805 5526 7626 10681 13378 14103 15630 15868 15887 16990 17171 19308 20141 20814 22593 23633 23812 24062 25614 27490 33884 36231 37334 43361 43565 54210 54638 75568 125605
693 1041 1768 1812 2544 3850 5398 6410 6722 9389 9804 10279 10550 12369 13308 13497 13596 15975 16543 22190 23158 23374 25713 28325 30306 31092 32587 35483 36821 47096 48882 51736 52760 90809 169852
1221 1886 1950 2157 6297 6335 6475 6641 8455 9049 9073 9325 11432 12919 13574 14030 14123 15838 16372 18398 20116 20973 26155 27853 28634 28689 38374 38802 41076 41275 58619 58991 72108 72353 129130
124 851 1763 2623 2983 7573 7938 8401 9722 10563 12033 12395 13218 13333 15828 16536 17456 19100 20060 20169 20412 20523 20963 22099 23470 27931 32846 39512 43299 43310 43951 67549 68290 79292 81665
220 870 1119 1696 3050 3382 3870 4060 6932 7978 8101 11188 12448 12520 16050 20300 21447 25615 26463 26506 27836 29454 29502 31145 32566 43205 44941 45308 45543 45552 47036 50432 56016 76087 77514
822 2523 3111 3642 3938 4085 4813 6127 6186 6691 7257 7325 8125 10605 12151 14610 16599 17250 18188 19446 22112 22456 23693 26453 33835 34309 34563 34685 51219 54832 60799 61339 73690 82809 86255
3398 3771 4751 6771 7937 8207 8538 10653 11573 12871 14318 14566 15531 15738 15906 18369 19445 20971 21607 22359 23728 23904 26656 26945 27310 28992 31038 34159 34173 40263 44732 47436 52062 59401 102495
796 1114 1925 1931 1980 3704 3846 4106 4366 5199 6536 8166 9810 11677 11771 19967 20774 21951 23241 28586 28805 28916 32078 32479 35482 35760 41149 41639 41932 46108 57009 64631 67327 68736 82559
1331 3686 4021 5163 6706 7132 7639 10200 12035 12110 12653 13879 14338 15279 18109 20450 20748 21230 21741 22447 22654 23219 23289 23780 25852 26807 33384 37687 40605 43005 43987 48226 53196 54675 96515
108 1293 2762 4668 5043 5555 5850 6883 9296 9616 10074 11141 12555 14206 16637 17852 19625 21858 22489 22551 26709 27821 28823 30875 32010 35836 40275 40905 41884 43563 43808 55764 58114 65050 111937
1737 2005 2191 2766 3065 3134 3279 4697 5147 6492 12490 12742 13670 15991 16344 16821 19623 22095 24230 24281 25292 25935 26875 27500 31512 34217 36667 38437 51292 54550 56491 61345 64077 80545 90436
156 543 779 877 2053 3474 3630 4359 4692 7014 8373 14999 16353 16360 18587 19863 19914 19920 20075 20232 21146 22703 23628 24284 29882 37109 38368 42901 49629 51589 54643 55065 55452 57951 79731
2472 2623 3227 3439 4117 6669 7252 7823 7974 8010 8432 8458 8503 9490 11290 12427 13163 13310 16489 17561 19819 24234 24646 25295 28383 30210 30831 30886 30941 34366 53026 71258 72512 89001 142285
75 989 2495 3341 3390 5119 6443 7185 7328 8845 9176 11085 11275 15399 16098 19467 20212 23107 27818 28948 29949 30725 31242 31904 35745 35869 37196 39343 43888 48375 49313 49736 55777 78090 79451
188 1172 1194 3134 4562 6561 6860 7222 7680 10099 10732 11399 13223 14288 16220 17656 19241 20790 22190 28071 29716 30123 30169 32498 34029 36694 38354 40231 42579 44675 52837 53054 68555 69047 99580
331 863 916 1438 2268 4167 5676 5775 7828 8820 9930 10385 10916 11787 11798 13507 17968 20165 24701 24840 27072 28167 28973 29936 30469 35759 35897 42051 44906 48667 53182 70096 71055 91016 100757
144 1713 3045 3324 3909 4576 5687 5792 6400 7584 9438 10511 10530 11096 15255 16909 17768 18792 19678 19963 22323 23755 25983 26405 26644 27669 38131 43480 46948 48844 54362 54853 63634 74049 100531
707 1471 2750 2762 2826 5921 6095 6913 8101 9881 9960 10525 11941 12472 12790 13579 15224 15643 22946 22998 23532 26672 27210 27963 30472 35113 37253 38117 42897 44345 45390 48640 67999 78399 111748
129 294 426 773 1794 3230 4632 5305 6777 6849 8633 10761 11481 12242 12683 13326 13595 14555 14848 18662 20388 20993 25766 25843 26391 27893 30161 32522 54266 55951 57316 62732 65034 67755 181872
593 605 705 846 4457 5311 6012 7618 7758 12685 12957 13402 14331 15991 16831 19049 20341 21458 23507 24394 24467 27517 28098 29988 31816 35760 37394 38267 38272 38622 40319 50171 52847 79028 136298
1103 1290 1422 1422 2152 2369 4879 6533 8494 9183 10014 10448 11973 14673 15724 16228 19061 19232 20188 20248 23646 24783 24920 24952 25324 34863 37141 42082 44377 44709 48660 57389 60413 92250 114258
2130 2447 2922 3017 3276 3626 4674 5035 7231 7556 10706 12015 12088 13387 14343 14373 15905 16436 18351 19367 20107 20978 23868 26482 27193 29088 37766 41836 43234 44884 54172 62025 63137 80463 100050
183 2056 2627 3464 3653 3966 5025 5459 6975 8108 8283 10936 12619 12857 12880 13101 13238 14147 14699 16791 18256 20296 24505 26344 30677 30728 31537 37814 50650 55674 58753 74428 81170 89130 110753
7 2786 4394 4508 4659 4668 5239 6190 6590 6820 10082 10637 11915 12206 12682 14035 14440 18101 18273 18278 19696 21104 23080 25997 33361 35415 36523 40353 49382 52031 53358 60321 64236 94002 95868
