1000 33 48
782 1157 1594 1930 1977 2087 3718 3832 4025 4850 5020 6145 7075 7131 7583 7904 7940 7999 9528 9672 9772 10519 10771 10812 11215 13278 14350 14824 15811 16319 16621 17397 17958 19100 19876 20342 20435 22184 22258 22582 22620 24614 24904 26483 29553 30819 45813 77386
581 877 916 1139 1248 1540 1616 1663 1762 1823 2896 3244 3805 4044 5700 5788 7270 7349 7868 8199 8283 8299 8912 9153 9391 10203 12184 12869 14416 16892 17233 17833 17879 19028 20964 21637 22169 22532 22716 24367 28340 31042 31724 33821 42430 43392 50893 69057
454 620 852 953 1240 1280 1511 1560 1928 2172 2651 4960 5151 5263 5477 6688 6984 8200 8525 9422 10200 10634 11384 11621 11816 12736 13385 13521 14071 14466 14813 15400 16130 16492 17043 19073 19227 20738 21221 21419 27695 29780 30192 31964 43449 46630 62921 67011
737 1260 1504 1684 2104 2522 2852 2944 2988 3499 3688 3709 5590 5892 5956 6521 6817 7259 7367 7467 8178 8532 8991 9844 11055 11682 12134 12706 13959 14284 14882 14887 18311 18476 19301 19551 20003 20508 27169 29280 29688 30045 35762 36033 57633 62317 67087 69050
192 529 894 990 1203 1308 2239 2374 2539 3650 3906 4521 4775 5737 5766 6602 6897 7298 8467 8558 9771 10032 10916 11198 13514 14207 14539 16165 16478 17106 19013 19090 20447 22706 23684 24988 29200 31491 33147 38406 39184 40594 41338 44937 46666 52963 56704 64661
626 997 1311 1656 1767 2374 3308 3854 4685 4688 4837 4961 5397 6147 6650 6744 7237 7559 8127 8606 8698 9040 9145 10193 10225 10428 10608 10965 11154 11345 11430 12054 12296 13677 15508 18253 19662 20862 28044 32316 32493 34356 48377 50228 50581 54918 60822 69604
441 823 2201 2223 2751 3424 3737 3771 4246 4469 4512 4679 5656 6130 6478 6480 7118 8099 8637 8693 8981 9195 10279 10338 11389 11730 13276 13476 14704 16207 16725 16873 17728 20581 20748 20878 21062 21965 22032 23988 27345 27710 29588 29762 34450 45295 58156 82307
40 503 984 1006 2686 3058 3342 3870 4110 4286 4315 4413 4567 4593 6751 6898 7453 7591 7670 7858 8230 9452 10246 11235 11834 11954 13544 13573 13650 14559 15048 15572 15763 16276 16323 16336 17530 18838 19360 19632 22301 22804 25031 27852 29550 32045 44427 119341
125 562 1233 1557 1810 2265 2361 2671 3185 3605 3607 4473 6279 6554 6612 6649 7709 8332 9613 10316 11142 11481 11488 11812 12818 13928 15112 15193 15564 16241 16490 16660 17328 17357 19176 19785 23544 28903 30310 31612 32147 32304 32885 33160 38566 43321 43799 151812
1309 2137 2328 2346 2720 3411 3455 4042 4234 4254 4278 4724 5239 5363 5518 6019 6307 6728 6772 8046 8691 10082 10588 10706 11551 12628 13664 14922 15762 16397 18174 19730 22097 24320 25311 27039 27507 27627 28056 30250 34349 38049 38213 42666 54448 55440 58036 89150
585 1041 1180 1210 1531 3136 3228 3373 3479 5122 5253 5623 6448 7942 8127 8344 8458 9778 11394 11914 12367 13350 13857 14287 14973 15738 15881 17473 17716 18184 19849 20082 20103 21828 23166 24254 24979 25096 25969 31012 31675 31879 34232 34264 39222 41529 46129 61103
624 643 695 842 1097 2537 3165 3251 3942 4757 4804 5201 5336 5348 5794 6048 6696 6828 6970 8242 8492 8929 9211 9969 10202 10479 12077 12387 13198 14045 14297 15235 15554 15793 16573 16936 18318 18425 20889 22253 25004 26565 27555 37457 44045 54640 56799 62131
536 1412 1469 1504 1666 2008 2292 2624 2803 6489 6501 6930 7254 7378 7586 8358 8504 8589 8599 8737 9055 9545 9826 9933 10035 11152 12313 13229 13471 15316 16266 19210 20654 21357 22862 24908 28340 30652 33145 40191 42788 44871 45161 47448 47524 50001 68192 77666
161 925 1085 1280 1433 1970 2305 2762 3165 3919 4388 5097 5281 5457 5541 6130 6269 6650 6811 7037 8446 8599 8812 8911 9119 9569 9645 11789 13684 13828 13938 14167 15764 16342 16662 16771 18674 22132 22408 22604 22679 27756 29481 29732 34599 64852 66133 66572
318 441 588 610 1474 1725 2154 4109 4370 5059 5208 5437 6276 6387 6800 6816 7384 7658 7808 7875 9090 12114 14104 14232 15601 16785 16912 18652 19834 22178 22474 23796 24068 25260 26569 27886 27943 29326 30957 32046 32414 33187 35853 36275 38406 41233 41962 78439
324 549 554 1448 1690 1870 1961 2135 2235 2364 2796 2913 3368 3497 3801 4117 4241 6102 6702 7550 8913 8942 9038 9730 10252 12329 12336 12496 13418 13598 13753 14450 14497 14675 16066 16084 16210 17082 18430 19221 28228 29389 32040 36084 41076 50140 61495 100135
104 372 1470 1812 2068 2308 3555 4245 5336 5338 5386 5549 5789 5976 7042 7436 7543 8330 8755 9064 9357 9636 9663 10115 11152 11250 11694 12454 13179 13292 13724 13945 15148 16572 21502 22096 23436 24929 26198 27137 33313 35840 37827 44690 45501 51035 61513 87466
130 1497 2060 2256 2287 2303 2620 2685 2876 4330 5503 6408 6487 6983 7166 7778 7869 8564 9514 9639 10368 10485 10509 11217 12011 14302 15623 18308 18653 20139 22669 22834 24270 24586 24918 25305 26035 26903 27960 29037 29406 29997 30998 37205 38995 48493 48964 49437
622 743 992 1267 1593 2592 2606 2752 2772 3780 3793 3885 3991 4108 4132 4140 4702 5233 5268 5648 5808 6240 7736 9130 9238 9631 10249 10641 10929 11078 11904 14091 15393 18141 21379 23456 25059 26058 27314 28078 32216 34056 35557 38550 39837 54229 54231 56816
235 441 838 1143 1360 1628 2381 2495 2633 2691 3497 3867 3959 4086 4123 4203 7589 7739 9058 9115 9491 11606 11706 12460 12688 13059 14482 14712 15377 16297 16409 17222 17997 20341 20719 24611 25247 25661 29418 30566 33139 35085 35967 39379 44344 46108 47609 93940
1709 2282 2780 2950 3910 3923 4556 4620 5382 5399 5569 5666 6104 6163 6525 7227 8207 10170 11095 11164 11839 13823 14031 14518 15319 16269 16951 17400 18789 18995 19742 21426 21930 22222 23522 24179 27018 27186 27925 28271 28660 30460 31054 34734 36968 38825 48848 91059
222 824 1505 1541 1841 2430 2965 3887 4265 4438 4660 4802 4930 4968 5511 6114 6508 6832 7751 8168 8734 9591 11217 11505 12082 13366 13569 13726 15452 16161 17764 19431 20874 21545 21987 22098 22497 22871 22943 25689 27662 29227 30385 40307 46668 53921 56757 106755
5 958 1265 1838 2516 3361 3784 3913 3980 4054 4426 4925 5031 6221 8543 8886 8932 9706 10099 11472 11687 11716 12920 13357 13739 15796 16266 16306 16815 16895 16939 16940 17565 17837 18505 19708 20331 21537 22864 28225 29768 32561 32602 34534 36788 36817 38300 65449
1242 1381 2221 2809 2893 3064 3532 3642 4331 5215 5377 5967 6109 7053 7396 8017 8721 9447 10333 10356 10765 12171 12678 12968 13452 13573 14002 14363 15019 17234 21486 22879 23082 25835 29073 30696 30918 31340 31504 32066 34293 35145 37602 39818 46642 47374 50734 72692
422 821 1196 1201 1500 1585 1775 3005 3280 4394 4778 5297 6018 6303 7112 7114 7574 7654 7864 8786 8851 9160 9468 9592 9857 10031 11001 11303 11324 12227 12547 13521 15347 16748 18347 18962 20023 20899 21767 22038 25303 27048 27095 33765 37642 38496 74074 89640
98 996 1085 1228 1397 1646 1919 2442 2479 2724 3102 3397 3705 4454 4698 4785 7428 7504 8660 8955 9194 9235 9917 11174 11404 11832 12338 12762 16989 21710 24141 24294 24576 24676 25366 26157 26160 28628 34631 37521 37946 41347 42703 43823 43854 51690 51979 73315
155 157 164 564 830 1190 1288 2158 2392 2712 4369 4424 4577 4821 6278 6346 6824 7207 7215 7464 7903 8024 8332 8601 8656 9110 9232 9320 9648 9923 10325 11177 12881 13092 15537 18311 21489 22817 25480 27487 31802 33157 34521 48027 61942 68521 69255 84162
1246 1269 1441 1794 2628 3125 4192 4761 4808 5366 6077 7021 7275 7673 8019 8210 8310 8337 8659 8838 10189 11042 11049 11655 11936 11960 13180 15152 15288 15740 18128 18129 18334 20684 20783 21364 22261 23733 23919 24591 27755 31678 32150 36705 38399 39437 64273 71426
1183 1465 2692 2868 3034 3087 3983 4991 5428 5491 5618 5654 6338 7147 7426 7619 8023 8861 9538 10109 10620 11371 12610 13789 15092 15405 16898 18157 18196 19336 19463 20280 21179 22751 23132 23424 28563 29696 36166 39109 39493 39681 40432 43878 44260 45243 49128 62300
31 433 631 1442 1824 2162 2249 2939 3643 3825 5143 5211 5561 5845 5846 6203 7163 7656 7804 7830 8435 9018 9183 10785 11588 12038 13245 13653 13960 14142 17144 18076 19605 20352 20692 23920 25789 26170 26475 26521 27240 27740 32175 39942 46507 57345 59277 91684
1039 1321 2068 2138 2176 3044 3176 3420 4622 4976 5219 6289 7109 8339 8492 8564 8788 9301 9489 9579 9886 10287 10567 10644 10850 10887 11178 11727 12414 12735 14478 15567 16396 18922 20317 22415 23857 24113 24232 24312 24417 27851 33700 36855 43632 44133 48636 48815
572 646 747 2268 2749 2811 3376 4004 4010 4373 5002 5261 6307 7686 8536 8849 8851 8862 9361 9562 11315 12515 12679 13029 13719 15678 16252 18767 19487 19759 19983 20328 20371 20654 20808 22596 25389 26335 28996 29613 30892 32083 34721 38952 39017 48463 50411 55196
46 81 366 807 1275 1625 3555 3684 3823 4397 4747 4797 7319 7445 8059 8506 9088 9683 9906 11005 11050 11727 13322 14673 15071 15867 15985 16055 17315 18306 18321 18461 18806 18941 19449 20085 23167 23723 27041 28842 29223 36436 36466 36756 38623 45990 49502 76373
