1000 36 12
16405 25663 28619 30527 35256 38745 69156 89073 106686 140449 162792 244154
11570 15707 27689 29691 32657 41158 56118 90259 116948 141177 177782 239397
3932 26890 31921 32139 40704 67026 70661 76735 77525 154539 195092 203750
9427 13331 24879 32235 52287 60084 60169 81183 104671 133125 192810 227253
3422 22177 25342 29916 34313 51567 67418 87656 103389 153001 182369 230905
2093 3302 32475 33057 44667 90526 91347 101226 107015 115955 177009 183905
18365 26674 33291 47423 48143 48915 51464 72238 77019 102236 213257 248744
18900 32298 35653 49660 53463 55937 57791 71366 72613 97677 192563 239399
862 10224 16622 25422 48995 58495 72057 90243 107115 122626 138985 291977
7636 16600 21435 35831 42064 45925 69000 86032 88151 115696 207422 245962
1732 13039 21841 24377 33911 42462 70784 77448 155509 167881 183729 191866
204 1510 3145 4215 11112 58074 64048 69909 110923 144416 221406 291630
11927 13656 36564 38821 39213 49464 60338 68532 111504 161153 187047 201119
5881 21808 31455 42779 56178 67949 81390 98696 114007 124631 143865 192182
17579 18650 20500 27919 51177 58615 86762 91956 102058 132603 167575 204269
10962 15913 39621 48649 70562 70707 83939 110477 115928 129808 142581 150723
4291 10827 30404 40934 43684 53877 60825 97446 106855 145205 148662 242300
1953 19861 21383 32362 34070 41417 43447 83849 105166 153693 219667 223885
41288 43755 47140 57703 69360 83500 98372 101006 102351 103469 105079 137838
2025 16013 20046 23352 40804 44538 59834 62330 89069 154322 189031 278512
14115 18937 23975 27188 36362 39373 64748 74866 111956 163503 184400 217453
1279 9001 37366 39594 41705 46609 55975 59201 119769 127179 161551 287644
62 14627 19375 23903 28856 40749 46867 78857 93388 135408 195204 313863
35819 37476 37817 45602 47192 62472 70308 81676 114146 132391 148183 172379
669 3300 23953 31749 51326 66607 101268 104656 106261 113849 183657 203964
49 2622 3516 13393 23166 28677 30236 39651 56467 186417 201903 391614
4823 24090 25367 27787 30048 30134 31475 52038 60365 141925 199424 353161
18083 19122 24336 24532 37777 51975 69879 83626 83877 147128 200442 223028
1843 6069 13698 24593 25028 64779 83754 87517 95221 142352 172308 261373
8801 15174 21552 22898 23635 34831 50957 57417 108122 126811 175735 335584
1609 6011 8856 15500 35165 36701 54617 84223 108369 169424 230720 235659
4129 9298 19017 27516 51427 58719 65013 101453 113335 121158 194194 211312
4109 7053 12671 41524 44004 64646 68759 75767 80370 85744 227623 268732
16372 27960 28048 29100 33572 48660 71507 85745 102853 166750 169585 200254
4556 14935 20687 33911 34465 50903 52843 58181 63754 84060 107218 463388
9247 11144 11267 13338 36677 40321 47480 89281 130702 152527 173643 269228
