1000 26 16
3385 3540 4849 25223 26331 28766 29257 33146 35800 38355 55416 69706 109003 121606 134396 146436
882 13656 17134 17334 17880 21971 33849 34164 38421 40436 41719 83216 96737 115923 138037 225358
13871 17369 19279 19854 23863 25045 29243 30597 31554 37276 37363 45822 47785 121789 130388 201035
5174 6330 7662 9461 16101 25101 26354 30709 48590 64847 73594 76943 102759 108194 108920 133770
1856 4772 8305 8558 9952 12022 15338 27712 57915 58771 59635 76080 107393 119799 126748 129133
2824 3600 8373 13485 20338 25741 27636 37606 50920 58578 65782 69986 96779 103902 118476 185590
3018 3055 7131 16435 17072 20579 22590 25812 34095 54274 55590 72335 114674 118471 145328 199469
583 9344 10122 23707 24553 27685 33760 37826 58806 60465 69323 74883 80910 84234 143241 144070
6672 6852 13264 13474 17625 24109 40381 41839 43301 51766 52595 57821 82877 125935 132416 154070
1588 3960 11220 23613 25183 35050 54003 54372 57468 60733 77732 78687 87993 94720 99247 115328
3069 4658 6427 19311 23501 32668 33005 40545 42711 46786 53520 62221 68805 93075 153069 156146
1694 3412 12167 17054 21385 29220 38913 45426 48366 59259 80298 81063 83916 88680 109613 120896
3297 5711 7955 17171 20647 22771 24553 26072 36226 54786 56436 69964 85557 93481 164562 169932
1682 6532 11403 14658 26029 30191 34184 43452 43549 44391 49705 55439 67073 119223 132049 181614
922 5622 7691 14275 17686 22032 31340 32429 39658 40805 60159 64091 82263 117096 127545 247009
5308 9794 11232 22074 22593 23470 25207 34019 36678 43712 50351 51434 62907 99151 133315 216165
3743 4222 9341 10344 13355 15776 44201 44258 52957 59501 59822 75794 86920 92521 148298 154619
17601 18675 24673 29068 29977 32032 36317 65101 69632 70204 70747 85312 86097 90937 96761 97969
7938 8176 9929 12204 13769 26652 28336 38236 38650 43025 69660 71077 86961 95908 106420 213458
1844 6656 16119 18928 24279 24908 31054 33000 34813 37870 42540 48617 55308 73341 79227 300225
579 4106 6482 11001 12863 14529 17357 28422 35125 61177 62933 70139 74033 95697 157616 210437
6121 12334 12940 16925 17196 22433 25603 29543 46770 49752 61758 77505 88908 100741 100912 249808
3704 7858 9611 18438 24660 27400 27457 27471 34302 39298 41293 59454 107251 130888 179737 197158
2038 6324 8958 12591 18605 22712 37037 39624 41910 55692 59119 91166 93301 101981 111132 161490
303 1744 24866 24937 28001 32134 34970 39725 44360 50018 67462 68821 76960 102885 106858 122840
3334 15170 18940 18971 20745 25840 28572 31287 33286 47537 47734 58273 71367 81841 134357 280825
