1000 41 47
499 705 714 1451 1572 2204 2703 3178 3798 3806 4448 5228 5286 6129 6250 6515 8043 8442 8584 8963 10649 14068 14174 14635 15472 15558 16425 17270 17531 22296 22722 23042 24740 25172 25440 26279 31894 32129 36376 37329 39549 48885 49118 54344 55544 85672 90898
131 405 457 1443 1573 1655 1793 1938 4047 4192 4513 5103 5182 6536 8613 8722 8813 10252 10256 10297 13537 14175 14698 14946 15788 16293 16913 18241 19981 22088 22263 22963 27016 29492 29939 30540 31547 31736 32658 34243 34263 45419 47340 49984 54006 79693 89633
191 473 1187 2313 2978 3043 3922 3945 4396 4768 4837 5164 5706 6470 6671 6891 7465 7646 8464 9320 9796 10440 10749 10989 11499 12574 13476 13625 14409 15033 16979 17294 17352 18407 18508 23212 23569 25038 27841 30194 35202 35331 41247 47186 47837 123700 168883
561 811 1939 1981 2587 2753 3417 3463 4186 4196 5158 5493 5759 6221 7073 9204 10662 10909 11034 12852 13086 13490 13557 13797 13900 16063 19872 20413 20544 21645 22706 23733 25601 25608 26211 26643 28329 33060 34076 34137 36991 38396 40764 52150 55339 72980 75647
107 792 902 1034 1265 2345 2380 2487 2861 4269 4665 4682 5689 5855 6032 6948 7819 8148 8321 8447 8569 8975 9710 9887 10712 11222 14789 16767 17606 17971 19067 19132 19319 21923 24251 28602 29655 30331 30478 34072 38713 46725 54416 62587 73832 82316 87954
708 1272 1508 1772 2092 2545 2636 3615 3806 4191 4313 5594 6858 7057 7102 7198 7319 8381 8812 8927 9657 10406 10672 10883 11677 12121 14027 15971 18800 20675 21392 21500 22117 22443 22471 22481 28320 28679 31671 32382 38885 46061 49368 56567 58402 73016 77503
100 1396 1913 3005 3076 3111 3125 4367 5011 7133 7255 7399 8041 8726 9261 9836 10777 11033 11051 11376 11902 12132 14895 15782 16317 16597 17552 18754 19555 23699 24563 26585 26819 27686 29337 30188 31444 35052 35067 35650 37974 38148 45421 47317 55117 58630 63090
747 793 964 1084 1589 2151 2504 2942 2961 3097 3525 4051 4659 5176 5353 5358 5543 5689 5824 6320 10180 11457 12917 12993 14581 14841 15540 15632 15970 17058 18144 20990 22300 25369 26857 29897 32703 36093 38226 38500 43066 46356 47093 49230 62824 68643 77259
1266 1793 2261 2458 3415 3993 4560 4807 5767 5829 5969 7199 7897 8250 8560 8605 8725 9798 11143 12621 13157 13456 14268 14587 15687 17071 17082 17523 18755 18763 20227 20750 20994 22612 22691 23803 26960 32074 40583 41686 44623 46374 46413 49076 55004 65472 71471
684 1145 2314 2333 2357 2785 3711 4245 5347 5362 6059 6570 6601 7501 7609 8115 8213 9173 9315 10404 13302 13870 14233 15091 15583 19212 19375 20502 21640 25635 25798 28548 29225 29282 29630 30812 31648 32945 33639 34022 38132 39281 40100 47485 51399 52076 62790
111 674 1840 3369 4327 4387 4896 5387 5434 5568 5594 6365 6386 6988 7082 7855 9369 9752 10554 11385 13103 14076 15667 16169 16540 16615 17024 17549 17751 20011 20751 20969 21230 21305 23377 25054 29556 31917 31956 36954 37290 40239 48068 50343 65810 69656 72713
977 1547 2088 3085 3229 4175 5377 6171 6743 7078 7187 7654 8236 8505 8927 10140 10466 10603 10692 10908 12181 13830 14233 14511 14516 15435 16282 16462 18016 18018 18669 19022 19175 19586 19874 21296 23427 24426 24605 26780 32335 34543 49046 50824 58058 79658 80768
219 688 1356 1880 2108 2911 3587 3617 4037 4386 5961 6048 6229 7950 8053 8536 9052 9489 9989 11120 11897 11944 13413 15868 15953 17511 17706 18139 19750 21847 22815 23312 23371 24347 25295 27729 31163 36144 36811 37167 39950 41536 43631 44929 48347 56979 68700
234 1022 1814 3283 4287 4534 4627 5303 5346 6876 7018 7753 7784 8112 8222 8314 9061 10317 10476 10531 10576 10791 13042 13349 14743 15881 16421 17796 17928 18088 19261 20264 21972 22428 23988 26475 28769 29408 35333 41983 45680 45688 47308 48789 49269 60097 80630
22 158 401 1559 1709 2203 2290 2363 2437 2500 2559 2879 3215 3235 3855 5035 5442 8206 8928 9099 10022 10126 11021 11952 13287 14106 14438 14635 16688 18669 20085 22820 26752 28064 29869 30582 30746 31623 33896 50204 53931 56194 56771 57189 71112 73626 74428
101 469 820 840 1163 1580 1869 2249 2493 3175 4557 5102 6345 6867 6938 7520 8390 8591 8680 9221 10034 10890 11567 12203 12789 14001 14509 14560 14587 14919 17171 18470 18924 19476 21253 22605 28353 33873 34567 40354 47586 51747 54600 55194 57039 73160 76829
14 112 457 889 894 1303 2126 3081 3624 3670 4104 4495 4603 4642 4781 4875 5106 5580 6812 7652 8651 11558 12242 13190 13646 15258 16140 18438 19673 20818 21461 21932 22356 28539 29795 31010 33193 34231 34607 40956 46408 46946 47283 47439 69116 73286 80258
126 306 698 737 969 1277 3534 3601 4410 4480 4562 6023 6713 7009 8290 8786 9023 9284 9929 10046 10323 11197 11590 12250 13917 14168 14281 16083 17261 18273 20782 22124 22402 23162 23259 23480 25549 27312 29524 29557 38745 44088 55719 61812 64218 93453 111740
1298 1667 1781 1788 1976 2066 2509 2968 3153 3912 4005 5069 5530 5961 6693 6821 7039 8545 8617 8925 9447 9536 11089 11368 12293 12770 12796 13881 13913 14263 14837 15881 17123 17295 21795 24411 25354 28716 35693 37775 39687 42024 44188 46844 50124 92861 117326
1352 1738 1941 2081 2679 3124 3463 4021 4192 4330 6219 7378 8523 8826 9029 9550 9752 9920 12101 12619 13802 14228 14291 15220 16019 17158 17419 18062 18183 18951 19174 19179 19331 19376 24456 25617 25970 27208 30108 35993 40434 40842 46614 58867 68241 72102 76290
567 1673 1678 2309 2430 3456 3569 3948 4072 4264 4336 4356 4537 5915 5964 6622 7842 8405 9423 9969 11082 13704 13953 14543 17505 20536 20763 21408 21493 21802 21885 22195 22525 22947 24666 27255 30980 31338 31542 33200 33643 42147 43651 50113 53035 59203 102618
168 467 899 1180 1536 1536 3044 3248 3386 3446 4280 4818 5765 5964 6294 6586 8117 9029 9461 10001 10571 11905 13513 14161 16421 17840 17903 18380 19045 19868 20008 20743 21244 24828 28129 29189 30451 33099 35427 37424 37709 40052 43024 54008 55073 61680 86813
109 1066 1150 1196 1235 2066 4966 5491 5881 6238 6932 8773 9142 9328 9789 10539 10729 11946 12363 12460 12566 13865 14480 14636 16747 17372 18840 18872 19585 19938 20860 21056 22752 22950 23644 24265 25888 27653 28073 32281 32803 33353 38464 42841 58379 83739 106132
104 152 523 1131 1428 1627 2612 2859 2912 2943 2968 3136 4147 4699 6126 7289 8739 10472 11636 11657 14034 14266 14326 14802 14863 16311 17804 18957 19401 21077 22219 24898 26490 26872 27897 32391 32806 35447 35707 38264 39153 40181 41612 57491 64069 65340 84030
23 480 558 1304 2494 2587 2723 3959 4023 4481 4573 4783 6153 6548 7792 8094 8344 8669 9045 9516 9799 9913 10544 11397 11518 15412 15562 16054 16457 18236 21263 23131 24456 28036 29395 31561 34012 34560 37023 39714 45240 47839 49416 53516 56629 57364 72585
269 782 980 1139 1565 3866 4375 4869 5236 6095 6505 7795 8913 8985 9383 9422 9781 9784 10864 10924 12086 12426 12606 14285 14715 16661 17120 17766 18034 18653 19728 20829 23687 24348 25315 27636 29102 30947 32214 37529 41612 42143 43297 46477 52494 59197 102998
57 338 359 955 1640 2165 2264 2906 5151 5191 5866 6146 9733 10230 11052 11569 12210 12333 12935 12991 14096 14945 15045 15755 16736 17309 17915 19219 19824 20757 21589 22588 24238 24447 24545 26406 28906 31592 31905 33557 38069 38342 40538 41045 46806 65670 68138
107 134 859 940 2140 2144 3030 3676 3728 5194 5417 5948 6629 6694 7883 8291 8812 9751 10547 12322 13198 13770 16049 16484 16767 16773 17877 19201 19477 19574 20884 21891 22724 23222 28319 30000 30071 32597 34470 36128 37644 40602 42968 48886 50263 57514 60389
1909 2471 2767 3258 3265 4070 4587 5466 5653 5668 6466 7443 8373 10054 10759 11171 11494 12363 12466 12575 12747 14514 15659 16561 19106 20519 20627 20981 21587 22761 22776 24086 24522 26089 28314 29470 32793 33075 35406 35728 37834 38465 39720 39972 41297 60187 79126
615 977 1713 1760 1934 2713 3045 3488 3682 5244 5300 5597 5701 5735 5795 5800 6681 6728 7343 8328 8629 9027 9145 11331 11348 11363 13040 15316 16716 16781 18164 18966 20975 23676 24352 24399 28235 30304 32245 35963 36183 54179 64779 70821 71426 78265 93164
715 2295 2549 2585 3816 3880 4097 4157 4495 5039 5290 5700 7176 9258 9288 10408 10930 11886 12252 12275 13616 13724 14096 15900 16101 16505 17061 18851 19757 23323 24469 26506 26648 27120 27694 27767 28775 30373 30487 31156 35699 39354 40910 41559 42052 42665 64999
7 2303 2345 3236 3278 3473 3480 3702 4287 4390 5671 5721 6322 6722 7255 7795 9397 9905 10154 10467 10851 11615 11788 12333 14060 14147 14669 18221 19029 19145 19233 21385 22332 23061 26233 27600 27841 31230 36514 36685 38518 40741 41372 41878 57477 59471 113807
52 125 1244 2046 2805 3112 3489 4201 4263 4664 6188 8027 8647 9042 9180 9633 9673 9683 10166 10167 10914 11425 12063 13274 13451 14852 15269 15807 22158 22470 24339 24482 24855 26594 28532 30366 34312 35335 37132 38102 38723 39882 40636 44216 49948 62558 75165
388 1533 1541 1743 2037 2069 2141 2553 2721 3313 3587 3734 3873 4014 4116 5632 7037 7088 7380 8072 8625 8887 9018 10643 11520 12713 13342 13925 14405 16412 17103 19653 20270 20629 27857 30427 30692 34054 34171 34346 34773 38826 45359 60447 65471 120242 130454
354 711 1009 1048 1925 2197 2308 2310 2402 3259 3620 3793 4973 5702 5890 6338 6572 6677 6749 7990 10708 11421 12341 13884 14691 15281 17906 19370 19428 21760 22643 23928 25000 25509 27219 27557 30005 33002 34807 35136 37696 40797 48688 50470 54041 58576 92782
307 748 785 1154 1197 1485 1534 2329 2369 2942 2959 3102 3546 3835 4865 5231 5382 5392 5421 7386 7714 9275 10318 12345 12846 13127 14407 15864 16117 16449 17817 17913 26916 28085 28854 31557 34021 34684 36145 44686 48711 48923 53208 56101 56696 66683 73790
485 491 2383 2563 3750 4186 4454 4892 5471 6015 6490 6794 6824 6982 7085 7230 7288 7888 8568 8786 9408 11296 12507 15330 15435 17471 17716 17899 18059 18776 19483 20270 24064 24910 26063 30713 33407 34325 35709 36798 40839 41745 41953 55588 56521 71753 74617
1 615 975 1835 3317 3512 3598 3925 4167 4172 4667 5077 5085 5806 6422 7418 7605 7612 8756 8873 10072 10515 10632 10932 12734 12989 19787 20244 20620 21886 23339 25617 28710 32205 33533 35527 36981 37265 39199 39504 42017 42388 42445 43360 54352 57993 101071
565 1512 1903 2449 2940 3191 3359 4141 4265 4303 4587 4747 4833 4880 5132 5878 5973 6000 7558 9762 9855 10030 11867 12465 12518 12801 13778 16116 16680 17157 19134 21201 23730 24327 25559 28217 28723 31754 31867 32951 37969 39305 45859 55829 59265 75665 153369
492 563 823 2400 2895 3059 3716 4301 5138 5362 7003 7445 7631 7907 8170 8269 8397 8463 8880 9022 11546 11707 12975 14571 14842 15481 15514 15835 16263 16501 18020 18580 22153 22682 24954 27017 28319 29740 35923 37880 41178 44034 45214 47554 50583 79351 80470
1501 1749 2875 3997 4049 4207 5368 5526 7271 8380 8419 8514 9096 9519 9627 9681 9966 10486 12535 17034 17285 17616 17625 18158 18861 18939 19205 20136 20539 20935 21184 22127 24285 24588 25042 25337 25359 27443 28151 28584 30618 35754 48600 50372 50518 55044 63190
