1000 19 49
271 284 1080 1222 1686 1978 2689 2956 3205 3450 4044 5630 5910 6086 6411 6859 6944 7162 8261 8803 9905 10060 10388 10698 12011 12201 13613 14253 15969 18790 19726 21962 22044 22092 22355 24172 24472 25422 27311 32795 34798 37137 37721 51055 53445 59667 68701 70178 99431
134 330 1171 1821 2297 2308 2881 3445 3481 3955 4565 6196 6332 6404 6451 6630 6819 7853 7972 8645 8830 10125 10998 12281 12466 12873 13445 13879 17769 18992 19569 20508 20848 21123 23659 23980 25918 26440 27361 32281 34454 40467 48553 48777 52167 60324 66813 72220 72392
295 869 1401 1404 2263 2349 2422 3194 3310 3567 3570 3805 3886 3957 4866 5227 7117 7598 7783 10493 11958 12456 13566 14049 14308 14335 14389 15063 15324 16291 19212 20218 20811 20955 24665 25130 26004 28912 33101 35576 35654 38013 42123 47442 48734 53591 64261 74844 83924
183 973 1420 1952 2003 2527 2704 4842 4856 5024 5578 5919 8178 8295 8597 8978 10345 10582 12249 12490 12925 13184 13319 13673 13903 14580 14890 16411 17095 17417 17917 19019 19194 19363 21748 25299 29343 30420 30900 32786 38722 40381 42434 44660 45267 45564 48445 50392 93235
638 659 889 1091 1616 1895 2413 2947 3160 4165 5261 5339 6066 6698 8217 9167 10297 10555 10620 10763 12700 12981 13002 13123 13602 14024 14172 14587 16448 16762 20349 21816 22055 23004 26747 27487 29079 29282 30139 31504 31792 32125 32374 32570 38637 44685 53720 81001 100125
660 717 978 1112 1667 1760 1872 2460 3175 3918 5846 6239 6526 6744 6853 6931 7217 7989 9650 10651 11207 12287 12490 13727 17442 18153 18982 19510 20948 21341 22850 24527 24564 25848 25991 27093 27253 28405 29020 29520 31169 34975 38656 41341 42067 45699 55779 80745 83763
25 170 323 626 1038 1913 1947 2368 3673 4329 4361 5120 5906 6325 6583 6968 7407 7639 7726 9152 10502 10860 11050 12126 12514 15898 16045 17187 17672 18784 20685 22640 23637 23761 23863 24754 26960 29607 29772 32074 32697 32905 39434 42537 50507 54102 62802 86056 92452
1113 1418 1601 1727 1728 2240 2332 2779 3327 3522 4138 4872 5686 5882 5933 6078 6167 7990 8425 8747 10370 11115 12191 12500 12788 15343 15441 15926 19898 20356 20694 20826 21216 21737 22360 25052 28101 28476 29572 29931 30041 30837 31949 35041 41810 62622 66217 82115 115560
525 732 2197 2365 2430 2618 2893 3351 3755 3884 4393 5110 5281 5479 5701 7344 7565 7720 7850 8134 8874 9734 11013 11094 11278 11331 11347 12173 12897 15755 16790 17779 19032 19330 20610 22696 26722 28361 31521 34107 35295 40472 40659 48178 53276 58256 64602 64775 124292
944 1047 1716 2055 2081 2505 2521 2645 2762 4008 4580 5747 5806 7425 7897 7974 8129 8928 10269 10441 11869 12040 12916 13278 13355 14229 14526 17440 17803 18318 18775 18875 19108 19291 19739 20441 22531 25677 27283 29683 29908 33465 36387 37681 39344 56518 64761 67342 131477
1306 1527 1673 2032 2083 2691 3795 5178 5293 5394 5596 6021 6378 6672 7903 8013 8224 8734 9213 11418 11952 12349 12644 12999 13466 14901 15328 15507 15780 15832 17355 20084 22305 22828 23730 25687 25734 27101 28815 29766 33359 33656 33896 40156 40970 42444 63831 72878 125459
424 737 1493 1566 2095 2428 3102 3397 4046 4947 5063 5085 5556 6326 7052 8397 8821 9052 9556 10277 10994 11649 11966 12103 13292 13981 14975 16227 16341 16850 17894 18412 18496 20282 20331 20439 20824 23090 23896 29591 41709 42190 42981 44813 49815 53173 59293 92026 96556
760 938 958 1085 4076 4207 5145 5686 5913 6667 6857 7115 7608 7639 8481 8696 10703 10766 11358 11542 11775 12047 13620 13762 14062 14111 15412 15672 17265 17641 18095 20724 20982 23272 23306 23525 25021 27026 30161 37368 39299 39547 42308 50151 53865 54014 54834 60652 64133
596 864 3751 3807 4161 4163 4189 4312 4534 4948 5022 5589 6072 6554 6816 7031 7148 8194 8891 9389 9847 10013 10418 10518 11043 11051 12086 12847 13533 15581 17164 17691 18946 22225 22340 23275 23382 25321 31883 34686 40298 41886 43842 44388 47699 51550 67527 77624 96900
21 59 60 983 1205 1536 2710 3193 3268 4841 5262 5339 5571 6099 6461 6711 7410 8518 9394 9613 10136 10397 11453 13208 14591 14647 15931 17130 17476 18803 18812 18881 22107 25195 25430 26166 28309 29011 30422 32487 32690 34184 36925 49439 54324 60997 64283 66093 92971
276 548 1220 2520 2646 2811 3729 3766 4089 4183 4661 5528 5649 5870 6110 6528 7974 8834 8937 8977 10790 10945 11316 14466 14742 15657 18043 18902 20658 20858 21099 21533 22915 25040 25387 27423 29764 31886 33691 35427 35547 35992 36969 42187 45875 48572 58957 60671 80829
15 202 318 792 1091 1590 1810 2182 2558 2780 3833 4359 5903 6045 6201 8030 8100 8511 8513 9182 10446 10753 12678 13951 14324 14734 17643 20052 20077 21346 22144 22515 23926 24518 25409 32251 33102 33583 33711 36055 40172 42323 42860 43771 43867 44121 47806 57872 84854
210 297 426 1354 2177 2815 3231 3263 3984 4661 4925 6635 7987 8013 8055 8590 8661 8963 9467 9630 9728 9807 10567 10894 11272 12276 14676 15120 15721 16613 17590 18181 20284 21499 21977 22811 28519 29689 30625 31957 37948 41569 43162 49871 58483 58909 61152 73395 85441
287 1730 2637 2698 3176 3314 3505 4936 5672 5704 6320 7559 8600 9495 9923 9977 10140 10252 10275 10277 10992 11742 12777 12878 13214 13963 14785 15916 16390 16768 16999 18352 18670 20063 21626 22878 30080 32779 32986 34299 37450 38469 38744 46117 46957 52808 53979 60564 62873
