1000 29 41
1621 2277 3942 4400 4806 5954 7061 7345 8490 9632 10703 12466 15340 15836 15951 16010 17741 17845 18108 18456 19499 19856 22847 22992 23418 25465 26047 26050 26521 27498 28119 31574 32662 33185 35238 38997 40789 45342 46446 55028 67971
312 438 1319 2404 2642 3041 3322 3761 4152 4468 4552 4780 5472 5764 7280 12429 12738 13474 13971 15630 17441 19200 20925 24005 25891 27923 28538 29115 30371 32593 32984 34701 35156 39708 44576 48279 49087 49817 49837 65297 66107
575 725 1768 1977 2193 2258 2621 2678 3046 4364 4621 6345 6920 7005 7079 10298 10852 11331 11772 13301 13359 13919 14673 16075 17495 19699 20656 22670 23189 24387 24953 25640 26584 30717 32942 43475 48921 53983 55489 102526 136484
6 782 985 1151 1477 2374 3445 3512 4869 5150 7249 8075 8096 8941 9231 10548 14708 15493 15756 17181 18308 18654 19597 20232 20305 21775 23004 23453 27198 28294 29071 29577 33186 34614 37633 38324 53075 53636 65676 72540 119727
493 639 1606 1839 2719 3424 4050 4526 4631 5286 5666 5671 6398 6653 6716 9652 10007 10360 10925 11049 12311 13191 18990 21284 21829 21884 23252 24371 24752 32117 36383 36710 42950 43978 45686 47277 56794 58441 61525 61885 69089
424 605 697 896 925 1213 2137 2239 4372 4776 7255 8116 9435 9761 10268 10501 11288 12260 12310 13749 14945 15459 18175 20460 23052 24052 26992 28466 29651 32369 34111 35484 35519 38870 40811 43621 51182 62826 66221 85520 98361
407 445 903 1012 1068 1406 1654 1660 3334 3492 5005 5182 6947 7994 8426 9169 9206 9624 9957 10827 14590 15785 15920 17529 17530 17830 19017 19304 20521 20605 22930 24382 27970 29588 39213 41865 49367 51199 73024 79023 158941
496 981 2648 2894 3032 3752 4096 4339 6691 7339 7339 7998 8250 8858 8892 9680 11953 11957 13872 15130 17231 21150 22817 23143 23363 25991 26702 28074 30779 32789 35001 35323 35373 38259 41351 46442 52448 53771 68262 78642 79786
1370 1502 1784 2595 3839 4569 4855 6448 7041 7409 7910 8101 8936 9272 9779 11023 11288 12294 12390 13380 14880 15843 16695 20988 21347 23094 24879 25611 27242 31683 33680 35128 36383 40370 43398 44191 48134 49521 58897 84680 103400
97 1525 1924 2225 3127 3447 5764 5782 7390 7793 8641 8903 9364 9917 10357 10937 12042 12508 13087 13246 14378 14842 17459 18345 22782 22979 25526 25986 26743 27341 29372 29800 33356 42474 42688 44545 45498 54285 70484 70966 77760
341 345 785 1879 2067 2670 2903 3399 4692 4865 5097 7155 7166 8450 8610 13182 15432 16184 16223 16477 18549 18712 20256 21430 21463 22471 23953 26107 27650 28941 33398 33834 40029 41287 46127 49128 49769 50069 58867 82507 82845
102 231 783 869 1457 2938 2963 3824 4323 4369 4761 5669 6430 6926 7718 7932 8134 9367 9584 12199 12648 12701 14932 15328 16778 16937 17669 19421 19422 19838 31437 33405 38143 47482 51606 54771 58830 69697 71595 88855 105502
352 1247 1529 1950 2120 2834 3212 4122 4918 5054 5243 6342 6474 7836 8115 8293 8631 9158 9492 10173 11976 12541 14153 15887 16282 17998 18157 20219 23723 25900 28049 30634 30717 32032 37760 59452 60167 60810 70903 85338 107267
123 621 626 1124 1282 2313 4377 4887 5478 7234 7923 8616 8985 10080 12073 12430 12459 13080 14598 16899 18885 18922 18946 20788 21283 23135 23569 23769 25043 25279 26223 27543 28261 28601 30788 31754 44869 48508 69820 90414 95355
744 1408 2060 2656 3123 3701 3915 4081 4221 5100 5732 6812 8097 9344 9849 10159 10703 11151 12761 14634 15073 15080 18025 18028 18395 22238 22544 22761 23343 26162 34900 39395 43039 49597 51104 52304 52916 53460 56168 67645 77225
267 620 1313 1730 1993 2023 2565 3042 3517 4776 5675 5841 6748 7162 8107 8541 9730 10220 10859 11600 12987 13236 13347 17026 19290 20390 24543 25242 25427 27471 29606 33082 33370 38108 41466 45697 45993 56905 69415 109173 115758
63 418 559 773 2071 4923 5102 5144 5823 6733 7549 9671 10342 11847 11876 13758 14101 14622 16018 16347 17322 17607 17636 18198 19786 21552 23182 23822 25146 25439 26760 29288 29380 31269 35095 43483 45185 47442 52789 85757 98973
159 238 841 1216 1265 1501 1846 3082 4141 4612 6836 8008 8057 11220 11307 13775 14510 15647 16219 17090 19039 19047 19426 19992 20284 20498 23111 24221 26010 26436 30588 31501 34307 37545 39985 43133 51515 51691 64490 75889 106538
793 1145 1344 1433 2284 2327 2653 2801 4723 4876 5469 7564 7877 8655 9540 9684 12370 13295 14574 15923 18041 19762 20347 22252 22785 22880 24134 26036 27358 28059 28507 29982 32293 34253 41641 43217 48251 55135 60421 63771 85345
107 193 632 2034 2744 3375 5334 5438 5808 7133 7893 8228 8932 9736 11585 11909 12245 12383 14039 14550 15571 16147 16831 18521 18810 22095 22907 23780 27165 27728 29432 39268 39788 43656 44074 51980 53854 54943 56119 66702 70704
467 1129 1140 1569 1674 3006 3473 4591 5663 5734 6043 6049 6786 8140 9000 9197 10844 14891 21136 21622 22590 23795 24283 24324 24402 24734 25964 27191 29483 32982 33718 34260 34736 36673 38739 40605 41968 43845 48307 77398 106170
386 428 1179 1273 1489 2262 2450 2653 6505 7302 7411 7998 10773 11257 11493 11984 15124 16859 17024 17692 18734 19601 23344 25718 26740 27300 27621 28380 28562 28757 29503 30636 33343 35133 35145 35607 36653 39087 49911 59660 157173
1013 1029 1312 1961 1985 2192 2266 2987 3666 4369 5181 8814 8829 9184 9879 9894 12829 15757 18393 18699 18971 19116 19292 20305 20869 20919 23800 25803 26836 30481 32255 32277 32854 33828 37740 49973 52175 52543 60562 71412 122016
766 1128 1249 1460 1602 3071 3287 3364 4340 5111 5461 7348 7663 8668 8792 9196 9711 10564 10708 11616 11842 13486 14836 17432 17750 17782 20205 22346 27360 30098 35881 36617 36886 39941 40504 41046 46476 47861 51352 75479 113742
192 1011 1445 1962 1983 2048 2670 3460 3966 4202 4206 6460 7170 8196 9497 11207 11840 11988 12600 14361 15729 18826 20100 21288 21723 22871 27046 27267 30240 32424 34692 37612 38260 39448 42347 42599 46234 53522 57103 58689 110067
367 1047 1500 1575 1643 1965 2121 3273 4046 4196 5341 9336 9390 9741 9859 10884 12128 12872 13930 14370 16595 16940 16984 16987 17495 18187 23366 24778 27578 32082 32221 34074 34521 35241 47881 53333 57148 58627 62685 63706 75299
1736 1881 2287 2537 2962 2966 3883 4665 5554 5974 6438 7455 8882 9093 9715 10242 11145 11688 13613 16418 17295 18628 20510 21927 23317 25345 26346 28432 28922 29944 31886 35555 37643 39819 39884 41944 46893 50037 52994 86103 110417
526 629 1713 1826 2335 2847 3909 4708 4827 4958 7467 7571 7653 9515 9641 9885 10307 11358 11826 11853 12027 12143 12175 19021 22211 22386 23346 26264 27948 29542 32084 33666 36574 37531 40762 43327 54634 60148 61242 78912 100216
844 1277 1563 2535 2580 2687 2897 5165 5188 5645 5894 6825 7071 7699 11216 12850 12969 13801 14336 15702 16897 18113 19848 20276 21141 21664 22532 23441 23819 26399 26767 29291 33166 36202 37738 41785 45845 51146 51505 94222 95787
