1000 30 9
20986 21166 43364 55502 71462 100000 102467 182328 300093
23101 28475 42873 48651 55717 61079 108132 241816 258778
12068 35745 37245 44293 45756 91081 115484 143949 406596
17184 38547 41739 44722 97423 102009 133238 201824 252719
3791 6569 8473 23472 43307 66792 99561 298202 314879
10315 20116 21784 33500 56394 112305 144069 265990 285127
22207 25474 29854 41091 78807 101862 180157 180957 203908
4649 10945 16923 31976 52528 88139 89639 129146 446926
4763 6965 20078 50313 62483 146125 155721 231276 254085
18987 24645 86469 95251 103016 140016 150789 153688 171550
7125 31434 39762 55513 126100 131445 141511 165985 201964
28412 31332 51819 86441 110759 130978 144739 162542 184512
4089 4708 4853 18146 27882 79969 135049 299760 332251
6800 7693 9886 41933 58812 134109 157983 168254 358497
10767 13060 55501 58733 67857 101411 184871 191618 211793
3812 5888 12244 47192 58452 64990 191291 201999 325418
3810 21697 24704 92162 143698 148688 164866 171929 176704
16366 20553 21790 69750 81309 108680 109086 143552 365115
869 15830 49734 50330 61766 97555 134638 149350 336293
2217 10206 29254 33035 48560 83193 179311 247625 295203
16752 18680 68399 80973 87366 102716 145511 159448 181384
37855 50499 51137 61680 72990 95327 100923 189437 254353
22670 34291 67109 85229 88687 101922 146392 161877 188426
21892 43963 55035 57455 66898 86829 186277 197489 214367
18730 26071 35701 58240 59728 111536 142441 160526 269378
29084 38713 53521 57135 96438 96754 102327 143878 246761
1425 34012 48186 56936 104891 107460 124480 162980 280709
28512 36590 38226 38275 69793 72637 182750 196572 212596
5145 9091 38942 45015 62680 63467 162934 187801 307625
1459 27879 29352 39423 41476 41591 151365 235895 326196
