1000 16 21
3101 4667 7612 7630 11983 19231 22390 26115 27418 29308 30541 32762 34187 42599 58618 68897 69222 73967 87147 102598 110518
730 2292 3639 12386 14558 16229 16484 18745 19692 21056 26596 27645 35379 38802 58445 65772 73412 84315 85503 90826 152118
1010 1074 2089 6513 15870 17723 18175 19446 19981 20923 28354 28842 31560 37985 43370 46566 58965 81723 103973 107635 150860
949 1662 11210 14945 16469 17104 17190 25479 26324 26595 30842 32230 39630 43398 45445 51582 51951 60861 101394 111856 124371
459 2309 4620 5554 6082 9794 14893 19175 29864 32577 36690 39122 42154 46490 50038 54742 67287 76053 76701 130279 166986
653 3849 4067 5250 8250 11362 16830 18103 19367 20950 24507 30491 33351 35018 44106 46403 48917 65485 116142 133563 167253
364 664 5570 9277 11622 14148 16150 18751 18795 18986 23476 28072 32696 44546 58374 65868 76651 77420 99540 134360 142645
6315 12157 12945 16096 18421 19015 21260 23193 25545 27289 36965 43240 43415 45088 54260 69704 72484 77901 88068 96386 115829
906 1269 1371 2589 3390 7914 8334 11034 15617 15705 17301 19401 27027 33166 57033 62406 69266 73383 116344 134364 220463
1319 1495 3912 4652 5491 5546 9067 12024 13176 16152 47717 53706 57934 63847 70085 78017 79227 79363 84144 85769 116943
2296 2710 3582 3746 6546 7338 8092 8983 12950 18544 19777 25985 52138 62638 76403 76840 82658 94998 111796 127954 130190
1477 3076 5426 6067 6792 7858 14445 15340 15561 18129 19266 24049 29650 41778 60642 67955 73414 109448 122736 143877 144743
1120 1456 2260 4099 6377 7412 7764 8873 11475 16759 22922 23688 24460 36050 36125 57673 63495 81732 86021 148109 206619
2382 2398 11421 15487 15501 15855 16260 17800 21613 22151 26708 33544 39781 45300 46181 65502 69714 73945 76409 91927 136379
2264 3760 5446 7445 8644 8975 11765 12825 18942 34233 44868 48622 50042 55958 69909 70773 72085 74595 89386 103973 117316
7204 9592 11182 11563 12454 12995 18140 21432 25316 26090 27640 29831 34221 45319 47184 63045 66497 72664 78304 114947 125040
