1000 13 31
1950 3719 6941 7751 8535 8807 10151 10415 10815 12698 13427 14849 16294 17989 18197 20573 22612 23270 27351 28632 28989 29989 30550 31930 34010 38888 51878 56272 63016 91411 132336
1437 1824 3352 4270 5071 5230 6000 6922 9393 9818 9961 11028 11580 14379 15243 18899 21270 21575 22117 23837 24943 25077 34006 49272 56741 58832 60891 72505 83598 85158 145312
441 2477 2641 2825 2960 5464 6877 6975 7959 10195 14359 16610 17044 17997 19455 21206 21732 23584 25018 25305 25741 30076 31999 32546 48936 66311 67255 68922 82491 85336 88910
418 540 1140 2555 3694 3837 4370 4485 6880 7635 12120 14001 14196 14496 16338 19091 24789 25533 28459 30175 30242 35289 40554 41937 42285 49988 54556 59740 61583 71511 113464
1356 1685 6907 7254 7590 10276 10374 12616 12771 13827 15212 16869 18576 19599 21171 23276 24515 25657 31259 33497 34774 36855 39305 40659 42614 46760 48831 48912 50821 66330 89699
745 2590 2740 6501 7686 8536 8923 11777 12299 14899 17486 17756 19851 20627 20828 22163 24640 28636 29741 31309 31359 33983 37418 40548 40705 47179 49602 52846 73936 75965 78755
1301 1653 1692 2409 4676 5772 8500 8945 9438 10129 16132 17715 20636 22343 24549 24950 26512 26950 28174 28732 30185 31306 33225 34633 40874 47019 48400 67502 72664 79314 120597
169 286 914 1983 2150 3596 4026 4306 5048 7061 7574 7752 8192 15843 16765 18187 20226 20558 22041 23056 23424 28768 31154 31896 33437 62472 65349 66983 78598 86941 130534
860 940 1775 2803 4970 7151 7903 10820 12385 12519 13319 16239 16740 18200 19298 21195 24488 25405 27401 28459 33470 34110 41513 43877 44915 45033 54851 61480 74970 108114 123188
529 838 1210 2649 2925 6683 7804 8200 8380 9330 9919 10547 10734 11084 17533 19048 19140 24550 29630 32724 33577 37273 37378 42688 44479 46864 49259 49505 58501 102484 112991
128 394 957 1525 1542 3271 6261 7634 8259 8861 9013 13185 13614 19666 20988 22349 22726 22829 26327 27338 33908 34704 34915 38540 43316 44771 56082 74583 78871 85547 89074
1368 1386 4821 5911 6078 7027 8434 8525 10330 11093 16046 16889 17288 17414 22160 24303 24598 29944 32622 33612 35879 38204 47455 49289 50263 50741 52807 53619 56249 63369 65296
1234 1651 1880 2388 2915 4144 4852 7354 11962 13102 15667 15718 19575 20546 21253 21926 23185 26479 27411 28578 28771 36163 40718 44604 48900 51387 55792 57501 59530 87982 102847
