1000 45 13
2115 2506 3541 9361 31120 33786 39559 44420 72120 84793 149795 171240 323493
954 14473 22793 26451 29128 42304 68915 74564 85816 93478 118690 119557 262439
7094 35931 44642 45286 48833 58581 67027 82272 82366 83849 112171 148912 150918
18127 23255 43030 50413 53645 58161 58781 70307 72274 82399 82659 165007 182207
4404 6163 24361 32510 32689 42464 54970 62839 81118 97551 109347 114727 293305
2703 4846 7882 18580 28453 47658 48417 53384 82035 99283 127953 156479 254269
961 1843 10495 11516 14584 25589 41679 71601 76674 110903 134347 182689 277548
591 794 10617 12630 49634 58104 81291 83141 90170 99378 137116 137875 173139
806 1038 2808 4915 25691 34269 50096 66387 72138 106833 112650 234674 241899
16040 24794 39426 50381 55987 56828 76593 80951 84470 91656 104726 125222 161725
12414 12985 15902 35177 39407 42921 44662 48115 72961 118252 164051 172002 188631
2711 10835 31684 36860 39068 48611 53939 58197 81585 94704 107541 146739 244777
10242 13232 15554 16051 28734 29415 30389 40089 46682 60524 98612 100156 457723
1080 4156 7247 15987 19466 20310 48993 74121 75436 88774 178672 203793 217427
492 2028 8905 25759 36560 39205 46998 57328 75173 79302 105170 174929 311643
9057 9515 12626 14539 25155 29140 54899 58760 95580 108978 112456 132186 306369
9151 12809 24750 39701 43567 50658 58978 65683 79768 95719 112797 180224 188056
5668 8138 11791 26392 28353 45960 47483 54574 84686 98529 100367 151648 311517
701 3449 31465 42595 43230 47134 66904 79942 95329 122075 139199 142801 147510
14382 35339 45620 49510 51205 57403 61350 64539 66746 67339 75163 142757 234095
3470 12096 16184 16937 17573 25785 46372 55371 59532 99620 125986 226870 230484
1157 8925 11864 11983 36293 51649 59180 66125 82884 85818 137970 154421 256287
1804 2070 15995 21498 46545 62624 70746 70998 76579 84568 92593 162223 265643
5332 21764 23059 26974 38005 42938 54699 55533 63915 91184 101558 198096 236927
4136 7188 17001 26475 26890 31613 39859 69817 83424 106934 107864 112858 340487
5031 8079 14930 30603 60762 65654 70346 72253 85050 103560 109983 123400 179825
618 12314 12457 13295 22104 34984 37820 41374 59039 132923 162641 211259 211720
10743 20817 21262 22048 22251 50534 56755 57038 111626 119997 132163 153525 170898
733 5491 7568 10802 25412 58677 78859 100422 100471 108684 129687 140497 167362
1865 2695 6725 45782 61868 64070 68150 68627 70346 89849 116436 170996 192923
2449 18001 22333 25060 32751 55919 65312 66395 85745 88096 112037 171541 223558
3052 11365 12573 13294 26410 38890 59926 85898 86439 95198 99555 111298 306692
8655 16699 19265 24275 29361 31898 36983 44532 88397 112894 155328 189890 201316
8628 17401 24157 27251 29483 39709 44742 52048 60274 117608 160398 175841 202089
71 3886 9106 14242 41566 62855 83189 90705 98902 114899 128840 133696 162261
2504 8202 10318 24637 26118 37003 45527 64589 92901 92950 107602 152397 289192
3301 16391 21022 22662 37430 42045 60668 69632 113118 117582 121122 148997 169291
13936 16764 29697 34644 39030 44069 50047 59120 68313 76172 127671 150054 241310
15517 16527 20969 31582 37526 49904 53442 60632 76522 122536 143317 156613 175504
9213 11404 16616 16710 17622 21721 34659 35250 82572 96388 119695 161313 336206
1626 35331 38203 39759 47384 53870 57935 59557 62285 97584 110026 146904 185158
10472 11813 21287 21931 23196 23633 47026 62078 83701 108324 125884 189258 217177
12606 20392 23212 28614 35410 37005 49191 60628 65149 75851 99108 125686 294650
15465 20970 23562 27605 41321 73098 74999 76251 78980 95883 115677 126507 195547
5087 9245 16407 29366 30375 37952 66073 66227 93082 126936 137125 158647 182871
