1000 24 21
230 1085 1282 2164 5522 8756 9737 10334 14429 18703 28609 30485 30955 34750 52049 59498 59693 97345 117157 179575 217363
5494 6558 16765 17407 20200 28318 29598 30304 30956 32716 36600 43275 52820 62261 67255 75547 76361 80820 87686 87835 94971
3188 4072 8251 10857 12189 15569 20125 22322 24468 29023 30973 36399 38982 42072 46631 47677 64575 95430 129903 130081 157265
1960 2136 4421 5217 15982 20590 23083 23994 27787 36674 41608 41891 42519 47820 49574 70676 74337 94179 95787 101706 143859
5985 6531 8826 9238 11717 12286 17301 19529 21208 40431 41296 43719 43753 50566 53651 59078 60846 76325 101972 118843 162801
133 1030 5357 10122 10809 11948 12188 13218 18763 23886 32646 33895 55837 60546 76844 81579 88860 94986 95796 110458 127613
1144 1970 8944 9342 11262 12048 12951 22841 22938 25924 33098 63063 63689 63836 66246 66758 73477 82129 100531 105372 116364
116 3620 6418 11416 12787 14255 17260 18137 18648 33804 35557 44000 45365 52018 52481 84389 88942 89265 107133 107581 136097
1025 1260 2115 5690 6837 9104 9345 13655 15466 16390 28420 31223 39979 44496 58611 74916 88732 102054 107195 144735 166311
1336 1727 3165 6731 10004 17759 18667 22459 26055 28246 41073 50958 55119 58292 60460 63275 73720 80706 84867 90562 165007
2502 4061 5516 5596 8493 9930 11705 18094 18197 25296 29389 31656 41319 43610 56946 75587 93365 102565 125020 130087 130503
4118 4384 5216 6780 6781 11606 17695 24733 27745 31351 31774 34139 40444 48758 52320 61298 64454 99922 128045 140978 143063
1838 3523 7084 13281 15823 16634 19712 24233 27200 27749 33611 35383 38947 44084 57227 68468 93874 101559 104081 104637 120587
2976 3645 5385 8287 8709 9585 9997 10372 11208 17695 19969 38157 40126 45008 52070 55146 82087 85567 94112 115077 262319
2162 3385 4620 5480 8099 8377 9084 12029 21948 24222 25616 38955 45478 46319 56888 60077 66496 69975 83463 153983 228551
3060 4085 6154 8446 18342 19625 19631 19759 25183 27140 32350 34147 41606 43186 50443 72907 90453 94948 103944 112009 131839
889 1096 2127 3440 3806 5062 9649 11804 14223 22569 37443 42097 52159 62210 72812 74989 84066 90356 97741 99688 187197
1054 2119 3448 9516 9602 11823 18303 20741 26788 34272 41310 43898 52644 55941 61687 64813 68003 72129 77810 99148 204809
35 2113 2456 3531 6819 7709 13095 17726 18229 18420 35490 37801 42751 62697 69425 69567 73554 93081 93678 102005 191089
2798 8827 11227 15039 15195 17217 18946 22270 22971 24707 30044 39293 50832 51136 60661 62643 82725 84437 94896 105741 161756
1561 2779 5428 9718 11199 12267 13751 14485 15621 26459 32643 39064 41654 47893 48747 55140 81971 92486 123180 144164 151589
36 1881 3622 3958 9144 11141 13672 15798 16030 21320 21721 25505 33646 39918 40874 43758 66159 67317 84321 95496 344239
935 1828 2298 2500 4885 7075 7320 7598 11298 11438 11448 15762 22613 27262 28015 38915 39530 45184 71403 192363 421369
2498 3278 7554 7747 9975 12925 14893 16092 16310 19338 19671 33316 44005 48372 53413 83071 87954 95567 103451 150012 154154
