1000 35 7
27293 82763 99609 110325 144718 159670 266940
33201 41100 99120 131435 150834 181294 274304
93 44217 71732 87930 233456 234452 255183
44511 51979 82678 119387 179863 181928 201202
26905 35835 39745 85615 119518 219464 405141
24992 33078 35578 82745 126918 182735 392274
9183 58131 76251 81438 176013 183494 229638
4279 37313 67648 67748 120895 205195 375365
2618 26237 26799 126064 187817 232394 266128
10390 64484 65402 116781 142660 145590 327386
13900 24680 80562 119246 138931 229743 295413
7077 18543 32922 96261 96902 275879 370494
8686 9703 10804 74576 99525 200210 425202
6423 15426 34994 77998 168844 257310 292434
28086 39127 41577 42321 64300 229320 406770
54575 90672 93721 97474 105712 182336 226577
17302 17913 30088 98018 159139 196198 359942
49173 65211 75496 117938 130258 130371 349044
15079 93789 101783 119668 133867 160085 198579
19689 20251 49147 149638 177615 220067 259800
28543 31439 46634 99580 182000 244937 255450
18267 27285 32997 35162 57085 187912 567070
7202 9465 9934 75569 103469 117515 581524
60518 82576 88259 88791 96300 125472 335364
27609 34338 67653 68613 134186 229008 283793
17782 39763 52484 80365 89252 273571 328052
38099 74033 98840 118264 165557 187309 206234
26641 32671 35064 36730 80995 202709 433663
161 10509 94184 118675 155747 238408 291623
20646 24874 104578 113435 157970 180459 211730
34751 59493 88510 89524 113833 156012 350271
16748 43311 48187 80519 148195 201776 331598
32025 64053 103652 115846 139503 153532 205562
4218 4355 7550 18620 85838 352998 410319
12086 37853 72126 179185 183474 190102 222788
