1000 50 39
313 362 659 954 1806 2067 2136 2683 2898 2936 2963 5107 5702 9247 10678 11752 11899 15834 18026 20710 22641 22973 23807 27782 28425 29673 30678 31914 34703 37117 39199 43499 47554 48604 56597 58437 58880 84196 125613
1413 1435 1453 2429 2557 3010 4143 5932 7306 7536 8628 8826 10037 10110 12048 13066 15096 18404 18623 20253 23878 24049 24787 25226 26401 28449 28953 31163 34102 38509 38817 39975 49460 49923 61607 61721 64123 71472 83159
642 889 1138 1901 4130 4131 4297 4491 5030 5269 5294 5511 8830 10217 10862 11386 11678 16173 16337 17303 22284 22792 25114 25313 25757 29332 30956 32298 34816 34986 41562 42497 54885 55646 65372 65430 72144 75929 77725
48 3761 4271 4637 5976 5980 6228 6560 6937 8598 10855 10859 11044 11212 12320 13378 14467 15667 16388 16720 18533 21567 22751 22943 23289 25148 27091 32012 36996 37486 43329 43847 48728 49374 52278 57684 67406 76715 77014
93 992 1001 2080 2528 3294 4581 4618 6311 7892 8056 8778 8902 11791 12720 12923 12975 15693 20967 21323 22257 22844 22909 23411 23580 23654 32984 33335 33379 39828 41464 48267 52425 53705 53935 60073 64375 69676 81181
1783 2185 4429 4507 5134 6329 7318 7725 7739 8679 9137 12586 12964 14084 14154 15311 19189 19402 19758 22440 23313 25438 26184 26256 29127 29356 32720 33783 35496 36552 37179 37384 37481 37561 37914 43424 60912 76022 100557
382 713 1851 2047 2734 2869 3835 3932 4353 4922 5233 5262 6295 6308 9295 12390 13875 15956 16493 19901 20082 21536 25134 26796 27274 32140 32653 32743 35195 36183 37100 40272 47655 48699 53458 59465 72518 76400 121480
1877 3343 4341 4470 4513 4957 5564 5832 6014 6283 7081 8232 9083 9136 9266 9977 10478 10807 12081 12861 13393 14047 16557 16978 18432 18669 18782 20764 24543 25571 32917 34081 40812 55860 59301 62000 101962 111066 150257
817 1937 3236 3729 4236 5550 5672 5806 6867 6883 8059 8148 12427 13133 13511 14197 16890 17043 17727 20340 24174 25337 26903 27813 27957 31324 32593 33299 36067 37142 39386 42945 43911 44323 44532 45521 54989 80978 89212
359 920 1275 1487 2105 2115 2510 2828 4407 5139 9059 9751 10967 11657 11768 13546 13551 14957 16278 19431 19588 22586 22966 23266 24306 26703 27472 28649 29228 33025 33712 33812 34076 38896 44826 52823 65612 115618 135514
122 741 815 2350 2385 2447 3637 3960 5191 5704 7656 11271 12061 12104 12802 13164 13236 14615 16360 17830 20791 22890 23259 24449 25341 27413 28011 28246 33650 34514 35054 36259 42583 46913 49159 51919 66414 105502 106517
177 239 679 1204 1882 2020 2421 3841 3992 5211 6152 6177 9435 9608 12016 12145 14486 15367 15669 16993 17856 23265 24325 29503 30419 31208 31601 31869 33439 35268 35652 46538 49210 51279 51993 53759 56074 56107 141123
887 2130 2277 2302 2468 5349 6113 6427 8101 11431 11619 12092 12479 13085 13905 15779 17699 17786 18259 19767 20026 20827 21225 22599 23203 23440 26052 27619 30918 34872 38867 39249 42826 51592 53846 66503 66952 72913 86679
307 355 383 474 1517 2720 2802 3080 3494 6042 6607 7193 8322 8351 8476 8819 9646 10888 11194 18434 21386 24352 25262 27900 30510 32464 36024 37895 40409 45484 45573 47996 53969 56194 60487 62775 63725 71554 81238
109 878 930 1001 1202 2289 2511 3584 4615 6030 6529 7302 7664 10388 11103 11833 12398 12636 16219 16313 19356 20653 20796 22075 24182 24663 25981 27998 28046 33287 39383 40786 53473 58652 67013 72623 84514 90372 97034
873 876 982 1032 2361 2981 3058 3131 3515 4453 4858 5454 5924 6908 8112 10350 10766 12867 13845 15452 16516 17327 17369 20814 22633 23853 26222 27390 27456 30107 30477 30660 34791 46122 60281 65083 72496 113402 165202
591 817 1302 1364 1526 3624 3682 4614 4701 5058 5081 5404 6196 8327 10538 12395 12661 13485 18850 19564 19853 22900 23944 27052 27634 28041 32102 32213 38560 39404 44245 47119 48601 51735 55652 66967 67404 71783 88790
826 927 2374 2410 2851 3438 3688 4181 4694 8331 8344 9051 9398 10766 12397 12623 15126 15968 16983 17691 17737 18735 22909 25517 26066 28998 32590 35096 36053 38467 40851 43240 44331 45308 52822 56795 72914 73212 92838
2954 4510 4528 4880 5013 5669 5859 6791 6895 8293 8295 9122 9274 10083 10163 10867 12244 12660 13660 15408 15519 16264 17274 17677 20196 20897 25253 28941 29714 30226 32468 33562 33903 55745 58312 70197 88994 104462 118870
281 1182 1679 3097 3535 4390 4595 4782 4955 7725 7794 8955 9230 9989 10455 11204 13537 14435 16273 17197 17388 18319 20215 21151 21774 22195 22542 23263 24910 25797 37843 39184 46126 50419 54079 57638 72258 77161 163960
45 103 392 839 866 1942 5132 5446 5669 6930 8973 10449 10631 13132 14469 15602 15953 18957 19519 19988 20783 21743 21944 22560 22673 22728 24371 24834 29883 30552 31894 34980 40698 42532 44751 53379 76020 112631 125687
1159 2229 2611 2869 3497 3682 4611 4901 4976 6320 7196 7802 9985 11812 12912 15915 16489 17242 19127 19214 21703 22026 23509 26533 29048 31967 33042 37206 37404 41037 42286 44286 46320 47925 48490 55133 55999 65882 86048
1098 1587 2081 2495 2724 3270 6668 7380 7724 8069 8792 9039 9056 9510 11388 14825 17471 19508 21199 22504 22577 23985 25131 25812 29994 31979 32235 36310 37687 37742 40625 43654 45018 45220 45802 49708 55019 59650 97089
895 1066 2434 2765 3425 7726 7866 8749 9418 9665 9862 9895 9984 10638 11644 12053 12520 14471 15577 19383 19968 20299 20939 24165 25287 25999 27991 28210 30089 33083 34533 36270 39394 47467 49819 52566 57921 90908 123173
349 708 716 1173 1325 3027 3160 3443 4397 4942 5087 5231 5777 6373 6390 6395 9407 11582 14596 14801 17440 17776 18643 21758 31274 34791 35050 35483 36722 45352 46170 52307 54081 55839 61254 66370 71336 81780 92235
605 2418 3107 3466 5454 5879 5952 6481 8198 8454 9231 9408 9830 13414 13448 14887 15969 17135 17164 17552 20388 21718 21907 23257 25841 25875 27421 29892 30746 35761 41817 43874 44682 54378 56030 56548 57945 77569 81800
794 2120 3065 3357 3470 3742 4079 4722 4900 5576 6936 7887 8308 8533 8834 9449 11463 11682 11968 15723 16114 18082 19877 19980 23466 24889 26563 30599 30759 31313 45675 46719 47144 58900 61132 62740 63547 71749 143431
56 625 689 2468 5230 6270 6332 6950 6986 7206 8338 8588 9136 10731 14132 14777 15301 15402 17075 17496 18523 19176 19438 22554 28846 28948 29918 34750 39064 40076 40625 43913 46135 49973 59809 63404 63817 67292 92173
731 992 2100 3081 3097 3121 3455 3474 4310 5277 8138 8828 9076 9295 11032 11170 12280 17883 19850 20567 21538 24540 27540 27870 30242 30813 32504 36429 36519 39837 41558 45346 48110 49062 52437 58098 62557 71695 81895
186 1014 1026 2533 2954 3665 4115 4844 5046 5376 5390 6582 7667 8222 9256 10294 10663 12481 12763 12826 13652 17777 17812 19340 25014 26729 28449 29775 31739 32322 36648 38858 45329 46299 52764 71633 72989 95757 140330
1015 1231 1777 3161 3608 4987 5617 6426 6867 7043 7678 7704 7835 8367 8737 9490 10214 11619 13643 13897 14631 15421 16910 17852 18783 19777 22437 23399 23534 30472 30581 41466 51486 54005 63294 63434 90191 120188 127093
33 56 702 1279 1588 2187 2190 2206 2798 3576 3712 7546 8223 9311 10782 11146 13473 14349 14392 15013 15736 19270 19421 20756 21976 27478 28928 29241 31814 32491 37601 40063 40492 46030 66391 80078 84314 91631 123016
447 1020 2288 2331 2748 3003 3712 5447 6184 6849 8088 8804 9335 9978 10932 11723 12327 12368 12516 12739 12931 15432 16007 17780 17987 22247 24396 25683 28060 29574 29584 33675 43789 45255 53453 58415 87098 108861 158941
1241 2806 3011 4414 4771 4786 7002 7334 7709 7796 8063 9615 10377 12576 13564 14827 16346 17874 17971 17989 18452 19967 19984 20820 21288 26203 27463 29134 31749 34123 40489 43434 45892 53115 61072 62633 68436 75818 87454
53 681 977 2741 2758 3174 4477 4696 5765 6312 7135 7986 13458 13559 16357 16607 17365 17728 18248 18596 18783 23198 27666 30605 30840 32022 39298 41289 41613 41883 42741 42953 44388 48659 53587 54345 54945 59201 73989
566 1299 1970 3234 3314 3486 5040 5116 5855 6264 7189 9224 10621 10847 12290 15461 15652 16587 16699 18021 18241 19637 20020 21358 22279 24103 26181 26284 26432 31607 36352 37451 42982 49006 51564 66787 69479 99174 129010
1613 2160 2293 3335 3701 4386 4572 4693 5136 6993 7776 9549 9634 10162 13097 14079 14530 17118 18671 18767 20628 21697 24697 25065 25945 29958 30017 33432 35851 37321 42070 46455 55173 55496 55843 56701 59055 69235 73997
926 1318 1364 1923 2091 2286 2388 6121 6316 6563 7908 9033 10903 11304 12964 16538 16805 17425 17680 18007 20553 20714 22797 29739 31878 32575 32626 37846 40101 40406 41036 45402 46451 51413 51560 56001 59427 76339 76885
248 828 1257 1425 2172 2437 2611 2924 2988 3235 5726 5838 8304 9405 9952 12397 12445 12628 14059 14073 14904 16354 20806 21279 22208 26650 28926 29812 34660 35890 39583 51767 54936 57267 59668 61046 69783 76532 139414
3071 3249 4602 4804 5479 6024 6040 7283 8362 10477 10855 12081 15940 16538 16829 18995 19594 19805 21550 22248 23430 23489 24368 25104 27440 27656 27875 28345 30890 33244 34994 35035 36446 42715 46578 48729 62173 83837 85514
1001 1557 2349 2987 3897 5012 6299 7278 8641 10258 12767 13439 15165 16532 16578 16767 17342 17650 17683 18126 18582 19020 19112 22246 22931 23720 24022 24223 24602 27461 32780 34102 54608 58326 61001 68733 71736 71993 88292
364 561 3021 4205 5264 7567 7880 7996 8001 9275 13680 14519 15198 15546 16690 17405 18401 18604 18964 19374 20641 21961 22680 22988 22997 26311 26761 27648 29773 30033 31918 34039 40308 44984 47889 52612 66369 81393 101358
378 1007 1228 2278 2310 3442 3993 5052 7138 8159 8659 9130 10282 10710 10873 11223 13426 13623 13752 14032 14606 15566 16467 26387 26682 26860 27454 30787 35151 44620 44826 45632 47250 49060 50652 72339 72501 85655 100939
1507 1840 2008 2034 2644 3001 3633 4510 5258 5550 5557 6508 6713 8826 9660 11323 11768 14904 19390 20606 22553 25533 26092 26826 28988 29128 30466 31306 33288 38621 42828 44186 48228 48267 52238 58456 60627 68187 99829
1057 1785 1809 2160 2322 2363 3290 4053 4209 4663 5415 8604 9814 12318 13402 13677 14781 15944 16210 18386 18785 18861 18980 21559 22315 23241 31104 31514 32659 35450 36315 44182 46147 48277 49059 52731 69314 96075 129874
239 1222 1352 1874 3887 4098 4543 4571 4772 6228 6506 6638 7987 9031 9132 10909 13560 14065 17031 18054 18599 19189 20561 21541 25534 28787 29696 30354 33427 38597 40847 43165 50462 59378 61702 69042 70516 78411 101708
1703 2942 4253 4369 4496 5155 5711 6533 8330 9436 11108 13154 13561 13802 14209 14422 16154 16693 17659 19544 19838 20334 27007 29225 29922 31389 31867 34711 36630 38337 38382 48621 49464 49662 50428 50903 54677 60616 64167
891 1934 3571 3957 4162 4295 5178 6157 7513 9050 9426 9838 10209 11458 11988 12373 12743 15159 18024 18302 19227 20596 20701 22848 26784 27455 30099 33343 33556 38013 41781 42937 46998 50784 53240 59072 63316 79339 83149
24 267 1697 1776 2427 2577 2739 3142 4849 5184 5860 7113 7749 8236 9944 13140 14031 16171 17623 18264 18591 21886 23154 23734 24452 26209 28003 30512 30688 32989 37157 38207 41449 41854 55587 70818 78050 82328 126340
26 66 1540 2933 3012 3292 3994 4586 4999 6891 8981 9581 10388 11041 12663 13273 15234 16348 17072 18383 19719 21610 23105 24294 27710 27920 28448 31491 32234 34736 38266 40821 43362 44995 56139 60215 66530 74894 102391
