1000 13 19
1736 4877 9721 12450 14395 19576 25720 31150 33189 35055 36164 53774 55558 61759 86059 95720 96678 113535 207513
731 1052 1863 5716 6622 16129 26825 33333 36138 37007 38554 41153 63148 65379 74678 76214 104549 136228 225637
7004 8377 9912 11977 16029 27722 30749 33015 41797 55100 56207 58218 60043 62968 82964 84422 107307 109127 131334
663 1675 6194 10092 10516 13793 17791 19556 31538 35391 42529 42541 44754 54606 56687 122063 124744 139909 216463
2459 3046 5155 6810 12771 14007 24899 26664 27319 27438 36145 43782 47800 50721 67463 72894 124441 193744 208392
264 3152 9577 11922 17832 22617 23117 32205 35281 38398 39286 39616 42883 64239 69886 82789 100548 116510 242589
720 2511 3461 7707 8838 14184 16027 16958 18744 23164 29461 38038 55625 57363 77430 91843 120067 175940 235339
4235 13199 18310 20247 20520 25269 28444 31692 36289 36716 46170 48044 50194 55298 73401 84694 97326 120029 184049
2019 3907 7292 10381 27483 35318 36004 36115 39911 41545 44163 45325 48301 63551 87555 88997 115916 122295 138135
350 865 1875 7901 8837 9186 19611 30715 33266 48243 49447 51678 63121 71030 91190 97190 99816 145590 164001
2765 14290 14967 16014 18707 24298 27159 28586 29161 36191 44205 64675 66595 71748 79033 88980 105391 128297 130628
3698 4135 5097 7329 14112 20690 27877 42142 42417 46279 46403 50963 52469 58142 77217 104640 108578 125439 157533
3188 4747 18698 21034 23343 25019 26345 29530 29615 35374 60172 62069 62403 62990 69123 76309 86294 87600 211952
