1000 46 49
374 865 1617 2407 4025 4660 4821 4992 4997 5015 5151 5686 6005 6694 6722 6990 7602 7742 8750 10605 10790 12290 13647 14061 14175 15378 16063 16117 17371 17464 18376 18436 19264 19685 22517 23373 25240 25644 30427 31372 32707 39544 43439 43826 46957 47495 61292 75114 80699
141 184 1742 2249 2621 3468 4795 4805 4953 5471 5560 6021 6184 6317 6634 7080 7113 7524 7925 8856 9023 9411 10281 10566 10744 11882 13469 13915 15422 15520 15612 18221 19450 22181 23631 24519 24800 28555 30646 31397 31421 33248 35441 39130 44234 51614 68878 102112 105837
817 1105 1877 2494 2903 2978 3816 4437 4538 5701 6222 6451 6526 6667 7009 7502 7534 8181 8328 8941 10159 10419 12090 12721 14962 16776 16821 17415 17646 18165 18262 20876 21490 22347 22617 25540 29654 30662 30706 32071 38110 40138 42263 42459 54163 54520 57576 65914 72464
281 738 1945 2186 2787 2919 3148 3158 3925 4990 5169 5374 5854 6010 7601 9211 10323 11575 12095 12400 12418 12881 12894 13814 14276 14535 16123 16612 19441 19905 20871 22997 23667 25071 25757 28886 30173 33566 34661 35013 35345 35731 36932 44198 45860 48213 52474 52542 72082
302 2140 2351 2868 3674 5275 5386 5689 5786 7608 7720 8358 8438 9342 12090 12486 12587 12898 13818 14385 14729 14774 15419 17647 19370 20187 20266 20586 20743 20905 20973 20996 21185 21302 21629 21868 21984 22986 23959 24083 26361 28346 29092 32704 33638 50406 62500 64071 72909
629 889 1070 1128 1369 1785 2028 2351 2592 2867 2911 3103 3233 5125 5613 7345 7491 7555 7932 12814 14749 15502 16612 17521 17559 18679 19528 21546 23111 23120 23124 23465 23667 23950 27494 28863 29325 29538 31270 32609 32904 40452 41744 42359 44164 49458 50751 53239 62959
419 1122 1181 1850 3514 3898 4473 4517 4994 5664 6621 6916 7259 7352 7885 8348 8387 8591 8612 9153 11125 12946 13669 13672 13894 15284 17455 17563 17564 19471 19486 20054 23628 24075 26776 26855 27126 29101 32126 34515 36272 38165 38909 40219 49920 51000 53313 58898 82774
415 899 1908 3533 3686 3710 3964 4005 4743 4920 5479 5612 5809 6359 8158 8267 8295 8519 12465 12471 12728 13505 13616 13634 15023 17567 18359 19296 19661 19854 20542 22301 24083 26185 26620 28837 31396 32873 33348 34052 34100 36992 37072 43144 43199 43792 51843 53401 74704
224 389 980 1853 1912 2400 3039 3679 3708 4299 5986 6002 6286 6317 6715 9033 9093 11144 12169 13406 13447 13489 13637 13749 14702 16398 17111 17347 17772 21044 22347 24159 24654 25463 26309 27062 28701 29140 30061 35161 36153 37881 41387 42842 44526 45059 45275 49448 73699
123 1038 1648 2107 2271 2891 3051 3757 4360 4368 4415 4511 5190 5664 7557 7565 7923 8231 8364 9405 10198 10329 10453 11916 12316 14761 14766 15262 15411 16969 19464 19915 21867 24065 24549 31158 31788 31816 31905 35642 38551 38921 44715 46203 49093 59872 65103 67206 73111
212 809 1221 1222 1348 2459 2874 2878 2924 3126 4382 4752 4872 5368 6130 6884 6916 7409 7962 8737 9149 9214 9340 13911 14696 16446 16850 17556 17905 17993 20076 20129 21915 21948 22094 23415 25994 28221 34531 34741 36543 40011 41282 43475 48501 51933 63906 75059 86713
15 1326 1637 3405 3681 4297 5384 6249 6574 6591 6758 7019 9138 9254 9519 9559 9807 9821 10673 10984 11696 12194 12953 13291 14014 14196 15020 16098 16602 16776 18154 19027 24854 25728 25981 26167 27763 29831 31234 34213 34627 36368 43682 43840 46239 46989 54482 59002 68697
9 114 302 457 774 848 1275 2040 2350 3438 3450 3665 4038 5275 5632 6073 7277 8023 8302 8313 9387 11826 11871 12025 12397 14098 15863 16374 17368 18619 19821 20210 22977 23310 24049 27557 29202 32766 32947 33011 35788 35887 38670 40011 56285 60316 68073 80418 83933
664 721 874 951 1282 2081 2126 2352 2880 3083 3391 3431 3799 4046 5163 6073 6254 7033 7161 7194 10206 10405 10852 11055 11408 12301 13231 13326 14402 16376 16459 18579 21378 21631 22846 22988 25665 29234 31233 32249 37521 38058 42732 47913 56172 57417 77843 78275 89409
12 761 1294 1708 1728 1791 2232 2313 2421 2522 3296 6584 7356 7779 9579 11309 11844 11880 13061 14106 14465 14847 17017 17121 17786 17863 18536 19896 19950 21007 21224 22678 22841 23115 24250 25632 25954 26698 27512 28032 28883 29571 31044 34803 46051 53087 59540 64740 69592
1427 1429 1744 2718 3683 3801 3845 3866 3984 4161 4486 4916 6659 6870 7405 7408 7712 8109 8455 11402 12140 12721 13409 13419 14680 14714 14835 15425 16100 16202 19765 21013 21893 24096 24660 24850 24928 24956 28351 29443 30390 32666 36067 41162 49811 53233 67765 72346 101881
24 182 361 638 1415 1802 1857 3160 3549 4807 5321 5521 5632 6438 7921 8469 8828 9121 9746 9817 11098 11367 11443 12494 13925 14057 14075 14748 15532 17835 20734 22100 22602 22864 23734 25254 27040 30697 30839 32443 32673 34138 36208 44560 50654 61245 70522 71186 82069
47 892 1317 1370 1655 2367 2378 2570 2960 3441 3949 4327 4774 4985 5024 5068 5773 6253 6929 7765 8132 8560 8665 8751 9110 10014 12661 12981 13670 14170 20906 21570 21757 25341 25898 27664 29551 31921 40361 41095 45072 45674 48877 49690 51635 60444 68587 71794 74279
80 204 1432 1877 1896 1956 2254 2263 3099 3153 3582 3694 4361 5313 5420 6360 6617 7521 8079 8377 10459 12188 12761 14391 14540 15480 15745 18825 21241 23419 23476 23492 26813 27411 27423 27774 29462 29830 32122 34115 36994 38739 42716 43535 51304 52219 57330 61091 68453
184 273 449 513 566 924 1387 1861 2681 3517 3647 4008 4529 5631 6298 6664 6931 7019 10528 11577 13253 13421 14252 14369 14925 14982 15483 16593 17007 17052 18640 18661 18778 20741 23644 23862 25431 26334 29064 37166 39463 41522 41768 42907 46661 51681 56583 77190 100398
597 658 1227 1352 2075 2102 3380 3569 4595 4741 4878 5178 5289 5380 7072 7279 9157 9494 9798 10031 10558 12071 12742 13193 13394 13952 15562 15764 18318 18477 21089 22431 24249 25401 26819 27244 32230 32288 34614 34882 36535 38648 39693 41233 50444 52415 56481 68188 69870
560 1282 1617 1654 3606 4160 4840 5340 5501 5549 5585 7599 7628 8035 8518 8830 10080 10127 10368 10375 10752 10985 11562 13590 13738 14436 16332 16508 17487 18188 19224 20590 21096 21240 21620 27240 27346 27988 28884 29415 33958 34641 36291 44526 47301 50654 51087 68792 96712
772 815 1407 1457 1591 1944 2050 2944 2981 3231 3906 3924 7322 7679 8002 8059 9689 11195 11272 11604 12457 13744 14032 14361 15022 16100 19639 20361 20911 22579 23990 25397 25411 25444 26062 26726 26745 28180 29707 30593 30633 32851 41448 42927 44049 44887 47092 59787 76818
113 620 797 940 1445 1552 2148 2915 3086 3344 3705 3913 4308 5081 7245 7479 7789 8213 8238 8753 9207 10280 11012 12317 12501 12713 13591 15993 17129 17407 17592 19829 19941 20098 21701 27078 27385 30241 32256 33635 35979 45737 46837 52076 56639 60128 61243 72213 79144
275 407 1042 1530 1950 2096 2369 2831 2843 2886 4343 4641 5130 5974 6534 6575 6769 7764 8073 8162 8354 10327 11459 11653 11764 13781 14198 15749 16154 16465 18284 18654 21688 22184 24044 29447 31960 32607 34052 35952 38998 39453 40638 47700 51360 58328 65527 72016 74908
12 920 1105 1235 2004 2739 3007 3020 3031 4693 4837 4854 5345 5881 6328 6844 6872 7054 7915 8190 8485 9947 11138 12720 12802 14087 14324 14549 14983 16114 17148 17755 18542 19765 21335 21491 23273 24305 26617 28030 28506 33251 33998 38624 48024 50204 52833 85974 167190
331 474 684 2070 2718 2748 3294 3794 3933 3937 3974 5201 5473 5536 6313 6950 7196 7367 8360 9059 9423 10004 11221 11913 13200 14389 15119 15409 15436 15782 15830 15912 17530 21952 22120 22121 25526 25863 28642 29325 40894 42443 43270 46391 58696 60682 64519 71715 86084
290 311 693 862 1084 1254 1897 2496 2568 2719 3473 4305 6257 8194 8418 8654 9906 10321 11784 11888 12087 15091 15145 17083 17316 18770 18991 21328 21847 22966 23004 23472 23541 23550 23752 27442 27465 28696 29702 31690 32935 33692 37621 42863 45747 50282 56084 60860 75487
164 380 573 977 2076 2233 2402 2581 2622 2740 2792 3045 3274 4069 4491 4705 5396 8433 9214 10812 10852 11158 11196 12421 12574 15794 17923 19539 19673 20093 20836 21282 24304 27041 28095 28180 30840 33099 34105 36549 38120 38215 39510 41883 50389 57570 65076 68420 72509
310 560 1289 1553 2234 2589 2675 3116 3214 3313 3341 3809 4253 4951 5261 6188 6791 7323 9137 9276 9341 9841 11577 11692 12221 13464 14011 15055 16742 17158 17179 20157 22096 22280 25899 26133 29085 29910 31309 32940 34150 43935 47292 50877 58873 58974 59202 65399 67940
891 1250 2031 2223 2531 2866 5083 5973 6114 6513 6608 7855 8436 8657 9242 10124 10666 10743 10939 11036 11311 11490 11546 11636 13276 13539 14405 14533 14691 16188 18825 18919 19288 20365 21606 23660 25428 25642 28228 29576 31150 38098 44368 45032 49102 55957 61200 70882 74267
1681 2241 2273 2505 2873 3483 3958 4034 4496 4664 5201 5944 6691 7484 8474 8495 9104 9862 10190 11465 12982 13394 13674 13852 14936 15268 15601 17327 17615 17789 18307 19927 20783 22377 22675 25933 29712 31038 31290 33141 33344 34613 34721 39866 41933 49277 57955 58765 82404
73 774 905 2895 3238 5106 5135 5173 5612 5655 5912 7066 7319 7545 8075 8658 9138 9311 9350 11078 11620 11969 14186 14753 16255 16635 17238 19334 20065 20146 20565 24879 25449 26231 26978 28423 28973 29584 30042 33352 33712 34979 36234 39422 41954 45683 48719 69882 70128
51 1517 3046 3917 4125 4331 4711 5076 6251 6319 6353 6612 6788 7394 8029 8746 9858 9918 9976 11858 12258 12738 14187 14276 15100 16184 16193 16734 17013 17763 17852 19435 19714 19724 21279 21584 21616 26078 26185 28060 30586 30999 40879 46396 50391 52475 64815 76304 81133
1024 1041 1564 2170 2581 2912 3353 3534 4009 4709 5991 6816 6995 7981 8271 8290 9055 9254 9465 9619 10226 10802 11305 11855 11876 11928 12892 15452 16238 17905 19557 20227 20839 22501 23611 24553 25317 27755 28549 31648 32317 33230 33976 34774 40049 40531 44195 72268 152220
190 340 452 1476 1657 1868 2079 2198 2230 2710 3723 4881 5976 7006 7074 8327 8746 9220 9442 9598 10045 10524 10529 11400 12349 12793 14384 14901 17890 18888 21159 21706 22995 23985 24059 28156 29212 30632 32264 32747 34174 35135 37173 40728 53312 53502 56777 78803 85586
319 429 631 1028 1303 1352 1856 1919 2220 4099 4489 4603 5473 7319 7562 9142 9548 10664 10962 13205 14055 14233 14383 14566 15371 15979 16027 16470 18787 20166 20369 20502 21857 23260 23385 26709 27205 29965 30961 31725 34438 35324 43679 43891 50979 58234 61631 62978 75598
610 982 1785 3001 4344 4465 4964 5026 5812 6521 6734 7887 8009 8015 8121 9018 9493 9625 10367 11350 11615 12641 12646 13433 14399 14415 14505 14736 15444 15742 16545 17556 20842 21770 23091 25301 27675 28239 29761 32025 36927 38106 44909 45887 51002 51491 54801 56570 79327
323 894 2131 2799 3702 4070 4385 5344 6105 6166 7224 7723 8333 8684 8695 8705 9482 9858 9887 10212 10520 10541 10591 11351 12062 12676 14440 14494 14595 15309 16562 17346 18145 18904 19246 19827 21503 22502 25011 26235 33860 41574 44880 45599 49353 58801 63909 64937 125241
1306 1511 1573 2141 2361 3413 3430 3584 4800 5937 6062 6217 6345 6735 7915 7933 10450 10510 10956 13663 14007 14616 15363 15500 15695 16307 16581 18576 18903 19072 19087 19316 19564 20825 21077 23966 25249 26791 29565 32103 32376 33310 35339 45162 54420 58685 60545 71737 74065
24 618 621 686 1317 1566 3393 3819 4204 5321 5334 5485 6135 7635 10274 10335 10555 10828 11652 12110 13460 14747 14978 15047 15365 17866 18238 19984 20326 20658 21418 22618 22904 24589 24971 26267 28261 32659 34488 35289 35806 36109 37691 39162 44298 45853 52852 59389 66324
665 690 1077 1557 1789 1818 2979 3370 3524 3863 4174 4886 5389 5660 6405 6946 7631 8252 8532 9167 9470 10524 10735 10781 12257 14799 16093 16957 17575 18030 20998 24757 25355 26851 26894 27079 29609 30743 34939 35931 39875 41109 43711 45462 46707 51476 51636 55893 77250
299 789 1142 1525 1561 2097 2868 3171 4110 5069 5252 6016 7100 7586 8194 8707 8961 11484 11659 12031 12033 12069 12665 13784 16168 16254 16256 17694 18560 19134 20196 20238 21358 21785 22368 25651 26826 27267 29619 29748 31502 37518 41299 44186 44773 46591 51045 74081 76370
22 485 737 1419 1462 1513 1652 1870 1936 2847 3048 4257 4725 5275 6619 6735 6740 7575 8438 8648 9200 9675 9755 10075 10493 11349 11804 13811 14411 15195 15646 16869 23518 26920 26971 31027 31970 33329 34654 35870 37492 39133 45857 47294 47976 60734 68625 72569 83592
151 315 1955 2232 2493 3781 3870 4254 4396 4492 5537 5668 5692 5873 5921 6499 6646 6768 6848 7264 7937 8005 8655 10804 11032 12185 14294 16505 17405 18198 21496 21499 21884 24194 25453 28780 34588 35179 35740 40859 41234 41266 45548 46943 51391 53264 53286 63560 81427
384 737 786 1739 2720 3054 3181 3408 3700 4360 4584 5168 5260 6326 7778 8712 8798 9003 9190 9545 10656 10768 10873 12012 13273 13318 13500 14791 15750 17159 17992 18052 22328 22393 25156 26587 26648 28190 29916 30307 33596 35570 37918 40657 41343 55033 59205 71441 102942
