1000 21 19
2273 5036 7184 9612 9997 12696 23644 25025 26398 26519 37735 51845 53760 55860 60327 70378 72584 134191 173139
998 1807 6716 12081 15225 22546 27456 33443 35195 41395 43587 59570 59740 61611 62197 72268 79576 106270 170661
841 3904 12065 16014 18762 27249 28753 29187 31872 39589 41044 46705 51860 54369 56686 70227 74470 116834 157933
2199 4888 9684 11482 17649 18123 20517 33291 36601 44569 45695 49961 57014 61342 80506 81303 88922 93749 121878
12 667 2860 2931 9355 12716 13247 16140 29247 29932 32499 32989 36903 40371 51291 68191 73419 94603 237905
889 2526 3142 13034 14926 16431 31537 34040 36409 40456 40614 42801 66411 71301 74451 79686 86632 88222 101353
1751 4286 6575 7842 7962 8673 13371 35627 37417 40605 49430 49680 60443 71853 72203 75295 87616 104756 132672
554 983 1634 3595 8667 10302 10418 17320 21249 23729 26973 35329 50549 60263 66306 79970 102160 125406 127156
722 2007 4884 5765 10431 23160 23863 28758 29365 33824 40220 51855 60799 67141 78326 87417 94714 105011 119641
412 1040 1042 6102 7325 10716 11284 14150 27513 30454 31555 36389 38421 39739 61021 73537 86274 93743 197655
2319 6026 6403 6724 6760 6993 17434 19010 21616 21796 39837 40503 49506 56961 65226 73060 76631 106978 148132
1560 3322 4106 6546 9078 15820 19121 19297 22938 25373 28530 33743 50749 54685 60761 85382 132437 133312 141543
2205 3299 4007 5510 8776 9688 10136 14242 17018 26920 27489 28957 35551 37305 37384 78643 106079 162776 221529
3560 6773 8722 10793 14673 15208 21175 26057 29599 29965 36507 42107 42834 44799 67847 74517 79906 96396 123610
115 4707 6238 8389 8436 17522 26417 33792 34982 36126 39764 50322 51501 55410 62372 63374 81641 118049 167318
2046 2134 2453 3246 8516 21252 21654 25182 27033 28284 33944 38740 52173 59267 59860 95265 101648 121698 130497
643 2153 2399 5006 6628 7993 8861 10279 11972 13703 39867 47089 56722 70189 70886 88875 89376 120985 231185
102 292 1221 6691 7638 18435 20061 22963 25595 32410 37339 43528 57459 63983 80959 81525 107217 125372 158854
2130 6362 6524 9127 15727 16213 20872 23872 32169 36991 47542 54717 58823 60908 67747 93586 94634 103872 123460
231 11431 11574 12914 13790 16154 18422 20730 27207 31569 36290 42338 61621 64592 75039 76797 86911 94067 134684
7765 9292 10406 10618 10875 12306 13812 22336 24313 30235 42125 44051 48003 49922 52606 70332 82757 89445 139527
