1000 29 42
1204 2409 2578 2645 3294 3314 3419 3669 3979 4968 4999 5019 5241 5354 5435 5597 5795 8499 8740 11973 14380 14773 16091 19518 19793 20632 22503 27502 29143 32634 32673 33581 37480 39833 39920 40312 42688 50289 56815 88595 99467 105186
114 501 968 1647 2701 4172 4796 5124 5485 5657 7114 7443 8127 9229 9336 11258 12706 14348 15049 16046 17130 17457 19418 20300 21271 21826 22319 23478 25081 28835 34072 38665 41525 42105 44297 46441 48663 51871 51906 67747 71156 90831
188 673 743 827 1428 1655 2115 2246 2294 4812 5689 6588 7098 7111 7496 7760 9019 9178 9842 10461 14515 16997 17391 18127 19005 19234 21835 22086 24988 36367 37638 38825 42272 43335 45389 52487 57622 57756 63999 67234 70062 97835
179 1123 1194 1426 2320 2816 3669 3911 4126 4214 5268 5572 6512 6907 7629 8977 9701 10891 11374 11835 11878 12651 15640 16267 20187 20635 21372 22313 23375 26234 29391 31470 33237 35663 43589 50475 50557 53836 54292 77457 78121 139950
73 90 716 1729 4924 6024 6610 8309 8666 9140 9141 10265 10335 11211 11303 11421 12693 12732 13412 14097 16181 18486 18774 21213 22009 23110 23509 23957 24555 24745 25641 36538 37128 38195 39354 40858 47356 49047 52688 64018 67617 108477
143 449 2887 2898 3089 3557 3983 4263 5491 5858 6367 6786 6871 8172 9062 10320 12382 12457 15144 15614 17726 18339 19964 22144 22239 26142 26327 27117 28467 31065 31446 32008 32652 36605 43900 50395 51997 52694 57154 67222 69139 84301
130 214 1129 1408 1668 3627 4116 4706 5123 5923 5946 9532 10210 10733 10820 11631 11755 12344 15532 15783 19534 19725 21529 22700 23926 25559 29011 31773 32428 32568 33806 33922 35120 37744 40766 49002 49244 50318 56067 56283 66584 70554
142 254 276 293 452 795 1583 2967 3095 3575 3578 3655 4606 5381 5902 6819 8775 9250 13942 15191 16367 18689 18715 20707 21334 22964 25294 28399 30086 36303 39892 42153 43017 45967 46841 48220 51295 53472 59874 62355 69391 97214
2083 2173 2575 3351 3768 4239 4424 5067 5557 5583 6034 6258 7530 7870 8004 8299 11961 14332 14359 14389 16585 16640 18554 19766 21673 22025 22283 22811 24686 24847 25667 28015 30064 32696 35650 41250 46623 61632 62004 68883 91747 111405
82 1136 1231 1585 2049 2815 3922 3961 4915 5468 5920 6239 6674 8170 9448 10880 11183 11713 12086 12383 12554 13827 14260 15770 15825 16949 19190 23096 24125 25037 26073 28265 28696 32846 40753 43768 47280 56129 63784 67075 118984 125995
29 153 402 727 1449 1622 2255 2257 2604 3669 3889 5092 5425 7448 7542 8125 9191 9378 9405 13751 14233 14623 14837 16809 17433 23812 24850 29145 31563 33063 37660 37998 39245 40099 41680 44870 47714 53732 57543 63996 80574 119751
450 2559 5233 6033 6375 6473 6787 6838 8055 8296 10175 11601 12124 12702 13864 14134 14595 15309 16399 16782 16785 16969 17604 18778 19220 19799 20010 20200 24331 25296 26333 27058 30065 30634 33782 41908 48086 52200 58208 59876 82894 99853
757 906 2650 2870 3296 3682 3714 4445 4950 5884 6668 7042 8424 8845 9076 11016 11983 13114 14631 14636 14759 14966 15160 16472 23815 25076 27275 27900 30182 34394 35180 35741 38054 40379 42712 43007 43543 45549 51076 52353 76707 108759
397 620 859 1678 2651 2896 3523 5325 5898 8822 10452 10478 10912 11164 11322 11412 11747 12556 12967 12969 13039 14199 17164 17609 20820 24952 26893 29726 33819 33823 34476 34587 34939 43649 45190 45281 45684 47687 50069 55652 80301 89868
652 772 929 3366 3386 4218 4273 4497 4522 5729 7303 7678 7815 8837 8870 12489 12561 14957 15997 17614 18450 21583 22549 23837 25028 25741 26269 26469 31663 33538 34483 34815 37074 37084 40017 45581 46786 47263 52355 54630 67250 90362
558 1049 2296 2562 2825 3306 3387 3589 3647 6102 7512 7537 7781 8228 8823 9229 12051 12528 14086 14814 15141 15621 16518 16987 17349 18643 22590 24960 25824 29658 31094 31534 32675 36417 43459 43664 50399 54203 63388 66118 82715 107719
69 132 302 1243 1988 2308 3323 3521 4107 4583 6538 7132 7412 7823 8067 12991 13667 14020 14072 15267 15748 15973 17652 18227 20828 21905 22794 25772 26868 30179 33575 34026 36119 38068 39330 39917 47641 59510 59995 67154 92973 99107
121 227 598 1747 2201 3131 3982 4395 4482 6042 6836 8941 8965 9327 9456 9968 10518 11493 11774 11913 13517 13999 14444 14594 18569 20348 21650 24411 30486 33024 33614 33767 42829 43860 52260 56767 58261 60173 61554 65759 70265 72235
548 1172 1410 2388 2649 3432 4282 4913 4927 6769 6969 7608 7806 7856 8462 9534 10019 10852 10867 11238 12668 16253 18943 21959 23351 25301 26275 29497 29561 31764 32610 35771 36813 40853 41473 51325 51844 62799 62825 63667 66696 75620
8 357 436 1136 2365 2931 4691 7328 8345 10072 10085 10835 11173 12857 13031 13068 15294 16212 16620 17050 17128 17986 20847 22238 22448 22647 22994 24098 24233 26204 33602 34477 34879 36640 37643 37780 40765 43394 46181 50288 67555 121343
920 1349 2335 2383 3189 3330 3387 5279 5468 5563 5649 6290 7590 8378 9026 9380 9792 13122 13416 13486 13947 14542 14911 15198 16370 18849 19540 20022 22368 23624 26236 28512 32245 33907 37416 42957 52339 58867 60651 92124 100524 107832
61 1010 1187 2123 2338 2551 3106 4012 4623 4814 5005 6178 6333 6626 6676 8552 8696 8954 10469 10488 11676 12052 12368 12518 14060 15416 16043 21840 24989 26222 35615 38198 39593 46876 53193 53288 53460 58946 63710 83634 89658 91122
148 253 263 520 565 1595 3491 3686 4242 4828 5618 6563 7259 7661 9404 10120 11303 12316 12936 14057 15041 15384 15763 17585 19888 20196 20680 20760 23194 24549 26565 27610 42208 46621 54931 55049 55187 58685 61188 67695 78477 101554
942 992 2132 2269 2550 3306 3605 3990 4043 5114 7258 7739 8699 8701 8729 9392 10527 11798 12973 13572 15191 18666 19245 19262 19941 20331 23077 25125 28701 30766 30773 32215 40603 46956 47873 51185 55851 56481 57013 63709 79297 80560
435 705 952 1843 3399 3697 3906 4547 5665 5822 6050 8361 8413 8867 12449 14215 15201 15352 15617 15764 16346 16525 18765 19826 21112 21698 22783 24306 26201 26277 27965 32535 35223 43020 43770 46548 47235 47262 48805 66245 77367 104042
70 125 352 2477 2713 2731 2765 4073 4355 5633 6353 6458 8094 8209 8376 8961 9031 9695 10051 11664 12305 13064 16327 17354 19249 20503 21238 21513 22637 24141 38148 39767 41006 44951 47840 49968 54164 58764 63113 73707 82458 96458
448 554 588 1052 2177 2594 3346 3475 3614 5892 5999 6620 6699 6867 6870 7146 7472 8552 9799 10965 11339 12012 14866 15161 17093 21402 23662 24542 26365 28703 29660 33888 37243 42503 43028 51198 52690 68269 73872 74644 82931 98325
73 3107 3490 3838 4472 4734 5816 6011 6252 6903 7288 7365 9112 9972 10618 10648 11265 11272 11674 12251 12661 14422 14501 17385 18303 18680 21300 21426 21509 27389 28735 34646 36577 38365 40822 46949 48157 51013 58594 61192 84921 126450
620 779 1325 2107 2626 3435 3616 5217 5461 5715 5962 7034 7643 8098 9009 9422 13291 13648 14000 14781 16176 18235 20226 20923 21121 24054 25349 27720 29042 34182 34462 35108 39772 42618 46832 48739 49407 53119 55852 64679 67895 76437
