1000 14 37
1225 3245 3651 5115 6341 7579 7603 10599 10722 11130 11841 13462 13625 14303 15299 15877 16479 17390 19530 20130 20826 23188 23721 23948 24211 25638 32424 34096 35807 39006 39692 46117 61848 63102 66392 97796 111815
870 1812 1950 2072 2820 3436 8806 9126 10872 11106 12607 12846 13374 14573 19417 19837 20117 20286 20417 20919 22211 22562 23284 23743 24657 25851 26779 26927 28202 34670 53874 54082 55542 59576 81301 83382 116409
537 1002 1632 2367 2464 2600 2844 3246 4214 6781 7154 9321 9329 9765 11155 12081 12723 14285 19088 19092 19371 19969 27805 28701 30439 30774 34548 38913 45192 46176 51646 55114 67130 69762 75621 93372 103918
830 1099 1343 1749 3077 4935 8635 9052 10205 10648 10931 11578 11665 11965 12988 15684 18783 20248 20497 20868 23426 23694 26073 26455 28810 30586 32928 34740 40832 45285 47046 48512 56441 56577 76219 89369 100780
837 882 1187 1310 2578 3070 3499 6201 7323 7461 8127 10539 13179 14431 14514 15239 18491 19590 21265 24452 25529 26345 29911 32430 32723 34808 37842 39463 42144 42548 45145 45503 45672 62468 82991 86683 87920
154 1525 1799 2030 2565 4534 4680 4692 6249 6410 6747 6979 7610 7738 7752 9018 12447 13076 15224 16149 16544 19853 22967 26930 29717 29800 31040 45945 46031 48573 50580 53310 54253 64676 71767 72651 169731
1025 1402 1584 1912 1941 2112 2403 2778 3962 4450 4901 9158 9340 9940 12302 12310 12562 12688 16556 18366 18450 21233 21497 31604 33562 35349 36760 41499 41520 42655 44708 47466 49533 76318 87823 105651 111722
542 1306 1307 1357 1468 2149 3937 4129 4752 7535 9249 9595 9789 14031 15181 15296 18040 19296 20485 22209 22675 28377 29354 29425 29641 31287 33896 38139 40292 42888 46328 51134 51684 54366 64952 80341 137928
2892 7314 7642 8012 8343 9280 10802 11198 12064 12206 13485 14626 14752 14871 16192 16451 16504 17769 19472 20236 23909 24662 26010 26404 29317 31535 38600 40792 41846 41920 44189 47718 56304 56370 59233 73255 76446
1260 1532 1705 1882 2058 2256 2965 4875 5684 6666 6914 9242 9305 9790 11752 11767 13784 20400 21009 23411 25924 26354 27143 29282 29733 33019 34384 36148 36623 44703 48044 51011 58902 67459 74007 92269 106526
624 1001 1014 1937 2595 5959 6451 8778 8817 10192 15148 16505 19797 21031 22848 23423 23568 25857 27626 28602 29323 29651 29669 29899 31388 31493 32919 33326 34563 35510 36587 42659 46832 47257 66608 68610 92936
472 748 835 6164 7118 8552 9967 10598 10691 11495 12565 13414 13680 13962 17600 18236 21074 23241 23313 23353 23762 24347 24823 26399 27083 28264 29351 30955 45779 50348 50954 54794 55458 58353 69701 72502 73277
1746 2916 3301 4135 6500 6805 7209 7399 8216 8221 8294 9366 10745 12848 13072 15434 15439 15677 16665 17264 18044 18247 22157 23075 25187 25460 25598 30496 31173 31842 32525 35760 48517 56666 65134 100918 209118
2934 4319 5941 6573 6755 6978 7468 8426 8611 9688 15162 17054 17506 17812 20021 20116 20838 22994 24407 25748 28418 29017 29435 31766 33303 33970 36194 37251 37963 38388 39670 39982 40645 45096 49177 66658 106612
