1000 9 14
10645 14643 22949 24093 33679 36613 62251 64070 67143 90651 92996 105214 114396 167641
80 7248 21740 28419 28577 44587 57138 57840 60746 86619 89700 95490 138925 224541
1836 3769 6575 18093 22157 35756 42803 49255 50826 64071 76316 85791 140993 307756
5207 10438 11506 12736 18224 24450 28170 30078 54922 88788 117773 118301 134582 241694
9709 19587 26360 30510 30919 31517 32881 37004 38414 43618 55525 117412 119865 295453
977 4415 7997 13452 18109 18881 42868 53154 64339 71372 85990 98154 178545 260093
6122 16243 18394 20439 22418 25049 36703 61656 76867 93766 111694 113682 128549 136490
3924 4061 5732 8616 12578 17774 37134 51960 53991 56798 58241 135475 160984 315127
2414 9057 14837 18866 19555 25108 32355 36043 51334 99601 101724 106860 136352 281444
