1000 14 38
127 392 756 1113 1260 1416 1510 2423 3265 3377 4613 4638 5960 6248 7559 8763 9402 9489 10060 12805 13430 14551 15139 16563 18212 18428 24143 26354 27980 30007 35395 36396 43109 49439 55682 74661 91600 136944
67 286 961 1697 2343 2730 3319 3565 4467 4754 7287 7312 8059 8611 8711 11128 12433 13203 16729 17558 18884 18971 19447 22781 23278 25275 27457 28034 33004 35644 40698 44212 47190 48438 55494 56291 66280 89154
1239 1845 2356 2918 3186 3967 4933 7777 7898 8377 8778 9575 9634 9785 9931 10192 10451 10486 14579 14999 16353 17875 19047 20210 20656 23684 28408 31482 32459 32602 40281 43859 43895 55319 75256 77918 78870 106393
2990 3690 4625 4750 5152 5214 5642 8047 8320 9205 9272 10578 11653 12438 14226 15379 15635 16889 17590 21641 21667 23784 26859 27820 28016 28376 28619 29467 33172 34030 36059 36466 37468 40543 45360 45412 71966 101885
115 690 875 1821 1913 3524 4466 5338 6176 6778 8866 12459 12601 13374 13393 15144 15336 15599 15873 16076 18794 19527 21272 22009 22168 27144 29806 30004 33466 33838 34288 35288 36303 46988 50793 66254 91819 94174
237 570 2727 3516 5967 7346 7914 8167 10856 10968 11415 12951 14105 14128 14209 16527 19412 21165 22178 22248 22401 22955 25402 25600 27521 27640 28707 30042 31966 32570 40141 41161 43806 46788 47743 56750 67551 68598
3 503 2221 2707 3837 4076 5600 6506 7826 8561 9282 9665 9946 10820 11675 12358 13193 13314 13374 14354 14671 14859 18549 19425 20254 20752 22495 23823 25412 29617 34326 38890 46604 51737 53930 56650 90628 104755
343 452 482 1360 1746 2312 2395 3375 5092 6433 6517 7108 7506 8989 9239 11492 12215 12920 14986 17081 18548 18901 22428 22787 22963 25485 25992 28089 34347 37274 38795 40464 46696 47345 47821 48195 51125 81420
2926 3399 3453 3833 3859 3941 4362 5584 7369 7998 10034 10356 10543 11821 12642 12913 13144 15965 16120 19580 20175 23116 27759 31436 31442 33641 34889 35752 37051 39003 39620 39709 39719 43060 46191 53168 54694 70265
643 1482 1865 1915 2023 2331 2439 2916 3561 5174 5691 6040 8477 9813 9872 9950 10808 16714 18770 19030 19574 20876 21586 24084 25612 31521 32580 33803 37742 40181 44479 46186 47702 50026 50327 54322 63443 87781
336 742 1449 1499 1645 2303 3387 3611 4089 6060 8987 9507 9909 10150 12633 15612 15754 15876 16305 16912 17031 18224 22533 23831 25106 26195 34603 35950 37357 40668 45271 46005 48495 50818 59969 65928 83439 83995
437 693 1126 1262 2061 2152 4029 4423 5528 6414 7743 7751 8146 8421 8719 9535 11904 11947 14853 14869 15130 15137 16299 17197 17239 17711 18146 22101 24295 24689 30582 46528 51149 74541 76138 99177 99347 113069
1424 2412 4489 6459 6996 7335 7490 9610 9889 11296 11960 13019 13208 13576 13646 14427 14810 16961 17539 19463 20050 23651 25131 26266 28298 29032 29452 29593 30411 30619 30931 31193 33786 34855 35820 46577 51892 68557
222 347 742 1052 2333 2546 2835 3883 4145 4364 4897 8345 9345 9560 9824 11831 12454 13171 13472 15668 17080 17442 17708 19863 23341 24138 27170 27358 30337 36754 39311 45216 50286 63432 64770 70364 95997 104951
