1000 48 16
4429 5036 5884 8057 9587 13683 18906 24627 29031 31508 33234 46798 59133 82828 138748 146969
2670 3703 3787 5806 10204 17119 26173 29547 32461 47538 61395 63009 79487 97863 167376 210416
2903 7513 10073 10331 12571 13436 19601 31465 43315 43786 44542 47111 64718 88905 103163 105691
2683 3560 13876 17221 17919 19533 28527 38193 39300 41319 51444 53085 54723 72451 125052 126078
4987 8120 20765 28947 34339 42447 48883 49722 51917 60632 60957 61189 64892 71761 89585 93313
1682 4427 6737 8726 17434 17515 22639 36992 40216 42222 53873 59404 93437 96739 97960 98843
3415 9649 12093 15234 17322 17540 22194 26136 27286 28112 32089 44824 48299 131359 152602 171302
6246 11521 19905 23693 27192 28787 29651 36694 41267 49508 69352 74803 84196 92483 95509 171946
2790 3043 5048 6147 9108 10320 11552 18557 18566 25219 42852 67529 74760 114348 123227 149082
2739 8633 8957 9496 14835 23711 25355 25649 26464 33874 38431 39708 71528 100393 124466 133105
6509 13983 16755 26112 38778 42112 42563 50028 58687 64730 70135 73246 78339 81830 84262 96663
3967 4188 5456 11758 16127 16778 27119 31780 33822 36697 39211 58344 72351 74668 88966 111591
8186 9746 11234 11939 12355 17117 29313 37401 38425 42603 44456 55006 59535 82349 84058 164502
897 12418 13412 13931 23391 24018 28007 29316 29425 41778 48406 59106 70579 75248 76819 226591
850 3312 6058 9388 9442 13418 21708 22840 27918 34530 38832 44899 51976 72905 125307 144019
916 3924 6521 6711 7179 11409 19078 25784 26187 28471 52036 58762 74785 88801 115364 121703
3720 8488 8902 11613 15758 16328 17664 20744 21686 37301 38742 79295 82086 115124 118601 186716
951 5289 7889 11928 12220 13160 13981 23384 33301 35032 52713 54007 84859 96390 120125 140478
5915 7604 13262 24629 25527 27663 31251 42039 47618 48525 64898 72062 73027 85589 96094 148907
632 1305 2957 3065 8179 36484 38252 38747 41829 50912 55110 60964 91299 116058 126556 126910
3707 4091 8308 10248 13730 15085 16045 20216 26280 32758 41938 60221 68366 105773 142576 187683
1123 5366 11334 14559 23236 27634 30591 43490 43658 53267 54316 58161 59731 67778 76544 215311
1839 14006 14401 16653 21676 26883 33276 34943 37806 41910 44562 46168 60080 77220 104833 133849
12040 15570 17778 18167 19947 20506 20576 27548 45860 46587 73281 75158 88273 105072 106697 123685
1281 1694 6763 16196 16832 19944 21410 25532 38440 47552 48881 59638 79633 93858 117190 128313
2505 6607 8247 15721 15967 17745 18571 23901 25974 27461 28305 34349 66435 73403 183725 265257
138 192 8193 10615 18809 18972 25719 28365 34608 34816 47119 48525 111421 113842 116545 172256
8274 12330 12781 13352 21885 23190 23575 24387 28147 53270 54969 67556 71141 113833 116684 146060
865 1032 1783 2336 3496 4158 5907 16977 18246 37072 46820 74972 105058 106156 109027 122259
653 711 1809 3773 4696 7645 20969 28557 31092 51765 55779 56360 70843 72197 77798 152328
45 10422 11737 12326 25787 26577 29702 36539 54308 55583 63210 76900 85000 89212 99429 140362
2894 3968 4053 9026 16786 17841 20452 23499 30507 39331 43375 43717 43866 58491 152063 181087
1806 3579 5243 8642 11863 12109 13226 27552 28923 45462 55315 57372 60771 144304 150372 203064
508 1595 2982 4578 7946 8887 12202 17337 19605 21306 33963 69349 81151 90889 117011 141653
538 3960 10396 10929 14308 15621 17846 18179 19501 24076 42712 57247 92394 121622 155886 198811
4139 16810 17849 22175 25147 39879 40549 41531 43279 51113 52559 72008 91641 95817 99589 127062
4073 5491 12346 13774 15954 19652 29748 38272 42925 49836 74573 77867 93718 104088 110104 164644
163 9097 10939 12114 15875 19317 21447 32562 42014 47240 51149 53586 81764 86235 105076 105569
3394 10121 12008 12231 12300 13277 15233 28437 41061 46638 53122 59917 68361 83525 181876 185036
5859 10363 12279 13233 20028 22120 22393 36316 36411 36950 54048 58801 95318 107214 117721 125137
8108 10720 13227 15062 23378 27327 29964 31371 31598 45447 48022 50707 51308 101092 126841 211633
2773 4470 8278 18014 19415 23756 26815 28956 29046 29658 41792 43063 54918 56739 77134 212530
2020 5204 9200 17526 18813 27442 32582 44382 45209 58715 59482 70925 79420 104665 131292 140279
936 3967 4046 7326 7668 9169 12271 19310 24804 30471 35771 44252 57639 73439 225645 264688
1448 1996 9071 10534 10661 23762 25627 27363 31116 36582 40917 42222 68900 69224 72852 188886
5716 9891 10674 11855 14238 16126 29672 34345 34651 44590 45505 46476 56626 68924 70795 134225
6965 10472 12890 15725 18223 19226 19899 21842 23012 36467 42582 54932 76376 83246 102577 299530
687 3968 18342 21276 37554 42749 43714 48197 51947 64303 68877 71787 74829 79685 84489 127669
