1000 47 6
12591 29525 130855 176088 176705 457665
29647 59035 200718 203918 226967 269307
14053 94273 131998 170850 178024 397032
59456 82495 112498 142356 193479 393604
4716 7878 24988 100197 320260 531669
31323 69355 82968 152980 294286 362428
55274 86638 112145 149906 224810 360251
31798 51499 109090 175157 281768 343190
17537 25416 54617 80698 235267 574075
54704 78739 80697 164346 299027 308336
34106 60300 158475 198480 214386 321336
5407 103927 128139 209780 258659 286875
4572 128509 136210 164181 210417 349282
57782 101162 171355 180480 230719 247008
8438 85530 179880 217819 229960 270534
23399 44048 54549 58991 301150 504062
1294 57098 66760 185072 224002 448951
29136 101190 167466 184882 223946 279635
47903 49667 65116 156725 319127 353000
36885 71078 75262 114023 314849 374497
14586 49893 95183 133689 326615 364108
71546 100768 156431 172735 228415 262846
34198 38763 92389 186770 285093 353457
8807 74627 78610 187770 251498 390709
27383 39831 61282 182709 305534 372311
40682 47631 108049 223135 226695 345452
11503 90030 123895 150065 291307 317890
60703 74566 88178 218415 259551 288721
46652 71562 74287 194512 287312 315478
40566 67753 134340 151631 288656 303952
1469 21903 76546 81529 306937 505738
25374 52014 139501 150944 228555 391236
1654 109033 142522 158291 278319 293446
5329 26430 90528 139630 311551 416869
9103 46342 182867 187566 194926 367078
54322 62855 108693 123275 124657 515197
3970 60621 71332 125968 191152 529944
38143 48362 109625 124331 219900 450665
31162 38297 71299 103209 331854 409473
11162 73312 97837 172329 313852 314653
44949 72094 97672 120332 260487 394817
5334 32354 93628 119631 284543 456515
185 65720 75193 243985 290065 317559
50469 65511 128719 153266 166582 425091
10105 22261 59864 186402 219540 494188
19237 51500 114431 207582 297915 303388
53167 124662 138728 167008 171327 329542
