1000 12 21
3026 3511 3696 5050 7130 9502 13607 19334 24935 30569 38152 41879 46424 47760 50614 64681 77320 84458 92353 98745 118284
1547 2665 3362 10784 11131 13636 19798 23890 24625 26576 27235 32162 35832 36643 41577 44013 61192 79650 94348 101991 106236
407 1849 9218 9697 14471 15259 20734 23015 23033 26172 26764 31468 31939 34420 49419 59125 59380 59995 64229 75481 156082
1461 2297 3977 7872 11201 16594 16726 16838 18009 20784 23743 34335 38726 38873 49519 57585 59369 64504 69828 110419 130020
2345 4325 7879 9507 12222 16556 24147 26688 28818 29252 29517 34194 36753 37673 50859 56796 69727 77146 86845 96357 117275
1820 2025 5042 6283 7499 8514 10403 10786 16551 36038 38056 38494 52071 56685 59558 68759 77202 88338 92485 98659 115788
575 924 2740 2954 4258 5094 5335 7570 12718 13549 18405 20191 20321 21508 23070 31281 46894 59089 164257 194377 227147
2731 4298 4591 4636 14424 14504 18773 20088 27573 29029 29033 33494 37609 48253 51168 57808 69126 81050 96385 117358 141449
1053 3017 3903 5864 6890 11643 13054 16643 22576 22603 39449 43598 45114 46350 48895 56452 78226 90617 98906 121295 143901
995 2018 3076 4118 8299 9669 16067 19322 21211 22500 34130 37025 39672 40286 50627 60729 62048 73952 88438 97935 100284
620 797 989 3368 4245 8905 9686 10177 11461 16720 27760 37274 39219 53150 53511 56848 60011 72499 105493 111348 190762
1795 10193 11144 11930 13284 13564 18842 27775 29374 31173 33039 34524 37779 44574 48008 57439 65460 65816 91746 93836 151709
