1000 48 18
315 698 970 1996 10293 13034 14585 32359 33593 35474 51296 53561 57143 72591 81905 126502 156218 187441
1001 1915 10387 15638 18719 19237 19740 21937 22458 23161 26048 33814 46722 57583 71403 83875 190238 202291
480 3759 12285 13693 14987 21365 24087 36539 38355 53978 57919 57926 67976 73457 78501 80334 85430 94020
1762 3120 8493 8840 11160 12232 14972 32982 34461 47177 48113 55604 71848 71918 86081 88942 100097 116514
1897 2476 5050 9785 19543 19739 22672 23072 23300 25026 30532 32632 35589 62539 77413 102134 124187 202589
5997 9962 10793 14189 18688 20557 22979 38492 43808 43838 54911 63631 69796 70178 73339 73810 118964 131210
623 6521 9164 13652 14450 29858 31308 32746 33928 34205 49619 54857 61345 75018 75792 94861 122731 125845
2265 2493 3845 13881 21574 22348 23680 24865 25393 27040 40703 45587 47258 50186 82786 118783 164469 172271
1412 2900 5149 11929 14483 14992 15572 17413 21505 22194 27009 46260 48787 59129 69931 82765 98261 308888
3948 16493 17968 18602 19534 20947 21018 27968 37614 45011 46425 49996 50699 70336 85257 89200 100384 171415
545 1686 1865 4698 15076 19701 19741 24893 30442 30995 31353 64694 71419 78563 97558 99706 138471 148634
1873 4455 9281 10918 13938 18824 25579 26684 31149 31288 59687 64051 64413 83078 86373 99116 124239 177091
2889 3940 8158 10647 13189 20193 20276 20380 25655 30505 32134 33163 37679 52464 68304 72981 128949 240237
515 653 5502 6081 8400 12599 31372 39153 39320 41011 42283 57689 60281 62675 93468 123424 139456 154102
1729 3817 7337 11865 12276 18303 19426 30413 30481 32940 33057 35761 45537 85955 116436 127518 157346 160492
12976 14172 18665 19120 19129 24728 31361 32319 37664 39300 43608 44976 49708 58680 84331 90883 97200 105685
1714 3016 8459 8959 11357 12099 13848 14341 22117 29022 40187 52172 78993 82435 104945 105334 133052 134710
3068 11945 14655 19995 32106 32779 34436 41122 42275 43064 43643 44345 49614 64910 66202 66954 76907 135993
1644 9893 13482 16909 17596 21690 22173 23740 25323 27713 29661 34227 78280 85595 91168 110828 117378 123252
3026 3495 7779 13135 15737 23039 28812 36694 41416 58565 59204 67330 68021 68236 73152 75419 77719 138353
1102 7916 8263 12979 14722 18296 33499 35454 37015 45031 47098 51672 55310 57487 67282 87389 118818 162324
442 16929 17232 17767 18801 19313 22451 22719 29227 31806 38287 41414 74319 88831 98170 125117 129415 134316
4685 6268 6422 14461 15773 20462 21015 23342 24083 40408 45808 50395 55901 89952 98656 105929 116443 116691
1406 3577 5108 8023 17544 25087 31190 41803 46895 49249 51813 52571 55905 70508 71764 76351 101029 211967
155 3619 8455 11464 15890 20137 22252 34917 36949 38706 51384 57162 59162 62865 78398 84364 96136 131543
822 2211 4823 14616 15029 15635 17899 22370 28320 30583 31663 42092 52827 56166 59899 87739 180655 225465
535 2262 2761 5128 7028 12136 17649 18119 20429 30529 31171 42398 66436 73223 89624 119895 124360 189242
5353 5495 5980 11708 13563 15549 16745 22514 27076 29420 31105 61087 67276 73040 78705 106580 121834 124576
5785 6512 10142 11329 13952 20412 32073 38357 46728 48283 54018 57460 57825 63224 66134 83818 98641 170939
2443 3404 6132 6811 13573 18557 22978 24320 27073 35521 46607 50475 58796 64105 71439 86458 156881 236095
2688 5511 6080 6724 8552 21521 37043 40593 41427 44079 46277 53126 62684 70087 74492 100648 105288 147225
2107 6270 6468 8727 9762 10609 12777 13324 24812 32256 34460 64118 69285 80800 97007 128395 135153 153984
1456 2121 5243 5439 11505 14767 15138 18141 27200 42512 45974 48437 54127 57033 67505 122420 134435 190532
5763 6562 9239 11630 14858 18429 31585 37226 37732 38520 42958 45972 53855 60556 70361 101870 103137 215846
126 2400 2678 4601 5199 7788 9591 24787 26282 47933 61809 61940 63387 65545 69366 76255 190950 202335
2316 4151 5331 8802 12850 13654 15226 16057 19425 25498 47799 54781 65743 70532 77863 116863 122266 160411
1580 2938 4502 10213 13711 18707 20744 22692 33888 35259 35913 45163 46806 73667 82653 94855 143832 172559
1343 7682 8435 20618 22836 24545 26999 28377 31302 37398 39650 52740 56638 60866 64067 90312 100417 207846
3300 5858 6462 16074 17291 19413 23352 28803 29192 51318 53375 55697 64936 78111 82275 92384 122016 137607
6541 8902 9715 10192 17453 19671 22342 24010 27757 30321 31791 31956 60569 68438 81574 84150 129489 250472
732 1017 1142 6747 9474 17769 25348 29784 30373 32089 32846 66936 89318 96731 101750 106549 110541 127335
1446 1690 5754 7261 14237 15827 17213 18240 26468 37917 43328 49272 51477 52101 102009 109370 147551 187271
358 3139 14209 14697 21485 22292 23176 25091 36416 36654 39201 39218 70493 71986 73334 77152 122006 144141
3869 4752 8391 15003 18584 18941 22701 23225 25910 44816 53371 53722 55651 57186 59842 65759 89555 227659
2436 3250 6479 12240 12941 18402 21095 26327 46028 49813 60429 67345 69153 74904 76853 81837 94928 174446
1054 1870 3141 6190 7025 18428 22912 35738 50558 55739 55962 64337 69182 69620 69828 93250 109440 129339
448 4873 13339 16562 17950 20912 21293 22047 28037 34963 35080 43600 44574 66427 74939 115014 116200 174834
3527 8727 8984 16968 19514 23885 23970 31466 35056 46325 47126 48023 52322 52961 55793 89014 111244 193440
