1000 9 17
1329 1969 3599 6362 22405 31173 38786 42436 45516 54924 55486 58474 92537 100075 118289 134173 160762
1585 13980 20240 27455 29549 32866 32984 43077 49811 63152 64110 74238 74672 78950 78987 79470 209802
1842 2493 12235 12479 18852 25098 26848 34203 37823 47938 54020 61885 68405 79149 142179 159835 168360
1081 1976 5982 12291 13252 27632 27847 31878 32656 36138 36520 45444 99280 106286 136888 174988 179891
3747 5237 7958 16776 30404 34986 42287 43008 50161 53820 55654 66148 69218 73023 104343 117407 200505
735 1237 1959 4287 6975 9397 12466 18281 23368 28776 29819 37480 74190 127934 158121 194346 235846
4650 8857 10464 21629 22947 24696 28987 29135 36701 39784 42081 50070 86789 93188 111376 130018 207564
1312 10716 15151 15608 15666 17669 19803 20913 27587 48916 50366 65220 76905 119635 146541 156654 158661
26 971 4436 5030 8377 12077 32477 32754 42765 62717 70994 72905 79889 87244 105003 155581 167196
