1000 34 36
350 853 1696 1799 6446 7347 8930 9722 10151 11577 12157 12405 12478 12684 14165 14282 15039 19218 19850 22294 22885 22922 23202 33245 33774 36054 36850 37544 39239 39301 41324 42120 42990 72180 79008 106966
18 46 344 453 1176 1681 1872 3686 4549 5771 7139 8455 10488 11064 11170 12585 12920 12944 20771 23491 25587 27200 31419 32130 36398 40445 42805 44625 46338 48034 53828 55842 57265 71579 94259 106559
1729 2026 3151 5525 5648 5909 6682 6852 7214 7520 9902 10343 11182 11305 12081 13064 14544 15788 16883 17371 17702 18532 18633 18663 19230 22968 23179 23280 26414 27157 49250 62690 68463 92491 98223 154631
2220 2558 2835 2872 5949 7094 9104 10482 10925 11231 12188 13659 14125 16653 17334 18368 18645 18762 23366 23865 26739 27929 28637 29217 30025 31425 33225 35918 42082 48841 48985 49326 52984 59835 71820 82115
593 895 1002 1198 2032 2394 3167 6599 7555 9177 10919 11782 12789 12855 14765 14944 16660 19550 20319 23298 26054 27031 27120 29332 30927 31751 33269 35888 37846 40332 54110 69443 75906 76911 81905 84477
1573 2744 3030 3113 3924 4029 4119 4259 4753 4948 5244 5370 8691 9733 12042 15673 16832 17567 18741 20490 23178 23550 28544 29668 32287 33994 34332 37216 37835 44072 50558 55408 59162 71684 85453 141468
612 1368 2060 2120 2162 2779 5040 5881 8632 8655 8834 10017 10393 10538 11856 12170 12263 13362 14176 15835 16013 17155 18152 21795 23069 31095 36028 42586 48663 65434 66534 67028 76471 77337 80908 81080
151 626 820 1878 2442 2606 3382 3675 4114 5163 5721 6641 7379 10691 13769 15049 15631 21797 24675 27180 27243 27596 27682 28574 30256 30904 32514 34217 35418 39367 45121 48031 68538 76926 100963 124230
462 812 1547 1847 2420 3004 3890 4460 6503 9641 9667 9741 12105 14098 14277 15110 15587 16211 16677 16709 22455 22705 24316 24618 30292 30799 31523 34682 38650 49317 56120 65053 72826 86604 88446 113350
190 293 950 1247 2551 4493 4723 5272 5567 5618 7223 7663 8801 9041 9266 10845 10997 12936 13212 13541 14148 20109 20536 25480 34835 38295 39744 46887 53629 56149 56586 60725 81815 83763 91775 109355
162 203 995 2159 2939 3452 4153 5304 5848 6113 7617 7673 8626 9000 10390 13883 14236 14355 15479 16943 19811 24046 26528 27776 32689 33264 35004 42865 43763 56975 59906 61155 63362 64462 98372 129696
884 999 1351 1367 4869 4925 6083 6854 7075 7107 9570 11850 13621 14166 15833 17354 17520 17662 19013 21136 21428 22719 25690 27887 32785 33656 33843 34492 37385 37756 39394 45384 68426 86476 88040 98204
376 1115 1229 1539 1765 2415 3403 3885 4823 5204 7078 11923 12267 12762 13461 13705 13998 18707 22018 23632 26489 28375 29541 31023 31606 32381 37583 38784 47426 48007 50888 53516 59241 72223 75416 123141
417 846 856 2871 4186 4220 5572 6688 7532 8298 10349 10494 11157 12549 14534 14600 15677 16068 16347 19445 20551 22646 23016 24775 26773 27501 30655 34990 37191 47545 48961 50707 58067 65826 85670 153254
814 3165 3184 3399 5135 5210 6186 6263 6907 7858 10606 11115 12571 12985 13186 13749 14509 16188 17507 19024 23201 25998 28087 29662 31663 32279 33319 33774 40045 44263 46850 60116 63390 67354 79333 110784
202 870 1669 2473 3220 4973 6912 7794 8421 8598 9693 9809 10129 11007 11160 11176 11686 12136 13348 15006 15180 19379 22016 22675 25197 27388 30887 34757 35017 39160 54407 55890 59583 97253 112389 145744
43 68 548 1873 1958 3361 4712 5487 7379 11038 12292 12943 14691 15057 15660 16814 17639 17773 18320 21351 21877 22109 25398 27216 29095 29490 33331 40569 43923 54431 56561 58169 62709 63549 82863 92022
330 1387 1804 2755 4454 5318 5364 5429 6352 6608 7527 8272 8763 13687 13821 13955 15159 18581 18892 20263 21581 21808 26666 29954 34157 36055 37723 44092 44383 48225 52829 54785 59394 65012 76721 101267
414 1180 1714 2267 2653 3008 4315 5157 6505 7374 8228 8921 9284 10577 12075 13475 14302 15557 15792 16111 16491 17892 20071 23272 24256 24949 25219 25974 28106 40576 51954 66147 67128 80620 83669 173431
812 968 2833 4958 5044 5321 6544 7026 10644 13734 14406 14755 15991 16150 18078 19332 19420 19754 20162 20841 21322 22468 26861 27792 33458 37762 41432 42736 43264 45182 45962 50765 58878 62222 76549 92061
12 204 1361 2818 3399 4931 6095 8971 10024 11844 12622 13927 14766 15154 15890 16348 16513 16956 18449 19453 20907 22333 23668 24909 27780 28298 32972 33678 36556 39133 48304 52552 68114 75393 81006 117455
1080 1956 2850 2909 4048 5330 6709 6714 6977 9737 9751 9867 11673 13269 13615 13733 16374 18858 21032 25372 26853 28527 28567 29448 36165 37581 39123 43871 45343 51751 55109 58554 65204 65241 68076 79295
2692 2774 4071 5364 5584 6037 6388 7860 8832 9672 10080 10949 12219 12728 13594 13608 13741 14191 15591 16482 19752 20650 21459 25412 26908 28318 31703 35386 41890 50005 53395 54414 55429 90450 106777 118217
137 371 798 1607 2623 3380 4565 4819 7487 8790 8855 9682 10617 10889 11405 11884 11926 14767 15955 17278 21117 23611 23852 24188 26728 34274 34311 41114 42705 48487 65120 65764 83436 84662 85609 101871
1028 1283 1784 2014 2901 3079 3192 5989 8541 9507 13926 13993 14990 15402 15573 15575 15725 16155 16211 18458 19752 22462 26812 28172 29894 33971 36913 42074 49757 52654 59107 59806 64035 69008 74134 95486
541 3875 4392 4744 5741 6562 6994 7571 9912 9935 10519 10792 11490 11555 12872 14226 17358 20600 23876 29941 30285 30550 33101 34667 35320 35573 35956 36566 36794 44260 45608 54528 54802 64977 79700 84100
350 1000 1914 2095 2666 2786 2934 3767 4875 5573 6359 6443 6645 7109 9149 9405 9976 11149 12638 17295 17828 19808 19957 20010 22501 29106 32164 33949 49186 50911 52295 52379 62551 86094 126199 157153
2272 2954 3544 4162 5935 5975 6492 6742 7107 8591 9885 10495 12208 13934 15360 15744 18092 20798 21554 28117 28170 29298 31384 32932 34094 36010 37225 38894 41324 42631 47167 51193 53112 71326 78433 96377
1499 1611 1870 2305 2427 3380 3885 5033 5405 5692 8689 9431 12626 12628 13275 13891 16384 18945 19107 19344 21174 23788 24717 24789 25306 35267 37822 39091 40123 50217 54215 65672 72045 73762 82857 114433
1664 1692 1865 2025 5752 5878 7218 7303 9258 9788 10160 10960 11070 11164 11620 13047 18827 19357 20700 20759 22548 24065 24597 27688 28533 30291 31685 37657 41076 42607 49895 62854 66018 74440 82286 87853
1002 2050 2929 3669 3986 4541 5215 5922 6487 7269 10061 10215 10336 11693 12453 15945 16740 17658 19371 20430 23349 23471 23722 27966 30468 32450 35746 40914 41644 45601 53359 53895 54103 82171 88240 92253
318 724 1014 3709 4240 4454 4680 6443 7258 9892 11310 14287 14478 14837 15400 18028 18938 20361 20484 20902 21178 21805 22945 24410 32714 37169 37624 45782 47489 50923 53884 57421 62258 63035 66678 74183
770 907 2097 2404 3548 3853 5337 7019 8223 9379 10337 10445 11114 12035 13406 15136 15872 17743 18377 19705 21246 23719 23824 28376 29367 30078 30182 33366 38260 38886 40176 49463 62590 72801 88211 157148
110 613 1157 2313 2460 2682 4591 5339 5522 6225 6798 8720 8973 10723 11213 12173 13077 13824 15394 17738 21943 24521 28428 29224 30883 32294 32421 35770 36929 38073 41474 42492 66489 71226 83295 161741
