1000 36 41
646 1087 1589 1617 1833 2393 2414 3157 3403 5390 6270 6314 6994 11089 15575 17574 18138 18452 20136 20201 20611 21105 21262 21531 22091 22637 23063 24562 24931 28217 29300 32371 35502 42678 46280 53785 58210 58965 63574 67827 92164
269 348 535 820 1421 1862 3457 3827 3844 3861 4417 4920 5973 9238 10273 10731 12339 12892 13437 13733 15631 16114 21604 25048 25296 25407 25704 27174 27725 28973 32445 33904 42282 42834 43072 44878 45270 49853 58642 69438 109748
93 1116 1689 2745 3245 3726 4239 4451 4720 6464 6497 7218 8808 9421 11111 11226 11567 11974 15142 15168 16729 17837 19755 19777 21337 21462 22011 25473 25560 28769 29201 31977 35152 36280 36355 47270 53404 59181 79076 81103 95032
558 670 1123 1158 1417 1628 1652 1861 2111 2287 2402 4019 5560 7225 8000 8040 9786 10113 10783 10932 12099 13654 14312 16956 18119 22677 25805 32608 32919 33376 38304 42691 43847 49555 51706 54287 59572 61086 64280 74692 79401
693 1841 2507 5302 5694 6986 7538 8157 8192 8195 8918 9528 9959 10775 11487 11505 13103 13193 13367 15980 16177 16450 17685 18290 19506 20834 21254 22713 26052 27107 28152 28523 32991 39548 40016 41135 49857 55668 58610 85159 98951
688 911 1635 2057 3156 3296 3348 3799 3853 4756 5013 6793 7777 7917 8163 10725 10787 13131 13701 14165 14785 15586 17788 19770 20454 22608 23733 26652 33203 34025 34408 37731 44073 50308 51756 52290 54884 59024 64529 75604 85053
86 321 701 704 1711 3643 4680 6817 7784 8079 8477 8700 10967 11502 13219 14005 14596 16348 16676 19081 19958 20312 21144 21219 22898 23534 24780 25658 27542 27581 29905 34576 34771 35769 38453 41112 49004 63188 67947 69413 79628
212 837 1322 1473 1969 4184 5181 6897 7089 7153 7452 7465 8206 9012 10322 11287 11997 12795 13679 15178 16201 16365 17353 17911 20644 21519 23716 25321 26092 26910 32443 35832 40725 41809 42818 45186 45524 50106 63579 82428 103176
274 679 786 2700 2814 2851 4535 5215 5310 5383 6863 7520 7800 9149 9352 10258 10623 11424 12187 14199 16730 17427 20358 24078 24137 24512 24785 25207 28421 29038 29925 30289 32880 34050 37660 38313 64115 64877 68739 70452 133032
1145 1808 2599 2791 2849 3662 6430 7196 7648 8186 10194 10536 10698 11709 11995 12808 14863 16224 16457 17436 17501 20201 20526 20655 20834 21503 22268 26423 28202 30500 31945 33977 37383 41481 41958 44408 47032 51707 62423 71929 78737
319 777 1622 2491 2507 2713 3607 4464 6906 7887 8942 8966 9447 9662 9986 10047 11327 14237 14743 15769 16121 16214 17116 18926 20542 20693 21653 21740 23624 24336 27075 27592 27658 32219 35070 38384 57023 64047 73887 77374 144591
1357 2175 2742 3737 4500 5433 5664 6899 7180 7414 8797 9156 9228 10338 10505 11601 12049 12197 13029 15343 18002 20387 21642 23954 24089 24888 26278 27322 27664 28290 31259 31270 32972 36551 38238 41680 47392 56777 60958 75447 87780
1049 1163 1641 1983 2620 2798 4161 4227 4973 5280 6933 7884 8741 10679 10846 10976 13264 13894 14128 14239 17763 18189 18628 19671 20012 21850 22259 24871 32076 34097 36928 37364 38315 39459 41498 47881 51541 53927 62596 66990 81738
219 971 1479 1650 4679 5669 5934 6470 7181 7411 9757 9782 9866 10257 11412 11818 13522 13973 14194 15497 17154 17602 19136 19365 21076 21302 25150 25622 25699 27652 27960 30458 43930 44969 46454 47530 52614 66991 69170 74829 74841
24 124 182 601 3566 3599 4425 6295 7993 8121 8521 8569 8607 8734 9995 10220 10522 10596 12670 12895 14179 14863 17477 21993 25396 26062 26470 26741 26902 27579 28050 33380 36037 37564 41900 51115 56041 67270 68114 71162 78156
364 497 1288 1833 2589 2705 3487 4239 4852 5049 5728 6434 7580 8598 9110 9366 10422 11032 14173 15482 15528 16225 16346 18690 24416 25733 26697 27381 30403 31193 31248 31472 32167 32983 33689 39877 50508 74539 85429 87151 90876
242 922 1776 1899 1972 3211 5634 6033 6351 6424 6876 7159 7873 8482 9696 12029 12219 12970 14892 14940 16656 17127 17710 18413 20819 20832 21795 23015 24963 27973 32706 34272 35139 35207 38179 38854 49103 56566 57598 74247 129080
576 744 1035 1508 1963 2298 2430 2697 2971 3140 4066 4289 6896 7102 7315 9199 10703 11945 11956 12126 12458 14563 15469 19791 20471 21954 22351 22591 23191 24013 25414 33345 35971 36466 44758 47876 54234 63920 80014 97962 139716
770 888 1525 2328 3202 3307 3557 3957 4664 6449 6554 6953 7188 7306 7817 8350 10746 10981 14617 14750 15802 15826 17677 19567 22102 24055 24319 28774 30902 33278 36903 37394 37944 38527 39448 40822 46716 71119 73342 76059 89532
162 173 1095 1153 4225 4429 4908 5251 6284 7111 7215 7243 9670 9674 9912 10231 12353 13130 13756 14873 16614 20056 20832 23279 23524 24475 25627 25843 27980 29431 30068 31057 31742 37700 49200 51654 52756 61758 62189 64957 106061
688 931 962 996 1120 2292 2526 3069 3516 3817 5317 6020 7166 7371 7929 9835 10231 10730 12512 12576 16032 16948 17868 24607 24769 25934 32064 35073 35146 35282 37807 38063 39099 39811 45435 47963 51436 52155 61626 67480 74956
494 972 2068 2246 2398 2671 4441 4912 5714 6656 7097 7173 8262 8536 8631 10795 12305 12998 15522 16380 16458 19094 19891 22048 24366 24396 27093 28731 31995 32263 35196 36388 42797 44822 45665 54823 56083 56339 58109 59138 67226
312 911 1631 2901 3271 4265 5029 5281 5863 6210 7791 7985 9314 10481 11169 13650 13867 13926 14013 17917 17960 19663 20195 20437 22039 23967 27891 29024 29133 29139 33763 34793 35985 38655 39871 41235 45048 45392 58836 80374 80417
79 669 2015 2721 3321 3458 4760 5733 6653 6756 7791 7899 9139 10700 11084 12910 13593 13822 14695 15344 16765 17647 22007 23783 25150 26313 26662 28236 30274 31054 31748 38383 39832 41117 45187 49085 49624 49785 55319 58757 71482
508 1305 2397 2540 2643 3695 3901 4799 4881 5192 6002 6129 6653 6786 7497 7839 9132 9360 12050 13621 15774 16141 17489 19555 19623 24005 25140 25542 28225 28374 31198 33999 44206 45973 47268 52087 55949 63455 69878 73188 79394
428 932 1167 2249 2437 2561 4078 4375 5051 5374 5501 7328 7413 8051 8518 9226 10945 11687 16468 16597 17403 22272 22343 22346 22682 22995 23609 24167 24522 26090 27323 28301 39538 40026 43561 54267 55122 62832 65531 74175 94310
23 218 1406 1893 2865 3097 3859 3876 4469 4523 5288 6533 6564 9273 10409 12239 13038 13187 14799 15336 17023 17776 19883 22867 24363 25714 29042 30930 31078 31338 31577 33011 33253 36751 43827 46332 50280 53875 62292 73717 82422
1461 2081 2619 2673 2685 3311 3553 3599 3776 5700 6286 6804 6836 6902 8733 9430 10206 12117 13108 14067 14286 14436 15783 16106 16337 16632 16868 18620 23304 23789 23867 27950 33973 35588 36697 45480 52874 63808 69123 77147 161399
595 1575 1927 2838 3159 4164 4882 5187 6437 7174 7980 10385 11331 11609 12822 12856 13069 14763 15899 16187 18144 18442 19222 20189 20832 25332 27274 27540 28434 29338 30709 34735 41882 45228 49475 53047 54357 55065 65551 67946 75971
522 1518 1547 1744 1869 2128 2553 2910 3796 4569 5313 5855 7200 7457 8807 10200 11388 11517 11963 12203 19476 21825 22353 22718 25774 26675 27409 29875 31500 33609 33967 36880 37119 39482 40638 49985 50644 51510 55481 83007 86542
187 1119 1354 1583 1618 2516 3214 3225 3942 4024 4128 4737 5625 7678 9040 10316 11662 11727 14774 16626 17503 17911 18721 19160 19927 24859 27455 27767 29927 30387 31796 32089 35185 41888 43484 46022 46107 49290 65104 89827 137453
1289 2181 2756 4337 4689 5768 6095 6309 6872 7619 8577 8938 9246 12024 12586 14531 16120 16404 16705 16797 19620 20739 21054 21305 21323 21767 23103 23303 25687 31330 31628 31732 35248 37492 39219 41933 42430 45565 74840 81843 86206
298 479 524 782 1494 3248 3635 5922 7134 7330 9372 10634 10792 11021 11059 11203 12034 13409 17214 17663 18480 18773 19117 21171 21661 22937 23332 26600 27607 27877 28178 31177 35190 35566 35699 41182 65060 69546 76129 79684 90954
161 693 1274 1594 3109 6024 7406 8448 8841 8963 9720 10372 10667 11463 12430 12683 14943 15630 16532 19364 19971 22940 23444 24234 24310 26569 29114 29317 29910 31133 32960 32991 35613 38060 39596 42220 44029 61669 62779 67038 69947
998 1357 1659 2660 3199 3872 3915 4449 6160 6239 9655 10644 10824 11998 12272 14613 16381 17726 17740 19195 20156 20596 21244 23169 23613 24279 24806 25118 25883 27913 30199 30789 31849 32047 39441 55639 55776 57160 57715 58634 89586
472 674 793 958 1153 2181 2419 2678 3731 5517 5591 8458 8738 9533 9804 11144 11145 12224 12334 12967 13224 13337 14241 15014 15147 16831 18708 21162 21978 22276 33181 39339 44148 47003 50282 53008 56430 64675 65176 70287 131482
