1000 14 13
851 6650 11303 13912 23603 30897 47194 69898 76272 100068 132054 225371 258200
6838 13894 15318 19853 39976 44621 60307 66013 76161 111378 129302 156157 257350
1363 8533 12431 16561 18106 26367 31138 37644 48692 72286 83302 292512 348121
9350 9594 18172 22755 27386 37664 44393 44851 91548 111736 130046 138181 310413
5491 9629 11712 36120 51705 55984 59157 90151 90574 106739 122202 153140 202336
13249 30266 39539 41628 43205 46070 46145 49089 57269 74882 108211 122376 325395
8931 9666 20407 21092 35503 37451 45380 98756 115588 120289 127012 154466 201842
2833 9291 13077 31603 32890 36367 57812 73321 99088 134671 155992 171712 175760
3272 14164 19178 39675 45417 47778 76408 91575 94539 97029 97898 173556 196855
7660 22319 22787 23249 28341 53613 58476 65660 68335 89370 109500 159596 286050
2741 11363 18132 24552 30306 50339 53561 61217 94038 150606 153259 155833 191138
450 1824 12589 19790 29212 39742 44327 46299 71566 109883 115563 161083 342123
3201 6596 30496 38972 46939 49727 50904 70800 91144 93406 114256 116794 283917
2611 7598 18470 39191 57208 60705 68305 89164 90073 107986 124056 140775 190491
