1000 11 8
11915 13784 38222 57768 101639 105869 207790 288280
4897 7798 11406 88810 129738 144537 205987 325836
41517 42537 80966 91211 95260 170714 182597 184038
765 10901 43438 81871 87638 153427 199677 315172
5554 50244 56001 65187 163572 178090 178695 180740
42482 53557 56122 96409 96594 157837 183966 253989
30140 46023 77871 95647 99072 121900 200150 210616
33706 46753 78530 79773 118486 129913 162407 237104
28917 34760 43624 65214 67921 136317 138023 338162
12869 16095 41022 50578 110542 148638 174395 382791
14110 35175 46798 56391 59265 114827 157348 424132
