1000 23 23
572 7403 8324 8527 8939 9006 10882 11656 11993 12654 17780 27341 27413 43575 48304 51200 55567 60691 76324 76742 79525 85718 108785
6737 9769 10935 11288 11680 12151 12989 14627 16751 18496 19957 20738 21288 25080 26772 28860 29191 29573 40824 64039 82914 84944 124896
2730 5023 5246 5634 6912 8552 8602 9141 9805 12099 12618 15077 20089 26496 35136 40978 46654 49235 54144 56376 79453 105769 205602
1538 3572 8316 8365 8917 10007 12437 12830 13591 13768 17382 23423 23478 25775 30409 43362 43873 48223 57145 60410 67326 95098 96396
3271 4876 5139 5460 6741 8191 12018 12024 12696 16246 18335 18763 26623 37789 39868 41176 54653 58122 61273 69611 75469 133625 138685
1683 1944 1986 3220 10006 10431 13357 13956 16661 18530 18850 27619 31707 35627 36579 40194 41709 41837 45298 46527 53824 56696 112154
4703 7946 9172 10023 12341 13797 14092 14680 15300 16330 17581 21887 26618 27483 30393 33083 37045 42613 55111 65715 72380 94218 101211
1700 4925 5241 7287 8360 9201 12896 14266 15001 15317 16520 17286 17457 21952 22171 37121 37140 43287 46676 71834 81522 92102 140168
746 1561 2546 2661 2766 4555 8801 15814 16985 18601 21412 23598 31211 32772 35651 41815 42792 54251 58124 63178 68154 68405 74097
2234 2248 2913 3476 5914 8814 8994 11241 14605 15202 16256 18282 18630 19062 22168 29104 62572 62676 63937 66235 68864 102240 105275
504 1235 2095 3881 4573 7599 10612 11072 11564 16102 16827 19084 19707 21431 26616 27110 38728 45679 63721 65715 87313 88217 95027
3101 3165 4925 10610 11033 13256 14140 14489 16345 20912 25431 26627 31710 31902 34462 36237 39855 45231 66628 67165 76773 83568 110797
635 3048 3383 4084 5963 6025 8539 11811 19514 21734 27373 30481 31835 32726 33569 34297 42654 49006 51256 51586 85776 92231 93117
431 2865 5916 7855 9068 9409 9678 11865 12396 16845 25748 26140 28880 29347 30259 33647 36149 45610 73984 75545 82952 88649 90313
747 2689 4102 4314 4458 7171 7366 9138 9896 12987 19186 19516 20806 24457 27684 29148 53225 68756 73275 79512 86285 112484 124807
1285 2890 8164 10496 10828 15082 15213 19699 19983 21421 21689 22154 23454 23541 29099 31837 43795 44412 59675 61269 61998 81032 100627
3430 3868 7011 7395 7690 8599 9276 9534 10028 10385 13185 17161 18267 23079 26141 31398 36493 42474 53028 63023 74820 88485 205332
1150 1199 1301 5079 6458 7379 8581 9291 10799 15395 16927 17469 39432 41980 45684 49266 49896 50745 51340 51402 52016 60660 119531
982 1946 3558 5216 8345 9946 10343 11323 14738 16575 20705 21654 21749 29574 31906 35638 43500 49883 58014 62002 68128 74609 76448
1561 2262 6208 6936 7264 7546 13443 16062 16336 17113 27946 29240 29483 36416 38602 38898 40802 44525 72970 75036 78487 85135 103117
4509 4561 5281 7709 8313 11831 12289 14750 16619 16827 23286 23991 27379 31626 37544 41250 42700 45887 52732 56419 65303 92222 129729
681 865 1282 4195 4245 4544 5753 8146 9678 9738 10065 13017 21616 25963 38262 42628 48870 53911 54613 62300 69499 77744 112932
899 2340 2798 3268 5403 5810 6352 7792 9225 14616 15627 19003 20077 20894 23965 25069 25962 31287 38351 49796 93574 154026 166427
