1000 14 14
5392 6445 12323 12391 16029 20578 31339 47484 77501 83639 137433 145423 191306 210022
3609 13368 28580 29902 38069 38814 42738 46587 49226 55359 88448 109839 142415 310117
6780 8869 14879 18287 20527 36606 39475 64070 73475 87327 92458 106541 162970 266301
4822 7838 18972 26477 31087 34526 37444 39560 44939 59660 159442 171242 180609 180870
5180 6958 15499 20911 21571 24917 34844 59457 61666 82384 91541 115897 136072 320487
1920 9183 25768 26058 27000 27381 30883 44290 62412 81521 87660 139402 197600 235928
16667 18593 18644 21155 31801 40187 52830 71650 77119 82162 82473 107026 147235 228903
104 4099 30627 30750 36446 36604 47657 49450 80693 95172 111600 137742 156878 179916
1666 2746 3517 7385 11641 28163 56539 62044 79276 99954 131009 141818 149981 222189
2637 8538 12179 15390 23399 30734 48331 49605 70321 94086 110178 124605 131034 275486
1807 11279 18160 28555 35615 35986 48171 49626 51632 71900 75032 88923 220222 258836
20295 25418 25862 26317 29040 44811 46138 48676 60874 66660 68342 92659 104335 336989
6590 19177 20625 23904 29498 39314 39623 49582 66920 81802 111595 152676 174406 181065
3692 12540 16498 19500 28026 46714 55428 57293 67042 95430 112966 137766 162957 180346
