1000 32 7
33304 41745 47554 100330 107736 253108 364992
4563 60656 74572 100613 200296 221415 271841
15097 15924 46296 89313 135539 227482 401908
36958 76312 109184 129636 139474 193622 263504
29501 44869 91783 140337 188466 201493 233090
26898 60960 93181 113591 119781 148822 406121
2689 14172 54043 138706 164639 173446 375617
11830 20857 58196 59561 106383 156211 537205
81864 82173 94727 107608 136368 187295 236841
23503 25528 53301 93236 114295 218172 407584
19751 42086 65467 150182 156494 228115 273577
12957 35531 49684 81731 116254 173455 496040
8545 21861 35359 40191 102779 121500 612351
9677 21286 65909 96051 136877 140811 454186
2584 28250 63623 91136 104107 173763 478438
7381 21342 28172 142726 183172 186922 352595
8494 69028 107533 128840 159904 198893 283049
11125 80155 82595 123497 218653 228102 228963
3634 13523 17242 57550 131770 211111 529039
37430 40562 64799 78044 130994 154086 414561
29173 36464 76293 103192 157498 245068 282610
475 7502 27476 36912 93765 233647 524555
5109 48905 97057 97926 118674 269506 323160
19624 26029 62715 125275 141880 151998 403629
4480 5183 8753 16933 106972 206003 584342
30123 38863 78589 79790 90249 291365 342733
1487 24859 71950 121196 177708 270358 283203
17871 20901 95810 115457 152534 212865 326459
666 36602 100419 109296 145877 241285 312226
32378 32396 49676 125146 148477 215835 346336
1120 2823 29348 127484 165695 251833 356996
12167 27933 42372 99920 105378 182932 464594
