1000 28 19
3062 5681 7226 8056 8468 10210 12859 13635 19568 38705 48097 50167 50721 73323 85783 92566 96754 138040 138622
14193 14424 17001 18416 21281 25672 30142 33800 39245 42192 50085 59459 61292 65975 69075 80853 82204 98579 120719
6003 7160 10254 11447 11663 12553 13070 13151 23407 33452 37420 44722 59776 71553 75783 81969 91002 144743 159998
6340 8493 11421 11802 12437 18616 19927 25269 27112 30205 31187 37741 42512 44362 45075 98673 135950 142032 159607
3798 9970 12080 16653 19521 21947 23728 26999 30835 31134 39316 40700 40933 48369 52051 59212 92206 114087 196519
1351 3848 11859 12265 17128 20751 22097 23292 27010 31681 35292 40390 55623 59860 60849 66027 71438 120896 225788
545 1958 6341 11047 12872 33579 35531 41037 43395 43474 44299 44552 48587 53267 61612 70800 77668 85157 214133
1333 5005 5194 10638 14422 18235 20974 23299 27467 30883 32586 41049 41442 64866 65397 81155 114762 123128 148399
4556 8466 8986 16348 18594 23106 33859 35264 36004 39794 40277 44723 47227 65270 66430 87555 98304 98521 141529
1573 3025 4229 13872 14309 14328 17832 18437 45991 53639 60816 67097 68250 69772 81346 84063 85899 87337 115402
898 3054 6205 10224 13954 14284 18041 42917 43312 45909 47370 52052 58499 58596 67279 73114 73899 78544 241289
858 1938 10516 11561 13989 14466 18740 24187 24274 27724 33491 35041 43584 46337 63240 83848 113842 123308 191940
6413 6972 17423 18580 22526 23693 25545 27689 29393 32110 33352 34896 48333 62163 74812 77395 82844 130973 152685
581 7076 8339 9686 20601 22059 22988 26400 27488 32900 33467 42836 47840 55082 73416 88590 88940 98414 177185
95 1229 4314 7569 10491 18694 21735 30430 34571 46883 47549 59515 60148 62408 67506 81616 89468 118734 176027
429 2504 6258 8816 16131 16995 17331 17466 18982 28824 29128 29844 42511 47681 51280 51986 125005 194528 238010
1341 3974 5462 5639 10312 22402 24981 27004 27497 29353 35317 41612 43398 45483 45988 62697 110305 181530 217153
1411 8628 8917 9705 10631 12085 12381 20657 22098 30336 31984 33026 45936 50128 87813 93789 94978 132314 200282
10243 14067 14958 22330 27110 28281 28953 34918 39438 41417 44591 50013 53554 59713 64765 73173 73515 79495 158310
346 785 2996 3400 5647 6184 19854 20686 21319 25560 26097 29217 54152 62651 82512 100649 116906 151451 221058
1747 3086 6139 8640 12244 24313 24480 30726 41655 42395 44376 45781 46141 63263 68315 72815 79333 81102 165728
4609 6883 7058 7964 9090 16102 20518 22505 24079 25151 34302 35533 50093 69538 93951 94814 116860 121590 176755
528 3683 4906 6894 8876 14940 18910 24235 24942 28706 32976 47667 59798 64749 65172 94949 94950 146851 179016
3708 4089 5227 5803 9308 11403 13155 18396 19672 19954 20910 28051 30132 44731 100598 100988 113126 118173 217165
1015 2596 10605 16556 22090 22977 30065 30170 31648 36527 37225 38611 40256 41778 44981 63357 70714 124302 256831
90 3246 3433 3673 11142 14184 20647 29758 31093 31779 39799 42334 45052 80980 83316 83771 98960 141992 162641
7558 8122 13220 15775 16113 23023 24561 29899 37179 39436 40212 43067 57460 63258 65286 89999 101621 130822 143404
2773 3902 10497 17171 17480 18202 19230 19803 22880 26012 32559 46279 56034 65013 74467 91389 103934 118609 130411
