1000 35 15
9056 14283 15451 18183 20694 26292 27255 30242 30547 32665 37382 52536 65340 117098 364642
1342 2888 5158 19759 23053 23085 39614 44288 55139 55456 64175 87962 95590 130065 257588
2436 5521 9998 17033 17637 25416 31913 33748 65190 67401 71413 101935 109751 119624 164398
2599 4663 5953 19381 19971 40806 46653 62646 64955 67199 68662 73556 93285 93738 244697
5906 9532 10473 24197 28839 32075 36069 36396 58526 71532 74682 108832 119196 126361 167148
4103 6952 14521 20458 36203 38951 46729 47388 55817 65590 72929 73469 89308 90026 241718
5050 12408 16166 18488 19918 26202 36005 43113 46965 47672 51158 64285 100495 186818 207555
264 3339 5395 16646 17959 23609 28644 35123 44942 80985 91988 119876 124423 147023 204167
4617 8421 9581 12610 13825 40624 46727 60825 60970 63980 73075 96678 97222 104525 204552
9914 11476 16172 16297 17742 18204 36238 41272 44847 64128 65650 72978 85160 138352 266416
1039 3838 14215 15571 18951 27630 28089 37652 38856 46286 56232 58767 61850 166541 272705
606 4018 5277 7824 7868 13839 45094 61193 62427 67125 86859 88675 143905 154521 186753
1211 1274 10508 12869 15381 18427 18618 31957 40065 68663 78840 92808 105076 107127 319835
11510 17607 17887 18006 35991 36037 39399 41645 63438 64196 75029 85727 100200 117426 135577
3183 12410 16369 17536 25527 26421 29946 45280 49237 79267 82677 89239 95470 101842 171973
3708 6068 8515 9235 17694 30787 35081 55753 65689 73987 77270 91186 136370 157085 168405
191 238 12653 16136 22844 24240 29345 31715 34458 57142 86707 115169 138019 141218 197754
891 3647 5546 7532 30213 31517 36119 52387 75175 82125 89799 103371 105501 119945 132452
1963 2269 5466 11196 22580 29612 47514 50564 65548 69616 70569 92247 100006 160566 204578
842 21082 34699 38551 38788 43654 45346 55995 58595 60390 62936 69334 85283 118285 124805
7819 14934 18362 23762 29450 31719 43354 47191 58906 60580 64502 74929 110705 162284 163736
129 585 7194 17685 24063 29185 31351 33801 34520 56030 59093 74312 109140 124445 268193
1710 3902 13074 17079 18009 21446 43249 47855 72303 99150 99884 110897 119638 123365 141137
4505 6592 7522 18067 18493 24341 28425 37479 44442 52282 66819 89966 107679 129941 278432
928 3956 5560 7711 8674 40550 44889 57255 61391 61592 74726 98610 114229 116006 155658
9866 18770 32320 33395 34539 35808 49902 55355 59863 64646 68817 80130 89804 93227 148421
432 3515 4094 9065 16352 16897 21087 21550 35393 37257 52786 66156 117817 177968 309206
3176 23544 24796 25159 27953 37660 53194 58536 66419 73348 89347 96067 98593 99994 120254
4483 14502 16389 19365 21165 39224 43425 51115 52108 53351 77558 90153 109907 132100 146615
400 3659 7986 24524 30761 30914 47004 48016 52856 69299 78765 86700 88227 100574 190766
14609 17184 20979 24076 33853 41751 48638 55110 63122 65992 69601 78098 95735 107439 155810
1050 14929 29093 30796 44194 47564 52434 56984 72118 73565 74096 80485 84916 102701 124877
4094 11912 22966 33719 33966 36291 45703 53814 65746 69351 74824 75112 91597 92734 134596
1219 16078 16785 17383 19639 23358 32742 35805 79760 84987 92925 105684 112824 119296 127892
829 13517 22783 27609 31467 40427 53526 66972 69642 73756 76105 82153 97718 103281 106525
