1000 39 10
5183 5255 27082 41433 56388 113193 132856 158413 165163 170300
5611 11045 15657 23736 55681 55899 92132 127069 130061 132801
7015 21081 39400 49626 51036 73338 73577 74559 134986 175925
12023 16808 23705 31130 58367 65926 91537 131079 137609 248020
1358 15868 26564 35799 47139 54378 66904 106923 196266 237603
1012 25741 27856 49057 69689 71574 95202 104524 156296 161117
1761 10927 25757 43398 50216 62935 68953 115705 184558 202659
23697 24010 34896 50246 54724 65703 72944 98794 123686 191338
16858 42188 45634 46402 58304 76070 76455 108738 126225 248652
551 6758 19038 24222 49070 55556 64429 66148 128214 229785
16016 27866 38486 39616 63919 66702 67077 149568 150188 258712
5602 8028 9510 12316 42540 99358 109467 135585 147166 228911
30460 42130 52738 55096 56744 81081 113402 117950 130068 163959
11221 19940 29607 48449 55384 64056 81879 106021 164152 186917
4287 10437 16424 29627 38979 43258 70347 127030 146034 212708
2941 9935 12062 19652 20533 34317 43011 85909 293247 313133
333 4170 17951 20652 24380 32126 49436 57904 186250 377472
1820 10802 20054 40698 53372 73119 78960 110662 116606 146484
3003 14886 18472 43890 46452 50398 53391 174058 184286 229464
13359 14281 25111 31388 54559 84634 92529 107904 109015 216484
6542 11288 14175 22880 39916 53417 96659 113311 158951 208386
1544 4533 21333 32716 43249 57830 85284 90056 138245 174376
18096 22725 29083 30302 39826 45163 63462 114195 127310 168792
4801 10730 13109 43678 50421 86742 101934 162356 182469 189531
409 17062 28393 28805 37109 37792 38667 62957 177154 219220
8360 18394 30235 30965 37313 41804 57987 64239 208643 314120
18787 22569 37095 52650 64858 67624 73690 75406 76572 165678
3830 13129 14410 54916 59512 59724 62059 84477 111119 205946
3186 10851 12337 21598 22294 50967 63447 187310 206381 211396
22602 23221 35025 45320 47677 65606 79987 95624 111743 146289
8007 35932 37849 41886 43935 54123 92240 94884 172986 221051
5874 7388 16129 24712 51225 60103 64649 67756 146540 245374
13642 18475 22995 33581 35384 62532 74925 89147 104814 226115
4073 6011 14868 14951 53099 87251 91151 98747 136074 140169
20120 24034 26798 30188 42919 47948 50464 70512 89923 370016
11658 14439 22206 24716 31218 40394 61276 73579 97529 369791
1066 4756 8356 10932 27209 29010 89506 116100 153492 209687
10561 22107 24163 33130 34220 36965 37925 46295 222876 269038
3481 11201 17266 21013 56393 70539 134982 139761 172179 233204
