1000 45 50
536 1960 1963 2279 2586 2590 3083 3127 3269 3665 4288 4292 4337 4537 5190 7628 7740 8430 8988 9818 10049 10121 10376 11202 11474 11847 12862 12941 13289 15592 16169 17920 20474 20665 22810 25447 25842 32583 35363 36286 39413 40595 42525 42655 45968 48788 52182 52241 60507 86967
440 510 879 1072 2121 2513 2559 2563 4063 4353 4531 6688 6733 7362 8025 8354 8420 8759 9406 9713 10956 11125 12524 13282 14422 17563 17994 19735 19742 21029 21663 23684 24212 24332 24670 26018 26333 28068 28215 28584 29935 30938 33145 34227 37095 42710 50076 52326 54462 68119
114 453 484 790 900 965 2271 2625 2677 3459 4351 4589 5301 6008 6040 6452 6475 6693 7172 8194 8259 8842 10504 11214 11890 13585 14091 14907 15483 17971 20268 21607 21999 22148 22709 23634 23967 25021 26437 31992 32626 35560 36242 37335 37466 44427 51126 55160 59063 100807
82 1123 1179 1463 1856 2067 2512 4018 4969 5544 5591 6182 6282 7424 7502 8822 9339 9691 9702 9777 10193 11486 12616 12813 13986 18196 19064 19254 20868 21168 21596 21675 21782 21931 22804 23843 24113 26331 28243 30904 31300 35313 36261 38152 38498 44493 46089 56251 56386 68576
544 798 1322 1343 1463 1584 2853 2963 3124 3641 3804 4009 6570 6997 7008 7192 10441 10764 10917 11537 11799 12390 13717 14145 15476 15558 15911 16430 16998 17128 19051 19754 20352 21977 23528 24683 25391 26712 28523 28930 30113 30750 35646 39771 45445 46139 51073 53408 66345 68004
211 230 457 854 1595 1972 2594 3023 4792 4795 4869 6659 6736 6838 7503 8204 8924 9433 10317 10474 10869 11543 11873 12000 12005 13177 13466 15062 16369 17389 18526 20627 21144 22242 22956 22984 23080 26041 29183 29573 35759 36633 39294 40538 43194 44221 47310 50725 57030 65518
437 591 886 1392 1610 1751 1796 2182 2688 2924 4197 4347 5339 5651 5803 6591 7526 8283 8400 9010 9340 9589 9838 9948 10283 11469 12423 13452 14597 14650 15698 16965 17242 18397 20758 23556 27401 27756 30472 31781 33606 35706 41569 42060 46730 50441 61917 69655 75935 82686
279 755 804 1719 1850 1891 2256 2527 3023 3429 3545 3715 3807 4943 5420 5742 6148 6478 7017 7447 9122 9858 10772 11391 13680 15478 16544 16994 17380 18591 19159 21994 22694 23418 24142 24279 26466 26928 30399 30431 39730 40322 41116 42672 45197 47206 56539 60628 63626 64320
311 415 819 898 1308 1473 2070 2091 4201 4230 4257 4882 4913 5374 5592 5741 6194 6920 7534 7578 8710 8975 9304 9323 9985 10338 13232 13958 14187 14787 17742 18472 19044 20311 22775 23942 25104 25588 26376 29135 29191 30047 39805 40435 42773 50643 52377 60204 88469 93052
319 540 788 1976 3008 3056 3135 3360 4157 4429 5454 5529 5857 6291 6629 7702 7772 8917 10383 10813 12355 12661 12823 13439 14710 15253 15404 16115 16139 16219 18192 18934 20843 23158 24498 24598 25820 26592 27298 29992 32056 35134 35719 43369 44900 45264 47747 50767 61837 75406
342 630 675 705 709 889 929 1122 1485 1653 2644 2879 3181 3323 3375 4125 4489 4687 6262 8000 8288 8604 9143 9159 9368 9699 10218 12558 13369 17750 20405 21332 22527 23478 23607 25447 28887 30455 31455 31666 32288 32467 36517 40860 41661 45719 48904 56109 73067 111842
461 967 1214 2219 2369 2504 3838 4155 4442 4701 4817 5894 5895 7053 7440 8688 8860 9965 11446 11515 11943 13488 13639 13715 14266 14379 15339 16893 18242 18574 18715 20958 21826 22116 22308 22713 23068 24211 25463 28264 31813 32006 33570 40314 40859 42699 45810 58480 60944 100164
78 162 207 819 1395 1864 2084 2523 2698 2955 3115 3624 4907 5628 7025 7223 7712 8901 9443 9848 10306 10467 11231 11324 12185 13280 13958 14210 14576 16857 19188 20859 20930 21533 23870 24857 25092 25415 26419 26527 27171 28004 31658 33841 41290 41434 44531 72340 85815 111394
1 75 130 131 236 1303 1823 1877 3302 3571 4521 4935 5169 7719 7850 7947 8227 8334 8442 9789 10771 11957 12346 12441 12441 13261 13457 14547 15711 18048 18442 19253 20091 20194 21286 21290 23013 25294 27564 29038 29345 29675 30237 32514 45247 53173 57095 68724 73758 76604
169 1923 2506 2591 3162 3475 3862 4387 4909 5295 5426 6123 8392 8723 8894 10885 11062 11216 12803 12912 13134 13695 15002 15956 16752 17212 17329 17486 17844 19497 19593 22205 22374 22413 22592 22757 23035 23045 25429 26108 28303 29476 30245 36020 36437 36460 40324 52349 73935 74515
924 1120 1136 1621 1862 2183 2270 2464 2862 2908 3520 3544 5552 6181 6284 6918 7064 7729 7960 8118 10343 10610 12203 12246 12322 12571 12889 15203 15215 17857 18142 18434 19027 19733 20100 21434 23281 25027 26048 27405 30205 35443 37769 39075 40360 50714 54172 61254 64096 96033
1020 1598 1635 1884 1896 2145 2326 2507 3050 3321 3498 3940 4615 6368 7263 8157 8442 10409 10552 10662 10907 11043 11896 12262 14402 14709 15075 15259 15520 18397 20304 20554 20922 21898 21921 23259 23296 25260 28021 31589 33775 36511 36682 41903 42770 43441 44803 51890 68072 72693
395 440 1158 1381 2455 2514 3473 3998 4173 4231 4591 5608 6237 6305 6704 6797 7296 7355 7762 8881 9490 9740 10721 12458 12625 14170 14325 14378 15785 17237 17658 18467 18536 19581 21907 24937 26085 27562 28150 32957 34153 34677 35291 36573 47751 48392 48473 51471 74844 89490
371 1014 1196 1234 2220 2269 2515 2596 3268 4020 4133 4172 5032 5940 6103 6746 7246 7927 8181 8371 8386 9071 10138 10266 10270 12171 12804 14301 14364 16141 17086 17622 17707 18285 18297 21444 22492 29845 32940 36765 36797 38506 38526 38656 39540 45487 45492 56136 85183 86056
262 303 1403 1546 1552 2060 2161 2202 2524 2544 2573 2801 3751 4056 4323 4725 4734 5066 5339 5552 6803 7080 7584 7807 8342 8679 9842 12565 14173 14889 15166 15309 16568 18302 20094 22187 28914 30297 38318 38484 38824 39405 41101 45647 48421 50139 51888 65494 71099 76920
1005 1295 1720 2547 2882 3130 3301 3460 3666 4155 4360 4373 4555 4721 5524 5850 5954 6400 6779 7789 7958 10149 11078 11764 12462 13996 15508 16052 16391 19865 20491 25350 26296 26933 27199 27511 29371 29893 31500 32298 35627 38867 39309 40089 43335 43926 51930 54782 57836 66065
383 503 671 893 1273 1401 1598 1603 1879 2235 3436 3592 3612 3751 3901 4101 4454 4980 5536 6372 6810 6828 6845 8395 8422 8911 8999 9327 13934 16081 18843 19371 20847 21207 21292 23584 24303 25398 26016 30330 37737 47780 53416 55610 56064 57472 57799 66219 77504 84344
533 1577 1679 1942 2243 2370 2379 2558 3133 6501 7353 7445 7752 7859 7941 8204 8607 9709 9798 9824 10198 10524 11422 12151 12316 16081 16127 16601 16696 17582 17796 21205 21335 21352 21989 23240 23846 27523 29217 30846 33628 35423 40677 44480 46891 47239 48019 48278 56292 86742
700 1116 1627 1673 1699 1741 2384 2868 2911 2922 4166 4304 5551 6327 7446 7838 8150 8581 9103 9493 9955 10097 10276 10715 11276 11790 13491 13537 13643 14200 20351 20843 21550 22404 23164 25060 25619 26259 27691 27709 29016 30395 34293 37218 45564 48511 53981 54297 62675 105134
172 733 1043 1236 1665 1995 2115 2756 2996 3339 3402 3924 3949 4193 4352 4542 4640 5217 5340 5526 8788 9616 10014 11038 11201 11668 12280 12368 13889 13924 14334 16780 17776 19940 27327 27841 28757 30101 31736 33410 33415 37729 41145 44706 51449 58438 60846 66187 69895 73100
50 85 214 921 1911 2332 3254 4205 4274 5566 5646 5871 5925 6098 6434 6711 6799 7024 7414 9007 9489 11909 12599 13201 13217 13407 15395 16813 17684 17922 18581 18820 21862 23807 24341 24906 27122 27507 27652 28544 29886 35480 35558 38954 40399 45480 50075 58456 65347 78832
10 32 118 511 553 907 1812 2018 2381 2415 3609 4948 7123 7354 7478 8774 8851 8876 9309 10514 10895 12596 14147 15337 16858 17529 17611 17971 18659 19884 20966 21554 22601 23558 23849 25492 26067 28696 29748 29996 30928 31803 34420 42053 43592 44113 46653 48048 48333 65602
485 963 1620 1940 2282 2852 3093 3572 3615 3892 4657 5588 6570 6779 8027 9096 9880 11121 11178 12195 12464 13149 13262 13599 14821 16111 17228 17758 17948 19217 19952 20103 20896 22568 22602 23259 23514 23718 23858 24695 29036 29623 31352 42307 43266 44836 45301 57954 64233 89657
172 605 793 837 1768 1786 2214 2461 2907 2940 4928 5781 6244 6598 7492 8331 8488 8770 9130 10015 10504 10870 11415 11462 12880 12969 14370 14759 15826 15851 17532 18022 18035 19946 21545 22519 26028 26935 31335 32362 36604 37698 38506 39082 40710 45415 48460 57301 61936 86535
908 1313 1367 1730 1867 2180 2806 3059 3269 3295 3793 3974 4349 4426 4459 6060 6620 6649 7424 9170 9384 9415 10953 13687 14582 16530 18025 18263 18428 19326 20748 21196 23937 24594 25645 26746 27930 28330 29146 29731 30863 31623 32079 33562 38462 42083 43912 59819 65433 83178
363 427 582 1063 1277 1499 1955 2271 2542 3618 3762 4012 4748 4881 5053 5098 6240 6904 6987 7559 7791 8289 9139 9810 10165 10374 11076 12411 12553 13398 15595 16456 17637 21936 22610 23069 23656 24080 24578 30728 35418 36432 37449 43937 45844 46249 48427 58588 60380 141731
93 95 364 485 1152 1456 2304 3917 4186 4390 4769 4921 5055 5206 6228 6644 6848 7067 8077 8607 9169 10331 12513 12564 13946 13954 14431 15396 15454 16051 16845 18683 20504 21130 21131 23023 23670 24468 25833 28773 29771 32325 32355 33557 45283 47707 53659 66262 74483 110790
573 1037 1657 2598 2611 3169 3169 4279 4750 5334 5504 5627 6071 6494 6798 7232 7481 7546 7693 8379 8457 8959 9320 9942 10249 11452 12483 13286 14239 15178 16674 17717 18954 19183 23499 23825 25655 30897 31378 31394 32180 32370 39651 40551 46366 51401 51582 51823 58853 80515
947 1247 1249 1317 2231 3142 3702 3882 4020 4385 4689 5005 5104 5542 6585 6909 8689 8706 9074 9350 9984 10167 10537 12124 12420 12885 14108 15660 15892 17119 17518 17599 18857 18959 20079 20466 21692 26376 27207 30792 31952 33389 38956 38993 42698 43872 46402 62026 64520 89273
106 236 275 517 1973 2109 2195 2415 2820 3393 3715 3745 5030 5709 5837 6518 7306 7756 8913 9984 10538 10560 10968 12948 13485 13855 13950 14946 15813 16235 17453 18211 18715 19533 20933 22559 24298 24707 26012 26027 28287 30660 33423 37382 49252 55825 63504 64543 66431 72816
51 72 515 1605 2090 2215 2307 2632 3129 4121 4190 4693 4714 5183 5653 5720 6068 6199 6342 6448 6629 7114 7335 7492 7958 8524 9640 11050 12826 17652 20860 20970 21747 23800 24875 27002 30183 31721 31764 35093 36617 38118 40680 41760 45029 45478 46439 60361 62275 85158
665 905 1300 1887 2108 2472 3290 3889 4137 4716 4951 5011 5339 5429 6363 7089 7298 7936 8452 8899 9795 11830 12435 12699 12781 13187 13192 14564 14745 16791 18983 20029 21560 23300 23422 24679 24700 25355 27138 27729 33166 33428 37021 40981 43131 49646 56531 56950 63105 69186
282 1812 1908 2452 2512 2642 3618 3866 3968 4669 4791 5070 5851 6100 6293 6598 6806 7041 7403 9577 10833 11140 12245 13351 16059 16501 17759 18541 18723 18860 19278 20142 22158 22799 25679 25797 26116 27182 28114 28528 33116 35259 36136 39745 42337 43110 46837 48542 54832 68799
163 613 903 1062 1425 1532 1597 1842 2268 2736 3417 3939 5269 5510 6773 6780 8214 8517 9291 9718 9955 11395 11432 12158 12755 12832 13667 14450 14550 14778 15736 17076 19964 20078 20394 22377 25264 27042 28088 28349 32392 33572 33944 38997 39084 50552 56170 62063 66106 92378
63 925 1304 1566 1587 2272 2865 3648 3899 3911 4828 5647 5848 7566 7846 9256 10049 10264 10321 11606 11641 11732 11899 12835 13848 14475 14997 15518 17363 19270 20297 21134 21145 23044 25435 27063 27286 28023 28566 29509 30392 32610 33209 33280 34010 34741 56467 57454 72800 77163
76 114 787 1015 1182 1205 1339 1515 3066 4108 4262 4745 5066 5307 6145 6688 7249 8425 8711 9330 10508 11405 12059 12496 14724 16284 17559 20064 20280 20422 22803 24148 25288 26522 27963 28274 28321 29424 31556 31649 35405 37421 38928 42702 43479 46079 47865 47999 48393 59315
189 382 632 999 1500 1553 1732 2217 2285 2373 3244 3514 4301 5250 5640 7305 8009 8227 9463 9513 10964 11110 13408 14264 14308 14886 15108 16532 16663 16904 17915 18144 18449 18969 20564 20878 21348 21696 24369 26659 27707 31755 38679 41960 44040 52737 53312 56728 58488 105234
366 892 1281 1769 2081 2356 2523 3074 3149 3367 3828 4715 5371 5981 6095 7825 8238 9010 9791 9887 10414 10767 10899 11295 12893 15314 15633 15990 16343 16592 18859 19340 19389 19624 20222 20591 21311 21622 23094 24767 26204 28420 31968 35196 47916 48059 51175 54932 60893 113490
69 370 377 414 558 610 697 868 1234 1305 1968 2138 3782 3883 4806 6176 6652 7226 9182 9748 10314 10343 13815 13963 14348 14500 14995 15476 16258 16700 17628 19580 20930 21431 22621 23612 24651 25130 25456 28633 28953 30978 32307 37765 39477 47860 53758 60700 63994 105740
222 1063 1407 2645 2728 2829 2997 3683 3712 4387 4457 5802 6652 7482 8895 9529 9839 10234 11482 11812 12899 15046 15730 16822 16854 17342 18017 18023 18665 18722 19547 19949 20475 21077 22428 22891 23400 25488 25762 27088 27835 31373 34487 34563 37884 43965 48023 49732 64562 81215
