1000 20 12
7899 8457 9910 19997 24942 46169 58729 67083 90983 149888 171907 254547
8602 10487 29798 53928 56971 60188 69009 78593 94227 95786 128360 252774
161 10259 44945 49697 58466 63720 67988 77428 82411 99876 162751 184675
1506 16772 19431 34882 37912 40238 42003 66766 111479 137934 140425 236821
12710 35950 49637 49914 58154 63733 76610 79510 83825 135086 142908 153004
2797 24744 28501 49207 49708 50052 55319 84051 102042 107434 119316 178028
16548 16840 28990 43302 69606 71654 76802 77752 99054 114184 147535 179258
4896 17081 30789 58143 60926 68981 96959 97454 104248 104521 119769 119916
7725 15547 17208 22448 31477 35237 41021 65830 73082 82302 182256 287178
1224 12394 22796 35620 52937 69460 82532 94383 119151 124723 131845 141107
6205 17356 23412 24146 36197 39268 53247 63239 98952 119421 168216 209511
12002 13184 14795 14953 23969 50988 66193 71625 76302 89218 241311 261872
2382 7407 8497 61961 62571 64617 70494 79963 81378 89195 196174 208484
264 6356 9679 15108 18567 62193 74598 95477 118433 123581 152881 212130
11476 13622 14237 14397 36284 42261 64494 80426 132586 135016 140617 219384
6134 11505 24918 32610 43343 62546 87154 100561 106823 113339 148740 154736
15291 28208 41716 45240 47667 50013 67973 84522 88698 136240 161902 167324
4417 9038 9382 10465 23053 32740 81281 111289 151142 152449 156747 172794
582 8848 20299 23487 23798 38712 51680 54266 98179 111325 133376 317886
2501 12372 14944 18752 37936 40535 46543 48055 53459 110782 138151 357298
