1000 10 45
579 663 891 901 1641 1698 2110 3990 4372 4433 4729 5871 5884 6630 6929 8298 12687 12704 13431 14913 15307 15445 15604 16923 17791 17803 19811 21353 24462 24723 25615 27286 27816 30591 30846 32360 32915 35620 37098 42639 43778 63313 73466 74305 109506
87 329 999 1482 1609 1783 2926 3760 4137 4349 4357 4758 5428 5448 6255 6397 6431 6496 6711 9898 12238 12891 13306 14202 14652 15356 16258 19278 20493 20817 24169 25592 27386 29576 31554 33436 33892 36513 38446 54248 65040 66249 73055 76943 121209
256 726 730 1018 1819 1870 3656 3897 3900 5035 5289 5533 5637 7099 7188 8402 8606 8863 9272 9534 9841 10115 11640 15890 16625 16893 18015 18267 18404 18983 19544 24808 25204 26304 27027 27094 28203 38872 40320 41214 49208 79591 82307 99619 128323
699 1512 1827 1841 2926 2974 3527 4200 4939 5517 6276 6345 7020 7124 8750 8752 8978 10397 10885 12634 13098 13670 14314 14843 16438 17532 19130 21255 22306 23284 23941 24306 25799 27255 34680 34684 39948 40980 43398 46955 48379 62718 66867 83961 90677
712 1604 3176 3388 5380 6051 6188 6221 6495 7043 7499 7584 7925 8062 8323 8832 9493 10667 10818 11013 12604 15408 15762 16237 16255 16391 16821 18061 18171 19539 19798 20295 21418 22313 25796 29976 32414 34994 37784 49191 58595 76403 78440 78476 94436
382 1152 1507 1575 2746 2939 3334 5387 5614 6480 6607 7911 8142 9677 10398 11416 12503 13457 13727 14389 14658 14720 15216 15808 15843 16230 17474 18001 18770 18854 19867 19931 23001 24819 28354 29388 31065 31233 41370 42186 45545 51221 56576 75531 161853
212 965 1777 2363 2489 2837 2847 2854 2986 4600 5472 6260 6481 6577 6683 8251 10051 10511 10715 11636 11778 12266 12559 13565 13987 17730 18332 20493 20861 20961 22924 23602 27082 27958 29398 33348 39402 40717 52632 58942 66261 67762 71649 73300 83082
359 500 503 1246 1522 2186 3146 3265 3409 4332 5418 5497 5987 6020 6458 8376 9011 9555 9795 10549 10831 13153 15382 16592 19001 19656 21038 23802 24205 24504 24696 25389 26777 29311 29428 29837 33842 42600 48611 50171 57462 58603 66117 70030 108270
7 818 1109 1288 1771 2412 4048 4749 4901 5133 6634 7183 7384 8131 8833 9277 10136 11461 11623 11700 11982 13354 14946 18270 18807 19425 20853 24382 26974 27837 32193 33988 34774 35160 36164 38389 38711 38940 46970 47045 47894 48813 50967 52855 93096
151 215 341 1017 1703 2702 2950 3819 4137 4417 4651 5229 5391 5573 6949 8161 12906 13650 13739 13984 15912 15942 16390 16852 17264 17625 20395 20719 27242 31415 31684 33510 33575 34025 34832 35268 36267 36355 36969 40529 42171 48414 49364 51847 126687
