1000 9 13
12669 15291 29152 30537 34505 35701 46248 73594 86800 96414 116032 124446 239859
192 7310 17546 23260 24681 31809 60596 61780 84012 101322 125961 195065 210575
1536 10266 18723 24679 39537 51141 51261 88002 98339 120070 122379 125573 166656
2334 7208 13146 25015 43877 61032 70003 73987 87288 87372 89369 190845 197079
529 792 12351 16060 34706 37723 61501 61815 79894 94679 113388 166410 242143
1886 7538 10512 10815 12589 35193 78535 97170 100008 111426 116035 172765 214634
2927 12422 40399 44427 47558 56987 62363 62391 76626 82635 89348 122944 223546
3438 14545 20637 24705 37886 55200 62703 73029 73171 87737 101297 157800 209448
6193 25502 28220 31395 52751 58734 83611 90048 97062 111011 116806 117143 122799
