1000 48 19
1905 4511 9744 12749 17883 20354 26453 30714 33254 34716 35991 36882 46049 51991 78826 80774 88408 144608 146539
15 2605 4489 6504 9239 10764 16916 18266 18297 18636 27528 31633 46027 47503 64400 100297 135311 135744 197989
935 1694 2997 3286 8490 8539 11663 15355 15722 37796 41611 61192 62642 63801 64642 81790 105299 140842 171109
844 1833 2984 3250 4767 17506 22845 29642 37335 45866 51355 62888 70285 73587 79525 88520 89007 90852 143602
1133 2395 4619 6188 9309 12712 18823 24958 26192 41835 52879 60403 65849 67817 73411 89765 95214 108763 128740
513 5232 12146 14034 19144 21028 23780 27173 27399 28940 31599 49742 57153 60586 60623 73943 88963 95721 213524
270 1096 4125 4919 5900 17687 21163 21575 26875 29133 36006 42218 74142 76416 84602 91548 105376 115696 127093
176 13994 15144 18581 21144 28970 29312 31764 39857 52834 53642 58937 62363 62442 63795 73108 83845 99146 129235
402 6593 16367 17633 22407 23209 30393 32828 38310 39366 44582 60673 61267 65075 67069 71924 98224 106735 129302
556 3695 8435 9856 10519 11357 13417 17660 21096 27241 32574 39219 61371 62339 74390 95692 111378 152214 171988
976 1069 4573 15269 18854 20324 20875 23126 31828 38906 42108 49242 51188 70614 90995 100539 106670 116049 124507
2742 2791 7191 7981 8188 14366 16927 17588 25872 28751 34510 41169 41490 65478 73454 98207 120514 123769 160160
2801 3955 6591 9024 16878 17292 19274 20252 24883 36701 45415 51441 68930 72717 73379 91540 107249 114802 164239
885 6028 12958 14085 19719 21226 28505 31390 36061 38597 44712 48031 52509 52674 57199 77965 86509 125921 168723
636 8442 8561 11578 15445 19695 24512 27480 30341 31597 36006 39171 42813 49905 50774 98050 129747 129781 164827
1032 4659 6982 10836 18019 21646 23122 33631 33757 47601 48455 53087 57929 59426 65870 91013 92703 107234 111275
356 5815 7745 10427 12004 12103 19293 20460 24199 42080 47478 51944 59916 60807 80888 83857 126062 139737 143610
4195 5935 6333 13368 23732 27935 29665 30753 32743 38101 41186 57835 60742 65082 69901 73693 84731 95566 117557
4032 4359 5741 10916 12837 14648 16608 17100 23529 25593 37042 37978 40994 48051 80148 81200 106367 142880 184990
464 3227 7967 14970 15637 20111 22322 31127 33997 34341 39993 52232 53362 63632 78198 88140 94724 108801 117261
84 8175 12277 14767 16418 18120 19774 32454 34328 35743 42733 47699 53537 60910 78285 100072 105242 106661 121914
375 1893 4277 5173 5184 9546 10064 10932 16420 23662 29412 51488 61781 64687 67215 81362 89733 190584 222071
4924 7152 7388 19188 19529 20758 24843 25781 26926 33047 39611 45092 60519 74194 77782 86202 98126 116123 155474
1454 3389 5364 5816 6193 7052 9648 22296 30834 38259 39479 43421 47329 53223 55111 73658 85114 163239 226487
1186 6541 7609 8349 15098 19605 20642 22174 27585 29732 33772 38935 46030 59497 79211 94013 121201 132172 149202
634 14149 14537 16071 21272 23715 25034 25132 29382 43419 48378 49404 54466 58913 71536 91975 92138 114753 127665
664 2856 3496 3579 13551 16407 26980 28341 35669 35943 36351 42776 52727 53202 56298 67319 76329 82723 241799
2406 6124 9248 9362 10230 15156 15578 15759 17533 18514 22084 33359 46070 58839 67185 76056 88225 167442 215458
4796 6618 9936 10384 11465 15045 23511 41226 41773 48872 53823 60874 72292 82597 82634 83834 88300 92324 97826
2079 4425 18782 21058 24510 24608 27745 31297 33382 36271 38814 52013 54929 58057 79884 80341 91586 98629 149315
6647 8101 9058 9848 14869 16215 17906 18554 18667 22824 43583 45229 61174 61181 65475 75225 75641 175574 204133
6413 8395 11846 13671 16506 25795 26478 35181 35606 35683 37184 52493 55221 56633 64698 91351 97093 99423 108965
1175 2327 5197 8417 14305 14408 15042 18887 19371 27378 47316 49613 62065 64731 74010 83744 106956 117253 140738
239 5670 9766 12000 17720 18754 21455 21505 24291 26904 29102 50270 51174 55093 64312 87272 89130 129448 210931
1987 4571 5566 11251 14637 16313 24492 28999 33146 33539 41369 43058 43443 64397 79754 89418 97596 130456 166935
1094 4179 5912 7857 8319 15277 21956 26977 28973 29929 38860 59454 75634 86798 90140 91340 97465 97502 99034
1552 4350 6536 7198 9278 23832 24268 26984 36100 40265 40546 46808 55564 56540 58565 65595 91304 146332 152214
3907 5365 6281 6851 9453 10332 12823 14399 16845 29108 45889 53773 56127 61417 79061 98888 100135 105170 166110
489 5820 7071 12041 19865 21464 23171 23234 27259 29997 40244 41003 47485 63902 65962 120584 121252 130709 132857
4680 10447 10509 12911 17590 21961 35032 36170 36924 40284 40886 46021 48269 68417 68988 71658 90765 108434 180429
314 619 1179 2099 3601 6843 13655 14170 14622 15450 15789 26732 46531 72121 72988 82939 128089 131668 232473
869 1184 2321 4075 4212 9794 10557 13789 24541 28170 31561 35615 39972 51617 71024 82510 137811 150989 193506
813 1145 3686 3882 4166 7695 10627 17872 18104 20666 22679 28010 37126 58226 69743 92122 156974 163485 183183
7239 8194 10400 12227 15283 16502 17913 19176 22952 27824 44386 56272 58016 63689 67076 76261 88246 115188 171745
1377 3661 4759 8177 9891 20369 26935 29997 30319 34550 46861 48206 61995 76154 84340 99061 100292 106431 146996
4834 8922 10060 10840 12548 13616 24781 24964 27297 38923 44193 48848 65245 69465 87221 95889 102953 106021 152180
1359 5991 6067 13946 16113 20617 22672 26674 27657 34686 47007 50236 64151 67134 79542 90597 91212 139243 149774
1659 1871 3195 4430 5901 8405 16933 27607 28738 29645 32504 37544 37705 41063 76647 121819 146801 150944 158600
