1000 31 32
2 165 1794 2896 5450 5496 6244 6900 8415 9708 15040 15154 15432 16260 21766 24598 25526 29163 34152 37013 38656 39295 39472 41147 44554 44905 51226 52263 52310 72113 84106 92206
486 980 2370 3137 4360 5942 6421 6845 7262 8862 11737 11936 13721 15859 16024 19173 24524 25227 26844 28501 29584 35051 35457 36709 37271 40700 45709 64025 70678 80936 102071 110198
1244 2414 6154 6536 6888 8190 10228 10880 11177 11603 12836 14397 18656 20002 21266 21956 23195 24549 26988 30030 39408 40984 43465 45087 46491 49882 58912 61011 61985 63234 75181 94013
9 1486 4346 5033 5534 8367 10429 12202 12804 13659 14774 15783 18116 19310 21378 22197 22202 23542 23808 25739 27265 29607 34540 35118 36886 39271 50623 51205 72848 78794 93180 99965
48 664 1071 2257 2883 4326 6498 8048 8541 9724 14472 19816 20479 20544 20932 22188 23594 27440 30100 33129 33484 34101 37762 39586 47341 47748 48410 53303 68848 68986 77089 102333
283 829 1159 1868 2387 3733 4457 5075 9656 9979 10033 11400 14689 17527 18069 19077 26714 31257 31487 33283 35079 39927 52358 53091 53528 53548 54454 57879 61400 61624 66036 90537
4651 4875 6045 10589 10648 11905 12141 12877 13110 14236 15773 16622 17003 17894 18187 18595 18992 20544 20904 23387 24189 27267 31460 36112 39707 40057 43256 46499 70425 78672 112167 135040
736 3619 4017 5894 6850 7901 7934 7954 9487 9957 11434 12220 14162 16015 16064 19896 27615 31454 31818 32394 34125 36246 37023 39468 40207 45843 50186 54669 70358 74331 84324 84902
227 381 1485 1944 3783 5527 6007 6311 7410 8071 10367 11100 12757 12804 12940 14189 18543 18728 25116 27214 30777 31587 32856 33138 35973 41466 42347 47998 53889 63844 129839 191686
1135 3498 5007 5771 6423 7004 7087 7921 8958 12024 12537 15233 16558 18407 19356 20218 21936 25230 25454 30180 31398 33077 36504 40040 47599 50532 53397 56710 63430 85596 88341 91669
2595 2926 4048 4072 6010 6297 7018 7329 9022 9698 15093 16501 18742 20714 21318 22852 24010 24175 25812 26026 27855 31540 32366 36014 36483 45832 47014 59432 61629 82408 91220 126412
278 979 996 2339 2773 4611 5723 5818 5968 8807 11675 14150 14770 15511 16117 16989 19122 19948 20206 21281 21912 22188 29832 34874 37122 46425 57600 60801 60969 66483 119457 184089
1707 1825 2065 2451 8103 8846 9289 14044 14311 14594 15801 16241 17268 17680 18575 19067 19487 20068 24098 25144 28289 37964 39822 44809 45780 45888 46898 48951 50098 62866 66117 153424
1254 1707 2959 3033 5053 5242 5356 7866 10142 10443 11024 16108 16135 18057 18391 19490 21247 21932 26049 26850 27553 28539 31002 33544 36276 45820 57469 62302 76324 76643 104125 116358
1414 1831 5002 5093 6497 6602 6855 7475 12619 12810 13297 14803 16330 16988 17042 18063 18264 18822 19965 21700 25613 26766 33616 34241 37009 37255 40198 57260 68978 71366 116500 136848
980 1273 4974 5539 6334 6604 6971 8551 9566 10121 10550 10609 15041 15477 15606 15937 17820 18070 19013 23169 25336 27048 32859 39729 43201 46814 47113 57955 80757 91464 94782 119721
694 1766 2274 2603 3368 5178 5798 7525 8938 10042 10136 10633 14103 15120 15664 18410 18751 25183 25534 27068 27509 27751 30752 32518 38581 42703 43815 57066 67237 71517 100640 165883
218 908 911 3155 3360 5552 8637 10069 10210 10343 11788 12020 13032 14010 17096 20847 23579 24909 29123 33548 35960 39067 42121 44323 46492 47156 53591 57952 68717 72219 83263 89890
557 3089 3321 3830 4086 7166 9349 10050 13750 15197 15254 16256 16455 16485 18292 19713 20410 23400 25225 26732 28199 30343 31725 32943 36361 44319 51979 57008 72785 74367 86652 148015
1053 1736 1883 2087 2367 3865 4011 4338 4790 8139 8956 10501 12087 13960 17999 28506 29294 29489 34199 35888 38464 38952 39044 42599 43128 47278 53199 68141 71292 82347 91011 91395
481 2059 2840 2840 5058 5723 9953 11191 11966 13601 14185 15520 16014 20087 23214 25188 26454 27089 28922 29250 29907 34849 37877 39514 41498 46362 47042 51648 56459 59412 68977 133793
953 2856 3383 3455 3638 3986 4635 5498 6348 10840 11692 12003 13481 15378 15561 16348 17142 23048 24819 25489 29010 30935 35489 38968 40237 60420 66549 67515 78214 83244 93090 93603
1145 1666 3789 3846 6110 6817 6865 7290 8523 9907 10293 11137 11542 11892 12703 16375 20398 21310 24890 25644 25728 30049 30646 43159 43321 55711 66524 70100 76465 82871 82902 103449
1907 2263 3502 4039 9427 10946 11617 11935 14233 14764 15945 16313 16766 18225 21630 25495 26145 29824 35801 36282 37837 39282 43698 44705 46547 52623 54400 58587 59775 63389 65047 76086
214 397 610 808 1453 2967 4199 4577 4594 5677 6203 6400 7665 8145 10396 10657 13965 17763 22666 29137 32914 37689 39987 40281 46917 55533 57181 63865 74925 85991 88605 156409
223 1949 2098 2939 3053 3189 3435 4694 5675 6478 6746 7322 7849 8178 10127 11669 13597 14755 16255 20654 20961 22633 25773 43239 58945 63698 66354 71820 75563 109880 111250 131346
1415 1771 1793 2472 2752 3133 3471 4235 6067 7370 12462 14278 14293 19984 21184 21271 22834 26237 26647 27934 29435 31712 45503 46517 50696 56161 56572 63784 68992 73400 83544 115913
220 498 1092 2677 3240 3252 3412 5041 5899 6091 7162 9641 9657 11689 13801 15258 18944 19900 24430 25908 28546 28945 30431 40783 45646 48146 59664 69197 84353 92106 102175 116577
263 6124 6763 7333 8669 10358 10981 12134 12563 12766 12835 14527 16610 17931 18618 20310 20689 21194 21503 23485 23902 29135 29385 33802 42643 59813 64288 70565 71814 76914 85165 99072
616 1261 4192 6114 8607 8887 9553 9751 12140 12667 14304 15534 15645 15918 19217 20967 25621 26685 29283 30482 30483 32958 40456 47383 49300 53340 54334 55211 57845 67566 78076 106722
1896 2686 3148 5632 6117 8504 8868 8996 9446 10148 13233 14843 19075 21112 21325 23765 23929 27021 27456 30216 34075 36277 40604 42646 42664 49182 51540 54559 57356 66995 76863 92473
