1000 22 48
113 198 814 926 1309 1409 2063 2457 3517 4647 5725 5956 6658 6917 7170 7710 8041 8503 8550 8647 9736 10456 10484 10659 11087 11329 11359 11380 12829 14327 14843 14893 18859 19796 24721 27126 28691 29356 35432 41423 42162 44791 47051 47133 48602 52332 63805 67992
383 912 1149 1987 2231 2440 3187 3314 3687 4255 5166 5274 5398 5751 6187 6341 6649 6908 8049 8082 8135 8382 10388 10853 10954 11962 12752 14008 14158 14288 14517 16443 17571 17708 18946 20191 21848 22277 23540 25532 26787 27946 36943 40626 45019 54372 56188 89444
33 262 1247 1591 1783 1944 2113 2413 2746 2934 3589 4530 4607 6432 7074 7343 8151 10712 11108 11163 11248 11446 11456 12046 12070 12791 14866 15155 16620 17154 17341 17649 18077 19397 19472 20964 21653 24761 25910 26828 27827 33299 38133 47294 49704 53010 71035 94383
161 246 381 888 1424 2798 3234 3622 3848 3900 4290 4359 4371 4904 4938 4960 6316 6329 6831 7613 8146 10425 11295 11420 13326 14154 15077 15204 16063 16881 17007 17591 17891 18060 19542 22678 24410 26392 26546 29392 33820 34665 35038 35213 37276 51435 55056 63389
318 329 687 1216 1317 1432 1494 1862 1942 2554 2985 3026 3385 3470 5412 6302 6852 7277 8656 8954 9379 9620 10682 12545 13008 13840 14762 16275 16990 18229 20644 22448 22867 22936 23937 24792 26198 26576 27096 29693 31362 31926 37308 37582 38423 43511 45905 51474
58 287 434 1054 1309 1516 1655 2304 2942 3834 4257 4574 4807 5764 5907 6826 6861 7679 8332 8444 8643 9445 9593 9907 10503 10552 12199 12509 13142 13639 14439 14670 15057 16427 16519 16856 19350 20023 21556 23105 24000 29744 33133 33471 37968 38004 67901 132090
94 332 575 768 1518 2007 2018 3444 3566 3697 5190 5477 6351 6495 7492 7541 7978 8113 8270 9186 10926 10951 10967 11038 13413 14048 15094 15616 16818 16832 18161 19635 20725 21168 21935 25169 25494 26236 27913 30292 30661 31705 32831 40143 45764 51801 52469 90302
210 626 944 1211 1225 1460 1520 1777 2075 3890 4238 4252 4424 4830 6190 6688 7085 9404 9807 10249 11190 11272 12145 13486 13750 14126 14741 16129 17167 18285 18436 18514 19128 19158 19716 22060 24668 26764 28071 28522 31107 32873 32904 40193 54213 54838 57081 78514
127 1833 1993 2502 3007 3313 3409 4123 4385 4400 4510 4824 5187 5898 6022 6424 6698 7442 7579 9415 9475 9601 9642 10125 11715 12247 12862 13612 14232 14894 15160 15386 19766 19790 21554 22816 23559 23946 25391 26943 29347 30438 32466 40833 49191 52758 61758 89830
151 206 664 1582 1798 2055 3400 3660 3893 4089 4138 4854 5054 5322 7076 7634 8138 8256 8760 8896 9493 9903 10522 11176 12993 13384 13849 15181 15233 15870 15901 16121 16745 16993 18654 18669 21885 23068 23644 24323 26610 31487 35769 36625 37065 44661 62041 65279
339 384 1462 1616 1674 2039 2673 2735 3770 4367 5452 5866 6567 6942 7684 8247 8957 9037 9501 10423 10860 11038 11633 11689 12358 13722 14006 14726 15680 16209 17078 18931 19808 20810 21469 22052 25076 26098 26146 30198 30224 31537 33261 34445 34874 37497 42763 69596
33 454 1231 1261 1296 3049 3178 3469 3977 3982 4000 4219 4330 5057 5882 6350 6465 7150 9224 10664 10804 11290 12719 14385 14806 15403 15870 17626 21087 21266 22189 24067 24127 24384 24712 25503 27411 27614 27632 27953 28685 30194 31856 32104 36413 45211 48294 119758
353 608 1191 1316 1629 2220 3218 3236 3386 3571 4107 5120 5293 6999 7180 8479 8883 10653 10782 11372 11955 12627 13441 14533 14660 15003 15154 16308 16437 17687 18440 19458 22819 25151 25225 25527 25562 25587 25926 27304 28022 32941 36052 40252 41287 42826 45232 78805
474 499 1055 1170 1673 1893 2039 2465 2466 2646 3013 3121 3965 4602 5305 5498 5702 6122 6140 6353 6428 7614 8974 10312 10688 10766 11140 12926 16168 16295 18105 18752 18871 21427 24537 27420 29902 34301 37293 37637 39670 41108 41325 42986 68711 69581 70548 79120
125 234 2183 2554 3517 3709 3774 3910 5099 5433 5669 5726 6401 6437 7032 7428 7462 7595 7848 8329 8492 8515 12087 12788 15678 16309 17037 17564 19743 21106 22242 23364 23692 24347 24760 26507 26735 26973 27275 31258 37611 40215 42820 48651 49781 50288 53447 72916
390 1478 2259 2717 2730 2997 3035 3431 3476 3660 3872 4281 5281 5442 5513 6347 6505 7136 8415 9285 9455 9797 10018 10157 11367 11770 12412 13382 14311 14739 14900 16869 17113 17266 20904 20970 21877 24974 27686 29121 30029 37243 40231 40903 41074 45891 53128 63848
421 448 660 1592 2143 2331 2455 2547 2978 3327 3684 3916 4444 5167 5276 5404 5563 5592 6351 6384 6510 6700 6832 6993 8804 11599 13064 13687 14498 16523 17879 19496 21468 24779 25751 27892 28657 30408 31061 34204 34805 40391 40539 42516 48372 56970 71816 75449
873 1769 1872 2305 2616 4255 4736 4886 6106 6118 6163 6320 8133 8260 9603 10361 10505 10996 12002 12836 13059 13074 14341 14564 16182 16467 17468 18418 18457 19367 19677 19703 21865 22314 22916 24383 25402 26382 26906 27483 29365 29737 35368 42173 44776 47646 59419 67790
2773 3308 3310 3365 3518 4379 4836 4894 5235 5643 5644 5668 6446 6579 6649 6650 6748 8560 9300 9478 10183 10447 11111 12098 12279 12605 12632 12957 14161 14433 16392 16950 18571 18628 21769 22010 23557 24188 26886 31890 32014 32130 32216 40440 46200 49037 66346 74678
1880 2514 2761 2836 3550 4413 4756 4857 6748 7175 7979 8071 8600 8965 9022 10944 12096 12466 13003 13966 14473 14707 14729 15521 16317 16436 17313 17588 17642 19145 20739 21284 21452 21760 21935 22212 22796 24087 24177 25161 33374 37468 40179 41144 43283 47258 57829 68973
413 675 1348 1529 1816 2173 3382 3548 3719 3757 4438 4495 4770 5545 5553 6710 7593 8281 8529 8853 10061 10123 12666 12704 13388 13907 14663 15022 15832 16149 16354 16514 19033 19112 19753 20475 21606 24832 26605 27866 28640 28955 30964 34045 37549 56059 59067 97312
695 1020 1469 2652 3202 3406 3790 4415 4528 5005 5802 6184 7649 8050 9232 9282 9347 9855 10357 10480 10818 11299 12466 13615 15672 16047 16624 16707 18555 19186 19545 19890 22536 22715 23088 24727 26679 26873 27137 29341 34688 37986 40674 45432 49474 49864 53579 65808
