1000 40 20
3059 5091 8966 12047 12810 15433 16677 17569 19849 24480 44315 51803 52246 56991 61999 66766 79631 80896 123015 137187
1889 6169 8094 9713 12007 12067 13758 23477 25617 34649 38050 50778 54220 54527 67767 80427 89215 100142 100942 109112
4281 8749 8988 10718 12940 16591 17250 17907 23220 28651 33892 38422 42429 50143 56006 59004 60255 82024 82894 239990
2674 5690 5853 7974 8335 12928 16461 16787 23359 26166 26629 28841 29405 47599 55340 56158 92501 92520 94353 140994
2835 3419 4022 5358 7155 21775 26649 32257 35776 38163 39268 41965 54819 55036 56879 61464 64240 69760 93190 130927
2300 8272 10192 10425 11282 12480 14342 16168 18895 21164 35622 36815 38548 39967 49740 52513 56836 77669 100062 189165
3746 3757 4544 8156 8660 11394 11845 12659 17478 23797 29150 31182 33212 40378 46539 51174 56086 104501 139670 167967
1115 3681 4147 6353 6415 6655 8732 15254 17124 20386 20870 21952 40145 60667 61925 63927 77650 105390 112341 149354
82 669 2776 6827 8079 8514 12540 14702 16073 29318 33323 36550 40543 45374 60508 71436 77041 92775 93919 146642
1830 2963 4788 6295 10900 12791 13843 15644 22798 24115 26526 27578 45039 58482 72361 85822 91978 101038 113310 135163
1062 4356 4789 12308 19500 21319 21907 25180 29744 33172 34924 39436 43599 47084 47989 61498 61835 66616 73954 223086
353 1278 6070 6501 8456 13586 15242 15308 19664 22444 24788 38428 45688 53637 53860 77966 82997 83202 134626 162104
1065 1509 3159 3345 4970 8324 8400 14694 14755 17489 21689 37747 47939 49766 61948 68491 106058 109969 115765 130524
60 9282 11214 14013 14494 15742 19067 19225 25298 25814 27208 32379 33148 53401 61993 74508 77032 80520 82293 133964
380 1556 3642 3980 8511 9008 15821 27146 28607 29797 42294 45733 48385 49551 59813 76114 98652 99374 108919 120876
177 515 2769 4646 6600 12100 13784 15715 15730 18686 26082 26488 27389 34267 40418 54544 55387 70313 175431 184804
1778 6823 10625 13034 13916 14244 14496 15898 16027 21347 24735 24942 24991 33276 35532 49316 57359 107398 119430 226777
3238 8313 8621 10234 11902 12661 13369 14338 15933 16612 17215 26993 51069 53236 58709 63457 78087 82060 87791 197365
556 1169 1356 2418 10236 16751 17527 20591 32720 33234 34205 35689 43838 50936 55586 60182 62918 81575 84302 168123
1855 1919 4357 7862 9218 15843 17169 19483 22530 23689 23812 25782 33426 35491 37661 37944 39435 58236 103488 308309
5050 5560 8908 9058 13076 14257 14265 14403 17858 27310 37618 39942 40632 48095 60806 61804 68034 83394 148489 148696
1281 3210 10135 10353 11248 14057 15041 17121 22244 22501 22989 40501 50274 53691 65645 67815 68459 82356 116293 196027
1829 3952 4154 9673 10148 13229 17659 20249 20282 25323 32142 32793 41029 54035 57748 59643 60905 62833 77056 173299
1918 3228 9728 9920 16491 18858 30601 32828 34141 39786 42807 44071 51684 56111 57038 57908 63622 70392 122638 142389
522 2416 3031 3860 10168 12480 12680 14680 26215 26386 40995 42361 47143 56903 65776 79915 84634 93055 119179 135556
1520 7464 9146 9391 9826 10136 12467 19914 24708 30930 38781 42802 43402 44536 56217 62146 63134 85410 90153 211436
201 732 4088 4997 5339 6798 9699 11562 16115 20534 22630 29884 32761 39606 40311 57674 82780 84906 114756 188674
268 3053 4241 4523 4729 11825 14706 15959 18962 21401 34628 39093 44193 64322 66022 67773 75399 87109 99495 120946
2131 5408 11358 13491 14775 15944 16255 17837 27883 30197 38204 48392 55071 55814 58130 69684 86458 92374 100486 109093
1474 6632 7031 7380 9096 10343 13765 17623 19961 21704 21883 29610 33741 48289 49510 60202 67201 109650 128999 200717
2874 3420 4308 4776 4982 6334 8944 20388 22304 22642 25105 29118 42452 43165 46518 81103 86327 109700 115390 222408
908 1537 4839 10619 12439 12880 20591 21815 26938 32126 32281 38128 41926 44167 48908 67175 79644 102293 115147 121942
1893 5233 9480 13090 18069 21494 26407 28625 31287 34601 36807 45074 49465 58446 63423 64316 84006 84609 99989 146299
5048 7793 13061 14528 15263 18624 21522 22192 25965 30666 31116 32933 37440 39751 43526 43756 64586 71516 118682 149599
41 2314 3587 11861 17283 17382 20285 21212 22297 23019 34119 36774 54041 58279 61327 64773 69588 78061 82285 186800
1913 2494 3065 4117 5097 10577 16799 21598 24316 29938 35709 38125 40380 60525 68818 70181 85431 99352 106944 146778
256 2238 4643 7834 8277 10944 12025 17054 18766 18805 30360 34596 35835 37786 39242 41272 72694 100458 144839 228789
1840 4746 5002 14576 16076 16845 17742 23805 27407 37409 41705 46394 52207 53292 61314 67093 68707 84624 87281 99242
5591 6409 6961 10918 14374 16181 17525 17893 33765 42700 45399 46879 47500 61827 67670 71011 80347 94818 115180 117286
5362 6585 8118 11255 11726 15290 18387 19776 28591 33231 36163 38250 40176 55484 55816 62978 63005 67124 148347 153995
