1000 23 45
158 375 1323 1512 1558 2052 2478 2600 3463 3612 3674 4377 5348 5573 5725 6712 8598 8601 10280 10669 11704 14921 15359 18841 19610 19725 20202 20273 20873 22518 27036 27509 27673 34215 38804 39665 44583 48512 50595 52331 56955 57138 64536 69446 70357
596 607 659 1002 1054 1058 1570 1590 5062 6067 6344 6629 7252 7377 8044 9173 10314 12833 13675 14230 14554 15161 16827 17321 17745 18292 19326 19377 20525 20715 22625 23483 23874 26088 28397 34628 40611 41430 45788 46770 56294 56299 71730 74603 79627
43 346 429 969 1202 2205 2605 3096 3871 4600 5063 5703 6778 7724 8896 9446 10785 10827 10880 11906 12496 12812 13848 14379 16204 16274 18895 20117 20854 23987 24868 24929 26111 26427 28543 30206 32901 37397 37966 39274 52770 53116 56053 88303 143972
341 440 446 970 1775 2129 2191 2731 3367 7469 9070 9166 9634 10131 10691 13155 14519 14557 14749 15737 15916 16107 16383 17001 17355 18071 19866 21842 22398 22482 25500 25650 28673 35147 35558 38048 39277 44336 46448 46501 48476 50323 53251 53497 72801
1008 1418 1577 2112 2286 3363 3792 4088 4859 7847 8375 8682 10336 12641 13687 14030 16231 16531 16835 17216 17637 18263 18716 19351 20428 20538 24290 24936 27154 27789 27914 28899 29109 29408 34615 35230 39710 42099 44615 45056 45106 46234 47357 50561 50640
173 499 859 1217 2103 2313 2365 2497 3177 4113 4410 4777 6359 6632 7718 8510 8592 10207 10422 10593 11014 11456 12046 13655 15245 17085 18339 19246 20196 21371 21556 22815 24168 25130 28462 29409 41954 44110 51407 52996 61872 69549 70152 73030 104816
740 1030 1030 1878 2470 2631 2967 3378 3419 4247 5247 5980 6291 6298 6701 6984 7190 7689 7742 9404 9658 9661 11560 15881 17060 17191 17295 17544 18560 18955 19704 20012 25441 29287 33854 33967 34289 35726 40986 45899 49521 53483 64717 80591 155334
984 1090 1968 3481 4222 4228 4245 4283 4463 5731 7015 7114 8451 8600 8861 9442 9561 10765 12576 12766 13044 13760 14192 14780 15323 17249 17342 18407 18919 19234 19750 21193 21271 23420 24591 33687 43386 44079 53398 54026 55824 60860 65410 81489 82491
426 690 754 1369 2522 2743 2834 3429 4341 4372 8062 8072 8506 8602 9979 10004 10702 11574 11818 13710 16091 16400 16513 16801 16819 16973 17663 17816 18074 20387 28532 28651 31355 32645 36421 37857 39876 44269 48622 48922 49165 56550 57364 59378 81037
368 386 735 1038 2086 3154 3294 4129 4400 4859 4923 5504 5854 6364 6393 6540 7224 7944 8520 9414 11248 12232 13247 14934 15767 17233 18489 18541 19877 22357 23445 23776 25273 27891 31217 31529 31570 39737 41407 41801 45140 51693 63096 90064 145319
319 923 1081 2611 2988 3365 3968 4027 5062 5392 5524 5976 7316 7549 8294 8530 9291 10182 13722 14047 14755 16541 16677 18483 20126 20847 21229 22735 22951 23913 24498 25697 28754 34089 35377 40127 41141 41339 45193 49260 51125 52992 53338 55138 67202
8 995 1306 2159 2760 3004 3110 3321 3765 4356 4637 4719 4902 4918 6570 7437 7979 8686 10782 11556 14965 16412 16590 17631 17653 18914 19542 20470 23259 25394 25417 28715 31686 32055 32105 36800 40407 41677 45150 45480 50300 56684 58127 77755 82674
1209 1358 2100 2290 2446 2682 2815 3449 3744 5552 6590 8043 8213 9182 9547 9844 10494 10544 13726 15339 15977 18146 18261 18619 19104 19614 19812 21114 21174 22758 23712 25798 27296 29044 29281 30564 33462 35372 38284 40761 47309 56537 64613 66993 91979
279 600 973 1566 2530 2596 3131 3132 3343 4578 4910 6144 6240 6255 6397 7003 8197 8683 9843 10458 10882 10960 12917 14357 15251 15657 16844 17648 17830 24091 26566 27331 30327 32128 35379 38520 40690 44969 47251 49142 54299 65564 66724 77277 89035
239 535 721 1123 1281 1320 1379 2222 2844 3041 3201 3277 4471 5043 6923 7609 7675 7968 8222 9048 11172 11818 13614 15560 17079 17507 19350 19613 20861 23516 25677 26581 28686 29956 32501 32762 37266 45169 46531 49681 49970 51081 59419 92147 117385
10 22 93 548 721 2006 2320 2451 4077 4112 4756 4853 5685 6536 6703 6798 7486 9366 9523 10276 11050 11600 11996 12096 14509 15474 16523 16818 19190 22385 25787 26111 26654 31261 34069 34662 37248 39032 45985 46200 49762 60742 83155 96190 105996
114 322 794 1442 2175 3967 4159 4205 4209 6341 6481 8632 9141 10151 10243 11081 11286 12055 12736 13240 13339 13982 15652 15806 17686 19217 21163 21587 22774 24231 24238 24283 26320 29061 33200 39184 39617 40613 41422 43529 45400 46006 54522 76207 97321
392 763 1965 2037 2925 3237 3700 4751 4836 4898 5340 5857 5971 7105 7520 8035 8868 8872 10399 12129 13980 14052 14870 17073 17099 17950 18026 18745 19487 21544 23120 26896 28442 30589 32528 34847 39497 44725 45470 49670 51278 52659 62850 71470 95545
1846 2931 3553 4487 6627 7373 7624 7901 8560 8949 8952 9358 10161 10467 11185 11276 11795 12446 13081 13216 13856 14620 14989 16924 17520 20240 20716 20998 23870 25055 25419 25606 30918 32033 34321 35138 36100 38008 38347 40088 41110 45734 52812 68786 77325
200 1142 1441 3221 3371 3587 4051 4170 4602 4929 5980 6409 6437 7543 8622 9295 9970 10731 13359 13426 14165 15238 16757 17237 18834 19060 20179 21439 22794 23044 24392 25998 26989 27899 29738 32252 32403 32482 41353 47734 52219 55680 62052 73499 92739
1124 1185 1429 1824 1849 2361 2530 4146 4941 5185 5608 5956 6066 7125 7214 7326 7420 7618 9122 9466 9592 10017 11065 13442 15988 16078 16853 19022 20194 22912 26205 26971 27455 28144 32394 33237 49074 49412 50475 58693 59889 61621 64158 69722 95402
188 1304 2640 2658 2853 2937 3368 3978 4729 4854 5782 6176 6192 6887 6942 7097 7862 9077 9683 12775 12876 13374 13736 15843 16313 16485 17080 18074 18565 18969 21117 21230 21272 22660 32839 32918 36129 42559 51592 52806 69086 69293 70997 79592 88742
49 476 1149 1760 1781 2081 2455 2835 3768 3844 5526 5646 6823 7787 8405 9673 11257 11562 11640 12615 13080 15245 16777 16778 17956 18842 20424 22462 23042 23651 25662 32164 32879 33002 33520 36642 38057 41477 44815 46374 46553 47631 59621 81630 84056
