1000 42 17
1893 2318 4090 6060 7998 13974 17770 36601 41655 50650 58651 64655 68861 77682 79610 105072 216126
492 4391 11692 13698 20511 27797 33897 38657 41384 49707 55105 61975 65986 91489 96374 108464 123881
1599 9014 16398 21571 23092 24209 24902 31568 33016 53045 54972 70962 75908 83142 100362 108169 115390
429 1256 1494 6102 14455 14910 21575 32995 34477 37239 41066 55039 79988 102209 109779 142259 239596
3996 4515 12528 12817 18378 31542 34536 35645 57909 58813 61730 72287 79643 98935 103627 104643 123830
6874 13806 14495 15515 17507 18608 24229 32001 40191 46158 50180 68590 80369 95839 100296 102140 154632
315 1934 3358 7822 7976 11984 12710 14157 21651 22094 28779 57359 78891 82680 132476 164664 221008
1647 14998 21966 26944 29507 31442 34655 38906 45508 45992 49300 65768 67594 72704 82299 104358 174742
1680 6133 7110 7375 11312 14320 20205 20416 39741 50802 67206 67530 72776 105413 121984 126332 146050
1668 3679 4858 7883 10560 13977 14966 39067 47219 54772 58815 64363 69608 70526 98183 134187 163775
3721 6714 14701 19932 21550 23306 29586 34062 36076 46887 51094 51554 72860 99972 102285 108804 122590
1615 1989 6145 7133 9930 14466 25947 45266 48518 60129 61311 72993 75089 84031 86582 98551 153304
2560 7583 8971 19124 25844 27753 29463 35442 53640 62573 65230 68574 75467 79171 81555 125838 156210
4090 7447 15402 17045 17614 18053 20612 27151 29631 34873 39893 41597 50617 108881 121768 130419 176853
1409 1766 2729 2956 4897 11974 15886 16238 30654 37237 37919 51050 67959 78665 145778 171680 180129
1731 6716 27786 29623 29626 36431 39545 42781 52646 53006 60282 68093 73159 74063 78435 85183 103970
2321 8094 9924 13392 13896 14798 18002 20146 35240 41583 57709 58736 79643 82796 118177 132699 162910
3969 4379 4589 5031 10170 11617 13667 19697 23572 29432 42543 63675 71772 99427 127728 143981 200216
1076 5882 16773 24065 26432 26652 27211 28038 60833 61976 71263 72374 75208 97030 97096 106057 117156
2937 6870 14300 20722 20996 24366 25131 28936 34840 37144 41106 56347 60187 60487 119352 174591 193009
1987 2390 6018 9079 12528 12818 13974 16948 19438 24309 42094 76699 80773 85192 132131 156114 157207
2230 4141 5804 11377 13789 17999 21310 24032 32088 41715 52242 61234 67201 67987 102161 110130 261035
5424 5617 5668 8257 14950 15737 18482 29946 38593 52669 54619 57882 68081 85447 89140 173383 206521
3884 5107 16742 20567 21308 23479 25233 25966 26447 27629 28539 29131 38455 89715 122692 201566 224682
5704 10051 11293 12896 19687 27765 29286 30202 33815 35296 35393 66513 67082 77924 80320 89253 248038
2368 8369 8383 8749 12800 20413 22054 29980 33991 39327 57825 60643 66433 88020 137882 139720 155579
3406 3477 8711 10086 12254 13683 24894 30453 44093 51840 55222 62441 67672 75872 77660 113326 190886
3749 8809 18758 21574 24764 26005 28174 30164 35655 39449 40950 67951 71476 97651 98943 120937 122445
927 1896 2951 3768 11215 27234 28233 37414 39577 42893 58208 67269 78615 91443 104397 122033 213077
5030 11892 16379 23509 26040 27615 36251 39436 41524 44040 50681 50779 55162 62984 78048 159015 218343
235 658 2503 7466 7617 8019 16611 19332 25703 54364 57655 63399 86945 106533 116462 136557 162329
2500 2728 3556 4829 10594 12163 14056 21617 47995 61200 62034 70215 81443 98961 134357 147467 159692
268 2075 3197 13032 20625 26005 28159 31567 38163 49953 58361 64085 95632 97118 98846 103601 164889
3027 4915 10251 11170 12857 16409 21811 26939 32609 40320 48969 56744 60475 86599 99110 128958 215716
5405 6148 8570 8885 22632 22968 24575 25141 25581 34795 38677 41519 42414 65560 74916 198860 225645
1496 6306 7907 12205 14744 29674 39566 42170 45616 67646 71594 71978 83649 85479 95271 101620 156823
9612 9810 22531 37268 37923 38783 38920 39907 40022 47941 52479 53942 65956 80087 86661 93411 143898
1938 2558 8657 10314 16297 21450 27272 36943 41310 57458 59485 62117 67305 78975 81707 144218 161485
6524 10352 14403 14438 20634 22247 30984 33222 34072 35448 39769 40516 60634 82493 88304 98724 226070
10209 12593 14969 18035 20945 22245 23415 23623 28003 36806 37880 61686 77164 85216 132613 136669 151617
2209 10016 13259 18781 19534 21833 25170 33743 35621 36704 43461 67821 70440 80104 92785 109316 264817
1416 5132 5443 5582 6809 22675 24887 28536 43300 57044 59095 69137 74851 81072 87143 129519 166648
