1000 46 19
1763 7890 15141 17093 18012 22138 23659 31680 37082 37447 44695 53727 59564 60331 62230 90604 93563 98465 178456
850 3016 4029 5087 7709 8961 9602 10395 13881 31280 38720 40503 43680 45952 57248 74095 150769 172485 218909
4244 4368 5103 12076 12150 14367 18697 19523 24221 34117 36609 49477 63701 66525 71799 74404 115856 134006 188485
797 8113 10681 14748 21374 24022 24619 30527 38081 45720 51773 52945 62896 65022 74542 85862 97142 102306 150222
1826 7798 9160 9261 14361 18090 21305 23785 23792 32207 36069 39366 40064 62265 73579 104206 122845 134382 145376
8099 9607 13221 14052 14693 19856 22467 25580 26177 34210 34462 36330 53090 73881 81522 81713 97991 113243 178030
2265 3568 4464 13994 14123 17923 20452 23430 27175 37937 43221 44791 45229 53271 65014 74803 140958 145288 151896
205 839 7673 10474 13076 17109 23245 25345 35542 38771 40250 49315 50724 66301 76907 80779 101605 110817 207087
7097 7811 11163 12623 15486 18489 27052 30083 34130 39144 41063 47961 63413 71708 76322 98537 102901 124281 139669
206 3148 8209 12596 14333 15730 17532 23889 26277 29546 35232 51137 52122 70866 79722 91905 116302 128033 159055
159 983 3781 8418 9390 13937 14808 17929 24360 24674 24870 25313 31598 32002 33887 55031 64631 240064 301197
9371 13675 14015 22200 22862 26363 26636 30854 31096 33201 33392 38165 41959 47309 53720 83936 88172 107984 200363
279 3107 4005 4175 8197 14711 16495 21596 21623 31439 38153 54701 55489 68694 79801 81641 113521 119326 224325
143 3929 9314 22143 23165 27733 29005 36053 37171 39616 39752 56494 56959 68397 86993 88881 94898 95620 122215
6581 7550 11082 12687 19914 20647 24114 28798 28966 37252 48130 57900 58751 62518 71667 98607 103077 112728 118191
355 3058 3547 6827 6842 10374 12131 30628 31886 41403 43908 46165 53967 60800 68332 70385 72075 173186 194928
51 630 2810 3875 4511 7530 12801 14051 18161 26130 56322 66319 68258 81210 97112 104602 114983 115189 148056
3314 3928 11520 16740 17997 19571 20316 21413 24448 34158 42250 45926 55400 68413 75600 80795 119619 127418 139698
1832 3584 11027 15829 21880 22313 25758 31460 34653 39994 47313 48042 53698 54845 73538 82628 92121 100933 174122
4829 5015 5363 9564 10288 11716 20100 28574 31528 35811 36280 45065 48987 54396 55631 56327 58486 82616 327982
5322 5471 9946 11477 12703 13561 16890 20098 20428 24290 39466 42520 43175 46179 48422 49621 90105 95398 336952
6304 6625 7854 10850 11450 12034 12136 17774 21160 21968 36538 42640 62290 69463 96989 109535 112002 120396 158318
2218 9906 10127 12006 18018 26413 29471 29751 31077 43197 48186 54144 56278 57677 81153 87056 96901 112523 137431
1784 3293 3987 4512 5632 10527 11731 15240 17908 36182 47346 52032 58736 82089 102090 106339 108438 130683 140322
682 988 5707 5858 8026 16912 28021 31271 33100 44678 57930 63733 67738 72869 75873 76396 84416 88507 177042
4973 9283 13417 16764 22720 25020 27609 30734 32004 34380 47658 52353 57418 60808 64036 87425 114715 115361 134586
1160 7837 11764 12355 12748 14252 17111 22515 33213 39769 43933 46410 55299 64791 77187 80141 101740 132650 144516
681 2659 6936 18081 27647 28777 29143 33148 35028 39853 40430 40446 41580 56180 74644 86087 112985 128544 130761
1803 3228 5149 5610 13998 15191 17156 31570 32023 45689 47372 49785 57954 77407 78789 91164 92073 115623 148982
1534 2570 5061 14288 20544 25817 27366 36936 50092 52444 56611 60059 60464 79608 81959 82201 89492 100692 107601
169 1789 7052 14041 14810 19965 23668 25554 27338 29399 30999 42565 45905 46454 59803 99897 117755 152826 163987
2318 3207 4013 8118 9604 16829 20150 21097 25080 27484 28162 33389 49957 88662 91037 97311 116195 142216 175421
5085 5763 11179 15798 18328 24272 37734 38117 40501 47161 47852 56916 62171 66340 72907 83377 90984 110234 121189
717 4906 6001 8586 10401 16933 17672 17975 22579 29742 29872 58087 59370 63708 66725 98131 111351 127633 186585
6558 11098 12181 15210 15829 16089 21454 22479 23781 45103 47898 50752 53256 58980 64022 93880 103658 124078 133986
15284 15520 17337 20634 22315 27522 31010 33836 45019 46999 52170 52342 53078 64298 68887 83161 86861 91745 122969
825 889 8070 8085 8556 9492 14887 21527 22762 23523 44244 54679 56476 58191 71452 72965 81157 93215 309302
5568 9422 9987 12083 16045 16094 18310 24500 28346 39049 41438 48513 51091 52721 64525 78918 113643 129361 161094
3497 3598 5456 8782 9167 9527 9658 13292 31316 33199 36731 44500 47871 61974 71370 112854 120078 120469 182836
5838 7416 11896 18626 19274 19852 19861 25137 26109 34202 35149 35210 42778 51866 69179 97057 116215 124071 167689
2513 2896 8854 16448 21363 23750 24112 26636 31389 37894 41562 46632 65707 68282 71425 74246 84496 102219 172678
2513 7534 8076 13292 16425 18707 26501 43301 46706 51890 56528 62365 70111 72644 73296 80745 82849 107133 120730
1680 5021 8973 17424 25401 25936 27724 27776 28489 34004 36079 46323 48664 64390 78486 78758 112692 129415 158992
658 937 1514 3094 8382 14547 21936 23670 27317 29717 30504 33489 49250 51888 65634 96647 106435 132994 225793
1082 4952 11654 15048 22912 23055 25516 27524 27645 38010 47872 49371 53101 68357 81339 81848 94572 100332 152678
1973 3254 3464 3843 4041 9767 12180 15580 19737 48916 51784 54158 78301 85112 89103 91987 98436 109003 155776
