1000 41 39
793 1182 3107 5088 5765 6258 6496 7291 7395 8067 9201 9837 10451 10740 12114 12938 13082 17079 17614 17838 20299 20798 21523 21979 22667 25468 26685 28893 28910 32343 33255 43797 55140 57890 59458 64591 72558 78721 96917
396 453 1008 1421 1444 3963 4763 8088 8283 8513 9300 12557 15072 15914 16260 16391 18474 19629 20024 20565 23105 24999 25193 27443 27519 28130 29829 31253 31928 33965 41151 46604 47519 48416 52432 54325 62899 68266 88685
455 585 1004 1889 1913 3437 5639 6126 7325 9494 10443 10961 11239 12158 12879 14119 14570 15221 15319 19337 20391 20936 22747 22862 23249 27248 27538 31100 32661 38675 43063 50515 54381 54678 55935 57900 68768 82813 87062
58 1429 2004 3088 3446 3817 4228 4735 6303 6527 6574 6652 7610 7852 8247 9025 10155 10244 10728 11716 12863 14061 16043 16577 19375 20524 20633 24277 34404 38264 38759 40456 42697 48980 49154 55505 72685 108464 196012
326 1419 1735 1860 2396 2929 4601 6110 6356 7041 7718 8047 8622 9010 11467 12508 13614 17391 19465 19787 20654 22785 23654 24049 25104 26153 27156 30943 31818 33882 35987 41345 43942 47387 61400 74768 81649 83114 95156
126 688 2516 2748 3903 5432 5650 6314 7407 9143 11291 11417 11964 14068 15197 16917 17049 17071 17682 18315 19829 21407 24026 25504 25611 25645 26234 27674 35504 37575 39156 39240 39360 40546 52609 65423 77876 77975 100602
587 767 1055 3596 4134 5601 6167 6227 6461 9359 10224 10343 10629 12092 13683 15934 16269 16888 20041 20827 21241 21831 22105 22188 26782 26823 30753 32425 33179 33733 36567 38587 40468 45079 48297 49686 58040 74578 142615
101 630 2496 4669 5017 5421 6679 7189 7475 8432 8926 9572 10211 10826 11929 13154 14221 14749 14915 15023 16618 17545 17800 19354 19969 20407 22372 25967 28569 36656 41621 44825 56091 59177 64384 64510 84662 86949 96961
228 1716 2973 3471 3581 4791 5928 6357 6947 8335 8418 8835 8960 9875 10094 11366 11714 15566 18093 18277 18757 18984 20634 20638 21299 22716 24608 25710 26592 33057 36737 40214 41280 41973 45681 58495 75097 97101 158697
558 646 1534 3139 3490 3619 5344 6201 7097 7303 7695 10299 10335 12160 12491 12812 13284 13621 13880 14034 18612 20486 21336 23801 27747 30455 30532 34383 35524 36238 37768 40974 42411 42891 43165 49506 62913 96643 138300
979 1372 2556 3295 3460 4746 5508 6342 6672 7022 7437 7742 8011 8659 9678 10441 10720 10809 11475 11904 15404 16910 17882 18347 20181 24439 25122 25476 27032 37132 44893 48805 50443 52816 69054 71458 91651 92637 104892
419 652 901 1006 1520 2788 3391 5790 7287 8088 9173 9265 9367 10240 13536 14355 15017 15452 15541 16778 17214 17972 18048 20220 21467 25551 28179 29279 29580 29876 31006 40064 40213 45356 50243 77356 78313 79285 154508
487 847 1379 1442 2452 2554 3359 3667 3718 3772 4101 5419 7370 8515 8892 9433 9874 11626 12478 12546 13560 15894 15919 22087 29208 32818 34045 34093 34368 37087 42246 49810 53406 56133 57483 60656 78337 106505 108799
28 229 1122 1561 2076 2790 8467 9558 10214 10296 11209 13984 14586 14899 15621 16387 16769 18028 19187 19193 19455 20549 20826 21147 21396 23640 24244 26441 27048 28186 32539 44323 47701 59796 63139 63949 65339 80101 99888
960 1175 3884 4206 5301 5493 6028 7976 8719 8913 9099 10297 10912 13822 14967 15901 15987 18522 18846 19174 20518 21068 21405 28561 30838 31278 31493 31545 36184 38465 38567 39433 40611 40649 42629 45577 46384 90096 118729
2618 3270 3349 3484 3809 4913 5268 6079 6367 9990 10276 10921 14198 15050 15640 18120 18137 18696 19374 20203 21590 22396 23545 24698 27935 29269 29824 29870 31024 32101 33125 40253 41202 48959 50709 65019 69655 72153 90630
300 1180 2508 4191 4269 6465 6586 8901 8920 9081 10040 10911 11349 12837 14022 16197 16324 16366 17453 21535 21783 23138 24338 25114 25823 27668 28061 29369 29903 30297 31614 31657 33077 41457 41459 60842 86693 88269 116956
209 496 2382 3413 4005 5573 5876 6273 7143 7498 7963 9047 10377 10659 11691 12090 15404 15959 17007 20062 20279 21380 26181 29741 30460 30957 31325 31932 34904 39234 46955 51773 52333 55218 57759 59042 62970 68674 69181
614 622 1492 2499 3531 4958 5534 5687 6032 6621 8083 9892 10058 10223 12617 12778 13775 14644 15291 17771 19951 23090 24731 25217 25822 26961 28599 33185 34092 37319 41530 43309 47665 52011 56915 67059 78636 81081 83188
379 504 3605 4033 4187 6364 7199 7266 8506 9600 9812 10971 12950 15059 15629 16106 16742 17481 18945 19991 20399 20598 22793 23763 23877 24274 25461 27661 31816 31841 38134 43006 43968 47348 57796 57835 62480 72247 113363
306 1433 1865 2316 2534 3167 4390 4422 4604 4903 5943 6089 6450 7498 7743 8873 9453 10060 11614 13821 16068 22128 23399 27255 29665 30722 31138 32818 33948 35610 39659 40754 48288 50866 58774 77903 89331 93328 93717
96 130 354 2459 3507 3978 4043 5233 6751 6762 7014 7065 7532 9941 10393 13178 14007 15497 21288 22166 22786 23159 24016 26789 29278 30227 30479 31839 32549 40132 44241 44557 44710 50809 59570 62688 66179 68504 99766
761 823 1998 4393 5265 6681 7116 7749 10224 10462 11950 12419 12905 14378 15737 16121 17525 17667 19691 21664 22622 24642 24934 25511 26168 26816 29854 36698 39008 41757 45153 47348 48695 49820 51506 54101 56443 60893 67557
309 1752 2433 3005 5217 5331 6075 6760 9105 10881 11200 11200 11955 12507 13066 13944 14045 14752 18591 19263 23894 25316 25532 26729 28501 31342 34632 35289 35291 38637 39614 41187 46737 50943 60261 61281 61308 65626 71276
957 1214 2237 3892 4287 4755 5318 5373 6118 6133 6620 6883 9006 9681 10753 11900 13536 16157 16199 17185 17435 18773 19480 25877 28004 28267 29000 32680 35352 38671 42171 43273 44041 45823 59639 69916 76850 88646 92085
66 631 998 1188 2348 4690 4778 6810 7582 9470 9579 9918 10085 10189 10490 10536 13978 14087 14092 14526 15318 19603 19662 19723 20140 31050 32666 33308 36690 42606 42834 46340 55278 63715 66855 67353 70368 76256 78773
1539 2908 3439 3470 3562 4281 5015 5334 8615 9255 11106 11173 12085 13362 13912 14101 14520 17404 20198 20934 21075 22115 23646 25422 25821 26445 28651 30370 33254 39062 39901 40111 47000 47837 54060 54999 55991 90443 92543
649 1342 2535 5245 5877 6056 6469 8491 9161 10301 11838 11898 12040 12573 13951 16225 16940 17515 17642 18074 19196 19204 19246 19946 20029 21776 21995 24329 25190 25674 31104 35136 44818 47484 62729 66758 74140 90506 120217
268 596 618 1367 1457 1570 2056 3392 3659 5266 5772 6036 7871 8223 9206 9389 12550 15194 15718 16831 17060 17244 18166 19948 22482 25589 26305 32283 32320 35068 39820 57678 61909 62038 71523 72200 80077 82966 92206
246 2383 2495 2832 3003 3156 3321 3409 4936 5101 6301 6785 7327 9255 10969 11481 13316 14064 15712 16369 17790 18101 21406 25928 27763 27840 34266 34275 35973 36216 39030 43306 47130 51573 59858 66014 83693 87701 92763
846 846 1370 1436 1762 2519 2813 4565 4998 5512 6320 8162 10192 11752 12760 15636 16734 19628 19653 19998 20091 20573 20868 20938 21483 26037 26462 28024 28585 32667 33416 38275 41944 42101 53252 60039 81065 98991 132218
332 939 1872 1913 3396 4875 5464 5487 6280 7103 10273 10810 11143 11871 14968 15443 15494 16466 16566 16877 18911 19376 23695 24006 25293 26430 28016 33795 35894 35992 36326 37313 39985 50884 52702 60931 82707 90262 92842
314 995 1242 2389 2757 4390 4531 5605 7148 7303 11621 12019 13400 14638 15912 17322 17382 18750 19019 22078 23012 23197 23857 25044 25558 26783 27683 31925 34891 35712 40574 41022 41119 44757 47969 73757 75457 76247 77875
295 1034 2054 2573 2625 2651 2770 4572 5510 5511 6658 7165 7584 9799 12399 12704 13141 13347 14090 14280 14333 15089 17108 21995 25603 27015 30648 34634 35509 37116 38422 41447 50633 52059 67619 68925 70279 82482 122489
1035 2121 3860 5037 5450 7120 7160 10032 10690 10935 11876 12976 13305 14127 15399 15599 17222 18706 18882 19884 20100 20367 25483 27722 28079 28340 29171 32211 34204 36646 38110 42684 43664 45997 52906 54529 58088 76381 80400
484 1078 1728 2524 3009 3992 6365 6450 6466 6501 7027 8004 10451 11246 11303 12143 12889 13417 21270 21600 21708 22189 25239 28265 28418 30450 31686 32359 33204 33557 37280 42631 49716 51118 53036 54566 58481 82328 110741
2233 2248 2565 4126 4483 4670 5050 5233 7462 8020 8759 9440 10036 10489 11860 16090 16681 16710 16819 17843 18511 19710 20470 24096 24496 26193 28809 29914 30433 33327 34593 35216 42163 43864 46136 54472 57561 65953 180124
197 812 1480 2319 3406 3629 4515 5830 6175 7917 10284 11018 12179 12328 13568 14841 15445 16715 19145 20070 22467 22899 23042 23920 24555 27839 28990 31538 34239 34879 35073 36818 39161 41049 43917 52508 56443 99532 135065
171 312 413 1020 1651 2561 4837 4912 5764 5867 6878 7558 8649 10763 10943 13563 13920 14870 15177 16174 18975 20016 21494 24972 25656 30100 34728 41181 41939 46192 48842 50262 51015 51222 51260 60088 64777 73941 94286
262 881 1710 2899 3073 3155 4155 5233 5751 6090 7414 7600 8862 12017 12034 14286 14769 14792 17877 17960 21146 22164 23307 25259 26400 26778 31855 34735 35497 37249 41725 44662 45831 57302 58309 61134 62139 69380 110862
338 574 1164 1371 1492 2060 2264 2287 3116 4518 8366 8456 8557 9037 9388 10286 10625 13160 16683 17451 20093 20598 21000 22651 29472 30387 31301 37772 38098 38570 42359 47575 55231 55607 60955 61411 62417 82780 103784
