1000 37 18
2520 3978 5784 7268 8335 12346 13124 13236 16786 22295 32788 43614 48605 53375 75187 87503 144583 246804
3266 3969 4534 9005 19081 28543 28991 33726 34043 47780 54953 64200 66759 70595 84785 93585 93639 193819
1107 2425 4138 6777 9661 14662 19919 22071 22725 26036 35211 40263 57094 58794 78837 92301 105467 291571
587 3573 8279 12790 22391 22799 22872 25215 31393 32724 40159 40277 45207 48933 49415 111597 148529 178943
3213 4428 5593 9656 11779 15305 16405 22819 26375 26521 30457 36772 40542 55467 70577 87290 196920 224663
1399 2863 6098 8868 10421 11035 15070 16682 36846 37572 44955 55103 55443 70046 70252 79065 132354 195763
3677 4849 15401 15869 24878 29325 29541 30194 33034 40080 41258 51574 66792 70988 72907 77626 124848 132402
11615 12675 24032 27026 31552 32931 34184 44550 45668 46042 54859 54870 61095 66778 73490 89235 101537 103439
7036 7750 12640 14481 15524 19380 19764 22646 36703 41065 50871 51189 54551 63918 90058 93683 129598 131435
1311 5276 5935 9633 13060 26493 31179 33889 36291 45440 46749 47780 50388 66914 69413 93036 103468 144708
680 10869 13164 17195 18033 21774 24230 29873 40545 47688 51944 55423 64955 75971 78875 103842 118045 120636
482 13327 21996 22893 25525 25541 32846 37301 37771 38877 39480 55972 59895 77482 85255 86144 128406 141137
5352 7527 14228 14725 17721 21509 27565 28359 30735 37045 40446 68680 71395 77273 92916 96392 98933 148893
1624 8931 9677 11790 16169 17181 34882 39254 47553 50867 56061 62904 64465 73111 88387 92495 93041 162986
3268 5755 6650 23291 28085 31983 35759 44767 47472 47929 51217 53898 56964 57538 86759 93129 110054 136591
1824 2034 5273 9152 14046 18549 22703 22947 23485 23808 29200 37137 61614 83052 84756 91510 156645 165683
1466 10693 10791 14302 14627 17137 17957 20167 31768 32496 35866 47031 76887 85747 92387 99782 127025 145391
2780 5242 9235 15242 18125 23729 26835 27699 29407 31905 32057 35434 50027 65275 71418 81642 115929 278613
87 2511 6921 20245 25219 30748 32047 32109 39037 39335 39816 75669 86845 89669 90729 95901 104453 126217
8460 9610 10107 13973 14452 18017 22780 25426 25718 26173 36791 43650 67384 83837 91043 109952 126749 202747
1003 6076 9835 10859 12648 16889 17830 22266 26999 27102 31394 40842 42342 47136 81070 152555 161561 203776
9076 13387 13513 15914 18286 18667 19582 20841 26565 30273 32309 51214 62300 78888 89345 90656 92820 145249
2237 3233 3450 6758 7234 8043 12358 35819 40778 44163 45658 55017 63474 65684 71343 73230 82289 209931
6454 8397 9743 11727 11948 13546 14761 14947 18879 28730 35595 42760 49928 79208 81134 81469 152085 167767
1465 2213 4401 7848 14441 16022 19300 20039 38116 41887 47608 66370 77406 80598 103728 108278 128580 148897
749 827 3530 8466 8925 10483 13428 26029 36838 41618 48411 49344 52349 78453 92316 109182 112862 163444
1893 2392 2724 12969 14345 15092 15402 15796 22283 33906 36528 41706 47283 63563 80870 120378 147469 154424
1796 3768 4940 5224 5853 7210 12857 13168 22487 33793 36118 38306 51052 82804 83790 124933 153342 181361
2139 2576 5326 6429 9908 13791 23223 27704 33893 37373 37892 45126 46836 53808 69384 80547 109696 262259
930 1602 2246 5072 6597 6723 11977 15649 25699 28501 35462 51775 59638 71980 81640 91091 139893 239241
2016 3466 10420 12266 13237 17495 18769 23989 31253 34018 35538 38545 66638 73839 76227 103155 147443 196059
2584 9729 11566 16089 26454 27557 35312 39549 43409 48845 49912 49920 73172 73758 74774 91366 106317 110463
8998 11479 12839 15581 17391 21046 22878 28050 38831 41067 42310 49924 64380 66756 71726 113683 123312 173391
1426 4321 6717 8893 11132 20456 26039 32004 39360 43105 52107 54079 60209 71559 89352 104616 134036 154771
697 721 4451 4501 8445 8657 11658 15597 22510 23750 32103 32568 39791 42541 67779 92498 192963 240556
1007 7166 10295 10863 14632 14649 16868 29407 45793 48404 50655 57611 71481 75738 79925 88085 100012 169592
4004 14500 19284 20600 22371 23911 30373 34243 38253 39169 43088 49625 52363 74654 78119 86450 102074 176803
