1000 27 46
755 1296 1378 1644 1729 2466 2584 2667 2858 3614 3692 4723 5044 5357 6102 6232 6366 7378 8166 9418 9442 9985 10480 10618 10636 11719 13012 14807 17737 18430 18538 18595 19618 19677 19901 21631 21714 36066 40228 40515 48623 48877 62390 68221 91547 93451
312 860 1525 1638 3727 4151 5090 6403 7962 8183 8551 8664 8976 9036 10171 10273 11641 11774 11922 12530 13909 14040 14154 15316 16122 16709 16974 17223 17395 17642 17829 18332 18436 18997 26011 27055 27288 31392 31808 33821 36816 41946 45685 47867 57384 59233
759 2086 2127 3265 3345 4099 4900 5170 5314 5595 5766 5916 6628 6796 7028 7559 7780 7941 8335 10326 10581 10661 12719 12729 12814 13352 14152 16095 16355 16504 20550 22486 24544 25733 27071 27804 27929 28358 30695 35915 36066 37097 37603 48867 68157 86748
152 343 1070 1849 1951 2455 2538 3227 3431 4726 6515 9270 9310 9332 9633 10458 11299 12526 14978 16948 17389 18527 19235 19519 19804 20979 22099 23523 24800 26469 27908 28217 28424 29940 30330 30423 31476 31846 32617 32736 35510 40578 48081 48399 52161 59632
129 1416 2150 3184 3673 3744 4833 4939 6225 6374 6529 7703 8400 8581 9104 9328 9750 10505 11013 13816 13913 14351 14866 15573 15798 16617 16771 16904 17624 17893 18805 19268 19407 19457 20647 21030 21099 22082 25426 26446 28537 29166 32526 35593 61810 130121
730 764 1177 1373 1884 2335 2382 2669 2965 3332 3396 3640 5578 5605 5927 6341 8681 9056 10634 11102 11745 12623 13741 14465 15240 16690 16842 17425 18227 20705 21644 22849 24650 25742 27436 28270 29051 30436 33897 34589 37447 38533 44484 59357 69151 89985
125 166 576 691 728 1486 1734 2403 2516 3759 4061 4600 4687 5324 6020 6027 6108 6244 7497 7631 8610 8777 9257 9481 9643 10538 11285 12990 14865 15485 16352 18779 18933 21858 23932 26701 26910 37264 39799 44797 45462 48406 54812 59214 79563 95441
611 1287 1838 1981 2543 3123 3406 4311 5603 5936 5992 6858 6987 7517 7832 9263 9475 11775 11926 12971 13914 14268 14497 15858 16476 17836 18219 18562 18666 20240 20798 22274 23107 23577 27233 27526 32131 33541 35530 35682 35917 36771 39017 43111 65473 76558
217 435 1224 1430 1887 2427 2697 4552 4745 6002 7186 7895 10044 10156 10328 10529 11056 11692 12360 12896 12978 13014 13074 15052 15419 15533 17060 18220 18544 18987 20493 21900 22134 22585 23693 24653 24681 26659 29437 32651 39299 40711 44151 45203 47747 79686
378 629 803 2177 2221 2559 3009 3303 3665 4392 4585 5729 6263 6343 7088 7731 8055 9952 10083 10876 11843 13354 16097 17329 17678 17700 17850 18468 18519 20279 20952 24847 25642 29324 29645 29692 32556 34690 34745 39080 39700 46857 47286 49812 53759 88209
242 523 633 945 1591 1739 2514 3007 3163 3376 3704 4411 4605 4874 5256 5410 6223 8288 9378 9974 10466 11497 12693 13491 13676 15077 15818 16297 17319 17934 18319 18817 18839 19590 21418 26393 26842 27596 27913 30791 42596 50867 62322 74863 86338 92301
41 344 409 463 469 795 1220 3459 3818 4632 4787 4888 5517 5639 6092 6861 7032 7679 8777 9137 10342 11968 12102 12334 12459 12669 13537 13969 17536 18277 20710 20880 21421 22372 24535 24990 25367 29054 35107 37130 38473 52242 77168 85932 95478 99255
114 167 853 1633 2051 2527 2680 3157 3709 4212 4241 4829 5368 6725 6951 8425 8578 8900 9144 9531 9876 11704 12319 13641 15517 16685 17393 19903 21583 23665 24713 24819 24867 26677 31453 31931 40406 43566 44147 46481 46934 47439 48035 57685 64234 70229
116 831 839 887 1655 2020 2173 2550 4070 4446 5028 5058 5773 6104 7362 7502 8998 10003 10259 10811 11021 11765 11982 12877 14793 15587 17119 18917 19348 19594 21129 21382 21530 25076 27147 29488 29917 31871 36962 37125 40061 43175 47975 53818 58447 68081
281 1821 1996 3051 3241 3332 3646 4927 5135 5435 5565 5997 6040 6605 7236 7936 9301 9453 9758 10327 11339 12138 12946 13045 13276 13767 13919 14334 14659 15486 15604 18961 23146 25061 25222 25997 27753 30095 30475 30603 34517 50271 50402 51923 70107 81591
198 693 1392 2712 3639 4043 4860 5417 5543 5597 5635 6604 7327 7540 7741 8630 8986 9321 9578 9944 10011 10410 10590 10779 12615 14543 14700 14871 15093 20338 20341 22107 22428 22597 24179 25198 25607 27340 32612 33074 36551 46093 47110 49464 53746 83789
515 697 756 861 1309 1428 1916 2768 2861 4598 4608 5093 6316 7871 8780 8982 10617 10679 10685 10804 11552 12872 13418 13508 13554 13818 15540 16482 17036 17801 18434 20554 22928 27791 28303 28588 30913 33092 37466 41004 41094 49753 53379 53445 76742 108452
7 156 230 887 1388 1481 2940 3515 4080 4640 4666 6453 6851 6950 7171 7555 9327 9553 11008 11164 11349 11557 11645 12097 12822 13380 13439 15263 15447 16662 17578 17706 18798 20442 21733 22255 23343 25260 29615 35394 36314 36676 42977 59025 91525 102022
1014 1257 2787 2897 3421 3843 4632 4794 5906 6178 6536 6569 7930 7996 8004 8039 8584 8621 8636 10392 11441 11767 14592 14987 15576 16552 17030 17815 17971 17989 18008 19272 25398 25968 26811 30272 30457 32299 38136 41864 48352 49685 51309 67842 69824 78262
477 751 1320 1348 1368 1375 1786 1998 2015 3143 3735 4499 4501 5333 6218 8540 8889 9040 9283 11200 11256 11921 13068 13085 14890 15381 20710 20775 20998 22425 22912 23835 23981 24066 25140 28374 29017 30040 35760 36119 41106 42169 59297 61350 62961 63966
772 811 1440 1638 1693 2621 3735 5251 6117 6199 6343 6489 6666 6822 7309 7349 7668 8467 10180 10454 10569 11388 12441 12615 12882 13912 14451 14547 16248 19403 20760 22449 22680 25669 26568 29765 30141 30244 31017 39756 40330 40688 47670 56065 58557 81988
282 573 1206 2382 2435 2826 2828 3082 4080 4777 4855 5835 6381 6469 6962 8323 8493 9430 9826 9922 11516 12121 13234 13326 14145 14371 14740 15365 16079 16627 17630 18642 20863 26775 27609 27717 33222 34420 37278 39499 48154 50548 52188 53090 69296 111661
396 796 1491 2061 2325 2769 3973 4057 4607 5383 5518 5609 5771 6140 7376 9446 10124 10605 11138 11335 11725 12043 12866 13055 13180 13357 13644 14890 18911 19201 20786 25794 25891 26798 27330 28813 28939 30418 33040 33650 38823 39909 46153 53658 57194 61799
407 533 1296 1766 1993 2406 4002 4072 4201 4342 4771 4862 5111 6102 7321 7636 8469 8771 9167 9451 12636 12829 15697 16780 16968 19425 20109 21313 21851 22362 22542 25064 25289 25504 32920 33628 34450 35042 35077 36027 39179 46195 52997 59080 63691 76589
333 877 2065 3449 3682 4236 4411 5279 5952 7147 7267 7581 8215 8460 8730 9883 10009 10650 12666 13549 14230 14832 15184 15666 16106 16141 16364 18500 19117 19702 21903 22253 22384 27053 27607 29981 30556 32191 33564 35943 49305 49786 55041 63554 65418 67626
771 917 1026 1135 1894 2106 3140 3519 3578 3650 4616 4646 4814 5043 5763 6887 9620 9766 10729 11037 11927 11976 12722 13217 14585 17559 18946 19635 20525 22017 22195 23705 24209 26940 29189 29322 29839 31750 33579 36797 43662 51622 52707 64815 68747 79821
2634 2708 2794 2950 3168 3272 3506 4528 4561 5268 6477 7426 7445 7982 9941 10305 11594 12079 12676 12863 13141 13324 13566 14177 14329 15557 15868 17357 17929 20232 21256 24331 25296 25912 26855 30867 32448 32775 34686 36601 36927 37150 46897 48805 48828 54045
