1000 40 19
2022 3072 10284 12478 18263 23120 23186 24099 30920 41815 42065 43392 60447 78076 80224 87470 90229 102836 116031
3402 8502 10344 13932 19459 20164 20819 26364 30023 31195 37921 40238 45756 56068 56842 79421 84869 106625 172348
2949 11836 13214 14169 15627 18630 31808 31915 43405 44533 45900 47101 49695 53544 62030 67905 76731 122374 131973
2252 2970 5513 6725 10879 11840 13738 17144 17230 17637 26934 32282 43848 55347 60962 65683 74277 80575 308877
136 1588 2855 3545 4944 7049 14777 17071 18943 33141 37854 39625 51153 57365 63798 122001 151429 151650 171098
6398 8897 9546 10132 16883 17674 21660 23128 29310 31139 31481 34933 42565 60463 68342 79942 130719 137629 159746
6432 6601 13973 15919 21264 25418 30709 32019 36393 39304 39927 45973 48255 50390 50997 64691 106025 128032 133279
581 4525 9791 9839 14120 14205 18290 25262 26414 27290 28676 42633 53045 54844 85924 87334 96122 99148 251131
484 2333 7296 8507 12033 26846 28951 32018 35323 38323 39757 42978 45794 48174 58419 61550 135582 149863 168135
2204 2577 3787 10304 12734 19892 26867 34566 35826 39655 40501 45066 47896 59816 67135 84776 101453 110252 129953
1403 1704 11690 17398 19646 27129 30962 34484 44622 48331 52298 52837 55504 55848 58404 66944 88859 107805 113111
4304 4627 5120 6848 8442 20407 26732 28876 34980 38526 39280 43901 45679 46759 61698 63715 103946 131007 153149
5294 10046 11070 21936 28971 35983 38596 39467 40661 40759 43564 46676 49630 50788 61341 66157 66356 83884 115777
18655 19103 25276 27780 29195 32377 33400 33460 34195 36692 37234 41209 42222 56295 69154 80970 84632 95064 114557
1907 3084 6769 11177 16543 21978 23918 27608 38133 43330 44517 45396 51843 54570 55118 75593 104522 142110 154152
2401 3061 4336 6321 6816 9493 10632 16302 16804 23522 26651 48910 49255 51902 87776 103061 129169 143582 205531
538 692 4350 12141 15308 18233 27943 29248 30458 35384 37555 40244 45542 48302 74503 84985 112286 118365 160209
7494 10795 11074 19254 20405 25235 25358 29939 32997 33426 40067 42650 44590 49804 57906 59980 65102 142574 144574
6363 10634 10897 16398 16765 17127 17425 26588 26817 30717 36306 36569 37665 46548 75027 102611 105856 133953 178806
469 1907 2904 8981 11895 15384 18647 20103 20166 23212 29718 35973 41742 47309 55159 70849 72774 122469 259158
1664 20006 20536 20985 23790 24264 28349 29716 29741 30840 34137 42255 44527 65555 70426 92999 97603 113755 159186
4 164 3095 3614 7299 7428 13214 17565 27091 29280 34507 49403 63259 74176 83409 100485 108365 112939 123831
405 7021 8858 9000 10337 17152 17175 17654 25149 37326 42807 43059 44422 56826 57142 67160 71055 88061 268493
3304 12542 13503 19683 20592 21359 24462 27843 33962 40674 45359 46089 54904 68714 71502 82186 86293 107487 123373
747 1491 1792 4768 10647 12999 22550 22723 31604 39979 50918 68943 71952 73039 77573 89800 100380 101770 122641
623 2148 4939 9224 11664 14067 14979 17571 18326 22727 36764 37167 42179 71057 86013 90584 113495 130437 226039
832 2263 3674 9240 16747 21795 26377 28827 30077 44329 50645 54586 56234 67915 82807 82989 96685 121833 125415
732 1728 7834 10066 18141 24115 24807 24926 29531 31792 31806 34428 36140 37123 37443 55258 108109 153546 273467
8424 8521 15564 15662 22915 24829 25710 31559 32901 39971 50264 51656 60764 62095 67347 89744 98618 105933 124621
7067 12395 12639 13302 13809 16225 17885 18631 19104 21006 24663 32845 48635 57747 62284 63936 86205 137780 209304
1679 4414 7353 8329 8560 15063 19569 28702 35332 44128 48066 57018 57109 60971 68214 76513 97350 122435 161591
684 700 7076 15392 19525 24961 35120 36312 43576 45151 46072 47605 67833 69590 76878 79466 83660 86190 96122
172 2116 2615 3933 10867 12162 18818 24480 24561 29804 43679 51603 54363 56799 62258 63729 89611 115122 242419
2284 4658 6968 8266 10426 15621 24496 34739 38885 43348 57023 57412 60949 61667 69352 86866 87924 97509 107592
3030 7628 8667 11779 17864 18961 20273 20447 22661 28936 29178 33657 44938 45765 46633 90525 100023 144013 187410
1338 3223 4538 6290 10100 10930 12530 14248 21018 21203 26948 41832 42168 65996 66666 73849 96978 108624 316129
344 3071 7873 9078 10266 13791 17201 20622 26167 33015 34695 39393 47583 56379 60361 73273 117606 130237 196706
863 5964 6071 15032 17884 23330 26759 29350 40158 44578 54558 58690 63193 75558 79523 80678 87744 101099 103301
58 1956 3000 3165 3416 6101 11778 14370 17741 23924 38134 51262 53209 56873 58431 71318 98849 121595 236824
115 3131 5403 6952 7707 10005 13126 17294 21225 26571 32185 55350 56548 58385 63501 69242 100125 128432 191814
