1000 14 10
3819 10266 16728 25975 37706 67019 138705 156927 158464 200282
953 3429 19957 24256 41381 79393 83517 183926 184175 205507
100 3040 7178 14998 22440 22836 57482 178217 244359 326240
2353 4247 7127 12178 15931 39105 109802 165268 198456 231802
25716 25730 28007 30538 43211 61488 64054 105850 106100 293046
3180 3409 9957 37937 42304 69961 127369 136667 164890 176192
1139 5029 5099 22148 42706 67569 79389 106935 154512 282312
3612 11893 16434 36120 38664 39707 96858 170070 190938 225234
11596 13094 17311 20039 25897 32774 132262 170785 243774 245905
24838 37065 50088 66850 77432 86933 95693 107488 125426 215133
3689 3883 23376 52506 54422 69924 81891 104020 136028 390093
3956 19173 20149 22614 40426 51788 69624 86254 144762 301647
12669 18335 21892 42540 48064 68287 81179 108036 158646 230353
10081 25270 29371 35477 47374 56492 108237 128169 156023 190388
