1000 41 29
486 719 6346 6655 6894 7686 8793 8861 9895 16250 16757 19085 20898 21009 21966 25520 29312 30466 30690 37007 46904 46999 54966 55336 75501 80939 84879 106562 115322
459 1872 2125 2328 2458 2580 7548 8250 9077 13694 14237 16634 18144 21228 21312 29929 30683 31624 35597 38742 39529 40286 40520 51639 62642 106392 106877 116816 119267
322 1315 2578 3895 6052 6332 9133 11930 12543 17884 18527 22229 23998 26601 30912 31753 33653 39493 40083 41613 43909 47708 52032 53593 53982 56285 62444 64568 176031
980 1171 1709 6915 8020 9277 11106 13120 14813 15908 18141 18705 18917 20032 23873 25429 26526 26729 30459 33973 46844 49051 53707 53753 70082 70404 94420 94971 129962
1760 3550 6025 6674 7737 11542 17040 18976 19116 19471 19842 19852 22755 23858 26867 30266 32537 32599 44342 47754 48114 48117 48560 53976 63691 71348 76150 81756 86224
374 1028 1479 6892 10344 11640 12110 12152 12623 12812 13243 14698 15104 18532 24675 27251 31659 42670 42689 44306 51404 56200 58112 61216 70291 72335 77506 80778 106670
1576 2895 4354 4422 6683 7749 8398 9616 9762 10082 13466 16082 18255 22112 22513 22627 26322 28419 33291 34201 37282 45664 45963 47226 53752 59231 81028 99137 220591
2267 4646 5167 5658 8105 8963 9098 9529 10697 12036 12352 14085 15344 18579 18680 19561 19920 21472 24209 24705 32028 40150 42523 53705 53956 66070 113024 143514 178354
319 4406 4917 5205 6590 11015 14069 14491 16266 18390 18393 20706 21257 22581 24073 26108 29098 29342 40424 41537 44272 44293 52395 54204 76034 76564 82750 91211 96961
1201 2222 2613 2834 4645 6008 7819 8738 10115 10574 11221 13591 15427 16699 21675 23016 24024 24828 27062 39721 49141 50727 66281 66885 67652 68710 96554 118689 126066
1178 1332 2065 2123 3470 5105 6795 7895 10317 11279 12764 12990 15541 16080 18245 19720 30809 40310 41756 42889 46041 48355 49423 49609 58686 68824 80392 109855 169918
1987 2224 2607 4391 5704 5755 8701 9636 9710 10871 11172 11215 15891 17761 19554 22004 26479 30376 35659 39242 40553 41793 42533 45997 71023 78100 84999 140554 154127
852 2058 4716 7250 8327 8340 8645 10846 13437 14961 19039 21834 21898 27783 29046 31363 32263 33453 40732 40737 46463 53622 54645 57797 65856 69529 84533 86070 92366
574 1186 4144 5561 6711 7978 9131 9379 14679 15515 19294 20717 23218 25364 25398 25968 26141 30290 34299 37242 38359 42307 54881 55728 61927 86253 90845 92523 126983
1547 1996 3138 3347 3651 4673 5301 7228 8614 10695 19164 19542 21471 22770 23338 24854 27040 29774 33639 35138 38192 41055 42285 57784 58533 67836 75444 86099 216221
834 1745 2756 2976 6250 6364 6740 10139 13213 14454 14876 18497 21212 24547 25257 27809 31625 33006 36584 37158 44745 48230 52280 58683 67744 68777 76852 84328 150929
333 5172 5916 5947 5959 6418 8909 10020 10483 13133 13907 14145 15594 18658 22111 28685 31040 33885 38240 46616 49277 49422 53865 54155 66885 68173 98937 104492 109530
642 2121 3025 4302 9194 9813 11329 12267 13004 14163 15595 16297 16828 19031 20791 23627 29426 39052 42365 45549 54915 61192 63646 65319 70498 73593 78887 83130 90355
1020 1188 1361 2085 2422 5530 6191 6538 7463 9082 9492 10522 11509 13504 16189 26585 34451 36873 40646 41555 43214 52076 54134 55862 62240 65647 104735 127010 143964
2002 3463 3833 3891 4014 4967 8241 8765 10221 11755 11981 14025 14899 16398 20376 25217 26738 27129 28892 29751 40852 42739 47383 49733 59600 75407 106939 107816 185388
351 1233 3328 6487 6602 7174 10506 11492 13559 13763 14214 21676 23745 24839 26296 28740 31903 34905 36707 37488 40892 45165 56806 57229 70194 80605 81106 93277 105598
346 552 1970 2264 3451 3900 5528 7063 8221 8236 8602 17857 20100 22519 25473 26247 34733 35982 36183 39271 42038 42580 47471 57747 58216 81208 105562 111023 129557
4227 4340 4761 5197 6336 8689 8717 13462 14903 15957 18270 21262 21822 24036 24867 25392 26569 32713 33459 35798 48869 49502 57284 66846 73460 78170 79825 82889 105052
961 1549 1718 4938 5767 7303 7346 8687 14069 15893 16309 17541 19007 20400 21060 23831 26293 29463 33900 44713 46378 49079 49248 53315 60626 61354 83520 98500 167006
239 370 926 1472 2392 2432 3263 3692 4722 4765 4878 6586 17626 19231 22970 24439 33971 35631 37754 43438 46936 47621 51940 67699 70002 94464 96200 114074 124819
2784 3095 8673 8824 9046 9725 10283 12690 12993 13854 14101 15219 15397 15806 19333 21519 24588 25619 26367 28066 32395 32711 61035 63365 67844 69412 72303 91922 196166
1744 2846 3937 5809 7256 8493 10058 13267 13873 14459 15829 23886 26140 26495 30211 30593 34637 34815 36473 40006 40007 50390 54089 56834 59308 62258 65523 103884 110628
789 3945 6100 7334 9400 10353 11111 12253 14390 17372 18213 18898 22540 25642 27842 36610 36965 43775 44915 46123 48313 50611 51420 54302 57914 58487 61646 80116 111773
251 347 1167 1354 2054 3357 3744 5277 6262 17461 17857 18424 20777 23080 25505 27070 35817 42821 43312 45434 48380 57621 62216 62305 64661 66137 79878 104436 105673
525 2354 3797 5482 6603 7603 12685 13956 14696 15636 16035 18264 19527 19593 19838 21067 25385 28130 38021 44716 52806 53709 60367 61988 63775 65954 92240 99904 103179
1005 1296 1917 2922 4717 5985 5990 7991 8203 9786 10103 15103 15602 27860 30798 30946 31386 40133 40538 42121 44569 46106 48681 49881 60879 85166 88642 95031 135042
53 271 2008 5387 6633 6963 9552 12938 13268 15437 16303 22771 26184 27032 29727 30364 31261 37990 40562 40882 41854 43340 50424 52913 55146 68839 86767 97224 115935
279 3554 5374 7723 10219 10351 10435 12027 12477 15227 17457 18390 19717 22629 23139 24181 30674 34509 39215 40093 44757 45219 45229 48423 56724 65994 87440 115006 118167
4109 4441 5387 7085 7349 7403 7899 9505 9655 11864 12320 13138 13773 19546 20138 22972 23414 30357 30919 31934 32801 38923 39631 42463 53543 94071 100566 114775 175020
415 996 2214 3152 3724 4151 4656 7489 8540 9661 12473 21020 25687 27621 32099 34285 40813 44378 46535 49191 51201 51681 51746 54541 61065 71187 77274 79452 110268
1194 1573 3644 5065 5441 6047 8552 10729 11021 11046 12776 13225 14333 17507 19088 19496 27358 28098 28211 33831 41025 41185 45231 55339 82187 83707 92258 121380 144684
861 1815 2204 2736 3486 4898 5801 10391 13087 13385 18570 20956 21020 22047 22544 24834 26893 28356 29032 29237 29497 30824 34390 67601 68663 73329 121635 122971 137769
441 1061 1572 2181 3433 5217 5435 15005 17014 18846 21752 25927 26155 26358 26729 26771 27110 27918 31672 33059 35226 44575 45510 60388 68989 76997 88755 113193 114222
475 973 3601 7423 10388 10835 12915 16793 17559 20513 21120 21572 22270 24210 24548 25985 33047 36146 41453 47273 47703 51441 51625 52527 60854 61125 62842 75402 121078
1094 1454 1578 5370 5690 6972 6983 7504 12421 12445 14895 15002 15111 15935 19741 20340 22141 24500 32579 43372 47076 54196 55019 65856 72720 75476 97370 116426 120112
804 1286 2116 3436 4016 4669 5911 8456 9706 12036 20165 20573 22154 22727 26747 27784 29727 33628 34805 54413 54621 61573 61585 64509 66762 72466 80173 83760 100431
