1000 23 28
2776 4470 4603 6902 9414 10185 13087 14738 17846 19072 19596 20608 27071 27981 28058 29578 29827 31138 32206 35255 37335 44402 48736 51328 53068 84842 105853 131115
95 3942 4054 5128 6933 8253 9527 11585 18221 20837 21472 25443 26473 27543 29191 30613 32406 35633 37760 38634 39032 43256 46440 64526 77077 85805 103930 118758
18 2283 5187 5790 9396 12478 12603 14545 15574 17779 18256 18588 24347 24626 25001 32543 36746 37273 37921 39244 47756 48227 54240 58832 69652 71210 106951 109990
387 879 4054 6193 8693 9251 9499 12007 13526 14404 14526 15314 20499 22817 23088 23678 29038 31880 34617 35681 45386 50216 52593 65058 71192 77307 126764 128179
111 1589 2566 2838 3920 4912 7306 9942 11198 13207 13796 15521 21186 22542 23354 27286 28061 28398 34947 37979 46678 62701 63351 70117 78094 83323 92276 157894
231 6244 11181 11395 12963 14938 15474 16285 18377 19234 21298 22760 25765 26983 28923 30481 31892 34196 40878 50459 57314 57620 60374 63976 64499 66717 72007 81198
82 147 1158 1730 3209 5631 7399 8772 10270 12074 12370 13691 14546 15832 20937 32652 36689 37300 37356 38920 39167 46527 50691 53149 56243 90983 113622 193038
493 3465 4490 6436 6529 8522 8800 10851 13125 16223 17862 23345 24388 26460 28486 28905 29128 29939 30074 38039 38423 52346 55829 56708 58493 75810 89504 184186
2050 2862 3054 3170 5465 8190 10508 14195 14212 15567 17605 19977 24925 27090 28639 29493 30307 31871 36565 39139 44686 46114 62649 63574 74354 86111 89659 119797
61 1778 4557 6122 6470 6598 9529 11878 12565 14568 15958 16640 18323 18421 26360 28933 33736 34596 36527 52399 54050 54531 68087 70454 74847 95235 100394 105492
1092 1722 2051 4804 5414 6900 8961 10264 11290 12260 12633 13386 13490 16189 18185 18963 33554 34899 38038 39264 44095 46356 67162 74134 75155 78082 88614 185488
78 2191 4902 5463 7775 8580 9464 14503 15859 18163 19957 23430 23605 26270 26529 32955 35386 37427 39013 48210 53962 54476 62585 67236 73978 81275 90873 96060
2555 3248 3373 4165 5685 6084 6727 7147 10347 10835 17612 19344 20392 24996 28278 35404 37111 39785 48536 53383 54063 63693 66270 66425 76134 84834 86054 92265
1277 2269 2867 4003 6830 6908 9984 11445 17155 18828 20151 21170 23762 23993 25519 25590 29714 32056 34564 39326 41189 43786 56941 61060 75383 84951 96435 159207
505 2972 5622 7646 9512 11111 13516 15000 19129 19395 19431 23364 27374 28779 29919 32064 33986 38264 39295 48637 48642 49326 61108 61772 63828 67260 79418 91331
974 2143 2183 2762 3199 5006 5349 8275 9196 10027 13608 21709 22926 24872 25179 28542 31700 33142 38391 41877 46038 47053 51446 69134 70376 70687 76234 202065
4849 5332 5679 5726 6972 9992 12087 12501 13082 14309 15213 15949 18741 18819 19828 21157 24856 33759 34499 35640 39854 45390 47684 56655 69930 79274 118148 156097
832 1028 1360 3312 3383 4042 8295 10841 12098 12967 14108 14762 21206 23998 25897 29072 33420 40384 42614 45174 56159 58312 58870 65531 66111 80975 93202 152017
208 1724 3218 4886 4906 5034 7465 8741 14066 16688 18668 20966 21671 23712 26353 26394 28342 30129 30417 32690 34858 41715 51508 53743 68773 75477 80617 221838
451 2815 4110 4538 5415 6172 9614 9817 10522 13368 14803 18084 26195 26505 27647 28931 29328 30713 37683 49562 51152 51711 51842 62080 84742 92764 98270 109680
1302 1469 2670 4425 6209 7418 8090 8944 13874 19163 22373 22964 26425 27749 33287 33590 37955 42545 45959 51064 51590 59244 59282 59561 65892 70938 88934 92067
258 1034 2625 5190 7295 8717 8947 12159 12530 18592 18982 20122 28564 29347 30013 33738 40454 40642 41035 41456 44511 46193 47077 61807 75348 78634 89317 124516
1222 2751 3341 4138 5031 6147 6716 9577 11350 15258 18254 19085 20374 20660 24373 28029 30820 32681 39966 42250 48063 59207 67561 75363 84373 94547 96632 102996
