1000 21 6
5999 91390 122539 159834 186162 416887
5767 97117 135251 141535 199679 407710
43173 45749 119389 174724 295223 309663
44255 49177 132698 176469 262878 318528
4967 7314 38689 131871 142090 664720
14199 46217 83193 148813 249361 447164
38181 42024 75305 155212 176686 496346
31264 47983 83928 142345 162691 522403
14166 110826 187291 201505 214522 262798
45457 61753 97626 148391 210497 418065
19522 37521 48205 50988 370045 462908
12387 47296 70746 191205 328259 336871
76663 83571 86740 156289 246195 342496
25053 45610 94756 182188 285361 350613
63268 71406 91084 133588 257444 371577
33184 56941 67072 109765 180489 544258
41256 44473 100785 139227 325003 342823
21148 34299 66804 94594 259453 508913
10551 49549 137611 180489 211881 395811
22656 83579 83813 109579 303975 380463
16896 31075 34288 48016 60623 792916
