1000 14 47
528 667 1966 3054 3878 3944 4401 4811 5668 5735 6075 6238 6301 7204 7257 7380 8415 9460 10461 10577 11242 12526 12642 14534 15031 15185 15259 16257 18005 18140 19625 20552 22444 22728 23335 28182 32315 33522 36437 39381 41530 42193 49566 61387 61835 68162 74184
616 635 673 680 882 1084 1562 2246 2419 3441 3537 3879 5701 7573 8036 9772 9789 9800 9976 10331 10591 10807 11403 12664 13198 14311 14408 14413 14833 15467 21506 23746 23838 26462 28070 30933 32811 33799 40016 40830 41309 49211 52028 53899 57295 65487 74803
693 1433 2796 3005 3017 5157 5569 5753 6551 6969 7343 7644 8246 8307 9071 9485 9545 9549 10797 10960 12450 12999 13128 14106 17086 17848 18923 18953 21350 22132 22782 24475 25133 27478 27546 27690 28270 32337 33313 35797 36125 37162 38898 39524 46672 50214 52177
89 678 899 1998 2967 3275 3452 3588 3680 4391 5513 5797 6793 7195 7492 7874 8076 8215 10180 10676 11128 12439 12519 12743 12918 13454 14646 15782 17587 19463 19610 19934 21171 21875 23580 23857 24360 27021 32658 35720 38476 40677 41771 43368 55255 65150 90338
37 346 424 593 921 1110 1147 3361 4321 4912 5101 5335 5909 7165 7817 7854 8307 8560 9372 11110 13026 13265 14127 14558 14645 15349 16143 16148 17206 19535 22139 22851 25139 25144 25941 26327 27167 28741 28851 29217 37441 42115 43433 54268 58145 70557 103439
246 879 1352 1414 2677 3300 3316 3789 4384 5160 5801 6218 6783 8183 10186 12240 13187 13492 13641 15691 17240 17440 17763 19428 19759 22863 22970 23001 23727 24158 24178 24682 24727 24937 26285 26655 28285 30224 30281 31242 35363 37814 43459 50818 51177 54292 58565
153 342 1204 1929 2181 2806 2907 3182 3382 5254 5687 6105 6862 7087 7583 7620 8419 10592 10612 11516 13212 14721 15292 15597 15808 16090 18004 18948 19410 19535 20014 22535 23562 25931 26192 26464 27661 30994 34024 34387 41924 44332 46252 56691 64965 65083 70357
49 807 878 1020 2176 2253 2699 3152 4672 5087 6464 6968 7018 7226 7974 11442 12185 13074 14005 14867 14918 15480 15980 17184 17585 18403 20491 21182 22952 23222 23648 24770 25142 25255 27552 27671 31190 32904 33134 33640 37779 45110 46334 48723 51131 61621 61947
740 780 1150 1267 1452 2311 2447 4032 4160 4368 4888 5086 5365 5928 7383 7666 7907 9530 10214 11194 11514 13403 13644 14024 14806 17415 18224 18669 19033 19237 19613 20194 23358 23694 26346 26927 28786 30485 33039 33907 38657 44466 45736 52417 55781 66030 111980
29 73 1319 3016 3401 3712 4390 5082 5600 5773 5779 5941 6116 6324 6337 6399 6520 6640 6909 7008 9031 10026 10662 14826 14930 15365 15704 16665 19156 23037 23883 24284 25412 25794 30357 30513 31199 33987 34792 35884 37802 37878 41267 43182 47464 61556 63235
867 1066 1220 1339 2654 2874 3137 3413 3630 4044 4193 6194 6828 7094 7367 7819 8217 8323 8446 9082 9141 9602 10983 10991 11289 12104 13841 14120 15739 16147 18624 21588 22882 26170 26281 26603 27229 27885 29375 30306 32470 42915 48590 57117 61349 62919 88381
42 161 165 265 278 315 979 1870 2237 2258 3159 3240 3805 3831 7057 8009 9446 10453 10552 12325 12721 12819 13005 13101 14154 15993 15994 16354 16705 16714 19045 19316 23257 26997 27716 29019 31260 31992 33520 33709 34617 39162 41673 47164 49133 74990 158116
113 174 228 637 643 1438 2548 2906 4142 4487 4843 5483 5934 6090 6577 6664 7002 8196 8507 8836 8953 13345 13849 14056 14426 16187 17980 18622 19332 19795 22705 25878 26217 32255 32794 33104 33144 35237 35499 36828 42213 47231 48215 49784 52937 56634 83672
242 515 592 1087 1592 1642 2057 2735 2820 3420 4819 5147 6277 6289 7244 8104 10061 11352 11601 12390 12418 14122 15652 17045 18324 18545 18879 20039 20755 21133 21592 21885 22063 22892 23479 26887 30861 31745 33959 35335 36270 39214 42632 43342 45734 51171 58189
