1000 32 31
495 3716 3825 5849 6354 6589 8203 8428 8448 13710 13889 14514 16902 19187 20044 20153 22156 22913 25549 26414 31021 34385 37002 40865 45973 45982 50196 53221 69771 88594 148196
553 653 1974 2525 2860 5120 5213 8718 9563 10205 11015 14786 22002 22305 25639 25898 26091 27721 28213 30949 32385 33129 33401 36964 37977 38764 41044 42440 55711 61601 93579
183 854 3380 3861 5709 5818 5904 8179 9006 10240 11700 12694 15866 17978 21692 23484 23657 24784 24961 26006 28972 36009 36908 40503 47091 47901 49865 52881 76738 97216 100755
2793 3281 4376 6342 8289 8403 9620 10371 10829 12350 13292 14714 15461 18947 24249 24696 24786 25354 32714 34036 34732 35113 38106 39262 40089 40174 42908 43984 61761 69121 131465
649 2098 4786 5153 6563 6623 7126 8891 8920 11153 11311 11363 11598 12703 12865 14817 15638 17769 18900 23843 30546 34596 39393 47502 48780 50229 56476 65334 66958 71134 76376
261 865 1446 2373 2412 2700 2861 3628 4323 9648 10210 12764 12890 13022 13916 15969 18126 20097 21188 26456 27848 29516 36218 36558 37753 43325 54877 59846 65088 68677 102979
999 1008 2550 2638 3199 3889 4473 7078 7237 7305 9719 10076 10211 19701 24112 26231 27161 30775 31440 34082 34239 35907 40085 42763 44344 53945 65378 66547 69361 81025 92943
2339 2988 5226 5510 5675 7054 8530 9104 10179 12394 12625 12807 13946 17503 21501 23509 24207 24874 27150 27180 27581 27792 30112 31722 32395 37412 37787 47201 54622 71872 87169
70 92 1284 2747 4057 4968 5272 6192 6536 6732 7141 7188 8794 9647 9720 11130 11980 13913 15766 24390 28216 39781 42013 44819 44875 45916 48608 50821 56619 83764 159711
864 1090 2054 3426 3545 4353 5907 6731 7022 7530 9307 10776 12069 13496 14071 19023 21175 24780 26075 35673 37683 37851 38044 38975 44451 51644 62803 69646 78268 85866 120614
96 684 2713 3404 3891 5733 6016 7422 9187 11214 12111 13601 14300 18226 19450 19527 19546 20918 21970 23294 25404 30680 40871 42668 47225 58798 61326 63822 71710 79218 89156
493 963 4440 4818 6873 7200 7408 7474 8168 9149 11218 11511 14447 15056 15958 16242 24290 27199 29592 30671 31760 33880 34033 37684 44015 44429 47048 56192 64371 94270 113783
587 1266 1556 2191 2250 2820 7170 7771 9095 9794 10181 10366 12496 17232 20264 21187 23655 24509 25425 25925 29615 39396 39569 40403 42760 54944 64067 67431 71584 77410 112461
76 543 1631 4673 5264 5439 6109 11548 12797 13425 13801 14738 15107 18431 19494 26256 26432 26673 29182 30056 32701 38206 38386 39812 43204 46702 49038 53512 56563 59997 89380
322 1632 2363 2464 3050 4823 6096 7604 8133 11217 13613 13942 16452 17406 17926 18099 18132 25805 26301 29937 31831 36603 42264 43780 43962 44086 45964 52968 54867 84556 116276
670 1415 2104 2115 2401 3550 4621 9656 9704 10158 10709 14241 19163 19727 20320 22361 24331 24619 28563 29346 31447 32144 36796 38764 40085 46477 59631 61045 65876 72210 101317
891 1776 2848 4220 4722 7418 8967 10653 11134 11331 11646 12132 13811 16658 19880 19911 20151 20203 22408 23388 28679 30698 42963 47706 51169 51357 56040 60248 78178 96809 124133
120 506 648 850 1989 2286 9446 10166 10847 11296 11747 12228 12324 12884 16642 17531 17554 17843 18217 19501 26499 27578 36191 40210 41688 45327 47702 61555 66110 90872 157973
54 76 144 1710 2984 3887 4292 5227 5252 6657 8322 11066 11352 12774 15848 18981 19271 19427 21321 24110 25129 27177 29681 30982 38575 39247 43543 57612 59168 74431 164102
253 761 1257 1659 2654 2751 4717 7391 8481 8707 8737 9041 9564 12391 14986 16289 18494 18804 24510 24876 25836 33140 38904 46215 46732 47751 50240 65908 107453 109026 122172
173 1519 2135 2524 3549 4224 6575 8049 8511 8563 11022 11319 12150 14011 14818 17365 19674 22995 23653 24055 29101 31251 33002 36741 42900 50364 54387 61010 93992 104410 106203
2579 2625 4076 4270 4272 4428 6518 7182 10007 11772 13992 14719 15144 17871 20724 25135 26775 27093 28651 30208 31097 32225 33159 34053 38986 48764 49346 52424 74212 74356 93790
1069 1109 1585 1931 2030 2927 3274 3309 4385 5100 5181 5515 5592 7433 20077 20159 20312 22546 23821 26297 26926 28306 28849 31045 34022 50787 54575 61749 77403 83783 108388
128 473 1662 4010 4374 5309 5358 9286 11257 12131 13260 13596 16060 17604 17873 18540 19473 20069 21315 22258 26608 27478 31849 50058 55478 62274 62963 70825 72737 80162 92532
646 1007 1038 1138 1459 1806 2439 5289 5495 6478 7385 13764 16891 17119 18643 21536 22005 24052 24227 24454 25436 27524 34721 35100 37916 41387 53355 56853 75739 81792 94628
815 918 2106 2620 2970 5301 5469 7588 8790 13453 14771 15417 18111 19635 21422 22442 25243 29547 30208 31719 32672 35787 38041 44030 48700 52682 56573 67731 69866 92949 96466
3420 3869 4586 5507 7143 7960 9945 9962 9992 11272 12697 16997 17654 19174 20261 20360 21299 25858 26451 26580 26912 27938 31830 38550 40091 41246 44564 57008 60094 121160 138080
1329 1799 4317 5797 6931 7580 7756 9142 9258 9646 12226 13117 14931 18068 18073 19040 21261 22868 23452 24705 25847 30156 33617 33872 35662 41626 41952 47477 53803 73183 108329
2980 3006 3634 4161 4633 4876 5754 7948 9068 9539 11448 11706 11746 12500 13138 14380 16712 16799 18205 25074 26550 28096 30238 31549 46236 54803 55512 61506 65472 73835 77354
1601 1971 4015 4446 5129 6108 9493 10344 12623 14031 14270 15554 15908 15973 17826 19409 20515 23262 23822 24214 26415 28245 30911 33113 35062 44556 50402 57398 70327 70595 88164
1075 2342 3299 3748 5567 9805 11173 11798 12164 12251 15630 18330 18766 18801 19538 19871 22252 23121 30793 35125 36183 37234 38762 43105 43159 43583 44776 53004 54010 57956 81648
72 1610 2045 2477 3740 3862 4457 6049 7514 7520 7555 8187 9375 10011 10855 17598 19774 20107 21335 25449 29335 31208 39765 43564 49441 52234 56524 57802 75597 94812 98319
