1000 26 30
1160 1378 1492 2668 2845 6228 6623 8097 11838 12291 15096 15210 15990 16403 17209 17527 18425 18894 22452 28411 36699 37463 40258 45941 55254 59359 64564 80206 86979 97962
4 768 2241 2389 2777 4197 4285 4968 8541 10583 11274 11932 16361 17378 21836 26937 28645 29383 32287 32752 35131 36064 44266 45603 45756 50861 51658 56004 96725 106168
513 642 698 852 909 2941 2989 3595 6449 6920 7937 10180 12576 13725 17388 21513 26722 27410 29060 32818 36498 39504 46940 46993 47677 51108 54937 64655 97007 104478
1011 1709 2158 4047 4117 4963 5876 6402 8648 9302 12648 12787 15664 19002 21745 22662 26101 26330 26346 30005 30086 32286 32681 33023 41926 56742 56835 62117 112330 120682
888 4750 6413 7293 7468 8573 9704 12561 12915 16233 16580 17460 22663 23720 25492 25569 27111 27579 28000 31343 33247 36056 36405 38357 38850 46124 64163 66389 77823 83505
184 614 794 2823 4594 5436 6061 6364 6406 6587 10772 12087 12840 14280 19962 22047 29847 31273 31700 43966 44636 44975 46475 47522 49005 50562 56322 59860 62129 90486
1634 1706 2575 3706 4360 6010 8949 12456 12990 13520 13535 16787 17831 19425 22068 24212 24754 24790 31623 33370 34750 39066 47512 52801 53930 54538 58194 58539 65520 79612
1015 2413 2935 4251 5640 7317 9775 10123 11732 13281 13976 16107 16553 18427 18669 21796 24708 27350 28881 33309 36967 37871 37898 41737 43061 48833 55139 62413 91755 126519
262 286 1583 2015 2240 2869 3115 4095 8733 9290 9307 9335 13812 14806 16171 18324 19701 21728 24002 31747 33966 34319 36645 46253 47745 52608 68817 98796 100088 125392
574 3571 4243 7002 8972 11020 11740 13044 15839 18262 18351 22602 24921 27394 27902 31508 31509 32303 34051 37976 38125 38832 40632 45338 47840 48470 49827 58483 67520 93006
273 457 1801 3518 3740 5241 5874 6131 6888 6977 9060 13497 16465 17275 24754 25364 28050 30007 30614 34465 36350 37322 43149 49541 50469 62331 62725 64978 79456 145168
607 2485 2814 3448 5369 8115 9919 10080 11019 11299 13023 15027 18817 20835 21180 21769 21898 22611 25147 27397 27968 33088 37183 48651 55945 55984 74314 87377 88905 134526
1823 2596 3852 3931 4356 7523 9189 9471 9874 10854 11567 12625 12748 12815 13773 16420 17268 21699 24937 34464 34626 34915 36783 37308 44773 59501 67341 87214 96498 107719
1074 2452 3023 3466 5395 5496 7576 8267 14742 16024 18062 18314 18331 21387 21677 22188 26131 27128 28482 29218 31840 33351 36848 39231 42288 48923 59139 74480 82885 104522
445 751 848 1248 10325 10779 11163 12386 13553 13725 14655 16327 19206 20592 20621 21617 22422 24168 27267 28078 29402 29878 33181 37980 45266 46205 56264 69434 93403 98869
901 1008 1871 2113 3940 3969 5161 6243 6734 7147 9217 9273 10310 10695 14107 14633 15756 15977 16645 17265 18123 31398 31401 40460 43361 56366 70291 79055 85382 186485
3866 5142 6276 8349 8594 9809 10583 11256 12650 12993 14296 16461 20245 20621 21295 24156 25925 30725 30940 31951 33950 36450 39790 43435 48455 52658 59805 72838 76395 102135
942 1094 1123 1470 2385 3856 4849 5996 6700 8076 8648 11219 12620 13466 14702 19406 22093 25412 27519 28166 32599 35526 38365 44812 46545 63279 69337 95120 99512 170838
160 2434 2879 3197 5066 7226 7410 8011 8871 9038 9085 11665 14027 17428 19809 23126 27825 31611 32244 35739 36354 36832 39243 44047 52307 62213 66185 86038 105354 130670
1135 1613 2019 3824 4565 5419 7004 7965 10869 12414 18997 19146 21106 21760 24545 25799 28027 30497 31334 32035 33749 34222 41631 45433 45488 50417 54624 61833 107021 123441
1043 1122 1219 1839 2109 2219 2236 6995 7437 9037 12470 14262 17537 21010 22112 23506 28071 28601 30118 30219 36735 42375 44357 45776 49368 65400 69627 80174 91371 126459
683 1065 1569 3002 4980 7167 8520 9439 15929 17701 17866 19534 21403 21575 24509 24643 27056 30377 33019 34400 37703 39059 44628 47500 49821 52314 54495 54866 55857 71098
665 1375 1884 6459 6732 7852 12602 13062 15309 15333 16025 17609 22270 22599 23052 23414 24478 25205 29424 34424 34583 36972 42636 46006 48567 57161 73079 89668 92656 95288
1957 3374 3770 4919 5608 9260 12069 12758 13149 14904 15311 15731 16689 17503 18804 20266 20436 21408 22305 23567 25563 26481 29171 36013 41014 49264 59623 87555 98184 101393
41 819 2986 3649 7172 8211 10848 11633 12053 13350 15062 15289 15830 17637 17834 17976 19449 19507 20231 24192 34616 39720 40169 42829 45146 52438 59306 66352 79943 116235
1816 2997 4457 5222 6603 8137 8174 9200 9863 10947 11763 12165 12852 13780 15313 15424 17521 18726 21739 22781 30013 41144 42373 47816 50421 64029 73973 75527 89804 119250
