1000 23 23
521 6024 9775 12277 15828 16720 16968 18472 23151 23667 30959 31171 32343 33626 33731 35518 51176 55050 74687 76731 89254 91044 156868
556 752 1162 1985 9633 11412 12659 13367 17116 17824 18285 23812 33442 35668 37366 39063 44735 64467 85946 87158 99056 118840 186718
207 530 2502 3420 7433 12472 12482 20402 24609 25463 28594 31949 32443 36920 38551 43737 46575 52712 58544 66199 106639 125481 180851
114 7671 8892 11045 11721 13498 13535 17326 22085 24290 28094 45748 46890 49046 53829 55907 64412 64519 64812 74204 82163 91795 110452
73 802 854 5780 7093 14250 17844 19302 22050 23146 32519 33734 35952 39566 40254 41368 48026 59482 75539 88760 94902 122843 139247
7109 7554 13766 15468 16219 16869 19605 24933 26973 29103 29359 33032 33223 34812 35719 37526 53027 53429 72223 84615 92066 99425 100641
2270 3841 4776 5929 6676 10585 12624 14688 14890 16056 23171 25473 28216 28557 44812 45445 47583 52033 52066 57641 67299 113899 216575
2601 3297 3761 5118 7183 8504 15558 15864 18213 20448 24972 33750 38633 43188 45453 55561 59989 61536 73661 81879 83676 97816 126093
3159 4379 4390 5703 8164 10470 14356 15812 18451 21279 21623 24958 36824 38008 38383 47891 59724 60394 73027 80130 96839 106694 171072
569 916 1579 1696 2187 6063 10649 11459 16389 17478 18848 29955 32924 34977 36587 39132 66811 79884 91880 92442 108817 110325 113301
192 3784 6320 7821 8814 10384 15612 21648 22984 28642 29114 32718 33072 34452 43172 44080 46913 55714 62072 67128 88041 97174 149431
2609 3328 5442 8670 9867 10259 12148 13430 18923 20405 23877 33100 39702 43289 52624 57181 66914 67696 67726 70977 86083 87425 112285
934 3140 4760 7299 7952 11865 12159 12163 15400 19919 20211 21283 27922 29456 36078 36338 52238 64398 76081 79964 80294 124631 188495
287 760 8695 8795 8931 10684 12182 12570 14509 17304 20417 28548 29317 31012 48609 49669 53824 71672 76641 92179 94026 99148 131961
1048 4019 5247 6225 8273 8782 9435 10319 12339 21802 22122 24538 25758 34049 43515 55688 56863 60747 69869 72459 95571 105551 190222
3279 7100 15497 16774 19569 20190 21344 24768 24992 27414 28688 28898 38780 40702 42023 42452 56463 61214 67585 71753 75296 91116 93543
325 1252 4433 5901 7262 10539 12504 20105 20273 20276 22760 28065 36616 36731 45779 53855 57886 60235 75345 77015 78396 123902 132134
3790 4046 5024 6380 7746 11778 12095 13912 16129 16981 18014 20979 26132 30265 32274 56452 59657 68919 69599 91579 98065 108097 152485
1339 2305 6272 6537 10659 15501 17905 22135 26100 26415 35587 35743 36684 44423 47737 47740 48057 61431 67436 74768 75555 92930 104378
595 1885 2069 4313 7883 12348 13304 15611 21542 28676 31891 34983 38581 38597 39576 43926 56134 61798 62371 64233 88122 101791 160540
1320 2397 8357 14296 16386 17983 18013 18988 19182 20707 21963 25331 28908 34642 34696 37038 37358 37707 50388 51891 105504 135521 172228
1826 2119 3649 3753 6964 8398 11107 11231 13186 13241 15922 19106 21988 23263 26446 30189 55012 55037 69790 77566 83472 142322 258636
811 6439 12495 16473 18251 21356 21766 26008 28779 32596 34697 37249 41978 43214 44498 47318 51940 52691 54720 57557 73791 94686 131242
