1000 28 49
205 283 655 835 1837 1912 2773 2804 2925 3104 3977 5448 5546 5664 6078 7437 8860 11420 11798 12060 12183 12528 12726 13145 13396 14973 14995 15936 17806 21637 23391 25303 26951 27262 27548 28001 30105 30602 31900 32181 32367 33929 34210 35175 37291 38336 40857 45503 47358
248 359 725 1437 1749 2364 2965 3025 3923 3950 4154 4584 4672 5055 5201 5578 5731 6815 7332 7575 7684 7877 8006 8056 8551 8576 9224 9894 10608 11012 11044 11568 12226 12470 16602 17448 17835 19449 20822 20838 23134 25294 26033 35215 35926 38740 40869 48708 59392
226 615 865 937 1014 1558 1948 2679 2782 2923 3140 3701 3884 4156 4558 4867 5597 5788 6651 7243 7655 7959 8617 9984 10289 10805 11509 11610 12506 13703 13766 15513 16075 16276 16375 18226 18530 20504 20977 22946 24999 29866 37501 39009 40182 42781 56318 58556 76300
363 923 1286 1569 1627 2425 2534 2567 3284 3710 3903 4262 4519 4974 5082 5568 5704 5719 5882 5973 7427 7826 8218 8688 8738 9791 9981 11091 11850 12036 12081 12271 15772 16065 16976 17464 18210 21225 21382 22154 22512 23268 27632 28273 32443 35068 36966 59098 65510
131 406 417 508 929 1661 2150 2233 3083 3267 3281 4117 4326 4829 5422 5781 5925 7325 9000 9065 9863 10143 10579 10737 10847 10855 14697 17009 17209 18478 18483 19117 19669 21477 21907 22698 23248 24124 25853 25923 28565 29975 30592 31884 33803 36766 37227 44297 61646
167 343 555 634 1302 1603 1735 1886 2352 2593 2723 4736 4855 5065 5604 5963 6907 7300 8484 8804 9364 9633 9679 10092 10131 10511 10774 12120 12648 12814 13852 15700 16954 17455 17764 17828 18077 18156 19788 20688 20806 22263 28893 29160 29573 34014 38472 53451 64973
268 322 573 710 1513 1535 1590 2063 2311 2634 3244 4253 4260 4777 5091 6552 6800 7246 7554 8006 8438 8631 8664 9275 10399 10634 11148 11414 13195 15245 15303 15599 15748 16099 16411 18469 20174 20697 21579 27676 27948 29522 32107 33446 34347 37026 38077 45639 53763
391 399 469 1043 1296 1896 2282 3177 3323 3743 4152 4677 4699 4834 4876 4915 6438 6454 6618 7747 7960 8385 8559 9365 9618 9964 10266 10600 12689 12866 13704 13705 14814 16916 17276 18323 20047 20720 22716 23266 27440 30595 30693 30852 41982 46277 51037 51359 51623
74 160 782 2249 3231 3545 3641 3900 3969 5300 5538 5626 5626 5678 5841 6128 6687 6736 7239 7705 8299 8321 8571 8852 11272 12208 13112 13319 14557 15431 17577 17642 17644 17899 19843 20356 22492 23040 24830 25681 28105 28772 33177 37077 39256 39918 45706 48145 58922
219 861 912 1096 1212 1798 2072 2811 3060 4557 5285 5671 5764 5788 5959 6386 7020 7704 8129 8446 9143 9439 9582 9711 9834 10957 11394 11674 11694 13656 13670 15012 15447 17001 17480 17875 18050 18923 20176 21951 22971 28992 29807 30503 31273 34022 34119 50603 56107
295 439 447 605 933 948 1431 2106 2466 3672 3697 3886 4851 5191 5362 5465 6044 6194 8182 9031 9881 10275 11608 11615 12819 14722 15162 15576 15962 16292 17078 17472 17659 18604 22264 23054 24027 24732 25089 27397 34080 36763 37840 38334 40624 43414 44234 64965 65386
150 594 858 1025 1196 1282 2234 2316 2355 2478 3067 3083 5067 6082 6696 6839 7158 7303 7316 9084 9762 9877 10460 10642 11438 12122 12407 13574 15351 16649 17450 19501 19553 19555 20182 20416 20658 21510 22058 22515 29963 30150 39713 40826 45901 50779 51646 51875 60802
180 245 792 914 1030 1404 2028 2908 3410 3489 3504 3988 5065 5205 5316 5625 6031 6862 8646 8708 9457 10271 10410 10561 10803 12221 12517 13150 13683 14008 14179 14426 15150 16671 16824 16937 18889 21409 22751 23520 23605 26879 30448 34383 47233 49770 55095 56449 60907
157 182 496 658 691 749 2602 2801 3016 3027 3807 3836 3860 3921 4049 4688 5191 6124 6144 6650 7873 8410 9283 9379 9926 12109 12365 13124 13700 16360 16624 17886 19394 19519 20418 20833 21529 21915 23927 25866 26320 26882 28383 29229 33335 38847 39672 40516 52709
706 795 1029 1753 1984 2093 2111 2366 2394 3645 4540 4748 5160 5522 6166 6547 6664 6999 7193 7572 7946 8878 10295 10556 10590 11422 11891 13372 13610 13796 14302 14805 16059 17033 17431 19199 19276 20114 24244 27921 32227 35373 36839 39947 43443 50295 51174 69082 91671
80 648 915 973 1269 1612 2114 2259 2403 2416 2682 3239 3274 4040 4213 4808 5827 6701 6726 7292 7516 7643 8291 8520 8759 9138 9833 10951 11156 11361 12354 12629 13490 13923 14192 16771 17454 17676 18031 22475 24407 26949 27098 33227 35229 36571 41452 69230 74489
214 527 689 762 1067 1998 2075 2656 3281 3464 4012 4351 5432 6133 6879 8009 9085 9555 10743 10886 11458 11616 11813 11873 11897 12220 12291 12353 12944 14166 14203 15098 16366 16466 16660 16837 17223 17328 17669 18654 20168 21055 22251 22335 23580 36662 41314 45383 45891
29 381 566 609 2103 3881 4852 5070 5814 6579 6686 7049 7173 7517 7772 7919 8113 8330 8819 9744 9968 10808 11781 11956 12779 13169 13730 13751 14819 15630 15851 17112 17859 18811 19801 21045 21329 22573 22612 22654 23716 23773 24918 26872 29614 31962 38756 49701 53632
546 1005 1275 1312 1492 1563 2270 3197 4017 4203 4433 5151 5238 5752 6633 7080 7138 7277 7418 8516 8941 9698 10217 10529 10898 11314 12268 12504 12729 13661 13891 14631 14776 16302 17534 17868 19116 19475 20291 21860 24037 24133 26578 27567 31143 33379 37170 45160 57956
1097 1723 2173 2462 2701 2827 3078 3224 3244 3798 4012 4200 6226 6883 7260 7296 7510 7986 8712 9016 10091 10268 10612 11290 11497 11932 12786 13239 13792 14479 14575 15897 15991 16239 16249 17084 17252 17977 18673 18932 19127 21135 21579 24325 24853 27529 30438 53339 57676
132 712 1000 1251 1537 1980 2081 2754 2923 4940 5596 5746 5832 6570 7041 7320 8508 8836 8895 9841 10379 10706 11614 11810 11964 15695 15965 16700 18401 18431 19189 19216 19983 20532 20821 21106 22732 23882 24975 29056 30854 31048 33034 33100 35963 38842 39422 43006 60961
769 792 1202 1267 1284 1848 1860 2992 3159 3726 3957 4027 4042 4089 4135 4244 4287 4725 4991 5156 6717 7370 7569 7654 7817 7943 8748 11248 11997 13432 13540 14087 14367 14771 14969 15715 16062 17870 19967 20920 22475 25189 27263 29731 38946 48490 49338 64393 95313
909 912 1010 1437 1636 1697 2262 3318 4446 4454 4793 4807 5479 5950 6200 6222 6242 6576 7095 8256 8770 9154 10716 11882 11992 13299 13640 15268 15453 16458 16681 17965 18619 20565 20934 21166 22777 22853 26088 26303 27798 28971 29858 33195 36147 36481 37305 42215 66488
429 706 1031 1741 2500 3434 3817 4299 5291 5404 6022 6077 6093 7116 7232 8332 8661 9484 9568 10395 10660 11756 12063 13313 13677 14170 15096 15945 17501 18294 18929 19570 19882 20114 20697 21346 21832 22227 25447 25485 27256 28595 30682 30770 31095 32555 39598 40081 42566
528 930 2007 2358 3569 3686 4105 4172 4926 5706 5716 6323 6597 6825 7822 7987 8378 8741 9674 9782 10112 11252 12108 13048 13201 14322 14335 15226 15374 15428 16354 16403 16769 17682 17980 19919 20803 21500 22335 22649 22909 24985 25305 28414 28440 28461 30212 49333 66916
695 821 939 1415 2054 2543 3319 3400 3897 3956 4731 4741 4786 4916 4959 5188 5329 5514 6565 7144 7581 7761 8196 9292 11541 12894 13156 13572 14893 15525 16309 17226 18271 18349 18368 19004 19179 22350 22896 23761 24077 24623 28347 29026 29580 39251 46657 60040 110051
212 366 1059 1458 1511 2056 2496 2674 2876 3369 3556 3719 4434 5593 5901 7186 7378 7583 8555 8799 9970 10703 11149 11341 11755 11957 12516 12663 13414 15336 17301 17861 17881 18226 18938 20081 20392 21344 21747 22524 22610 26715 36268 36351 40593 46660 52436 60569 73988
271 678 698 761 762 871 983 1425 1431 1817 2571 2909 3031 3437 3720 3768 4127 4458 4463 4987 5247 5445 5461 6257 7774 8020 9258 9301 10099 13292 13774 14631 18050 18356 20585 21943 24178 24367 25872 26520 27139 29138 31419 31419 33120 33512 52137 53887 55130
