1000 48 21
722 7803 8763 8991 11481 12993 13523 13684 15503 21424 23958 31174 33327 46321 48156 54138 54158 59516 69065 75443 176893
58 885 5138 5671 7910 15343 23567 26642 32372 41342 43723 45412 48774 49913 51907 51984 52088 87236 90108 100884 117152
933 2380 5194 5975 10338 14388 18633 21109 21811 22390 27457 36055 49994 54008 54483 55157 56050 60314 94377 110106 179109
1781 3241 7272 7771 11802 12984 15486 16222 19886 21109 25305 26834 32626 34633 50725 53032 53931 73584 84096 131087 142636
703 1291 2445 3179 6230 7459 10077 12726 19062 20083 23848 30469 33115 34820 40412 42521 58060 60920 64420 178288 208969
3879 5660 7309 8536 8820 9155 14830 17912 19740 20886 20907 30908 32179 32817 42384 46637 56310 66513 66934 84268 173325
293 879 1666 2580 3497 7184 11042 12992 13417 14835 16482 21289 25995 34716 38878 52121 54217 69120 70392 87329 177619
1026 1820 5519 9858 9865 10233 11610 12080 12441 13208 19872 20443 23384 24070 25070 41841 54361 91922 109182 116928 129530
2178 2248 2279 2557 6102 7764 8478 8737 13771 15156 15779 26173 27313 40783 53077 58265 64220 101708 129133 156011 156708
3394 7315 7644 8374 10638 13675 17430 17754 22159 24179 28621 31567 44971 48217 53213 59889 65218 81656 93020 102156 119782
2205 3139 9209 10206 14563 16037 19775 20134 23487 23610 24932 25507 26208 28988 39443 41186 42449 46635 60711 117081 127322
37 65 1851 4890 7398 9157 11105 13053 14746 16945 19714 30298 30842 36654 40145 42841 53632 57669 61348 175831 177726
615 898 4797 4822 8531 10228 16004 22881 23194 23326 25271 25398 26171 30113 30114 37837 41087 50987 101631 127963 191068
297 2262 3492 4459 5266 8582 10637 17251 18466 19288 19892 20195 30955 36093 38762 41711 80616 98681 101699 136607 161327
4228 5782 7016 10963 11732 14374 21880 22309 28083 31199 32993 33806 35214 36988 39849 51793 52718 61973 62829 69296 83993
3151 3552 3694 9909 12722 13460 14213 16387 19044 21707 23100 27482 28299 33488 44252 50776 59181 75109 92752 129650 172000
1962 6013 7297 7949 8142 14084 14787 16090 17963 23749 26142 26282 26816 27720 30578 43235 50947 59547 66972 135412 138761
261 515 5008 5560 5882 15788 15895 16261 23145 23947 25303 30173 33197 44724 53422 56979 58110 73365 82441 93177 203752
207 2281 4121 7929 10272 17487 17569 17981 18033 20459 28349 29977 41258 46033 51489 55732 68695 69674 93968 98240 103860
2244 2415 5069 10472 10487 11368 11684 12631 12756 14111 14467 14581 15835 42784 47325 49127 54511 63134 71380 138222 208201
2097 4990 5205 5396 6755 10615 10837 16632 30891 32373 35656 46957 49189 50483 50916 61538 62521 68080 68382 85876 106025
593 2470 2734 8393 10462 13687 14043 15145 17610 19868 23202 24375 25596 45293 56811 68564 71678 75060 83743 89565 114341
638 3352 3690 9868 10751 10986 16434 21123 22198 22827 25103 25346 25536 34022 36491 41508 60313 72894 102184 111482 141668
766 1583 2296 6746 7478 8459 9578 13809 14292 19987 26123 28044 32209 36496 39108 40553 41651 62359 100276 106863 191150
1272 2797 3832 5199 5702 11624 15588 17304 18825 20700 27250 32559 33950 37429 40882 44220 46950 50834 61654 147965 203911
3346 5701 6224 7578 10051 11398 12790 13766 14395 25239 25630 25693 28917 38013 40510 62256 72894 78389 85620 119487 122369
1931 4823 4987 10910 13414 17077 19285 22048 26687 29810 31997 37290 37613 39883 52776 61920 62218 79302 86326 122037 130197
57 1162 2643 5294 7199 10041 12657 12856 14496 22875 25796 36719 39291 43291 48826 50155 66342 68161 70725 90921 138856
2876 4712 9334 10541 11595 16015 16017 21927 25581 30949 39414 42088 46871 53627 58575 60152 62116 66217 67877 75458 111126
4889 6354 6539 12463 13442 15351 17304 17637 25307 27441 27847 33641 35704 37872 43187 45257 50184 66531 69677 86362 139583
1970 2586 9054 9472 17585 20497 22977 25400 26113 31669 34568 34585 34705 36279 47329 55861 65449 72818 74659 107377 110066
973 4232 5400 7575 8305 8596 9295 11431 17989 21362 21838 24915 26040 27736 31980 41011 58019 59810 71717 111005 170177
7838 8784 8857 10295 13523 13962 15606 17738 18293 20144 22547 24640 30041 31902 60250 62598 67237 76642 84661 104039 167511
223 1468 2721 4133 7345 9841 12526 12708 17865 18396 18884 34468 34638 53021 55555 60233 73549 77390 88957 126783 172704
973 1735 4448 6878 7721 11030 17410 19255 20299 20307 29298 36544 37575 38267 39923 45096 75606 83902 111113 118340 174755
1417 1935 4324 8316 11861 12739 16363 22397 23884 28025 32971 35286 39275 46586 51946 66742 69537 74433 75399 112166 132647
106 674 2908 3544 6671 8258 9979 14682 15054 19237 26887 37805 39722 41394 41703 45767 56055 56336 92031 93690 162862
4166 8619 9857 9874 10157 15961 18070 18412 28218 29126 30758 31188 33703 35920 37467 43699 55210 59873 74346 88786 89906
1991 4707 5950 9449 9907 10321 11032 19704 26621 27836 29447 29772 33336 38629 46657 57190 61805 68769 74772 127666 132279
3691 7972 15334 19190 20094 22137 22590 27352 31749 32193 32655 33984 38046 40029 44599 45266 75036 76656 88441 92687 118778
946 3256 3417 7186 10939 15055 16473 17706 19016 24940 30191 33452 35633 37303 45282 56591 58389 61832 67212 78452 122091
1261 2878 6843 8074 8148 8465 10284 15429 18135 26123 27387 27630 27774 29374 30794 36342 44712 63729 80812 84943 207556
343 1221 7815 12603 14696 15080 20975 24199 24733 26550 32005 32193 34742 43683 58812 73394 76090 80087 82509 91809 123122
1268 2765 6349 8056 9655 9957 11530 12407 14845 20330 21290 27006 29094 32539 38477 40092 51429 59169 71182 73516 189934
452 1741 3801 4119 5382 7022 11184 12623 22973 24833 25710 51436 53352 60875 61356 62056 67325 80634 84293 97135 135046
305 799 2079 5320 7589 15034 21517 21883 30946 30964 32413 38771 45403 46677 48806 49036 63395 68252 76775 78874 97170
334 549 1710 2348 4835 9365 12191 13042 13835 14858 15806 31590 33233 43612 46041 50951 52484 82753 95934 99791 106697
1665 4489 5455 9132 11634 14085 17503 17673 19647 22556 24145 26134 27582 33147 41228 42587 56522 57442 80580 95421 157987
