1000 41 21
534 3730 7534 11347 19576 26523 30029 32155 33633 35157 37006 43093 44254 46515 56286 60423 67402 79817 80104 104276 128704
5221 5260 6148 8377 13092 17709 22222 24051 26734 30888 34717 34729 35186 43459 44813 63772 69166 86086 104880 124046 157443
95 2243 3749 4106 9596 11342 14585 14961 18296 32251 37846 42867 45808 59600 65684 81328 82779 91859 107640 110397 123493
653 1043 3644 5130 5484 8362 10947 13378 22596 32089 33230 33716 48478 52097 58140 65747 71541 72678 95393 96328 244761
3114 4607 5268 5593 9925 12900 13228 16100 17031 25074 25832 26361 28803 43379 48636 59516 80695 88975 91768 108057 256852
2369 3250 3471 4607 10328 13769 17898 19802 20536 38986 43308 45806 56842 65420 74199 80303 84297 84913 85378 86176 111276
674 1146 1164 5970 6689 8633 8977 9127 12490 37507 37611 37760 46813 51909 57621 61554 64754 88530 94191 117577 211300
4936 11263 11688 15306 17076 20504 21805 26202 27304 28707 30192 33245 34404 38183 54784 66769 69187 69765 81144 144988 145724
453 7128 7465 8596 10163 12801 13495 13739 14217 14694 24058 28592 32793 34295 36774 39973 67704 75022 150260 170298 188997
6739 8043 8290 11082 13103 13696 16326 16939 19894 32726 33919 34279 38555 39815 58770 70376 73354 79654 91212 146230 147272
1750 2952 6402 6693 7998 9653 11563 12803 25758 25961 28536 33411 35149 36770 56333 59058 65765 90843 120201 150173 170226
996 1096 3579 3797 8851 13495 27154 29523 30415 32543 33650 34052 37135 37776 40708 44332 55992 65189 72362 87299 296198
393 951 3397 9008 12009 16117 18858 19413 19776 19800 28380 35925 48470 50304 76267 80691 85363 96813 98757 99969 141728
1419 1607 5906 6421 6556 11656 21954 23092 30135 37390 44704 49810 50027 50499 54340 56192 91859 96699 102938 109101 125453
2335 2886 6683 9984 14557 16417 21992 22199 26444 31624 36803 40468 40520 47713 57623 57697 60003 70269 79135 96617 210028
2370 3380 5766 5930 12935 18698 21060 24295 25559 30361 36581 37346 37757 41202 46212 83793 88448 95478 95649 103550 161616
1284 2716 3223 3674 9113 16294 20401 26342 27280 35977 39464 50947 57856 70724 70768 73105 75057 80436 88497 103082 107167
2775 4043 6911 9147 18363 19597 29034 32725 33800 34462 37675 40618 46677 54201 56506 56703 59603 63051 92167 102541 159404
840 3117 4829 6141 16535 18984 23310 25873 28068 35204 37548 39990 43537 54111 58905 70016 76619 79094 79757 119733 140452
4939 13657 15661 18593 20862 20903 21313 23948 25493 29474 32505 38168 42601 42839 50445 55096 64945 71385 86084 86182 184644
5504 10846 12738 12858 14389 15475 16520 19106 22167 28751 44532 45215 52284 59786 60002 71767 80110 90206 94623 95056 111731
1787 5345 8951 13901 16545 20655 25119 29276 33085 36422 36485 38896 40218 40311 44663 62086 69029 78080 101587 123290 131167
676 2181 4245 4783 7429 8575 12824 13244 17217 20734 21505 21559 42682 47607 48850 54026 56493 83084 111121 146071 233263
830 4325 8477 11867 13352 14195 14199 19070 20036 28522 32958 45798 53479 57650 68166 75194 77662 78568 88110 99088 165293
346 849 6604 7848 10331 16714 18917 23287 25640 29400 35157 46503 54888 59259 64992 74061 75110 85257 97341 97891 144961
2755 3323 5964 6091 8230 12541 14979 19338 29075 30156 37756 42372 56023 59887 74302 81228 81713 86824 89967 97222 128444
318 2981 6591 10846 12774 12994 16423 17646 20719 22998 23952 31342 34008 45549 49791 57361 65301 85511 124756 135216 182193
842 997 1417 2404 5369 5880 9122 15064 20064 21657 23534 25172 33443 42964 68446 85155 86767 90708 102129 146705 167158
799 5405 5882 7839 11643 11903 12994 14800 20459 22385 33549 34027 47497 54251 56868 57163 70897 71798 83732 154906 176475
894 2828 4908 7234 9739 12351 19656 21932 22576 22636 29819 41720 45186 47996 53709 54504 60089 62073 70738 125629 235617
1080 2215 2843 4904 6637 14453 20490 21086 24930 25213 31549 43146 46235 53786 55234 55941 78685 85789 96693 138720 154534
584 1566 11689 12053 14272 15677 15947 30738 32418 38137 42588 42818 46084 54568 61451 65544 65952 71518 79072 108170 169073
1828 2629 2654 2901 6099 8214 14433 16180 18431 26447 31285 33430 39523 43763 48124 51527 60060 76204 99051 116509 261798
3319 4825 8551 12691 13326 14912 20171 27971 33914 34756 37227 37648 46851 57397 62737 63527 63773 67993 69444 80837 194392
1651 1941 2138 6317 10896 14495 16081 17737 18835 28822 30985 33261 36760 66394 68436 71717 87063 102397 111455 121758 123199
4342 7770 18981 26724 29353 30415 30509 36632 40080 40561 42818 43302 46732 48061 50649 52622 54403 54587 82101 89989 126947
4751 9436 11546 14450 20041 20317 22127 23998 26528 26609 26864 39297 45139 45420 46887 56059 62228 75724 99965 137477 163798
201 4382 4517 5624 12652 16909 17948 19222 19367 19790 26872 36289 39080 41538 42477 54133 70711 79641 102827 145425 217793
4184 6598 6904 9600 9978 10866 12422 19184 20227 33492 35314 37258 39836 40395 48999 50704 52215 80552 127347 152818 157540
1719 3160 3455 3560 3995 6130 11827 14522 15385 20241 22282 27247 31867 35308 45080 53810 59454 76483 142992 179102 218741
2651 3189 4130 6119 8294 9079 11726 13269 16980 21288 27376 27857 31830 34649 45215 49365 68239 85665 112812 130859 258048
