1000 50 13
5195 12785 16568 21774 30861 36256 68018 69247 73700 78900 107661 230340 241110
18842 25717 27537 52859 53748 60273 60875 87465 93212 94868 101264 119089 195920
1790 20885 23406 39411 40747 65876 75211 83187 91586 122059 123564 132268 166301
9541 12153 13631 27926 56188 62528 63332 64821 76287 112542 151796 157960 186259
3465 26604 27173 27859 47564 68253 70440 79951 89153 93539 137435 147254 176525
5859 10090 16696 31738 37521 39103 49444 52955 67254 70726 80918 220558 308329
7810 13433 13633 26041 26969 53033 60768 79993 90193 123532 136155 177593 183491
14802 16085 22435 26781 31623 34418 35664 53084 80775 95704 104325 151360 323793
13943 16776 19235 20693 36490 37271 76212 87094 99534 127196 128324 148410 181117
4086 14574 14903 28641 34883 39599 66427 69048 128368 131109 140995 144782 176925
1272 1440 4884 15173 21079 43874 51600 62308 88641 110056 136452 183014 273318
1255 9566 12615 18407 32772 42465 45255 51102 52780 55958 125715 199845 347047
9438 10118 21932 30523 32749 34264 35596 39147 49560 93018 110988 115059 405666
4955 7815 9613 21767 49741 56870 71080 74812 79393 86786 131097 173025 226549
4665 6152 8540 10857 17997 18696 38898 67689 80271 120355 126607 173747 311269
16975 17014 18350 25669 26137 29344 40153 57766 59107 80916 98294 248736 272753
928 3546 19675 22604 41695 53556 56707 62307 85670 107301 124227 127875 280958
12847 21056 28235 28376 39737 44516 69659 71667 82738 86627 159484 159802 189933
4231 5208 9491 31631 35880 38874 39565 70480 73940 74855 119340 130278 360820
11949 13037 18063 23107 23271 34814 34834 53601 88549 94475 165573 192814 238105
4903 16350 23427 29059 40727 68931 78923 96259 98264 109606 113397 144311 167669
4196 11041 22245 27746 31214 34664 59461 63643 64488 67705 162401 177323 261827
1504 17742 21326 28708 40063 40758 49240 49942 55115 70007 166421 211664 234790
2382 3177 3337 12781 20528 45874 47785 57159 126124 139274 140822 184027 204502
23532 23962 24314 29813 34267 38275 48384 55780 86113 127349 136016 177167 180712
4597 6244 11172 14618 25137 44333 46902 57277 94546 126948 149227 156865 257351
8545 16100 19697 19950 36259 50620 66701 74272 87681 90233 117831 191700 211650
544 2007 6603 17898 34623 38664 58046 88999 104902 106755 137102 151769 244123
9876 11551 12645 15517 35727 38007 56386 69375 111880 130661 131605 171588 193292
705 16040 17418 20815 40204 45792 47001 48489 94830 106108 140966 150726 263423
12824 15677 18853 22027 30023 36990 37019 92220 103911 120269 120702 173981 208393
10648 15532 29089 41539 51033 56792 66796 68043 72845 80463 120268 154132 226449
616 6235 11604 12741 26415 42051 54818 76278 81177 147110 160763 177002 191621
2165 13314 28724 29145 30209 34259 53088 55772 98008 130192 154133 154909 203616
11509 11610 16484 30114 33274 40055 42663 62603 93681 98849 135169 178759 232321
5820 12734 29629 37347 42623 51380 75269 88663 90183 96334 115925 159843 187470
8844 13407 20137 23712 23827 27892 36514 37068 90908 123324 133286 155870 291823
3097 11438 17163 18346 19501 30963 61614 79414 86229 133282 153487 178294 193112
287 29808 32359 34123 34719 43675 56496 74133 81244 81793 141731 159832 223449
4979 8646 10641 13470 22253 29214 44065 67319 82494 111754 135844 216552 239463
3755 4596 18810 21075 33902 42754 45492 65334 92005 122030 133274 144697 259177
4061 7504 8706 11321 15996 49676 72617 73482 79257 157472 161489 174361 178422
4628 6883 7098 14030 41930 42019 58764 60302 64543 135880 143925 163659 248106
112 5875 8464 30471 36182 69228 76002 80003 92878 130352 143458 148260 167091
440 8555 10338 10886 28474 63902 66072 77359 77930 130016 143076 183035 188296
24270 25712 39167 39369 42842 45333 70027 77690 80645 92043 97389 155520 197037
5188 6642 10715 11954 26239 26907 50449 61069 67063 112631 129574 190240 293545
731 3678 9614 29466 43461 44594 54222 67225 72627 106961 118243 205046 231512
1651 12629 13712 24476 27283 34274 52713 80940 96216 101429 118229 137564 285629
7347 14607 23634 23847 43697 51682 70687 78488 83459 85493 140741 158716 211438
