1000 45 50
139 253 634 664 870 973 1006 1885 2138 2946 3716 3806 4268 5860 6701 6757 7455 8176 8323 8466 8505 11338 11487 12302 12334 13948 17365 17594 18733 21540 21942 22665 23942 23998 24959 25401 26873 30864 31103 31782 35992 36689 40725 41958 42763 46407 47247 52898 54480 70251
533 731 2637 2844 3416 3591 4329 5048 5791 6048 6536 6682 6691 7647 7964 8192 8358 8444 9157 9947 11643 12601 13099 13559 13660 14284 14673 14727 14737 15824 16497 18146 19016 20808 26388 27127 27820 28295 28651 31271 32538 34503 39023 40437 42433 51751 53632 55134 58978 62174
69 94 1641 1817 2370 2559 2645 3647 3784 4678 5713 5799 6125 6410 6740 6908 6928 7287 10078 11367 11775 12129 12403 12939 14049 14491 15420 17976 18233 20742 20803 22289 23532 24204 25895 27858 28321 28773 32002 33093 33267 35661 36489 40122 41936 42048 43623 47100 48435 89476
48 51 664 766 958 2004 2482 2812 3460 5532 5693 7045 9423 9643 10499 10802 10839 10885 11163 11285 11694 12169 12225 13158 13394 13922 14097 15383 17730 17803 19638 21318 21941 23862 23904 24702 25981 26031 28378 30483 33742 34931 35834 37812 39343 41423 42421 45488 56862 100270
1166 1454 1489 1769 3262 4234 4484 4650 4757 6150 6504 7016 7074 7481 8981 9053 9277 9351 9797 10330 10675 11989 13053 13086 13105 13121 13343 13700 14945 14954 16845 17309 18658 20093 20351 23340 23641 25534 25791 27315 28387 30829 33773 35862 38459 38641 42907 53322 76341 90008
17 612 1372 2495 3293 3348 3954 4361 4520 4623 4863 5418 5949 6138 7031 8135 8882 9504 10339 11341 13327 14162 14368 14565 14745 15045 15055 17132 18107 18477 18541 19931 20501 22185 22517 24536 30987 31088 31557 31594 32182 33916 34759 35727 35727 47524 49277 50561 61428 81942
204 618 2479 2617 3212 3464 3505 3694 4165 4437 5442 5493 6169 6676 8013 8681 9474 9750 10438 12175 12908 12957 13671 14692 15440 15886 16411 17184 18105 18399 22783 24825 26121 27858 27888 27889 28545 28843 29637 29958 31945 32214 35198 36230 36409 36436 44751 45167 66407 66949
202 1313 1751 2984 4390 5894 6021 6346 6464 6725 7732 7966 8047 9105 9438 9701 10430 10882 11101 11746 11773 12684 13023 13208 13249 13555 14016 14640 14708 15800 15999 16968 17452 18146 18807 20446 23306 25075 25296 28415 28639 30177 30722 34453 38230 41330 41669 52866 58587 114529
10 50 202 913 1219 2131 2421 2608 3485 3542 3874 4116 5285 6084 6276 7055 8653 8684 9560 11506 11674 11801 13245 13514 14337 15382 18277 18536 20196 22180 22292 23990 24505 26124 27143 27819 28819 29250 29714 30351 30613 31668 36153 37233 41484 41853 50517 50584 63793 66984
31 349 878 1447 1656 2144 2333 2341 3597 4764 4899 5208 5215 5685 6411 6754 7570 7719 9190 9573 9782 10521 11346 11979 12678 13034 13333 14233 14468 18155 19674 20846 22355 23020 23573 25218 27478 27642 32518 34107 36006 36091 36491 40706 50043 52200 55913 58675 60302 72635
230 290 1399 1417 1632 2059 2132 3215 3258 3492 3595 3654 4380 4748 4757 5067 5392 5505 5614 5781 6396 6451 9350 9425 9465 11621 11701 13637 14574 15928 16526 16870 21394 21996 22491 24304 26270 28437 32495 39020 43977 44591 46521 48323 49984 50326 51935 53356 56610 66711
33 381 574 800 1628 1983 1991 2782 2838 4318 4496 4605 4655 4832 6208 6854 6964 7088 8292 9994 11258 12054 13317 13640 13909 14254 15187 15639 15963 17397 18031 18888 18917 20718 23135 26296 27259 29380 30321 32015 32311 33913 34389 36221 38992 41436 41677 47543 71749 93480
86 806 1236 3046 3423 3565 4515 5161 5648 6259 6745 6858 7931 8001 8196 8843 9243 10303 10567 11243 13580 14069 15058 15101 15281 15651 16314 17040 17426 17658 18408 18672 19385 19514 19662 21469 22752 23055 25143 26813 34278 34394 35093 35556 42479 42789 43357 54802 71195 85840
1000 1050 1945 2062 2063 2279 3506 3779 3802 4325 4782 5521 5990 6461 6473 6830 7057 7311 7928 9224 9320 11793 12389 12396 12902 15602 17788 18425 18790 20924 22380 23803 24595 24846 25591 26045 26376 26878 27006 27123 28326 30839 44954 45772 46526 47293 49849 58211 59235 68658
155 706 808 1128 1321 1641 1701 1906 2851 3119 3320 4886 7972 8501 8845 9036 9517 9841 10251 10308 10372 10910 11112 11341 11535 11586 12593 14835 15635 15879 16140 16886 17177 17319 18505 20913 25141 25702 28477 29162 30225 34855 36153 38461 40139 52473 52957 54244 74807 95904
1014 1077 1490 1879 2025 2375 2377 2509 3288 3325 4360 4590 5069 5318 5473 6747 6770 7982 8177 9020 11568 12475 12759 13616 14147 14346 14901 15208 16582 17249 17931 18638 18755 20821 21273 23327 27009 29452 30179 30275 30565 30680 32361 35364 35485 38864 62052 71992 72309 87735
55 891 1449 1622 2152 3058 3705 5232 5345 5811 6397 7005 7165 7950 8994 9163 10210 10215 10716 10956 11314 11714 11881 12260 13521 16049 16079 17438 17508 17577 19064 20775 20827 22280 24827 25065 27475 28125 28284 30607 30629 35383 35918 42777 44855 47185 50118 50848 57576 65360
78 646 729 1433 1580 1631 2838 3253 4081 4366 4950 5547 5592 5673 6129 6619 7174 7239 7415 8408 9354 9390 9986 10022 10538 10541 14113 14228 14262 14324 17678 17976 19516 19664 20491 22397 23746 23904 24505 36473 36856 38137 41547 42073 48312 49797 56101 57241 77836 90561
324 1032 1164 1233 1406 1801 3460 4105 4319 4964 5303 5530 6109 6521 6876 7201 7698 7865 8008 8379 8830 9149 9415 9912 10105 10129 10643 10869 11318 11926 12859 13205 13744 14040 18020 18434 18631 23074 29969 30577 39880 40658 40848 42427 43444 49754 51194 54732 81163 107319
264 482 715 1140 2020 2791 2900 3745 3850 4061 4568 4600 4707 6656 7868 8650 9877 9987 10253 10322 10981 11635 11645 11666 11821 12075 12121 14250 14490 14775 17308 17409 17522 20042 20074 20835 21399 22281 22957 23517 27727 27902 28478 32331 47250 65019 65169 66251 73297 104962
554 752 845 943 1010 2105 2158 2271 3348 3373 4222 4429 4500 6161 6195 6574 8127 8858 8977 10474 11280 12098 12776 12825 13062 13155 13861 14732 15422 16207 16395 17940 21896 23877 24110 24168 25227 25523 27238 28399 28819 30821 32261 32532 37337 41192 47563 54780 55011 120450
547 1142 1467 1545 1612 1736 2053 3404 3783 3819 5844 6300 6379 6466 6975 8531 9243 9506 9964 10184 10400 11567 13118 13177 13501 13631 13764 14224 14634 14958 16636 20916 21793 23022 23316 25966 27035 27461 27511 30364 31156 31256 34932 38788 43102 47121 51417 55801 62844 90357
24 475 1494 2995 3290 4163 4689 5913 6201 6673 7293 7672 8340 8345 8613 9257 9846 10417 10883 11032 11419 11521 11757 12800 13218 13352 15330 16174 17539 18015 18895 19432 22101 22718 24262 24272 25558 26213 26789 27234 32208 32235 36537 37115 37613 46555 49608 51959 55829 56992
48 109 187 538 622 956 1163 1225 1322 2088 2291 2832 4194 4288 4479 4599 5222 5296 5653 5980 6116 7163 7802 7877 9040 9598 11541 11635 13762 15776 16805 16930 16949 18498 19068 20824 21976 22009 22547 23086 23381 41352 46698 48777 52161 58596 65280 75786 77841 101186
374 1101 1330 1747 2203 2825 3279 3578 3952 4656 4716 4924 5963 6779 7132 7278 7883 8355 8560 8592 9173 9215 11208 11429 11785 12183 12738 13126 14213 14809 15511 16386 17514 18628 20284 20992 23309 23571 25217 25310 28979 29442 31292 31326 36043 39978 49759 50660 76807 148962
112 844 1107 1659 2599 2753 3597 3639 4077 4122 4243 5353 5435 5777 6149 6480 6505 7311 7522 7881 7905 9055 9666 13257 13594 13690 14576 15850 18341 19262 20300 20930 21882 23272 23639 23844 24276 27168 27392 27665 28122 32436 32919 34020 49246 50229 57410 64118 70009 88741
199 675 799 1177 1528 2354 2866 3074 3273 3301 3714 3964 4565 4592 5701 5715 5787 5800 6661 6929 7292 7474 8919 9179 10017 10402 10823 12073 13275 13530 14115 14583 16080 21813 24869 25411 26191 26509 30705 32118 33574 33699 35698 38007 45959 61817 62816 67993 70142 108717
174 228 1564 1858 1859 2157 2321 2358 2367 2459 2914 2971 3616 3766 4578 5500 5931 6182 6318 6558 7929 8475 13365 13953 15857 16244 16255 18070 19056 19637 21731 21986 23737 23914 25356 25468 25906 26390 26578 28144 28868 31236 32312 35325 35885 40114 42031 61870 68036 97594
1172 1232 1678 1725 1806 2301 2527 2686 3091 3211 3563 4470 5090 5384 6051 6141 6951 7414 7565 7785 8346 8675 9622 9818 10396 10482 13566 15570 17710 18047 19468 20682 22426 23999 24965 25002 28525 29987 31437 32302 32826 33957 38391 40371 43023 44499 46794 50980 69252 90955
8 161 190 326 367 1153 2110 2382 4587 4951 6039 7235 7340 7973 8113 8502 9335 10134 10693 11514 12087 12295 12560 12735 12909 13252 14926 15222 16982 17281 19161 21249 21535 23857 25879 26441 28226 28961 29597 30249 31266 32370 34490 37249 39633 42568 49162 52191 60001 73152
267 392 492 617 854 1123 2206 2341 3500 5139 5293 5337 5473 5648 5763 5947 6349 7410 8090 8304 9986 10756 10917 11129 11977 12750 13098 14076 14942 15457 15653 16808 17202 18632 21059 21493 27779 28062 31201 33487 33560 36591 37488 47490 47531 47645 50129 60682 66587 75856
121 220 785 1834 2096 3060 3587 3953 5494 5622 6062 6997 7874 7911 8002 8112 9392 9473 9685 10544 10814 11830 12707 13538 13614 13622 14323 14844 17775 18206 20026 21535 22448 22914 24396 24450 25511 25808 25974 29012 30081 31807 32074 34462 36714 46001 48032 59035 63792 76727
237 450 1267 1642 2343 2472 2702 3067 3257 4330 4391 4593 6280 6471 6606 6827 7132 7863 9099 9324 9338 9963 10260 10606 10868 11049 11168 11384 13155 13989 15822 15860 16497 16558 19994 22676 23164 24090 26246 28262 32048 36371 44583 53001 54432 55205 59005 63752 64912 75240
28 288 383 520 1249 1310 1504 1976 4951 5475 5608 6208 6603 6619 6959 7133 8039 8185 9188 9496 10127 11165 11579 11744 12157 13002 14181 14878 14883 16393 16473 16900 17265 19669 21021 23235 23689 26318 27902 28649 30003 30278 34009 40573 43971 56711 60375 67216 72252 76882
249 551 639 1161 2339 2367 3190 3757 3894 4018 4370 5701 5800 6075 6260 6525 7724 8954 9100 10360 10403 10745 10788 10790 12891 13575 13611 14262 15485 16202 16918 18549 19538 20192 24952 25639 30694 31088 34107 34239 35447 37245 37338 38813 43181 46183 48881 52863 70371 81216
292 301 934 1358 1634 2263 3408 3644 4830 6305 7249 8613 8870 9198 9830 10375 10969 11679 12317 12537 13568 14166 14463 14741 14890 15093 15317 16220 17995 18380 18509 20266 21201 21570 22696 24324 25142 25871 26694 27707 27719 32668 35387 38572 44975 45400 46007 48604 56876 68610
510 1336 1789 1792 1841 1881 1919 2281 2288 2389 3391 3926 4534 4908 5461 6285 6724 7385 8014 8736 9510 11566 12019 12269 12850 13247 14011 17975 18198 19922 20512 21038 21671 21890 22146 22780 24943 25783 27394 28417 30247 34141 40077 48375 52510 53024 56887 62836 66911 75807
514 627 677 1487 1817 2375 2843 2958 3182 4156 4378 5025 5086 5401 5995 6114 6465 8295 9202 9222 10936 12198 12662 13313 13379 13691 13814 14739 16797 17107 19327 19376 20379 21023 24650 25262 25278 31596 32219 32352 34940 35455 38153 38182 38860 40132 44734 56980 63989 93185
178 254 303 1781 2325 3210 3233 3895 3964 4715 5476 6533 6999 7341 7342 7638 9816 10804 10846 11063 11662 11865 12001 12503 13219 13473 13677 14257 14747 15209 16778 16968 20125 20833 22640 23057 23754 26447 27977 28055 30490 30674 31279 33932 39652 39655 51480 60124 66374 125875
251 556 813 1421 2501 3050 3051 3796 3979 3992 4355 4623 5075 5665 6053 7482 7614 7801 7859 8415 9118 9913 10318 10503 11834 12672 12888 15322 16319 16804 17157 17436 18340 19763 21022 21964 24255 26577 26643 28711 32953 33443 39943 42849 46818 55718 62784 66214 76961 77378
289 483 920 2113 2164 2289 2771 3527 3612 4937 5364 5571 6098 6353 6978 7619 8035 9930 10484 10570 10628 11496 12026 12333 12460 12821 13150 13243 13738 15970 16198 17180 18149 19157 21957 22008 24028 27870 28263 32166 33130 36967 39693 39927 40609 49413 54232 59984 72519 96722
51 139 2528 2829 3198 3284 3456 4509 5140 5396 5746 5960 6700 7034 8141 9129 9495 9708 9777 9889 9959 10483 11283 14318 15298 15973 17377 17659 17793 19507 20087 20945 21984 22836 23045 23575 24109 25887 26293 29707 33940 34009 34823 37554 38268 38317 41900 52135 63634 71422
725 801 1015 2614 2774 3564 3572 4087 4146 4249 5180 5639 5714 5820 7899 8163 8190 8500 10006 10251 10311 10435 11076 11460 11687 12715 13746 15380 16199 16997 19917 20444 21907 22251 23252 26825 27143 27148 31429 32106 34190 36044 37889 38386 39820 39880 51839 54338 55565 70097
247 275 435 527 740 861 1215 1428 2176 3243 4532 4556 4893 5548 6287 6362 7451 7522 7853 8966 10005 10204 10450 11203 12493 13877 14304 14452 15348 16241 17091 17751 23311 24094 24568 25519 26729 28461 28899 32140 37051 41777 41887 44091 45103 46534 49421 54161 60137 70446
75 373 408 520 654 746 1411 1606 2074 2451 2946 3188 4114 4138 4413 5458 7609 7827 8103 8502 8931 8997 9012 9295 9762 9927 10580 11579 13454 14473 16720 16792 17039 17447 17517 18811 24729 25827 27593 28511 28678 33757 34215 41672 42216 42575 67497 72307 82122 137299
