1000 35 11
4273 4604 37691 41500 42718 44797 50134 72583 77006 127775 199153
4089 8394 19759 20200 27577 29548 35984 56318 90989 160369 326004
3313 3891 4384 42712 53730 57017 78902 95441 113650 144224 214043
10235 27156 32946 34078 47597 51246 54188 63390 70437 138026 158252
6209 12030 12458 14736 30442 32520 69463 72931 122420 139851 276130
7541 17436 30024 32776 33419 74959 87766 90365 107225 121131 125100
3207 16096 22080 42740 44878 56894 99220 119183 121314 134255 157644
1845 5484 10928 22307 36776 41805 50521 65724 152243 223548 258074
5991 23217 40144 45617 48151 53040 56715 69166 85211 112713 121261
15759 24633 26800 69088 69157 72243 84055 87547 88832 103079 107748
3201 12031 21465 31829 34797 43674 60942 79862 102819 120909 277582
580 3120 10041 19891 47056 61776 67546 78408 87136 198634 308532
3837 6115 17042 19130 28258 44174 57484 72391 91494 155316 179920
7880 15269 23784 25159 33901 67030 71314 71507 86163 160884 186130
1243 8794 14134 22123 39029 67538 73835 102924 103163 117060 223641
7331 41325 41694 44103 49813 57379 58091 82282 90578 102348 267370
326 10617 15130 21715 49547 64704 70661 105052 110887 176540 191592
14353 20296 21066 33358 34206 40403 44309 70665 95384 128228 367395
21764 29716 30763 32691 37201 41568 60199 67888 88338 158093 228125
945 8587 20378 23290 25643 47927 62985 82301 84958 141827 292357
11692 12214 15296 23305 28602 30007 54655 59827 114042 159981 160408
5136 6712 9834 14281 20145 25643 68723 116043 124231 138047 155207
2562 13654 30918 31520 37271 67074 88460 102002 103843 149827 167115
2860 11243 19322 46657 48815 53134 53795 62292 83543 151881 233382
4888 12960 23395 42764 48005 48330 81674 89305 90529 165481 201964
8492 15768 24332 35115 35536 41244 52579 92113 125592 130463 213036
27506 34964 36880 57606 61226 76593 88355 100550 102132 106517 172572
12074 16054 18078 28563 53155 69424 79438 88433 115929 151472 185608
1207 15888 27440 27667 35177 48181 54123 111482 117023 191096 193921
2624 7037 7909 14754 43155 48851 66364 89984 112679 150553 165462
5480 13785 16925 20282 23744 44887 45246 73284 73789 160417 197154
14163 17167 25698 26360 47874 57166 62381 65439 102758 144125 175635
309 36399 36419 42273 45961 60765 62134 73628 101876 112516 147589
13352 58756 59902 65714 66291 66604 69513 85580 91056 100586 122488
4939 14091 20784 29413 33940 56955 80401 122291 128440 131992 213640
