1000 29 43
937 1026 1080 1135 1224 1775 2343 3112 3213 3943 4107 5789 5791 6239 6359 6871 7820 7875 10121 10743 14121 16809 16924 18614 18912 23676 23781 23945 27424 27906 28423 28953 31777 35528 36288 39959 41255 41615 42917 43188 45510 45750 112668
41 145 358 847 2725 2994 3154 3331 3521 4189 4319 4820 4955 4963 5028 6155 7250 7547 8509 9221 11002 12717 14700 14827 16203 17216 17255 17975 19387 23485 24904 25879 27476 33720 35008 35498 36245 38264 40566 53451 55691 60950 62206
186 800 1281 2034 2092 2230 2424 2620 2695 2986 3392 3619 3743 4120 4565 5908 7156 7578 8536 8972 10559 11743 12338 12338 14336 14682 14800 16355 16615 16741 16766 18077 24936 31059 33747 35409 37437 45848 46332 49068 55514 58425 90947
240 327 713 802 1869 2486 3846 4211 4936 5235 5867 6885 7861 7968 8236 8984 10421 10993 12928 14486 15574 17605 18085 18605 18769 18966 19204 21155 22635 24471 24943 25709 26048 26925 28127 28925 30008 33573 34236 34949 39957 67274 90636
545 1085 1602 2379 2869 3709 3915 3925 3969 4490 4542 4788 5419 6971 7177 7446 8008 8179 8794 9207 9424 10116 11342 13938 15694 16051 18264 19194 19349 19715 21193 23758 24754 33834 40665 41283 41622 45355 54431 58287 72312 81015 88582
1116 2850 3282 3375 3520 3526 4220 4725 4810 5568 5729 5868 5897 6257 6849 6987 7171 7264 7490 8729 9069 9520 11529 12663 14523 15643 15664 15847 15888 16606 16626 16770 17282 17949 22090 23322 24250 26154 27019 40209 42005 108427 158905
407 1092 1168 1401 1481 2194 2931 2954 3256 4764 4910 5138 5760 5866 6499 7262 9103 11609 11743 11829 11914 12942 13910 13962 14467 16562 17925 20402 22410 23423 23427 26762 28756 31168 31366 33913 38483 47732 54034 55008 56646 72318 88524
196 211 293 597 1454 1648 1695 2798 2973 3543 3545 3581 4119 4161 4212 4350 4444 6258 6759 8667 10939 12998 14582 16384 18305 19343 21046 21823 21968 22233 26129 26453 30842 33216 38258 41662 48124 48956 52607 54687 60444 66954 81540
306 2171 2206 2708 2886 3417 3976 4743 5954 6398 6486 6859 7178 8409 8636 9272 9824 10236 11162 11245 14415 15751 17116 17214 18662 19262 20262 22956 23461 23716 23833 25192 27103 27373 35562 37335 40190 43095 43114 44046 44224 47479 63812
67 78 85 340 887 2360 3017 3320 3950 4004 4011 5095 5269 5583 6385 6652 8525 9036 10769 11189 11793 13711 13989 15739 16633 16973 17327 17867 19389 21062 22406 24138 25913 29925 31767 31805 31811 32305 35403 36598 39734 56667 57911
368 533 931 1078 1179 1964 2322 3894 4353 4627 5001 5106 5264 5613 6136 7123 7339 7803 8199 8438 8488 8528 9171 9522 11054 11737 17335 17374 17950 19020 22693 28883 30260 30851 32502 32709 34568 43970 46831 55159 56037 61408 93017
175 549 645 929 1068 1250 1706 1905 2511 2801 2963 3057 3471 3900 4654 4949 6127 6348 6850 7804 8913 8973 9364 10128 11512 11641 14522 17570 18286 20833 26108 26523 27028 28920 29510 31797 33297 37193 43617 54224 54498 65065 83320
713 787 1261 1355 1717 1723 2534 2619 3286 5434 5625 6150 6241 6686 6951 6963 7176 8043 8230 10651 12370 15187 15458 15984 16055 16203 16339 16838 18100 19223 20249 22540 24004 24530 38886 40020 40895 41858 45107 46313 51564 82366 85845
1632 1912 3196 3225 3790 3990 4092 4154 4202 4268 5029 5169 5650 6033 6431 7399 7664 8110 8588 9893 10647 11534 11699 12115 12165 12774 12951 13428 14167 18848 19325 23882 27271 27477 28120 33816 38077 42387 43265 44148 45942 51173 51761
80 516 887 1085 1161 1667 3604 3655 3678 4658 6572 6804 7359 8405 8472 8532 8829 10221 11367 12198 12538 12585 12637 13102 14415 14924 17049 17229 18067 18674 19375 22052 22948 23958 24949 32292 32931 34809 35319 47690 59010 59473 150214
463 721 820 1106 1328 1423 1622 1798 2031 3033 3241 3666 3812 5174 6395 6440 7962 8159 8516 10401 10821 11470 12133 12308 12528 13830 15256 17162 18264 18363 19463 19682 23910 24654 26771 27064 27846 33220 52481 53409 58235 66482 85487
361 994 2856 3786 3797 4884 5360 5623 5708 6477 6600 8047 8070 8915 9161 10712 11480 12726 13248 13992 15166 18269 18283 19918 20600 21852 23027 23158 26751 28803 28868 32953 33827 34673 36903 37102 37773 40764 41382 42757 42989 45912 57030
492 1011 1143 2737 2970 3448 5108 5228 5232 5612 6205 6965 6967 7307 7405 9478 10602 13471 14523 15692 15899 18211 18646 19430 19918 20628 21069 22251 22389 23179 23803 25337 26065 27132 27137 27194 27292 33987 34823 36517 43459 56403 58317
212 237 601 717 779 1259 2083 2382 3667 5094 5388 6299 6317 6383 6843 6914 9356 9504 10353 11220 11494 11600 12199 13586 13784 14397 14837 15059 17824 17956 22392 24980 25049 25291 26420 27219 27944 31901 41843 44156 48712 51753 52529
23 1769 1936 1957 2081 2126 2569 3392 3889 4461 4550 5886 7551 7601 7777 7917 8792 8826 10135 10275 11057 11231 11340 12330 12635 14149 15533 16087 18060 19480 21288 21884 24224 24309 24640 24851 25344 29267 31359 33311 44911 53056 77851
853 1359 1754 2235 2346 2977 3300 3383 3411 3417 3571 4548 4888 5500 6282 6955 7032 7400 7571 7912 8788 9431 12097 13274 13693 15875 16142 17678 18020 18660 24518 27207 30287 30727 33522 33780 36201 38137 45414 61069 61453 67877 139057
49 827 830 1039 1371 2026 2752 2894 3572 3611 3625 3670 4021 4137 4478 4579 7223 7557 9235 10096 11978 13126 14591 15222 15819 16866 17749 18733 19378 19518 20691 22123 22915 23378 26342 27671 31544 32603 43347 46230 55911 59560 78895
428 625 671 922 1995 3096 3849 4695 4932 6119 7327 8347 9652 10773 11234 11359 11837 11854 12755 12936 13965 14142 14159 14248 15683 16048 19152 19191 19793 24165 24257 24700 28352 29406 29656 30947 33068 36035 37795 39181 51829 57067 71550
54 358 409 920 1225 1483 1724 2125 3265 3526 3529 4087 4278 4549 7648 7944 8911 9110 9332 9604 10831 12259 14752 15969 16017 16310 18224 18647 21175 27936 31296 31516 31946 33601 34266 35262 37224 38407 41112 47949 48258 53893 74499
950 1567 2091 2313 2511 3116 3542 3657 4256 4837 4888 5068 5402 5502 6322 6865 6919 8918 9299 10293 11048 11055 11845 12908 13668 13898 15081 17105 18538 20966 21107 21492 21868 22227 23996 24301 28614 28725 28847 31585 33251 70421 87949
652 1306 3022 3434 3702 5283 5924 6611 6775 7184 7473 7765 8084 8857 9009 10496 11288 11484 12218 12831 12957 14463 14884 14946 15258 17318 17834 18250 20921 21016 21811 24242 25850 28444 32928 34862 38527 39798 40532 41791 46739 48574 52948
1459 1846 2146 2746 3155 3216 4008 5093 5249 5314 5662 5893 6273 7076 9501 9730 10027 10777 10892 11231 12107 13079 13495 13565 17687 18518 18545 19541 20596 21754 22436 22864 25727 28136 32248 33505 40217 41628 42464 44584 49997 57171 57953
511 643 915 1564 2902 3560 4923 6007 6391 6493 7660 8350 10329 11171 11295 11304 11617 12041 13564 14347 15574 15833 15863 16523 16894 16904 17056 17539 17770 18373 20603 21750 21777 22517 28782 28854 33598 34148 38675 42391 42488 46189 54582
512 1924 2694 2950 3066 3098 3324 3757 4011 4638 5045 5700 7736 10063 10826 11552 11888 12283 12425 12438 13083 13303 13424 13668 14337 17124 17513 19120 19309 19825 19983 22244 22438 24118 27572 34508 34556 38394 40889 48584 49115 52210 67355
