1000 23 29
2730 3047 3106 3984 5995 7747 10544 10883 14308 14689 21453 22983 24375 25373 26749 28129 29164 32059 33478 36171 37901 39779 48955 49199 53070 74856 87964 96578 139388
1476 2872 3236 3863 4871 6130 7622 9386 10707 11024 12585 14160 14568 19302 23239 23883 24257 33219 40209 42584 48167 52552 54481 69959 75992 79475 90090 100011 110335
2834 4121 4624 7298 9067 13718 14877 19836 20415 20692 20789 21180 23509 23960 25366 28904 29258 31838 32647 33122 34743 35674 43861 47422 53492 79580 92234 92410 117478
324 2133 2661 2844 2926 5404 5963 6007 11947 17482 17827 19922 22681 25106 26863 27602 29116 39073 39319 39979 47767 48216 62863 65464 69562 72578 88543 89225 92776
2313 2417 4436 5050 5056 6373 7322 12003 13141 14566 16070 18125 23996 24943 26465 30073 30626 31364 31704 48167 49197 51096 51334 57175 61672 71848 80519 105827 106328
1112 4561 5374 5478 6277 6296 8106 11020 12645 15564 15589 15785 16490 17434 20480 22431 24031 25971 26270 36046 37899 38480 43302 43756 50345 78803 84191 89642 221281
36 3582 4772 5069 5311 6521 13244 14553 18611 18880 19736 23638 24139 29014 30282 37305 39228 39320 40349 40612 46312 46331 47381 51745 52747 68953 74538 83307 101189
275 974 1990 2963 4875 7299 11707 14555 15487 16693 17007 20249 30098 30267 33467 37142 37479 37856 38866 42021 42158 43726 44270 48879 54171 76447 80789 96786 101415
45 1248 1758 3613 4109 4138 4724 5125 7116 7152 8046 8357 9360 12526 12597 13008 40165 44616 45904 51367 55927 57600 64341 75330 78562 79519 86617 94414 110706
832 4414 5203 6034 6428 6746 8727 9478 11130 11766 12406 18560 18839 19049 31181 31987 32757 35182 42846 45022 45880 51898 60483 60597 68751 75620 77398 93430 100757
606 695 1219 3131 7283 9933 13468 13493 14758 16862 17796 20505 21661 21881 22723 26164 27544 31159 36750 42942 47635 51190 51619 52562 60706 63400 69621 114981 130715
275 398 1289 5700 6006 6049 6597 8345 15600 18777 18915 19872 21058 21311 22270 23234 24307 25682 25782 33741 41757 43421 44729 47096 56677 62261 77892 140299 168883
2199 3310 5028 7311 7388 8302 9933 10845 11367 11848 12386 15385 22845 23765 30571 30840 35262 35748 37457 38903 42696 44895 45547 52263 54396 62322 90398 107019 121340
236 502 528 1405 4487 5182 7133 7920 12029 12386 14748 15685 17166 17787 21221 22592 26174 37048 39821 44376 47658 52618 54425 60214 61744 73300 74818 107727 142871
1757 2086 2260 2745 2918 4570 4916 6154 6891 6993 7432 10837 11187 11957 21361 21603 22738 26284 32485 32915 35081 38813 46916 47511 54801 112331 113307 142909 160656
439 1140 3660 3855 4536 5741 7281 11493 14721 17108 18136 19259 19718 21828 24117 29703 36681 37671 42927 51886 55249 56504 61057 61955 63247 67194 75434 77340 92281
1341 1613 1725 3122 4650 6291 6471 6575 8072 8652 8670 11407 14200 14872 17494 17890 21739 26979 27668 36569 49021 53074 66576 67150 73140 74187 89883 98572 168111
1745 5231 5348 6057 6390 11101 12779 13157 16690 18511 21361 21920 23018 26160 28888 30632 31669 33346 33361 33407 37115 43907 44992 48486 48627 59062 66818 71244 181147
2593 3396 4618 5006 5274 5865 6211 7501 8364 10185 11668 12936 21812 21907 23892 26520 31486 35254 35268 39466 46940 47065 52677 59860 61034 64615 73579 85796 173505
3551 4180 5433 6301 7389 7731 11349 13170 14399 14625 16712 17764 17811 21928 24511 24581 25367 27367 28353 43823 45762 45853 59607 69127 75079 81361 88072 88288 99585
579 2077 2085 2349 8209 10713 10965 12549 12927 13671 14999 17025 17051 18310 18415 24817 27406 30297 39130 40786 47774 56175 57728 65382 68223 69984 73476 103668 121540
616 1157 3033 4457 5439 5474 6687 10118 10205 10268 13238 13476 16575 21138 23524 25864 26536 29031 38075 45686 51967 57249 64944 73565 75895 78250 82248 89002 99649
129 1133 4004 5359 12434 13017 13583 13870 15860 18505 18561 19012 20958 22865 24756 25640 29882 30781 31527 36461 37132 45985 50637 51380 56145 56297 68423 123266 136092
