1000 40 33
2037 3631 5559 6747 6902 7511 7581 7914 9444 11146 11656 12131 12967 13936 15056 15697 17448 18052 20768 20966 22174 22951 23823 24540 27753 29004 33293 35585 45268 54314 72724 95964 98799
476 816 1058 1364 1880 1937 2342 2526 3051 3084 3443 3565 3862 4405 5337 7864 10819 10897 11264 11617 12238 13727 15409 15460 35880 38862 45032 49500 50247 54758 55750 119172 205284
2020 2140 2693 2740 2978 3774 5116 5807 5945 5945 6357 8183 9479 9587 9718 16537 19215 23233 23397 25684 28284 33567 34534 37393 39317 39828 40647 42667 46166 50297 56247 90319 126234
1788 4259 5058 5208 5920 6089 6112 6281 9805 10712 11300 11779 12408 12885 13725 14748 14780 17812 19626 20418 20760 21506 22449 24580 28834 45360 50311 53890 62468 68370 81908 84596 91587
132 2005 2049 2233 2578 2617 3763 6829 6998 7569 8415 8781 8968 10219 12078 15838 16629 22273 24034 25109 25225 26127 27063 28005 32770 33244 45854 55030 57458 62848 84423 94123 107415
61 310 435 1536 1814 2868 4898 5974 7588 8322 8767 9320 11068 11252 12387 12592 18111 19158 25332 25511 28210 28416 29526 35431 37768 39660 40104 41675 52305 55373 64320 69611 85111
452 722 1519 2635 2971 4916 6379 6704 7249 8520 9228 10145 12492 13927 14397 15614 17638 18431 21138 21983 24668 24677 26104 34322 35530 36667 43552 48856 59062 64227 72454 85956 129092
1159 1855 2316 2654 4991 7895 7927 8575 9585 9593 10616 11039 11798 12406 13223 15504 15714 16203 17047 17083 18225 22710 23961 29756 30465 30791 43824 46969 56178 74054 78234 98398 105643
1337 1886 3045 3713 4773 7105 7113 8109 8165 9486 9870 10189 10661 11693 12109 13278 15889 16156 19141 20094 22107 24393 26681 33801 34207 51031 54426 55293 61573 64275 67334 86271 108955
680 1230 2832 3698 5377 5782 7807 8035 8171 8858 9325 9390 12655 13074 15176 16358 17996 20835 22987 28956 29384 31091 32873 34939 35869 41725 42670 43849 45146 54768 65752 67067 90925
884 1511 2071 2482 2667 3251 3429 4314 6274 9561 9764 10709 12638 13088 13107 13150 13394 16151 16561 19518 24388 26854 28100 29063 35330 41280 42736 43718 64725 72053 79180 90715 121089
423 927 2397 3939 4412 4689 5632 8316 10316 10639 10739 10895 12306 12408 12903 18084 18968 22672 24105 24601 29601 34000 36161 36699 36997 39972 47541 53515 54938 56510 70846 70957 74922
577 1508 1536 1789 1930 3372 3550 4627 5393 8233 9267 10127 10863 12026 12114 12510 15044 18090 25633 26098 26100 27123 32748 33601 37627 44825 49867 55070 56557 57528 67616 74127 91930
142 921 3303 5357 5414 6800 7656 7752 7773 8031 9254 9632 10290 14637 15742 20512 20993 23399 24914 25586 25817 26638 28217 30574 33065 45925 49209 56325 61839 62678 67607 84902 117561
42 662 3166 3854 3911 5987 6084 7236 8655 9875 10114 10280 11775 12314 14029 14875 17874 26601 32721 33444 34818 35187 35187 35618 37892 41484 48175 49748 53801 63152 69981 70031 74054
16 243 2472 2507 4114 5288 5443 6661 7415 8541 9353 12086 14086 15423 16081 16932 18312 20970 22002 22354 24634 27427 29235 31425 34078 36056 41939 54610 60622 63162 77309 84703 134442
836 1252 2074 2599 2896 4425 7945 10462 11627 11831 11897 16436 16666 17069 18517 20282 21280 23484 23563 24417 25334 25935 27572 32665 35487 39441 43326 45507 51898 57016 59152 71223 88686
294 1299 1656 1928 1998 2852 3186 5386 5862 6217 6991 7738 8776 8935 11118 12251 15372 16304 17630 20737 26322 26692 27149 27477 29167 31161 32688 56909 60964 66785 67679 73795 114900
452 1499 2509 2953 3942 4021 5775 9293 9699 9872 13016 13146 13216 15476 17938 19212 19423 22521 23608 24128 25192 30220 31337 40786 41669 41960 44322 47635 56692 60966 73459 81295 85601
1407 4111 5118 5348 5749 6290 6581 6784 7112 7423 8667 12286 12956 13386 14602 21338 23179 23682 23753 24341 25628 25963 26528 28996 30146 30890 39823 40025 45166 52506 58847 86592 92304
861 876 2692 3247 4911 5046 5796 8511 8637 8732 11890 12973 13386 13529 14710 16446 16671 17070 17721 21465 21822 24790 27632 30223 30606 31140 37486 45426 49854 58047 73928 89835 119109
514 2531 2558 2767 5423 5962 6835 7609 7642 9937 10211 10224 12173 15114 15925 16525 19430 19647 20180 20769 21499 24007 27511 33878 34158 37558 39245 39437 47603 48467 55167 55470 119378
502 1397 1464 1683 2703 2982 3821 6781 7159 11141 11926 12658 14358 14554 17395 17524 20204 22055 24418 27529 27707 28644 31733 32812 37580 37902 38383 41657 41823 44671 64314 65921 71711
62 1432 1442 2317 4004 5421 6981 8422 11688 11896 14552 15507 17208 17836 22265 23678 24022 25494 25716 27212 31503 33915 34778 34782 35399 35533 36238 44843 53365 58690 71871 72043 116490
2425 2737 5512 5957 7743 8528 9284 9363 11262 11450 11629 14024 15131 15282 17404 17464 18347 20699 23963 23972 24544 25005 26304 28036 40789 42464 44324 49033 52225 55702 64945 71869 73246
83 2157 2163 3258 3785 4343 7370 8044 10306 10747 11267 11944 12019 13234 14112 16402 16634 18014 18196 18931 20532 21135 23198 23351 25812 27280 28612 37313 40285 41501 62949 78617 155996
272 331 554 1096 2711 3496 3821 6062 6099 8172 8273 8697 11456 12745 13732 13888 15745 16334 21633 22445 23306 24977 25686 29055 35379 38315 40784 41937 51028 51567 57489 100127 177469
396 816 2818 4465 6171 7040 8695 8929 10608 12438 12696 13386 16058 16124 18238 18749 20940 21255 23368 23686 34405 36133 36178 38117 41375 43964 44055 46266 50398 52488 52736 54704 59033
1116 1762 2780 3192 5350 5703 8743 8874 9436 10734 12167 13114 13257 14772 19853 22545 23442 23819 24021 29715 32720 34328 35329 37181 39606 40599 46417 47158 47670 64241 64572 78273 95041
922 999 3762 6736 7473 7949 9096 9576 11511 11836 12097 13410 13938 14519 15995 16079 17723 20089 22840 23043 24501 25713 25980 27926 31930 35089 38438 38649 45478 48004 62299 69897 84684
707 1940 2342 3257 4134 5029 5713 5911 6672 7243 7965 9758 9902 10169 10242 10582 14781 15439 16040 16335 18974 30118 30357 33450 35316 35349 39502 49682 51052 60923 67460 91913 137969
148 1386 1564 2077 3399 5158 5378 6809 7278 8030 8395 9945 12060 13071 13161 14711 15150 15309 15486 17021 17503 17759 20000 22190 27972 36922 40835 50724 51375 56998 84564 85513 117639
545 4615 5611 5987 6727 6797 6810 8095 13276 13893 17736 18312 19638 20311 20554 21137 21221 21973 23889 27039 28355 28758 29844 30001 30388 30481 30872 31034 31414 42384 54568 63984 74761
913 1015 1975 3422 3862 3876 5007 7373 8559 8560 8839 9954 10494 12472 16181 17148 22241 24492 24597 28025 28370 29864 30097 31143 40366 42433 46956 53546 57233 63573 78111 87411 91801
933 1472 1902 2383 3285 3922 4773 7463 7827 10183 10932 11300 12165 16765 16835 17016 17308 17932 22153 23946 24072 25065 27406 28585 34687 38357 41712 44263 45199 59144 60409 72412 97475
2547 3019 3682 4205 4292 4447 5499 6087 7175 9579 9921 12649 13023 16448 16560 17267 17702 18606 24509 25517 27462 29561 30827 39744 41624 42553 43526 43774 52717 55688 61244 83885 94952
221 2492 2497 3536 3949 4585 5691 5813 6424 6564 7324 7534 10120 12946 12998 15466 16264 16555 16970 17921 20438 22066 23249 23716 24790 37788 39484 40047 46507 74614 76108 92059 129049
216 853 1509 2454 2851 3419 3695 3924 4012 6419 6545 6796 7464 8100 9886 10958 11760 12184 12836 13979 15871 20791 23034 23750 26149 33052 42524 44163 64891 73759 78410 95813 171842
108 395 1702 5833 6631 6677 8442 10615 11573 11937 13015 15604 15640 15701 18441 18623 18743 20555 22248 22697 27212 29543 33592 35375 35549 37444 43877 47900 47994 53907 54510 54646 56731
615 1866 2795 3588 7974 8073 8111 8129 9429 10297 10766 12298 14397 14499 18915 21400 23077 23894 24947 25122 31683 32705 32996 35350 35602 36245 43516 44903 53676 59120 61973 63734 103514
