1000 48 27
233 1525 2218 2319 3221 3330 3353 4502 7693 8595 8881 10691 18137 18634 21244 26304 28583 32814 42354 42965 48509 61819 62770 72881 87630 117574 121310
23 657 2809 5527 5928 8570 14833 15034 15402 16751 24119 24507 25973 27423 27602 31248 32762 32805 39402 40117 44371 45975 50924 58671 72363 81772 128930
318 805 1183 2710 3076 3278 6360 9241 10162 10870 11772 12626 16486 16655 24918 25668 36404 39416 39563 42622 47235 53127 59156 85467 97910 112222 137496
247 5564 5802 6373 7140 10005 12608 13494 14876 17810 25743 28217 30287 30834 31800 36673 37208 42471 46611 52060 52216 54390 59007 59947 61146 79335 84894
869 3481 4166 6034 8387 8869 12723 14226 14447 14531 18023 18661 21099 21389 23807 24075 31683 34486 39214 48636 49029 49827 56715 59318 77651 82522 93226
1695 2299 2774 2973 3083 6682 11005 12335 12857 13287 16019 19224 20066 21303 22765 22834 23176 31357 36276 39472 39708 39798 64265 72382 91413 106219 127078
5546 6775 7302 9376 11203 11788 14746 15093 15253 16394 17005 18098 18340 19024 25269 28416 34264 38655 38775 42978 46654 51208 52593 53569 66217 68333 90085
1475 1750 5011 6919 7379 7500 8023 8839 10882 14813 15602 18704 20120 20843 21635 26814 27045 27773 31475 38688 47702 54017 60477 65515 90124 107586 119582
512 699 896 1353 1431 2422 6184 6366 7137 10068 18290 20833 21143 22442 31950 34624 41085 43647 43666 44411 51061 58482 60803 62214 62227 76704 107855
1996 4671 5319 7918 8279 8614 11645 13573 15367 16817 17099 18336 22638 28424 31937 32293 33397 38145 39397 39548 46629 50437 51358 56893 75148 100554 125655
323 1269 2301 2705 9429 10037 10848 11622 12972 17098 19359 25610 25799 27078 27405 28351 31833 32101 34729 36174 45164 49542 55484 60506 65286 98255 118513
1746 4167 4239 5861 7968 10776 11840 13158 16000 18733 21191 25013 25643 26478 26630 28957 29765 32738 37450 43441 44468 44491 48310 49894 53218 82653 179862
176 673 1122 1301 5068 6000 8502 9610 12014 13205 14370 14524 23183 25550 25698 30950 33964 34679 43371 44712 53646 56770 59403 72301 72344 76925 108282
574 642 4654 4932 5348 6159 7604 8438 10232 10564 15772 17640 23305 26298 26954 27358 29875 31131 31168 33849 40440 48024 54964 64133 76980 85880 119013
672 679 2051 2560 3694 6817 7510 7700 7751 9614 10132 10489 11110 18268 20447 21602 24986 28257 33431 45789 46778 49504 95031 101859 103595 106785 112854
2020 3263 5537 7120 8298 9520 11604 12232 12670 13253 13678 15013 20704 23455 25778 29130 32278 33240 36088 37576 47976 61974 68127 77511 85054 88781 137411
1370 1930 1994 4183 6407 8418 9331 10370 11803 15211 15852 16062 17837 22392 26434 28157 30045 34086 36607 36983 39147 39886 41832 90128 103988 105400 118046
454 2121 4692 5994 6177 11265 12487 18682 19095 19306 23450 24242 24425 29143 31183 32086 34322 35814 38212 40975 41238 44448 61688 71630 76743 86064 87090
1486 1546 2481 2952 4779 6685 8093 8887 12208 13493 15481 17175 19460 21574 23325 25100 26468 33125 35039 38691 59689 69720 77557 79289 93514 96680 103241
704 1527 1884 2230 3799 8700 10231 11420 11933 13991 14705 19477 19649 33525 34691 40079 41756 46852 48095 49480 51679 54323 55829 61240 64529 76645 93626
831 1509 4066 8928 10529 11036 11124 11854 13347 17000 17178 20246 22357 23596 24784 28643 32429 34281 34441 36871 47265 49917 61747 64597 76383 88181 92786
2491 5107 6800 7409 8087 11047 11218 12538 13935 17674 17935 21743 22002 22332 25595 32579 33084 34895 35937 42050 48241 50357 51413 57954 64282 86914 114864
877 1911 6068 7308 7735 8021 8945 9119 10137 10672 11137 14951 16036 19525 20541 21004 22392 38093 46950 50693 51157 52776 60495 60712 69885 77101 127029
55 1509 3466 5908 7033 8265 10082 15719 17518 18705 18772 21295 22458 25142 30027 32248 42604 45403 45461 45732 54270 54511 58655 60336 75459 92583 115974
970 2534 4271 4461 5071 5081 11773 15766 15804 17658 18474 19913 21946 22714 23853 26518 28203 32180 34478 37553 38161 38213 38226 58870 68025 111214 128288
1098 1381 1478 3375 7213 7870 7938 9556 11722 12790 13930 20951 21874 24445 31550 35492 37750 39362 40190 41149 47849 50943 56653 57111 64641 82920 99678
302 815 2454 2876 13436 16063 17508 18821 20488 21151 21982 23081 23272 29541 29963 30412 30467 31708 35428 36631 36927 47009 52831 60417 62131 62384 100286
1752 2404 6597 8789 11424 11506 14390 15115 15283 16056 16476 19873 21681 22092 25088 27079 28076 31113 31465 38126 45739 49552 53950 66663 72746 74283 130123
1005 1750 2708 3830 4071 6598 7689 11368 16952 16976 20653 22547 24193 25964 28565 30098 31382 34982 39587 40607 43188 54362 56666 68166 82973 108211 113498
691 1001 1496 1880 5491 6294 8320 12227 13271 14446 14956 15716 19088 20805 20885 23930 27674 27768 35993 43637 43725 54365 58426 63431 66087 125328 155430
39 1155 1411 1656 1676 2100 2598 4733 5574 6487 8230 11019 11401 21279 23203 24564 28489 32610 39883 41625 45687 45768 63354 64190 95050 157475 161895
391 656 3035 6787 6897 8019 10016 11297 13641 13954 18216 19701 20243 20686 25792 26190 28474 32833 38838 43630 45268 45374 55177 65593 77399 87602 141058
1601 4585 6380 7559 8395 9382 11065 12323 12358 13161 17966 18827 24922 25059 27090 29165 30476 35660 43316 43333 44465 50356 67975 83394 93561 102517 105716
1198 2745 5758 7341 8503 10983 12456 18216 19024 21462 22093 24138 25486 25829 27401 27925 29674 30371 35543 46313 51239 52283 58422 60757 61890 68055 104790
1899 2652 3139 5272 9673 11117 11153 11575 12240 13404 17104 17674 18989 19256 19737 25668 26605 28908 29052 31889 39480 44250 59768 61181 70462 77769 191603
539 1737 1971 2631 4474 7786 10164 12263 13798 14076 15430 15627 17524 24180 27666 35006 37832 40548 43714 46106 47331 63040 65083 67166 68660 84688 93366
4205 4720 5981 6702 6874 7806 9269 11559 13599 14651 18582 20084 21261 24239 26803 32945 35574 36513 40020 40709 54722 55997 57873 58380 70244 77192 155542
1162 1494 1715 2180 2575 3614 5084 5680 9955 10260 11391 11789 12619 18181 21336 24915 25311 25740 34194 37415 37708 46374 67943 85269 107696 114813 200911
3996 6597 8177 9787 10553 14637 16279 19565 20929 22030 23522 24538 27218 27508 29020 32586 35760 35885 39083 41367 42043 46080 46975 55167 72895 78980 89779
869 2008 2905 4504 5786 6608 8188 8863 9383 12251 20501 21573 25281 28084 28698 31160 33429 35167 39714 40315 43252 44696 57699 67912 70660 72720 114765
344 581 837 1192 1567 3391 3971 5123 5224 5582 6974 10566 21013 21013 24604 25571 33331 44880 47951 54118 61155 63851 64984 76391 82042 91301 108634
323 1734 2818 4429 4726 5334 5359 13112 13175 14279 16940 17658 19363 23537 23784 23912 25178 32450 36547 38009 45983 46187 53930 62516 83375 92886 95997
589 738 1676 2951 3780 5384 13639 15260 15370 16346 16521 19978 21336 23126 23665 25493 28868 29087 29181 33691 34686 44941 53540 62494 62786 105445 121266
464 582 1485 2105 3343 5073 9438 10850 12257 12370 17018 20628 27954 28859 30171 36769 36913 37273 41634 42836 50973 56774 64523 65291 82414 82750 100759
512 1374 1842 3981 7466 8847 10019 10795 11590 13690 14235 15359 18935 22810 24216 24889 26411 27415 27917 30507 34884 46654 72672 97298 109993 110753 136639
1143 4063 4327 5005 5037 6421 9115 10076 11921 12021 13431 18974 20419 23075 23975 29273 30092 30434 35152 40910 42712 44110 48035 53538 62227 109536 138611
1619 5763 7105 7138 10130 10169 12741 17293 17619 19540 21998 22355 25505 25921 27524 28852 32587 37512 38657 42888 45063 50880 62911 75048 76497 79310 118969
1741 1894 3072 4186 9943 11185 13593 14079 14467 16184 16365 17933 18749 19819 22615 30300 32252 34750 36876 40636 44217 61362 62438 67516 82897 103241 119130
