1000 14 47
279 673 878 1086 1364 1819 2660 3589 3884 4456 4889 5059 7917 8568 8776 9156 9809 11437 12430 13942 13981 14593 14944 15900 16135 16302 16796 17991 19094 19749 20446 20468 25662 26875 31566 36426 36972 40092 42500 43174 47384 48406 50471 50657 51967 60370 84033
144 201 1399 1550 1696 1765 3123 3182 3379 3625 3936 4297 4915 5886 6106 6649 7923 8591 9309 10788 10907 11449 14722 17954 19054 20136 20230 22840 24396 25389 27534 28502 29234 31229 33655 34007 35952 38237 41014 42320 49425 49870 51146 51980 53596 60493 62101
541 1411 1802 2114 2164 2388 3167 3350 3505 3688 5751 6247 6340 6961 7414 7865 8272 8553 9974 10134 11299 11400 13272 13734 15517 15838 16202 20186 22131 24088 24922 24990 25837 26722 26859 31276 32615 33806 34253 35467 38056 42076 45727 57155 63520 68234 115261
703 1752 2060 3365 3734 3758 4881 5208 5244 6002 6275 6325 6959 7453 8230 8919 9175 10467 11558 12310 14263 16793 17056 18524 18991 19185 19275 19597 20240 21000 21265 23218 23482 23621 23820 24079 26105 27439 28133 37608 39534 44449 48901 60255 62660 83107 89892
35 358 994 1773 2144 5161 6234 6576 6967 7061 7978 8419 8598 8878 9006 9356 9374 9993 11520 12167 14226 14849 16912 17707 19110 19133 20043 21474 21833 22400 23987 27086 27861 28373 29530 32092 34133 38315 40434 40456 40810 43640 43669 45746 56959 60232 62858
1104 1162 1877 2166 2583 2647 3943 3989 4055 4163 4204 5555 5603 5636 5717 6124 6794 7608 7747 9852 11483 12477 12891 14620 15789 16164 18303 18477 21829 22605 22647 24073 25087 32568 32690 32959 33030 34416 35009 35462 35952 36023 59767 64985 75423 76741 81806
8 304 816 946 1462 2040 2221 2562 3657 5010 5025 6495 10121 10269 10740 11300 11366 11424 11782 12068 12445 12504 14655 15810 15987 17939 18496 19658 20124 20293 22336 23146 23372 24551 25572 25623 30159 33845 35746 36134 39438 40962 44481 49572 56000 67778 127091
185 466 1111 1237 1533 2832 2879 3142 3251 3545 4330 4538 6359 6388 6496 6968 6980 7192 7992 9527 10158 10313 10703 13370 14616 14892 15043 15753 16206 22482 28210 28638 29113 29212 29227 35482 35832 37130 38954 39216 40095 47797 48434 60338 65336 85726 86361
336 593 1029 1155 2125 2220 3015 3327 3630 4215 5203 5321 5394 5894 5919 6367 7097 8432 8440 8559 8929 9567 9970 10486 11912 12402 13387 13430 15500 18331 21093 21780 21783 25503 26287 27102 31959 32877 44807 48541 53529 65553 65928 66498 73508 74787 81170
759 1335 1650 1895 2528 3117 4030 4160 4474 4575 4708 5850 6068 6631 7502 7808 8019 8505 9234 11256 11838 14303 15436 16595 18008 18113 18544 19415 20115 22109 22457 23390 23875 25141 27309 30790 32320 34287 37428 38582 39063 43991 45254 46145 56706 71799 117000
394 410 550 885 1615 1941 3414 3670 3792 4136 4888 5369 5655 9354 11906 11995 13345 13966 15171 15958 16257 16766 17439 19847 20147 23751 24834 25668 26670 26834 26893 27079 28274 29130 30095 30535 31579 32399 32418 34314 36522 38582 49934 50090 51885 55095 62124
425 893 1155 2058 2397 2652 2925 3038 3952 4159 5083 5155 5715 6769 7267 7946 8310 8629 13988 14482 14735 14992 15495 15623 17999 18298 18313 18632 20944 21498 21841 22192 22599 28143 30460 35282 36098 39154 41019 42492 47017 47529 49731 53444 55011 62232 77373
240 887 907 1168 1768 1800 2565 2949 3391 3636 3654 5017 7620 8551 10644 10744 10806 11270 11455 12063 12600 13389 15121 15129 16190 17209 18556 18923 19052 20925 22782 25723 26499 31265 32261 32846 34340 35967 40938 41294 43665 49677 50259 50475 51510 54613 93697
199 826 840 1697 2023 3436 3889 4332 5130 5402 5697 6360 6793 7526 8306 9762 9835 10381 10810 11073 11952 12100 14710 15517 15951 16691 22269 22334 22642 22665 24647 25740 26587 27423 28585 29116 32516 37950 43639 45329 45690 52331 52691 55618 55897 56802 62498
