1000 35 28
316 898 4874 5245 5297 5868 6877 8204 9028 9146 10676 12317 15665 16468 19558 20433 21494 28178 28540 39538 49046 60601 61851 66484 73258 106161 117548 173562
1467 3179 7170 10568 11694 14919 17439 18408 19228 27854 28433 30111 30835 32415 33236 34414 36511 36975 37641 42603 44291 49026 49218 60920 61258 79677 81381 88013
1296 1965 2336 4131 6471 6708 7801 7967 8427 9580 15288 16812 17050 18239 32568 38314 41442 47467 47638 49348 63841 64840 65829 73099 78689 78756 84809 92724
1573 3402 4580 6073 8473 10311 10783 11084 12109 13514 15546 16694 19668 20444 26636 27469 29489 31657 32534 33342 39535 49373 57256 60537 88467 89871 111795 154848
1617 1945 2630 4293 5143 5476 6201 7929 10048 10391 12594 15395 15854 25608 28835 30213 36752 38625 47400 50486 50570 58914 69977 78732 89167 89641 92937 98988
149 809 6083 6364 10201 10520 15304 16436 16921 23482 25318 25322 28461 29232 32398 32552 33152 35727 42921 44228 49224 50789 51671 55583 77597 82982 84254 89234
1392 2102 2486 3154 4403 6492 7110 9949 11031 11886 13031 14136 15593 22576 24787 31114 33730 33830 35874 45426 52608 56552 60200 74437 78500 89945 101859 132948
164 1921 4778 9795 14656 15520 15837 16013 16698 17886 19638 21646 23145 26609 26963 26965 32350 33488 40761 45160 46786 55533 57481 64820 67761 73313 76321 129830
642 792 2519 3889 3911 6409 6822 8898 10805 11830 12080 12137 15576 20023 22196 25034 25984 27306 34081 45390 49172 58142 66308 72342 94542 97856 102422 153315
112 3718 3741 4669 5514 7292 7624 8541 9611 11726 16941 17672 19993 23938 30395 30618 44487 46200 46440 49413 52848 56518 65163 70954 74037 87358 89373 103086
3166 4158 4647 5359 6031 15238 18748 19600 20392 20490 24052 26442 26870 27561 30660 31685 32449 35049 39584 43669 43684 51272 51274 51725 72055 73110 76822 126382
1822 2240 3260 4738 6430 6637 7823 9055 9224 10678 11470 11603 13086 13957 23241 25144 31486 31539 38845 46331 51393 62698 65677 66729 76746 84429 98030 173182
1531 3126 4334 4899 4934 6298 8487 10198 13443 16857 17103 17136 17146 19075 21093 28476 35414 38919 38919 43239 49499 49739 54382 56193 60051 67267 146060 152798
950 1760 3506 4474 7051 10341 10514 14892 15081 15266 22377 26269 32459 36661 37582 37857 40180 41828 46738 47218 52194 55545 56418 60178 64644 72755 78229 86378
3267 5086 5088 5598 7533 9282 14053 14458 16664 19420 19751 20030 22526 23954 24024 24045 29088 31457 33254 42057 48486 48984 60039 67471 92495 93508 97693 101535
257 2683 2810 4745 6600 8147 11310 14656 16125 16560 16657 19726 24637 25171 27932 35983 38836 39266 41916 45099 46922 56691 58763 59275 71440 80274 95622 108117
2522 3269 4148 6613 7702 8039 8237 8536 9884 10744 12632 14656 15435 17572 17785 26016 28056 31784 34028 38964 44567 51559 62680 67173 68971 76225 109771 203157
542 1643 4264 5523 6027 6555 8772 9115 9634 14171 14330 15501 16380 17049 17634 17799 20191 27988 36286 37769 39505 49547 57969 59700 78286 79515 79860 254713
724 1633 2928 3435 3729 5237 5539 6019 8019 8399 13880 17971 20344 20348 21171 29072 33451 37323 37427 44414 45192 45964 51570 64590 73007 97508 105254 175870
769 3165 3938 6368 6579 6868 8359 9587 10853 13216 14956 18125 24018 24072 24525 28011 28941 30012 32860 33081 38673 55381 59747 84640 88298 89611 119513 125955
995 1364 3180 4039 4539 7891 9813 11586 12463 12645 13212 14130 17576 18180 21009 27131 28496 32449 49224 57950 59726 60168 63657 68476 69227 71641 83628 161660
1331 4108 5278 5306 7003 9008 12533 13608 17872 18262 18345 23755 29128 32014 35552 35783 36175 36853 39009 48592 50215 50438 57573 62581 63373 80428 90622 93766
395 1894 2212 3017 3407 3996 7905 8496 13421 15522 16207 18517 21661 21948 22479 24871 29822 33417 33937 34156 43240 44578 50116 51096 51499 70490 83263 267604
3088 4456 4593 7916 12122 12271 13362 14141 14264 14547 14747 18744 22951 23227 23935 24025 26688 33022 33951 43002 55335 56803 66537 67547 83787 88400 92365 112745
113 962 1561 1704 2432 5114 6594 11068 13207 13570 13995 16839 19041 26187 28226 31191 32619 33270 33430 44160 46961 49751 50883 52398 66979 107005 117947 153060
1409 4441 5092 6474 6494 8985 12814 24273 25068 27156 27180 29752 30742 32288 32781 32897 33244 35778 35903 39363 44451 48911 55210 57912 71210 78827 87216 93424
695 1198 1679 2641 5177 7452 10128 13264 13605 15910 16329 16976 18223 20364 27502 28814 30092 35015 36647 43356 45021 47537 48393 48860 66305 70716 137592 172579
622 818 1167 2263 3907 4673 5744 10783 14600 15182 15199 15920 18530 18993 19345 21537 24478 30886 35058 45438 47436 48697 49911 56124 71303 92769 101248 211367
604 992 3421 5851 7733 14353 14737 14779 14853 14941 15768 16134 20361 22510 26241 27287 30650 34141 39579 41562 47013 49510 66367 80236 80422 86400 94299 112959
693 2978 6880 7595 10642 11369 13183 14007 16217 21139 21468 25719 27477 30933 31707 32127 32911 33714 37129 41407 41424 42044 48240 62505 77412 84571 100743 105092
782 3244 3806 5660 9669 10977 11654 12147 12209 14561 16541 18714 20289 23953 24704 27372 29425 33780 35450 42579 51863 52212 54318 63133 70546 93442 122466 125187
1027 3060 3690 4344 8307 9441 10638 20572 21995 22118 22426 22917 25615 26489 26744 31083 40842 42095 44398 48922 50216 53070 57308 62722 72730 74693 74770 101427
447 1020 5073 6616 8230 9706 9992 12598 13203 13872 14473 16615 24401 24902 26870 27161 29510 30939 38438 38707 58846 60181 60946 66583 75175 89429 103415 124221
1725 2065 2345 2361 2485 5064 5925 7685 16354 18747 19764 24128 26631 33207 34975 42794 43059 46010 55746 56438 57450 57621 58137 63478 68170 71285 74799 90890
176 1453 1708 6515 7830 7987 11292 17889 20062 22360 23039 24507 27254 28077 28762 29691 32677 33255 40637 41822 43229 54272 54494 64747 73958 87113 98754 105620
