1000 12 25
882 1964 10062 10771 12035 12838 22909 23933 24000 24925 30762 34371 34852 35773 36391 36451 38723 38770 48076 52254 69830 70193 77426 102085 118965
1359 2147 2729 3314 3966 10127 13281 13975 16799 16884 18435 23500 25132 25896 26882 29535 32191 56542 59844 62001 81786 87101 109961 121043 127412
487 2752 4151 4994 6161 10386 11648 11938 13790 14107 14391 14761 25982 26037 35260 38062 43812 48367 49589 60806 65165 83792 112902 117904 149239
4314 6222 6866 10855 13526 15960 16296 17032 18916 18975 20292 20536 24923 25687 29331 32521 33081 34746 40867 45645 61662 63054 113517 118616 177644
106 1415 6468 10135 13266 13461 14925 16874 19490 21592 26819 30666 31375 34103 39456 40046 43154 49712 50835 62956 63260 83607 86228 86366 115918
19 318 985 1162 3689 9062 11015 11897 13634 13727 16279 21506 26488 28265 33779 38904 42132 46392 50876 65120 80686 90983 98352 122835 146196
6432 8447 8537 10540 15298 17524 18566 22695 23077 23347 25903 26591 27421 27524 43148 43222 45981 46630 51338 52671 64881 67902 76770 91965 109134
1011 1229 1806 7171 7954 8355 8646 10188 12964 16777 20312 21346 25341 27042 30155 31546 32374 33642 44051 44293 47169 49757 114496 137273 231653
1648 4099 6343 6882 6990 9891 14185 20362 22676 25058 27270 27618 32300 38815 39448 39742 41960 43334 48897 52993 76042 77437 77756 102235 128225
640 3104 3370 3654 5925 7633 10193 10259 13296 19063 20427 24698 30057 33293 34203 37226 45630 47258 48872 57788 59307 61827 68696 90954 244902
3192 3547 3980 4122 5866 6545 7971 8677 10566 12007 16454 26122 27498 29437 30198 33549 38768 62019 74317 80498 83249 88187 93660 99034 116493
372 2585 2613 8161 8704 8888 10468 11416 11628 12134 12458 17322 21023 21790 26169 30536 34794 39039 51554 61133 81018 97346 112375 119883 170042
