1000 41 43
352 495 1695 2005 2037 2175 3939 6128 6318 6431 6707 7249 7630 8626 8655 9339 12188 13124 15552 17274 17635 18444 18781 23553 23840 25324 26336 28942 29497 30017 31061 31864 33213 33859 34214 34801 44335 45899 47072 53107 53547 80515 84128
285 2107 2399 2416 2758 2851 3403 4241 5967 6040 6866 8061 8191 9879 11108 11537 12743 14402 14757 15829 17788 17883 19740 19907 20382 21809 22715 24918 25287 26146 27063 28933 30613 30876 33500 35878 36343 40891 51215 65530 70554 73524 103893
330 941 1107 1394 1442 2351 2563 2595 4602 5279 7189 7798 10609 10624 10744 10773 11120 11959 14501 14744 18170 18730 19119 20843 21249 23133 24887 26537 28503 31725 33465 33858 35956 36586 37125 39956 42287 43531 46866 57415 59066 61894 94939
1475 1764 1979 3531 3731 4650 5846 5961 5999 6320 6661 7005 7792 8473 8587 8817 10151 10290 10533 11065 11723 13917 18960 18976 19333 20650 22196 23170 23558 27893 32021 32113 33727 34260 37521 38443 40140 42199 49882 63394 71741 73726 113293
173 257 1708 1754 3816 4617 5166 5307 5487 6236 6853 7231 7999 8333 11452 13673 14665 17985 18244 18359 19037 19079 20896 20980 21790 24288 24295 26527 27409 29378 29633 31238 33886 34240 35068 37961 38726 52058 53317 55347 55783 68281 72461
1230 3001 4168 4683 5429 5515 5749 5751 5804 7080 7230 7468 7612 8195 8270 8567 9093 10280 13315 14558 14878 17110 18692 20439 22510 23120 23393 24419 25183 25193 26396 28584 30543 36183 40936 41234 45142 48645 51023 53929 59999 76479 98219
227 2673 3644 3827 4894 5271 6598 6765 7151 7284 7659 8129 8776 9234 9404 9874 9899 10403 10631 11182 11733 12758 14598 14810 14925 16320 17893 18628 19115 22133 30993 31896 32857 38523 39496 39673 45107 57311 66318 68628 70248 75105 86212
273 327 419 776 798 1023 1564 3728 4033 4944 5099 5702 5942 5991 7081 7820 9550 12108 12380 12504 12548 13736 16708 18058 18304 18390 23562 23641 23669 25064 27645 31284 31624 39998 40242 47652 48817 53655 54570 55943 58582 70916 131023
878 1053 1600 3725 5158 5327 6328 6942 7301 7624 7990 8120 8969 12009 12085 13203 13346 13403 15898 18030 18751 18819 18970 19485 20814 21738 25658 25840 26715 28764 32305 32939 33144 33418 34164 34928 35038 47728 50422 54518 57030 57959 92201
44 165 936 2516 3446 3874 4111 4547 5800 6099 7674 8960 9097 9135 9436 9792 10425 10626 13361 14824 15357 15635 19229 19732 19827 21849 22693 26493 27750 28360 30382 31968 38645 41141 41562 42720 45967 46437 48217 51241 62868 73257 84827
419 716 1508 2329 2577 2580 2651 3462 3626 3801 5245 6340 6737 9378 9817 11157 11506 12615 13302 13591 13684 14033 14819 16801 19784 22224 22234 23351 24427 24932 26284 26960 28556 37564 41635 43941 54457 54614 61566 62960 66177 69778 101296
2929 3215 3735 3961 4430 4838 4867 5099 6233 8208 9758 10488 11261 12967 13737 14416 14874 16437 17132 18449 18531 19680 20210 20727 21375 21451 22781 22858 23047 25641 27518 27836 29341 30382 38803 41728 43024 43823 46995 47594 48751 63600 94701
107 714 1206 1449 2538 2727 2866 2998 3254 4425 4553 4898 5387 5447 6519 6735 7160 9784 10756 10868 11240 13196 13213 14432 19375 19628 21502 25266 25492 26373 31045 34285 39065 41844 42096 42738 44853 46588 52442 61607 75692 95915 97226
427 431 1963 2183 2665 3793 4395 4449 5478 5883 6314 6468 7149 9133 9247 9660 11268 11711 14849 14968 15266 15610 20222 21678 22712 23135 24697 26031 28062 29046 30278 30894 31192 32348 33760 40621 42067 43862 46591 47560 58289 61957 131150
585 859 1611 1689 3888 4226 4526 5575 6716 7085 8212 8247 9430 10213 10247 10421 10953 11911 12064 12368 13616 13918 14053 15336 18305 19660 22014 23934 24104 24171 26678 27462 27816 28434 28909 30057 41800 44001 44616 57466 70299 79093 156532
399 464 529 629 657 1230 2862 3037 3618 4448 6095 6969 7756 8261 8558 9858 10683 10733 10776 10870 12816 15529 16007 19891 20238 20676 25542 26357 27308 27826 28548 31409 34868 35964 39353 42086 44105 44161 51005 54377 66011 73556 127191
1332 1602 1730 2072 3212 4151 4584 5381 6365 7780 9519 10000 10438 10560 11362 11389 11872 11917 13076 13649 14207 16125 16509 17843 19233 19576 19732 24199 24232 24833 27054 28132 28438 28648 30376 39561 40728 52176 55795 68368 71296 82697 93016
16 198 226 1480 1610 1652 2446 2475 2621 3395 4373 4629 5264 6064 7826 8878 8960 9362 11503 12957 13163 13754 18248 18727 20908 22996 23571 23596 24866 26049 26211 26368 27096 30558 32150 32427 34819 54026 63394 66795 78355 103585 114166
69 435 1833 1893 3354 3815 5983 6136 6184 6403 6467 6729 6864 7318 7579 7971 9824 11937 12137 15241 15264 15390 16041 18545 19954 20463 20482 23458 25001 30012 33795 34738 35060 36066 36579 40483 44775 55054 58652 65563 66467 71877 80481
928 1605 1644 1828 3036 3286 3950 4548 4968 5497 5997 6118 6831 9615 10484 11032 11896 12489 13491 16319 18779 20396 22994 23154 23618 24115 24749 26915 27384 30510 31527 31952 33048 33967 35293 36100 43682 47695 52189 53313 67470 69839 74797
710 801 817 1549 4559 5163 5230 6726 7903 8650 10120 11251 11607 12531 12928 13532 14785 16109 18437 18485 19310 20811 20864 22115 22332 23916 25639 26396 27485 29121 29856 30522 30728 30831 33406 36866 40847 45955 46840 49909 53358 65597 79705
588 825 2230 2501 3353 3457 4731 5037 6152 6294 6555 7345 7775 8017 10273 10587 11875 13996 15446 15992 16042 16540 17989 21621 21981 22108 22691 22890 25911 27368 31258 31658 34218 35385 38628 41426 42368 44750 59052 64004 66128 68462 76113
286 468 641 936 1628 2119 2745 2829 4142 4163 4850 6542 7348 7661 8843 9559 9842 10022 11945 14585 15635 17195 18555 19627 19710 22132 24157 25031 26320 27581 30775 31038 31625 36080 37580 38841 45213 51399 55433 59089 66451 72981 105697
151 195 1607 1879 2665 3212 5057 5262 5768 5943 9405 9482 9716 11673 11883 12408 12583 12725 12960 13817 16109 16831 18153 18496 21025 22328 22616 22759 23113 25206 26064 26493 26804 29034 34067 36691 39376 40331 46216 55109 68890 98962 109685
664 2309 2568 2674 2924 3581 3946 4428 5318 6168 7162 7181 7236 7587 7618 9240 9274 9575 10952 10958 12872 15880 16730 18017 18258 18305 19209 19311 21826 21861 25379 25909 31928 36715 40790 41408 43933 45696 46602 53450 64832 83051 144783
311 335 758 960 1695 2104 2995 3269 5496 7407 8578 9232 10327 11119 13087 14013 14916 15751 16440 16968 17509 18159 18830 19181 20667 21860 22888 24077 24858 25268 29863 30116 30820 31372 35507 42755 43575 44007 50943 51452 75589 76700 78939
192 337 414 1007 2040 2076 2204 2405 4020 4371 5162 5432 7702 9376 9622 9694 9775 10549 10693 12024 12471 12572 12984 13770 15789 15911 16135 16546 17798 18399 19724 21069 22228 26128 31337 31653 41086 62796 71937 85261 89819 110484 113029
93 1252 1295 1708 3253 4377 7024 8395 8784 8883 10470 11134 11529 11860 11974 14150 15402 17286 17956 18585 19329 19348 19690 20426 21186 21874 22140 23532 23735 25746 26824 29512 32485 39014 41658 44390 44411 44657 47766 48463 60267 60595 71693
114 225 1001 1476 1502 1761 1841 2124 3571 3727 5752 6615 7634 8202 8567 8822 9629 10590 12919 14208 15860 16135 18553 19445 21019 25396 25401 25839 26784 28249 29803 31607 35319 38779 43258 43358 46598 46782 50037 54871 69787 77358 94985
67 450 873 1377 2725 2995 3721 3779 4086 4261 4345 4780 5360 5371 6173 6622 7230 7763 9614 11639 12661 12890 14086 16897 17324 18761 19251 22410 22526 27486 28533 30334 30662 38171 40325 50104 53578 55044 64256 68479 82828 83198 85187
635 5230 5283 5695 6008 6303 6303 6599 6654 7218 7252 7323 7564 7640 8799 9865 10375 10630 11651 12368 14042 14416 14947 16970 18086 19434 22688 28915 29444 30954 31290 32143 33868 33948 38706 40201 42725 45991 48389 55041 68766 71466 85701
621 1425 1898 2215 2358 2983 3494 3782 4012 4495 5157 5307 9492 9599 10023 10279 10406 11379 12542 13572 14114 14534 16975 21022 21285 22625 23601 26166 27116 30558 31547 33214 40172 40203 40212 43220 47067 50657 51777 55869 60808 71844 80453
131 1190 2343 3583 3620 4042 5056 5652 6908 7022 7143 7313 7805 8511 9564 9738 11318 13220 13302 14133 15519 16867 17703 21194 21380 21738 22662 23042 26247 26324 27981 28000 35531 37740 38176 40281 42709 48582 56563 61465 66409 72852 79717
700 1248 1698 1714 3081 3445 3680 3890 4864 5309 7793 8789 9306 12571 13356 13672 13884 15113 17784 20046 20791 21198 21295 21568 22142 22655 22687 22728 23397 24012 25257 27766 28474 28726 29793 38331 42256 45797 47125 50328 63748 79247 97106
20 299 497 572 1845 2526 3291 3335 4240 5083 5344 5671 5731 6023 9742 9772 9803 11247 11565 12484 16563 16891 19368 19705 20654 21998 23175 23379 24340 26676 27049 27831 28502 29286 30474 30708 36406 36433 44904 69928 82272 90734 135312
193 258 1020 1041 1051 1270 2366 2801 2814 4904 5141 5529 7631 7873 9400 9729 10603 10759 11136 11813 13481 13656 13972 13988 19576 21627 21963 23988 25075 26133 27976 28354 28970 32602 35308 37121 41114 51352 61374 69360 75030 88594 110374
1918 1937 2345 2371 2376 2668 2872 3026 3607 3674 4067 4572 5578 5896 6553 9367 11179 12128 13324 14447 14655 16284 16527 17113 17512 19994 24269 27839 29450 30156 30460 34108 39014 40556 41782 43326 43951 46143 50786 62245 62467 71443 93866
48 225 1832 2128 2815 5749 7715 7904 8076 9538 9551 9634 11387 11987 12355 12400 13291 13764 14264 14379 15184 15588 16888 22097 23837 23855 26716 27204 27795 30431 32017 32806 34543 34968 39517 39924 41303 41495 42533 43692 46476 61454 105432
1 437 521 552 3092 3266 4426 5447 6561 7468 8367 8878 9158 10593 11218 12515 12653 12931 14129 16759 17062 17136 18350 18848 18908 19797 20411 22532 23018 23676 24183 26496 27872 30793 38269 39991 42513 48475 49879 60069 67358 83001 100149
41 134 1428 1663 2162 2869 3686 3704 3754 3877 4064 4130 5667 7989 9025 9922 10522 11214 11400 14360 14811 15673 17613 18167 19310 20170 20636 24341 26673 28410 29659 29695 34584 39295 43385 44008 51200 53018 57340 57934 69048 78085 84180
577 711 1523 1709 2936 3425 4221 4380 4437 5708 5954 6534 6766 7387 8611 8620 12427 13203 13436 14326 14470 14833 15985 16094 17895 19295 21524 21980 22397 29594 32160 35171 37401 44001 46914 48550 51010 53694 55372 60468 68775 69234 71511
