1000 40 20
314 6174 6544 10192 15523 23087 26167 28113 28487 34880 35357 37483 43301 43935 49131 54100 67411 78413 94484 170668
1439 1686 5143 5586 10168 17255 19463 24593 25419 38899 41724 43215 44792 46078 51522 69172 75560 96744 107487 181617
2079 3883 10669 11675 17604 21126 23478 24525 26771 28015 29356 30541 43854 53993 58778 73516 83732 96678 110865 135219
17 81 4256 5086 6534 15143 23490 25122 33293 34895 44734 48707 49012 57617 66623 67964 79280 90650 118943 142180
3993 4463 7811 12929 14546 15474 23723 33054 36911 38147 38437 41169 43791 43882 54059 54243 55577 66843 90526 139836
1820 2513 6686 8405 9404 10044 10286 18449 18478 20178 23649 42326 43507 51799 59046 103973 107023 107883 124377 131561
3462 3765 6535 14316 15280 16700 25197 25267 34001 37144 44349 48184 50285 51699 71241 73429 76785 77333 102398 110700
88 3142 7171 16754 18883 20405 25377 36154 38925 39634 46617 48221 50153 53580 56293 57600 57685 96699 98461 123637
964 1783 2232 5922 10421 11096 24463 29594 31135 31278 33887 34872 41747 47150 54352 64737 93647 102541 118250 162462
6282 6296 6582 6773 9105 10324 11283 13726 14169 21755 23279 37659 60287 64321 73117 73752 98996 108173 119574 150445
919 1778 6367 7583 7725 9143 15775 16163 18762 19768 19792 22456 24183 34506 46606 57967 65135 125418 141479 279428
3844 4250 13129 22045 22368 22869 23604 25515 38095 45648 52259 52969 53568 55898 57848 59057 62446 81213 93025 124092
3160 5267 7781 9556 13026 13836 17231 19867 24805 35962 42921 43054 43575 45908 49678 55543 71756 72249 72819 178443
800 3517 3924 6339 11727 14696 19549 25200 36509 42226 42989 49241 49749 56745 57246 60208 60848 66414 70876 159387
321 2069 4679 5191 8377 8670 10727 18536 18702 21869 28459 30716 36610 45587 47931 62006 63547 67581 137214 266969
432 6001 8546 9417 13115 17584 19480 22285 23671 26563 32320 37755 42836 43486 49813 53326 58968 80738 167359 178791
2577 4408 5355 8630 8914 11393 16938 18357 24256 29066 32596 33736 42677 46008 53076 76008 78689 87573 91839 235225
9888 9912 11040 15202 16174 22506 24490 24764 29604 29784 36136 39274 43758 57908 58009 58124 60301 66748 81580 120105
176 1034 1428 4834 13740 13883 14091 14717 14823 27368 31735 38801 38961 41849 47522 64712 88665 112584 122970 228448
1623 2213 3484 4743 5906 7863 9636 17443 28827 29200 29698 35051 44003 53110 61102 70419 82562 90215 105930 167514
713 1046 1631 8185 16389 17722 26534 33049 36437 37930 38621 43360 51718 53669 54676 55036 61225 76989 136583 141551
1186 2440 2795 4181 11977 12942 15006 16104 16987 21588 24129 40302 42257 45344 48959 49720 58445 69570 132697 193644
3611 4725 5389 5437 5728 10634 18087 24312 24874 25818 26951 37940 46010 53618 68020 71424 83538 85050 90989 141006
3795 5816 11095 13299 18492 20638 22987 23024 23477 33026 33176 34537 41771 50482 59194 67075 70744 73453 80126 126349
4726 5549 7777 18274 19858 22587 22626 34173 34932 47997 48145 48924 49489 50749 58343 61383 68099 72224 81878 115034
4745 6546 10139 10362 10806 12977 15540 16686 19012 23152 37082 37278 48061 48486 52342 72056 77864 89659 113305 176341
420 3644 4939 5322 23036 25178 30978 33314 34896 39231 41651 44952 55300 61166 61562 69802 71688 77597 82671 116007
1931 2349 6252 8326 14862 19852 22652 23365 28307 29658 31425 33842 52702 54549 72936 73530 86536 97145 106785 123000
2682 2744 3607 11745 13005 16092 16131 18012 18491 22137 26171 32440 34894 35541 38270 41395 52275 105671 124795 199174
2841 6246 12112 17580 21823 21985 24256 24968 26957 28305 28529 31007 32848 35288 40263 44568 53045 55721 157300 164895
720 2770 3779 6472 9444 12171 12607 16140 20362 23906 24174 35147 56850 58367 58390 60167 71835 90905 110642 148891
4922 8354 14905 14992 17948 22466 24453 25121 31874 39623 40514 41043 44969 47012 56596 60790 76183 85965 95879 132568
6310 7077 7720 8651 13026 14489 25653 27323 28016 29384 30419 33187 34110 35517 38061 53660 64265 78309 124541 234925
341 2381 6019 9781 9954 10496 15480 22830 25838 33343 37560 38988 39216 44075 48602 54716 69577 74521 125651 252464
1311 2382 3351 5666 8866 10259 17106 17668 29963 33944 35896 39651 41102 48939 52414 54674 68617 91960 130067 182556
2983 6240 7545 8861 17387 17640 21307 23087 24871 25742 32766 33131 35078 45522 49801 71320 75542 78833 82458 156852
2118 2226 10189 15269 15643 16265 19432 21113 25119 25466 27218 38787 39052 40220 58466 61940 62495 83367 87096 227909
1061 4431 4883 6696 7446 14640 17108 20113 20320 30071 37494 43400 52571 59171 60567 61754 63444 75330 89514 184038
209 297 2232 8963 11752 19789 28398 32145 36936 37182 37506 42134 44746 50404 58327 64874 91816 92567 102601 106763
1100 11717 13142 18392 18497 18930 19012 21548 24921 25522 31516 34975 42056 49386 62822 86439 87606 88210 97059 126671
