1000 10 18
6103 6500 14056 19353 19884 22307 24593 24638 26132 32197 35701 41592 43688 48484 65437 88418 120013 139578
161 1660 2071 6780 7306 17776 23959 29353 37387 50344 53781 54757 58317 61933 67950 68547 151819 175111
2977 3560 3668 7894 14407 16102 29593 34071 35939 38623 45574 50790 52171 59279 61605 78598 119422 146750
2032 3767 6660 7190 8858 10668 14252 16878 18079 20818 26269 26494 33862 55620 61876 96917 110638 122695
785 2845 6426 9769 12926 13769 14520 14567 21269 24192 31306 36892 49244 50694 52958 94184 102898 161115
529 6141 10162 15272 17398 18240 18564 20249 30468 31670 37709 38196 48853 54100 66562 82512 83474 123982
476 4912 6063 7954 12512 15920 17493 19466 21630 22089 25972 43227 46109 54146 79494 106947 128379 168675
2733 12301 16703 18961 24970 25949 31501 32231 32458 32976 33294 44524 48472 49363 52939 59143 73917 125323
1935 2048 4839 5214 9167 11961 12106 23149 23354 27481 28698 36426 45776 68463 97196 101479 183570 193366
2853 3758 7736 8746 15540 21419 28321 28449 28864 32192 39700 44620 45641 86303 86361 100637 105168 144657
