1000 27 21
639 1043 1044 1080 5620 8580 15574 24130 30844 33063 36714 37417 38289 38508 38789 44200 48129 58001 86321 88289 149529
885 3926 4635 6808 11811 12048 13033 17918 18343 22360 26618 31763 39256 41812 44121 50376 77759 89243 94776 97122 110564
1503 2541 4947 5398 7186 12112 12861 17609 18602 19323 20223 30995 42388 45913 52511 56214 60772 62932 69936 100074 103174
2015 2760 2825 3780 3866 4349 7687 9422 9516 11100 14100 18714 18850 21995 32179 49028 61679 63937 105855 114821 182771
2638 3691 3960 4448 6744 7367 9577 9972 11222 14797 19956 27072 31013 32043 34771 40669 54276 68565 75033 95432 174011
284 287 8148 14119 16010 20990 21334 26093 30538 32014 32942 34116 44442 45172 45580 51581 52040 77332 79818 89307 100317
1181 3927 9876 12538 12682 16243 20563 23739 25206 27389 28847 30585 34890 34983 39082 49543 52339 64282 80063 88960 167230
611 998 3360 4082 6742 7071 7792 14360 19049 23945 25255 36350 37284 41236 54810 58982 61356 62222 71467 77536 160503
40 647 698 1282 4614 5477 10754 26297 27913 34386 46224 51127 51837 52481 53075 55702 57791 60254 74683 77729 88483
957 2258 2534 6726 7953 8858 11865 14282 19960 24469 26433 26607 32201 43295 51914 53855 68876 82432 85305 99516 151184
3565 4774 5058 8511 9125 9125 11391 17565 18549 20104 22763 22943 26765 34197 34239 35406 47553 64161 78557 94125 149662
492 976 1821 2524 3243 4900 17426 18942 23115 26547 32829 48289 51426 56897 64845 75099 80599 87885 93287 94624 96227
1532 1626 2157 2391 2728 6716 8199 8954 8958 13305 15888 31983 38280 41368 66923 77171 82219 83386 84327 91033 122752
865 2512 3474 6769 11410 11898 11988 12489 13993 15923 17004 20869 24563 28196 30038 38766 47888 53975 71085 132159 205335
995 1186 5759 6170 10935 13147 13585 14171 15571 22595 23876 32291 46067 48313 61851 67320 71502 78260 86934 104922 152290
5 50 4083 7515 13430 14523 14895 21973 27616 27848 30153 32390 35711 41384 46286 58484 58709 73513 77625 81156 101194
1857 8709 12183 12307 13439 14442 17709 19120 19694 22025 22719 25144 27012 37325 43092 64296 66321 85203 90098 91395 120091
712 3165 3909 7105 8093 8784 9171 10653 10690 19395 23216 33032 36491 41404 46443 50959 54642 60980 79245 80574 93243
1577 4111 5045 5684 8337 13866 15150 16663 19639 20337 27031 30900 40263 42974 46757 63830 75182 84623 87906 99276 116928
210 495 5379 7309 9587 12648 14484 17422 18614 20309 21585 21967 26503 30608 32718 67924 71981 77947 82134 107521 161670
1618 2348 3443 4567 8674 10273 13025 18582 31619 34449 35151 37498 38049 38143 41284 41455 46979 50370 56669 78443 210704
896 3214 6818 9162 9405 10933 16872 18189 18336 21921 22059 29194 34010 44722 46191 52721 71049 75056 87421 111082 126393
5496 8618 9432 12962 19795 20094 21304 23473 25586 25683 26130 30515 30730 37008 48821 50266 55952 86052 90361 91709 147792
2481 2686 11344 14343 14446 15346 16224 18391 19280 20266 26492 29313 30094 31251 33543 38665 41450 45866 55472 71046 153982
527 649 1723 5800 5884 9221 9486 15255 17301 18351 19741 24854 30560 37378 43843 45006 45874 50908 61809 76315 281932
5521 6410 10366 11446 12223 12958 13999 14674 20270 25333 32833 35061 38296 39998 48871 54363 65825 67764 77110 100441 127732
4083 7823 11667 13013 16353 16606 17222 18323 19457 21188 22176 22809 25357 28156 31532 37413 49974 51878 57749 162301 202088
