1000 11 22
3206 8260 13449 17464 17577 20196 22067 24424 26537 29228 29899 34122 36886 41890 46462 47766 57299 60674 86991 100305 104014 143511
3975 6116 7851 15654 19149 19269 20175 20908 21101 28319 36153 38576 39298 44602 64864 68805 70446 75903 75998 88506 89847 103589
119 2291 2570 4406 9611 9717 12429 14273 14462 23728 26542 31215 38651 39173 40915 45364 60251 75911 82741 123790 129818 168197
191 530 687 2383 3031 5508 10218 10972 12952 17683 28241 33389 39747 46355 48815 59231 64590 66000 68157 127693 129561 177615
10767 10922 12032 12378 15017 16634 17983 20998 21960 27141 33263 35858 37397 38840 44684 46833 48907 52710 58290 77546 141711 191196
3242 5711 5860 7625 9262 9392 15130 17167 27961 28240 31808 32751 35095 41438 56494 56666 61353 71159 92822 95639 96515 160907
74 2858 4264 4339 7861 15310 19484 19600 23831 25258 35919 39332 39561 41189 69202 80553 82976 83561 85500 90185 94075 105460
1523 2394 2629 7544 10210 14162 16070 21994 31298 33047 33732 34294 42201 43467 50603 55583 56428 57515 76107 84266 133755 169638
996 2919 4520 6049 6369 7738 11132 12208 16000 18108 31811 36930 47331 53974 59044 61539 63024 65182 82088 90072 139577 139681
639 1694 4205 6738 9964 17704 20188 26221 27867 30064 30080 31697 34067 38458 41085 43555 47976 49952 60003 107099 114631 205916
277 2358 7478 8073 8189 8978 10051 21974 28469 31949 35613 41617 42938 54748 55176 62892 67001 69767 71601 87724 122704 131554
