1000 37 11
11320 13158 14567 21284 52097 75933 78977 94654 138822 221042 265486
2450 34790 34867 37656 46349 56807 74590 87889 124894 202201 287748
19354 20493 38515 53854 58808 84187 88610 88763 147396 181499 207886
1528 10350 12537 16332 23565 42477 47317 130798 145793 166135 396661
14312 40813 46114 47181 56736 81160 92253 101047 103355 184859 214487
2727 15586 33103 35491 62907 71827 82427 134168 152534 153165 245008
842 2883 8932 10014 17866 43274 58464 70867 120605 227628 431103
4591 10727 12153 48077 61030 72977 92363 116236 123951 180958 261170
20783 46146 58880 72320 75899 84204 85440 101054 104257 133436 205759
3743 12474 16119 37526 40271 71306 125716 135639 138987 195007 211469
9077 13688 30242 31453 87971 91511 92769 112433 114464 153287 252456
7969 11331 15646 17430 31951 42164 90311 112718 152297 193360 311721
2559 4118 6250 38317 55660 79871 113916 116103 138320 149144 279957
12241 18796 27018 32386 39876 66386 102106 111444 148034 174782 249397
22226 22664 32555 51158 52188 61489 82311 119884 125746 138968 273901
8394 33405 47419 53009 57768 59694 98064 129943 144608 162284 196601
7023 7705 8035 16108 44197 63469 69394 92945 129097 171191 381598
8167 36527 53710 62438 64831 84066 87152 93323 122207 147936 223162
12 10947 15779 17691 43141 81400 97651 102813 161052 196270 266356
5308 31667 31913 40107 42955 44551 53746 86949 181160 186464 284149
4373 28780 31927 52020 66054 114276 116467 125148 146054 151189 152307
13097 18157 34615 55492 78962 84030 107488 126538 132145 147150 187754
9638 12424 26596 35222 65542 81469 89447 95942 171177 171714 224707
1047 4725 9168 31435 62085 67065 92908 138956 140635 161361 281982
20195 33809 47342 48184 51198 56255 59882 114149 116162 141618 302166
5569 20275 27480 29616 30426 50962 79306 105757 155408 194307 289791
18258 18742 24208 25964 33115 72244 89026 114623 153381 160999 276448
13044 22547 24345 25471 31443 67709 85265 86205 150038 182609 303916
10717 30550 50254 53033 72294 76215 102627 113088 146405 165451 166116
324 733 11141 32006 33866 35253 132926 155919 169254 176997 234808
8370 24924 26720 34748 45744 56633 83472 96552 189257 196725 222563
1758 18898 34053 37419 44877 60622 89402 95689 166367 212013 224863
2342 11047 12194 30201 69841 105246 110803 123033 169618 169876 182754
5723 9298 10359 30978 55975 57362 82234 111234 119849 208860 300327
7938 13329 27812 47765 73106 75535 78524 82800 85418 153910 343891
2740 23024 28471 41290 57133 65024 87380 115128 172446 192424 199954
2922 24771 27440 50776 74733 89993 99832 112646 161442 171332 177746
