1000 46 22
4703 5058 9042 12686 14245 20758 21083 23610 24032 26130 26699 28676 28858 41459 46221 46963 50181 62055 65310 115312 116379 130830
1259 1991 7899 10276 10747 14576 17630 20686 21657 24060 25251 31286 34720 45846 46087 47097 55689 61272 62220 90003 108517 124794
1265 4292 8364 11140 13632 14728 20432 23741 25724 25789 31020 31282 37982 38201 41649 45559 50768 55616 66392 89190 102690 181581
1060 4234 8735 9343 13240 17697 21321 22869 23592 25924 29366 33628 35471 44894 58877 65905 67027 68940 79345 87880 105520 115242
1006 1552 1797 4318 5269 11421 14469 14511 16708 32901 33366 49813 50863 52308 57812 64082 69424 71389 76742 80495 87731 97453
603 2266 2432 2637 12672 13963 14220 15561 17487 24214 24970 26192 29114 41784 51850 60882 64715 77486 79561 104557 108673 151463
3393 6215 8652 10995 11900 13613 13915 14778 15518 22201 23796 30566 32356 41889 42600 49500 52754 54384 83415 89941 116336 171370
3149 10182 11053 12728 17697 26139 30127 30186 30359 31549 37408 38843 42074 44988 47818 48014 51644 52973 56110 60259 84623 93989
1986 2186 4715 4811 9925 10633 12991 19422 19469 20223 20325 21302 27365 28855 32870 36146 44082 72952 79716 110210 125249 171579
1566 3620 5772 11149 13841 17433 20034 20722 26173 33247 35925 37222 46342 48391 54347 55977 56819 63886 83440 84598 93613 134973
472 1204 2202 6978 7142 8497 13451 15813 17998 19069 19777 23254 26852 35304 37850 44307 56766 60359 63124 70210 103512 269649
880 1809 3596 4228 4612 6074 11560 14865 15642 24442 32813 35795 46814 55280 58267 62900 67869 70937 74442 99856 118959 135734
462 3881 5171 7256 8008 10485 12655 16863 26555 30911 34314 42396 42456 44129 55960 57302 63138 64340 74049 78593 84844 124125
1417 1825 2845 5811 8733 11089 14128 18301 19986 22056 30375 32432 32509 36893 37350 40458 44677 66753 90356 122149 132094 157728
160 808 4412 11070 17730 18809 22692 22935 24841 25784 29412 39308 46483 47775 60772 63266 63477 64606 71474 86545 93691 108721
775 879 918 1300 3381 7081 7437 11642 14457 19610 21137 26537 29181 43791 47537 55495 61087 68729 75780 86017 120070 203416
4676 11740 15108 15825 15943 19434 20771 24949 25170 29915 40074 45615 49979 51038 53565 55436 58519 61632 70122 77078 86190 103059
987 1183 5974 6744 8098 8296 17337 18632 19227 24332 24878 28729 34320 39145 40639 41025 58001 70097 70653 74058 101928 241359
928 3123 6215 6444 7419 9337 13702 16646 18465 18515 19814 21893 22211 22724 24216 28941 30710 49201 105916 112363 121622 205899
958 5063 6665 6818 14590 18850 18954 22263 24658 28350 32467 37049 41698 44170 55071 60639 63994 67756 69439 74837 87224 114404
2498 5008 8735 9968 12987 18726 19667 20159 23256 29802 31232 31907 37368 38731 40146 55601 56333 61432 64431 75016 108214 147712
517 1605 4097 5736 6633 8267 11186 17970 19565 26424 29238 30996 31158 33517 35739 45561 46766 57745 88314 105136 108006 178063
8208 8421 8859 11957 19631 20072 24483 27409 31282 31550 35782 37507 38334 40283 41971 45702 57778 57911 75254 77917 98337 122410
1114 1801 4536 4619 14756 16243 16385 17069 18107 21798 21946 24631 30393 31455 38793 60427 60884 61129 63912 96529 120315 131365
4016 4359 5577 6792 8573 11908 13312 19199 22528 23689 24462 28214 28619 40665 40737 46869 46967 58099 66214 97377 138546 210148
255 6595 7399 8730 8914 10996 17218 21656 23000 23102 25831 32442 36697 39254 54326 56687 61037 72712 86504 101837 107903 111040
1933 2784 5125 10691 10805 11131 11235 15535 22190 23157 24260 30970 32444 36300 39753 47682 50388 66695 82731 100385 131938 186937
5372 6071 6631 7772 8527 16490 17256 18055 18707 21044 26697 27178 31810 45584 49471 69534 72172 79835 83505 84452 97552 116775
2341 9111 11931 12202 16084 16994 23557 24985 25818 28130 30612 30991 31214 45798 46303 55009 56853 61175 82785 88189 97463 121522
4770 5134 5438 6861 13206 14527 17849 22640 27456 33352 38658 40123 41147 43062 44481 50639 69500 74774 86769 96645 100016 114102
509 1316 4343 12004 14775 14881 16529 17997 18294 20014 22957 26782 27076 46283 49188 51149 57721 59389 86187 98472 137661 162693
4539 5069 7214 8149 11855 14340 17968 19622 21915 23521 34940 36332 37136 37412 50096 54801 61095 64543 89322 91595 100459 121024
740 2662 6491 7767 8158 10928 11773 24066 29492 37702 41518 43437 45829 50274 52498 54538 57117 68897 70473 79736 89953 132964
2911 3570 6711 10843 11081 11842 13867 14770 23382 24202 35678 35802 39849 51142 55932 61012 73037 73703 87883 88354 92705 96760
2059 2137 2193 2830 9580 12410 13760 15016 26277 29775 37066 39634 40451 55056 55188 56518 59417 59436 70139 86064 94910 112226
770 5811 6799 10068 10925 10953 11821 15309 15388 17047 18785 20475 28672 42040 44207 55648 60814 69690 75063 89661 161022 171502
2639 4806 7441 7525 9143 17362 19137 24755 25866 30201 30667 31343 32052 32583 33086 50033 50508 51019 59618 80482 99967 196400
942 2252 3209 3608 4762 8212 13704 16954 17551 20291 25238 28670 32480 44799 48434 55199 55368 61098 82030 97900 118535 136119
1715 1949 4328 4444 5110 6558 7742 9923 11990 23360 24534 24679 34038 46477 62672 67733 72353 83480 87812 109686 123070 123920
864 2157 2455 10833 13127 15732 17002 17148 17224 18597 23625 25494 27574 32608 33059 43044 57412 77344 83411 96724 122712 207643
498 755 3471 3735 4205 8975 9945 16634 16888 25027 28146 36909 37622 52296 54830 62769 66120 66218 71496 96054 108979 150806
1049 4960 5962 9099 11985 12302 13719 13783 14189 16233 17595 19401 21529 42318 50204 54590 59010 77286 101360 105311 106376 111909
2560 3950 5202 6212 7718 8632 12628 16653 18760 28006 37013 39583 40768 41759 43161 45442 54069 57049 64192 75810 82769 166185
638 1031 3775 4122 5075 7496 8371 10703 10740 11229 11836 20546 21356 30729 38119 56048 79917 89431 90943 105695 116462 139581
2193 2360 5096 5131 8692 9306 9722 10733 12355 21671 21701 24698 28074 36411 38778 39518 49533 73350 74264 125810 131868 136500
3642 3826 11182 13669 14541 16229 23875 28269 32095 33418 33996 34656 35206 36655 47553 48435 50508 63861 65036 78307 93803 120888
