1000 13 49
86 250 415 656 1460 2036 2037 2147 2870 2871 3012 3462 3516 4162 4459 5366 5370 6809 8195 8260 8418 8734 11345 11607 11749 12323 13696 14736 15397 16006 16252 17662 18751 20658 20956 21193 21498 31562 34453 34716 36637 41631 41688 42575 50673 56202 67851 71508 97281
786 1109 1362 1389 1833 2396 2974 3122 3343 3385 3586 4458 4504 5333 6256 8637 8720 8745 9781 10495 11563 12446 12971 13092 14604 15759 16115 16528 16913 17609 18256 18757 19102 19260 19809 20260 24046 26054 27002 29699 30103 34392 38716 40016 46907 50291 51475 57795 60195
1326 1334 1336 1478 1645 1737 1781 2389 2411 2938 3460 3697 4577 4756 5020 5904 6354 6450 7891 8747 9102 9482 10322 10564 10667 10754 11013 13161 13914 14298 16665 17054 20676 22353 23314 24655 24683 29037 31227 32595 35733 35942 36191 41782 48159 49487 59186 61695 83265
227 1034 2238 2476 2565 4152 4167 4513 4867 5160 5334 5710 5960 5973 7011 7156 7924 8701 9128 10222 10281 10684 10881 11638 11917 12167 12180 14554 16725 17456 17560 18077 18556 19102 19437 20263 21273 21295 23935 24755 28510 31873 33509 34357 41379 51178 55914 85368 99568
438 1984 2226 2529 2697 3512 4661 4959 5482 5599 6060 6146 7023 7980 8244 8499 8821 9656 9889 10641 10898 12366 13174 13248 13365 13625 14162 16824 17128 17734 18182 20814 21199 21609 21922 22097 22897 25492 27422 27576 30193 30861 32446 39043 42951 44802 48015 48936 87747
63 327 399 695 885 1162 1584 2073 2946 2992 3061 3082 4302 4542 4776 5871 7668 9656 9830 9933 11471 13614 13706 13801 13935 14148 14192 14337 15029 15428 18764 19529 19705 19800 22785 25264 25668 28754 28804 30208 30626 32421 35466 40676 47881 50000 54881 82248 98091
760 1060 1216 2776 3087 3107 4398 4683 4966 5267 5282 5460 5890 5960 6545 6715 7024 8154 8424 8795 8910 9288 10838 11621 11636 12532 12582 13949 14604 15258 15314 16850 16883 17500 19200 23282 23633 25477 25493 31931 40820 43131 44871 45346 45717 46164 60164 68886 75307
964 1041 1102 1489 1815 1863 2431 2710 3148 3729 5371 6499 6620 7127 7422 7662 7827 7879 8741 8917 9272 9548 9731 10902 11625 12046 13498 14030 14438 14897 15291 15380 15954 16976 18123 20300 25214 27353 27905 28015 36634 40866 49739 52713 53661 56821 57261 70916 72909
154 664 1460 2132 2687 2889 3356 3715 3810 3914 4181 4390 4434 4781 4957 5011 5160 5279 5417 6466 6542 6685 8405 8484 9024 9743 10137 11059 11559 11973 12492 16939 17820 20639 20898 22203 23027 24359 27351 28549 28942 29082 31335 48982 56774 59048 65361 72451 107705
211 304 1275 1918 2279 2829 3291 3362 5263 5682 6206 6876 7153 7205 9089 9449 9570 9782 10614 10671 12501 12930 13413 15058 15111 15230 15542 16934 17845 18980 21891 23795 24143 25122 25363 25811 27228 27904 30776 31862 33940 35089 39201 39913 44379 47589 49272 55118 64916
134 703 782 784 839 1181 1223 1297 1600 2122 2331 3169 3366 3733 3826 3921 5856 7239 7277 7744 8107 8260 9017 9082 9095 10246 11299 13718 15514 15799 17267 17786 18846 18999 19782 19883 25449 29683 35251 36531 41777 43953 44887 46475 58448 58967 72518 74393 76805
775 1481 1582 1938 1958 2686 3008 3089 3110 3494 3872 4032 5251 6153 8287 8630 9041 9290 10313 10405 10570 11303 11343 11521 12573 12688 14599 15325 15637 15660 16767 17750 18541 20243 23397 24368 29108 30635 32045 33228 33296 35212 36158 39947 45023 46217 51244 61373 67667
251 410 604 643 774 1093 1697 2571 2999 3939 4431 4506 4667 4932 5084 5263 5814 7859 8311 8465 9168 10486 10604 12048 12254 12359 12537 12569 13058 13658 14223 17000 18083 18794 19830 19858 22331 26729 28929 29626 30333 39635 40809 42096 46602 48244 76973 91576 101534
