1000 39 13
3256 6339 15207 30797 31134 32021 42266 60396 86289 129270 167422 184016 205527
6974 7666 19689 20234 40138 43548 63828 79703 80676 92810 114942 157225 266595
10263 14044 23239 26416 33163 39584 59199 65692 95085 97745 115955 169595 247332
3287 10057 28029 29990 34451 35516 51359 55246 102333 122907 139240 156743 224460
17439 17631 21119 22970 23350 28458 42759 54960 90531 94084 176629 180819 222819
1955 21276 30083 33733 37724 56744 58238 73626 77826 119756 129492 161936 190326
14164 20202 25364 31306 42597 53247 53875 55416 76517 78077 114364 169451 261702
4035 6261 30535 40113 48908 56879 64895 73500 76682 99279 131515 176860 182760
416 654 17567 21876 24072 30339 32830 82159 86244 96374 164361 207881 228194
4986 5617 12530 13641 15161 19891 52471 74055 74486 121029 156023 207524 239640
14253 21878 36000 51173 52474 57609 57811 64505 66015 67062 116482 159138 231851
1976 3440 12613 16159 40726 45528 48321 85683 101036 117908 131669 165957 223514
3753 3919 14611 24996 35622 48713 74994 81804 85873 95624 134337 182762 206717
7313 33987 43965 49024 56347 64252 72909 75835 79089 91760 124317 144549 151713
2558 4323 8326 22891 23034 43334 90232 104199 114773 121178 146773 155582 155940
4838 13097 18174 19707 34360 46121 61203 64040 106104 139808 144310 164085 180716
1279 4973 10178 15359 17624 24250 37774 40093 49088 125841 187879 196451 281496
19719 22126 30765 32933 49698 75345 76524 77046 93214 97289 97730 159784 160174
3667 4790 18364 22108 39194 47517 58082 60437 66913 120183 148406 170290 233900
3344 9515 13766 19997 24684 28140 49975 52023 63999 74563 95880 109873 449914
166 4035 5899 7219 32609 36252 59639 94325 99746 114583 136314 189050 214652
8482 9055 11476 26540 32433 45684 68044 78220 83381 128933 130037 159492 212667
13546 14279 35397 39501 53443 58815 69079 75162 90932 99480 101665 141948 199581
13584 15473 16638 35944 53815 61321 64177 69314 83208 85069 113262 142303 242785
4382 24466 26536 36456 48574 49471 56039 69830 94224 105380 119818 161080 199637
7748 24860 28185 32680 33923 39300 42678 79385 110571 127845 131931 152278 182481
2701 9093 23115 26777 43088 58861 70018 75272 85626 86148 91709 199802 220987
179 5635 13563 33815 37198 48394 52533 59665 65512 132469 148653 150758 247071
21004 21851 27868 28394 28639 40343 41216 59291 64305 87291 117664 160203 295561
1685 13497 14398 15416 22898 32419 42769 57171 81263 111455 169922 206996 224531
3506 11843 23316 24016 49050 52242 67614 75241 75555 110669 110865 132775 258018
2686 4364 32347 33961 41322 49917 58096 71034 74518 81743 91139 153579 300423
3681 8941 21152 21683 34389 39446 51374 74548 81298 143127 150127 170060 195750
5529 18948 23262 23340 25145 41127 76787 103708 120810 127475 133900 137126 158321
966 10219 10362 36186 43561 53850 56121 77897 94623 115428 143597 163354 188928
3422 7930 8850 17163 32944 44656 66822 71534 77789 87093 105108 144999 326277
11524 13319 15440 28512 46965 51327 52086 54408 81123 110800 129985 155496 244872
551 13584 19702 22221 25725 67702 74060 83001 85337 128691 132740 165804 175365
885 8098 12385 19334 24237 28151 37676 39973 42263 42506 169875 229000 342301
