1000 28 5
30127 122629 132260 147790 516827
22980 73782 229331 282759 296299
21741 85679 199794 313203 331080
18622 54917 61994 138206 667238
53264 132837 162290 195461 351844
27444 60142 206809 261392 384547
71009 73464 108667 212044 470657
16949 84845 145916 248658 459688
4751 20215 184224 342788 409105
10594 32250 170437 175337 500471
52112 86396 99288 313970 342010
19451 23253 45575 210447 634729
89299 99594 206054 211762 321865
5629 27499 129526 228884 539130
51332 59394 136835 273363 396695
27119 39301 151311 247616 445329
56777 101151 147770 201093 411431
19351 52048 89047 142246 606333
43408 65186 179636 250276 382126
53981 55293 152245 274044 417965
46791 102588 105897 228974 427899
16117 112085 207652 278503 294584
14803 210591 216426 256049 257466
20247 36530 66674 221026 568498
47920 88421 197159 256503 346085
97291 117623 148148 219508 363363
3966 193254 237037 250182 276919
93370 127944 131988 264285 333735
