1000 50 28
1402 2388 3375 6764 10847 11211 11221 13945 18382 20407 22174 22907 26855 27754 28887 30170 31017 32428 35593 38748 41543 46611 53334 65130 69390 77479 96862 107117
3164 7148 10835 11180 11208 11616 13526 14195 18574 18616 19656 20908 23572 25147 28227 29290 34268 34624 36784 36886 42703 42910 44429 47837 85949 86588 93833 108306
463 2190 3957 5183 8576 9306 10142 10362 12178 16631 17615 20018 20887 21887 24413 25309 26243 41071 53506 55127 56229 67318 68034 70562 71388 73922 74639 101500
59 1382 2232 2470 5150 5284 6778 10182 12240 14233 15212 16236 17941 18659 18757 19231 25035 27079 35847 39436 39525 48621 52098 66395 91063 117614 120192 127032
471 484 2662 4739 5577 7499 7793 12522 12846 15836 15936 16375 18041 20666 22943 27754 29675 31835 45535 47732 49000 50584 62270 75783 80648 100204 100254 112099
1065 1848 3358 3882 11443 15105 15447 15876 19308 19701 22216 22989 24900 26058 26268 26584 26882 28227 30324 32001 33480 46996 61735 62029 76225 77458 97299 117932
1495 1715 1717 3214 3354 4122 8888 11955 12182 14494 16232 17128 23278 28922 31998 36701 40302 41106 45005 46156 47960 48684 61722 65739 65930 76707 85579 132560
718 1559 2239 3951 4051 5704 10398 10853 11659 11700 15773 19546 19990 20791 24051 25482 26918 32609 32941 38940 43422 45660 46136 70377 78929 95846 130395 149613
1415 2922 4005 4223 4350 5832 6626 9002 9971 11975 13015 14174 15577 15698 17456 19668 20486 23524 24461 45237 53201 59735 65223 67682 73599 92404 92472 187591
2112 6631 7439 9424 9459 12328 14395 15856 15974 17011 18868 20212 21063 22466 24669 25546 29643 31830 32730 37193 41602 42305 60054 69651 74748 77071 81488 158796
941 3502 4836 5860 6709 8045 10544 11672 11713 13575 16107 18194 20000 20420 25665 25803 26950 28146 28544 32777 37015 45651 71726 78619 92821 96485 98920 105540
577 854 1488 5367 5386 6884 8864 12215 16018 17985 20740 24650 24844 27700 33811 34072 34842 42800 44124 44660 55451 55610 57311 61291 79422 81640 82658 86270
852 1841 6111 7515 8307 11109 12010 15294 15485 16898 20120 20786 25016 26161 28349 30565 34530 36281 36718 38145 40357 40456 55279 61332 61842 73110 102000 134573
649 1274 1337 3704 4064 4708 5734 11544 12954 13412 14484 18070 18388 23316 23626 24618 26348 32839 43175 44136 49029 51327 62057 63930 67292 83329 92735 175453
3 6566 8258 10819 11516 11516 12325 19184 20454 23353 24553 24790 26637 27144 27705 30466 34374 35554 41306 43502 44899 44934 51537 53930 61585 80586 89849 105629
706 3545 4425 6223 7121 10191 12545 12614 13067 16150 17806 19292 20742 20840 23431 25530 40860 41155 42539 48018 50145 51786 52925 55051 57823 78608 93496 130031
2311 3144 9806 11769 13439 16242 17497 18286 18524 18973 23936 25218 25313 26675 26778 27402 27845 28039 28183 32420 45476 45521 49895 55592 64652 69837 76165 151045
343 839 1272 2843 3523 3898 4976 6594 6822 17087 18430 22098 23000 25195 28160 32991 33503 34523 36165 44387 45234 47678 49790 58865 63272 76782 121470 138910
1325 1701 3847 4714 5501 8234 9590 9828 10054 10352 10539 11357 13303 16562 18600 21320 25312 35105 38575 41442 42621 43935 45931 50964 59992 110653 135286 164229
1938 2190 7979 9156 10153 10160 10326 10766 13279 13461 15355 20923 22338 26825 29701 29882 33928 37926 45059 46314 52383 53979 54872 72075 73887 76797 79983 91202
668 4184 6987 7433 9122 13480 13817 14736 17419 23033 25073 25197 25677 26454 30058 31768 31932 32820 35403 38669 40582 45902 49623 59836 68666 78993 110309 113069
3016 3201 5585 6085 11296 11709 12967 13561 14862 15005 16765 17119 22395 23115 27001 27720 28313 30695 31337 31954 33890 39555 46846 64372 85864 90215 114756 134657
2706 3381 4466 5310 10316 10455 10861 10937 11147 13992 17863 20588 21765 22201 23025 25752 35203 41031 43492 44662 46371 51047 52319 56192 56253 69619 93021 145203
1046 2459 4798 7173 7667 11128 12143 12177 15069 19324 22737 25288 27930 30488 31189 33342 34396 34545 38339 39781 47903 49468 50560 58021 63886 90844 95319 101976
1793 4017 7841 9394 9937 10402 12334 12847 13576 14097 16512 21482 22567 23123 24852 30274 30400 32815 32891 33813 40503 47720 50408 53370 64717 94960 108528 146364
3636 3940 4243 8387 8541 9345 9627 11681 13962 16314 16607 17361 18430 18805 19665 20055 20195 25461 25532 28363 41525 42213 53544 61092 67871 93278 150301 151420
414 560 1009 2858 6008 9032 12657 13305 14225 14235 15090 15611 15624 17134 20004 20150 27700 34730 37939 39651 43237 53345 57547 58566 69161 106026 121756 150056
146 1761 2994 4899 5912 7613 7832 9117 9599 12256 12841 13948 14560 16089 16582 22059 31744 38554 39246 41171 42257 57723 63044 65682 70141 77192 107380 168928
183 3529 3664 5529 6810 11078 12593 13206 15563 19196 19693 21392 21622 22580 27459 29556 42443 43230 43752 44002 46394 46642 52386 56605 58415 76246 103051 115688
186 1611 3794 5386 5925 6039 7226 8136 9515 11928 16774 17763 18928 20814 21313 22057 22792 29363 33069 33427 43795 49265 50514 60920 84984 116458 124023 132171
1323 1698 4073 6626 8677 9041 9407 14758 18149 18913 20081 21215 25147 25677 26640 32268 36768 43525 44540 50607 50663 55514 57694 59375 63650 66518 71886 136061
3868 5608 6412 8683 11663 12072 12467 13959 14014 16713 16981 19793 20033 23995 24797 26105 26372 27057 41771 51606 55520 61182 61762 63683 64904 71664 88517 114847
1282 3699 5064 5988 10111 10229 10384 10533 12011 13888 17609 22521 25274 25462 27321 30312 32195 33075 35190 36704 40269 51487 55365 59473 77412 78381 90171 132634
1018 1222 1229 1569 3999 5589 6488 16479 16681 18669 19134 23865 24412 24995 29104 29139 30621 32374 34969 35459 41551 47319 48289 48412 58323 82437 121571 162683
1058 1438 2270 2781 4642 7339 11873 16056 18454 19415 22030 23301 29071 30507 33315 36786 36807 38148 39251 40304 49190 51560 53741 60024 69509 81526 81610 115467
824 1347 1450 1564 2337 3341 6265 6473 7368 8754 10332 10464 23032 27064 28284 28336 28712 35877 41074 41682 42598 50721 53097 65168 80997 114889 125275 130582
939 2064 2555 9894 10597 11993 14533 14977 15986 20593 22024 22173 22505 25630 28783 30612 33534 34355 39211 40192 44036 49994 53791 57956 60918 65592 101586 116499
3110 3110 4220 5349 6236 7539 8628 10394 11104 14495 17853 23417 24779 27824 29948 31694 35262 37804 38673 39178 46111 48915 51059 57567 70183 103934 106983 111596
1343 3736 4792 4833 5006 7236 7478 10812 13732 14891 16967 19479 22395 23611 24595 25716 25883 26068 28368 30949 37555 49937 51570 56664 93794 99671 118509 150468
1510 1626 3264 3726 6412 6568 6966 7090 10514 15384 15539 20309 20793 21776 23446 23745 26131 27998 33416 33851 46391 49799 52604 66061 66592 78810 120884 185841
62 333 613 4686 4903 5049 6156 8450 9623 11824 12968 13054 13508 13944 14709 15195 16497 25473 31778 49621 54833 59264 59891 65777 78662 111343 122363 155405
12 38 1180 1622 1780 2284 7120 7429 9235 9250 17726 19325 20958 25238 32872 34172 34389 34841 45549 54594 55818 56446 57138 61682 63530 95169 111543 114154
503 2255 3025 4639 6499 7221 8163 12387 12716 18057 22004 25709 26317 31070 35058 36982 37916 39056 43382 43909 44498 48465 48985 60639 69353 69922 90769 121406
832 2532 2939 3809 6628 7975 11487 12431 13376 16812 17892 18815 21901 23443 23908 26971 28817 28818 31717 35275 37536 45031 49919 73756 77584 97306 112569 127655
1178 3402 4236 5345 6830 8176 9804 10388 10609 14078 14742 15093 15481 16471 16629 19689 20438 34669 40801 42503 43261 43449 49346 52718 83334 91837 144973 156988
1782 2696 4865 6973 7206 7470 8866 11899 12754 17400 17425 19327 20973 32165 32827 34942 36701 37763 45005 45232 48416 62434 64403 69040 69822 70583 94160 94783
1914 2005 3373 3742 3767 11393 14121 15217 16344 16653 17871 22517 24165 28579 32202 34199 35236 38423 44618 45546 46450 58935 62171 72748 72886 72955 76915 91873
497 1375 1949 2178 3405 3692 4871 6913 9545 11757 12479 15685 17481 18758 20102 21228 23972 26265 26580 43957 45547 57791 62763 66422 66881 79659 111487 213649
299 2335 3086 6236 8466 10143 10825 10885 12132 14498 21501 24879 28748 29449 31230 31702 34348 35702 37934 41654 44159 53512 58466 63346 71357 87658 95045 98839
79 2294 10321 10394 11537 14199 15894 16851 19069 20884 21468 25214 29699 32249 33683 34084 36453 36548 39297 41027 47301 47904 58705 62732 68541 69711 70822 73076
