1000 30 35
8 91 741 819 2250 2700 6455 6955 7561 8307 9481 13849 14173 14896 16124 17241 18530 18653 19830 20005 20298 24029 25872 30052 33432 36271 36639 51862 52592 57741 58951 60437 64522 76741 82538
78 1613 2296 3155 3928 7060 7516 8845 9517 9860 11758 11949 13347 15210 16128 19143 20008 23459 24410 25064 25431 26801 27396 33372 33762 34179 34484 35068 38814 41268 56911 57744 65447 69588 79303
42 343 1650 1666 2341 2615 3793 5574 8030 9114 10637 12665 12837 13534 14693 14981 15430 15757 17386 18176 19869 26406 26644 26952 27199 32444 32676 35455 39577 44260 58546 66931 77843 78498 145748
598 1155 1781 3850 4261 4405 4938 6018 7455 8426 10558 10666 11578 12055 12830 13169 13953 15055 15877 18994 20059 20698 24123 26292 27485 28174 31648 41879 42369 44489 45195 52497 53800 87334 152571
1132 2850 3033 3177 3794 4012 6299 6801 7252 7588 7886 10322 10352 12185 14070 16438 18002 18751 21701 23478 26984 31671 33357 34062 34521 35923 36932 38798 43380 46768 51480 56884 61386 67406 115966
737 1430 1635 2133 3439 4061 5618 8288 9896 11743 13490 16428 17194 17799 18597 19026 19766 19924 20194 22110 23730 24194 24999 26414 26656 30388 34901 38860 41165 41721 43846 53385 58373 66915 85415
176 315 1117 2015 2261 2502 4096 4193 4663 5316 7979 12131 12311 13798 13869 16229 16333 18265 19597 22457 23583 28324 29436 35333 36160 37339 42644 43464 47405 55354 56511 60479 63486 63894 74143
227 1896 3558 4048 4054 4692 4827 4879 6297 6390 6503 8641 9772 11505 12065 12240 12597 12840 13677 15870 17743 18653 19279 20307 20578 30941 35223 36407 38157 42768 72992 73756 79135 94891 117252
663 1843 2616 2739 6096 6709 7309 7391 7997 8586 8990 10053 10134 11403 14075 14823 15273 16525 17666 23626 24523 27088 28033 28780 29605 31094 31419 34165 38198 39535 71157 76730 83724 85060 92266
1414 1472 2044 2554 4240 4827 5252 6075 6196 6214 7057 7331 7761 8705 8941 10513 10905 10959 12837 18345 22646 25076 25119 27223 28554 30578 35517 39653 48046 60425 62441 62757 63137 103312 114309
1661 2305 2331 2585 2911 3136 4938 5238 6734 7519 8193 9058 11667 12297 13049 13589 14725 15659 16088 17804 19409 20957 26367 33745 34553 35175 37150 42321 43539 44407 44539 45576 55794 70239 110706
362 651 2327 3262 3647 3828 4143 6590 9108 9275 13443 15605 16680 17394 18084 18706 19295 20892 22402 24115 24591 25004 25575 30088 30353 31658 33483 35774 39040 40131 45370 59151 63568 90501 93112
316 415 2489 2563 3693 4177 6335 8827 9284 11224 12174 12232 13168 15617 17762 20270 21942 22804 23331 24124 26907 28325 29133 31090 32118 33744 38295 45067 48901 51515 58489 60094 62560 64465 78502
182 1952 1989 2453 2926 3714 5064 5325 5736 6529 7267 7863 8804 10103 11495 11550 13705 14462 14838 15010 16632 17911 18842 19225 19874 28469 32796 35566 40029 43155 48255 57759 65617 115616 117542
254 262 795 796 2494 4059 5527 6792 7237 9222 10322 12941 13732 15019 15444 15642 16071 17077 19109 19827 20434 21140 24271 24434 27585 34694 35001 36114 37590 45412 53656 60556 68600 85985 111085
1606 1808 2528 4812 5241 5653 6148 6449 6620 7392 7734 8144 8325 9076 10716 10747 10990 12677 13219 15093 15261 15278 17638 23589 27935 28056 33054 36771 38881 39083 49255 63266 71849 91092 124296
278 1155 1203 1484 1662 2958 3133 3515 5235 7102 7124 13631 17096 18592 18780 21072 22596 22988 25239 25580 27373 27737 30999 31520 31763 32581 37249 40167 40818 45019 48416 53623 54974 63832 91760
733 4713 7482 8871 9978 10296 10548 12051 12577 12616 13662 13791 13842 14118 15090 16125 17653 17789 20313 24197 24496 25598 25847 26453 28054 32451 33507 35396 36187 38116 38703 42023 50732 54800 92670
1839 2203 2928 3157 3278 4145 5029 5177 5366 5923 9290 9300 11631 12780 13178 13770 16832 19124 23054 24158 25421 25601 26222 30373 31299 31481 41371 47386 50441 56585 56865 66297 75477 87016 88878
192 1363 1997 2058 2087 2757 2913 3248 4345 5986 7162 8857 10845 11396 11447 12508 12619 13504 22915 25417 26390 30803 31126 34159 35184 35638 39434 41778 42570 45466 47909 53891 62732 64436 109436
346 648 752 904 929 1245 1853 1921 3423 4035 5013 7253 7393 8125 8672 15013 15081 15941 19644 19981 19984 29169 30169 30660 30914 34257 37320 40568 41775 47120 49070 52990 65584 78271 93939
161 301 337 1281 1389 1983 2688 2960 3228 6880 7853 9698 9893 11733 12278 16019 17729 17936 20558 21197 25511 25849 26057 29354 31738 34118 34894 36103 43416 45075 51742 55876 64690 67697 84127
1860 3778 3945 4880 4982 5817 6546 6553 6897 7040 8620 8728 9080 11302 11405 12856 13161 13986 14468 18677 22178 23709 25612 27746 28911 33555 34758 42340 47042 47834 58072 63006 64735 79007 117413
845 1353 1480 1815 2533 2730 5579 7259 7717 7766 10538 10564 10667 12006 12274 12287 12618 14253 14726 17641 17826 19512 19579 20179 23409 24907 25085 38460 39080 44390 44631 45484 50522 84339 175622
1213 3692 4331 4930 5005 5015 5299 6069 6431 6923 7045 8112 10892 12698 14781 16421 16655 21793 23122 23867 25210 27986 29667 30196 32668 33149 34245 34410 34845 45022 52962 53738 68543 72225 96302
267 656 742 5024 5408 6978 7747 9369 10213 11650 12363 12677 13022 13481 13729 13754 18621 18965 21423 21880 22507 22522 22644 23555 26360 29789 30727 34227 36871 40638 50451 51382 59741 62961 107056
2465 2943 2987 3990 4198 6717 7105 7157 7657 7918 8667 10513 10789 10851 11159 11540 14052 15061 16556 17446 19924 23912 24756 28941 29644 32904 38099 38855 40324 58307 64043 68889 70553 78816 94073
1520 3889 5606 5755 5849 5978 8812 10516 10773 10782 10904 11433 12427 13643 14559 14657 16527 16534 18920 20513 20538 24232 26584 31376 32586 34293 34862 36069 38793 46616 53375 56223 75552 78086 81374
1145 1174 1827 1919 2388 3494 3645 3911 4174 6578 7679 9864 11455 11537 13671 14543 18143 19375 19997 20407 21827 23059 26058 26611 28335 28708 31599 32897 34297 35483 52460 55222 61580 85429 98735
259 329 515 686 938 1425 4014 5153 5394 5594 6329 6330 6797 9782 9927 11139 12805 13639 15325 16856 17072 22321 23027 23822 25833 33190 36303 38475 45746 54346 58400 75465 83408 103491 113011
