1000 43 47
533 671 903 1019 1742 1952 3490 3920 4472 4603 4820 5478 5489 6687 7330 7952 8153 9220 9570 11367 12777 12966 13440 13790 16580 21918 22838 23268 24905 26221 26415 27603 28103 28589 30635 32736 33728 33796 36601 37590 37707 41466 42978 46993 47126 70210 76146
40 1219 1521 2451 2824 3374 3569 3616 4227 4509 4625 4757 5168 5853 6279 7139 9565 9743 9906 11208 11384 12145 12418 14214 14636 14981 17649 17788 18275 19032 20969 23036 25641 29060 30410 31804 32409 32862 35986 45649 47130 47196 47446 53124 61107 65458 76849
2 361 849 1481 1928 2236 2448 2715 2833 3493 4398 4576 4722 4749 5332 6020 6367 7612 8243 8319 8473 9467 9945 10280 10386 10689 10769 10912 11912 12479 13656 15311 16946 17077 18267 33610 34461 40808 40969 43212 46622 50738 62446 69677 71292 83606 91766
202 684 1035 1162 2906 3876 3940 3942 4682 5160 6003 6038 7112 7551 7729 9226 9479 10768 12718 12799 13867 16234 16328 16794 17065 17216 18185 19217 20207 20535 24198 24397 26109 26841 27231 28230 29096 30364 31210 33115 35158 37429 38586 49758 54411 69040 75936
829 1120 1630 3000 3070 3225 3368 5290 6475 6482 7409 8247 9748 9944 10282 10675 10948 11747 12237 14157 14845 15131 15666 15682 15923 15965 16263 17291 18264 18559 19139 19700 22514 23022 23293 24929 25156 26029 29857 30229 34089 36244 42981 45307 49045 54822 122832
330 390 925 1409 3088 3129 3283 4501 4543 4740 6683 7054 7570 8199 8595 8760 9562 11242 11895 12068 12610 14233 15336 15840 16797 17556 18467 18837 19263 26880 27569 31473 32272 33180 34194 34934 36585 36967 37169 37385 38269 40172 40872 47550 49990 50505 59102
5 427 1572 1981 3141 3626 3640 3827 3921 4092 4945 5081 5992 6573 7186 9015 9862 10290 11077 12023 12092 12876 13379 14580 15299 15571 15795 16647 17070 18459 18605 19230 19824 23500 28816 29574 35217 37588 40563 41541 43662 47185 51506 56627 64096 71729 85027
45 349 868 1501 1734 2509 2799 3160 3691 4213 5629 6942 8977 9822 11114 11359 13176 13389 13593 13983 15322 16150 16212 17338 17675 18650 18999 21366 22811 23690 24572 25357 25643 25741 26444 26468 27914 30684 34367 34380 35033 38130 44854 49838 52715 55863 63984
52 368 581 760 1301 1551 1988 2159 2234 2607 3341 3935 4580 5491 5590 6288 6504 6609 8138 8323 9751 11694 12517 12724 12761 15721 16623 19280 20197 21870 24179 24740 25957 26371 27190 30999 31019 32046 34512 34963 40929 45799 48895 54316 71982 76521 82022
253 386 627 815 2135 2144 5089 5335 6314 6998 7222 7549 9676 10432 10482 10678 11355 12314 12956 13116 13802 14094 15047 16568 17164 17304 18758 18893 20191 20616 21177 22303 23894 24356 25536 25725 29580 30707 30863 31203 33187 34232 35100 35222 67558 77766 85441
61 160 296 719 898 1327 1750 2460 2738 2900 3299 3455 4058 4804 4811 5269 5338 5742 6284 6507 6997 7396 8117 11085 12113 12361 12487 17518 18577 18647 25513 25584 27963 28711 28711 29244 33150 33530 33872 37363 44262 44835 62807 66386 76040 77223 81833
498 1639 2928 3445 3554 4052 4661 4664 4749 4907 6132 6706 8620 10013 12785 14343 14887 15623 16003 16248 16412 16921 17595 17726 19991 20043 20234 22601 22867 23311 23483 23572 23671 23693 24835 28559 30138 33959 35797 36310 36785 39234 45539 45950 54769 54889 57924
185 364 968 1227 1377 1436 1512 1903 2581 2674 3398 3665 3860 4791 5035 5300 5429 7801 8354 9114 9682 10002 11796 12410 14367 14931 16336 18821 21028 22137 23919 24124 25919 26900 27724 28387 30572 32106 37678 39929 42953 45148 50684 55523 74408 80637 94647
176 346 889 1051 2114 2121 2385 2473 2654 2682 2987 3131 3888 4108 4401 4927 6927 7385 8101 8449 8491 11716 12047 12308 12349 12935 15097 16090 18193 19105 20015 25788 27111 27437 27952 28621 31076 33203 34340 37354 38718 43506 50414 61515 71786 80140 106854
1386 1591 2040 2414 2951 4371 4522 4821 5066 6320 6404 6944 8626 9053 9726 9899 10073 10939 11405 12124 12302 13297 14235 14431 14479 15456 16091 17022 17244 19547 19577 20562 21282 22577 27202 29551 29977 33247 34335 34378 37789 39180 49926 51219 65785 67998 99760
39 1314 1389 2422 2795 3137 3447 4928 5274 5352 5860 6212 6331 6620 6736 6791 7029 8674 9019 11016 11394 13011 13469 14201 14243 17477 17584 17934 18434 19523 21152 24995 25566 26862 29987 30242 31226 35759 36181 36775 41777 45248 51924 52023 55406 63962 90505
312 382 1096 1313 1665 3265 3412 3567 3719 3953 4113 4330 4518 4537 4958 5304 7681 9065 9573 9990 10000 11614 11642 14232 16703 16826 17302 19216 19753 21116 21641 22066 24330 26068 27333 28147 28723 30435 34078 34467 44390 49711 50997 57062 66433 73061 106809
835 996 1187 1448 2632 2739 3215 4481 4501 4671 5121 6835 9240 9547 10326 10578 11420 11492 12383 12545 12561 12979 13113 13309 13394 16721 16729 16992 17452 18237 20022 20186 21286 23063 24304 24307 26132 28727 28873 30095 33180 35199 38734 44770 51455 65547 172987
498 919 1136 1145 1205 2007 2280 2594 2595 3126 4480 4523 4767 5252 5551 6538 6722 8454 9184 10390 10521 13478 14014 15921 16983 19982 20892 21051 21790 24373 25257 25615 25710 31925 32674 32686 35366 35400 38006 38874 42180 42899 45267 48199 51915 56487 75241
749 2062 2410 2828 3164 3206 4681 4772 4821 5112 5152 5655 6244 6504 7330 7892 7914 8123 9356 10348 10683 10686 13170 14291 14876 15246 15410 16157 17152 19721 19871 19908 25791 25872 26811 28469 29767 32810 33091 34429 40374 40829 42858 44265 70405 77634 100166
618 1020 1162 1921 3989 4746 5005 5238 5349 6084 7362 7411 8399 8659 8728 9810 10116 10693 11867 11883 12662 12842 13487 14343 14994 15168 15909 16192 17517 21728 26523 26830 26991 27703 28196 28657 32025 33682 34031 36451 36899 38000 43891 45444 47192 64753 79523
38 665 1424 1561 1722 1809 2830 3364 4576 4709 5496 6051 6206 6507 6815 7220 7717 8065 9546 10091 10110 10487 12434 13043 16114 20072 21228 21663 23710 23970 24166 27478 28786 30788 31181 32275 36403 36551 37602 42596 42840 43650 44409 45808 52800 52936 56919
141 191 1095 1199 1467 1534 1781 2291 2640 3456 3728 5679 6424 6562 7201 7427 7512 7947 8941 9673 10582 11746 15587 16810 17621 18287 18337 19190 19403 19415 19826 19891 21098 23914 24670 25895 27358 28035 28927 30029 32947 50234 50913 55496 74323 76324 102536
273 594 790 2318 2612 4539 4823 4835 5608 5848 8283 8467 8468 8782 9216 9227 9281 10218 10312 10890 13232 13351 16247 16358 17122 17660 18021 18036 18451 19615 19766 21056 22624 24423 24526 24796 25201 25403 28687 29924 35348 39282 39609 43001 57224 92648 116987
1156 1185 1696 1703 1887 2609 2627 3131 3442 3835 4729 5626 5899 5983 6457 7759 8782 9191 9221 9418 9987 10323 10464 13387 13395 13962 16152 16615 19927 21458 24443 25409 25419 26105 28953 29842 30788 33375 37139 39121 40072 40920 50495 56245 63960 64241 74774
275 564 601 1568 3239 3239 3851 5307 6056 6159 6442 6667 8225 9029 13069 13382 14221 14224 14252 15898 16135 16534 16835 17817 18226 19077 20484 21344 21346 21710 23235 23900 25382 27704 27806 29952 32714 32825 34694 35769 36241 36501 37769 40777 41443 59078 62552
391 1275 1750 1907 2548 3579 3734 4172 4557 4674 4703 5756 5966 7468 8307 9160 9183 10351 12834 12926 13319 13688 15847 16444 16702 17434 18193 18620 19508 20139 21194 22967 23110 23540 24246 24815 25176 27253 29204 34437 37858 37875 43824 53821 79473 79701 99236
83 99 102 193 230 2115 2354 2363 2394 2689 3102 3434 3570 4372 4499 4514 5199 7070 8311 9214 10034 13178 13722 14335 16062 16428 16466 18165 18360 19884 20929 24198 24259 24789 26333 26831 30007 37076 39599 41255 48452 50080 53478 62282 70080 71068 76015
30 804 866 919 2431 2499 2777 3030 4867 5067 5353 6761 6936 7953 8637 9690 9701 10737 11653 11986 11994 12306 13355 14813 15386 15791 17440 18493 20512 20653 21462 22603 25213 25925 28367 29071 30029 32886 33079 33822 42777 43372 43840 57508 61237 63124 68713
357 515 801 952 1088 1733 2079 2083 2838 2853 3847 4266 4784 5527 5587 6078 6399 6462 7203 8608 8743 10720 11580 13223 13392 14387 15722 16148 17916 21531 23134 24691 25684 28145 28191 29336 31251 34264 34821 34845 34933 39189 48453 52372 69886 86496 98480
144 570 1122 2398 2863 3392 4018 4454 4533 5553 5763 5809 6981 7974 8415 9503 10005 10335 10569 10641 10939 11550 11723 13453 13768 13773 13848 14472 18286 19390 21768 22778 24672 25671 26519 26921 27184 31745 32733 32866 36882 54957 57419 64531 70320 77392 78498
591 890 1775 2908 3936 4941 5872 6141 7091 7314 7546 7855 8502 9709 10200 10309 10925 11602 11844 12505 13209 13262 13760 14561 15188 15608 15629 17903 17972 18149 18257 20715 21420 21544 22256 25439 28595 32675 36800 38938 42324 44600 45983 53220 57599 60743 73943
99 183 486 1317 1963 2303 3147 3515 3534 3748 4993 5350 7718 8466 9358 10114 10875 11129 11340 11350 11527 14049 14665 16988 17149 22453 22571 22646 26400 26636 27834 28458 28539 30375 30564 30575 31217 33438 34079 34274 37072 44549 46580 47169 48092 49019 53851
108 186 1266 1564 1784 1927 2715 2781 4149 4382 5022 5089 6020 7137 7838 7944 9142 9653 11593 12658 12691 16061 16206 16581 16752 16967 17146 17497 19835 20593 20847 21653 21673 22550 22783 27201 28052 37553 37648 39956 42950 43107 50354 56060 66394 69110 74283
3 193 614 735 2160 2452 2861 4811 5212 5799 6061 6664 7498 7674 8064 8669 9525 9554 9677 9802 9803 10586 11157 12247 14165 14927 15390 18289 20787 20942 23474 23616 27607 29506 32022 32107 34533 34981 38331 39671 40695 41973 42337 48809 65260 77083 86348
198 633 1133 1974 2754 3756 3880 5317 6503 6525 6625 7130 8296 8469 8799 8801 8842 8954 9680 10682 12229 12834 13371 13626 13639 13892 14003 14161 14612 14636 14644 16697 16839 17843 23509 24432 25330 27598 27850 29613 40449 47162 60422 64604 68388 78651 96402
21 145 1360 2435 2608 3154 4462 4764 4839 5079 5273 5845 7212 7790 8975 10321 10765 12394 12678 12791 13258 13449 16105 16517 16676 16749 17349 17825 19179 19224 19969 22557 22855 26919 27009 28059 30768 30890 32643 33543 36937 39043 41524 45027 49634 59552 95805
243 477 601 861 1289 2085 2197 2562 2684 2924 3658 3811 4324 5265 5599 7223 9323 9486 9834 10017 10028 10033 10056 10775 10976 16389 16541 16703 18081 20065 22074 23527 27636 28558 30048 31887 32090 39450 42130 42265 44728 45449 45705 57781 58746 64209 69118
1142 1244 1503 1918 2098 2898 3203 4575 5208 6336 6444 6844 7428 8117 8564 8571 8858 8884 8935 9828 10784 11053 12555 13219 13743 13941 14718 14763 14965 15110 17460 18354 19288 20989 21102 21415 21537 26098 28971 30144 39503 40202 42034 44580 66717 99123 138579
746 1264 1437 1488 1839 1877 2976 3659 4296 4380 4898 5471 5499 5592 6845 7826 8655 9048 9464 9781 11194 11454 11495 12263 14594 16176 16789 17124 18000 18107 18480 19718 19793 22258 24905 26147 29513 32853 35294 36678 40650 48714 51958 58135 71016 86938 102944
409 567 735 1583 2494 2782 3606 5803 6161 6162 6320 6500 7029 9040 9485 10044 11079 11627 12949 13082 13185 15578 18080 18294 18334 18709 19015 19976 20712 21722 21813 23821 24221 25068 25320 26077 26081 28268 30792 32493 32885 33353 33409 47072 54960 73451 113532
254 1367 1742 1778 2643 2670 3164 4220 5197 5802 5851 10072 10495 10537 10903 10929 11697 12631 12868 13026 13293 13877 14302 14792 17018 17246 17296 19122 19889 21286 25407 27592 29019 30625 32714 33380 34826 35102 35238 36032 36693 37543 44164 48746 50738 51679 63679
326 405 1747 2026 4338 4435 4445 6542 6594 6645 7053 8089 8870 9213 10463 11226 11293 11588 12390 13331 13521 13602 13667 14117 16251 17141 17213 17260 18424 18754 19077 19455 22336 27013 28183 28898 30103 35842 36127 36227 41629 43900 47050 49600 54428 58848 81755
