1000 48 36
646 2227 2565 2853 2888 4390 4635 9485 9524 9773 10001 10843 12687 15224 17162 20352 23730 23984 24270 25188 25852 26022 28872 32606 34565 41260 42729 44332 44806 48987 55871 56004 56579 58606 59198 106504
394 485 1818 2016 2973 3158 4121 5791 6384 7896 9021 9249 9267 11462 11770 14066 14285 14473 16091 16559 17955 20777 24102 25165 28645 29238 30447 40603 41143 41526 46035 49895 53897 84034 122054 174065
18 113 649 653 685 1060 1218 1359 1512 7055 8016 9957 12464 13036 15935 16499 21907 22632 25721 25831 29928 30119 30154 34150 36206 36595 37041 37591 48494 49696 52376 52769 69836 69871 73048 113234
1304 2528 4179 4538 5284 6104 6625 6627 7954 8163 8185 9159 9634 10064 11955 12844 14394 14451 14641 15051 15591 18987 19628 22148 24292 26189 26207 47549 50066 50901 57047 63137 70878 92340 100259 132653
1704 2257 3962 4160 6148 6169 7327 8878 9035 9667 10144 12955 16721 17826 18929 18992 20592 20972 26038 27026 27714 29574 31240 32720 37240 37736 39387 39762 39986 43345 51417 51758 58298 60330 60812 97689
1352 1427 1897 2274 3413 4122 10326 11109 12291 13701 14015 14021 16537 17031 17317 17710 19158 20753 21695 24509 24923 26060 26715 30567 35345 36612 37054 37497 38776 41735 41951 42209 66055 71892 78075 110759
1472 2381 2814 3185 3435 5675 5849 6674 7472 8448 8525 10305 11079 12351 14404 16952 17932 19336 19853 20836 21460 22498 24577 25268 30483 30737 32565 33548 34959 41215 43784 56151 64297 92691 93982 141416
211 702 993 1415 2395 2917 4394 6460 11280 12401 13878 13906 14061 17128 20726 21272 22081 23504 25946 28587 28676 28799 29674 30068 32996 33042 36055 39831 41820 44484 46593 53961 60128 65958 67054 104603
904 1205 2933 4797 6868 7039 9636 10289 10374 14332 14531 15195 19389 19951 20042 20533 21167 24652 24666 25523 27143 27873 28567 29704 32167 33759 35840 36888 37864 41740 42072 42448 57276 71204 80395 95581
1346 2386 2860 3433 4943 5084 5514 6607 6998 7695 8269 8674 9473 9951 11107 14415 15285 15577 19254 19627 21575 28118 29379 30526 31475 32684 33162 37536 40587 48341 48444 50787 57686 60882 93161 171397
45 365 473 2086 2403 3786 4344 5444 5470 7252 9270 9985 10501 11671 14662 14916 15613 16140 17525 21551 23200 23418 25660 26440 26898 28976 35820 40243 43590 50849 53538 54802 67676 90120 107431 114717
140 2596 6380 7957 8549 9876 10316 11007 11234 12381 13035 13948 14476 15152 20504 20881 20906 22128 24667 25075 29536 29738 30423 33036 34339 36206 36235 37736 37800 40645 42564 43913 45347 68971 69512 103603
162 515 624 6075 6146 7507 8571 12177 12479 13139 14470 15358 16576 17580 17876 17931 20289 20364 20567 20779 22805 23477 25212 27362 29665 30141 36602 37777 38461 42721 45519 49104 57195 64129 64828 147744
218 745 2797 3908 5130 5277 5981 6446 7336 8166 10222 11277 12411 12629 13124 13440 13537 15662 17106 17723 18263 22187 22928 29632 33894 36309 43078 44691 47016 48964 58407 59638 71798 79066 91163 99007
442 889 1939 2099 3951 5577 5593 5687 7103 7794 8369 8580 9315 11070 11338 12234 14751 15118 21133 22749 22847 28701 34507 36468 37648 41578 44833 46844 54831 56622 58879 58986 61066 75418 75480 81102
1304 2530 3277 3923 4303 5146 5178 7979 8812 8981 9893 10740 11103 12373 12894 14229 15521 15838 18275 20917 21326 22678 23215 23931 24979 27691 28197 28950 36081 36527 59469 59921 62701 66996 138261 138662
904 977 2547 2607 2926 4732 5548 6486 6531 6562 7129 7954 9295 12409 13480 14116 15720 16250 16625 17186 20337 21459 25522 25641 27077 27793 29533 29597 32578 40660 56818 57331 67594 84599 87391 189585
1001 2905 3771 5987 6341 7836 8524 9548 10448 10628 12128 12658 14109 14455 17015 18031 18659 19127 20610 21072 23603 24916 29116 31713 33691 35437 36099 36106 47163 49465 51650 55902 64910 65743 79748 94846
1394 3233 3256 4453 7336 7352 8229 8311 8739 8942 10208 12471 12488 13262 13878 14474 16645 18699 19596 19678 19937 24302 26029 27719 30166 31270 33890 39520 55932 56933 57199 60378 60643 63369 72036 117239
334 370 1548 1713 1961 2506 3254 3363 3740 4240 4484 8770 9419 9779 10897 11722 13553 15260 19487 21705 22014 24629 25196 27065 27324 28924 32840 35560 45782 50769 55944 58702 74061 89662 122650 122745
555 1858 2074 2505 2807 3601 3991 4867 4968 5058 7509 7868 7968 8797 10527 13869 15110 15495 17053 19109 23455 27034 29123 30492 36101 36523 37922 39127 39446 43675 45008 51242 85505 87176 104716 115332
131 205 507 1604 1983 3254 3377 3410 5539 5562 6079 7527 7627 8031 10024 10082 10554 12432 19440 19577 19608 20922 21164 23922 27197 28356 40702 45387 53155 53597 54686 57621 63477 63498 125728 157651
117 585 1154 1265 1983 2050 2293 2304 2339 3577 5574 5761 6782 11055 13764 14317 14395 20326 22296 22500 23398 23832 24643 25790 30087 33122 41537 42413 48119 49096 57526 62804 63254 66854 85390 158403
875 1265 1416 1458 1679 1981 2777 4013 4144 4626 5531 7769 10878 12715 15674 15691 21254 21814 26088 28286 29749 31093 31102 31502 33083 35142 39516 44981 47089 49357 49662 51475 66750 76649 84020 103567
921 2164 3066 4640 6685 7414 8036 10122 10298 10376 11896 12347 13214 15101 16282 17862 19034 20308 20463 20974 22863 24399 27659 33614 33805 34247 38095 43971 46139 51979 52414 52684 53821 58015 60187 129445
135 596 1719 2741 3078 3187 4748 4775 5046 5798 6613 7516 8156 10260 11171 11428 15446 17032 18366 21156 21759 22836 29335 34574 34829 38474 41150 41299 44818 45961 46861 48139 57030 60399 84536 178453
738 2014 2020 2168 3050 4081 6219 6467 6798 7936 8135 8797 8926 9671 10458 10580 11659 11942 12224 12948 13645 15742 16894 22235 28272 29628 34475 49612 50813 52881 53616 55376 57207 71368 75886 212786
339 652 1036 2041 2807 3294 3994 4963 5126 5506 7903 10730 14252 14718 14963 16602 16792 17947 18013 23355 25917 32358 32766 32955 34822 42118 44850 46142 46784 49097 57666 57929 64083 73258 81536 88103
132 499 1336 1607 1812 4572 4717 6212 6266 7273 8050 8516 8965 9337 9735 9983 11254 11485 12534 13932 14517 22515 33688 34325 36988 38156 45560 47413 56372 57696 67057 68793 76410 78748 79422 98641
1035 1243 1642 2301 2980 4320 6048 6564 8138 8922 9656 9923 10182 10870 11003 11751 13292 15654 19691 23907 24598 25008 26702 27536 28446 29529 34546 38059 41432 44690 47077 52367 74220 88611 108789 122872
708 1144 2260 3119 3365 4189 4572 5275 5396 6643 7003 8975 10813 12630 15142 15586 16847 18305 21651 22206 25623 26256 34583 35587 40021 40092 44472 45045 46675 51077 54269 62568 63900 65108 83737 86620
2094 3584 3755 5134 5439 6143 6705 7465 8616 11243 11663 11887 12922 13027 13675 16022 16609 17431 19863 20098 21094 26241 29450 29516 31974 33800 35833 35851 42486 51354 55763 59021 64429 65591 89014 104322
2005 2255 2641 4599 6004 7748 8574 8858 9595 12150 13231 13474 14457 14721 14998 15494 20619 20643 21835 22951 25365 29097 30178 32704 33894 35275 36956 37235 43426 45800 48480 51604 58549 68682 78878 97837
221 245 2552 4227 4633 5972 6315 7072 10357 10645 11950 12324 12927 15555 16067 16211 17203 19910 20301 21747 22389 23153 26823 26860 29456 31308 32931 38709 42873 48332 61091 64145 70492 75286 90408 94708
1763 2427 2997 3140 3584 3741 3979 4504 5238 6085 6780 6820 7455 11426 11975 15648 15751 15906 21825 22490 26797 26956 27231 28968 29741 29979 30862 33139 33965 36155 37549 43002 74170 83675 115791 155977
577 738 1812 1855 2250 3203 6714 7065 7561 8316 12253 12528 12878 14489 15276 15912 16489 18142 21858 22440 24610 25990 26347 28319 31395 36807 37000 44627 45706 47145 48363 60381 65257 75229 80423 111331
684 943 1570 3364 4399 4704 4772 4888 5282 6410 6767 6885 9822 10031 10472 12750 13026 13334 14918 15867 19096 19855 20961 23450 25407 29352 30836 32441 38211 47912 65292 66089 75098 78883 95217 172243
1627 3959 4968 5502 5831 6576 7999 8448 9026 9477 13594 13716 15288 16094 16261 20353 20908 22038 23282 25191 26136 27489 29242 30447 32408 37545 45859 45870 46797 46956 47563 50130 50208 52245 67824 104293
247 313 2161 2222 2416 3578 5650 6145 6576 10237 13269 13448 13950 15936 16307 17169 17241 20081 23452 25136 25481 30545 31905 32830 40074 43137 44204 46851 47030 48187 48434 48757 50533 55233 67562 118659
2224 2340 2966 5901 6194 6296 6669 6969 10605 12663 14011 14719 16526 16795 17166 17246 17618 19846 20699 23031 23788 23936 26315 34199 37475 46468 46741 48880 49605 49608 52171 55550 57033 64874 66663 69874
1064 1478 1608 3138 4448 5531 6728 8762 10044 10175 11276 11467 12462 13152 14093 17298 17476 19600 20281 20592 20740 21101 21466 21509 24705 26605 32571 32786 35313 40429 48462 63901 67083 84031 111484 126666
1252 1333 2728 3819 3965 4405 4452 5739 5913 6020 6138 6974 7197 7882 10081 11454 12868 15063 21016 22416 22628 26876 26886 28973 31760 31906 32772 36665 39268 41354 44393 45355 59967 74853 75761 206507
93 615 702 1741 4281 4537 6218 7664 8274 8400 10484 10875 12966 13028 13083 13304 13673 14456 18674 19802 20451 22954 26821 27335 28395 31297 35424 39636 41557 54857 67279 72361 73720 81217 89237 95831
468 1383 3616 4934 6428 7388 8299 8395 11365 12793 13686 14705 16162 18028 18396 18401 21756 22387 22969 23555 26932 26971 27552 29091 33738 34165 37507 43293 44323 47088 49464 52766 57597 69719 74565 80530
473 1375 1490 1824 2133 2784 3231 4099 4589 4646 4754 5803 5966 7138 8085 9328 10901 11596 17432 19824 19907 22853 27767 36404 38511 39383 39816 40595 43929 53128 64464 66062 69818 84184 104073 113395
3134 3308 3455 5681 9574 9583 10168 11442 11475 11507 11562 11969 11981 12911 15337 16600 18040 21728 22566 24350 25838 27021 30146 30309 31424 35604 39619 41549 42468 46084 48831 49287 52899 54512 79638 107088
649 684 1006 2920 4324 4373 5524 6313 7204 7848 7929 8382 12416 16228 19431 19608 22493 22687 28067 30004 30046 31562 31811 32223 34104 34625 35606 37801 46554 48895 50128 53116 54578 55727 58743 131706
1626 3805 4648 5262 5300 5853 7351 9048 9578 9786 9872 12290 13725 14835 15130 16212 20763 20875 21336 23031 23914 29745 32016 35348 36721 37720 38438 45496 45574 46892 48240 50291 53528 55089 85069 98646
