1000 42 33
990 1821 3201 6404 6931 7076 8861 8983 9130 10266 11041 11475 13044 13681 14361 15993 16080 17023 18211 18806 21888 25753 27627 29131 30150 31141 32024 42300 52726 53877 54078 74399 85931
1639 1951 2301 2658 2844 7175 7471 10145 11074 11208 12693 13160 16202 16302 18925 20738 21298 22128 22167 22335 25533 26929 28289 37806 38552 43221 43294 44806 51613 57058 57499 61096 72338
181 354 718 3504 4096 5011 5194 6278 7408 7720 8829 9872 10347 10373 11240 12564 13102 15640 18870 21360 21441 21777 23668 26455 30348 33315 40910 42817 43790 44532 52970 87442 128871
1155 2110 2462 2531 4616 5308 8119 8289 9054 9202 9673 10862 11759 14068 14779 14933 16234 17204 21525 23369 23968 24443 25916 27663 28652 32704 35166 50135 57298 64489 69191 90471 139168
1141 1673 1831 2438 2551 3007 4045 5577 6018 9577 10916 12224 13020 13950 14831 16420 19344 23493 23598 23932 24613 26115 27010 27107 29658 29807 33429 37969 43982 54151 69954 78638 121867
440 1133 1161 1288 3406 5374 5490 7468 9721 10838 11087 11325 13410 14091 14357 15163 16258 16277 19121 20108 21688 24693 25912 26353 29034 30925 31605 34722 41881 46528 58459 61693 65708
411 1793 2591 2967 3591 3704 4376 4943 6724 8420 8864 10598 17429 19261 19638 20062 22477 24091 24665 25288 26064 26154 29335 30145 30703 32841 38408 42828 47380 51127 62112 102799 119482
913 3163 4063 4072 4712 5504 7175 7686 10961 11564 11652 12636 13119 15117 15437 17289 20033 20863 21223 22673 23888 25109 27031 29310 30212 30308 30530 31699 36670 37461 44499 61579 111367
641 811 837 1192 3381 6519 7658 9472 9510 10332 13205 14611 14965 17681 19724 19892 20398 21810 22531 23330 26179 27509 29666 30139 30907 39895 42641 43923 46481 49074 66473 82846 120609
83 194 3445 3546 4510 4744 6660 6753 8117 10019 11932 12546 14893 15032 15493 16046 19481 20088 22507 24274 26009 28071 33098 36274 39080 44552 44693 47803 50143 53411 55560 59988 125060
1519 2406 2524 3000 3071 5003 5588 6515 7407 7959 9380 11166 12884 14145 14310 14446 14711 15713 16546 16684 20332 21116 21669 22905 33083 33660 34059 34991 46971 57277 66934 89108 90908
1036 1253 1445 2881 3973 4224 4678 4702 5247 5792 6096 9296 9596 10740 12250 12733 13275 14594 15253 21972 23544 26951 29090 29368 31684 34966 35374 36132 41424 49542 52962 97392 108034
469 1546 3094 3634 3941 5612 6142 7947 9300 10322 10529 10831 10974 12196 12916 13745 14046 15442 15825 16122 16791 18866 19184 19617 24538 28737 33955 34449 39621 65394 69212 102556 158286
438 761 2194 3023 4442 4540 7274 7897 8978 9390 9779 11113 13855 14902 14965 15021 15681 16512 17637 19273 20270 20838 21632 23113 23572 37282 38010 42023 54309 56531 67242 69418 123173
1219 4692 6134 6762 8286 8690 8726 9788 14753 15043 17264 18627 18819 18962 19174 19691 21526 23040 23787 25529 25669 26907 27214 29256 33881 34012 43110 43931 44780 45359 46499 65548 72568
495 2286 4893 5238 5314 6301 6864 6914 6931 7234 8303 9434 11163 11166 11581 12524 14514 15935 20233 23045 23966 24164 24411 25193 26401 38454 41359 48067 49411 52521 79111 100488 111472
1136 2426 2718 3280 4770 5835 6189 7656 7850 11110 12072 12917 13841 15013 21065 21173 22401 23024 27064 27171 27345 27676 28667 29813 30348 32812 40137 40272 42619 49400 57233 60117 113622
140 5327 5623 5679 5776 6971 7918 9802 12493 12714 13809 13836 14077 14131 14287 15873 16152 16287 21145 21217 28115 28636 28843 30826 33148 36537 42021 44990 50040 52935 60170 78904 91511
973 1251 1562 3608 3806 3976 4595 4739 5038 7785 8899 9266 13724 14582 15049 17431 18034 18701 19812 21239 23330 24482 24676 26352 30643 36590 40181 43327 58700 66128 69371 73453 80241
169 262 648 1016 1872 2217 2554 3966 5792 7113 8167 8848 10810 11753 12370 14947 19722 20679 21414 23507 23652 32715 38495 40151 42393 44496 44530 46068 50204 56623 57223 82817 86612
587 1582 2058 2429 2886 3831 4184 4559 5562 6203 6259 7197 7789 7854 10004 10245 13056 13555 16657 17259 17840 24485 28885 30164 31572 35967 36303 37631 44972 66156 66526 83335 93250
207 1394 1773 3135 3776 4135 6578 6612 8953 10811 12316 12445 13316 14650 14742 18868 20879 23612 24615 26431 28769 29920 33352 33385 36303 36501 40140 57478 60070 65100 65894 67831 81997
769 890 1093 1385 2540 2614 5524 6320 7802 8518 8594 10202 12961 13825 13944 16070 17457 17804 19299 20220 20887 22421 23449 24054 27468 29977 32237 37854 49308 51517 67474 73371 77469
547 573 646 686 1821 2640 2913 3103 3936 4321 6434 7262 8522 9946 11099 11777 17814 17947 19136 22198 22440 27661 28645 31458 33659 38567 39606 49568 49816 50871 64902 69978 74928
801 1343 3976 4702 6905 7024 10090 11021 11682 11737 12944 15201 16584 16639 17065 17409 17537 17620 18860 19156 23318 24240 26231 28237 37239 43195 46188 51766 55051 58649 65382 66621 71399
625 1114 2539 3669 3725 4225 4701 5765 5968 6114 6528 8615 9678 12288 15665 16899 18244 18445 19885 22706 26925 27160 33740 33772 33837 38520 40557 41908 42171 50976 66384 89751 104286
1145 1469 1752 2254 3244 4365 4633 4778 8536 9293 9331 11646 15989 16811 18626 18959 20719 21420 22280 23714 25090 25594 26296 30589 31656 31973 36969 38166 40054 43301 54165 77272 106491
178 297 701 1165 1840 2037 3822 5080 5170 5328 6885 9436 10169 13214 13898 14129 18565 18597 21540 23364 25510 26930 27660 29009 29873 33126 37038 43366 43378 46206 48803 55304 67984
1775 1900 1941 3013 3401 3516 4449 6841 10200 10644 11961 11961 13721 13771 13824 16080 17223 17354 18291 19198 19634 20408 22321 23710 23764 31949 32334 32530 37634 38344 51045 56520 174143
635 1074 1662 2560 3291 3369 6772 6969 6994 7290 7399 8024 8579 8777 10966 11109 11535 12007 13800 14910 16899 19450 20264 20991 21022 27447 31135 39875 43982 48643 50783 87229 89728
1149 3874 4530 6316 7357 7659 8343 8488 10499 11939 12225 13694 15127 15175 16990 17234 21012 22772 24950 25209 29327 30894 31862 34882 35040 41826 48383 49623 49951 55048 59346 71528 89973
934 1154 1573 1963 2687 2743 3044 3119 6250 6733 8337 8426 10807 12898 13969 15043 18474 19857 20394 21869 22327 22648 25493 28121 30865 31867 35886 47232 47724 47779 54195 60694 70151
707 1539 1715 2126 2799 3805 4337 4987 6034 7026 9614 11536 11624 11870 13537 16240 17049 17731 20896 21875 22192 22915 26971 28353 30224 30424 32471 36156 36525 41480 43495 47821 89387
109 516 1492 1881 1915 2179 2603 3244 4033 4503 4903 9090 10081 10723 11921 12807 13924 14277 23311 23693 23958 25282 25666 27989 28210 28619 33716 38401 41318 45500 52102 52599 103048
599 2223 2921 4887 5687 5934 6089 7313 8069 8700 8725 9621 10270 10507 10629 17880 20712 22994 23525 24666 25794 27805 28989 34215 43200 45701 45944 49003 50191 56737 62147 62604 71582
308 971 2140 3380 3603 4504 5088 7433 7683 8060 9529 9807 10264 12481 15612 17561 20050 21148 22483 26125 26642 29206 29780 34012 35629 35747 48166 58538 65518 67063 69701 71296 83177
88 345 1292 1584 1646 2965 3356 4476 8273 9541 11763 13556 15190 17083 18866 20992 21061 21270 22328 25184 26630 27609 29743 37528 37721 37988 39668 40391 45599 49582 60328 63486 78222
665 2657 3065 4171 4595 7243 9663 10870 11634 12156 12747 12944 13201 14894 14926 16632 16730 17136 17193 17874 18947 20146 23166 25078 32243 33874 39517 40638 43624 66918 72165 75706 77436
18 197 1656 2109 3038 3576 7155 9332 11716 12259 13065 13600 14082 14132 15616 15816 16192 16843 17406 19565 21206 22698 35146 35587 40547 42615 43652 45007 51451 56582 59420 59724 80867
829 873 1681 1950 2547 2950 3672 6350 6655 8691 9386 10626 11122 11888 12830 13949 17665 19037 20774 25769 27428 27474 30347 33491 33870 39552 40724 42750 45046 57680 61532 65719 86072
286 903 1010 1902 2391 2502 3030 3179 3691 4155 5255 9040 11266 11750 12005 12568 14246 16322 19603 20600 22404 29190 36104 37722 38967 41300 44393 46027 47522 47804 53916 56015 69873
1312 2397 2470 2824 4004 6618 7995 8344 8469 9833 10290 11044 13466 13556 14887 16070 17266 17365 19152 20107 20807 22965 24282 27014 27558 30531 30719 30788 38742 50993 62285 74618 92051
