1000 38 10
1790 38968 61508 73783 87643 90210 92152 106908 129372 152528
2833 17524 66318 66510 67333 84227 110081 116698 128789 179357
2494 48569 52135 62036 66184 73979 77206 110637 121729 213300
29294 30624 42836 52899 62454 70998 71984 104488 159423 214104
3364 20624 24026 45158 51838 57927 93787 112682 156317 201231
776 11381 16587 57670 59597 75228 98783 147463 150649 232772
9221 19333 39364 51095 54463 89615 96611 152495 153731 166927
5761 11459 13405 26093 29483 41103 43950 142969 238479 269056
4757 13510 13731 47639 48745 65274 68541 87807 96800 402633
5696 18231 43351 45148 52793 78880 86081 94303 110193 295276
363 5800 28363 33171 57320 61856 69015 102398 142617 241712
1918 12077 19032 30191 78241 100947 101731 110825 164937 246768
6253 39907 46575 50045 76633 87300 101439 116957 134744 162996
15940 18486 38906 44011 63464 84008 90828 145910 149330 170521
619 17245 37185 59930 60695 65326 95778 107629 204737 243870
11503 16387 29156 33773 59010 74278 81895 91475 157344 174606
8623 8864 20932 24473 50191 52641 89786 97458 141352 338474
2315 35200 36724 45303 47269 64911 72939 114718 137779 275375
15475 29741 56861 58184 76839 93595 96266 110706 167581 167823
31317 41627 52452 52590 65743 68372 74702 99547 104136 170982
2399 9597 15594 17048 48721 52876 60532 71684 98967 515765
1581 24513 29305 37448 48374 69739 87704 112167 147327 169871
2981 10693 19023 40781 59234 82105 98892 122700 131082 305416
17567 40489 41758 54563 54563 74190 87475 91841 110295 154079
10810 39843 55909 60926 64353 70407 83425 93445 179862 244075
7772 29765 48455 56627 58749 63038 70411 74555 131045 225814
23399 39350 39591 47316 58916 91278 96689 105228 142084 228012
11380 12777 54723 55813 68936 78532 82109 116546 153563 155458
1479 56576 63461 64213 72941 80232 86913 109410 126973 200166
19446 24732 35077 41307 48847 67055 67830 70424 156995 294392
541 10787 29553 44285 77655 86576 112570 123874 133129 137666
24300 28440 51999 70951 72458 73810 77868 80232 138187 186030
2137 2694 3130 4512 10483 16859 80553 106905 129470 408834
9005 23639 29746 38958 62722 89298 109595 126873 133749 165514
11416 15676 22156 38030 40692 59002 69562 134402 206332 249400
9494 9775 14472 55159 78757 80044 97702 98276 99840 261423
8781 9598 15912 22510 31194 32134 70751 83883 190614 263144
5268 10425 30277 69928 71674 101912 106541 139166 139360 181896
