1000 49 45
306 1481 1543 2599 2691 4216 4595 5210 5655 5662 6756 7237 7360 8465 9117 9190 9924 10610 11347 11457 13727 13885 13921 14916 15127 15143 16237 17535 18022 18102 24471 26350 27079 29481 32225 33099 33249 37543 38312 44010 47060 48060 56154 65902 93663
758 2074 2448 3913 5015 5479 5531 6145 6278 6611 9210 9456 9882 10412 10857 11420 12103 14059 14316 14929 15183 16095 16383 16528 17343 17683 19467 19717 19731 20983 21249 22807 25332 25994 26298 27373 29726 29913 30760 34257 36435 38118 68134 77541 80157
176 245 888 923 1096 2005 2584 2878 2891 3212 4888 5034 5324 6309 6712 7985 8481 9004 11683 12252 13550 13738 14368 15241 17218 18681 19088 19355 20712 20873 24159 25493 27095 30367 31207 32733 35055 35339 39304 39370 39863 53873 65561 94465 106390
159 674 1729 1890 2006 4312 5227 5270 5585 5837 6858 7866 7872 8712 10081 10666 11434 11974 15910 16127 17451 18974 19154 19360 21387 21539 22167 22517 23946 24535 25434 25642 26124 26849 27023 27072 27852 32605 41739 42662 48064 48189 48380 55963 61342
1490 2377 2508 2769 2788 3255 3507 3820 4051 4221 4965 5324 6635 7171 8097 8262 8357 10896 11319 12095 13042 13116 13233 13857 14621 15154 15260 15362 16597 16836 16856 19323 22986 24157 26452 27852 30555 31788 43851 48777 56132 61844 80615 88904 96391
70 614 627 1404 1824 2370 2375 3422 3567 4144 4152 4365 4923 5207 5240 5799 7136 8123 8164 10417 11952 13528 14973 15027 16429 18053 18072 18933 19403 19772 20744 21817 24580 24635 28274 33578 33745 33745 41561 42745 48962 60031 78222 80917 91400
793 1008 1092 1900 2399 2426 3118 3284 3664 3665 4788 5979 6844 7129 7323 7838 9219 10701 13278 13360 15287 15696 16235 17478 17820 18852 20630 20705 22760 24849 25385 25568 26127 30757 31720 34641 35338 36867 38996 41150 46929 61933 64864 66724 75870
2 737 1015 1514 1871 2055 2170 3444 3971 4020 4592 5025 5818 7142 8353 9238 9469 9821 10657 11554 13279 14010 14489 16366 17111 17836 18269 18921 19985 20003 20122 25348 26915 36521 36841 38340 42315 45953 47222 47426 47471 51677 54868 55808 62619
23 925 1668 2392 3728 4613 4743 4756 5158 5457 7366 8493 8742 10397 10747 10811 11079 11130 12097 13157 13407 14813 17025 17268 18882 19465 21813 21991 22191 22339 23187 24769 25899 26539 26781 27020 28103 28376 34350 39902 41852 43142 65972 82685 93202
713 1232 2579 2667 2807 2916 3009 3201 3308 4563 5287 5336 10408 10563 12404 12421 12678 13026 14116 14351 15926 16219 17674 20643 21801 23171 23696 24020 24080 24818 29636 30134 32852 34974 37237 37293 38111 38535 39843 41217 43234 43416 43424 43594 44606
154 408 957 1106 1373 2532 2731 3183 3373 3643 4263 4532 4742 5634 6116 6194 7594 9840 10571 11701 12357 12564 12654 12768 13434 13913 14721 18065 21671 22893 23093 24418 26296 26571 26824 28807 29281 32263 34058 39964 41984 46134 56930 74523 191964
1914 1983 1984 1985 1995 2114 2921 3201 3813 3922 4578 5435 5645 5653 5774 6652 6912 7365 8646 8984 9666 12521 12967 13014 14759 16530 17556 20617 23494 23595 25495 27187 29422 30093 30744 35680 36063 40450 41405 42964 47870 48314 58306 73007 106857
2267 2683 3189 4099 4281 4689 5078 7075 7107 8039 8854 8866 9458 9758 9900 10564 10873 12110 13219 13261 13802 14004 14805 15123 16314 17955 18006 18133 18527 19591 19901 26151 26452 28421 29553 30775 34570 34849 35008 35583 37742 38951 50072 58764 99375
521 1225 1420 2491 2861 3265 3409 3828 4106 4198 4469 5168 5642 6045 6898 8916 9049 9485 10775 11781 11842 12153 13027 13089 13736 14613 14751 14863 17028 17290 18403 19485 19782 21761 22404 25873 26920 31870 52360 54099 59503 64018 64652 80202 94499
585 637 646 1218 1648 1873 2086 2480 2693 2711 3960 4281 4349 4604 5420 8931 9637 9925 12518 14815 14920 15531 16951 17739 19040 19972 22826 24579 24823 25769 26391 27042 27119 28967 31394 33575 33790 33937 34467 38835 40742 42683 51824 61173 96089
935 1631 2443 3109 3181 3917 4016 5415 7882 8241 8426 8631 8990 10787 10819 11596 12775 13180 13748 14369 14411 15199 15260 15328 15430 16277 17471 18732 20825 23151 28933 33484 33840 34294 35129 35454 36604 39317 40220 43256 46097 46363 49111 64449 68928
925 1252 1957 2131 2188 2567 2651 2734 3010 3020 3368 3790 3831 3924 4096 4152 4220 4370 4854 5727 6154 7100 7422 8161 11044 11153 12073 13614 18311 23222 25324 27953 31131 36393 36553 38540 41391 42124 46734 48324 52600 59861 64920 72779 91417
273 1457 2404 2712 4502 5409 5436 5747 6515 7120 7674 7931 8594 8973 9365 9831 9949 10176 11410 12383 12540 12543 13210 13748 14094 17119 18155 18377 20827 21303 22309 24279 24542 27964 30534 30879 34492 37539 37794 39970 47279 68014 68573 73566 78965
60 495 797 1213 1534 2454 3098 3156 3177 3178 3636 4007 4022 4117 4449 4501 6305 6559 7062 7788 8002 9808 10086 14510 17253 17556 18833 19044 20953 22669 26989 27212 29111 32487 33289 38051 42458 42949 42967 53978 55659 62780 67516 79855 84177
640 741 1483 1551 2542 2675 3394 3419 3607 4172 4246 4411 4629 6768 7995 10579 11021 12424 12466 12741 13698 16707 16862 18044 18077 18404 21736 22311 22455 23305 24205 24566 25598 34583 35311 35993 38415 43286 43456 44463 45919 50788 51858 57161 100840
617 628 826 930 1419 2878 3304 3499 3787 4460 4694 5736 6183 6959 7171 7173 7481 7826 7986 9683 10560 10882 12162 12909 17508 17874 20484 20505 21243 21601 22928 24715 24719 29517 30107 30961 32605 32725 35964 38277 41986 48241 56644 92686 113533
230 628 999 1043 1674 2925 2945 3430 4818 5258 6583 7844 9028 9046 9118 9574 9691 10350 10918 11091 11162 12734 13311 14725 15316 18281 18867 19723 20034 22232 24191 25807 26523 26830 30939 31114 35456 36379 37764 40150 40168 41739 52889 60063 112033
1513 1644 1790 1820 3682 3961 4094 5481 6266 7348 8023 9599 10401 11108 11756 11824 12074 12131 12558 13124 13581 13596 14270 15516 15769 19020 20156 20613 20691 20777 21184 21582 22533 22576 24194 24843 28577 36326 36442 36817 39090 60722 73220 86051 101385
111 578 832 1339 1949 1960 2734 2832 3290 3833 4672 5159 5598 7284 9430 9615 9929 9967 10802 12095 13717 13782 13803 14034 14551 16659 16857 20377 21049 21147 21307 22375 22414 23032 23440 28059 35607 39447 39451 40123 44271 49631 50719 57612 143585
127 156 537 570 1083 1190 2044 2334 2611 3280 3477 3787 3985 6469 6619 11177 11555 13458 14556 15059 18408 18947 19182 20455 20620 21787 22083 24163 24239 24542 24602 25553 26785 26807 27656 31157 34813 37535 39910 40242 51363 51536 61913 70179 77485
376 414 1235 1277 1382 1400 1633 2822 4301 4572 6148 6551 8054 8218 8336 8555 8893 9680 10319 10538 12568 13420 16590 19013 19820 19837 20338 20603 21774 22826 26742 28039 29238 29539 30584 33549 35496 35793 37004 37241 41421 51957 68578 80087 86920
862 2590 3159 4400 4518 4810 5135 5416 6304 6514 6725 6751 6914 6956 7166 8765 9194 9284 9936 10900 11476 11792 12324 12473 12758 15252 16281 18720 24483 25603 25926 30454 32862 33403 35628 38066 38329 39085 42662 42960 43017 43520 54318 69171 96262
547 573 674 1642 1771 2354 2608 2979 3124 3491 3913 4055 5009 5558 5635 7604 8481 9080 9266 9446 11561 12896 13245 13266 13807 14103 15831 15915 16405 17271 18454 26944 30501 30551 31329 37840 38695 39567 43657 45235 56328 56931 65706 92307 100253
289 1621 1632 2252 2948 3267 3273 3363 4392 4491 4701 6581 6774 7111 7486 7608 8423 8615 8970 8987 9168 9491 9765 10842 10967 11183 16527 18428 19679 19735 21890 25795 25904 26135 28905 29146 30455 40887 42714 43059 43789 44166 50787 99136 105318
13 415 867 933 947 1027 1154 1717 3058 3441 4089 4512 5340 5416 5580 6486 6684 6930 9110 9872 10260 11883 12890 13072 13515 14932 15333 18763 21378 22875 22933 23760 25296 25647 26977 29726 31736 35900 40106 41312 49357 60561 67554 68059 132665
1959 1982 2078 2350 2404 3621 3863 4259 4755 5418 5740 6067 6287 6603 6913 8947 9361 10043 10759 11295 11584 15626 16506 17289 17848 18307 18418 18709 19091 20954 23584 24006 27121 29208 30006 30029 30366 32796 35263 38015 41073 48947 72846 74528 108386
444 994 1197 1458 1619 2781 4048 5556 5635 5724 5992 6133 6247 7080 7681 8021 10824 12970 13571 13794 13939 15614 17452 17596 18284 19506 20878 22243 22477 25241 26639 28841 29752 30628 31191 32621 35631 37102 39422 39506 49020 56704 58351 58634 65759
16 272 337 1991 2118 2192 2443 3483 3901 4078 4667 6064 6266 7702 8618 10574 12393 13416 14353 15043 15857 17037 17144 18658 19307 20480 21069 22920 23341 23536 23856 26015 28299 28681 30967 32557 32721 33413 33591 42028 46501 48204 56514 60853 66255
1314 1404 1425 3154 3955 4017 4337 4566 6680 7170 7604 8144 8581 8597 8841 8892 10504 12335 12445 12924 13685 14034 18331 18453 18462 18525 18736 19494 19679 20403 21449 23043 24652 26051 28726 28747 31045 36466 43587 43806 45480 53460 54656 64545 74595
1466 1847 1994 2010 2875 3833 4324 6124 6595 6734 6865 7279 7287 7546 7621 7758 7824 8496 9153 9161 9232 9735 12934 13299 14236 15191 15415 15530 16845 19301 19920 20197 22315 23092 23698 26735 27458 42409 51594 55466 60148 61156 70118 71343 77741
352 729 865 1239 1462 3068 3796 4302 4489 4683 5293 5942 5984 7510 8169 9265 9413 9469 11313 11542 13748 14072 14453 15651 16384 20679 21859 22393 23559 24200 24206 26983 27305 30084 31277 33252 36596 40102 43343 43580 49127 54179 54233 73181 91609
345 585 728 820 2040 2047 2258 2404 3226 3838 3857 4677 5121 5147 5627 6645 6819 6956 7796 7863 12074 12960 13151 16947 17604 18364 21815 24651 27522 27898 29998 31601 32135 32276 32527 34425 35357 42755 44843 46131 50668 50922 57812 58467 74438
200 348 441 524 973 1221 1799 2368 4980 5339 5581 5719 6240 7532 7763 8086 8689 8724 10603 10806 12977 13058 13482 17921 17985 18174 18704 19844 20185 21268 21303 23351 24105 27576 28772 33360 33401 39352 41012 49446 60959 64967 68532 72241 73593
568 1468 1811 1920 2477 2889 3614 3918 4014 4272 4904 5148 5219 5862 6036 7140 7339 9334 9744 10380 11040 11054 11716 12906 13941 16244 16693 16956 17255 19136 19542 21337 24510 26403 31041 31569 32063 40773 45233 59537 60264 60903 67143 82560 111741
46 706 809 1943 2460 2809 3216 3361 3521 3537 3931 4800 4892 4946 5421 8551 8630 12236 12314 12733 12950 13321 13876 14456 15015 16355 17654 18610 18762 21652 22771 26673 26686 29248 32432 38013 39886 42925 45760 47926 49447 53441 54579 61170 100084
676 1035 1244 2000 2249 3391 5106 5125 5454 6152 6977 7563 7591 8723 9419 9552 10245 10886 11411 11577 12601 12708 12907 13026 13306 15388 16529 19427 20576 22337 24396 28786 29667 33799 34224 36256 36294 39782 39888 42262 42568 49491 53387 63349 67284
48 1497 1787 2003 2406 2718 4248 6253 7464 8236 9254 9906 10272 10664 12233 13307 14468 15241 15348 16290 16444 16836 17476 19045 19662 20509 20896 22072 23002 23656 24680 24961 25718 26477 27057 29184 34110 36413 36944 37251 38095 39163 39498 48919 60360
151 682 1186 1387 1710 2197 2451 2989 4477 5092 5381 5472 6490 7149 7978 8239 8292 9759 10015 12931 14451 15520 15612 16507 17270 19670 21544 22049 22708 22872 24509 29027 30382 32781 33562 35298 37736 38009 38555 40976 48045 49230 58063 60119 60500
641 1714 2381 2382 2488 2642 2739 3134 3397 3786 4687 5152 5786 7175 7296 7388 7575 9588 9643 9914 10216 11448 11614 12195 12579 13591 13897 14527 18227 18454 23959 27826 29364 31613 32126 35131 35645 41627 43376 45313 52313 60269 61172 68227 72191
979 1010 1196 3052 3066 3079 3230 3554 4520 4981 5537 6973 7243 7699 8597 10474 10891 11356 12281 12398 13833 17119 17217 18115 19069 19247 20098 20889 23130 26154 26609 28286 28896 29608 29940 30407 30884 31207 34290 34589 36174 50813 53538 58835 98297
1142 1480 2236 2409 2647 2711 2836 3092 3263 3556 3722 9286 9456 11311 11325 11414 12734 13263 13445 13606 13675 13697 14814 15084 15843 16319 16845 18744 19157 22966 24146 24981 25372 25620 25757 26509 29619 34704 43545 46192 53758 63839 64384 77967 94220
431 786 1227 1909 3036 4274 4453 4460 4640 5615 6634 7021 7114 8921 9067 9285 9486 9885 10274 11238 11925 12332 14214 15759 16222 16301 19037 20619 20623 22056 22288 22762 24234 27235 31714 34630 36016 39980 41667 41925 45485 50136 58807 87264 88001
1308 1513 1743 1914 2031 2144 2313 2410 2503 3016 3213 3653 4517 5118 6956 7083 7394 7405 8685 8985 9022 9631 10122 10438 11984 13898 15778 18086 18258 21599 23071 23659 23769 24436 25362 26075 28795 29903 41927 42276 50640 68000 74835 78551 150775
281 854 1469 1535 1691 1698 3399 3604 4117 4232 4672 4741 4910 5098 5134 5190 7557 8133 9904 11085 12274 12388 12912 15223 15554 16824 16934 18825 22477 22636 23577 25564 27127 29188 34007 37660 41126 43147 43381 46679 46838 47206 60071 78796 110863
