1000 34 17
1843 4666 6971 9439 10523 17800 20635 21698 30808 34192 46038 58389 59398 60336 140871 151578 235405
414 3915 7860 13506 13704 17636 21524 38404 41803 43443 53254 80888 85872 106632 108100 142273 151782
2820 5100 5903 6364 10062 14257 16243 27016 28709 42558 43897 83073 88306 91691 97467 146100 254634
1753 4968 4976 5339 7827 8267 9532 11516 18866 20406 24837 53127 59945 68744 125507 192317 293916
2601 9335 11904 15287 15545 20567 24650 34096 42892 47271 48833 56495 58264 84297 109742 171542 188047
347 3208 4138 6509 15322 16362 27672 38322 39736 40004 40176 45744 56064 59984 68327 74978 381977
722 6986 9204 15890 16261 23462 31508 41408 42670 48359 62744 65153 77515 83283 94961 119637 159188
4072 6948 13762 22584 22595 28340 28796 30308 37243 38681 39260 54450 67380 90618 128130 152178 186261
742 5340 10812 19542 21529 22505 25718 30555 42059 50806 52832 72380 92958 99613 119660 121140 144801
1220 2216 18249 18549 19018 20106 25763 28648 33122 35386 55730 63793 65427 81850 102376 161834 190702
7124 8648 8806 10002 13170 17703 19044 20867 21957 34345 57348 68108 82632 94879 99562 111547 239856
4434 5743 7379 16832 19109 28582 32537 36266 38520 46795 55586 59922 72620 92341 118176 123658 155667
3234 5625 10962 15225 15721 22574 22647 42762 48838 50157 53244 69801 70693 78504 92679 124908 191715
1640 10551 11641 16794 18849 24110 34646 43752 47104 51773 56536 60209 75511 78753 111188 112500 185020
1576 1709 2825 7417 9062 14125 14613 16932 20565 44223 45606 52498 59558 126059 149635 160077 178180
1773 8216 14002 19520 23844 24947 26871 29255 31493 40633 45515 48974 54466 68105 136628 161641 183844
3902 6680 6721 12627 15153 20270 26095 35915 36864 41266 41490 41576 57372 104348 121634 165373 188195
229 7081 7596 22539 24170 26059 28990 33502 46941 50368 56775 63233 78647 84258 99928 126917 139564
3815 11902 21766 25951 29615 29884 30277 31400 40980 52690 55812 63727 66616 70524 88018 141375 175120
3509 4118 5104 6427 10821 14547 15489 24891 30114 36349 37926 50654 68523 115309 123042 157572 210762
3965 6349 11996 14192 14795 18474 24445 25950 29770 32962 48721 50607 82797 100210 101571 120909 250287
1829 8855 9438 11420 18436 21834 22991 24047 32417 37021 40900 41187 47435 63244 105611 157790 299868
2357 12996 17172 21520 26291 36049 49546 49817 57019 60129 62597 72290 72710 75415 82224 91215 142867
4983 12526 13627 13851 15873 21148 30986 33941 35062 47868 66057 71961 81772 84171 100712 129261 153269
434 1637 5639 9330 12559 12960 21678 30234 35989 39113 53051 55598 58247 119261 137546 141461 162775
1300 1758 1921 2866 5417 6237 7807 9725 14565 26561 66225 76336 79342 79499 91593 161854 267066
124 6456 11227 11390 12662 14409 16063 25512 32348 34371 36167 40615 43146 70527 94381 161549 291053
1230 1720 4076 4260 8394 11734 20057 24868 25136 25454 31836 38115 58945 79515 156203 192080 212054
11301 13460 17284 24547 33693 36507 38293 38618 40377 45136 49116 49409 65242 74201 80212 97091 202645
1890 9401 10804 13616 17201 24239 26376 55080 55984 58997 60525 62766 67196 75029 111953 144251 167750
7342 9609 14367 14647 16697 28961 36494 36520 38203 38883 39749 45087 59950 71658 75835 142247 254560
5282 8202 14347 16322 20994 27858 27946 34372 42626 49806 56753 63005 94371 107442 113728 116697 118368
3896 8169 19238 21125 25690 28316 29547 44709 46988 50788 51087 68518 90684 91770 95497 124115 156453
265 2766 2922 24500 25108 28296 35093 37352 50026 54882 55742 59252 63589 63651 130201 133890 155982
