1000 45 43
1154 1553 1749 1900 2362 3046 3161 3784 5892 5970 6964 7039 7712 7864 8723 10405 11460 12551 13324 13470 16837 17086 17282 18719 20073 20871 22463 23106 23107 23597 24214 29455 30770 31700 34754 37682 46828 46910 56598 60542 66616 88873 89362
167 1539 1848 1867 2568 2749 3563 4714 5988 6409 6688 7278 7844 7976 8488 10913 11238 14006 14652 15352 17359 18922 19357 20254 22164 24045 25121 25124 25544 26557 26925 28262 28658 29007 29411 30813 35892 54763 56145 68438 68979 71084 87690
857 1152 1188 1432 1529 2787 3073 5050 5059 5780 6278 7512 7619 8757 11583 12654 12736 12804 14110 15452 16788 16971 18012 18151 21234 22588 22672 23084 25487 25605 25974 26147 26864 28909 36796 39456 44012 45334 53329 61296 68232 74479 88936
1249 1385 1787 3657 3689 3882 5907 5927 6025 6702 9734 9919 10184 10884 11067 11080 11312 13593 14020 14262 14922 17621 17630 18565 18777 20060 22566 22758 22962 24557 25964 28576 31941 34324 36825 38487 41214 46262 46562 47598 60317 63012 127580
313 486 926 1485 3209 4312 4383 4894 5606 6275 6993 7434 8991 9005 9739 10037 11312 11442 11695 12102 13197 13393 13541 14306 17642 18171 20600 22876 25472 25976 26253 26793 27952 30573 33562 37086 37753 39457 45048 46631 61937 91292 158078
35 51 208 1113 1853 1952 2539 3709 4481 6360 6662 6745 7212 7804 8079 9369 9624 9804 9904 10606 12087 12217 13614 15934 18216 18543 18694 20932 21995 22006 23110 23935 24266 24523 28206 31592 35824 43822 49956 53166 80305 99515 165086
451 1130 1373 2225 2286 2605 3729 3764 3979 5004 6554 6817 6916 7498 7655 7687 8378 8747 10851 11186 13113 14850 15221 19095 19296 23631 23936 25902 26268 27730 31307 37240 37884 39000 40815 42112 48309 55228 57468 58991 66707 69414 83375
531 1210 1402 2305 2768 4550 4634 5428 6656 7425 8638 8790 9246 10358 12173 12387 12910 14148 14611 15363 16274 16885 18708 21568 22409 23578 24279 24733 24934 25846 27566 30246 38085 38531 39538 40020 42684 45851 46301 53229 53386 60688 73903
540 582 3019 3844 4944 5533 5781 6034 6864 7431 7657 9525 9979 10539 11818 12339 13115 13577 13958 14039 14734 14859 15198 17185 18020 18590 18815 22746 23556 23900 24412 24723 24981 30545 31061 31943 40167 47233 51688 55669 60305 91054 120692
890 1021 1812 1843 2209 2553 3303 3425 5604 6095 6879 7492 8037 8334 8429 9186 9556 11458 11582 12120 14368 14549 15314 16168 16502 18187 20503 21874 23632 24062 25141 25854 33171 46702 46787 47089 52331 58971 62183 62856 63881 68297 85014
86 1658 2016 2130 2411 4048 4089 5107 5545 7786 8316 10252 10890 11824 12034 12228 12906 13046 15830 17062 17480 17542 17671 18511 21459 23752 23790 23799 25175 28528 29817 30797 31310 33888 37428 41531 43844 45547 46078 49833 59019 73680 78970
458 1233 2361 2736 3843 5018 5195 5236 5632 5957 6695 7173 9038 9333 10149 10772 11107 12279 12778 13914 14354 15321 15442 17355 17679 20592 21381 21786 22075 22769 29843 36140 38396 39308 39579 39737 41582 41708 45008 46748 73405 91180 93211
263 350 2463 2956 3132 4014 4429 5302 5858 6007 7047 7426 8260 8266 8418 10015 10282 10925 11350 12745 13625 13924 20498 22794 22999 23364 24258 26506 27082 28500 29701 30475 30634 31509 34966 37100 39241 40642 43441 59668 60810 91232 97210
809 994 1315 2021 3104 4631 5663 6302 7404 8209 8234 8371 9976 10896 11304 11439 11774 12005 12499 13240 14386 14605 17349 18807 18941 20013 20724 22287 29276 29420 29623 34139 35601 35625 37203 44201 45495 46302 57566 62377 62516 67377 69977
916 1131 4051 4990 5843 5871 6093 6555 7060 7921 8302 8430 8515 8631 10368 10518 11616 11842 12365 12690 13602 13884 14084 14365 15017 15154 17532 17933 23827 27261 29435 29490 29794 30448 31203 38724 42095 42486 46506 51204 59727 74709 137451
803 862 1260 1795 1981 3347 4018 4331 4428 5501 6594 7540 7624 8109 10731 11123 11233 14132 14930 15513 15697 15978 15984 17073 17616 17748 19071 20725 21626 26398 27421 28971 32016 34649 38106 42610 46402 47046 57902 58173 58326 70479 99802
527 770 1136 1291 1295 1905 2349 2636 3013 7254 8796 8864 9019 9127 13674 13900 14256 16038 17228 18153 18158 19116 19646 20490 23273 25276 25685 26063 27157 30878 33179 33240 33430 35710 38507 38942 40512 43737 44554 44861 62695 66653 68681
1687 1781 1981 2693 3407 3922 3938 4723 5235 5749 6068 6087 6373 6540 7702 8234 8852 11011 11545 14810 16151 17573 20241 21626 23146 24180 26190 26364 26675 28729 28973 31839 35175 35995 40792 41061 44316 44359 45051 52925 54931 73954 91013
143 507 1297 1337 1400 1672 1869 1891 2831 3732 9262 9893 10001 11450 11820 12297 13635 14279 14605 15089 17425 18481 18532 18668 21259 21311 23981 25111 26772 29182 30301 30518 31243 33705 38672 41458 44463 44999 48852 52557 65599 72483 74775
1072 1663 2303 3055 3216 3383 3476 3520 4827 4954 5193 6530 8294 9332 9984 10094 10900 11856 12050 12484 13408 13507 13928 14098 16346 18954 20123 20344 21435 23768 27280 28212 28434 33967 35809 38328 39999 43357 55433 60838 66834 67765 150710
224 1271 2271 3221 4630 4645 5036 5110 5442 5754 5895 6453 6971 9444 10422 10517 11083 11101 13129 13579 17917 19534 20458 20512 21426 22367 22554 23753 25451 25972 28076 29282 29795 31361 33560 34839 45368 48360 50276 61408 66021 66623 105205
166 670 2054 2660 3738 3836 3966 5158 5159 5175 5223 6035 6110 6513 6855 7426 7644 8360 9132 9911 10043 10650 12037 12315 15483 18566 19245 20462 20693 26319 30485 34403 34568 34931 38966 41433 46393 51635 65295 74712 75759 83273 85451
500 647 689 1940 3229 3414 4600 4791 4830 5452 7039 7286 7867 7941 8006 8831 11085 12129 13880 14513 14950 15589 16402 17330 18377 18713 21627 23831 25822 27383 27767 29444 31323 34444 35305 47207 47792 48822 50114 53053 59369 82479 89909
573 1464 1763 3427 3450 4828 6207 6546 6578 6819 7503 8627 8684 10026 11181 11182 12437 12637 13929 15051 15107 15370 16051 16391 19238 19337 19977 20069 22902 23032 26535 28600 29668 30706 30796 31075 33690 48085 52746 59151 70030 79701 105475
347 2419 2520 3697 4024 4167 5143 5162 5557 7842 7990 8606 10769 10923 11754 12099 14607 14620 16546 18681 18695 18770 19031 19259 20315 21504 21922 23379 24214 24768 25607 28516 28699 29908 31830 40231 42396 46767 50431 50748 53947 62758 96935
529 957 1126 1842 2424 3240 3432 3739 3926 4069 4320 4724 6135 6917 7369 7683 8846 10266 10541 11469 12263 14757 14935 15274 16206 19142 23311 23649 24096 24118 24237 24740 25046 28534 33374 37579 43480 46233 52531 58451 82084 82307 154971
126 177 290 543 796 1788 2647 3490 3507 3658 3787 3811 3833 4468 6024 6872 6941 7948 10544 13505 13549 14533 16346 17696 17932 19778 20048 20509 22893 24400 25095 26706 27685 30155 32607 38499 41313 42322 43897 57454 73717 100326 158479
3 2126 2300 2708 6010 6256 6464 7461 7829 8842 8919 9568 9981 11860 12021 12420 12918 14519 16607 17183 17436 17677 18918 18931 19282 20017 21859 22232 23150 23155 26543 27033 27730 28411 29313 33405 34470 34693 40157 63300 67065 73387 104782
186 1080 1194 1663 2185 2305 3639 6387 6427 6846 7599 8881 9091 9934 10029 10635 10978 10986 11518 11738 13655 14561 16321 16522 18395 19160 23009 25189 26665 26943 28281 30979 33325 35524 39193 40520 45498 50959 56439 56825 65969 75805 81902
254 360 403 423 1188 1335 2009 5124 5699 6777 6873 6958 6992 7747 8622 10658 13282 14093 14818 14961 15304 15347 15973 17929 18726 18906 19164 21397 24885 25020 27111 27799 28015 31692 39531 39989 49882 52178 59226 61429 69266 82577 86615
1396 1446 2443 2658 4073 4176 4176 4303 4753 5000 5226 5793 6038 6823 7432 7878 8111 9409 9818 9981 11929 17183 17496 19478 20384 20852 22083 23815 28671 32287 32658 32986 35260 36254 36622 42923 43542 45869 55227 65971 67857 72594 73415
865 1302 1382 1576 2103 2212 2632 2882 3560 3889 3978 4291 4822 6958 7696 8904 9125 9405 10395 14215 17206 23555 24194 26118 27234 27884 29604 30549 30616 30629 30955 31313 31517 34800 35756 43648 46144 47115 51258 52731 58885 70925 76292
841 1387 1453 1628 2091 3357 3769 3977 4311 6762 7394 7404 7578 8624 8806 11446 11491 12289 13328 14138 14549 15254 16590 21528 22119 22438 22863 23980 25012 25556 30983 31473 32969 35120 35433 37729 38741 39070 51070 56263 62782 63807 109400
143 615 1043 1528 2492 3173 3225 3574 3963 5679 5848 5894 6069 7009 7613 8173 8445 8836 9468 10104 11483 13195 15249 16961 21849 22548 22964 24133 24756 26242 35179 35280 36128 39667 40179 42795 45418 51421 52103 53356 54221 68359 119999
226 667 979 1167 1915 4544 5524 6233 7967 8483 8928 9011 9067 11030 11417 11549 11825 13257 15813 17373 19483 19816 19895 20588 21086 22273 22779 26740 27607 28471 29182 30247 31800 35427 36163 36624 39023 39920 44141 45076 58367 62296 97841
37 415 679 1026 3991 4634 5982 6605 7140 7757 8444 8995 10344 10474 11859 12297 12941 13115 13298 13672 13679 14478 15766 15875 16985 18140 20583 26064 26870 27606 28191 29724 31681 32713 40015 40895 42318 43836 54972 57139 61039 61126 110157
193 1549 1572 2443 3330 4804 7783 8201 8521 9100 9678 9773 11633 14072 14205 14459 14929 15535 15622 16489 16498 16682 17051 17281 18667 19757 19790 21157 22474 22960 24990 26048 28335 29389 36924 38170 41933 46270 47893 61802 63286 73205 78687
520 622 2655 3557 3723 4039 4277 5094 5183 5485 6337 8326 8618 9126 9295 9367 9501 9569 9892 10091 14474 15012 15622 15950 16183 16627 18575 20679 20713 24362 27730 30341 31937 32572 32879 37214 57875 58914 60544 60853 65349 79483 103925
629 835 1779 1798 1930 3352 4732 6191 7292 8079 8772 9402 10009 10096 10855 11189 11561 13053 13990 15196 17332 17466 18227 18623 19844 22904 23826 24336 25394 25927 27772 30169 37038 40845 41959 42027 47216 52857 53562 58681 58926 63344 66101
39 52 1156 3192 3817 3863 4774 5095 6480 6725 8197 9132 10713 12553 12816 13568 15319 17096 17515 18304 18713 18859 19406 21178 22621 23038 23428 24283 25916 26126 27065 27651 30535 32380 32899 35035 38432 42295 44248 48552 49289 76499 103548
221 697 1124 1533 1555 2767 3112 3334 4157 5109 5166 5232 5480 5809 5923 7421 7747 8857 9969 11178 13394 13644 16651 19652 19835 20753 23775 29835 30454 31119 34444 38636 41250 41417 43065 43785 48034 50384 51500 51833 58039 82057 83798
1828 2081 2342 2346 2666 2969 3705 4395 5375 6705 8921 8963 10234 10953 11135 11312 11433 11916 11997 14030 14634 14841 16097 16505 18670 18906 19637 22060 22124 23613 23740 28095 30211 35686 39673 40667 43322 50738 53244 56160 69438 86276 96200
315 644 669 1103 1719 3779 3893 5511 5754 7354 7477 7699 11650 11792 11921 12016 12791 14404 15249 15416 15642 15670 17083 17160 19133 19367 21340 23380 24869 24915 25121 28710 30059 34309 34943 38081 42783 45893 54939 60016 60687 74429 91763
791 2405 2637 2642 2907 2959 3974 4001 4561 5345 5356 8734 9474 9508 10546 10894 12572 12732 13528 13597 17256 17604 18066 19619 20117 21585 23175 24895 25451 25916 27075 30702 31112 31438 32680 33723 34423 35147 39625 52589 78850 84684 100040
298 935 1122 3361 3556 5494 6480 6797 7743 8012 9532 9650 10501 11229 11535 12314 14048 15247 15277 15499 15707 18481 19030 24069 24463 26279 26770 27540 28536 28695 30487 31079 31399 33682 35415 35569 36488 40822 44447 44735 49917 63534 86232
