1000 47 24
389 4251 7629 7975 10979 12707 12977 17160 21125 22203 22279 29234 29547 30363 33273 38056 39778 41961 46265 59256 63545 63713 81999 106542
420 4082 4569 6386 8656 8738 11032 13762 17763 17858 21383 22345 22618 24955 26027 31172 35961 38026 45673 56786 59195 60411 97595 145913
1003 1230 1364 2666 4800 5445 7729 17896 19488 22422 24919 31336 32527 33543 34853 37321 37772 38486 39626 39715 46225 54598 123641 174789
865 3458 5020 8265 8269 8603 8748 15511 16258 21515 22342 22672 23889 25245 33338 35443 39728 40962 44873 69072 79715 102973 119977 133035
1555 8451 9408 9603 10166 10852 14922 16506 19648 19943 20508 21364 26343 30608 31849 38735 40043 41459 59030 66585 70747 72805 96051 101743
25 731 2373 7036 9130 10097 10852 11511 15935 19165 22619 23273 25087 25819 26146 27061 37110 44436 55984 61243 70979 104483 116875 127635
344 430 6813 6827 7984 8790 9715 10830 11645 14445 17904 18435 18679 18792 22158 22554 26696 29773 31217 52289 89384 102517 147475 190563
668 1021 2942 7172 8301 8627 8936 9106 10563 11213 11959 14643 14818 17211 24387 28571 32944 41736 52212 56577 57965 101087 124487 125641
818 2409 3880 4537 6360 6784 11496 11936 12638 18997 19104 19911 20672 39686 40227 43643 45695 47851 47952 52964 78446 96192 96440 182033
1396 1792 2676 2783 5038 5589 6775 7500 8829 9807 17531 17975 18838 19680 31371 33813 39667 53543 62892 65221 66484 117647 120031 178886
160 404 697 3023 5365 6332 7529 8258 12037 13164 13469 15565 20341 23953 26382 34362 44309 68180 70822 87765 89515 100429 116582 128295
1276 4789 5696 6585 7845 8368 12852 17119 19856 21666 22561 26125 30759 34529 36478 38018 39312 41665 45448 52961 56748 89074 107019 125757
2516 3449 3651 4476 5890 6425 9540 9742 13228 14661 16433 19407 19714 25402 26338 28888 42010 44344 47259 51521 66445 78878 90916 112880
784 3344 5163 10005 11013 11375 15243 16203 16521 23960 24274 25392 30249 31366 32400 40455 45582 46374 47068 49362 49958 59267 64509 108052
265 730 1998 4701 4936 9072 10664 11306 12748 14053 16033 16586 22317 24152 28508 32049 32907 40242 46097 46371 60801 77751 160055 234380
400 483 2253 3253 4810 10064 12163 12225 12336 13069 19513 21199 22548 27021 34075 36034 50677 51954 53674 54005 64893 91550 122983 133894
548 1906 2330 3052 3291 6720 6968 7385 9523 17371 18713 22655 24372 29697 36527 36618 38081 42709 49795 64158 74207 86373 110561 125368
491 4251 4777 7278 9825 10343 13411 17572 21001 21901 21986 28398 28443 29053 34920 39246 45213 48245 53322 55983 64693 75226 75462 101993
1326 2950 7796 10136 10301 11214 12543 12653 15665 19508 20741 21871 23241 25489 28098 29097 31643 32806 49246 54522 65220 110597 113554 142348
288 1090 1162 1450 2285 6193 13689 14787 15714 16477 18260 18262 23523 24717 26482 27019 28032 30484 57357 57404 66542 81149 90990 170890
647 1820 4305 6397 7906 8191 10608 12028 14405 15308 17174 25966 26391 27808 31023 31902 33451 37761 41946 67919 73788 75186 80541 98175
1157 1476 2624 3757 5516 10406 11426 11450 13932 14431 21993 23193 25475 29400 32256 33706 37338 39519 52477 61837 62583 69207 93050 188306
925 2361 2410 2758 3131 9899 13577 14183 14809 15208 18787 25834 26072 28280 31551 33363 44237 47709 48655 56735 60155 84248 95340 95969
905 1211 9296 10413 11004 11753 13927 18958 19193 23796 24607 27190 28929 36313 39502 42305 42986 48723 49429 60224 73253 76858 78883 141723
312 7351 9733 9785 10499 10674 15323 15605 15707 17447 18333 19207 27195 31152 33268 37180 37868 38078 38678 46017 57330 67643 69808 106927
357 735 831 2512 3503 4709 11202 13807 13810 20609 23967 28493 31692 33363 33808 37267 37851 42955 45618 59525 65118 73441 102662 109253
3133 5942 6062 6182 7572 8845 9273 13264 15707 18544 19629 20515 23270 23877 24502 25884 37307 56215 58781 58909 69932 76238 78403 91152
4106 11273 12450 14812 15043 15359 16554 17841 22599 26057 26094 30566 31396 32464 36878 38923 40328 44418 49153 53120 60308 84247 84955 87413
1930 4233 6137 6774 7970 16221 17260 17537 19929 22374 22630 29731 30882 31509 32928 33676 33767 35821 36902 60363 65665 71492 91117 101172
347 1327 4039 10231 15464 18088 21922 22257 25088 26883 27128 31493 32669 33089 45466 52417 54821 62410 62942 64345 66417 72144 77318 83740
347 935 1222 3325 5628 12736 13328 13634 13716 14612 24267 25298 35557 41484 43779 44989 46664 51212 51623 56709 59357 61518 66360 73204
1856 5385 5824 8658 10199 10803 12932 14257 14776 16226 26577 27370 28084 29824 51611 55600 55607 56409 64369 66961 68059 70657 77031 97032
1070 1578 1847 2632 6836 7995 9142 9308 14907 23478 23952 25189 25920 28539 31921 31999 42269 43940 55235 63614 72342 76450 105946 126539
217 838 1781 4642 6040 6565 6937 8386 11481 20296 21534 21702 27998 29270 36685 36823 38227 41269 41444 45949 52782 54068 92058 152269
1574 7411 8519 9318 11618 13782 14123 14377 16575 19739 29490 31583 32411 33366 33907 34911 36287 44077 45104 47160 57506 72676 76867 83847
1910 2275 2306 11024 13936 15667 17409 20698 23283 27175 27331 30911 31834 33149 33385 35377 36208 42429 43696 57025 62466 71124 122844 139370
1347 2081 3070 3221 7855 8675 10124 14178 14247 15671 17102 18953 23779 28631 35332 36236 43904 44567 63420 67174 82018 91256 115008 144423
1516 2411 4799 5236 6344 6874 7163 9260 11474 13750 13972 14982 15727 18049 22641 29801 35267 40092 42321 55314 62566 80491 85975 178177
5130 5636 6341 7767 9944 10283 12492 12566 13877 15028 15427 16958 18763 20418 25827 28699 38279 47048 49662 52850 71317 74294 78261 135288
28 1890 1965 7513 10445 13003 13087 13233 15782 20727 24718 27543 28159 29456 33596 35721 39437 43134 45053 46227 56459 62078 99555 150166
1865 5714 5762 6072 9535 9964 11914 12999 13693 14579 16092 16803 21839 23103 24492 27745 37926 39298 40843 59445 64422 77478 87530 120052
868 1029 1261 3884 5189 6470 8009 11186 16792 16985 26421 27027 27237 28975 29001 47546 47576 50347 57054 68885 69382 87961 116921 149314
1163 5710 8578 9677 11172 11309 11793 18727 19885 24608 26926 32617 33890 34353 37936 40510 40515 44949 50684 61267 62070 72542 81186 87037
3315 4717 5301 6050 7815 7987 8633 12610 15417 16284 17225 20268 22666 24347 32241 32676 41573 42362 44462 44801 69155 70283 80400 124765
590 993 1610 2058 3006 4424 6284 6626 7790 9909 10252 21995 23780 28728 30060 31728 42640 45409 47329 61620 87804 93994 103444 109521
3268 5416 6580 7156 9769 11185 12206 12797 13524 22108 24927 31487 32765 33771 33838 34450 35579 42653 44539 46568 49261 56970 92065 109526
1257 3787 4739 12068 12857 13630 14153 15380 20653 23202 24945 33507 33573 34804 36059 38053 54455 59879 60840 60886 71207 81214 88999 91579
