1000 40 7
2974 25673 30146 34906 157907 162910 582357
59910 99708 108155 110037 143506 158369 315198
13843 26505 63938 87156 202078 281710 319783
18006 19541 55421 66150 165497 254919 416063
5412 15527 42675 78357 110357 273078 470583
5156 5649 60864 123409 123882 204711 474449
22251 39616 42112 70922 191500 230154 398641
24183 32666 34430 61686 103410 263469 476210
55673 57694 107239 117166 167298 167518 324890
20391 66022 113835 144054 156344 162676 331683
22990 30948 51435 54004 235722 296026 306771
13935 20596 38114 81373 128043 244495 469644
34697 47708 82305 86390 98431 172963 472679
50744 81136 87051 114912 131983 188668 342057
5051 6511 113938 157710 220783 237868 253563
26077 39417 102346 148417 179661 191825 307789
4345 17690 53341 69555 133422 149884 567261
11291 68348 80798 101472 143422 290753 301955
1853 8111 90266 90692 129906 324128 349878
443 26506 35289 44354 165150 190228 535852
17615 41349 50669 98739 236361 260613 289675
28057 59778 92338 147451 195556 234882 236547
39841 65904 78089 123720 141718 142027 405813
11967 57757 115294 157777 168684 227554 258023
10728 11079 17311 39923 236725 261233 420280
11497 28837 95569 101495 121353 162472 474607
37799 56993 74020 133000 172526 256581 266587
342 66888 114661 153028 184272 234404 242684
17992 27079 40449 121373 213192 214551 361499
10882 12486 84607 198159 212563 215961 262730
26654 57140 67280 108838 141784 243259 349916
13537 43219 53637 62490 188195 218083 416034
13991 48757 81174 117021 127926 269805 336593
24085 41775 70400 151023 191389 243918 274619
30148 31550 55735 100935 173627 287792 316094
20609 20645 36283 149171 175289 256433 338767
13477 23058 138961 145702 196998 213033 266725
9664 14462 41365 51355 125274 298099 457142
23052 51138 58245 90471 222394 258465 293576
18296 21593 53534 119951 162061 269073 352132
