1000 39 35
792 1702 2916 3300 3978 4010 4645 5026 5320 5426 8224 9642 11493 11571 11965 13448 16842 19960 20551 21408 21690 22203 22601 24469 26331 27202 33399 33770 35313 57398 63756 90932 95196 96563 108350
1680 2760 2946 3057 3519 3781 4077 5483 6128 6971 7330 8719 9117 11770 12253 14849 16095 16459 16916 18089 20938 22432 23868 31642 33957 36262 37332 38181 53618 55312 59127 65162 67152 69161 140486
139 1095 1167 1237 1558 2672 6134 6698 7326 7774 8274 8954 9302 11165 12156 12302 14379 17622 19842 20667 23486 31557 32182 33915 36248 41563 42754 44475 48854 55984 60715 60764 69826 77625 90632
1001 1423 1974 1992 3306 3871 3991 5131 5371 6057 7230 7697 8982 9780 11537 16193 16299 16934 17439 24969 25659 26635 27190 29123 32319 38273 38562 43148 44330 45857 54847 55901 58285 84334 132309
2788 2821 5535 5665 6212 6525 7901 8084 11108 11678 12461 12626 12634 12853 14012 14319 15574 16729 17695 18403 19113 20961 21264 25520 27970 31791 35749 41614 42832 44578 50777 53085 81096 110397 137928
308 1185 2202 2631 3971 4154 4186 7243 8274 9072 9189 9802 12404 12506 13258 14555 17017 17914 19987 20156 20270 20983 21476 21986 27874 30548 35046 37538 38195 42423 45262 58413 64401 93891 183549
679 841 3253 5408 6045 6458 6974 7647 9129 10276 12635 14192 15921 16894 18003 19093 20914 23387 26171 29620 31311 31879 32045 33687 33753 37639 38715 40895 42974 43936 47142 60492 72590 75316 81769
96 784 1323 3235 4167 4342 6054 6895 8313 10385 11124 13872 15202 15932 16524 16921 16930 19055 20239 22058 22105 24074 26146 30664 32423 32990 36614 41898 52697 54889 55282 56840 57356 82531 85195
342 1637 2303 2576 3713 4117 4632 5381 6503 7290 7462 7643 9493 10828 12365 14879 21934 22249 27667 27990 31080 31640 32147 33044 33230 36265 42005 43188 46216 51796 53107 55122 64627 65420 95290
542 1276 1664 1720 2011 4913 5446 7486 8475 9744 9957 12264 15365 15715 17235 17404 17755 18094 19096 19314 20248 21275 23146 28087 29924 44014 45261 45894 46305 58767 62171 62854 63618 77626 93592
210 445 767 1495 1958 5930 8673 9106 10225 10749 11331 11776 12230 12257 12751 13033 13142 13549 18851 22052 22390 22509 24947 27548 30597 35437 38779 45701 51193 68457 71452 74303 76727 78194 88787
613 1673 2931 3211 3606 3755 4382 6253 7208 8078 9127 10363 10708 11784 14133 16455 16502 17602 20342 21319 28250 28826 29851 31740 36942 39986 41271 42665 43218 43851 45781 65636 72260 74565 149898
414 783 2022 2490 2567 2774 5160 5354 5631 6845 8202 8916 10117 11069 11187 11801 12945 22887 23373 26015 28103 31826 34791 40293 42209 43151 46049 47716 50909 58154 59625 59645 60552 76300 82433
1226 1667 2318 3139 3417 4898 5590 7085 8350 8743 9242 9974 12033 12912 12943 15423 18786 19800 19848 23862 24253 25556 29010 30086 30627 35158 36106 42203 43693 50854 54636 65692 79494 93285 99877
356 572 641 2400 2596 2794 2957 3681 3845 4643 4920 5567 6371 10904 11442 12224 12276 12869 15711 25222 26054 30706 31100 32035 32334 32609 32634 34801 44769 56017 61674 73915 81582 89663 143229
481 1124 1839 2540 4133 5700 7443 10541 11626 12952 14520 18031 19248 21274 21823 23405 24620 24654 26053 27656 29376 31660 34393 34420 35693 36996 37132 39485 42958 47541 51479 52312 53287 56181 62982
2109 2565 2910 3266 3319 5689 6178 6770 7469 8205 8709 9263 9758 10254 12349 13837 14078 14383 14405 20727 25605 25962 27202 29203 32684 35249 39570 40497 44063 47912 68884 75968 77052 77558 108216
238 852 1557 3561 4490 4519 5268 7469 7711 9872 12735 12906 13183 13985 14339 14818 14822 15252 18118 18670 27208 28351 30888 31710 32367 34159 38019 38671 38770 40792 44306 48587 69039 83947 152949
983 1091 1693 1881 2668 5480 6093 7590 8685 8801 9374 10945 11019 13827 16020 16729 17221 18365 18737 19364 19713 20716 23474 26913 28229 35932 40702 41009 43533 45004 45863 62962 73189 99291 123889
818 1316 1822 1897 2112 2677 3100 5410 5423 5530 6859 8011 9771 11289 11958 12566 13406 15945 16549 18377 20135 22708 23799 30291 38541 40766 42861 50263 52447 52734 55913 66579 74209 75697 113373
1611 1978 3244 5165 5185 5562 6048 6306 6722 7762 9503 9928 9953 10612 11791 12830 14864 14872 15719 18560 18592 21588 21891 26856 29228 30772 33533 37329 39495 42182 48994 77766 92292 99060 127108
135 202 597 4006 4667 4724 5330 6856 7156 8969 11636 13573 13766 17762 18842 21058 22503 22613 22963 23649 24760 26404 26749 28278 28783 28933 33939 43044 43288 53446 55679 67075 76801 91635 96397
1177 1717 2589 2762 2799 2936 4074 4331 4537 4699 5069 5382 6782 8320 10329 10742 13929 15300 17806 19547 22098 22974 24666 25474 33816 36458 43505 44469 44871 45399 45409 67736 81095 105080 169325
252 1075 1577 1862 2621 3027 4546 5356 7137 9133 9249 10333 11114 12320 13195 14984 16527 17534 18219 19531 22889 26720 30265 31467 31897 35052 38842 45438 45810 49869 49977 59150 82146 113539 115426
616 740 1080 4372 4449 4870 4902 5774 6792 7062 10331 11057 11778 12909 14833 16326 17151 17714 18403 19711 20248 24095 29696 30246 33519 36396 38768 46077 54616 56994 61974 62404 68244 70684 80292
514 2540 2828 2957 3794 4232 4599 4973 6228 6410 9544 10639 11899 12857 15233 15422 21696 28558 29922 30679 30984 31155 32587 33107 37959 38846 39884 43391 45454 47691 48942 69469 71334 72254 76782
2 119 532 4115 6222 6814 7325 7407 8004 8663 13742 13919 14267 17805 18793 18923 19554 20122 23926 24585 30377 30803 31873 32201 34507 37765 38392 47226 48793 51534 51880 55481 62194 62216 73062
3082 5776 7559 7881 8550 9748 11715 11777 12104 14883 15031 15323 15930 16322 16861 17663 20015 20148 20756 30215 31159 32734 33123 33677 34165 35267 36595 36920 38432 38945 39820 42971 71036 71778 91618
16 2440 2911 3279 3402 4340 5739 5790 10950 11240 11789 11834 11949 13010 13573 14333 15794 17136 19402 20634 22588 22766 23510 25007 25787 28912 33245 34720 36911 44162 47154 47678 107249 118949 134709
1041 2749 3126 4430 7486 7689 8455 10032 11496 12211 12984 14825 14883 15919 17400 18932 20322 22203 24077 24602 25113 26499 28607 29009 30423 34450 35845 37544 38955 41391 45454 67647 69282 75998 97425
2438 4217 4550 5117 5473 5548 6173 6869 8410 9513 9573 10292 12303 12749 13758 14838 14936 16509 16973 17323 19007 19405 19636 19678 20111 24864 26173 31130 36906 39820 45857 46875 84726 123023 155586
1375 1800 2816 2885 3539 4580 6285 6821 9042 10596 10618 11272 12096 12137 13372 13570 15010 15367 15906 18894 19274 20173 22704 25700 27628 35852 38102 39973 64462 68007 69387 69518 72565 86072 94402
69 1397 1739 2007 2849 4884 4969 6448 6799 11277 11287 12496 12918 13428 16155 16218 16313 16621 19257 20223 23114 25990 29160 32014 32748 36749 37503 46036 49633 52241 58158 79415 80181 80322 87612
537 697 1033 2732 3858 3898 4835 5870 5928 6548 6959 7152 12461 13706 15448 16106 16861 17678 19644 20208 21052 22001 24192 24497 27102 30240 34814 34946 43229 45140 46396 48431 56433 85760 203879
2283 2447 3621 4457 5841 5845 6496 6871 8938 9243 11354 11998 12454 13461 15679 16785 18386 18784 21682 22118 22359 24274 25332 27744 31822 32043 32670 34687 39997 49091 59526 60964 79404 87248 110375
553 832 1234 1896 3009 3080 4990 5542 5682 5739 6640 8259 8746 10066 10897 13114 17221 18174 19235 19913 24052 24491 25163 25247 30118 31995 37458 42535 47926 57584 61695 64841 67473 76029 126392
117 190 1344 2492 3691 4576 4756 5641 7820 11844 13519 13579 16422 17584 18110 19602 19778 20678 23841 25149 25898 27210 29451 30318 31393 32571 34602 35818 46043 46510 54147 56747 60969 96835 98740
583 764 1237 3711 4156 5294 6479 8066 10125 10399 10410 10986 12386 12452 13048 14159 14599 17031 19881 23214 24260 24605 27312 29880 33646 33686 33811 46930 47972 54704 58058 61439 64437 73823 96224
774 894 1107 1158 3268 4653 7026 8650 11660 12923 13449 17780 18111 18613 19725 20580 21469 22359 24193 24301 25604 27186 28061 31092 33477 34371 34955 38193 41957 44186 44584 44982 62000 88047 120965
