1000 27 38
412 1028 1678 2301 2381 2438 2453 3474 3705 7120 7744 8708 12140 12326 13088 13290 14865 15135 15760 16679 19971 22501 26564 26620 29594 30267 31874 33697 35683 40576 44584 45888 47247 58290 63847 77729 83804 88328
860 960 3426 3539 3698 3908 4018 4028 4082 4149 4730 5509 5781 7638 8586 8793 9193 9835 9975 10516 11372 11812 13472 15967 17829 18094 27353 33566 36227 38064 44017 64239 79968 84100 84964 85449 86488 118809
391 785 954 1244 1376 1719 3877 4162 4203 4237 4298 9004 10550 10632 10746 10845 10871 11424 13809 17631 18077 22338 22451 23468 25944 27575 28239 28966 41537 43864 46887 53267 56964 58767 61294 62873 105938 118995
204 699 872 2103 3923 4352 7588 8060 9468 10609 10737 11194 11452 12234 12478 12479 12551 17343 17408 18285 19077 21563 22636 27763 28096 29075 29653 34063 34993 36230 39218 42534 44937 60339 66329 71930 86160 105052
1430 1826 2696 3710 4008 4146 4250 4570 4620 5053 5158 5887 7280 8018 8043 8381 9698 10131 11049 14293 19785 19973 20128 22260 23798 27582 30645 30973 31012 45234 50741 53450 64266 70451 70718 81180 84621 104200
352 1658 3650 4017 5365 5636 5804 7843 8258 8341 9336 9542 11879 12401 13423 15418 15716 15929 16113 16494 16534 17348 18100 19973 20153 24534 26528 27173 28164 33496 35457 37937 38224 56130 59891 87940 105014 139208
42 2858 2902 4309 4941 4953 5035 9996 10440 10899 10969 11987 13000 13510 16227 16437 16657 17661 19168 19523 20468 21843 22228 25816 29470 29658 30550 36354 37153 42695 46796 47017 49650 51861 51874 65260 80559 82178
113 657 909 1468 1838 2294 4336 4426 4523 4892 6895 7304 8012 8330 8737 8912 9588 13469 16368 17909 18854 19513 23040 24353 24374 26217 26289 26698 29295 29359 41160 57658 59356 62102 65312 80167 101590 122821
57 755 1251 1801 2930 3447 5158 6741 8708 8754 11069 12636 13241 13439 14690 17671 18037 18824 19248 19396 20727 20948 21542 26791 26809 29535 30337 33444 33563 36185 41619 43676 44315 47444 49092 49606 54624 173049
118 325 1903 3031 4533 5928 7170 8470 9241 9622 10853 11628 12733 13842 15342 15601 18338 20161 21928 22246 23472 27947 27967 27994 28153 29287 30038 30093 32712 35685 36186 40319 41147 47064 64461 71199 79839 98503
150 1610 1744 2009 4056 5599 7608 8507 9161 9370 10261 12075 12087 12602 12989 13207 14374 16473 19719 20551 22827 23877 27191 27603 29345 31001 31145 33484 34846 39073 40143 52824 57833 60798 61786 65047 69141 72601
140 1305 3735 4753 5281 5927 7360 7939 11319 11367 11683 12278 13681 14588 17134 17190 17208 18474 20437 22681 23473 24259 25396 26534 28633 29001 29829 32962 35059 42017 43031 45765 46090 52463 53878 54853 69618 83951
871 1051 3025 3425 3754 3969 4401 4978 7174 7644 8334 8682 9099 10271 12096 12302 13323 13754 15007 15335 17161 19076 21829 22698 24109 25610 28005 29519 33596 41181 45105 46522 53629 68687 74407 77751 79915 96826
15 481 787 1959 2669 2727 6050 6291 6862 7968 8163 8621 8656 10137 10259 10868 12284 13110 13336 15194 17184 17750 19772 20971 24316 26568 29473 32193 33613 34920 46585 47490 49792 52503 75955 95160 98962 103477
160 776 1784 1851 2528 3545 3546 4528 4813 6359 8810 9414 10972 11853 11875 15176 16218 19754 21640 21833 23891 26730 28405 29650 30760 32297 37851 39051 46178 47269 47704 53162 55233 56363 56413 59117 63002 75657
338 1322 2767 3289 3726 4683 6431 7322 7651 8237 8723 9789 9941 9991 10758 12933 14750 20205 21834 22256 22538 22863 25766 25953 26439 33376 34004 35349 36657 40965 41910 42105 43900 55161 57688 70896 72499 106399
22 1037 1652 2234 2526 3493 7234 7569 8299 9035 10374 11268 12251 13207 14359 16104 16127 16357 16363 16803 17548 17820 18955 20967 22254 26128 28212 30571 32438 34563 35940 39812 59422 61621 72052 80391 94175 106400
120 1061 1311 1433 1934 3867 3991 4771 5865 7346 9855 9996 11508 12185 12593 14192 17181 18838 23695 23743 23851 26044 26493 28895 29103 32519 33599 36976 39535 43117 46352 46745 47414 52209 56309 56372 59554 113696
957 2047 2753 3667 4213 4582 4955 5496 5507 7099 7503 7619 8026 9734 10502 10507 12278 12460 15821 16862 16962 19966 21367 21816 22362 27152 28905 36621 41803 43426 45645 47903 52368 55872 65274 69219 82932 124100
2901 2902 3175 5678 6603 7235 8001 8120 11405 11641 12288 13230 13527 14088 15000 15559 15783 16886 18103 20088 21206 22286 22327 26745 28210 29426 33471 34596 34642 36489 44011 47451 47602 53755 54245 66219 66756 73078
893 1627 2426 3711 4164 4308 5232 5559 6023 6339 9669 10023 11919 12042 12210 14527 16003 17633 17914 18633 21753 22345 23483 26498 27199 29611 30517 38315 40532 44003 45029 46907 55340 55774 58253 68564 80028 89534
1660 1957 2275 3143 3480 4128 4939 5531 6769 6903 6922 7633 8141 11688 12116 14835 15934 20958 22041 23899 26431 28819 29436 30789 34259 35782 37331 37788 38057 40969 41930 42047 45568 46860 51831 62037 72360 95774
1491 1942 2209 2491 2849 4783 4897 6338 10123 10233 10805 12200 13015 13620 14031 14068 14071 15032 15399 15516 15582 19655 19668 21671 27991 28458 28861 29558 35759 37639 39381 44272 46206 49022 61369 70953 77360 125744
393 1443 1559 1604 2009 3560 3716 4429 4647 5541 6865 7402 7775 10078 10176 10788 11177 11933 13560 13605 13761 15184 16179 17305 18100 18466 18688 21039 33237 34985 39723 45246 45509 49842 70653 89216 105290 179099
1563 2199 2254 4178 4613 10665 10741 10888 11875 11920 12431 12458 13436 15008 15811 17642 17762 18007 19166 20140 23737 23878 25244 29674 30645 33757 34342 34376 35058 41961 45139 46830 49189 49388 53680 55690 62948 70335
132 223 671 834 923 2723 2769 4832 4983 5584 10198 13210 13561 14757 14762 14968 16749 16963 17442 17745 18532 19276 21094 21179 21410 24785 29875 36381 37316 37935 43993 48236 49532 54823 67543 85674 87323 88314
671 2241 2340 3775 3975 4198 5474 6861 8629 10333 11756 11819 12306 12337 13092 14453 15570 15700 15792 16707 17598 20769 21911 23842 30033 33741 34289 36401 38365 41042 45276 46862 51282 52308 56094 56202 83984 96382
