1000 24 11
6771 7524 12293 13336 20818 41511 61680 112750 134359 143283 371708
12709 15713 19971 30248 31866 39008 93935 104797 142795 208967 215728
1879 2223 7225 16594 41715 76939 83508 142960 166991 171532 229808
12386 19477 44405 45285 46602 49402 99856 100295 147298 170955 180174
1053 11928 18664 26938 27522 61539 66706 76903 152060 194079 282850
22480 24665 36622 38053 50009 50903 53249 56251 63960 215937 317594
15751 25715 39436 48934 62497 87670 97187 103083 147945 160688 165620
4108 8740 46795 55972 57938 71417 85007 92545 128444 144532 238978
3250 14564 15886 20697 53176 91705 91903 93388 143259 175143 240090
8819 18646 26714 50451 58341 74925 91706 92232 154424 156191 227545
143 516 2463 3301 9864 9997 11212 12249 20470 321755 570290
1169 2841 3920 24962 26132 36591 91113 116971 164626 240279 241766
1188 5988 29439 62702 72413 78300 80252 102238 110846 163607 238545
15641 23834 37373 47813 61015 61033 67574 76684 77127 205721 263432
8652 23939 42577 50961 54569 86013 96756 104588 116255 145637 195611
1746 18879 32272 32522 46497 64209 73421 77719 83023 127069 385418
316 13068 27293 37983 50814 61153 69861 106493 132425 174396 287277
141 5851 15834 16728 49031 60217 88380 120579 189673 190322 199861
6500 28146 28685 47292 54716 65199 93128 106536 120853 128470 270171
17317 19571 21287 29616 55258 77116 97278 102532 132376 197764 212671
2708 5239 12690 22635 44601 60509 67728 75000 114380 219357 314983
8183 8230 21271 21752 52494 57878 64812 71521 76026 138492 396279
2306 10071 30279 46308 56032 69022 78259 89175 120065 164826 291782
10411 13523 17543 20272 25445 54536 70818 113761 159963 190228 249756
