1000 19 46
1204 1482 1536 2255 2278 2724 3038 3420 3803 3994 4537 6013 6040 6557 7280 7774 8639 9157 9444 9617 9727 12609 12790 13313 13572 14106 15440 16190 17597 18440 18445 21271 21912 22314 27554 27872 30439 40779 42459 44895 47672 51423 55124 65177 66675 87062
223 937 1288 1347 1695 3791 4130 5530 6339 7864 8630 8923 8927 9827 10211 10234 10444 10500 11908 12424 13123 13506 14379 14498 16045 16463 17066 17356 17786 18566 20532 22112 22663 25714 26520 26704 27057 31206 33027 33495 37512 42908 49290 60125 76896 86565
709 735 817 1033 1376 4043 5153 5858 6788 7084 7437 7649 8318 8366 8621 10261 10545 10607 11378 11585 11914 12105 13219 14637 14786 16552 16691 17332 19996 20633 22606 22711 22825 27059 28987 29861 31776 33468 33886 35009 47163 47809 53556 56779 58834 79998
1062 1438 1606 2390 2481 2706 3147 4257 4594 4901 5567 6893 7159 8473 9998 10224 11269 11508 12648 12858 12879 13648 13710 13989 14210 15358 17977 18936 19751 20372 21033 21567 22784 24114 28810 29114 32415 34373 38037 40814 51093 55788 57924 59319 59914 60078
19 416 783 1483 1514 1585 3392 3824 4569 4654 6131 6198 9713 10739 11102 11240 12488 14409 14596 14627 15103 16503 16957 18739 19781 20392 21964 22125 23161 23706 24436 25838 26149 27465 32725 32877 33141 33591 34355 38682 38881 43417 49930 53533 54853 59179
214 851 1425 1533 4102 4418 4998 5414 6313 6499 6514 6643 7264 9716 10085 10194 10371 10577 10582 11181 11549 11731 15636 15998 18261 18789 19000 19403 21953 24411 26730 28941 29538 31286 31797 32061 32688 33408 37342 37967 40088 45285 45395 52647 57402 70719
333 588 731 1769 2066 3100 5882 6121 6203 6508 6611 6892 7037 7061 7329 7543 7581 8830 9411 9933 10046 10157 13876 15529 16679 16811 17227 18524 19531 20766 20952 22494 24197 24373 27820 28999 30793 33655 36621 36865 37021 44521 53863 58758 73551 94682
367 1312 1444 1971 2311 2350 2545 2901 3397 4499 4990 5973 6935 7772 7863 8832 9220 9811 10408 10669 11585 12175 12779 13122 13319 13588 14718 15897 17728 19347 23421 25625 27805 28340 28573 28860 28905 36090 39654 39803 40815 42993 45643 47407 59639 134057
337 1797 1802 2225 2527 3001 3365 4639 4944 5114 5355 5675 7328 7561 7598 8329 8608 8705 9106 9233 9448 9841 10505 12761 15569 20095 20659 21152 21874 22448 23821 26768 31249 34113 35462 36083 36596 38780 39051 39570 41739 47698 58215 60130 60690 68263
916 1477 1636 1669 1904 2271 2450 3538 4007 4645 5019 5550 5648 6784 6946 7445 8008 8066 9297 10146 10946 13099 13413 13490 13823 15764 15929 15947 16234 16547 17034 25704 25828 28830 29791 29865 30156 33584 34621 38359 38631 44053 45934 51836 63432 145462
883 1706 2398 2508 3524 3809 5460 6778 6934 7341 7546 7708 8349 8511 9560 9706 9979 10617 14082 14181 14643 15591 15783 16195 18841 19199 19202 20504 20955 21454 22301 22630 22824 24066 28180 28272 29210 30789 31556 31659 34543 38802 45165 47847 67247 107322
546 780 1008 1051 2211 4708 5205 5491 5798 5818 6294 6404 7850 7886 8093 8127 8403 9203 9238 9654 10198 10649 11772 12615 13827 13831 14389 16319 16399 17147 18845 20952 22748 24746 28569 32286 32743 32812 40251 43953 49213 49276 50842 51540 64418 94125
1138 1261 1377 1488 1850 1980 2437 2460 3884 5117 5602 5742 6441 6504 7742 12252 12479 13294 13550 14717 16103 16862 18006 19019 19746 19965 20279 22311 22549 22838 23161 28054 29316 30364 33204 33336 35012 36085 36481 40702 41684 43270 44112 46316 51215 76396
541 928 1090 1205 1462 1774 2634 2923 3154 3236 4642 4780 5283 5346 7053 7389 8175 8548 8704 9109 9319 10381 10933 11415 12743 13723 14883 15534 16417 18081 19189 20742 24945 26430 32232 35256 37451 38096 39823 40908 41984 44978 48352 67715 81850 90930
187 216 776 790 1096 1365 2264 3588 4144 4329 5195 6125 6170 6223 7459 8887 9019 10955 11361 11548 12160 12324 12382 13129 14642 15061 15175 16435 18435 19161 23571 23671 24156 24979 30715 33646 39432 40413 40508 40607 42598 45241 48909 50686 62671 70882
66 117 485 1368 1556 3064 3176 3185 3204 6152 6252 6386 7252 7509 8627 9653 9813 9924 10371 11238 12640 13638 13708 16630 16672 17572 17602 18581 19492 20255 23331 26797 27793 31907 32297 32678 33831 34970 36384 37810 40738 42359 42518 47651 72801 95905
234 605 1829 2230 2933 2947 3041 3159 3988 4222 4653 4737 5231 8167 9108 9906 10068 10839 11750 12799 13486 13811 15321 17087 18038 18381 18584 19088 19165 19883 20465 21630 21999 22125 23309 23726 25381 36446 38696 41022 41151 53077 57558 58233 73154 76516
347 736 739 786 1768 1914 2519 3375 3402 4447 4954 6448 6453 7130 7238 7450 9824 10836 10964 11270 11414 11482 12076 12354 13714 13878 14426 14984 15412 15456 16028 22728 24530 25957 27345 27732 29684 32768 34239 39852 47622 50279 53202 78640 78748 81905
1056 1417 2115 2188 2354 2841 3158 3201 3717 4741 5705 6725 7154 7351 7624 9052 9450 9516 11289 11770 11783 12191 13030 13863 14227 14287 14865 15889 16016 19838 21955 22156 24086 24103 24831 29007 30849 33548 33720 41357 47562 48283 52976 61787 73285 105871
