1000 16 20
704 3169 6400 6992 13460 15267 16150 20784 26591 26604 37677 43444 46036 50578 51654 58861 71066 80026 111934 121483
895 2489 4006 4890 11636 11641 12638 18121 32805 40794 41419 47000 48025 52499 60291 66946 79399 85719 89636 192527
4336 4832 7196 7418 7906 13568 20265 22079 22357 23044 35490 36131 38309 45853 48385 49007 63898 97390 106541 139159
34 1716 6380 8582 11854 12186 16049 22424 25177 31971 37925 44618 46266 48966 49439 54411 62638 70888 73664 219559
2965 8574 10351 10855 11763 17771 19597 21144 21599 24775 26135 29758 30543 35071 39377 42279 44438 51930 56741 289152
91 1625 6132 6782 7318 12892 17086 21806 26956 28023 28413 41602 43215 50041 56914 64659 66556 82854 108284 185092
1952 4658 5922 7272 10174 11594 18081 19663 30417 33719 44170 45814 47981 54408 65639 72576 74505 97114 122321 130118
2543 4837 5034 6192 7952 9261 9343 27207 28669 30612 30781 30997 42805 64258 70747 73158 78077 87301 119968 126790
2495 7098 8456 13153 16084 17662 23345 23969 25198 25525 29990 37008 44440 47695 47912 65914 82551 84763 145166 158021
667 5920 6682 8290 9783 19991 20567 22299 24985 25316 34707 36786 41111 49625 54415 56935 59480 128337 142671 165515
952 2650 8424 12106 14367 19770 22166 22633 22658 27055 30033 31691 32207 36489 37165 37254 57593 92259 120132 240190
1214 1370 1732 9267 12658 13227 14823 14856 16565 26528 45921 47886 53768 57142 62657 63902 68723 69432 81440 239709
910 1293 3446 5071 5101 6742 12365 12517 13219 14752 16254 21038 27557 37554 43773 70418 78855 100922 151442 155051
4226 6549 6718 6811 9524 11457 11913 29550 31048 38422 38916 42384 42946 44253 56892 58969 75562 94387 100237 205299
3081 4592 7757 12784 21837 25239 25737 28093 38166 41200 43145 44966 48464 53309 58016 58901 61470 107056 112914 113397
2154 5738 6752 12263 16847 17671 19249 24813 30803 32886 36000 40390 40784 45380 66998 72375 94244 115859 116035 123976
