1000 33 8
25749 41814 43725 64420 86719 110904 201412 235067
14749 63943 74882 103282 114580 145886 187413 216083
19559 76229 88682 88815 97337 123164 136778 261070
6067 22211 30035 35701 151472 163177 221180 243381
213 3622 4009 22492 57329 244709 248203 287355
9369 9589 10352 21645 106819 108637 179647 431441
29288 32650 33556 70088 131438 153102 224135 250982
7741 29548 35373 50203 104055 131256 183076 341197
25184 37962 38648 46114 50422 145383 205673 250443
8827 16612 29608 32905 83724 170729 242070 289097
9358 13350 29058 67544 99663 170851 200887 268584
26716 30349 32121 35581 65053 97297 199461 307498
4290 13061 13823 23377 58636 125104 154027 453160
9020 12830 20722 76337 88586 100133 229927 285672
15017 23156 24686 47392 63827 88419 112128 446556
11660 15049 37432 88196 140987 154526 192157 198561
2591 16520 24250 82521 97453 151070 246598 267649
13770 45922 55341 137521 138927 144347 167662 211214
10561 47205 48093 75918 99283 176058 193750 239303
10211 12022 12043 31051 67431 175687 289019 292590
22587 35135 51611 62706 63975 91791 196910 327934
13960 26433 50878 62261 74721 83114 242127 269349
10008 19191 49185 50886 92243 112240 219645 295313
43460 64247 73303 77272 111034 137835 165375 188472
446 5993 57135 118763 133941 150365 184484 201692
14187 75120 88574 104344 119566 155348 166633 168378
5004 10951 25143 25790 185196 204305 212828 256866
9162 10421 58738 114138 116665 138496 225659 231727
660 23523 35145 69277 153348 161176 200380 235549
37068 46094 61340 67435 140220 180302 183927 197309
17708 23567 28702 50038 61630 135431 144610 361093
25681 38945 43394 111200 113404 140597 144483 267992
2111 3109 39225 48047 77589 106875 113139 453133
