1000 43 41
333 1448 1790 2254 2314 2521 3429 3519 3697 3930 4503 6096 6182 7636 7857 8461 9307 10019 10881 11897 12008 12751 14045 17322 21673 21759 24665 25601 25910 26419 29083 29621 29688 31290 32149 32543 33390 46400 50259 85664 91395
101 743 918 1135 1194 1489 1821 2915 3096 3280 3340 4406 5371 7166 7239 7766 8366 9140 9536 10120 10528 14448 14553 14629 25495 25661 27233 28777 29696 29884 31209 32861 34754 34923 36454 45078 48681 51780 60100 60854 71539
558 913 1427 1725 1782 2361 2712 2885 3019 6708 7146 7729 8585 9196 9500 9693 11760 12071 12262 12711 13018 14937 15647 15781 18921 20566 21396 30614 31293 32186 32599 36371 39248 42264 43841 44366 45610 54029 59716 71193 76064
175 1124 1316 3533 3740 3761 4905 5358 6479 10767 11003 11241 11973 11977 12026 12112 13070 13221 14353 15959 15967 15975 16053 18061 18899 20578 22155 22172 24212 27101 27243 29689 30812 36293 40274 40378 42931 45120 48923 53513 54337
400 667 860 1077 1197 1733 2257 4583 6101 6171 7974 8224 8339 8412 8780 10110 10537 12225 12231 12942 16734 17620 17628 18180 18799 18960 20783 23406 25327 27964 31818 33809 34825 35349 38481 38821 40913 42684 45359 59293 109951
29 1111 2177 2902 4290 5756 7203 7965 8993 9031 9105 9714 11524 12574 12630 12760 13419 13659 14475 15589 16181 16257 16415 16771 19159 19206 19535 24814 25414 25999 26483 29378 30007 31176 34792 40386 49479 52786 64280 70315 78076
187 1924 2752 3363 3819 4040 4406 4412 4616 4712 5227 5546 6345 9605 10323 12009 12211 13240 14747 15370 15965 17398 17789 18730 19288 20646 22284 22314 23718 23753 24408 25158 28977 30672 30876 31369 32026 39146 43449 44661 144923
1378 1590 2292 2472 3010 3473 4321 4946 7101 7541 7652 8208 8737 8968 10104 10377 10937 11754 11829 13007 13865 16354 17236 18753 19895 23192 26876 27964 28081 28513 31083 31937 32420 32699 37346 38465 42294 44069 44826 67224 78640
203 1159 1319 1446 1535 3295 3669 3682 3695 3925 5665 6367 6813 7986 8553 9464 10112 10797 12355 13308 13349 13885 15322 16257 17156 20068 23518 24440 27377 27757 32733 34025 34219 38998 49188 58505 60760 61166 66768 67401 80905
333 387 678 1448 2058 2569 3089 3972 4062 4197 4511 4965 6128 6894 7005 7270 8018 8999 9714 10787 12696 14548 14889 16182 16940 18630 18727 19307 21719 22099 25348 26871 30734 31084 32835 37357 38134 45541 48601 51814 133095
466 712 2267 2741 3641 4121 4320 4430 4492 6171 6179 6264 7667 7685 7738 8728 8755 10146 10847 12055 12173 13493 14510 14584 15991 16073 16215 16570 16832 20571 20723 27713 27985 29094 31817 32162 32264 49507 50716 71029 140559
170 954 1438 1492 2125 2292 2884 3110 3265 3310 3624 3709 5189 5861 6524 7828 8759 11749 12246 13466 14227 15051 15345 16975 19285 19416 22238 23743 25800 26560 26751 30535 30706 31423 41321 41432 44377 46024 46760 61373 102716
917 2274 4696 5604 6228 7000 7085 7386 7843 9364 9805 9875 10610 11713 11717 11978 12484 12503 12942 13395 15698 15822 19192 19910 21389 23118 23803 24057 24259 25368 25826 31452 32783 32825 33097 37012 38048 39265 47653 56622 57675
396 423 940 1083 1287 2010 3274 4370 4867 4983 5993 6228 7268 7803 8137 8963 9117 9403 9509 9827 10324 10972 13662 14330 17995 19224 19474 20253 22137 22985 24460 25703 25766 26834 30496 32466 34773 42595 45234 72349 74395
1116 1894 3399 3554 4136 4416 4670 5245 5783 5828 6520 8271 9283 9506 10508 11621 12444 12947 13407 14102 15367 16015 17539 17898 18332 19755 22115 22905 23322 23847 24617 25237 31940 35767 38811 39884 41147 48096 56841 63319 87841
142 147 756 808 1073 1307 1727 2682 3662 4225 4246 4993 5661 7438 7563 7720 7742 9860 10620 11086 11599 12770 12814 13309 14258 17806 18300 19681 20222 20515 20684 26363 32798 33213 35025 37573 51401 70466 70539 71550 85053
553 806 1171 1490 2422 2757 2857 3268 4259 4532 6089 6332 6822 7702 7768 8217 9509 9698 11316 11432 11473 12363 13028 13468 14732 18106 19566 21661 26010 26266 26623 26986 29894 31102 31456 32084 34410 53487 85764 101893 106964
636 909 1964 2211 3049 3321 5306 5767 5915 5972 7951 8444 8640 10037 10362 13289 13709 13968 15664 17049 18290 18375 20738 20805 21698 21780 25604 25873 26157 26847 27088 28821 29697 33218 41895 45041 45787 46535 49057 57006 58072
347 449 2215 2497 2664 2747 3159 4259 5884 6356 6532 7532 7612 7886 8449 9039 9663 9696 9919 10084 10475 11200 11830 11888 12555 13437 14680 15640 16048 17691 19678 19835 20665 24183 24760 38960 42371 48994 63990 83020 113402
1119 1867 2377 4216 5402 5860 5991 6768 7106 7594 8823 8953 9285 9540 10102 12695 13597 13900 15715 20591 21797 22290 23332 26394 26838 27199 27221 27308 27934 29139 30312 30484 30821 31523 33503 36237 36309 43529 46232 52798 56357
623 785 814 1107 2144 2166 2313 2817 4893 4971 5252 6339 7993 9032 10097 11553 11704 12248 13702 13726 14380 15484 15494 16051 17279 18226 22587 25295 25312 27382 29778 30456 31768 32193 35628 36300 42222 45075 48349 50399 88516
157 170 345 779 798 1665 1962 2099 2387 3618 6851 7074 7266 7447 8689 9794 14092 14416 17077 17742 19109 20026 20594 23692 25786 27003 27343 27767 28319 29862 31431 31500 31973 32474 35476 37517 38683 38906 43251 43317 84579
212 264 1867 2272 3922 4148 4839 5289 5641 6024 7006 7111 7940 7949 8503 8625 9074 9075 9577 10205 11565 12332 12448 17815 19595 20008 21098 22725 23702 23867 28231 30727 31514 31771 32447 38136 45364 48695 51257 51280 73005
15 512 1182 1552 2112 2974 3342 3670 3850 4246 4747 4780 5196 5242 5255 6237 6322 6834 6995 8083 8760 8881 9899 11382 12020 14069 14459 17499 19151 20271 23382 23431 23766 27259 30590 35091 41710 47654 51722 57632 131890
623 3685 3901 4844 5882 6086 6217 6440 6802 7241 8305 8356 8754 9598 10437 10730 11076 11307 12256 12719 13249 13300 13305 13710 16253 16632 22099 22585 22627 23903 26757 29960 30075 31091 32559 34338 41470 46824 50519 51177 67798
152 409 481 684 956 1172 1213 1941 2818 3761 3875 4791 6159 7511 7533 7990 8049 8764 9126 12147 14803 16301 16882 18016 18866 21688 24607 27818 27834 28285 28406 31984 33025 36046 39486 41141 48685 65060 69849 74342 78015
1003 1598 2009 2800 3693 3937 4099 4112 5041 5152 6522 6605 7008 7157 7470 7905 8860 10267 10888 11079 12289 12331 12666 13540 13834 15369 19316 19657 19857 23493 24077 25997 29489 33835 35139 36479 39427 40293 43079 75145 90418
264 981 1415 1891 2668 3353 3493 3520 5059 5712 6382 6547 6806 6840 7047 7070 8193 9784 10264 10347 10827 11786 12356 13506 13555 14019 20148 21608 23631 25386 25839 34042 34088 34592 36937 39958 41342 41527 53570 72112 72460
179 940 1184 1303 2703 3239 3842 3871 4266 6630 7039 7367 7849 9284 11182 11333 11654 14145 14333 14889 15371 15558 15919 16300 19870 20794 21019 23847 24480 24786 25054 32693 35324 36369 38235 39910 44946 47425 57688 62186 78953
1552 1570 2070 3151 3381 3506 3556 4004 4186 4365 5141 7414 7633 8776 9025 9201 10101 10121 10750 10914 12241 13199 18006 18413 18779 18925 19427 20654 21734 25273 25894 27718 28584 31936 32298 35201 35575 37785 46746 58115 113236
532 570 1311 1463 2275 2497 3455 3610 5289 5730 5968 6499 7798 9362 9988 10142 12253 12750 12939 13719 13793 14184 14431 16217 18248 19004 19518 20544 21223 24392 26054 28199 28513 29616 30702 33991 36581 37672 43783 64767 65839
937 1067 2047 2686 3064 3356 3707 4533 4767 5268 6289 9197 9403 9648 9893 10065 10561 12544 13001 14234 15021 15995 18869 19506 20260 22749 23084 25639 26297 27786 28121 28196 30893 35649 36115 37322 38523 41135 41918 43156 71289
433 535 835 1569 1602 2016 2234 2306 2657 2854 2903 2928 4638 5319 7196 7860 8535 8768 9631 10203 10915 12934 17094 17313 17605 18253 18602 23802 24755 25453 27081 27942 29289 36004 37707 38796 40202 41198 41238 49469 64907
2761 3156 3475 3646 3689 4464 5049 5145 5165 5188 5668 6800 9422 11504 12046 12173 13072 13255 13277 13727 14063 14229 14367 17722 19452 19668 20333 20861 22647 24694 25823 26188 28335 34359 35281 38493 39085 39783 44939 46507 81575
106 961 1132 1653 1790 3374 3767 4117 5730 5968 6379 6682 8304 8554 8565 9668 10789 11416 11913 14798 14815 18780 19030 19443 19576 19696 22012 22146 22808 24046 27588 28446 29662 33416 36610 45321 46475 56521 57535 71393 94374
415 1055 1325 2280 2537 4327 4692 5130 7736 8033 8533 10942 11228 14535 14822 16140 17213 17279 18194 18793 18963 19413 19610 21328 22386 24796 25652 26479 27074 28109 28239 28450 28538 30373 32370 36754 39272 43110 46535 47582 86205
285 394 1057 1179 1803 1814 1900 1931 1958 3439 6134 7402 7917 8117 8388 8438 8496 9074 9154 10436 10679 10816 11453 14305 14636 15854 16162 21071 23571 25674 26499 27311 27365 27444 35819 39916 40546 43280 52633 58848 66794
190 281 752 825 2542 2579 4545 5274 5768 6605 6966 7610 7629 7667 7737 8410 9797 10231 11789 12024 12068 12184 12221 12338 12762 13319 15420 17746 17783 19680 21436 23757 26363 27016 27150 29446 36092 48441 53248 64080 91080
421 754 1102 1227 2348 2782 2888 2945 3239 7176 7752 7849 7869 7937 8106 9026 9716 9933 10833 11120 11546 13010 13081 13889 14898 22265 22318 22844 25972 27872 31710 31827 32725 34354 35602 36702 38195 39173 40546 48008 60976
814 1395 1596 2028 2142 2475 2489 2621 3958 6445 7649 8395 8773 9351 10499 10841 11338 11729 11876 12187 12545 15732 15859 17044 18303 20076 21095 21095 23724 25664 26095 26870 30340 31526 32578 36901 40011 49495 53111 64715 115372
208 250 988 992 1311 1401 1817 1920 3170 4403 4591 4640 5068 5920 6471 7292 8415 8744 9918 10501 10502 11720 13596 14121 14359 18354 18778 20582 24075 25736 26985 30826 31059 35824 48092 52555 54546 64722 67270 79970 93006
541 813 825 1206 1852 1875 2502 3956 4583 4648 5006 6104 6501 7367 8090 8170 8463 8967 9615 11057 12277 13775 15290 16129 16604 17514 18646 19382 23417 24552 29614 31990 34297 36040 37986 41421 46697 51172 51760 61901 68988
1204 1776 1780 2063 2763 3962 4726 5652 6072 6483 6963 7083 7382 7852 7928 8273 8328 8663 9741 10233 12888 13771 14556 18051 21948 22678 25503 25620 25892 29940 32739 34161 40453 42714 43010 43892 44161 46925 49294 63177 68339
