1000 26 9
4951 26026 27906 40385 42493 77763 159021 180661 227742
10396 37841 48353 68960 71385 71977 82491 170068 245764
5606 9806 21960 25901 95146 147857 158046 169946 191011
7953 14206 17410 22858 48960 64880 79856 190739 329025
6764 7661 16477 43629 58271 73323 82368 123308 349690
3841 7348 44604 57448 82840 94273 148343 175460 190246
25656 34466 40750 56086 73340 88346 103694 191040 200616
187 21842 36429 45064 47103 57220 141109 261937 269272
47205 52531 55868 71569 78711 95045 125466 144608 218581
8986 14482 23112 33108 34395 87778 109541 236408 338929
5597 22060 26249 40746 67917 88810 126905 169408 251041
9486 12367 13479 59531 83943 123254 123800 169462 180815
4146 4571 38195 56068 79846 87302 123298 148404 267989
36907 56143 57019 75750 75895 80890 97097 134404 167326
1402 7015 22334 40639 50214 66923 179755 242689 295706
13964 32394 46032 77753 95500 98087 109605 143109 150924
6488 11981 26535 26555 60204 72681 103157 191316 392644
13036 14473 15787 21370 47482 79316 156111 190308 225755
14589 23387 46055 53330 94421 96235 131572 144803 228132
341 2581 21147 33711 100426 134035 150132 155116 178350
366 28549 39598 51558 53773 97862 111545 233726 290202
15811 15871 20692 52303 89445 97660 102381 154563 205378
2988 4293 8131 44897 52661 57715 93315 230096 264408
6309 25390 62479 76469 88605 90313 93173 101748 309882
31224 46179 47105 67012 72402 100924 104123 135631 270737
6105 9372 20701 56176 77310 106967 154946 198640 202944
