1000 9 39
393 552 643 834 1330 2208 2369 2540 3165 4063 4093 4436 4784 5109 5790 5972 7391 8952 11263 12054 14216 14776 16859 17139 17565 19805 20302 21150 22392 27108 27392 30427 35152 35657 38931 39090 53575 55077 61261
2002 3314 3576 3730 3929 4479 4530 4934 5424 5837 6234 7063 7518 7541 7616 7828 7839 7970 8140 8584 10219 12062 15764 15943 16103 16502 17824 19218 21480 23922 28235 31391 44634 46837 53243 53751 58258 75334 80258
600 731 736 867 1463 2641 2666 2832 3438 3442 3889 4193 5275 5462 5938 6625 7320 7924 7956 10322 10514 10606 10980 12622 15424 15494 18012 18599 21979 22384 22810 27157 28707 28924 34357 34880 35155 123836 131855
86 310 684 1437 3469 5863 5944 6018 6353 7294 9551 10686 11698 11786 12083 12458 12946 13059 15949 16925 18076 18332 18413 19554 20591 20617 22580 22937 31366 31542 34912 37730 42391 48588 49434 51263 55643 70596 90492
117 343 753 1678 1759 2423 2571 3140 3478 4518 6363 6457 9170 10035 10737 11451 11468 12976 14551 14583 14932 15075 16643 17764 21168 22387 22482 24554 27836 30198 35507 41066 43558 44941 51896 58125 58357 59717 63941
390 757 874 2061 2098 2134 2171 2685 3190 3297 3500 5314 7338 8203 8500 9048 9452 9841 11356 16996 18111 18777 19258 21917 22227 23595 24424 24729 25515 26755 27180 28755 29510 29874 29948 41630 43048 44643 51011
1305 2804 3649 4953 4962 5662 6202 6502 6630 6858 7256 7645 7928 8468 10469 10631 10757 11844 12919 13934 14430 14723 15721 15781 16815 16853 19228 22495 25443 27975 31737 32705 34725 35957 36541 37763 38756 51515 54498
492 695 1712 1719 3227 3527 3858 3919 4928 5305 5341 6752 8140 8449 9408 9419 9808 10097 10319 10330 11637 12276 12530 12547 13000 13769 15306 15549 15767 16151 16870 16893 23175 28212 35433 49802 72408 80397 102149
1039 1300 1370 2495 3118 3282 4705 5294 7142 7763 7905 8487 8979 9702 10429 11466 11614 13041 13459 13637 15106 16027 23277 23666 26251 26266 31242 32175 33190 37623 38084 40874 43312 44274 48238 50441 50844 53187 57993
