1000 30 15
3323 3677 6960 15888 18983 28053 47319 50554 53560 57731 59762 66340 68534 78143 179725
210 5435 8747 15873 23655 24896 25268 31021 31091 47423 54686 58669 59010 100775 374378
7015 8292 11050 13384 19432 25909 28129 31259 34237 49835 50861 52406 109310 123073 151964
332 6191 6250 18093 18388 24130 31980 70371 73634 81557 84674 90653 96735 104384 125471
60 2132 9803 10786 16021 22564 30211 42419 50201 65753 84129 93146 111554 133335 201635
2687 3813 6779 14476 19271 19728 19859 44425 45014 56427 61424 87817 116758 153054 195004
578 5939 9118 11085 11734 23012 25997 26346 29279 65337 82761 86240 94465 96750 96772
4226 5495 18634 18882 27705 31717 33329 39285 41022 47660 51040 68329 103287 105652 209498
521 1076 13386 24749 27448 27680 31354 35010 38692 53123 57933 71021 99509 133164 169209
324 4954 11673 13002 14191 24590 30207 41479 45255 49841 50559 57268 95365 143123 177339
2972 9666 12806 17279 19277 20477 35012 38284 39166 52949 54932 74598 77463 102494 117005
932 2795 4155 4887 8199 8930 21207 23941 38042 41582 56022 62840 102767 102983 215506
123 4097 8168 13590 18678 22369 24012 29487 37047 38333 38853 42587 48995 153146 297604
3845 10824 12173 12258 16419 17662 20346 24820 32382 53225 60703 104336 111703 119664 150311
686 7526 9272 12834 24335 24726 28832 31365 33997 41263 53893 57371 101579 197061 213031
1678 2165 4379 16043 16119 17560 21530 27313 44585 46535 54163 54743 57079 152448 152986
109 6851 6988 10004 10087 11968 21276 30070 30660 37407 41716 42376 44674 60915 337841
2527 3410 6181 18440 19549 19557 20633 20935 28213 83355 106390 112551 123416 124819 138094
2155 3825 9039 11529 12461 15272 27422 41412 42630 57318 59450 60847 74442 110230 138008
2837 5943 8146 8525 9875 24929 30187 32281 38931 42049 60575 71240 77043 137904 161689
2219 2947 4823 4882 5502 9033 28077 34804 44849 56068 76693 82706 90411 95012 216917
1245 3244 4241 9769 16723 32107 35698 38311 39027 61085 76195 81507 85274 146864 227243
1219 5281 6709 7397 7663 9694 11173 13346 19564 33518 38375 66486 105661 134147 180386
6906 8043 8992 11172 12962 27209 27391 30316 38690 52335 53700 80481 101177 104798 109923
3317 3691 8433 10169 11369 13669 22189 41320 46373 49853 77263 80116 93996 129822 148177
3720 5868 6070 13194 18793 28240 30501 34648 47483 59756 65356 71696 140759 145493 171362
69 1684 3991 5992 8195 8352 15235 23531 24810 52972 77433 89118 115330 141657 266774
8072 8493 12266 20505 23849 33132 38171 47764 69126 86136 95551 97109 106025 108497 122262
161 387 2700 4470 6003 8952 10383 11536 21383 22078 83001 92316 109142 180471 252552
13458 16590 29273 32048 37096 39411 44026 60264 60711 70407 78755 81192 86458 102137 122425
