1000 50 13
2771 4347 10520 10560 14998 42184 47787 50089 55916 68412 77528 84931 257140
10781 17606 18798 20844 31171 37488 47860 66431 70879 79678 85068 112359 121366
9260 20468 24073 24082 42716 47324 50388 63035 63934 67173 94534 105422 214989
2105 3136 3378 14523 26586 27463 28397 67338 70071 85388 90772 137496 265909
1576 8825 9807 11518 14030 16798 31773 35446 37196 55320 129359 212472 268054
763 22018 25278 40782 51329 55612 65194 70217 70236 85889 105256 126151 126181
7682 9799 14332 18025 19297 19433 22585 54601 82846 85181 90748 126617 240568
14621 15645 28001 30143 46412 52404 56896 58490 62333 70898 106803 109541 171112
9132 11801 14373 20072 21297 26577 38099 49836 75276 106562 123723 146676 159667
1606 4122 11372 12940 17439 20167 35302 35391 49039 71816 100101 153072 172576
6721 7989 14438 17605 20017 25321 41010 50757 84307 88209 102101 104611 107454
3776 6688 12208 15799 33522 40769 42090 58021 68182 85516 96668 143692 207742
1817 6793 26880 38729 38884 39143 42019 45593 63800 77034 77518 108040 186740
702 12771 17701 19911 28269 30966 39241 39903 63878 71057 78410 128792 201285
3534 14831 17668 24220 24444 30793 31458 40189 59893 74549 80768 99946 146498
2239 2624 9418 10411 34483 37601 55535 56950 62153 77312 83358 90796 164023
5372 9914 11686 20300 24286 31819 32410 40563 46016 63468 73888 184242 196668
6801 14141 19511 22455 23766 29447 31748 34807 54632 57812 72040 123702 188228
6643 10426 12192 16689 51835 51979 53510 55247 57903 61303 85021 115890 176157
873 15302 23884 26749 27745 28947 48595 48842 67022 74790 79603 110470 306465
2670 3145 13130 20550 27016 29558 31498 45538 61731 93037 97861 112131 117344
1044 4327 8459 30233 43517 45436 58442 65043 73927 74315 87726 94233 102287
379 1107 5501 8239 11057 16375 27450 27996 69499 112901 132227 173433 175941
1112 7074 10042 10819 11001 14467 49450 57217 59889 72854 82254 105055 179210
1630 8054 11984 13463 24497 32220 35638 37425 42869 49217 65827 174227 235310
1681 9011 9199 12201 17473 32821 49277 80151 88479 93297 109529 116402 127808
7183 8417 9920 14984 36329 38851 41575 44923 47069 94426 103424 141154 156847
7 7609 10160 11564 25334 31635 52334 61539 64054 71120 90042 96739 248861
5595 7590 11381 22156 29421 29697 51983 54019 64018 81342 121091 154151 221554
4716 7765 11396 16301 19565 19984 24640 35876 40307 42983 51763 186726 194567
3957 6434 10343 10467 19415 33393 38220 60456 66459 116560 128026 154775 189120
1769 2502 12831 22530 30011 57491 64829 72129 79526 84834 86544 91494 106617
4179 13171 15850 28042 30611 32330 37985 51385 57912 58370 87001 99192 142889
1741 3489 16171 20702 28366 32253 50134 62322 71092 74962 90926 100953 145852
4151 10528 13344 14561 25583 31260 41039 61504 64448 79992 84999 90204 185939
13840 17395 17787 32604 37047 40093 50322 64666 70010 71276 95314 170383 195653
2744 6256 8980 9357 12091 44631 52308 66747 67362 85441 90366 120025 224789
8827 9947 15423 19095 29994 32340 35482 47478 51833 58645 64829 68001 212357
39 1530 11433 19308 38870 43068 47384 56686 78953 98450 112586 137580 161030
3028 9374 11682 15385 18132 28841 29047 32230 46261 105028 141043 159862 182081
5498 6326 8008 16049 18747 29756 34916 59387 69086 76137 130638 135054 208745
3944 4832 12327 20250 36727 38568 42073 53557 65838 70343 112041 126812 139702
1621 2093 21190 27257 29143 39301 52327 52417 56138 58642 70592 104829 140237
2982 13886 19492 31727 39503 52137 60298 63078 72279 90772 133712 141024 150725
921 1523 2622 5034 6738 40577 40926 47346 66769 100934 101382 109618 139900
13155 14540 31944 36334 42950 48208 55342 59547 67743 84015 98666 105401 169167
797 1656 2625 4926 25018 43005 43595 52749 70247 76532 85276 146777 208449
9988 10752 19874 25027 35963 38117 44706 44942 45951 50890 98586 100570 162056
1215 1903 12530 20766 31634 35384 42294 47610 65066 67126 93721 108909 179418
1295 1725 5548 10273 14558 30400 43545 46152 50243 82740 94255 126591 167691
