1000 40 44
400 425 1871 2075 2519 3706 3815 4721 5605 6686 6754 6787 7213 7395 8218 8554 9200 9329 10361 10482 11362 11794 15076 15297 15425 20386 20457 23199 26588 27798 27889 27928 28228 31115 34005 41333 42984 45294 46789 48415 51046 51296 55215 68773
417 815 881 1001 1345 1352 1596 2753 3063 3159 3443 3636 3700 4295 4406 5210 5722 8045 8254 9048 9537 9921 11448 12545 12906 13739 13844 14098 18734 18738 20641 22438 24285 26417 27039 28315 33983 37474 40482 40659 44407 54227 55622 74302
716 1131 1904 2541 3085 3486 3696 3879 3972 4038 4343 5549 6121 6361 6678 6826 7030 7879 8655 10008 10515 10639 11974 12730 13800 15451 15742 16434 17544 17679 19406 21499 21636 22323 24052 24986 29953 31445 31613 40460 44061 47898 63104 98387
563 893 1520 1606 2662 3618 3998 4469 5146 6206 6288 6549 6620 7131 8550 9997 10113 10916 11265 12719 12731 13045 13833 14035 14475 15404 15682 15800 16418 17275 23209 24753 25347 30638 30706 31355 32865 36685 41822 43324 45246 49643 55462 79478
318 346 1701 1809 2676 3085 3877 3925 4238 4527 5148 6032 6159 6540 7310 7348 7944 8037 8236 8611 9239 9628 14496 15302 16743 17170 17447 20158 20530 21639 22558 23743 27929 28894 32139 37479 40140 46959 52073 52426 61588 64895 75177 79019
73 879 1133 1141 1579 1585 2026 2260 3099 4389 4468 5351 5462 7199 8260 8816 9497 10718 12103 12407 12563 14308 14856 14948 15359 17631 18205 19141 19322 19860 20750 24182 26036 30030 33482 35544 36594 37655 43113 43271 58284 63801 70728 85308
132 179 1725 1727 2009 2628 3331 3789 4048 4207 4421 4866 5317 7017 7483 7532 9001 9423 10591 11472 13468 14335 14892 17116 18149 20466 20588 20710 20936 21068 21516 21857 26646 26835 28628 31026 39127 43617 45331 49342 51746 53115 63477 74587
153 585 881 1463 1512 1791 1795 2070 2501 3087 3168 3257 3297 3657 3752 4212 5704 6101 8532 8707 9185 9313 12003 12322 16027 17392 19731 20015 20660 21064 21213 22000 22403 22545 29832 29896 30465 30780 31489 35095 42796 54740 79104 186189
997 1515 2236 2322 5151 5404 5834 5951 5966 6485 6715 7171 8042 8111 8945 9524 9945 10086 11193 12581 13514 13930 14333 14687 14810 17959 19229 19792 19817 21102 21892 26286 26947 29461 30236 30738 33895 34417 38220 39715 54418 59739 76087 82983
765 801 1152 1222 1407 3279 4032 4486 4861 4898 5153 5980 6731 7018 7614 8007 8934 9755 9841 9857 11125 12974 14005 15822 17640 18055 18167 19125 19159 20246 20455 21263 21867 21995 24189 26471 28276 28382 29856 30924 31836 34385 49750 116972
1 448 565 1454 2054 2216 2878 4392 5502 5743 6343 6835 7072 7530 8975 9548 10141 10480 10574 10963 11271 12011 13842 14145 15075 16555 16844 17452 17866 18767 19281 20306 21317 21410 25969 26221 26582 30945 31232 33907 36269 40002 46552 88001
857 931 1027 1515 2002 2164 2760 3290 3658 3969 4404 4727 5647 6261 6942 8112 8316 8751 10887 11368 11617 12282 12583 13544 14182 16092 18806 23550 23923 30644 31417 31692 32075 32965 35306 36089 37507 40254 41077 42410 49290 50604 58176 83669
506 590 754 1073 1995 2546 3459 3464 3986 4131 4242 5346 5401 6328 6398 6504 7492 7542 8877 11739 13116 13429 14737 15189 16488 16844 17433 17497 19476 22160 23428 23585 25062 25548 27538 28607 31717 32185 33385 37252 37450 48852 65912 79863
166 829 937 2016 2211 2699 2801 4045 4556 5665 7380 7437 8288 8383 8719 9629 9843 11573 12375 12571 13200 14611 15779 16470 18005 18320 20050 20471 20553 22542 23149 23459 24414 26029 28251 28803 29021 36936 39757 45722 49340 55653 57078 87939
332 496 569 721 782 943 1740 2276 2286 2434 3382 3411 3460 3644 3805 4226 5796 5837 6765 7515 7976 9935 12045 13127 13379 13767 14464 14642 14896 15257 17298 20045 20960 24196 28081 33205 41423 44559 50624 69225 73836 81496 88039 89021
32 348 953 1574 1670 2857 3118 3386 3822 3961 5026 5444 5593 5613 6541 7389 8245 8596 9031 9388 11699 12683 14264 14897 16354 17369 17383 18430 18647 19468 22774 23429 23440 25321 27004 29177 30679 33023 33153 43531 44160 48640 53973 58594
999 1393 1552 2140 2274 2698 2882 3191 4196 5632 5713 6112 7016 8292 9077 9158 9658 10402 10454 10794 11643 14578 14891 15115 15914 17195 18503 18523 18766 19079 19612 20521 24742 25339 25708 29228 29510 37409 39994 48466 52952 74371 82248 97889
385 865 1091 1181 1336 1382 1430 1574 2426 3738 4235 4591 5603 5682 5712 6528 8976 9322 9429 10115 11470 12219 14736 14955 15856 16001 16541 17719 20688 21014 25073 29747 30917 31287 35631 36836 39564 41438 46729 48765 52189 60142 62698 83996
10 381 463 543 667 1221 1814 1848 2213 2290 2503 3149 3829 4805 5743 5755 7969 8984 8998 9762 11752 13395 13674 14763 16864 18159 22731 22768 23103 23617 25340 25408 28599 33526 34802 34873 36261 36761 42709 43074 45757 54580 79660 85447
80 417 679 918 1951 2278 2292 2633 3778 3802 3985 4044 4642 4713 4850 5954 7122 7240 8001 8068 9079 10467 11451 11812 14202 16687 16837 18505 19573 20400 21235 23260 24438 24951 27737 27776 40689 41768 42528 44051 45987 46317 63190 77172
610 1338 1417 2962 3423 3571 4131 5072 5750 6009 6744 8243 9370 9749 11253 11412 12489 12902 13436 13692 13706 14097 14219 14482 15380 15699 16234 16783 17285 17411 18133 18197 21573 21990 23833 24889 25204 26809 30160 32062 33778 40882 52588 58481
646 1323 1654 1687 3529 3612 3926 4161 5234 5761 6176 6865 7454 7690 7951 8591 8639 9010 9348 9479 9792 12135 12291 13012 13986 14803 15951 17565 17891 19878 19925 22332 27171 27330 27870 29527 31102 31898 32585 37475 38508 38865 50266 52901
7 804 1087 1395 2803 2806 3103 3541 4008 4353 4529 4740 5003 5277 5337 5484 6236 8601 11364 11923 12111 12936 13303 13420 13739 15133 16771 17144 19260 19366 22432 22773 23438 25557 27654 28582 29545 32121 32385 36140 36641 38621 60203 68724
192 687 849 1036 1553 2413 2437 3591 4233 4542 4836 5078 7006 7819 7885 9103 9255 9714 10318 10588 11014 11180 11732 12663 12958 16506 16932 18435 20321 20786 21818 22998 23680 24786 26966 28574 29202 29650 33053 40472 42304 47365 59048 62777
689 841 1004 1247 1450 2826 2840 3490 3824 3973 4083 4574 6042 6555 6868 8510 9762 10044 10552 11012 11445 12111 12781 13041 14843 15227 16632 16924 23064 23622 24574 25350 28505 30782 31190 31521 34808 37721 38656 39799 42790 49591 51102 110008
686 757 804 1328 2029 2500 2711 3787 3941 4340 4832 6203 6305 6578 6803 7174 7335 7412 7851 8123 8298 8848 8945 9833 10537 10822 11134 14585 16248 17768 18443 18603 18619 19137 19538 22167 36263 36552 41039 43300 45211 57864 69593 116176
742 1008 1051 1673 2269 3660 4511 4724 5381 5568 6410 6822 7241 7524 8070 8372 8656 8708 8988 9861 10066 14039 15743 15910 17604 19632 20000 22454 22788 23478 24017 24907 27687 29179 31993 32932 38608 40910 41434 41653 47671 63672 69796 79724
257 414 540 1062 1286 1362 1377 1450 2745 2795 2979 3200 5735 5948 7333 8434 9826 9835 10188 10429 10557 10997 11191 11222 11611 13595 15829 17013 17460 18507 19070 20058 28119 31197 32169 35934 40328 45491 46057 46301 51996 59241 64272 84911
739 2389 2543 2596 4050 4188 4335 4723 4850 6050 6124 6867 7198 7694 8764 9152 10123 10393 11180 12130 12369 13051 14052 14385 14582 15303 16882 18366 19004 19487 19861 23064 23562 24308 24742 25119 25722 28492 29691 45860 49029 76474 77296 85523
134 634 667 961 961 1171 1543 3775 4324 4616 4947 5605 6697 7408 7646 7688 8433 8544 9557 10303 10873 11029 12797 13395 14916 15191 15263 17073 19484 20406 20766 23051 25862 27261 33430 33434 37022 41705 44109 49456 49806 50284 50408 67345
52 135 932 2098 2447 2817 3680 4024 4406 4585 4786 5349 6827 8528 8783 10018 10030 11028 11580 11607 11808 12325 13189 13470 14447 16848 17144 17744 18811 20551 22216 23925 25186 28701 29191 29655 31595 32990 41036 54738 65346 74038 84273 89545
727 1441 2075 2155 2541 3379 3549 3881 5303 6410 6659 6716 6989 7191 8271 8644 9583 11527 12826 12984 13134 14803 15569 16174 16382 18579 19681 21130 21504 22496 22891 23256 23347 24522 24922 25425 25580 33088 37215 49797 58978 63958 70937 79737
560 654 938 978 1029 1246 1621 1737 2369 3104 3570 3743 5065 6131 7294 8106 10241 10532 11594 11650 12434 13951 14131 14369 14518 14587 15211 15973 16925 16985 18240 18741 20591 20764 22997 32733 34938 41523 42455 45672 55772 56421 69608 76501
1514 1846 2771 2775 5003 5062 5267 5481 6704 10275 10594 11275 12191 12550 13324 13706 15526 15689 15757 16043 16567 16936 17069 17386 17387 18140 18227 20831 21306 22034 23452 24776 28166 29007 30169 30814 30999 33161 34388 38603 43108 60020 61184 70076
868 1111 2413 2679 2856 3379 3635 4621 5183 5508 5814 7194 7428 8231 8977 9996 10368 10493 12478 12648 12785 13978 14263 15224 17780 18725 19386 22642 23366 23595 23962 24301 28674 30701 36000 37470 38192 38260 39083 39526 41607 43473 56869 57321
678 1097 1901 4262 5135 5284 5787 7116 7124 7933 7994 9197 9459 9480 9508 10265 12439 12638 13315 13479 14897 15680 16290 16655 18177 18196 18296 19810 20150 20168 20280 20468 21803 22108 23827 24503 24582 26302 27354 32431 32456 33327 45696 68580
143 687 2359 2871 2899 3017 3025 3546 3919 4199 4419 4605 4674 6753 8989 10201 10443 12293 14576 15121 15299 15925 18174 18561 18817 19130 20260 20582 21975 22094 22390 22430 24934 25070 26216 26425 28719 30556 31642 41244 50558 51790 52067 70843
22 228 2369 2837 3136 3827 3859 4173 4627 4863 5014 5712 5748 5778 6449 8110 8708 11925 12026 12754 13913 14321 14340 16056 16336 19104 19817 20052 21037 21116 23690 26126 26694 27300 28327 28328 28481 28620 29287 40791 41831 48339 48948 55977
206 374 538 1178 1540 1726 1839 2236 2422 2651 3373 3874 4827 4887 5166 5519 5758 7083 7138 7366 7480 7673 9265 10067 13679 16012 17441 19849 20872 24502 24649 25899 27086 27398 33822 34782 35882 41485 44628 54322 56234 62007 71504 101723
728 1871 2750 2752 3270 3536 4766 5833 6478 6839 7810 7857 7980 8004 10275 10309 10571 11546 12823 13122 13846 14543 16612 17254 17476 19023 22498 23081 23097 23768 23790 24610 24738 25608 27362 28310 28324 28482 30731 37397 46865 50510 58756 63428
