1000 12 28
1215 1356 1365 2196 4855 6071 9066 10818 11912 13756 13781 14720 16085 20101 20823 24644 28373 31193 35054 46492 50015 50846 63406 76717 92135 95394 99403 103770
1278 2528 2571 2736 3641 5321 5596 6160 7927 14654 15454 15888 16739 17767 18574 24507 27771 28111 31629 32956 35092 48081 48803 66606 72745 78420 101473 153141
23 731 5442 7221 11308 12504 13890 15222 17091 18681 20887 21712 22307 23019 23176 23794 29215 32549 38542 39595 40524 44451 48170 49569 60042 64465 82263 147539
4102 4548 7459 8584 9287 9396 10526 12062 12634 14190 14949 18759 20958 22736 25838 26258 28340 31559 35521 36232 38087 51631 52001 57930 69893 75215 78851 90272
1640 1691 4389 4759 4896 5667 6664 7547 9490 10066 10849 11231 13426 13518 14724 15295 20205 20491 28729 31244 44867 62471 63631 69736 72954 74821 126010 127976
2808 6121 6786 7312 7373 7674 9894 10726 10742 11452 11696 12194 14268 14494 15365 15850 25776 28639 34417 35982 37389 39462 53114 66632 70577 86031 117262 134659
1186 1207 1223 2008 2520 3647 4670 8328 8765 9364 9575 16810 17648 19036 22502 22831 28754 32074 33333 34781 37827 38339 53567 74643 85138 96299 116052 125650
1670 2362 2869 5489 8939 9648 9772 12415 13062 20046 21521 22595 23825 25797 26715 27070 30560 32613 38752 40511 42229 49826 50167 52103 54851 69016 97355 100773
353 1436 3622 7769 10970 11832 17355 17705 21439 23919 25551 28513 28535 29485 34041 34372 35781 36016 39951 45065 46897 47462 50533 52723 58632 58864 66678 84237
275 1095 2148 3969 7020 7961 11476 12610 13167 18194 18802 22662 22910 27762 29472 30072 31032 39839 40104 45373 47270 48766 50841 52136 52396 60210 64021 131917
570 2427 3375 4260 5096 5280 6016 8545 8854 9010 12805 14360 15071 16574 22399 27565 30905 43406 46812 48126 50301 51721 52350 57208 76464 85104 87769 110241
320 1089 1612 1789 3464 4386 5968 6535 6838 10252 11512 14453 17660 18753 18965 21394 31288 35596 40853 43773 53747 64979 65857 66179 72763 73073 115242 134912
