1000 19 14
5589 6790 8238 10706 18971 39486 44975 53412 60260 82062 86048 133543 157757 220067
8300 8422 15802 15984 17320 19466 19676 41529 42086 58459 63682 72860 89648 466756
1387 1707 20819 22184 22714 26223 29290 41811 50120 56792 59075 124797 187625 288061
7553 12867 18963 19926 38695 42054 54484 65951 81809 95731 111365 115663 117259 145609
2813 3684 8764 9294 28123 31953 38407 54261 83181 89124 97621 125974 144269 225597
9349 11844 14889 15144 21101 31019 38162 54887 57265 68836 75848 147698 162669 187273
1984 7221 14715 18045 21061 21909 37403 44354 53325 56794 136922 143514 190077 196410
2521 3229 23968 31053 36820 43044 55423 56868 64354 105864 106966 108346 134285 170251
6448 8441 16715 23410 28524 35295 35999 40394 56684 64085 89754 98622 168681 228839
3735 9496 12913 20502 30937 52436 57106 60648 66100 70643 81116 83412 189527 221605
4240 5115 6710 8899 11055 12797 49158 58720 59426 120424 121637 152571 159601 171055
5457 8615 14051 33642 36227 42191 60867 67649 70197 96985 106075 107747 132585 133229
14844 15780 18917 22197 23901 25879 31986 32870 80159 106543 113774 137823 143113 145815
3697 3956 10656 22075 32870 52574 58538 83518 84048 96936 97233 102105 124713 161298
7367 22050 23095 28535 38819 40562 44980 45729 50457 65849 76312 119561 153487 214441
2190 2355 3231 9549 11356 16194 40880 43014 47272 52908 93635 141014 162513 290845
3180 4593 7465 10314 16179 51340 66946 68633 76587 81436 88828 91066 136969 202245
7128 25702 29719 31882 32204 40102 44554 72983 78477 80061 89353 107065 118450 157153
892 3426 8459 17365 18007 22415 48718 57845 62404 106144 106882 107187 120324 260908
