1000 9 23
4171 5535 7003 7229 8260 9323 11128 11182 12797 12811 22727 25370 36913 37127 38915 41446 48097 69446 72012 82630 85990 94603 126016
68 6116 6182 6641 9660 10322 12138 19805 29655 30157 33193 33729 33948 36094 38890 39796 47672 52171 59176 65600 75984 101053 144218
719 840 2364 7608 8071 9417 9527 10375 10633 11987 12297 13155 34231 34384 40720 42528 42709 46914 47238 64191 84531 131165 157251
3006 4415 9141 10028 10110 10637 12116 12439 12598 17164 19725 27426 28953 29336 39638 39798 41433 45140 68132 75494 95760 103464 161384
165 2943 4263 6471 8640 11833 12353 12638 14820 19067 20193 23810 29346 44356 48964 49071 49540 50505 62767 63236 69912 97923 105545
362 1549 3582 5346 8291 9469 13266 14763 15685 19034 20768 24174 27505 30412 35366 49539 57761 59173 63301 68571 82799 109107 113767
1725 2073 2522 2639 9969 10516 11605 14013 15152 18810 24226 24705 28560 31850 32383 47812 50835 54963 57787 63606 103355 121460 146268
331 399 3910 6420 8765 9725 11354 11512 16497 17082 18383 29081 29238 34034 34347 34605 55199 76006 80781 84622 89806 92624 178588
1709 2618 2659 7529 9640 10244 11261 14728 17400 18817 19823 22712 31594 32183 36130 40822 52980 55700 60741 61086 71274 92150 231551
