1000 43 42
1471 1667 2246 2508 3084 4096 4120 4342 5576 6084 6363 7789 9179 9762 10806 12066 12614 13165 13715 14598 16082 16102 17013 17149 17823 21904 23886 27473 36625 37133 37873 39949 41534 42441 42481 43710 46491 46763 47831 56710 63009 74385
743 829 840 2837 2921 3484 3520 4311 4352 4602 5747 6340 6522 6650 8112 9681 10398 10688 11580 12284 12293 12793 12909 13945 14044 16699 17837 20327 20786 21096 21205 25266 26381 33058 34355 36096 46338 69890 77236 88630 93927 130943
472 648 2056 2116 2274 3167 3391 5484 6369 6809 7591 9648 10113 10612 11034 11708 11954 12791 13857 13960 17166 18363 18397 18538 19573 19653 19707 21196 25010 27606 28499 28939 31301 37216 38500 39075 44687 47892 71031 72678 73150 103519
450 609 933 1715 3112 3228 3696 4830 5315 6049 7340 8608 9090 9130 9141 9590 10251 10724 12318 13230 14227 15539 15866 15887 19444 19595 20820 22686 22909 28678 34891 35128 39281 42930 48742 49655 52621 56711 58153 63249 72718 81183
110 445 926 2431 2934 2937 3359 6179 7263 7402 7642 7945 8585 9497 9885 11651 12592 14672 16202 16498 18473 20519 20766 21982 22333 22877 25565 26053 26305 27187 27428 29007 30610 33042 33526 33774 39896 53921 56743 57614 89490 91109
217 649 684 693 991 1365 1850 2909 4151 4319 4989 7723 7762 8412 8839 10277 12355 12666 12705 13143 15674 16540 17194 23184 23787 24526 24682 25828 25852 26653 27173 27725 29270 29599 30385 32604 45972 70427 76594 81588 89560 89581
48 558 574 1672 2259 2432 3996 4114 4713 5664 7030 7431 7601 8044 8149 8935 9753 10030 11149 12926 13740 15548 16995 17340 17544 18176 18344 18778 19337 21003 22110 24080 32060 34389 34762 36616 38932 47885 64808 74252 80617 172158
397 600 687 747 2374 2902 2911 4360 4501 6564 7943 8076 8252 8400 11241 11889 12308 12969 13225 14206 15274 15988 16268 20237 20904 20996 21739 24449 30812 31501 32838 35085 35135 40233 40970 42264 43115 43859 49709 56144 64102 124015
101 454 2321 2447 3641 5303 5670 7347 8668 9687 11369 12368 12508 13691 14162 14705 15075 15788 16851 17040 19690 21036 21364 22933 22949 23199 23324 23502 26172 28834 29447 33716 37207 38273 39659 40379 41137 46023 48657 48665 64902 68617
139 911 1222 1623 2047 2087 2160 3158 4025 4503 4526 4714 5795 6363 8618 9693 13230 15219 17201 17412 18501 19338 20229 21039 21539 23499 24338 26939 27326 28406 29330 29632 32590 40129 41361 47653 48480 53181 57946 67735 72167 96403
200 1316 1422 2596 2802 3378 4086 4406 5870 6531 7934 9412 11394 12872 12986 13033 13078 14178 14529 16799 17365 22268 23750 25564 26176 26922 27244 27329 27565 29855 32149 36830 37732 39353 39817 40675 43816 45759 52858 53550 58180 88789
615 685 993 2043 2229 2485 2845 3483 3549 3809 5676 7246 8687 9497 11621 11718 12079 12496 13466 16925 17434 17578 19265 19643 19760 23513 25070 30039 30374 32145 34759 35861 37656 38793 43165 47167 47459 48608 49047 52288 54269 98909
8 61 77 425 962 1210 1414 1638 1700 2906 4549 4785 5648 7344 7359 8844 9073 10550 10671 10905 12370 12433 12498 13368 14110 14690 16714 17785 18081 18993 19197 22746 34594 39382 47207 56182 60967 61584 67692 75702 83664 160364
120 442 532 1379 2584 2841 2987 3358 4890 5919 6650 6690 7522 8017 8367 11241 11243 11958 12904 13576 16823 16910 18112 18851 19361 21424 21425 25401 25785 26833 29091 34293 34623 36723 37778 47396 48243 49073 52397 57672 62926 142161
475 1258 2386 2576 3165 3303 3761 3902 4019 5297 6442 8002 8450 9591 10027 11247 12336 13347 15725 17529 19477 19749 20306 20325 20883 22138 22702 26030 26585 26623 26934 28413 29603 30735 35479 35608 53744 64296 66584 67441 72173 89705
83 230 2453 3334 3839 4113 4280 4408 4837 5407 5648 5864 6920 8433 9147 11660 11792 13495 14210 14322 14358 15467 17520 19178 20618 21402 23006 26150 30732 32185 33380 33702 35301 35303 39210 44133 46605 52232 53093 56871 70151 127971
888 1096 1164 1512 1872 3113 3588 5147 6389 6456 8485 9213 9394 9569 10325 10556 10590 11148 13828 14087 15163 16084 20277 20304 25460 26871 26956 29422 30206 32458 34229 39441 39685 42115 43108 43291 43574 43669 47046 50891 51585 101388
426 582 1134 1375 1866 2438 2822 2902 3662 3859 4187 4451 5779 6289 6781 7037 7281 8218 9839 9871 10641 11443 12006 15069 15203 15629 16359 16562 19589 22103 23028 24308 25857 32880 34123 49180 57961 58946 65306 79386 131759 131851
893 1330 1780 2012 2098 2332 3621 3632 4060 4170 4195 6483 6681 8483 9291 10185 11304 11539 12049 13023 14280 14408 16207 16798 18265 20162 23555 24616 29064 30723 30878 31053 31876 35814 41605 54126 58204 59101 68731 68956 69199 87358
819 909 1294 2199 2590 2937 3811 4114 5174 5385 5909 8514 8618 8708 9530 10857 12006 12928 13972 14557 16033 16971 22938 22960 23318 26687 26913 27536 33628 35033 36886 37808 38597 39042 43897 44047 45774 52875 56903 57686 65133 70030
815 1606 2100 2307 3956 5132 5432 5810 6203 6453 9337 10029 10052 10183 10474 10510 11803 13027 14587 15616 17271 18403 18805 22963 26893 29800 31512 33469 34363 34678 36439 36716 37576 39060 40101 41909 47808 48034 52781 55067 57509 57817
862 1130 1280 1308 1334 2795 2829 3750 7104 7302 8368 8764 9054 9964 10144 11290 11778 11966 16097 17395 18573 18906 19415 21703 21719 24574 24741 25938 26542 27891 28338 28937 30413 31438 32939 34804 36142 55088 61679 68502 78128 103326
136 592 1148 2419 3643 4004 5760 6666 7216 7926 9142 9198 9554 10696 10957 12389 12609 12998 14086 15704 16291 16380 17869 17885 18123 18787 21175 21429 27987 28892 33919 35658 38951 39336 39775 43211 47665 48530 57313 64192 70534 77939
853 1979 2179 2487 3125 3908 6094 6547 6744 8113 9475 10916 11426 12220 12379 13354 13851 14264 14340 14372 15586 16606 18607 19783 20979 21347 22935 23052 23511 24395 26880 27267 34667 35007 35981 36672 41279 45220 68155 72192 75957 87703
519 1001 1709 1788 2178 2704 3651 4172 4462 5697 6276 7036 7749 9552 10261 11942 14939 15635 16445 16508 17572 18394 19580 20260 21175 22345 23544 26522 27416 33448 33492 37224 37305 37998 38241 39234 39502 42845 51238 57787 75801 90640
2654 2696 3380 3977 4509 4697 4899 4974 5001 6329 8310 9630 10616 11253 11989 12246 12292 13475 13599 15170 15513 18432 18494 18806 21834 23582 23793 25685 28004 28538 28864 34095 38223 38560 41621 44168 54593 58683 58842 60684 64258 69501
64 1505 1512 1656 1910 2043 2156 6111 6463 7052 8872 9032 9119 9186 10033 10059 13651 16742 17512 17712 18113 18131 18139 19170 19989 22991 25204 26948 27323 30317 32798 33617 35901 35929 40144 48453 55170 56674 60527 62782 64892 78389
482 923 1598 1822 1924 3567 4986 5807 6627 7299 8592 8700 8877 10614 11789 12129 12561 13360 13873 15825 16732 17929 18244 18386 18449 18817 20592 20859 25066 27663 32454 32843 33820 36372 40480 46827 51180 53900 57129 62819 68572 100642
967 2192 2885 3226 3350 4716 4969 5014 5124 5163 7231 7559 7850 9512 10897 11958 11969 12521 13466 16651 16682 16831 18710 20456 24164 29059 30362 30906 31943 34030 34359 37628 37913 38081 41903 45944 47780 49109 50389 54691 59933 71410
348 2086 2547 2623 2826 3776 6437 6727 6839 7026 8814 9762 10391 10627 10645 11843 12049 12767 12924 14906 15089 15984 16018 17868 18032 25789 27529 27879 28004 29471 31957 34513 35355 35363 35543 39028 41474 48716 49711 64559 73214 110226
230 464 469 1038 2786 3189 4141 4186 4556 4582 5383 5786 6105 7161 8847 9104 9677 10672 11009 11959 15966 18573 19429 20974 22125 24555 24636 25372 26124 28563 30321 32591 33707 34598 37021 37993 43952 48256 59094 73233 88435 111052
200 275 882 1568 1977 3405 4505 4804 5811 6337 6377 7555 8425 9752 10549 13226 13357 13396 14377 14802 15369 15523 19634 21201 22945 26059 26621 28313 28520 29145 32621 33495 35776 36535 37013 38424 41251 48814 49556 57346 62762 107571
295 432 505 1348 1394 2255 2282 4511 4529 5197 5224 6070 6268 8673 10073 10306 10525 12440 13511 13832 14361 14954 15068 15681 16346 16754 18942 23481 30175 32379 38190 39008 40168 41639 42212 45167 45364 47687 50661 64251 78947 104883
52 208 1249 1668 2514 2847 4298 8213 8845 9538 9871 11156 11359 13058 13337 14352 14515 15463 15488 16217 16628 17253 19228 23224 23444 24451 28218 28505 30656 30779 30825 34660 37055 39432 40172 42030 44007 49929 51239 59701 63854 66633
399 3700 4153 5329 5764 5999 6797 7061 7813 8450 9242 9311 10059 10395 10562 10911 11394 11788 12045 14470 17464 18824 19778 20869 21802 22087 22432 22527 24442 25471 27445 29465 32944 33316 36103 37671 54290 56468 59517 60304 75352 75764
1767 2655 3350 3710 4676 5581 6100 6280 6930 6977 7509 7568 7985 8033 8180 9277 13242 13878 14973 15571 15704 18724 19921 20246 24464 24515 25042 26084 26416 26577 27276 27451 32050 32621 34630 38984 41383 44258 47042 52354 80924 138050
127 417 914 1653 2430 3508 4324 4393 4871 5468 6692 7885 8307 9309 14507 14874 15702 15819 15859 16091 17029 18620 20575 20583 21171 21292 22150 23229 24780 27136 30146 30962 31003 31625 34665 37030 41150 44434 63468 72357 80353 114617
373 3325 5535 7002 7529 7604 7984 8588 8941 9115 9706 9845 10071 10786 11147 12049 13070 13503 13912 14321 19024 20863 20994 21882 23438 24016 24475 25702 25729 26223 27827 28117 28761 29486 32093 36906 42194 47706 48972 60411 75864 84747
22 303 887 1404 2424 4306 4499 4882 4955 5637 5857 6002 6056 6478 6523 7711 8026 8559 10304 14960 15360 19397 19424 19459 19564 21806 23763 25533 32527 33555 35197 35550 35558 40880 43866 46954 47102 54052 59161 66715 77248 78639
294 1314 3326 3395 3514 5971 6089 6206 7740 8104 8275 8865 9870 12217 14301 14439 14783 14881 15793 17249 17882 18913 19277 19418 19946 19956 22836 23865 25245 25881 27230 32984 33438 34261 47733 50749 51859 52476 54210 57316 64765 74371
1250 1484 2048 2217 3484 3624 4313 4369 5819 5954 8023 8063 8103 8634 8913 9609 9819 12547 12683 12809 15295 17312 19016 19252 19899 20040 23208 23855 27774 37063 38620 40122 41543 42174 43956 45644 45700 48512 48764 56622 65761 101252
340 1175 1737 2585 3194 3811 4585 5111 5815 6358 7492 8210 9734 13867 13883 14507 15252 16149 16272 17318 18321 18885 19426 20263 21410 21883 23476 23488 23952 29797 30432 32422 33054 36625 37635 40369 45578 46694 48380 56102 69530 97920
617 629 1985 2609 3793 4102 4374 4662 5822 6078 6236 8257 8594 9488 9590 9605 9658 12798 13036 13395 13741 14025 15296 18911 19285 22616 22796 23657 26117 27850 28407 35878 37443 43113 46221 46935 50743 55481 55637 59591 75937 92654
