1000 49 45
154 1942 2222 3400 4869 5482 6290 6371 6472 6910 8361 9384 9393 9844 11066 11390 11441 11666 12755 13583 13814 14165 14604 15678 16584 16614 18181 18899 19552 22997 23874 23876 26475 28754 31252 32525 36778 39230 41086 44391 45064 46150 51010 64600 87891
1644 1811 3448 3532 3818 4955 5652 5821 6551 7274 7459 7526 7846 9078 9189 10182 10853 12178 12647 13249 14248 15269 16232 17345 17477 17962 18443 20788 21146 21174 22789 23391 23810 26399 27537 30448 34014 36613 41902 44564 51711 56421 57095 59501 99669
66 397 477 1036 1084 1159 1421 1706 2436 3076 3101 3132 3796 4438 5876 7964 8108 8556 8712 8759 9735 11033 12078 12215 13367 14139 14474 15129 16619 16886 19867 21259 21905 23042 23501 29690 29792 30930 33464 42701 58253 73226 80889 87424 172344
53 287 900 1467 2225 2635 2686 2924 3165 3241 3839 4196 5429 6066 6554 7232 7927 8926 9866 11863 12732 13721 14289 14519 15320 16616 16628 20187 23352 23393 23444 27946 28660 29776 30753 37873 41754 42316 44190 45208 58916 60767 60999 68193 76503
399 1412 1583 1648 1831 2412 2515 3082 3347 3395 4583 4722 4788 5411 5738 5831 6156 6217 7148 7994 8071 8468 9357 10032 10302 15059 15766 16926 18576 19170 20279 22206 25266 25713 25874 27856 30580 33404 44227 44324 54686 54985 86580 100027 145632
739 1341 2239 3172 3643 3864 4733 4780 5506 5833 6286 6459 6856 7478 8312 11779 11821 11845 12535 14233 14393 14480 14493 15945 17286 18555 19545 19712 19879 19991 20760 21112 24833 25319 26636 27151 27183 27764 42750 48442 50324 56225 56979 64393 114371
768 785 836 1332 2122 2347 2644 3154 3713 4017 4633 6082 6425 7605 7742 9922 10354 10954 10994 11571 13528 13919 14455 19351 20320 21899 22860 23005 23719 25058 29302 30611 30839 31921 32510 34273 39971 41558 42008 43616 45684 53473 59442 63774 78215
245 292 1027 1064 1211 1419 1588 1666 1817 2070 2180 2332 2390 4086 5333 5420 5530 6204 6637 6887 7033 7670 8164 10199 15498 19750 20910 21064 23474 26794 28212 29232 29700 30567 33073 33489 37826 40312 42758 42863 58918 62060 66428 92378 101282
416 456 644 2016 2338 2564 2730 4191 4372 4441 4607 5456 6587 6743 7487 10400 11257 11259 11399 12010 12058 12784 14635 14701 16649 17934 20430 20532 21480 22878 22911 28618 29145 30152 34041 36027 40637 44067 51371 51750 53784 55756 62223 65454 81366
734 1338 2011 2725 2871 4111 4553 4842 5284 5566 6739 8221 8253 8868 9672 9813 9982 10016 10331 10944 11257 12005 12144 13400 13475 14912 15393 15793 16204 19412 19879 21702 23022 23353 23579 23642 24340 26174 31613 40369 44817 61888 74839 118628 124428
471 548 881 1254 1886 3198 3531 4164 4781 5035 5181 5194 5274 7277 8382 8669 8792 9602 10650 11227 12657 12794 12856 15814 16292 16921 18147 19735 22479 24355 24460 27438 30930 31248 34866 36310 41341 41810 42790 45862 46745 48353 59585 66942 82358
268 1565 1625 1689 2302 2417 4082 4380 4497 5441 6931 7351 7442 7457 7546 7948 10200 11306 11434 12923 13499 14499 14549 17058 17524 19375 20603 21434 21714 22413 23329 23699 27735 30940 34521 36450 38888 39549 41043 44924 47651 50804 52349 74135 94363
239 703 1205 1380 1628 2136 2658 2715 3395 4683 8378 8452 9052 9168 9198 9319 9482 10525 10800 11909 12526 12834 13607 14471 14944 21371 21508 22989 28994 30076 34092 34501 34721 35381 37705 39105 39658 40817 43973 44171 46373 47160 51458 58713 64855
150 757 1109 1365 1942 2535 2980 2982 3680 4546 4597 4616 7362 7480 8888 9397 9455 10722 11836 11879 13621 14133 14374 17320 17930 18291 20751 21506 22595 23384 24325 26017 27367 28247 29135 29540 32190 34962 36924 38453 43892 53461 58012 83157 100853
87 2503 3204 3309 3394 3403 3699 3709 3744 4130 4175 4518 5532 5616 5891 6953 7015 8833 10659 12050 12159 14637 15717 16964 18193 18895 19193 19902 20223 21769 24623 26097 26108 27190 31154 34698 34887 35056 40881 41247 42693 43780 51526 78086 113288
1109 1487 1550 1696 2515 2534 3349 4507 5549 5960 7118 7504 8891 9674 10033 11456 11732 11847 12755 13623 15596 15661 15734 16064 18208 18697 18953 19132 21188 24444 26188 26688 28876 30978 33118 34474 36121 38517 38682 40559 45544 46691 48447 59079 74683
108 452 642 1226 3374 5239 5654 6552 6682 7059 7261 7613 8218 8316 9490 9531 12080 12302 13824 14123 15275 16465 17456 17793 17998 18103 18216 18294 20002 21090 22488 26578 31317 32905 33798 33930 38730 40360 43848 45250 45742 49138 52871 59605 59647
154 545 1740 2413 2952 2964 3354 3503 4275 5330 5867 7662 7996 8651 10919 10972 11014 11785 12658 12913 13697 13780 14221 14261 14548 16340 16696 17941 19027 23109 25478 25817 27476 29215 31648 37002 41059 41464 42398 43822 45971 51618 54857 71233 73973
326 353 514 724 1347 1520 2263 2325 2694 2899 3168 3668 4768 5397 5482 6344 6951 8742 9032 10521 11702 13609 13647 13934 14671 15829 17537 22097 22823 23235 23554 25697 28508 29793 30094 30998 31122 33805 35598 41073 45597 47497 48407 76665 168570
611 620 947 1143 1695 1729 2340 3621 3743 4045 4135 4514 4744 4819 5870 6229 6779 8863 10866 10959 12070 12480 13471 13565 17154 19183 19656 20693 22558 22813 22830 24136 26964 27403 28878 32405 35610 36611 37859 40942 51150 59195 60096 79500 107735
33 37 369 614 1038 1152 2089 3531 3672 4573 5383 6573 7331 8332 10071 12117 12496 12997 13654 13744 14454 14788 15649 15966 16831 17029 17055 19421 19464 20176 21680 23225 25226 26983 27376 32569 34084 37011 38465 38586 43302 64059 78360 78677 79275
176 249 1144 1250 1711 3066 3897 4125 4599 5350 5562 6490 6639 6669 6959 7527 7685 8867 9948 11530 11780 12701 13854 14117 20683 20703 20793 21640 23014 26507 26635 26910 29909 31024 32310 33798 37927 38154 41212 44473 52425 56185 63721 77469 84502
1498 1546 1727 2830 3079 3620 3757 4075 4754 4767 4769 4821 4919 5057 5582 5944 7074 8298 9168 9871 11149 11831 12243 13035 13235 14850 14944 16146 18058 20406 21955 25507 26891 27895 28443 31133 32133 32473 39518 49574 59875 71414 72728 87085 88430
294 647 800 1074 1140 2277 2534 4018 4269 5193 5296 6105 7224 7240 7259 10021 10136 12464 13581 14337 14460 14983 17026 17871 18160 19206 19236 19907 19918 20415 24454 26035 27440 28812 30715 32993 34385 35887 36885 40522 56617 57820 64243 71666 76655
524 968 1759 1859 2739 2946 3532 3590 3654 4256 4440 5303 5322 6627 7216 8288 9180 9702 10207 11239 12063 13390 13788 16188 16212 16336 17826 18354 20434 20853 23194 23732 26608 28732 28899 29149 29495 34064 34319 40674 46363 64629 75380 89718 113526
99 103 222 319 458 590 1285 3362 3940 4023 4108 4178 4287 4560 4990 5229 5915 7738 11021 11454 12249 12403 12871 13232 15295 15501 18576 18615 20627 23177 23980 25057 29683 32760 32781 33384 34097 36379 39298 51690 63163 65485 66705 74910 86517
148 411 1005 2047 2370 2418 2820 2890 3295 3619 7082 7494 7871 8515 9159 9510 10610 10938 12403 12478 12851 12944 15193 16570 18848 19551 20365 20395 20963 22500 22606 23062 24109 24195 27552 27722 28325 34182 38031 42491 45029 57023 66616 68249 131010
241 1133 1217 1326 2466 2517 2529 4422 4650 4770 5070 5141 6072 6385 6401 6685 7941 8203 9043 9161 9270 9283 9556 9962 11213 16085 16660 16754 17135 18144 19128 19465 20117 23707 29879 32478 38360 41180 42160 45398 49468 50044 63713 109296 125410
353 738 840 1284 1752 2150 2599 3989 4525 5210 6118 6441 6784 7443 7443 8057 9822 10798 12739 12762 12852 15022 16559 17020 19655 20009 20708 20726 21901 22754 23183 23489 23530 24894 27081 28589 29675 35017 37109 42687 48374 51722 51855 84257 99540
233 485 487 1824 2074 2340 2637 3156 4029 4657 5384 5611 6067 7177 7855 8220 10602 11261 12480 12901 13213 14034 14868 14934 15675 18318 20394 24684 24785 24829 24993 25541 27064 28686 30454 30861 32845 33393 33520 38241 51123 52144 52657 53070 120992
152 828 1791 2439 3455 3469 3660 3773 3910 3997 6313 6347 6477 6670 6677 6964 7047 9209 12510 13462 13651 13780 13923 15355 15850 15957 16370 16722 17267 17618 17819 20300 22090 22218 25166 33344 33462 35248 49708 53196 55582 59804 64851 69002 120070
858 1820 2380 2381 2579 3634 4394 5237 6042 6502 7016 8591 8831 9258 9837 10479 12448 12498 13327 13392 13702 15242 15278 15545 15591 17222 17381 17644 18396 18975 19209 19985 26418 27051 29804 31998 33718 33932 34496 34995 35233 40141 49047 68660 138851
666 813 1349 1430 2471 2802 2943 3009 3864 5404 5886 6554 7853 7899 8618 8923 9396 9798 10725 11106 11370 11502 14077 15226 16968 17819 18905 20245 23318 23897 25531 27124 27232 27878 34148 37390 40499 42728 43142 46648 48605 48867 50708 62681 82682
32 1030 1226 1722 1857 1950 2424 2920 2981 5309 5650 6743 7331 7697 8174 8383 8969 9920 11126 12556 14129 14673 15527 16409 16490 16677 18985 19515 20454 20594 22564 24194 26809 28870 31128 38650 39546 40586 40938 48973 49871 52798 69124 78054 84070
633 1564 1641 2141 2536 3300 5412 5544 6093 6175 6929 7226 8676 8696 8839 8889 8912 9052 9226 9414 9947 10923 12153 12284 12899 13423 14642 15193 15957 16902 22524 23740 29396 30446 32437 33041 34666 39751 44440 45866 48100 48854 54321 97836 107453
28 113 233 753 1152 1886 3404 3986 4507 5195 5255 5631 6375 6598 7300 7612 7735 8083 8787 9101 9397 9863 10060 10608 10881 11933 13022 14862 14865 15437 15854 16561 17760 19116 25730 25840 26010 36332 39886 43814 60249 62463 103229 108572 125183
763 914 1076 1254 1823 2394 2788 3924 4526 4610 5232 5331 5972 6353 7367 7502 9003 9610 11472 11836 13573 13775 14213 14422 14704 14731 15682 18147 20182 20738 21215 24314 27749 28755 31056 35322 39098 40068 43306 51476 53728 63270 69404 71438 106207
329 427 529 687 1339 2681 3003 3716 3832 4375 4542 4701 6585 6715 9401 9823 10271 10523 10743 10882 11055 11723 13476 16762 17283 18821 22386 22558 23029 23883 24258 25576 26788 32113 34486 34676 35637 36335 42720 43862 48567 51100 51406 66712 110504
1081 1106 1310 1773 1848 1981 2903 2921 3032 3351 4406 5334 6901 7371 8896 9031 10375 10574 12794 14764 15248 15586 15803 17401 20461 22184 22205 22851 23781 24863 24916 24977 25323 26703 29930 31708 34563 34953 35659 36611 51744 52509 59843 79623 106552
550 642 827 1325 1447 1672 2477 3597 4103 4244 4298 4474 4856 5324 5496 7795 9364 11028 11640 11814 12430 12454 12778 12935 13128 13515 15055 15087 16668 16946 18269 23694 25229 29827 31093 31890 32555 38759 41563 45524 48946 56167 85236 86481 100957
687 1148 1177 1525 1587 1805 2169 2278 2726 3211 4270 6005 7504 7789 9105 10640 11284 11476 12920 13282 14869 15671 16532 16653 17464 17504 17578 18093 20866 22064 29808 29983 30361 37474 37708 39279 40427 41290 47111 49349 50473 52429 57526 60023 60288
243 910 1388 2335 2962 4633 4919 5136 5513 6085 7901 8724 10771 11480 11561 11882 12056 14458 14482 15060 15972 16937 16963 17043 18900 19963 21655 21747 21766 21858 22596 22746 25459 26050 26665 27657 30679 31838 31944 37305 40162 41308 68944 71934 86383
175 984 1239 1406 1678 1993 2754 3347 3728 4789 5484 6295 7573 7733 7875 8472 8685 8789 10952 11419 11567 11618 11710 12373 13533 16409 16517 16954 18003 22245 24015 24481 26899 29875 32624 35043 35150 36758 43027 50979 54605 62385 67447 74624 95323
354 392 971 2033 2165 3765 5774 5828 7698 8810 9570 10569 10730 11875 11957 12306 13092 13104 13873 14149 14762 16204 16615 17828 19127 19398 19416 20408 21131 22589 22841 22987 23204 24734 26149 28467 29582 29913 33807 36377 42741 50821 58090 63637 112003
115 216 705 784 2824 2857 3543 4414 4674 5493 6660 6662 8153 9305 9314 9461 10539 10730 11074 11337 12334 12402 15640 18572 19119 20537 20954 22214 23967 26347 26597 26677 27130 27471 31122 33577 34876 34929 35090 35856 38537 52463 61866 74026 76983
275 762 1087 2485 4010 4489 4571 5145 5648 5689 6567 7689 7788 8316 8716 8927 10199 10685 10814 11307 11345 11506 12316 15022 15343 17068 17449 18204 20311 23594 26009 29058 30975 31448 34259 36168 37478 40030 40371 41512 46596 50254 61770 65486 72898
557 632 947 3384 3929 4454 5000 6173 7355 7919 8671 8809 9105 10763 11763 11869 15116 15637 15769 16112 17146 17404 18856 19641 20022 20717 20796 23539 25265 25414 25470 25721 25767 28420 32802 33522 33928 34449 34721 35514 44923 49873 50302 50779 62775
311 660 1032 1089 1217 1499 2776 4166 4441 4854 5244 5512 5823 5928 7853 8927 8982 9050 10403 11431 11517 13020 13223 15679 16158 17642 19484 20403 21871 22053 22510 23081 24971 28204 29738 31090 31624 33485 42241 42954 44577 57846 64522 71415 113465
823 1272 1897 1900 2430 3883 4443 4788 6149 6331 6783 6808 8307 10371 10636 11477 11920 12183 12933 14168 15435 17303 17644 19727 20056 21986 22079 22553 23432 24139 24315 26265 28594 29439 29734 30148 30682 32602 38745 39487 44413 45775 54793 54956 98602
