1000 35 24
3748 5277 6321 7636 9644 10922 13620 16407 16797 18382 20705 21824 26785 28402 29747 31828 38111 66842 67171 90049 93408 115308 118389 121938
2653 3035 4122 19210 19316 20821 25884 26158 28452 30221 30474 36162 37079 37549 37661 40783 41072 43221 47788 67961 68516 73101 91497 106255
1004 2660 5216 10256 11280 13472 14166 19033 20086 21320 24981 26104 27509 34465 46209 47447 52413 53389 60345 79910 83545 99440 106617 118295
375 1721 6229 9963 15061 17637 19050 19501 26149 29229 29851 31455 32982 34277 35265 40392 45599 46638 53511 54683 68623 89351 120391 125600
926 1594 3800 7190 8330 10260 10766 16383 18413 19294 22871 23422 28901 35635 36160 41152 47673 55046 58508 71567 75125 80290 141169 151852
2624 4229 4472 11756 12530 16277 17433 22245 24820 27337 28548 29211 30693 36093 45250 46512 46932 50343 61988 68430 69551 78946 107718 111286
2111 2392 2681 4080 8289 9122 13758 14713 18081 23168 24800 25467 25654 33002 34729 43975 49938 50383 50400 71118 99834 115405 121040 122138
1069 4594 4811 5774 8288 18153 23122 23160 24203 26199 26464 27287 34028 40413 41305 43187 45138 55338 56393 64430 68555 70514 74350 178328
464 1256 4880 6283 15410 18948 20947 21150 21614 24784 27218 28606 43392 45356 46696 53132 53735 64778 67888 70760 76481 83329 85691 93616
923 1588 3968 6492 6645 7823 11673 13019 14657 19055 25649 33004 34326 42476 45087 46113 48781 51614 65755 76888 82142 92686 94804 123437
455 614 2759 3734 5219 11234 16461 16845 19031 19765 23969 27248 27951 30779 31761 36192 38967 62525 64286 69122 102751 110856 113779 120683
2031 2735 4556 7732 10130 11210 12521 16259 18061 20858 21234 22554 36703 40813 42102 47210 49478 58297 60386 73249 77026 81225 108416 143427
1175 3261 5642 5816 6020 7351 9233 11085 18930 20861 22155 28326 29908 32821 34441 41599 54455 59052 60099 73630 73743 81351 92899 204733
1381 3279 7560 7826 8013 9565 10489 12957 18810 19186 21431 22963 24215 33913 36940 39345 41532 47056 50393 65070 76028 90056 102668 193457
1606 2185 3378 7132 10669 12826 20391 21702 21935 24386 24718 25015 27028 29085 32448 37037 39555 40105 49913 59088 77543 111502 121661 147261
1697 4860 6560 7696 9562 10219 12782 16409 19320 19636 22780 28200 29806 29909 31810 32768 38084 43994 44664 70246 72577 89345 89391 246603
586 1574 3721 4168 4435 7575 9732 11688 13882 14796 15277 15773 18847 30289 30762 34747 39757 67877 75469 86387 90464 91835 122416 160725
4097 5653 5679 6670 7368 10602 12571 22816 23515 24949 26488 30744 33643 37574 41468 42926 46569 49641 52962 67959 71517 105534 109906 114540
454 1702 1817 4907 6984 7398 8875 14925 16056 17118 21837 26607 26957 45894 47545 56040 59053 64817 68007 69129 73161 90500 96609 130179
1009 2009 3149 6110 7422 9120 13338 15949 17717 19138 20385 21580 23128 28890 30717 34370 37444 45497 50036 57185 63963 70745 146493 236257
3057 5392 6264 6998 11011 11160 12958 16034 16467 24607 27079 27608 30569 32154 33441 45251 45484 50958 52795 56684 59430 85710 98801 186083
1827 2473 5246 6638 8059 13712 14060 14790 17775 22722 23360 32172 34889 35658 42405 43302 51797 55108 58487 79754 93777 98942 98981 106980
270 680 763 1973 4232 5221 7112 7549 10419 12126 12151 17537 17729 30273 45510 48675 55171 61548 70864 70974 90317 90833 100262 209752
1891 2436 5306 7329 9708 14131 20070 20942 21343 25134 28289 29273 33499 34400 36755 37174 40287 46170 61028 64520 74374 114374 115795 119628
634 5398 8815 9516 10501 12988 17630 18515 20182 25804 26442 30659 32740 37203 40767 42646 47227 48582 60321 71215 76422 77563 97412 140229
445 4884 5448 5849 6027 6996 7556 8869 12269 13134 13293 13305 16237 16971 17144 30669 35757 53800 56236 81124 83499 119982 130198 202095
4740 8583 10996 14101 16402 16642 18259 18314 22340 24709 24837 25881 28524 33949 34222 48145 49245 50741 51165 63809 69814 72819 103327 147455
3542 3893 4338 4501 9168 12509 15137 18255 19189 19921 20505 26523 28687 34810 34967 42115 42292 42868 50207 58303 62393 80916 140131 170528
879 1026 1521 8840 9978 11216 12617 13819 16365 16563 16903 19552 23060 26156 29920 31694 35378 36346 57753 62678 72393 94013 127146 239477
90 2542 4034 4084 10652 14442 15152 17769 30504 32615 34487 35900 37923 38983 40495 43708 47038 47476 53636 56277 65352 73972 112207 127817
2913 3409 6071 6660 9094 11708 12390 14779 19162 23210 26616 30078 34920 43211 46221 48577 50172 54375 56899 57771 60060 84612 114193 131350
4257 4490 7726 11031 11314 11416 11422 13700 13888 18747 22227 22497 23177 24660 47846 53027 57518 60525 60897 67189 77949 82543 112167 124314
358 2253 5935 8767 10515 10995 13558 16981 25596 26289 27337 28492 30098 30182 32558 34788 36166 37169 46192 62869 70690 73035 98538 209037
1348 1833 4797 5266 6352 7270 13051 19370 21151 22130 24345 24555 25843 27574 31816 32300 32796 48780 63796 69647 78290 90994 146712 150941
1033 2022 3075 5026 6086 6141 7122 7558 11923 12251 13361 15596 20113 25804 26792 26932 44209 72819 73322 74225 87221 89414 110660 201026
