1000 35 35
1763 2699 3443 3739 4455 4563 7189 7480 8182 8997 10070 10229 10997 11603 12112 12714 12806 13797 14705 16653 20131 20203 21150 30754 31548 43252 46197 48437 52242 55554 55713 85877 88480 91063 117722
1097 1884 2310 3293 3532 3792 6338 8255 8547 9122 9287 9975 13831 15415 16180 18021 18411 20515 21513 23353 23500 26134 27592 29022 38373 40101 41275 41762 41957 42898 49613 72017 72799 89587 139412
284 934 971 2627 2729 3199 3440 3686 5556 8903 9254 11039 17426 26700 27000 29609 30198 31652 33975 36014 36164 38802 38961 40712 42130 42723 45491 45544 45618 47589 53499 53876 54059 56014 67137
643 2292 2433 2753 3229 3755 4250 8685 9004 9559 9856 11000 11657 12458 12568 13551 13629 15137 15511 15825 22401 27139 28092 32317 32686 36546 43251 44721 45503 67448 67554 73616 74016 77761 140832
964 1231 3855 4319 5169 5732 6292 6539 7572 7684 8289 11051 11064 11983 12102 13623 14458 16101 16549 22116 23727 31447 32322 39087 39853 40449 43834 46937 52649 58758 59576 63517 64642 103555 105595
912 1338 1995 4073 6600 6683 7202 8625 10325 10945 12600 14026 14232 16953 18550 18711 19322 20619 22202 24140 26877 31806 32260 32591 34004 35556 42688 43889 46946 49861 51357 61267 72781 90061 98221
136 431 565 1788 2162 3118 3715 5477 7993 9545 9890 11593 12336 12366 13265 15163 16226 16263 20537 20906 21544 21784 23533 28388 30023 30529 37299 39185 44002 44126 47811 82887 113016 120571 123248
651 2459 4461 6186 6912 7279 7795 7834 8553 9671 9840 10536 11402 13250 14408 16802 19885 20045 20261 20703 23211 26449 26816 31436 35189 42636 43137 52224 52584 54425 56086 72628 78898 83710 89220
599 785 1845 2212 2801 3752 4719 4818 7709 11066 12071 13040 14365 14433 15052 16786 16977 20920 32375 33427 36240 37526 39130 39749 40130 40532 40887 42325 43535 43700 52775 53986 59195 70958 118153
312 423 3171 4112 4213 5131 7620 7743 8175 9452 10828 11604 14036 16171 20485 21985 22857 23956 26724 30187 31842 34236 34766 39169 39172 41080 42880 51101 52254 52455 53278 56718 57207 59043 96945
215 1202 2036 3005 3361 4704 5222 5588 7110 8517 10486 11034 11276 11532 15513 15946 15956 17010 20881 21678 21943 22053 22584 25986 27234 28699 32946 37330 57631 70942 81173 82631 91132 94448 99021
330 1022 4347 4960 5003 5030 6226 6981 8896 11456 11614 13263 13562 14689 15521 18990 19751 20807 22753 24668 25381 29569 33678 36125 40318 40540 42325 43456 52383 52953 58751 62008 65898 71260 102999
1518 1695 2398 2575 2942 3438 4106 4794 5404 6905 7802 9524 9822 10627 10846 13447 13501 13866 19012 22560 23356 23459 26115 26750 28290 29030 30328 40194 42138 45101 51172 57954 111373 130548 159822
3239 5539 5586 5974 6094 7471 7732 7869 9608 10002 10928 14162 16024 16453 16573 16976 17404 17686 20530 22048 22125 23329 24756 33796 34109 38509 39989 42307 43119 45823 46327 58803 82112 106348 113420
530 2262 2964 3444 6563 8055 8165 8537 9392 9839 10425 10846 10847 11241 12538 16534 20312 20327 22262 24478 25468 25775 26745 31512 32960 38142 39213 45827 53592 54375 66223 71611 74645 89769 96519
378 994 2326 3324 3821 4932 5395 7026 7713 8822 9204 9557 9910 11483 13044 14272 15436 18109 20069 20840 23180 26827 37043 38547 40777 43295 48170 50168 53107 54410 56544 59887 63691 82617 124176
740 1132 1353 3666 4116 5057 5930 8908 12812 15771 17848 18926 19848 20062 21812 22576 23379 24391 25193 25829 26010 27246 28008 28234 28846 32950 36737 42188 44032 49238 57948 60830 64984 71152 116836
2299 2389 3445 3763 4037 4763 5645 7197 9479 10299 11092 11213 13297 14622 15433 16242 20033 22661 22977 23380 24598 27071 27889 32168 34349 35448 39239 39846 49477 56132 58671 67951 76997 90158 109684
66 1359 2607 2798 3719 4868 5575 7779 9022 9397 11634 11751 12730 13440 14746 15456 15977 19087 23549 24678 25133 29480 30983 32838 35703 36174 42248 43818 44353 47361 59610 62895 83327 94622 115365
3100 3459 4286 6629 6770 6843 8922 9070 11036 11632 12694 14000 18676 20729 21085 21949 23844 25375 26102 26452 26715 26918 27630 28336 29476 31550 36871 42302 49776 50575 52039 53896 60406 74026 118316
1287 2127 2886 2999 3035 4220 4480 4667 4809 5675 9316 9810 11818 12394 13204 13767 14691 16844 17727 23478 23955 24239 25113 27979 32326 34800 39321 47617 51964 54540 58483 82642 95579 104371 107470
925 1653 2585 2969 2999 3999 4724 5309 5521 7064 8146 8650 10918 11060 11903 12688 14509 15657 18653 30874 32227 34031 35823 38133 39673 43242 45791 45858 52392 52889 53455 59274 65541 92246 114755
186 1209 1738 1919 3309 3769 4525 5919 6594 6874 7603 9381 10764 11059 12104 14766 18401 24777 28327 29267 30513 35497 36523 36826 40555 43014 43362 47249 56104 57763 65739 66698 69078 78386 79080
504 2872 3217 3698 5104 5458 5762 10047 13128 14270 15847 20154 20539 20955 21077 22997 24617 25210 25663 26954 27666 30224 31253 35926 37813 39590 40962 42548 45876 47411 49907 59852 64698 73976 74550
611 870 1239 3596 3883 3907 4482 4872 6558 8599 9415 10428 10728 13543 15206 15691 16202 18253 19239 22229 24728 25099 26069 33324 34732 36035 40014 41162 57102 57468 58430 61460 82607 109581 117406
160 276 376 742 1131 6554 8624 8706 9025 9760 11144 14088 14813 15359 16208 16292 17181 17753 18044 25068 25702 26362 27016 31773 34587 38880 40901 41389 42931 46623 49542 49803 53664 126431 139704
94 1353 3597 5137 6216 7484 8724 10341 13010 14347 15340 16270 16360 18895 18908 20117 20244 24734 24796 28539 30038 30318 30545 30961 31084 34915 35316 37567 38922 42198 44804 49822 50692 109991 116672
148 1070 1883 2628 2984 3500 5226 6457 6598 6900 6968 7217 12886 13254 13926 18463 20757 21020 21547 22248 22650 22694 28289 33031 34861 35489 41984 42957 44543 47815 54648 64408 78739 117677 125789
220 709 1324 5399 5513 7019 7750 8834 10134 10682 11471 11587 12506 14251 15907 16083 16239 18483 20868 22767 23666 27855 27870 28890 31405 38130 41921 42134 46694 48086 49782 66244 71741 88924 143405
134 311 486 1331 2154 2813 2894 4512 4760 6369 8884 10770 11104 13011 14690 16123 20540 27157 28376 30590 31401 31521 31801 32080 35430 36106 36567 39712 45023 63918 68009 68841 72097 88503 99830
457 885 1338 1429 2896 3020 3225 4202 5434 7095 7801 8012 8831 11421 11567 13325 13487 15664 17853 19881 20744 21043 27037 27327 27617 28128 34426 48383 50780 53433 58441 67311 103499 115939 147393
398 1594 5025 5390 6289 6762 8588 9040 9201 9434 10206 12231 14407 15878 20926 21065 21225 22736 23207 25103 29572 30500 32047 32312 32830 34026 35525 35598 36553 37317 49056 53760 81514 110483 114859
41 1305 1573 2071 4013 4849 5334 6440 7773 11922 14402 15590 18166 18688 18981 21074 22308 24016 25800 26389 30439 31310 31689 36749 37095 39140 39386 43007 44971 49606 54086 58008 64389 78922 99291
2435 2571 4090 9483 10328 10635 11665 12712 12967 13390 14487 16726 17645 18057 19332 20866 21644 21698 21788 21837 22634 25508 28327 33428 34869 39160 42050 44652 46806 51769 54488 56908 60212 72722 89338
1719 1825 3358 3915 3961 4363 5328 8232 8695 9488 10627 11408 13794 14122 14519 15188 15207 17151 19439 19872 21622 23023 24710 24939 30730 31003 37100 42720 43280 56297 57024 63994 70769 85665 178967
