1000 23 30
761 2021 2155 2281 3239 8468 9160 10040 10960 11068 14607 15353 16138 18088 18486 20867 22848 22961 28570 33075 35795 38590 39354 39562 41180 42237 45647 65031 101891 169462
1035 2402 6570 8140 8225 8511 10176 11516 11750 13402 14492 23419 24262 25650 25690 27994 30485 31660 34952 35768 37718 41513 43061 43214 44957 54661 61688 63559 91710 95453
690 898 2465 2892 3196 4125 5094 6963 7190 8177 9786 12113 15423 21074 22647 23861 24245 27698 29623 30679 30770 36312 44777 54446 60780 65795 68088 74712 84216 85104
3100 4133 4990 6879 9433 14216 15055 15401 18726 19180 20006 20467 20981 21759 24768 25851 27179 29745 33254 35035 35190 35290 35754 35937 40265 43906 76121 83478 86432 104078
635 1727 2274 2985 3322 3711 6427 8986 9287 9349 11234 12145 14130 17252 17293 19230 21046 23454 30209 38522 41711 42150 47979 48723 50851 56608 59709 70343 120416 145453
198 1530 2538 4046 4278 6052 6246 7014 7740 8100 9542 10239 11514 15516 16759 16787 25477 26551 26943 31367 31547 35011 38983 41765 46910 52391 62380 80666 112427 195834
186 551 1177 1697 1697 4634 8774 8861 9607 13124 17855 17978 18509 20294 21383 24775 28016 29707 32671 36444 36551 36626 36996 43671 54007 57621 58717 62344 76328 104519
3940 4938 6333 7384 7489 8695 9221 11038 11491 12333 17493 19303 19475 20528 23806 24388 25537 26728 27886 33190 33613 33887 37370 38580 53364 54347 64903 66649 70387 110777
493 826 1610 2810 4016 4743 4923 5803 6763 8590 14707 14912 15212 15660 16368 17046 18008 18074 22564 22568 25435 35652 42043 45626 46353 47801 93047 97861 103277 131921
341 648 2122 2389 5832 6076 6264 6559 7983 9977 11117 11321 15474 16426 17230 17430 19108 19232 20008 21994 31585 40459 52082 53357 57273 57830 69647 79779 103807 137625
290 849 1274 2393 3808 5331 6646 8180 8859 11661 11706 11714 15075 15354 15423 16095 16126 22822 27215 27435 28905 47027 50006 55468 55947 62023 71238 80824 83658 102490
77 323 1129 1294 1589 1834 5907 7648 8990 8993 10604 11359 11501 15539 15569 16585 19821 20126 21408 35818 37272 43135 52168 63316 64795 68130 75923 76444 96679 151530
588 677 910 1436 2196 2488 4665 5685 6026 7669 8772 12201 12482 14712 17005 32163 34715 37149 37764 37902 41945 43017 47840 50418 62730 63919 70146 70899 98315 117812
1002 3104 3482 5214 5584 5985 6639 8384 8856 8935 10783 11398 11838 18890 20626 25155 25291 25553 25915 26453 29078 32230 34624 37696 39826 52391 76967 82327 88797 129836
1505 2530 4212 5007 5409 5588 6079 9101 10224 10741 10843 11914 13579 15364 16499 17589 28026 29795 33642 38317 39544 41132 47007 55871 63137 63919 65561 68133 78586 133029
860 1924 3064 5024 5363 6285 7842 7923 9272 9743 12148 12418 15034 15220 17486 22070 22629 29770 30504 31808 33654 34559 35171 45331 58423 60048 67925 79006 96152 111413
609 2216 4320 5604 5604 7098 11978 12112 13051 13974 15907 16105 18050 18057 18202 19532 21393 25018 29245 31989 33455 34079 35687 39565 46454 63427 65227 71507 75156 99613
384 4531 4555 4729 5050 5074 8754 8957 10095 11497 11616 12771 15601 16760 22394 25425 29265 30089 31076 34006 34547 38588 47832 55940 57645 60753 60896 70143 70577 89896
4256 5419 6105 6131 6703 6813 7275 7362 7632 7890 8077 8195 9009 12744 13110 14317 20974 22256 28939 29921 33605 38828 47277 47699 54463 63895 72776 77962 78891 125176
244 615 1418 3926 6165 7090 7408 9614 10773 13493 13932 14473 15857 17126 18658 22434 25035 27194 27930 37596 41842 44148 44376 50100 54142 56973 70333 73116 76675 120897
1506 3600 4188 5483 5848 7315 7845 8103 8876 8918 11014 11308 11425 17198 18092 24386 24659 24887 28179 28743 29280 32106 34895 35278 48011 54957 62723 77387 115745 155001
2206 2748 3888 5524 6946 10673 10945 11016 11445 12348 12932 16249 16487 17113 25380 26486 30159 33244 33842 34529 36180 37167 46254 47969 48607 55347 55859 66301 67563 70942
2662 4234 5271 5684 7850 8579 9411 9828 11920 13446 13864 13980 14350 15568 16347 16464 20120 25733 25814 26615 26858 29109 37997 38082 57564 61099 61762 67509 77076 132449
