1000 17 37
1030 1119 1245 1399 1638 5115 5877 6189 6470 8115 8301 9131 12035 12936 13152 13368 14177 14714 15487 16200 17414 19866 22036 25015 26558 27441 31227 35401 35999 39952 41506 47495 49195 54188 69847 69929 124313
308 1088 1391 2351 2655 4720 4895 6759 6760 9102 10378 11417 13285 15375 15542 16117 16232 16521 16738 18798 20390 20543 21271 22056 23165 24487 25268 34043 36946 41224 44390 44786 45892 46727 59121 75162 112680
1858 2314 2698 4004 4802 5519 5581 6636 8446 9213 9835 10646 12673 13866 13931 16896 23566 24026 25429 25897 28202 28226 29560 32114 32461 32538 33033 33945 33956 35225 37959 40540 40793 41473 42278 44214 53633
437 476 960 1194 1985 3009 3812 6549 7502 8903 9090 10078 12679 12844 13721 13843 15301 16081 16916 17657 19281 20652 20764 23489 28657 30219 30714 31125 45011 45912 46687 47972 50683 55835 65754 70513 87646
247 596 3152 3829 4598 5012 5192 7318 7365 10006 10270 12746 12872 13525 13898 14310 15041 18542 23470 23585 23966 26099 28591 28810 29548 32635 33092 34402 35756 37706 38282 39350 44212 48064 54089 67844 68818
1014 1171 1657 2399 2497 3216 3406 3540 4770 4983 7004 7259 7489 7501 8363 10131 10785 11413 11779 11840 14466 17600 17843 21586 24853 24882 24981 27265 35014 36617 43209 54854 61413 70889 73312 81538 113027
1515 1845 1987 3285 3647 4302 4729 5515 5916 6026 6560 8290 9279 9754 9851 10229 10482 11296 16201 16520 20109 21296 21415 23615 24559 27021 28218 28868 29788 33917 41002 44388 48080 58870 62815 72044 79184
796 838 845 1428 2256 3420 4291 5883 6900 10342 10966 13454 13640 13792 16367 18262 19396 19560 21290 23372 23433 24550 28305 32489 33203 33546 34541 38266 38492 40640 42086 42668 42819 54322 55558 67343 76459
98 1131 1900 2429 2937 4336 5532 5755 5807 6073 8764 10653 11961 12227 12582 14870 15123 16425 17021 17065 18223 18644 22126 22532 25922 26487 29173 29372 30958 32339 34675 49806 50677 55167 59463 62333 62760
32 727 1331 1674 2021 4313 4970 5603 6779 7703 7713 8458 9354 9363 9475 10296 11014 11303 16741 17356 19454 20914 21860 23368 23751 24594 29890 33331 34543 36056 39709 47183 54736 61745 75512 76410 81547
356 506 1013 1083 1123 1145 1456 2111 2137 2671 2794 4542 8284 13359 13861 14871 15201 16066 17796 19644 19801 20152 22752 24741 31889 32826 34975 35209 35941 35979 37212 37225 44201 49960 50640 52758 151589
1373 1461 4665 4669 4712 4762 5097 5411 8160 8423 8712 9816 9873 13574 13871 14493 15272 15488 15814 17919 19028 21394 22673 24681 27059 27191 28655 33191 35551 36679 37494 39469 40187 49189 53328 57620 75403
1006 1617 1676 1774 2508 3392 3469 4924 5234 6015 8433 8976 8997 9186 9613 9969 10005 11193 11899 14639 14968 16489 17492 18943 19325 20327 21854 37085 42915 44842 46307 50083 59678 60014 66523 72754 74761
616 1761 1947 2351 2586 3175 3644 4693 6588 7942 8855 8887 9425 10637 11638 12567 12774 14500 14683 14866 16663 17911 21666 22182 23609 23660 26459 26791 27966 34188 38922 41070 43518 45361 58376 67704 138243
700 741 824 971 1755 1959 2365 4541 6467 6808 7796 9368 10757 11851 11961 13710 14321 16072 18887 19060 19203 19408 22897 26191 26413 27964 30467 35129 35951 44572 48193 48595 56934 62047 62444 73977 76732
355 457 1309 2233 2904 3246 3518 4525 6917 7927 9863 10242 11758 11790 12155 15261 15609 15981 17298 19383 19841 21261 22423 28536 29085 32779 33396 33585 34276 36452 40041 41291 45547 46097 54685 57684 100933
569 839 1116 1188 1634 1686 2172 2306 2394 2626 2907 5044 9658 10875 12852 14074 14354 16590 17004 17489 17816 17915 18568 19230 19815 20779 22835 27846 36726 38284 39380 41433 42207 51471 69213 79100 108473
