1000 45 31
15 923 1159 3221 5471 7232 7399 8102 8266 8875 9693 15973 16807 16949 18741 22151 22288 24505 27885 31632 33688 34418 38013 38215 46324 53440 55055 57767 67522 75977 175165
167 4422 5344 5826 7075 8088 8220 8446 12088 13090 13246 13943 17953 17969 18445 18787 21361 22964 24772 25621 26059 26893 31418 38360 42261 48601 49734 58433 78189 89500 108398
119 4848 5068 6530 6962 7351 10070 10828 11351 11846 13279 15778 16392 18255 19265 20027 20340 22335 22611 25277 26603 37668 42231 45208 45456 48625 50246 67680 68061 85508 119239
2712 2715 2998 3618 5580 8687 9143 9167 10860 11124 11412 12559 15379 15804 20021 20191 21783 25104 25759 31134 31911 31985 33655 40456 40465 45343 54332 64827 67512 105019 134031
2682 4879 5372 6457 8102 11260 11476 12051 13167 13699 15758 17240 19215 21977 22440 26195 26669 27644 28389 28830 31774 37215 39367 42375 46568 53522 56041 59330 65354 67347 98224
215 286 976 2889 3432 3532 6511 6636 7230 8576 11001 17124 18456 20329 20750 20760 22554 22951 25838 27201 33773 34833 40487 40756 41259 43890 48471 69304 70236 77885 124734
1012 2875 3779 4092 8192 8608 8662 10401 11553 13977 14780 17390 20940 22043 24610 24723 25039 25500 25844 26018 27274 32965 35097 35408 38750 45116 47992 71607 81031 88333 108639
3582 3592 3870 4945 5363 6430 6942 7296 7939 8908 9229 10852 12003 17961 19483 20508 21905 23485 26696 27284 30036 33600 37771 47164 49430 50344 52270 58202 59073 71803 131385
899 4407 5166 6455 6481 8240 10564 11454 15206 15338 15367 15401 18210 19625 20424 20620 20770 22740 23188 25308 25397 28584 30035 34267 52216 53683 61852 61878 67354 79490 102929
1262 1350 1387 2659 2855 6953 7746 8871 11767 11989 14302 16402 16544 19367 19756 21917 22315 22665 24421 25331 28646 31281 35403 38161 41709 45754 62599 69963 87230 103149 117430
232 1385 1812 2234 2313 3004 4042 4865 5974 11311 13554 17430 17709 20877 21966 22652 24620 25035 27057 28850 31258 32873 36317 39235 52204 54087 56347 66234 75456 98236 104943
169 361 792 2555 4697 5773 8260 8832 10171 11087 12070 12744 14102 17182 19453 19865 20597 24368 24491 32437 32817 37768 37959 53479 54269 54720 56484 60267 64454 75847 123440
307 823 1830 3488 3952 4896 6185 9171 10022 11115 11327 11650 15092 17155 20225 20599 20602 26222 27638 28985 31412 39228 42811 45822 48325 56119 57701 61612 70176 93771 106334
133 1897 2398 4088 4139 4643 4925 6284 7821 8818 8828 12229 16303 21134 21197 24547 25115 25680 26677 27284 27331 29388 29503 31972 32191 42490 67173 77647 86058 86875 104742
1311 2147 3283 4586 5646 6038 8213 8865 9276 9751 9901 10181 10265 10501 10744 15998 17115 24181 26274 29860 30518 30762 39068 49940 50624 58598 73341 78961 97673 103554 108352
2204 2593 4868 8668 9533 10630 13754 16079 16392 16566 17498 17773 19035 20023 20111 20400 21868 25664 27194 30040 32002 33272 33874 35448 41139 47075 48825 50249 58870 103237 104907
34 445 1868 2307 3526 3787 5062 9017 10065 10759 13321 13921 14549 16127 16695 18376 18893 21403 21494 23776 28456 30365 34796 40279 47769 69747 70552 75051 90366 90730 103179
145 318 367 971 3892 4704 5887 9190 9699 10571 10854 11279 13417 14932 15667 17532 20923 21706 22612 24900 31987 34777 37016 41628 45920 50413 52080 53625 93300 123191 147665
770 1530 1945 4234 4529 6106 7341 7750 8737 10072 10542 19433 19771 22189 24630 26037 26509 27540 29693 30124 30453 34249 34784 35174 39423 50141 64280 64782 74879 75676 147605
766 1486 2438 3008 3039 3872 5821 8351 8907 8913 9164 9338 11673 15684 18920 19948 20271 21623 23657 24148 35785 39545 48081 49644 49706 53664 54606 71921 91683 93062 125953
159 1614 1676 2293 2505 3662 3819 4773 5124 5649 8841 9924 11885 12462 13916 15663 17687 18481 20115 20773 26832 30703 32953 36054 37800 52383 59176 77109 101646 117854 122297
1613 2961 4322 4573 7260 8394 9349 10154 11009 11955 12354 14123 14590 16411 16718 17882 18187 21038 22613 23990 24064 24376 37032 47219 51413 51589 60036 63262 71112 77672 169726
64 3023 3985 6591 7001 8070 9070 10177 10310 11234 11858 12498 15612 18026 18166 20837 21111 21998 27038 27574 27706 31723 38871 41896 49849 57230 63350 74667 78455 89670 95402
2723 2870 3800 6477 6537 6606 9828 10666 10671 11301 13110 13483 15991 17907 20292 21086 21978 28949 29878 29918 34622 34907 35475 40790 41610 43048 51921 58588 86447 103289 122757
1776 2459 2935 3869 4034 4237 7224 9608 10543 11440 11549 12867 14596 14674 15502 16871 18650 20212 20351 33744 37266 40939 44354 45325 54171 57073 66065 79647 80519 85863 110931
1349 2900 3181 4913 5615 6249 8570 10785 11410 12367 12905 14592 14603 15048 16409 19255 19442 21567 24391 28419 31098 38545 45902 49277 49332 60897 61807 75958 79364 86041 97651
1861 5191 5526 8017 8213 8569 9263 11887 12093 12140 16087 16738 18078 18267 22333 23351 24639 25106 25671 33341 35179 35605 39748 40054 40755 43370 49310 57188 69323 73943 86646
1718 1815 2257 2291 2352 3403 3502 5222 6192 8427 10334 10578 14131 20151 21342 21365 23063 25566 28095 31029 31362 35149 36128 40560 43487 46780 53176 71552 85934 94567 115347
2374 5312 5392 6138 6637 7105 7630 9930 10614 13545 19260 19340 20841 23204 26065 27947 29756 32968 33271 35542 39183 39224 39410 43884 47268 47615 48133 53688 54099 71696 113910
2353 2633 3298 6076 6418 7232 7915 8840 10387 12057 12430 13126 15539 15687 17480 18750 24583 27245 28029 30778 34721 36377 37201 40452 50278 55417 56249 65790 68831 74344 149622
225 297 338 3188 4076 7185 7193 9261 10830 13409 13417 15276 17627 18513 19425 19997 20619 25695 30960 31206 32166 39767 50592 55830 61191 62254 64086 71164 72287 73699 80629
291 1962 2729 5608 7606 8092 8643 9213 11863 12665 13609 16766 17092 17561 17751 18352 23799 26339 28571 30114 33358 35903 36107 40829 41510 45283 49901 54042 69892 76946 99793
177 401 1964 2219 2554 3779 5641 5883 8184 10885 11098 11602 11902 15086 19511 23789 24833 25547 28365 30073 30548 31017 34227 36695 37214 45806 49076 54627 79884 81105 151529
1500 2757 3492 3713 4002 6485 6627 9295 10207 10804 11408 12987 16432 16458 16723 19811 20047 27886 29760 32102 34280 35780 36578 36790 39358 39426 56368 59718 79439 100624 133801
859 2984 3561 4497 5972 7139 7785 10560 12545 13536 14697 15187 15656 19446 23084 23452 24444 24558 26087 28650 32344 35691 37955 39146 41513 45548 51474 64924 74123 82102 99590
106 2244 2245 4235 4391 4615 5396 6360 7816 7933 11396 14410 15021 15436 16718 21097 21585 21628 23445 23884 29505 31558 37550 39570 48811 58389 60676 73396 87104 92459 139805
1033 1613 2219 2371 7079 7601 7916 8088 8109 10860 11008 13415 14083 14526 21445 29296 30205 32379 33051 33427 34233 39101 40191 40619 41856 43669 47555 51224 59635 70613 192449
1595 3042 3087 3163 4475 7328 7857 9427 12701 14749 18285 18780 21157 22381 23340 23367 29474 32509 32533 33644 36085 37098 43555 43629 44299 47086 48554 59030 62775 63339 106241
56 576 1382 4918 5720 8586 9507 9554 10103 11313 13443 14988 18078 20041 20857 21320 21336 21419 23836 25173 25681 26027 26294 31356 34613 49318 57257 75673 80770 128259 151466
117 191 363 787 2820 3844 4355 5508 5956 8447 9864 10661 10664 12251 15087 17656 18146 21459 22631 23185 33075 36297 36979 39022 46549 54811 64020 70001 75532 94839 155306
99 2624 3190 3833 4188 7482 8146 8179 8640 9651 9818 9841 9864 12809 12940 13230 13275 15123 18947 20252 21980 23058 40319 41252 42604 66436 77279 78019 79445 105641 111737
345 813 2681 3546 6180 9061 9545 11236 12309 12566 12590 15760 16312 17263 17957 20579 22171 22483 24121 24631 25767 33562 41301 49059 49382 49943 56666 79246 79577 87354 109213
242 246 1589 4351 6712 7347 8696 8873 9572 10194 10556 11685 12242 12980 14846 18925 19360 28001 29042 32547 34388 35114 39379 41758 46814 54894 66215 69058 73227 75669 84858
1210 1436 6034 7609 11526 11987 12022 12206 12551 12998 15041 16055 16407 17525 20332 22276 23298 23993 27259 31418 31493 35361 40289 48034 49866 55926 63022 70254 75308 86590 86848
36 587 2732 7105 8476 8841 10954 11002 14126 15989 16097 16696 18762 19938 23507 26636 26879 29418 30844 31309 40869 41423 41908 42072 43452 52359 52739 56183 57012 88267 113876
