1000 46 43
672 909 910 1989 3064 3335 3807 5080 5981 6169 6249 7220 7264 7752 8317 10000 10465 10683 10712 11080 11611 12418 12431 12512 12896 13522 13527 19002 19088 19840 19924 21741 22213 22888 23815 23927 24652 39807 45773 50139 65656 70293 76128
169 611 931 1505 2061 2538 2953 2975 3424 4191 4327 4406 5199 6004 6892 6989 7993 8579 8784 9519 10688 10968 12573 13401 13474 13860 14100 15063 16241 26585 26968 27171 27805 28781 32513 35791 36707 39212 46132 46274 49319 54183 67610
118 921 1689 1718 2761 3818 4109 4428 5499 5973 6661 7635 7741 8716 10336 12700 14964 15380 16791 16946 18698 19391 19781 19945 20773 20838 22320 27160 27834 28521 30747 32422 33013 33271 35333 36031 37728 38433 39758 48624 52449 53174 58528
276 797 970 1112 1251 1331 4214 4562 5043 5610 6274 6302 6597 7427 9842 10400 12163 13769 13925 14566 14909 15039 16744 17043 17435 19373 20259 22494 23112 23380 23778 26027 27154 33391 37972 41699 42960 43391 44014 45761 53640 58562 71250
397 595 761 1653 1983 3695 3946 4864 5040 5240 5440 6711 8715 11353 11653 12124 12149 12325 13659 14003 14029 17551 19494 19796 19807 20357 21659 21994 22773 23706 24181 24432 25154 25624 25697 28909 40156 44635 48074 50684 53960 70683 73544
101 203 332 869 985 1278 1377 2039 3358 3841 4023 5270 5451 5742 5752 6556 6828 7094 7367 7886 9306 9771 10050 12558 13715 16410 16583 16662 20432 20950 21875 24975 26196 26946 31420 31874 48438 54963 58446 58569 59896 64210 70017
684 843 1057 1120 1189 1783 3862 4221 4241 4654 4905 5225 5700 6185 7242 8548 9977 10089 11723 14647 14748 15852 17065 18243 18448 19330 19835 22932 23014 24462 29734 30206 33408 34042 34049 34773 35523 41426 43867 50193 56232 57741 74774
278 471 696 721 1145 3863 4572 4907 5309 6472 10804 11005 11409 11559 11964 12019 13078 13852 14273 15286 16244 16642 17069 17595 17626 17996 18509 18946 19610 21433 21741 22181 22481 22642 24651 26837 31543 32617 35432 35855 40521 44401 45023
476 1172 1366 1772 1785 2272 2655 2660 4404 4550 4659 4734 5293 6814 6996 7471 8212 8490 9413 9645 10949 11450 13434 14341 14813 15118 19667 20519 20527 20542 22040 22225 24795 24986 26076 34049 38136 39716 40540 44465 49094 74898 89981
81 1197 1662 2077 3473 3574 3884 4548 5154 5596 6078 6658 7340 8084 8416 8785 9011 9629 9838 9944 10182 12063 13234 14555 14834 15950 16401 17088 21199 21971 22075 26733 27019 29618 33709 37387 37659 38574 39527 42613 57379 73931 79463
43 164 258 439 2134 2300 2378 2597 2729 2857 2982 4344 5531 5865 6362 7650 8409 8916 9349 10229 11449 12456 12693 13783 16010 16055 20915 21043 21176 22828 24651 25514 25911 26856 26991 31321 34984 35900 37063 60694 64343 70246 76930
530 778 894 1384 2011 2040 2795 3783 4270 4496 4666 4945 5584 6367 7342 7363 8161 8982 9066 9223 9816 10055 10567 11038 11469 14111 16695 19069 19784 20477 21242 28092 31742 33947 35206 36394 38207 40385 50352 50585 61697 75414 82465
320 527 1124 1938 1946 2642 2910 3406 3771 3826 4568 4949 5274 6038 9281 10468 11190 11962 11989 12344 13071 13120 14046 19456 20584 20634 21055 21790 23521 25030 25457 25931 26603 27427 28233 28720 29041 29801 31137 35848 42171 87218 97275
76 349 697 1095 1594 2145 3353 3378 3463 3941 4532 4869 6592 6968 7167 8212 8354 10152 10204 10702 11387 11615 11958 13378 13881 14440 15339 17582 17795 19379 20111 20126 26570 27067 32188 37174 39056 46597 53013 56547 62168 65895 71301
160 2280 2657 3022 3155 3764 3996 4538 5582 5585 5728 6261 6606 7174 9721 11336 11605 12012 12263 13357 13588 14936 15154 15384 16743 17101 19336 21415 23452 24330 25948 28166 31360 32270 32599 33719 38044 38112 41982 42347 45408 50339 80286
525 1338 1723 2466 3247 5128 5169 5681 6198 6451 6728 7391 7614 7887 8176 8229 8239 11167 11191 11740 12048 12810 13692 13812 15247 15917 16150 17699 19078 20851 22066 23087 24405 27979 28714 30318 43164 43545 57987 58829 68098 73946 121935
84 958 1796 2050 2082 2497 2533 2621 2727 3542 4072 5168 5279 7149 7300 7402 7489 8125 9150 10408 10916 11819 12797 13293 16237 16371 19310 22519 22531 24966 26349 28070 35020 36218 37939 41551 42584 44192 47997 49352 51808 74741 81052
479 1484 1854 2598 3793 3970 4064 5648 5887 6169 6637 7751 7768 8638 8720 8759 8835 9555 9881 13819 13923 15716 16898 17213 18097 19460 22931 25186 26208 27555 27619 29162 30220 32089 32564 34306 37766 38547 45544 50685 55887 67791 79442
119 238 251 458 767 1617 1697 2810 3092 3637 4360 4526 6525 7407 7518 7525 7554 8055 8071 8487 8893 9605 12391 13516 13595 15979 16211 16427 16864 17610 22314 25627 28142 30355 33135 33233 40274 43800 44463 45658 76215 83290 124086
1220 1265 1909 2274 2499 2743 3478 4242 5561 6282 6373 8230 8377 9108 9113 9449 9599 10225 10832 13673 13861 15569 15779 16184 16518 17410 17645 19909 20454 20675 21784 22278 22949 23367 26005 32506 33759 39470 42826 46252 46523 58294 137630
577 696 926 1252 1564 1680 1770 2712 3065 3285 3695 4169 4384 5515 6006 6823 7072 8563 9410 10469 14526 16899 17724 18200 18544 20222 26270 27144 27229 29125 29660 30051 33577 33652 34110 37064 37744 37798 39772 40306 51405 52935 53526
870 1024 1327 2174 2598 3370 3712 4179 4215 5137 5357 5629 5953 6950 8203 8436 9544 10554 11350 12374 12679 13370 15617 15893 16254 17303 18717 19339 19905 21351 22195 23281 24479 25095 27806 28389 29230 32813 35591 41275 44981 48206 62574
395 517 824 882 889 983 1003 1986 1988 2701 3384 3716 3735 3774 5027 5271 5473 5654 6565 8624 8796 8980 9153 10144 10567 14478 14929 16662 17417 19559 22921 24938 26547 32676 32720 38021 39700 40815 48304 62585 66340 66722 72061
62 99 111 323 347 522 708 828 1381 2853 3652 5653 5976 7951 8708 9070 9685 9881 10294 10361 11613 14601 17197 17450 17981 18123 20560 20755 23806 25010 30113 32067 34379 34974 36419 38763 39368 44327 45655 46416 57065 57076 71345
55 298 1076 1868 2318 2757 2857 3369 3518 3935 4583 4950 5251 5314 6940 8828 11271 11971 12226 13521 14848 15337 17315 18342 18687 19026 19368 19565 19673 20008 21579 23510 23986 25397 29411 29418 30111 31590 33774 49166 89051 110778 116778
204 643 668 2279 2538 5374 5414 7083 7191 7731 8024 9558 10366 11807 11901 12532 13534 14082 15065 15578 16325 16348 16479 16920 17090 17450 18022 18248 18386 20415 21502 22844 26743 29661 32010 33069 33246 36101 38585 38763 47598 55426 58970
66 69 393 1320 1550 2139 2896 3124 3309 3337 3440 4479 8240 8250 8336 9386 9827 10117 10293 11517 11781 13887 16158 16486 16771 16889 17569 19362 19875 21222 22670 25618 27018 33118 35907 36879 37302 37702 38611 42402 43900 50779 76538
413 586 723 1624 1823 1888 2445 4409 4527 4811 5601 5864 6044 6194 7772 8147 8251 11524 13519 13842 14514 14607 16549 16824 17284 17811 18413 19282 20743 21405 24050 27331 29457 31699 34294 37685 38159 40423 49447 53133 64790 68807 75878
130 358 537 1354 2387 2977 3286 3979 4150 4675 5275 6212 6337 6381 6692 7052 7553 7669 10370 11667 11779 14075 16024 16722 17900 18798 20420 22232 23114 23753 24081 25345 26964 31572 33599 35714 36186 36871 42179 64039 64371 69682 105574
519 1022 1743 1845 3241 4198 5534 5724 5781 6195 6388 6537 7552 8191 8742 10181 13417 13650 14672 15026 15140 17051 17129 17238 18382 18513 18864 20698 21145 21733 23515 23523 23766 24485 26392 27013 27436 33878 37807 39767 49269 73577 106306
1622 1834 2174 2733 3819 3941 4582 5318 5997 6135 6264 6571 7182 8198 9170 9242 9755 11020 11185 12901 13969 14397 14716 15815 15915 17455 17732 19873 19963 20599 21503 23691 25540 26441 29047 31857 39108 51150 61587 64880 69232 72636 82488
1921 2896 2986 2993 3165 3662 3992 4165 4220 4561 6681 8981 9759 9868 10613 10735 11318 12533 12605 13082 13200 13292 13771 14203 15399 20019 21098 23058 24080 25006 25879 28358 28728 30685 31325 33264 33722 35031 35913 38192 63670 71793 108577
1055 1080 1211 1751 1766 3296 3755 3908 3934 4268 5473 5789 6656 7164 7461 7569 8407 9872 10780 14857 15109 15564 16573 17900 18255 21539 21552 21693 21740 21898 24236 26029 27158 27314 27951 28060 28970 30341 41625 45463 46255 51531 79377
208 478 659 1746 2043 2508 2570 2766 3561 3756 3950 4179 4254 4510 5125 5452 6599 6629 7755 9206 9967 10376 12625 13549 13650 13681 14498 15514 15965 17688 18154 18371 18969 19560 23592 24741 25979 43779 52681 59637 61220 71404 72144
4489 4586 5048 5310 5398 6525 6678 6871 7559 8098 8226 9617 9786 10245 10881 11427 11899 12671 13112 13214 15763 17590 18378 19117 20597 21091 22426 22893 23532 23647 23981 24213 25057 26960 28371 31897 32477 34605 39391 42055 44118 47789 87846
142 363 885 1171 2040 2270 4025 5324 6515 6862 6984 8427 10397 10700 10720 11946 12660 12738 14488 14608 15046 16068 16360 16859 16957 18329 19973 20708 21536 21657 23184 23307 26510 27405 27683 28232 29167 29265 40335 42457 46897 59439 65298
510 1093 1513 2193 2831 4125 4628 4643 4665 4775 5082 5952 6716 7077 7762 8117 8285 8573 8739 9322 11290 11462 13107 15611 17986 18450 18760 20468 20910 23441 26260 26784 26832 27787 29151 29585 35160 35808 37182 37233 37385 46333 208902
383 1098 1293 1546 3050 3562 3720 4133 4451 4784 5038 5668 5683 6064 6069 6226 7313 7981 8271 8393 9018 9612 10799 11250 11683 12901 13280 13969 15469 15787 20566 22621 23284 25792 26338 30602 33677 34436 36338 45053 61445 89621 90908
756 815 2756 3219 3374 3943 4419 5423 5432 5749 6018 6121 6200 6456 6843 6989 9792 11020 11792 12764 13979 14317 14612 14944 16212 18681 20783 21683 24749 24856 25474 25699 25980 26651 27744 34576 35654 41235 41580 43421 50260 50821 57148
5 172 395 681 763 773 1282 1590 1879 3843 5027 5556 6199 7040 7525 7772 8137 8899 10389 11104 11689 12515 12663 14375 17579 17888 18026 18136 18184 20389 24614 24797 26391 26737 27179 29119 29280 36942 36975 41694 45024 49692 75974
2363 2995 4040 4140 4425 4617 4740 4871 5034 5681 6887 6980 7150 7738 8327 8407 8667 8939 10777 11862 12861 13390 13989 15607 15784 16742 18212 19120 20200 21149 21693 21812 23833 24212 25175 25480 28503 31027 45413 46460 47915 48670 50464
791 847 2363 2763 3047 3691 3713 4588 6126 6938 7506 7598 8206 8582 9017 10106 10342 11770 12799 12889 13098 13361 13939 16368 16780 16927 16933 18653 19743 22028 22437 23525 27098 27860 28415 28947 29907 33452 37302 37823 39318 72446 76188
201 338 934 1086 1404 2002 2515 2590 2796 3809 4120 4893 4992 5488 6168 6377 8047 9530 11117 11608 11707 13580 15409 18017 20370 21967 21969 22276 24085 26705 26882 27376 29933 32154 34627 38330 38941 40050 42192 47711 48187 53215 73169
392 507 646 763 1402 1460 1685 3003 3034 5615 6888 7345 8788 9599 9753 9862 9921 10588 12255 14417 15154 16603 16608 16865 17512 19132 20233 20523 27066 27170 27774 28004 28092 29401 29755 36458 41673 43302 43907 53300 53459 71894 83628
38 67 344 2472 2562 2975 3244 3598 3650 3937 4290 4383 4701 5419 5477 7091 9033 9790 12205 13329 13710 14463 14684 14787 15138 15851 16155 16171 18223 18329 19239 19280 21822 22848 24210 29605 37920 41034 42699 52819 57316 60834 69579
84 503 1760 1921 2701 2876 3030 3787 4742 5021 6521 6627 6933 7228 7365 8333 8452 10758 10807 11255 11529 12794 13295 14107 15022 15154 18162 19192 20125 20535 22456 22564 23812 27484 28391 29234 30557 32328 35939 39553 48899 54301 106810
