1000 45 47
224 519 557 618 1437 1480 2415 2707 3377 3618 4804 5204 5297 5398 5766 6176 6609 7636 7720 7953 8437 8519 8553 8606 9880 10298 12374 14135 14467 14677 14873 18824 19172 20419 25274 27983 29452 31259 31838 35154 36396 37811 49531 63686 63778 67777 79843
170 353 393 913 1338 2050 2417 2429 2631 2919 2953 3742 4031 4068 4148 4363 4676 6007 6697 7320 8139 8366 10357 10722 10883 13989 17256 17363 18279 19360 21003 25051 25576 29778 30138 31688 32347 32649 34543 42945 44615 46681 50882 55658 58901 66418 87803
694 1019 1693 2659 2782 3025 3171 3385 3503 3691 4343 4535 4887 5041 5221 6196 6363 7110 7567 7618 9538 10530 10865 11006 12720 14542 14543 17414 18234 18283 18326 18545 20617 21400 22368 22523 22663 24858 29838 40147 43328 43915 45533 47248 50405 63969 88737
456 1984 1989 2080 2204 2249 2262 2276 3688 4047 4085 4205 4883 4929 4960 5553 6147 6463 6723 7318 7415 7511 7512 8925 8947 11185 12817 13502 13767 15723 19272 22355 23003 24401 24904 26824 28065 31248 31417 31750 34811 35557 36932 46467 73832 87395 116899
403 2711 2741 3217 3883 4190 4297 5123 6052 7107 7166 7189 7964 8548 9543 9565 9904 10296 10821 11371 11942 12731 13026 13219 14171 14950 15680 16672 17276 18495 19716 20062 20387 20477 20665 20838 23710 26448 28540 29667 35497 40785 42849 45133 45648 48300 56045
1025 1159 1823 1918 2108 2182 2709 2772 3534 4071 5010 5611 6010 6081 6770 7155 7254 7427 8151 8387 9149 9212 9518 9525 10360 12029 12117 12336 13596 16995 17429 18061 19194 22187 22886 24463 26114 27946 32223 38428 43778 44349 44620 49532 53790 90302 153398
38 335 777 1631 2200 2400 3528 3619 3914 4634 5188 5761 7302 8026 8364 8504 9267 9711 9765 11164 11348 11462 11861 11939 13784 13860 15926 16844 16881 17607 18363 18538 22266 22670 24652 25668 28907 31303 32065 36811 38328 42536 43210 45566 47691 52263 78072
1080 1407 1609 2046 2506 3340 3889 3974 4032 4112 4566 4802 5386 5650 6226 6433 8081 8644 9445 9897 9994 10539 10801 11111 11800 14847 15309 16185 17989 18276 20981 24897 27159 28441 28913 29163 31448 31812 31970 32982 36772 37220 41414 49578 53034 54896 66468
341 480 601 608 2021 2139 2256 2396 2429 2498 2734 3196 4584 5201 5310 5748 6168 7142 7533 9131 9156 12012 13769 14946 15097 15817 16701 16897 18155 20227 20497 22090 22474 22856 25912 27121 29745 29746 33195 33392 35572 38059 38984 44475 52226 62360 64084
365 800 1138 1284 1862 2201 3969 4797 5033 5403 5648 5735 5883 6326 6845 7077 7652 8418 8825 9216 10095 10159 10782 11418 13653 13773 17623 17801 17920 18083 20410 21195 21645 21736 23146 24843 30538 30877 31359 33468 34013 34385 35324 38876 52389 57413 66424
544 588 1353 1428 1777 1977 2384 2782 3367 4208 4602 5032 5088 5363 5954 6538 6627 6913 7294 8639 9908 10255 10526 11008 11376 13115 14065 14342 14468 15541 18591 21406 21435 21541 24740 26158 27936 33142 35065 39288 43932 45368 45789 46038 48671 67951 86981
858 1293 1513 1602 2383 2401 2403 2516 2968 3418 3832 5258 5433 6132 6630 7589 7637 8093 8624 9154 9286 9586 10199 10518 11344 11611 15611 16948 19130 21111 21375 23566 24527 26464 26504 27253 29755 33176 35313 35705 36784 37071 40905 55719 62365 72259 73616
523 1746 2294 2418 2996 3059 3794 5054 5719 6945 7905 8503 8998 10421 10859 10941 11406 11827 11920 12050 12246 13012 14150 14203 16016 16682 16701 18789 19046 19080 20556 22741 23035 23178 23333 25617 28590 30157 34808 35678 39757 39803 44524 49094 49552 65594 67396
216 394 1504 2001 2934 3351 3378 4404 4713 5452 5480 5986 6391 7784 7996 8188 8658 9452 9593 9596 9668 10307 11078 11090 11503 11545 12246 12479 16790 18065 19975 21540 22359 22935 23562 24982 25428 29964 40315 42238 48671 48825 51993 59765 63409 68296 74539
642 699 917 1462 2158 2460 2658 2774 3107 3498 3876 4478 5232 5669 5716 6227 6432 6441 6866 7695 8881 8999 9290 10135 11259 12051 12509 12568 12910 15381 16086 17419 20211 21069 21456 23659 25565 26138 30556 36475 39081 39959 44092 44813 62970 68769 90224
1060 2022 2975 3084 3372 3718 4457 4762 5113 5172 5307 5922 6413 6641 6820 7106 7753 7773 7989 8315 9229 10587 11471 11485 13459 13939 14489 15521 17851 18223 21234 23541 23756 24555 25818 25971 26917 30799 32807 36837 37516 38424 51886 53726 70472 71640 79260
833 1147 1176 2885 3781 3801 3976 4017 4535 5162 5696 5757 6055 6253 6614 7091 8202 8511 8715 8817 9852 11233 12048 12091 13651 15184 16293 16496 17794 17974 19180 19854 20718 21567 22144 23943 24456 26673 31292 34051 35517 38548 50768 51631 58159 59795 100014
1587 1839 2040 2290 2378 2861 2936 4907 5039 5387 5528 6940 7805 8005 9624 10356 12116 12173 12436 12568 12934 13077 13793 14174 14387 14878 14901 18239 18528 19229 20143 21484 21852 22217 22855 25267 26469 28618 29308 29706 31571 35238 37798 38200 41945 54641 94281
442 1573 1645 2502 2995 3159 3280 3802 3919 4350 4641 4918 4962 7197 7602 7919 8545 8700 9323 10204 11348 12152 13563 13566 16386 16711 17552 18341 18350 19537 19993 24024 26912 29290 29874 31330 32326 33790 34070 34895 35113 38813 44730 47160 62091 70247 72127
32 434 890 1216 1437 1697 1807 1892 2063 2162 2942 3796 4396 5225 5283 5327 5417 5790 6755 6847 9465 9722 12090 12523 13032 14947 15002 16451 19916 20492 20688 21568 21959 27933 28474 29234 31780 38520 41382 42717 46851 47307 47614 57700 60262 80015 83168
176 1101 1544 2014 2619 2640 2797 2897 2930 3147 3225 4524 4529 5191 5963 6022 7044 8009 10476 10478 10616 11176 14093 15364 16197 16537 16869 17665 19014 19382 22028 22678 23679 24229 24797 24963 28320 28921 31858 33744 36363 47338 50394 53622 63326 65813 99967
1615 1815 2188 3012 3367 3462 3667 3921 3923 4214 4391 5334 5513 5710 6606 6916 7307 7307 7550 8352 9460 10224 10444 10553 10791 11568 12453 15562 15704 16393 16427 17816 18087 22124 25376 25411 28144 29177 33415 35496 37912 39523 43455 48715 49609 80967 104317
102 340 753 1066 2349 3039 3679 5274 5944 7526 8096 8269 8442 8797 10559 10835 10909 11470 11470 12612 13593 13929 14320 15577 16062 16613 17176 18237 18546 20161 21618 22441 23181 23475 24290 25496 26062 26274 30084 31356 32005 33687 33736 34237 36589 44000 54206
497 503 653 734 1155 1401 3624 3807 4030 4083 4294 4677 5719 7032 7057 8710 9300 9513 10337 10383 11367 12115 13199 13612 14951 17094 20568 21100 23108 23602 24150 24205 24248 24646 24928 29391 29437 30625 32071 32317 34204 45829 47884 52194 59600 70394 72924
119 520 3939 4215 4398 4504 4506 5773 5938 6359 8515 8844 9227 10190 10236 10362 10550 11108 11482 11533 12196 14076 14467 14985 15521 16626 17127 18335 18345 18674 20491 20973 21291 21610 22241 23753 26510 27943 30837 32626 35056 41540 44101 44764 44801 45387 89392
127 487 1841 2944 3037 4368 4627 5050 6014 6042 6444 7658 8244 8511 9563 9792 12081 12350 12757 13402 14035 14624 16355 17450 18476 18622 18826 20312 20476 20492 21057 23261 23286 24321 26865 27835 27992 29577 29954 32483 32762 32807 33639 33756 40664 44117 52215
677 1359 3737 5921 5946 5947 6079 6812 7071 7242 7332 7598 7807 8116 8610 8817 10450 10647 10727 12539 13216 14416 14620 15204 16210 16481 16909 17636 19249 19904 20478 21372 22903 25037 25399 26025 26603 29171 29477 33007 34983 42667 48649 55527 56767 64386 65748
3 68 300 452 881 2556 3220 3765 5390 5858 6438 7015 7214 7616 7696 7742 7873 7890 9333 10436 10990 11882 12658 13372 13929 14357 15693 16647 17282 17359 17494 18026 18056 24878 28578 28726 29323 33243 35825 37583 37616 45267 45872 50820 56343 57870 109772
636 1040 1256 1712 1960 2766 3078 3132 4386 4814 5010 6354 6811 6946 6989 7849 9054 9096 9156 11424 12831 13271 13406 13554 13556 13641 15097 15546 16171 16618 16999 17079 17221 17501 22532 23096 23248 24375 30663 30775 31078 32168 32377 35389 42149 70498 105031
57 901 1068 2092 2925 4379 5037 5690 5723 7206 7209 7598 8439 8750 8787 9592 9814 9939 10246 10327 11024 12684 12897 13162 13243 15038 15095 15340 15421 15458 19874 20226 22838 23723 26261 26654 26936 30578 31785 33370 36415 43328 43755 57370 62170 66153 78823
25 288 1230 2005 2443 2702 4001 4026 4123 4573 4887 5321 5986 6128 6156 6648 6666 7255 8860 9379 9670 9886 11568 12684 13225 13424 14915 15280 16277 16852 18727 20957 22532 25234 26704 27284 30099 30206 33770 35968 42086 46025 49074 51122 56723 61141 70641
1429 1912 2354 3051 3185 3398 3604 4927 5115 5920 6518 6559 7200 7971 8115 8124 8231 8411 9013 9122 9490 9596 9665 10166 11677 11687 13100 13531 16310 18126 18897 19830 22637 26336 27085 27089 27456 30564 31557 31757 36812 37451 38800 43725 52471 65364 86722
330 406 465 912 2693 2742 3048 3933 4296 4399 4500 5777 5888 6030 6590 7095 8810 8967 9019 10043 10427 10512 12506 12841 13775 13878 15087 15389 17013 17144 17905 18716 18834 20551 20933 22861 24843 28009 32095 32144 42841 43130 47230 49414 54086 92691 96841
388 408 471 1233 2316 2643 2813 3616 3795 4691 5511 6648 7551 8300 8429 8785 9215 10060 10536 12887 13199 14222 15713 15805 17555 17880 18283 19329 20707 21348 22563 24188 25325 27375 27568 28003 28273 28543 28897 30477 43735 45620 46631 48450 49311 60656 72181
591 617 664 1098 1899 1970 3029 3669 3785 4210 4724 5178 5296 6517 6651 7144 7272 7324 8672 8830 10274 11294 12315 12878 13516 14271 15181 16654 17313 17333 21860 22413 22647 22805 28930 31230 32413 33083 33398 34190 34375 36147 39358 42702 49937 53616 74813
664 1062 1801 1925 2246 3336 3374 3505 3877 3948 5071 5298 5420 5782 6680 8151 8784 9018 9094 10496 11048 12456 14394 15741 18205 18980 20531 21283 21510 21667 22046 24151 24908 26882 27544 30748 32225 32257 33480 34402 35814 40308 41382 45600 50318 50940 64296
1802 1910 2748 2932 3510 4422 4751 5015 5189 5292 6052 6126 6694 6850 7301 9531 9836 10537 11346 11366 11633 11657 11739 13676 14291 14301 14538 14548 16883 17087 17219 18185 19569 21427 21699 22970 24124 24176 28334 33884 37573 41953 43402 47062 58274 72765 114014
197 279 402 616 697 1503 2048 2676 2687 3004 3468 3569 3603 4029 4410 4764 5335 6316 6669 7044 8235 8372 9297 9847 11431 11631 12295 12508 12804 13719 14024 14189 14333 18845 20971 21791 24693 28711 33811 34032 40198 41597 41612 49063 82502 88002 103537
244 421 535 1361 1771 2760 2836 3123 3673 3918 4431 4769 5328 6194 6278 6856 6896 7412 8931 9106 9292 9465 9738 11309 13659 15478 15962 16024 16735 17523 19362 22071 23274 24218 25615 26139 34078 37573 37882 38871 39073 40529 42452 46732 47271 47797 51508
635 891 949 1261 2405 4664 5090 5102 5767 6887 6919 7816 9275 9538 9682 10719 11241 12197 12313 12976 14103 14319 14464 15049 15163 16100 16387 18009 18407 21219 21647 22262 23222 24950 26891 26978 28466 28799 29226 32786 33043 34850 40505 43224 61436 63086 64851
18 243 571 1239 1533 2297 2439 3150 3254 3306 3322 3361 3742 3754 4021 4045 5725 6164 6371 6682 7006 7403 9203 10328 10412 10485 10670 13981 14194 15453 15530 20362 20809 25606 26023 32198 32796 34320 35914 36620 39099 45653 47680 55107 55250 60802 65567
55 180 1319 1885 2997 4890 5558 5799 6953 6991 7138 7213 7523 7757 8760 8836 9613 10824 11112 11948 12090 12376 14111 14637 14695 16844 17415 19095 20140 22208 23430 27743 29089 30214 31154 31441 31750 33925 36722 37545 38088 38376 43728 45945 52079 55030 57445
72 1479 1595 2076 2708 2768 3254 4222 4460 5024 5161 6069 6231 6725 7346 7484 8245 8263 8360 8856 10143 10298 10399 12553 15778 17013 19193 20278 20831 21372 21880 22847 23456 23474 23952 24073 24174 25443 29706 31098 40534 45217 50005 50469 53936 80503 80568
316 425 747 940 1345 1468 1867 2074 2802 3701 4102 4869 4943 5702 5853 6457 6830 6861 8336 8584 9521 10484 11458 12442 13042 16277 16512 18611 19522 20315 20699 22023 22782 25981 27500 28161 28191 31461 32721 34772 37524 38087 41850 45910 58033 89874 95081
10 186 336 668 993 1512 2267 2290 2402 3147 3185 4095 4371 4563 5116 5756 7184 7389 8451 8859 9439 10302 10775 10790 12201 14834 16694 17454 17902 18555 19253 20761 23146 28131 29491 30201 31797 34669 35520 35915 41361 41644 42228 44206 46871 51009 63492
