1000 48 17
443 3896 14384 18071 23115 25007 25687 26120 32379 41985 52941 74159 74350 89696 129751 147329 193547
6908 8819 15054 17194 27301 28775 28903 31005 38279 40458 56797 70535 84587 90853 120257 121730 191968
1931 2892 8094 16472 23200 27479 31656 41292 50378 57191 57757 59344 64039 85448 87150 120780 242651
1883 9936 10286 12879 17795 30699 33136 34904 37002 44572 44654 81362 83436 95137 103245 147795 190800
1128 4451 12708 12896 13718 17831 18095 39870 50016 64053 68261 78007 86106 106328 111093 111690 158662
260 1071 2331 3635 10006 12524 13739 15852 28700 64196 65619 84785 97928 104155 108595 168715 191040
3502 5990 13782 16018 16183 22083 30262 38891 52204 55835 73541 74229 89600 97982 110341 130193 149823
9423 10511 14056 18703 19355 21632 21831 30147 40958 45002 62928 72440 80225 82390 94611 126543 203016
9336 9492 12375 14241 14608 21265 28021 31418 35470 37965 55922 69130 92096 114219 123969 141335 155674
1289 3006 3275 3598 12319 25142 26008 27731 28835 58205 71645 81249 87315 102990 104726 133704 186224
955 12169 12595 13627 24815 25017 25384 33535 55109 59605 62393 90717 101501 102433 117244 122730 123956
6064 12717 18349 19886 20225 27252 33810 37923 43796 48580 59258 82843 83187 85717 87729 141405 163429
6240 7684 11058 18607 19552 29445 35436 42817 47775 48089 51591 51845 81126 106489 122574 123813 174203
4471 6415 10627 18253 18342 23983 27602 27800 34400 42587 45309 45768 92808 98077 104286 157677 197631
3024 3134 4997 11933 12961 23045 29953 34865 44061 47582 58804 82388 85997 100796 101890 134160 196881
3769 6100 20405 27208 30973 31501 32851 33652 39074 44436 46842 64057 68756 76359 93996 105142 229809
4336 9510 13653 20626 21621 31159 36884 39049 40302 46490 46709 55984 58610 74114 101547 154666 198060
189 2449 4614 6219 11462 26846 33286 34501 48020 51602 60093 63736 82478 82821 95138 166947 208111
10674 12836 18039 19691 26644 29797 34610 38440 43071 54715 55260 56605 68964 83866 101166 108752 209669
1095 4182 5254 5441 5661 10705 17561 22458 29454 44959 49314 74095 78555 82733 139889 147606 264833
1916 7195 7471 7897 8225 9789 14016 18689 20417 21443 29918 38431 56977 101854 130768 139420 359208
3167 3422 4612 13505 19415 23948 34068 41930 52385 58945 70559 82999 95890 99563 108839 123996 124002
1090 2704 6147 9378 11193 11282 11949 13687 19162 25186 36731 45325 49672 68343 87415 197722 363362
1118 3874 10258 10782 18943 28775 30065 30962 55773 58625 67257 67759 76355 87712 96177 154743 172427
3115 10663 14234 17654 28242 28658 35222 44604 45561 48476 48938 50493 51676 99305 114118 130032 188815
17529 23092 26227 28003 28017 39524 42478 49077 51310 52665 59516 62375 67064 76674 81010 114297 147341
7963 11229 13248 13630 14470 23569 25245 45341 47656 52925 55628 63227 68993 69862 88674 146273 223209
4414 10778 17002 22838 26238 27354 30515 30924 32229 43291 44062 52598 69688 76506 77009 138150 274984
1108 1167 1901 8418 20765 26148 27503 30276 31407 34243 56343 87065 99507 101463 109592 131663 195147
2995 4067 5970 12356 16235 21681 23640 25642 26182 27633 36446 42875 44187 115425 158166 173473 235326
8164 12900 21329 24386 25380 33922 37795 39454 42321 55040 55620 66949 78510 104205 112472 116416 121123
6377 7362 12794 19397 20140 30070 32462 33192 35570 57661 59688 79216 84587 94823 117777 134457 143720
11292 14214 16053 20272 20986 23349 26524 30175 36478 46489 57603 87796 88547 95113 121121 136042 143139
735 7280 9889 15421 17136 23461 31944 34406 36911 45282 69683 72609 80884 100813 117034 141981 147998
3771 11640 27023 27667 39908 43852 47501 51543 51833 54295 55194 60887 64535 89525 106034 118565 119286
2863 3884 4044 4828 12806 15431 16980 18032 32072 39638 65614 89234 101896 104727 126673 131370 199135
4530 5406 5419 5937 19126 30136 30670 32211 49243 63670 69878 88948 88984 93662 106272 120840 147576
5599 12452 15589 16615 16945 18398 22270 24245 24352 50560 51141 72630 107043 112136 113374 132048 188534
845 4173 4605 9073 11255 11606 15690 16043 18684 25893 31785 63842 74019 146764 150795 164673 218878
7539 8450 12586 17871 21308 27312 45263 47332 49284 58518 65523 66458 68766 92100 104320 136738 137232
1150 1311 5944 22089 23500 25809 29565 31477 33098 42988 58096 62446 108696 112644 113523 128249 176179
1777 3838 4975 10750 12270 27487 35939 42518 63459 64552 78259 79715 81263 81757 99850 133785 156541
3059 5061 8878 9768 19064 23219 23411 25001 41296 41347 47730 61455 63223 64534 99128 190231 254121
9084 9363 11693 14976 19726 26290 26539 35398 35778 55651 64535 64836 68724 91322 118591 123447 198909
4340 7443 10058 16247 24957 27115 30982 37666 38882 42516 44177 70663 72515 83037 124146 146471 176511
2158 5828 6222 9748 10684 23914 24000 34349 39784 43547 52646 55078 67196 82654 90647 102636 332331
1477 2897 7901 9458 15471 34820 37178 37485 42041 45864 47849 63988 67842 77843 90256 103821 283192
9935 12160 14356 17320 21608 22126 24574 30924 32534 45673 76667 79153 87195 97400 129570 130355 140523
