1000 34 40
272 315 376 504 506 558 5164 7132 8832 9204 9233 10186 10696 10794 11517 12922 14600 15844 16605 17059 19208 21459 22238 23598 24459 25308 26823 28317 31404 34141 34934 36609 40608 43858 45869 47377 49141 54139 58881 66729
687 755 1322 2273 2504 3323 6692 6771 8085 8172 8688 10174 10468 12007 12303 13218 13329 13452 13711 13753 15150 16186 16546 19121 19175 20544 21763 33684 34709 34718 37163 41677 43600 44442 52245 53310 57864 65767 70161 71251
513 797 812 955 1148 3115 3726 4730 5244 5619 5906 6302 7117 7235 7468 8076 9656 9700 10121 12460 17464 17740 20816 21854 21881 22379 24559 25174 26497 26839 28102 31850 39309 39641 52162 56301 62482 92627 95760 109063
215 604 833 1232 1394 1782 2027 3485 4281 4617 5712 6378 7273 8059 8450 9274 10875 15023 15403 15837 16184 17574 18156 18734 19185 20486 22490 24111 25603 26453 26634 27550 30923 37750 38851 53774 57821 67417 69695 111413
528 1206 1250 1274 1806 1990 1999 5016 5766 6115 6473 6648 7363 7685 7978 8893 9735 9788 12093 12659 14056 14710 19036 22580 23469 25165 25222 26235 27614 29247 29252 32392 39767 45905 46409 49917 54596 59825 81049 98197
478 618 1010 1293 1366 1992 3210 3791 4746 5268 5566 7646 8299 9370 10032 13533 15460 17999 18322 18716 19133 22050 22259 23266 25864 25997 27079 33313 36482 36665 38040 38736 38847 41338 47290 50540 50849 54389 65622 67187
325 1122 1706 2018 2869 3902 4210 6652 6965 7399 7590 7608 8203 8288 9776 13181 15120 16174 16923 18376 18858 21113 22830 23707 23780 27329 33389 33663 33770 34016 34394 34541 41571 42569 42779 49039 51346 54872 59598 73251
443 953 1846 2651 2773 2935 3966 5488 6795 6805 7476 7500 7912 8502 9919 10641 16618 18273 18957 20550 21671 22067 22522 23213 26175 26254 27341 28481 28500 28802 29035 32072 35089 38846 42425 44508 47115 54373 58645 59709
171 998 1665 1842 3422 3716 5225 5294 5390 6958 8558 9880 12840 13688 16061 16229 17006 17586 18007 18046 22239 23913 24154 24247 24402 24826 26947 27490 31213 31944 33399 33645 38603 39241 43159 44851 45273 63565 64304 73558
952 1276 1502 2045 3122 3819 4027 4539 4800 5076 6217 7886 8170 9884 10279 10768 11050 11660 12114 15111 15823 16602 18534 19292 21899 25337 26456 28018 29910 31220 36085 37504 39140 41297 45829 50172 62135 63167 69273 81803
309 740 2794 3356 4691 5203 5643 5751 6155 6287 6912 7597 8342 11456 12254 12261 13423 15060 16635 19342 19952 23223 25387 25571 26351 26794 27168 27224 28383 29494 31953 36441 37678 38679 40550 43520 45845 48081 60317 90991
1045 1429 1553 3358 3474 3732 4109 4163 4590 4668 4771 5642 5667 5787 8113 8312 9370 12511 13065 13320 13947 17533 17548 22597 23093 23507 25559 28099 28411 29542 30596 35508 39653 45895 52366 62514 71481 71784 77811 94421
931 2622 2682 3069 4244 4877 4955 6374 6542 6740 6858 7235 7391 7634 8767 9565 9912 12266 13333 13350 14546 14844 15018 15090 15896 17500 18586 19240 21026 26636 30197 33561 33851 34091 34912 36001 47529 82685 94551 120636
368 1286 2065 2120 3041 3298 3869 3895 4999 5127 5467 9262 9745 10816 11845 13180 14651 17110 17806 17838 19770 21182 22075 24464 24645 25134 26246 27917 31017 33583 34501 36996 38514 39835 40772 51053 54478 55277 56005 72844
3027 5597 6100 7133 7596 8940 10931 11983 12111 12460 12851 13165 13549 14172 14548 15460 15739 16520 17389 17476 17523 17595 19878 20784 21038 21555 23098 24705 24783 27051 27265 27945 28558 30708 32503 35894 38711 51115 61628 92298
130 569 1120 2034 4759 5108 5221 5836 7817 9567 9903 10466 10665 10977 11070 11317 11853 12161 12725 12754 14117 14462 15563 17739 19296 20957 21277 22540 27147 28439 28823 31952 37336 38105 44424 59839 64961 71913 77763 97259
234 1788 1794 2200 2227 2730 2988 3003 3901 5340 6305 6317 6393 7545 8205 8738 8904 11907 11920 12169 13893 14714 17631 18487 20228 20793 22201 23121 24627 25028 35256 36396 37921 38370 40679 53073 62337 71582 76689 90707
310 2724 3809 3888 4138 5413 5862 6836 6916 7426 7649 8228 8811 9199 9873 11400 12966 13573 14375 17033 18098 18353 21130 21706 23142 24404 25551 28229 30304 30360 30656 31313 35752 36333 41304 48533 51431 55746 57349 61982
609 860 964 1044 1737 2057 2436 3778 3838 5538 5744 6831 9555 10547 11202 13366 13898 16051 16680 17087 17325 17985 19307 21227 23547 23713 23787 24421 25755 26345 29780 30621 40959 41123 43439 56742 67671 68932 73656 90383
225 406 429 639 1025 2281 2792 3275 3351 5045 5221 5329 5850 6165 6897 7530 9029 12268 13238 14204 14668 16748 24161 24941 26295 26816 30342 30873 32750 32917 33746 36403 36625 39883 43125 46353 53515 73397 94332 115067
583 1040 1310 1854 2247 2263 3063 3284 3407 3517 3711 5528 6296 7172 8068 9099 10861 12735 14906 15105 15884 16096 17510 18925 22690 22948 24724 25148 25819 30090 33843 37214 44731 44818 47174 49886 52841 56731 60357 86745
1240 1729 2210 2436 2684 2832 3183 3816 6763 6825 8162 9056 9791 10175 11692 12489 12693 18306 18590 18873 20678 20826 21894 22063 22187 22885 25627 25990 26080 26585 26893 27624 35940 44264 45769 49524 49796 57949 91243 101686
152 596 945 1881 2386 2526 3063 3324 3695 3961 4237 4459 6655 8579 8789 10230 11976 12120 13051 14821 16968 19985 20278 21775 21957 22977 24761 25989 28895 33173 33891 35993 43037 43466 47731 52206 58062 59628 90419 118698
29 570 972 1386 3104 3331 3421 3816 5416 5821 6181 6210 6485 7529 7643 8017 8867 9143 9326 11691 12722 16115 16210 17042 18343 18369 24842 25233 27665 28615 32594 32832 41486 44161 48691 49344 49555 50785 66244 149436
673 1078 1726 2492 3664 3726 3990 4683 4774 5366 5899 7971 9355 10896 11632 12057 12768 14171 14490 15051 15154 19178 19723 20685 24632 26377 29870 29929 31823 32356 32428 33273 34504 36793 39019 44365 47678 52273 76776 79919
1601 3532 3556 5584 5870 6029 7526 8301 8342 8675 9239 9746 11048 11068 11271 11730 12167 12466 12661 13236 14934 16319 16642 16915 18497 19069 19808 21615 23465 24213 25707 26798 31937 32499 32631 39908 46131 54288 94646 123269
416 1080 1209 1230 1808 3976 4702 4956 5383 5425 5774 7436 8206 8237 8732 8762 9373 10286 11176 11474 12220 12814 13181 13186 15156 17136 19030 21011 27348 30154 30941 31404 33393 42549 43885 46070 53596 82445 83933 116717
54 109 728 1909 3912 4828 5050 5974 6979 7112 7970 8256 8769 12438 13199 13862 17354 17402 18023 19565 20498 21328 21943 25484 26743 28422 29565 32550 33230 33246 33430 33484 33538 40728 45239 51517 53608 59808 60699 71029
742 1163 1837 2060 2147 2380 2403 3654 3910 4271 5205 5407 5498 6011 6213 6892 7007 9115 9360 12462 14838 17398 18102 18682 21220 22450 23057 25522 26110 29213 30025 31809 32786 34015 35788 50400 52222 98413 104664 110850
309 629 822 863 886 2283 2380 2587 2628 3097 4228 4798 5146 6209 6584 7200 9216 11822 12139 13626 13845 14588 16716 17367 19587 19836 22032 24409 24947 26245 27573 33905 37742 40419 54024 64761 90807 92575 93923 96182
1521 2005 2090 3220 4489 4495 4968 5661 5777 7126 8206 8388 8681 9488 11016 12614 12915 13002 14441 16950 16959 20209 25508 25767 26320 26996 27552 29274 30439 31464 31806 32614 34493 35190 37757 38490 43739 63653 71471 82482
236 522 621 654 674 752 899 1181 3702 4315 4847 5346 7279 7896 8233 9271 9875 11161 11655 12113 13704 15435 17799 22689 23535 24172 24834 25900 32528 32924 33295 35772 41293 43297 44401 57934 60190 63804 64414 85188
116 1694 1885 2063 2132 2217 3076 5183 6294 7855 9209 9915 10360 13125 13757 14413 15849 18439 19089 21897 22270 24224 27998 29318 29746 29785 29947 32938 33057 34238 35245 36652 37863 39958 42596 44524 48728 50585 50768 60436
776 1520 3396 4392 4591 5031 5103 5236 5638 6138 7874 9849 9948 12213 14077 15021 15413 16241 16354 18609 19469 23503 25784 26166 26444 26906 29717 31162 31319 31716 31975 32702 33311 36404 38472 44958 46016 53791 56010 80065
