1000 46 45
57 300 988 1903 3055 3064 3082 3771 3841 4328 4805 5016 5282 5431 5800 5891 6613 7485 7554 7877 8233 8243 9097 11618 11672 14182 14211 14474 16305 16490 17942 20636 20640 22569 23767 23806 27988 29081 29690 30030 37214 39172 44339 61893 81969
12 47 282 614 674 892 1118 1208 1505 1590 2928 3469 4105 4168 4622 4701 4725 4901 5577 5749 6723 6976 7407 7673 8665 8955 10109 13311 15333 15578 16550 17350 20105 20920 21201 22624 23088 25213 25816 35781 42362 49249 50942 96509 102757
239 382 727 1040 1090 1920 2076 2079 2186 2733 3369 3450 4719 5689 6408 6411 8453 8814 8879 9019 9520 9778 10903 12276 12279 13080 13185 13644 18015 19237 20380 20794 24920 30055 31209 32659 36118 41076 44493 49714 50794 55564 57714 60612 81251
197 323 669 802 994 1085 1280 2621 3033 3133 4060 4336 6705 7804 7944 8684 9680 9722 10391 10997 11048 11355 12428 12872 13138 13257 13806 15762 16298 16449 18205 18206 18295 18972 19686 31271 32883 36533 37621 38599 38710 42406 43056 61987 121519
587 1133 1573 1846 2442 2462 2812 3424 3600 3784 4006 5229 5923 6548 6633 6807 7413 8994 9151 9475 9876 11865 11979 12012 13652 15110 16368 17525 17528 18712 18792 19234 19427 20236 20636 20785 21133 24093 24242 28080 38543 40040 51073 59203 97451
461 579 840 886 910 1229 1442 1503 1656 1723 2262 2479 3167 4209 4601 9434 9550 9790 9915 10411 11869 12283 12299 12321 12648 12816 13167 14345 14764 15260 15675 21050 23066 25351 25415 25450 30897 31474 35273 44062 46678 47085 47524 49148 50755
907 2751 3138 3334 3498 3699 4426 4922 5171 5198 5261 5388 6401 6590 6801 7528 7583 8826 9014 10305 10392 10400 11186 11650 11816 12370 12440 12791 13046 15444 16163 17048 25128 25148 25554 28542 31771 32814 41184 42672 45964 46904 54219 56302 57520
82 184 925 1013 2208 2715 4003 4571 4916 6241 6719 7259 7295 7313 7555 7993 8395 8446 9204 10051 10279 13293 13745 14435 14477 15185 16164 16240 17393 19925 21208 22695 23018 23837 24243 24392 24974 27201 27613 28168 28182 35059 40366 60850 134777
298 715 864 940 2411 2458 2895 3356 3509 3969 5043 5322 6739 7331 8290 10098 11109 12185 12490 12497 12746 13762 14867 14872 15467 16250 16326 16362 16579 17072 17139 18310 18671 21187 21197 22652 23482 23801 26745 35883 37861 43093 48242 48329 61999
231 831 4345 4651 5458 5486 5584 5800 6057 6075 6708 8935 9115 9566 9763 11133 11554 11959 12319 12580 13727 14002 14084 14323 14828 15345 15398 16366 18130 18812 19275 20373 20409 20468 21015 21834 24334 25884 26821 26864 30477 31416 43126 45015 54190
47 267 332 900 1134 1297 2583 2681 2953 3808 4291 4625 6435 7485 8736 8936 9785 11647 11667 12257 13116 13631 15062 15584 15837 15977 16182 18009 18212 19260 22432 26922 27891 28361 28605 31812 31971 36267 43867 44691 50359 50472 50746 54227 65094
337 1552 1649 2219 3501 3658 3718 3851 4190 4445 4786 5872 6869 7534 8099 8708 8724 8956 9178 10484 10525 11651 12171 12456 14548 15479 15552 16401 17771 21884 21964 23463 23992 24727 28475 28944 33314 34326 38416 41056 42892 52361 54443 56010 57279
95 694 1272 1304 2398 2508 4241 4401 4754 5543 7409 7868 8483 8782 9853 10683 10778 11801 12093 12544 13977 14351 14703 16323 18127 18156 18171 18784 19157 20096 20208 21434 21913 21922 22720 23805 24485 24770 25319 26490 28541 31598 31850 40633 49949
447 614 778 1133 1617 1763 2653 2721 3578 5360 5637 5745 6857 7015 7759 7915 7920 8231 8319 8422 9004 9176 10116 11712 12104 12491 12518 12678 14063 14693 15807 15911 17188 19700 20136 31645 35074 35558 39665 40037 45177 47468 49789 54960 72810
483 814 1122 1193 1373 2506 3065 3226 3235 4028 4570 6613 6781 7812 7893 9424 9598 9758 10734 10852 11282 12132 12862 13222 17677 17847 19231 20675 22033 22143 22871 25578 26816 27423 28077 28204 29352 30687 35523 39223 42774 45245 49302 54744 58243
357 378 911 964 978 1229 1246 1308 3290 5343 5530 5562 5698 6673 6758 7372 7521 8226 12877 13462 13857 13959 14051 14682 14832 15286 17587 17815 19038 19444 23253 23542 23681 24290 24624 24799 26333 28629 35237 36702 41312 48144 63939 74030 141389
265 729 996 2003 2760 2921 4501 4636 4921 5336 5607 7597 7872 8108 8418 9002 9201 11135 11505 12448 12641 12762 13367 13858 14469 14477 16409 16958 17273 17458 17814 18304 18964 21417 22330 23397 27329 34519 38031 38309 40318 40326 40448 52108 72688
273 2034 3604 4777 5001 5093 5942 6062 6677 6937 7302 8729 9672 9711 10206 11074 11258 11449 12280 14016 14405 14571 15063 15262 15601 17496 19264 19635 19953 21018 21768 22712 24114 25661 31830 32144 32345 33615 34008 36295 36634 41235 43260 49404 57452
109 201 322 547 603 683 1554 1806 2150 2901 3702 3878 4670 5068 5572 5740 5740 6363 6798 7013 7976 8500 8617 10316 10381 10863 12371 13868 13958 16029 24030 24181 26469 29387 31161 32075 34029 38900 39237 40258 42873 44765 44962 49411 60725
905 1391 2312 2636 2690 2769 2959 3352 4584 5022 5684 5888 6284 6377 6432 6435 8208 9180 9552 9994 10148 10884 11156 12902 13770 16677 18340 20740 20845 21914 24170 24185 24384 25937 29220 29278 31220 35335 35669 44170 46142 50757 63676 73201 86298
901 1210 1854 1921 2638 2702 2719 2746 2940 3448 3813 4112 4789 5281 5591 5685 7487 11434 11603 12512 13556 14002 15605 16610 16724 16830 17092 17426 21573 21697 22062 22159 24734 25161 26225 28105 32296 34093 37672 40453 44844 54340 54610 72322 83381
474 479 658 954 1015 1485 1544 2478 3407 4154 5393 5494 6484 6834 6986 8112 8510 8576 8635 11400 11785 12087 13122 13360 13613 14931 15052 16262 20319 21068 21952 24169 25244 28123 28947 29044 32539 37545 37909 39912 42357 46099 52657 58734 62383
327 803 1096 2104 2372 2379 2982 3326 4206 4276 4322 6207 6209 7839 9236 9878 9923 10170 10244 11556 12513 12860 13841 13864 14210 14428 15442 15564 15842 16069 16790 17372 20375 24632 28621 30355 31771 31892 32145 38332 47003 55809 59840 64440 69905
235 325 1081 1248 1306 2150 2307 2325 2383 2494 2915 2925 4218 4949 5570 5647 5689 6003 6624 7100 7702 8304 9044 9445 9783 10118 10721 10761 10782 11089 12979 13629 13691 15660 17814 22658 26128 26427 33909 34964 40444 41854 42815 50187 153189
41 974 1094 1573 2110 2259 2909 3141 3194 3466 3689 4280 4958 5200 5833 6398 6633 6731 6963 7273 7641 9451 10696 11225 13288 14205 15853 16039 16277 16656 17132 17259 24541 25089 25458 29112 29537 34067 36487 37935 41046 42547 43409 69255 81195
4 29 436 551 757 849 2945 3321 4548 4617 4793 5446 5718 7141 7356 7372 7845 9925 10109 11634 12154 12280 12487 14686 15135 16984 17334 19114 19799 20774 21406 21601 21638 22538 29955 31600 32784 35514 38828 39816 48272 50869 60879 64203 85189
1401 1495 1546 2216 2431 2477 3677 4465 5207 5551 7291 7438 7955 8279 8299 8708 8987 10946 11541 12111 12408 13061 13138 13560 14085 15756 18015 18146 19005 19369 22137 22978 24289 24896 25270 27362 31961 37173 40265 41924 49309 53173 53188 60892 64327
544 763 1288 1606 1655 2019 2299 2899 3691 4205 4327 4823 5483 5894 8002 8502 8830 8870 9515 10842 11333 12534 12642 13046 14197 15264 15484 15877 15890 16110 16628 16863 17042 19241 20309 20605 23212 25281 28101 31112 32693 58611 60001 65310 65832
128 593 666 693 831 2477 2549 2976 3204 5346 5372 6050 6951 8036 8253 8715 9337 11143 11385 11761 12937 12977 13155 14092 15489 17281 17556 18357 20378 21348 21898 22161 24300 24904 25342 26597 34251 34565 37092 38029 42427 43234 43772 50110 59266
476 734 1872 2071 2323 2417 2546 2587 2722 2753 2797 3729 3784 3902 3972 4477 5058 7698 8062 8860 9044 11300 11499 11847 11914 14661 15600 16788 17473 21192 24248 26060 26182 28964 29641 29693 31268 32276 39337 49886 61192 63537 73882 74593 79866
72 288 1212 1562 1814 2168 2989 3443 3811 4196 4801 4951 5041 5849 6824 6955 7054 8338 10015 13223 13940 15915 16079 16642 17594 17997 20904 23317 23550 23703 23982 24222 24337 24357 26901 32560 32788 33479 43287 45355 45490 51189 62952 71290 71311
1014 1055 1333 1581 1630 2560 2672 3697 3710 4655 4924 5093 5668 6348 6389 7413 7923 7985 8066 9153 9155 10306 11343 11595 12960 13389 13799 13975 16736 17691 18514 24533 24832 27201 28204 28746 31018 33096 33829 38027 39738 40035 50936 51672 62068
238 472 472 547 704 1529 1802 1821 2127 3571 5559 5838 5966 6320 6895 7497 7505 7734 8015 12251 13126 13156 13354 13441 13614 13738 13924 14638 16557 18233 21462 21523 21557 26347 28895 29037 29563 30621 35105 35330 39513 42478 43152 73233 100768
32 533 577 1301 1841 2165 2226 2419 3002 5022 5675 5842 6998 7067 7721 8564 8705 9532 10215 10678 11271 12214 12929 13677 13758 14674 16600 17504 18037 18314 20228 21140 22184 23278 26023 28541 29136 30877 31243 36960 39886 46548 54294 68869 70249
259 809 1202 1318 1319 1525 1740 2832 2931 2956 2961 3298 4211 4416 5318 5655 5812 6288 7848 8081 9023 10778 11270 12123 12406 13251 14100 17145 18365 19033 20658 21070 21511 25855 29064 31224 31675 36013 42326 44663 52545 55744 57751 57937 127188
63 173 236 1049 2857 3459 3915 5024 6363 6964 8240 8609 9356 9748 10381 10748 11841 12044 12460 12615 12949 13112 14203 14384 14425 14841 14963 15906 16506 17701 19295 19538 19770 21139 21723 22558 26723 37089 38940 39548 47755 50140 55562 71673 83666
157 807 1280 2593 2600 2847 2940 3026 3650 3847 4716 5608 5823 5988 6714 6788 8368 8861 8882 9430 9650 9919 11281 11791 11828 14062 14143 14657 16913 17100 18207 18749 20092 20688 20759 22317 26454 27809 28185 28493 29973 35106 46254 52472 106424
573 841 1457 1635 1797 1986 2144 3055 3436 3821 4185 5167 5766 6046 7276 7320 7331 7620 7715 7883 11059 11310 11313 12792 13759 14045 14966 15568 15778 16283 16706 18539 19658 19736 20349 22110 22584 24112 25967 28700 32472 59197 63339 73662 78138
256 501 1693 2361 3697 3719 3773 4548 5018 5762 5827 6386 7619 9983 11756 12101 12297 12519 14461 14896 14900 15065 15150 15362 16153 16294 16417 17644 17654 19501 21515 25246 26187 26540 26675 27230 29675 30027 30250 32305 36783 41202 43960 50386 54525
208 1030 2855 4040 4221 4271 4455 4881 6014 6563 6680 6997 8620 9581 9719 10184 10225 10260 10457 11019 14735 15071 15203 15245 16784 17223 20130 23195 24206 24680 26508 26783 27025 29451 30207 30878 32720 34313 34925 36574 40263 40542 52390 63175 70655
545 1741 1890 2488 2712 2759 2885 3632 3827 5052 5086 5559 6055 6206 6285 7629 10130 10439 10654 11057 11412 12796 12984 13587 14012 14108 14287 15038 16166 16841 17585 18390 18422 19026 19836 22078 22789 24847 26318 31662 33317 38585 38871 57492 90409
283 324 326 725 1110 1208 1954 1999 2118 2318 2803 3221 3690 5018 5830 7123 7528 7688 7707 8140 8869 8950 9312 9372 11024 15117 16030 17188 18042 18115 18150 18536 19502 19534 21204 22179 25206 25770 34514 35242 35381 38540 44348 55091 241207
21 1403 1528 2563 4588 4841 6300 6683 6718 7712 9361 9849 10764 10981 11759 12701 12916 13144 14876 15891 16388 17091 18854 18989 18994 19736 20154 20265 20561 21562 23556 23962 26361 26770 27160 27344 27908 28115 31420 33759 36248 37128 40291 41506 51874
1204 1257 1311 1397 2666 2783 3092 3317 3710 4031 4682 4884 5601 5671 6804 7314 7685 7996 8468 10728 11154 11208 11456 12219 12438 14286 15095 15352 15392 16713 17360 17930 19211 23228 23915 25761 27532 30654 36040 37225 41502 49602 53710 54084 74641
345 638 838 934 1642 1957 1997 2560 3219 4011 4712 4751 5750 6079 8610 9488 10879 11940 12614 12730 13291 13550 14340 16231 18178 18265 18402 18662 19105 20823 20912 21070 22768 23083 23665 24705 26703 26981 28265 32721 36069 39126 46488 55407 76706
240 808 2391 4073 5063 5204 5884 6708 6832 7808 8219 8379 8489 8569 9125 9650 10108 10770 10826 11470 13907 15169 16247 17689 19509 21491 21613 21700 23100 24228 24633 25386 27297 27741 28633 31134 31503 32919 33463 34320 37758 41581 43268 46581 69917
