1000 18 14
425 13071 15169 18240 19585 35006 39951 62097 89955 92562 103822 111558 131217 204035
1569 10037 11179 11333 21891 30553 48908 50187 56551 80252 135756 150840 153801 187846
1697 4487 5604 8805 29560 32582 45313 55253 55253 69897 116920 144709 163521 187623
1337 5777 13912 18676 23398 23662 44589 48097 54568 57846 102060 116328 131814 243542
14269 24120 29551 31642 31862 41325 43899 56363 56766 68387 69362 100302 130052 233885
6310 7128 10192 12807 13253 17959 21364 30683 39626 60976 73814 144907 195577 305384
8217 16752 21432 22516 37067 37844 40757 44957 82169 98109 98906 117363 129790 177708
12498 15789 24586 32800 45392 45502 60019 60589 65926 67666 70137 82809 97051 207867
3251 4374 8506 14589 21406 37184 38178 40455 66681 85582 102442 144325 184818 187490
7627 10169 26291 34029 34961 39651 50231 63474 66107 66577 72122 98673 135234 234624
3644 13626 14411 14860 23305 26216 30550 37277 42213 45089 79686 153337 154937 294088
2384 4409 7070 12027 21379 24546 28688 31317 36368 71043 77872 111669 215720 262687
3826 7013 11601 27096 40393 46237 49752 53247 76164 103606 109020 120435 126594 156001
150 10156 10184 12743 15185 21476 23041 78501 87833 111714 127550 140253 145417 151228
4808 4962 8992 23496 26560 56974 63557 64818 72764 86641 87358 94716 163332 193798
4709 5012 5706 6192 19288 36941 49765 60456 70357 80986 128922 132352 162188 180645
2160 6149 8098 12902 17185 18279 19650 26871 34842 40137 68264 151977 165580 333326
268 2602 5185 6563 6955 28739 44088 47479 56830 74979 100489 105858 107450 332117
