1000 27 46
27 1587 2239 2261 2327 2400 2462 3311 4356 4740 4764 5237 5710 5792 6556 7842 8109 8859 9149 9748 9829 10071 11047 13530 14797 16362 17044 17901 18449 18967 19520 20252 20300 21854 22276 24516 25008 26169 29684 35738 36148 38916 40931 54495 58054 94362
13 156 423 1303 1636 2254 2710 2781 3265 3689 5531 6342 7951 7989 9188 9292 9994 10146 10333 10542 14090 14217 14252 15180 17135 17207 17622 18346 19020 19400 20867 21394 22074 23253 23292 28341 29768 29817 36183 36251 41723 52400 54464 58208 65565 82457
25 150 284 445 970 1159 1223 1290 1455 3415 4367 5526 6551 7040 7412 7670 8956 10439 10948 11978 12440 13039 13933 14824 15031 15262 15519 16065 16933 19158 22024 22405 24017 25536 29775 32412 34706 35482 37857 38251 40543 40808 41611 52128 53170 65828
154 424 541 1243 1514 2111 2554 2568 2903 4562 4922 5814 5834 6413 7250 7410 7777 8271 8464 8902 10250 10455 10740 10878 12009 12934 13017 16659 17143 17447 18899 23983 24641 25790 28226 29616 34352 35578 39147 41093 42643 46175 58390 62068 80272 81658
131 361 452 518 621 855 1064 1171 1327 2079 2314 2690 2780 4532 4737 6502 6669 7114 8150 8895 13474 15260 16775 17674 18379 18625 19307 23038 23132 24103 25406 25866 25907 27918 28035 30155 33563 35163 37403 37969 41245 41845 46217 46856 55745 58467
246 1251 1452 1964 3048 3920 3954 4167 4387 4409 4956 6283 7912 8044 8584 9536 9677 10349 11444 11640 13184 14747 14892 15441 16439 16769 17541 20308 21764 23446 24761 24816 25120 26171 27330 27574 29904 29992 30816 32348 33728 36398 38963 44129 57043 80858
219 222 436 2958 4968 5160 5947 6220 6779 6790 7003 7057 8008 8299 9068 9632 10080 10636 10742 12362 13323 13894 14166 14342 14800 16479 16858 17104 17922 19690 20516 21387 22351 22567 25750 28561 29503 33030 33409 33786 34504 35216 43267 53100 55157 70722
368 704 1691 1774 2085 2085 2421 2563 4000 4077 4415 4437 4645 5919 6101 7264 7585 8034 10118 10728 11119 12242 13406 13988 15233 15636 16106 16236 17948 24497 24985 25165 25216 26775 29336 29550 31028 32803 33253 34901 37366 37989 43412 45118 70787 75626
151 471 2088 2138 3118 3355 4076 5268 5511 5973 7093 8602 9776 10743 12784 13675 13793 13801 13816 14801 14970 15670 16587 16977 17103 17511 18410 20386 21122 22103 22116 23590 23774 24031 24549 26780 30907 31887 32413 33508 35355 36547 40696 46236 51971 60699
93 403 684 1020 1072 1297 2012 2064 2211 3351 3815 3944 3991 5418 6064 7070 7552 8312 9511 9833 9932 9970 11117 13040 13509 15667 15764 16262 19494 21062 22720 23763 24058 24324 27899 28190 29565 32092 34193 37553 38689 40434 46667 53550 75403 88616
85 429 820 924 934 1056 3212 3565 3590 3702 3704 3705 4871 6267 6311 7203 9101 10408 10542 11869 12485 12980 13128 13190 13921 14564 15796 17592 18913 19187 21799 24027 24301 24670 25716 26659 33743 34055 38254 41718 42367 46027 51216 51261 53360 69213
514 791 822 962 972 1683 2350 2598 3018 4044 5256 6107 7108 7488 8573 9963 10958 12788 13512 13966 14311 14826 15000 15169 15933 17612 18003 19242 20232 20811 21090 21311 23338 25728 25802 25938 26175 26760 26883 28814 32643 33147 35531 39407 47275 137494
63 128 1357 2197 2914 3173 4311 4602 4660 5067 5513 5622 5756 6768 8176 8534 9808 11009 12361 12592 12660 13483 14002 15112 15489 15820 16433 18086 18562 18849 19314 21957 22553 25371 25816 26136 26835 31879 34237 35179 37404 41955 44175 56321 59825 70323
439 792 1413 1550 1602 1752 1815 1875 1891 2100 4005 5071 6235 6484 7358 8171 8685 9565 9676 10860 12956 13166 13728 15484 15994 16704 17222 18377 18597 20039 20610 22651 23782 24700 24892 25156 29695 32059 33317 38235 45017 46513 47863 62123 72234 72490
628 666 1249 1667 2046 2588 2614 2718 3260 3623 4786 5172 6291 6868 6977 7093 7243 8734 8775 9408 10246 12808 13543 14408 16353 16590 17406 17510 17793 18667 20718 21437 24793 25353 26959 27628 28565 29351 33094 34752 37444 43130 43131 57768 71561 82212
461 545 638 902 1391 1537 1938 1998 2041 2272 2798 3355 3521 4505 4912 4947 5477 6239 7369 7869 8039 8404 8466 13107 14671 15781 16754 16920 17059 18142 18617 19116 19286 20951 21155 23849 24224 27435 30685 38535 47410 51023 55083 70531 78441 104042
1440 1878 2967 3779 3946 4042 4851 5160 5874 6192 6849 7400 7553 8022 8124 12583 13349 14014 14550 15275 16041 18201 18279 18320 18533 18956 19087 19414 20260 20653 21424 22431 24112 25523 26798 28170 29380 31355 32078 32457 32720 33252 44487 50462 63871 89609
32 1607 2031 2081 2658 4170 4459 4973 5759 6496 8111 8273 8314 9410 9784 9822 10180 12445 12671 14119 14325 15416 16287 16642 17254 17266 17446 17651 18167 18764 20669 21286 23753 23922 24138 25007 26567 27548 28367 29694 30498 32033 32728 42651 79439 90993
212 230 371 388 1110 1233 1449 1840 2019 2105 3026 3498 3590 4134 4570 4684 5242 5715 6623 6929 7214 8754 9680 10787 10944 14819 15061 16654 17434 17548 19659 20920 21052 24386 24416 26469 30831 48423 48481 51954 55734 56796 57366 61643 64197 74415
188 496 690 1011 1521 1716 1871 2435 2540 3185 3327 3745 3926 3933 4046 5930 6115 6403 7499 9849 12274 14198 15289 15380 16016 16712 18076 19914 19935 20245 21097 21339 23476 24777 25022 29991 30942 31768 32181 36291 36615 40356 45976 53456 56259 80864
705 715 1068 1262 1608 2347 2589 5028 5315 5373 5549 7591 7686 7940 8038 9759 9814 12086 12373 12427 12522 13366 13459 13644 13863 14036 14566 14892 15075 16558 16591 17293 17850 18079 18275 20909 24512 27984 29613 31726 38336 43097 60566 61199 61856 64605
282 629 827 1448 2355 2461 2697 3059 3078 3208 3609 4398 4557 5025 7853 8525 9049 10529 11610 11672 11758 13291 13426 13982 14365 15986 17115 21031 21047 21235 23202 23575 27225 27598 27959 29123 30171 33200 34719 37054 41234 42054 42509 44621 71884 113941
328 709 1152 1891 2859 3811 4226 4649 4989 5038 5422 5952 6802 7138 7280 7658 7767 7798 7814 8380 8760 8834 8913 9286 10071 10406 11237 11640 12887 14568 15532 15586 15760 16651 17345 17596 17656 26087 32641 35538 38613 39130 52311 52483 64665 157759
1528 2640 3192 3354 3903 5082 6038 6922 7088 7560 8167 8966 9462 10738 11095 13133 13954 14143 14325 14964 15445 16326 16428 16839 17500 17624 17691 18306 19849 20448 21053 22633 22851 24857 25527 27285 28198 28443 28487 31447 33531 35721 36515 37412 40489 56733
144 271 482 957 1077 1722 2405 2707 3198 4106 4167 4795 4884 5438 6905 7948 9562 10237 11076 12352 13083 13852 14846 15092 16349 16355 18293 18681 18936 19034 19111 20975 21606 21767 23354 25149 26027 27361 27732 27801 32538 54932 57737 65822 66073 81834
651 1070 1979 2430 2685 2809 2838 4007 4928 5388 6979 7120 7215 7714 8340 8347 8706 9793 10798 10896 11143 11456 11521 11831 13402 14264 14976 16380 18379 19032 19284 20345 21247 22740 25650 28818 34520 34893 42166 45624 49231 49900 54544 64461 73118 79355
308 311 1428 2216 2592 2807 2945 3577 3703 5370 5542 6549 7059 7141 7712 7743 8989 10100 10281 10456 11056 11702 12982 13942 14260 14569 17859 17998 20212 20239 21167 22047 23115 26495 27386 28526 30337 33229 35424 37193 38611 39293 50517 61390 61777 115985
