1000 34 25
3832 5615 11183 12917 15740 17267 18625 18672 19399 20769 20803 26498 27330 30035 31960 31978 33389 34567 38576 42356 48015 62252 64820 103211 129506
2325 5072 11504 12999 13132 13896 14625 16291 16944 17512 18671 28082 28674 29484 37359 47204 47555 49679 54818 62305 66389 68053 70618 85000 100145
1408 1579 4103 5952 14605 15118 15945 17294 17455 19356 23946 26704 28797 28899 33184 34650 36939 38139 53625 60857 64671 73636 82332 91065 96178
769 1653 1736 4688 6207 7455 8808 8841 10909 11439 12001 12681 22990 26140 28251 28574 30698 36258 41696 44294 46386 66095 70521 129399 157899
900 3429 4061 10773 11260 11890 13899 14411 19039 21683 22444 23050 29252 29959 34938 35903 37964 54041 54820 68154 70179 70276 84141 99349 101531
2138 2510 4985 7389 7519 7709 7921 8354 13457 16897 18620 19642 19689 24592 27104 27125 35479 39449 50685 58129 60563 69832 76674 79492 217808
699 872 1275 2214 2621 5553 5701 7862 9260 10234 15948 16487 16624 21569 25035 25103 27950 31747 35441 39662 40172 43847 128560 149832 152391
756 1639 1920 2071 3313 4473 8885 9329 10725 11600 11615 12838 23729 25788 26399 31945 32813 44363 48405 52189 60481 62514 117192 120380 162584
543 873 3057 3747 6920 7582 9107 9407 11504 11950 12338 17954 18215 22117 24841 29584 29734 30995 31810 37669 60962 76531 98794 122413 149521
2255 3635 6654 6664 7522 8646 8794 9934 14121 14903 20056 20653 21227 22309 31411 33864 35624 38190 46419 50048 56115 61559 66114 68199 146745
740 749 957 5254 5811 8853 9533 13918 14123 16109 17189 17208 23105 25586 31876 34320 36671 37817 42374 54110 57121 58609 62786 69976 177238
495 1239 2676 3272 4993 5482 5761 7885 10273 10585 12358 16768 19548 21544 35345 41101 42386 45220 56001 56010 58074 68570 71766 100628 124908
2939 3354 7986 9153 9709 10266 11255 11428 15334 22102 22716 24197 24318 26698 30789 36439 40973 41298 47996 50439 53331 61106 77118 98574 115555
1488 3523 3901 8759 9861 12718 14360 15921 16311 16643 17443 17644 19812 27553 27858 27999 29056 31298 44227 45672 64617 65395 75043 93491 125482
3287 4540 5503 7094 7297 9043 11329 11370 16364 24661 27571 28386 29391 31492 33229 35552 36421 37179 39695 41966 58398 68105 81337 86942 104356
1214 3341 3885 7749 9355 9639 10421 10661 12352 12580 16033 18717 20396 22732 25902 26737 29733 32517 35665 62171 66862 81010 103568 128907 142990
2454 5465 6381 8156 8212 9803 15305 18970 20184 20525 22820 26738 28834 29031 30971 32415 34535 34828 35462 38635 50381 55932 60752 96290 106387
924 944 2286 4137 9089 9815 14031 14139 15676 18322 18670 19732 22707 34938 38949 44806 46623 46714 47243 47729 55804 61709 62372 73162 130330
3824 5418 6844 9160 9317 11983 14441 17593 18217 20728 25888 27865 30946 31285 34579 35703 38284 51213 62752 62972 63741 68748 76035 79067 117283
1997 3538 8233 12379 12689 13401 14187 16278 17817 26211 33539 34489 35871 36612 36926 38994 39415 44065 45888 46842 47003 49653 62440 89805 120194
4027 10731 11066 11573 11746 13087 14462 15705 17980 24625 26432 28287 28331 28465 35370 37054 42860 45215 51030 52885 58188 58871 64202 68104 99774
259 670 1044 3732 5066 10504 12641 12889 15885 19660 20978 23188 25445 29829 39034 42016 46574 49168 50954 55005 60817 66226 70935 80670 93439
274 7146 7313 11299 11541 13324 13513 25240 25453 27673 28962 30195 32182 33366 34268 37653 39973 42569 45478 46480 60780 68310 71490 72003 90350
1112 3659 7735 9160 12960 13286 13552 16594 16763 17756 19048 20420 22899 23640 24453 26159 33555 46504 49494 66296 67701 83241 88699 92600 148284
1083 2412 4688 4741 4810 10588 12062 12946 15530 16466 20611 23537 24504 28738 29650 32652 36984 42923 48053 54532 62951 63344 79285 82154 83450
949 1401 4774 4847 6074 6602 6636 7840 12370 13975 17405 18293 20467 22699 26113 33260 33654 37385 52046 57781 72441 86401 91769 101439 121539
706 1991 4405 6284 6387 12637 12917 13532 13699 14216 14721 15312 15514 19385 27736 27916 30633 39657 45162 60456 89709 101151 103654 103979 109082
1264 1857 5677 6144 6626 11225 16631 21253 22283 23721 29378 30915 31608 33525 35292 35739 36476 37231 45523 48526 55350 55759 60628 62786 79347
1775 2825 4173 4529 6328 6438 7867 9710 21365 21863 22059 23524 26800 27529 38810 39209 43208 54428 58324 65286 69907 75494 76641 95560 101977
930 1687 1781 3212 5657 9429 9975 12762 14953 15660 17471 20717 20988 25101 31959 37138 40045 50738 51234 54351 59190 61324 62010 95547 124392
1021 1595 4719 10979 11273 11630 14627 20290 22053 22992 24084 24452 25081 28127 29042 32056 32876 33213 42716 44916 57548 65707 67308 72592 140763
387 586 2163 5647 7599 8244 9295 10292 14813 17552 18297 25439 26335 33859 37202 38183 39944 46018 50525 53340 54954 55676 112786 114097 118077
140 4326 6230 6776 6799 8004 11269 12609 13916 15429 20744 22788 23015 24248 24976 31501 32290 35719 44689 46684 63078 63895 71203 84648 125624
122 1794 4721 5197 6486 10919 13208 17790 18011 18420 20552 20749 25027 26503 27576 28571 32557 49322 53640 53986 56195 67429 83119 88014 164397
