1000 17 44
677 775 1365 2191 2298 2537 2791 3498 3545 4908 5139 5846 6773 8615 9054 9368 9695 9708 10263 11112 12619 12758 13414 13586 13592 13888 14784 16273 17608 17760 18550 18990 20827 22183 31107 33846 34333 35633 37325 37647 52576 74986 108592 208486
513 1148 1799 2396 3468 4280 4479 5104 5533 6187 6673 6700 7801 7936 8181 8224 8383 9596 9944 11325 11369 12052 12697 15068 15319 17734 17816 20202 20967 23060 24630 26214 28568 31933 34240 42385 44431 46359 54153 54847 55863 59182 60558 139327
625 1295 1864 2221 2814 4109 4555 4589 4860 5086 6472 7164 9472 10105 10949 11093 11306 11772 12095 13210 13250 13684 14902 15708 15756 15934 16677 24485 25626 25927 28776 31789 35381 39565 39627 41120 44255 44387 44759 49836 58416 58658 63478 89417
1025 1744 2380 3031 3050 3117 3626 6141 6243 8076 8469 8699 9275 9582 9901 11354 11621 11754 12827 13941 14343 14639 16533 16830 17261 19911 20190 23492 23516 23850 25657 27046 27364 28317 31357 35202 41155 46263 46368 52016 55310 75124 75237 86640
399 498 526 1214 1427 2207 3730 4330 4531 4894 5022 5078 5822 6432 7730 9698 11272 11368 12026 12576 13995 15901 20883 20893 22591 23066 24591 25472 27132 28004 29113 37877 38526 39692 42522 46385 47411 49419 50797 51130 51982 52300 52958 54806
1816 1943 2998 3108 4503 5129 5304 5650 6457 6571 6627 7187 7561 7718 8455 8717 9650 11470 15192 15553 15679 15975 17438 17472 20905 21619 23352 24192 24393 24486 27391 27859 31771 31870 34936 37721 40470 42006 42923 47601 47744 73074 75293 75455
1822 2188 2210 3086 3298 3478 3629 4641 4847 4961 5249 5743 5756 9426 9864 11398 11557 12311 13073 14269 14980 15817 17203 17293 17558 17607 18931 19381 25354 25896 27276 28145 30667 34080 35158 36405 36945 40448 41404 49313 53595 67191 89236 89614
203 1274 1337 1519 1590 1828 2372 2967 4174 4520 5394 5905 7772 8661 9319 9786 9925 10043 10413 10693 10946 11352 13011 15803 16695 16884 17784 20758 22029 22442 26719 30629 31965 38106 39217 43141 47048 47959 49034 49837 50452 62007 84333 107913
113 324 1156 1160 1957 2521 3383 4592 4680 4758 5395 5471 5997 6137 7354 7744 9118 9817 10183 11231 13902 15159 15471 15592 17334 18738 19990 23103 23278 24278 26557 27276 30234 31630 32856 32925 42815 50353 50706 60478 61941 67071 91894 93381
597 1124 1635 3097 5329 5830 6121 6603 7159 7159 7309 8290 9017 9086 9641 11839 14257 14862 15709 18114 18280 18794 19270 19272 20820 21617 21879 22230 23949 24292 26659 27360 29720 30568 30688 31019 34355 37348 40626 40699 49193 69173 76318 95172
143 983 1469 2230 2258 4784 6382 6501 6522 6829 7000 7672 7740 8239 9513 10085 10111 12665 13154 13292 14593 15445 15787 16525 16658 19355 21892 22445 24506 24643 30684 31429 32965 33122 37102 41226 41246 41687 42264 45878 56666 62759 67570 90628
110 215 319 348 781 1312 1570 3095 3322 5170 6099 7506 7667 8345 8830 9731 10706 11058 11631 12234 12338 13926 15119 15294 15637 16371 17048 20138 21060 21633 24295 24419 24423 24426 25729 28603 39693 40073 61333 68895 73651 80934 87829 98229
359 787 1351 1503 1753 1922 2059 3483 5698 5858 7088 7785 7988 8264 8913 8953 9918 10495 13214 13376 14230 15200 17699 18234 19075 19231 19376 22067 23817 25635 26594 28246 30033 31343 32311 35222 39250 41780 42126 44024 50663 60103 82527 120609
1309 1840 2707 2796 2854 3152 3468 5738 6002 6580 6824 7660 8527 9355 9477 12071 12337 12359 12569 12734 16076 16739 16879 17296 19462 21177 21678 22193 22291 25207 25323 26420 26683 27579 29660 30661 30717 33670 40687 41590 52335 69528 93277 122441
386 515 587 618 1141 1359 3175 3272 3418 4289 5346 5965 8170 9161 9612 9643 9769 10306 10584 13004 14276 16850 17243 17263 18156 18528 19128 19449 20373 23219 23273 24150 26739 30391 31588 37395 41407 48833 49009 52559 59421 77283 87628 105751
293 397 723 1101 1780 2232 2260 2532 5640 5943 6899 7051 7586 11362 12787 13203 13329 14559 14974 16085 18136 18260 19578 19875 20427 20608 22951 23907 26549 26768 29593 30133 31009 35083 40755 41058 43101 44258 46750 47528 53906 60633 62869 63003
826 1549 1634 1890 2141 2198 3127 3340 4406 5361 5491 6117 6395 7131 7273 7513 7633 8205 8213 8421 8424 8726 9010 14212 16281 16770 16859 17440 18189 18726 19045 21228 24129 28881 31042 36456 36509 38034 39650 43531 88208 96702 108229 124543
