1000 14 14
6685 20270 22206 23303 24532 49408 63222 69249 69857 83687 93860 112898 122764 215956
39 1092 1386 4078 27832 32736 35550 55454 59749 63001 86102 130845 167555 319648
7330 16664 21959 24064 30216 41734 41979 62926 76420 80979 86826 141960 161797 178160
1246 2087 2411 3886 12280 63397 64888 66200 66703 74129 75407 124017 176415 251806
1206 6265 8465 18045 23434 24612 32019 36056 37797 79722 82053 82860 176894 371669
17008 18867 22152 28104 30550 48985 62839 65640 71469 73462 84741 85054 166981 205370
14708 18363 25807 26117 26126 30127 31599 43210 46780 70890 77680 95194 229811 238145
5288 9487 12154 19315 32376 40454 49704 52558 55123 58989 117475 153835 169703 198736
1542 4178 4824 12361 15013 24130 50875 59886 77745 97868 110864 129635 133484 266417
6356 21848 31048 32390 33969 54534 61595 64236 76506 85177 89789 117497 147290 158896
4020 10690 16498 19440 23457 44242 44569 47516 99517 104093 117970 131607 157964 160860
14321 18069 21257 30684 42649 44317 45744 50165 55251 86591 97564 139510 159910 167509
2542 3902 5391 14364 19625 34915 46017 47968 48933 74923 82312 103086 164003 341363
4227 4681 13920 16394 27506 45847 52465 60612 70655 74348 88736 151692 172959 201140
