1000 37 22
2023 2582 4273 4920 6230 6748 8858 9101 18064 23979 29377 32882 34012 34643 51865 53859 66857 87668 90069 98611 143167 144605
849 1933 2845 4412 4418 8832 9556 16370 19216 25152 32004 41889 46298 48438 50323 53013 61051 90148 91853 92365 107716 123424
434 526 8500 8631 11471 15626 20406 21992 25713 27659 32796 33233 44702 49015 50024 62061 64295 64503 70077 72778 94252 149855
1719 4447 8216 12939 16539 22144 22593 23428 31995 33276 33813 34596 43854 44260 46158 47034 53306 66112 73845 81063 94571 130377
1724 1860 2371 2940 3465 9041 10748 12556 15867 16016 19499 25671 40796 44081 47103 53410 56710 60876 66981 112652 127867 213701
395 424 4145 10148 11685 15457 16511 17688 25629 29470 30667 31276 42471 43689 49451 60455 61607 61777 74102 100205 132904 153126
6403 6751 8255 10684 11658 16181 18297 19670 22070 22919 39037 41154 48268 48942 52495 53916 63537 64217 68796 69683 83161 183774
3996 9694 13493 15687 25645 26329 27117 27363 27810 34513 40765 41793 46614 48896 53709 58558 60170 67542 82853 84659 86333 86837
2784 3873 10843 12066 20469 20801 23231 23679 34385 34668 36362 43360 43461 49089 51912 55323 59610 60110 61859 76641 89371 114112
828 4188 6381 8896 11854 11976 13702 23200 24015 28906 29501 30928 36993 39913 44193 51842 55367 79374 102681 103663 116220 130038
1111 1170 3176 5945 10345 11164 13675 14646 14756 17547 33255 33710 40358 43732 58193 59622 65158 82272 83775 88085 114093 164012
599 1066 2145 3717 6059 7014 8692 13693 16393 19506 20977 21413 26428 38273 49452 51852 52951 54747 98070 99355 106578 230621
743 4916 7785 8423 9806 13245 13269 13346 13478 13796 14444 21003 22050 29767 39037 47221 62099 75641 82423 121993 152927 167311
800 7405 10331 11513 14235 15820 21045 21627 23644 27414 30071 32188 38334 39614 41160 51544 64382 72743 94405 102121 102409 109544
931 1128 1909 3954 6175 6367 8626 12901 13928 17061 17503 25798 28520 33893 41269 47567 58186 71567 71633 129787 137527 190150
5320 6005 12336 13727 17546 17755 24661 24993 30107 30366 34177 38854 40410 44093 48059 56958 59738 69765 84639 87884 104058 121171
1003 1561 7329 9032 9264 11528 11903 13333 18720 22509 23828 27506 32761 36836 40080 49450 51583 53049 106626 116374 133004 153646
2924 5764 6103 6733 10263 13027 14093 15114 15607 17727 24998 25051 29600 30381 33930 57792 78017 80654 81561 102255 103404 198367
755 6169 6789 6819 10251 12060 13184 14061 17487 23943 25998 28142 30606 33321 58792 68437 73164 80659 91742 94511 108406 154226
1349 2006 2185 3243 7657 11753 12043 12553 12810 18923 19362 26858 28123 30517 35614 44053 44268 53036 55331 98536 128057 286017
2077 6721 11817 13902 14380 16226 18187 20561 27250 28664 28678 29936 30138 33251 38133 43703 68179 70048 82609 100496 122324 141997
1379 2089 4797 5226 7813 9063 9239 11288 12524 16671 17505 18536 23055 29717 43383 43527 53272 54257 123194 125802 157902 175160
355 2481 2728 2925 4690 8726 11666 12842 13382 13851 23526 31321 32458 39676 40727 42920 56582 84729 94464 102151 151439 166029
347 6437 7444 9681 10418 16820 18576 18920 30354 32416 36265 40250 43933 45760 55358 60181 62312 62591 70234 73728 84175 137233
1885 7199 10526 14348 14605 16184 18564 23448 24068 25694 33055 33090 34743 40389 40411 40616 42653 70745 82105 96646 102501 176529
1898 7327 7669 10523 11946 19331 19385 22205 26395 29848 32181 33240 34593 44226 44349 60666 62384 75470 78185 106032 108238 128479
497 2016 4490 5335 13171 13954 18028 23005 24033 27000 35395 35726 37342 37908 46703 50887 53241 62631 83463 99150 125121 152865
4264 5303 6659 11061 12127 14968 15040 16884 17317 20115 24900 31179 33213 36062 36534 42246 47901 49251 49913 64078 93871 324687
713 1029 1185 1812 2193 7926 14330 14545 16329 25602 25939 30619 41220 45928 58308 59191 60453 61376 77871 97478 108864 201663
1353 4710 7803 9587 9892 10574 11415 17379 18184 25071 26034 31636 31858 38897 39646 43417 52766 55030 55108 86596 157023 208390
2853 4305 4506 10066 10996 12839 12953 15348 19218 19813 21815 24754 42396 44352 51844 67141 70112 81699 82715 92055 131371 133963
149 812 6289 7945 8342 8618 9183 10839 14614 14809 14832 25861 31953 34739 35100 35597 43887 82278 102252 127196 138765 216036
582 2618 3010 3739 7492 9447 11267 17327 17607 18559 19372 29557 35917 39506 47682 48734 73491 77784 89004 98516 114886 164524
691 1428 7440 9336 9950 10463 12458 14058 14718 14923 18622 27798 31191 39597 41268 43755 55591 78639 111360 116331 123296 160211
4162 4883 6142 8971 16971 17210 19696 21323 25967 29336 34474 40287 40446 43098 43105 57997 58538 62768 76727 99633 103071 112861
116 4842 9877 10087 10835 13234 21347 22384 23985 25085 26649 30249 38303 42492 49391 51834 67017 70153 78300 82157 87992 157907
3672 6411 7056 7168 10366 10589 19214 19704 22208 22702 23382 23821 26978 27167 27867 29972 38363 54695 86401 88932 165883 231634
