1000 27 9
2165 5923 21588 90505 96906 114811 115644 147703 300548
8187 15985 51662 83183 89130 92400 145728 151767 171691
4408 12239 15013 39723 46026 89679 133921 174426 266866
2464 2556 15463 17566 47065 119432 136355 151172 267278
19793 24086 26777 31615 78348 123794 154543 178609 213487
14417 20682 29029 73881 95189 118709 149844 155716 157012
25472 31878 36771 58443 69974 70238 76560 155613 275699
2511 22633 48824 57844 69926 71122 170063 176668 268908
1408 28890 40749 46702 85161 100168 125228 163107 190947
1674 15011 17158 17773 58086 89026 92499 235133 243289
10608 11202 26575 42588 42985 57967 113164 210229 256778
5078 10720 51421 53463 61928 65481 127694 196403 315356
1119 21693 29174 52772 59682 102664 137252 198183 249882
17364 23678 35449 40335 50298 61706 85016 204405 217695
9887 12026 34847 51207 53095 78113 104627 217603 247105
12411 27065 37541 61424 67162 71698 119335 175270 248818
7003 7530 9535 28185 34000 55622 60479 254503 370682
1326 8005 20533 37865 40520 43690 93992 169020 426008
6004 11885 28181 32612 50809 92967 96219 222557 251634
5118 17671 46026 64348 79687 100081 105696 145136 229596
1309 6644 10723 48402 50227 60266 67531 278221 308371
2847 12777 18864 24670 59580 93669 113082 136406 301467
3230 8287 52903 53346 66870 69612 80468 162001 399642
6845 11489 31071 31312 81861 122000 148123 154319 240543
5043 27617 27882 73984 88264 106716 128652 180851 200962
11505 11915 31048 42539 78374 99446 132722 183829 294531
30492 32439 34690 39399 52862 57545 98406 102525 317673
