1000 34 41
34 64 816 911 1299 2144 2273 2720 5587 5774 6567 8298 9249 9878 10606 11884 12155 12629 13698 14996 17529 18331 22020 25098 25588 25704 26668 27364 28787 29327 29354 29488 32273 37026 41385 49040 52663 52898 58426 66239 71462
1714 3160 3285 3285 4297 4500 4939 6359 6497 6583 7526 7794 8575 9003 9096 9562 10919 11173 11206 13505 16418 17002 23038 23904 25201 29137 29749 32600 32712 32950 33362 35031 39962 40242 40490 41805 46985 47246 48238 51505 77480
933 1430 1680 1794 1972 2249 4335 5049 5298 7837 9649 11519 12129 12660 12665 13226 13407 14027 14773 15097 16181 16801 17129 17488 17549 21220 22373 22685 23213 25190 29706 32723 33319 35542 36898 44084 56095 62096 72635 83959 97257
987 1075 2776 3100 3991 4912 4965 5264 5510 7199 8183 8475 8707 8791 8921 9489 10542 11965 15533 16236 16313 17354 17762 18085 20756 21470 24197 24317 25067 25185 25977 35810 38834 45331 51419 55018 57441 61846 71768 71831 77764
175 230 740 880 1126 2115 4264 4342 4510 6693 7506 7542 7937 8159 10333 10556 11054 11376 11378 14580 15736 16518 17534 19465 19821 19881 20896 21371 22895 24771 28020 30307 31508 35087 37335 56438 60066 67007 69322 79130 101130
270 571 2041 2110 3032 4047 4333 5324 6514 6610 7046 8649 9229 10761 10912 11190 11918 12101 12754 13361 13528 13612 16182 17817 19506 20664 21550 21558 25185 26952 27498 28311 28797 31671 32230 34844 39627 47976 81221 84342 129443
999 2095 2199 2382 2967 3557 4396 4873 5214 5466 6265 7104 7875 8431 8649 8805 9431 10894 14928 16775 17123 17875 18793 18900 20188 21429 23029 23726 25640 30573 31719 35149 35576 37933 39019 44005 47420 48177 48239 61658 123395
37 218 456 1331 1564 1719 1828 4627 5611 8351 10509 11446 11824 13035 13059 13585 14086 14384 14409 15052 16552 16952 18030 20283 21436 22093 22860 23540 23840 26429 28689 33427 39069 39118 49476 52282 53117 59862 73361 73914 82281
437 1235 1803 2267 2731 2794 3329 3497 3760 4452 4742 5681 5690 6130 9302 9704 10270 10281 12070 14129 14785 16702 19065 19891 20356 20952 21556 23829 24220 24529 30970 32136 32299 33531 39042 43039 46580 78221 78871 83239 94678
602 1070 1343 1752 1811 1822 1982 2901 3069 5223 5511 7121 7279 7499 8201 8590 8598 9058 11170 11730 12017 13184 14155 17915 20450 21047 23995 24635 25196 25694 26366 29857 32048 33938 34241 52096 64223 67743 68217 91055 120403
316 722 730 1342 3624 6619 8841 8952 8967 9144 10245 10937 12317 13570 14162 14505 16384 17384 17758 18889 19279 22095 24575 24620 24827 27088 27499 29464 30140 30743 31518 36199 36476 40882 41052 42323 46142 47485 52908 58322 58875
856 946 1000 1233 1248 2004 2260 2507 2919 3346 4118 5792 8003 8337 11637 12299 12874 13125 13452 13724 13847 15836 16123 17381 20548 22442 22737 24650 26631 27661 29258 34261 35460 39959 40778 43400 48159 56269 63538 102704 106326
317 380 1525 1707 1821 1971 1981 3175 4432 4979 5065 5268 5792 6296 9902 10349 11613 12348 12574 14010 15702 17124 17152 17393 20303 20668 20877 24646 25345 26466 30818 32070 35062 37081 37126 45444 51618 53856 54889 62941 167966
785 961 1063 1760 1991 2474 3127 4627 6487 7514 7600 8816 9670 9763 10061 10079 11227 11889 11962 12888 13130 13934 15468 17153 21683 22042 23166 30456 30934 31825 32625 32959 35304 35787 36274 47727 49559 55360 60078 60136 95475
214 219 884 988 1392 1746 2597 2828 3910 4105 4406 4540 4880 5066 6637 8513 8613 9174 9183 9613 10148 12017 12898 13060 14898 16026 17046 22135 22876 25751 25972 27166 33094 33365 42815 48568 53462 75403 77922 94377 123666
426 465 1855 1864 3499 3672 4576 7423 8286 8982 9133 10372 10510 10914 11272 12669 13325 13375 15043 15800 17252 17292 17381 17717 20752 21515 23028 24150 27948 29534 30114 34806 41804 44339 48448 51841 53608 55501 56276 56971 59070
1425 2451 2775 3625 3712 4134 4428 4572 6593 7369 7612 8039 8899 11155 11651 11710 11766 12293 12886 14129 14205 14734 15154 15266 16079 16649 16942 17011 18956 21091 22558 34823 34910 35588 35765 36410 47702 69392 85526 88643 114690
70 277 1844 1954 2575 2832 3672 4861 5073 5417 6258 7285 7757 7778 8041 8047 8325 8457 8596 8822 11297 11366 11368 11529 11738 14935 19450 19490 26345 29509 29786 32505 34382 49049 51985 58682 66351 66565 66825 78740 84222
585 881 927 1587 3740 3989 4743 5258 7152 9400 9550 10728 12095 12241 12829 13747 14077 15810 16040 16259 16641 17179 17332 21109 23046 25979 26578 27785 30855 32456 32595 32888 33005 36766 41657 52244 53427 53477 54376 57051 71679
454 997 1187 1193 1663 2336 2467 2978 3591 4980 6243 7421 8355 10033 10036 10356 10449 13312 13483 13506 15987 16064 17235 17338 22679 25700 26156 27086 30608 31221 32386 36523 37061 41326 41768 43373 46449 56476 73894 79471 100158
53 770 831 2914 3801 4517 5992 6185 7211 8435 10182 11127 11129 12103 12103 12654 13260 13733 14328 15266 17194 18580 18629 19411 19737 22922 23147 23381 28019 31192 33897 35323 38656 38668 47782 48598 50427 54330 56162 61378 85937
207 2566 2726 2877 3214 4033 4867 5722 6577 6783 7108 8861 9019 9996 10808 13132 14088 14958 16303 17140 18216 18223 18893 21303 23043 23994 24189 24356 24756 24873 26075 28218 34840 45812 48232 50054 52576 52944 59272 82661 84053
504 530 924 4274 6637 7034 7317 8011 9348 9358 10217 11093 11422 11998 12117 12583 13076 15429 16491 16571 17022 17639 18388 20329 24474 25890 26808 27115 29369 30178 31832 33122 34394 35629 37436 45876 53011 54584 56463 68724 89151
205 465 952 1003 1058 1405 2922 3487 4589 5129 5302 5749 5799 8482 8764 10989 11325 11707 12145 12490 12693 14354 15470 16442 24800 24801 26631 37404 37453 40021 43706 45311 47227 50117 50169 50313 51626 53323 57463 61922 61987
310 579 988 1363 1426 3013 3503 3657 4046 5355 6348 8736 8745 9126 9417 11456 13183 13204 15317 16006 16351 18357 21508 22044 22620 25247 25537 26929 27980 28403 28903 30492 33975 34161 34935 35032 47024 48474 56529 96739 114484
54 688 788 1741 1801 1856 3822 5091 5711 7260 9252 10169 11101 11791 12101 12145 12547 12981 15366 15731 16505 16868 19601 21281 21302 21678 24755 24905 24920 29545 32348 32808 35423 38074 39023 41312 45488 56428 63420 64157 77787
1047 1094 1188 2298 2402 2456 5707 5880 5996 6580 8040 8432 8592 8861 8950 11059 11386 14167 14729 15091 15721 15977 17782 17788 19533 19579 22535 22730 24691 25430 27011 27283 28233 43799 43845 52497 54255 56127 58932 85919 86549
1685 1938 2500 2668 3194 3453 3766 5147 6398 7013 7390 8366 9704 10619 10934 11690 11999 12528 12839 14253 18533 20150 20561 21017 21336 25574 29581 30539 31605 34656 35239 35734 42692 42953 44362 44748 54731 56376 60199 62553 80928
1716 1759 2514 3049 3473 3931 4791 5087 5540 5626 8130 8267 8321 8785 9132 9419 9728 11578 11719 11774 12260 13060 15368 16211 20341 20948 23370 23456 27244 28682 34347 34562 35125 35653 41113 45648 50112 71943 77722 78326 88837
374 816 2120 3243 4347 4823 5864 6195 7369 7856 8073 8445 9237 9439 9831 10062 14210 15659 16683 17570 18517 18822 18973 21813 22378 22439 23317 23587 24383 25270 30006 31474 34734 37120 45987 50383 59705 62800 73978 76983 76999
416 455 585 1972 5232 5296 5378 5567 5677 6222 6640 6874 7146 8571 8813 12059 12114 14716 16503 17534 18523 18827 18911 19146 20262 20611 23256 23898 24780 29078 30345 32309 32564 35167 37726 41544 42979 51485 53975 83914 89970
13 175 579 1460 3810 4162 5037 7608 8066 8810 9161 9669 9670 10297 11435 11585 11944 12726 13023 13918 17087 17599 19088 22009 22850 23643 25656 27552 28116 29414 30122 30336 34075 39460 39468 52054 54304 54356 56387 76476 107693
135 416 910 1062 1446 1851 2766 3676 4390 6126 6599 6990 10499 11281 12459 12602 14049 14319 14978 15397 15600 16206 17260 18068 18850 19739 22364 23186 24940 27172 28607 30240 30395 39376 40136 46949 50531 58264 64368 69975 96317
61 159 957 2174 2500 3324 3331 5275 6349 6381 6615 6620 8150 8369 8713 12422 13670 14886 15552 15593 15841 16149 16153 18536 20047 20662 22392 24068 26982 31309 33999 34808 36987 40448 46806 48903 50222 55554 56694 71111 76195
