1000 45 9
10587 46572 58955 59891 62833 94838 150825 188419 230216
3445 20859 27945 32423 62480 110557 170588 185266 301552
7796 11795 66633 68775 80799 99253 125891 185098 284648
8247 13577 31161 36942 42066 42372 76266 176225 479969
25283 49649 57109 59327 60186 99997 136709 200492 238370
10651 25250 42653 52690 70943 76323 121366 230423 263807
14254 14262 49017 50776 56975 125117 169217 192924 264678
2303 4091 30324 90164 109401 126484 138776 177268 207358
4584 12476 18544 48077 105813 109544 181809 185537 207592
1045 8058 35987 76668 79336 100828 121592 200827 323002
1084 3382 5056 13218 18405 39535 191517 195155 417506
4736 13168 55864 70158 88734 116704 153018 159388 231979
2810 47704 52869 59293 63312 70792 73570 213886 274554
7942 25037 44524 46757 102215 103390 135726 145172 238177
12476 15211 28890 31294 70838 105251 110278 233978 273992
13461 15194 21621 46654 74749 140882 145996 189908 228903
7381 8726 9608 58909 83943 93922 112279 115046 398512
12044 16381 43840 76316 85499 90141 123846 159021 281340
5140 19586 35070 35152 54060 93198 119470 220151 310164
1220 22710 35599 108420 118538 144818 150523 176664 188986
2526 57183 64091 75254 88846 114413 155366 165604 209867
7613 13062 44385 60595 74852 80118 84235 151662 371032
12335 40773 42630 53885 60762 99300 136275 136951 326284
1019 46042 55858 68584 94647 111349 137893 148334 246822
1233 23786 41650 53679 79373 86932 112565 164398 297460
9437 11534 37191 61639 72039 89641 169182 187929 253243
1355 26056 39107 64076 69052 94421 116892 181969 261615
1414 2021 12934 26694 27839 112873 154541 207284 338598
9912 25843 28333 39989 71492 77507 89502 246655 309862
8416 24381 34198 34781 69087 78202 128917 212770 294496
31167 31391 43226 55202 68564 85781 165827 173686 229346
21997 23737 38382 45518 56125 79922 141046 197852 284486
535 5837 30246 30910 78740 79979 112315 169350 438125
24446 43076 44434 45005 64389 68144 151280 198258 239038
14856 19604 45031 74483 120599 123674 139191 146861 164244
14292 18541 28871 48836 84689 119002 161102 215439 253798
2995 5476 5574 13324 97667 150763 178388 207111 259050
14646 17755 25263 27017 57470 63817 132371 152986 449904
1255 11756 24251 27243 39274 95281 127654 265386 305575
1705 9812 20318 53248 88904 159518 161062 189159 208501
5715 11433 17456 49230 57412 116102 187285 208298 274299
5509 28707 41164 51736 61185 89053 102562 108661 451428
19210 48887 49006 57235 89676 96511 127711 182006 221668
6542 15444 28709 36766 111441 137212 151674 182971 222002
19737 30574 36702 56991 65397 90502 135392 143230 291395
