1000 10 9
9027 22077 39712 46778 78563 82159 122388 283655 307687
9070 23546 30400 62532 129949 160456 178280 178350 214787
14015 14937 57351 81507 109033 123814 140179 212252 233693
11547 24268 25572 30934 45385 107004 161984 163689 423015
17013 37101 37413 48113 53519 82984 84927 188091 443462
27994 30495 32591 68170 102359 107032 128197 146025 342520
28463 35474 83551 87133 88028 88671 140204 166303 272414
13137 21977 30412 87516 105131 114200 194248 209051 211219
37099 68009 72694 86376 91111 94595 122851 151831 263237
27451 36994 65110 78131 93909 120698 121446 218822 224912
