1000 40 33
2436 4767 4864 5026 5139 6089 8887 9077 9089 9533 9634 9892 11176 15244 17832 18119 18236 18346 18994 20542 22372 22905 24386 27028 28038 29135 30514 33003 35468 41718 44276 46659 95568
2803 4016 4102 6078 8551 9102 9108 9328 9951 10968 12631 12966 13679 16139 17363 17842 18005 21260 21569 21585 25900 26339 27800 27801 28782 30757 31404 31964 35947 49808 50386 50927 71620
1346 2299 2355 2872 3156 3525 4191 5592 7006 7068 8317 9261 11749 13895 14576 15847 16262 17127 19005 19921 21630 23472 25045 26365 28608 32593 34866 46635 48383 54903 63389 100835 109180
564 1032 1697 2792 3850 4457 4883 5141 5241 5376 6034 8224 8653 9730 10659 11592 13360 15143 15730 17876 23436 23518 25364 28308 29040 31233 35230 35882 35971 38795 44070 60529 151500
2400 2717 3736 4038 5262 5287 5590 6266 8095 10184 13691 14272 14480 14769 14844 15988 17477 18677 20289 21548 23496 26583 26596 28982 31196 31252 32160 35015 39938 45778 52824 53608 94661
115 167 800 1849 2585 3023 3659 4150 4801 4827 4933 5542 6928 7680 8059 8135 9505 10015 11268 21840 23775 24231 28172 28374 28812 29051 29265 29281 44057 48603 51076 80879 93859
1195 1985 2235 2453 3803 5407 5511 6920 7089 7135 8082 8283 8987 9178 11811 12213 13623 14799 16379 17308 17648 19203 20315 30481 36081 43752 46711 47149 48304 51479 55499 74697 79264
822 1141 1571 1631 1633 6282 6465 6656 7043 7968 9848 12046 13307 15579 16231 16345 18270 19556 21979 22486 22642 24038 26100 26550 27739 30094 31381 33197 39724 45165 63176 71797 156243
999 2577 5677 6263 7663 7705 7871 12528 12699 12937 13238 13836 14387 15166 18807 20239 22924 25305 25895 25940 27800 28053 28721 32270 33337 37215 40912 41736 43380 45582 52437 60476 70222
781 871 948 1146 1487 4544 5826 5956 6891 7209 8660 9522 10420 12874 13454 13464 14335 15031 16082 16798 17952 18310 20046 21394 25192 33465 42926 49574 52024 52250 73599 91819 117625
41 211 236 548 1299 1739 2782 3962 4617 5023 5332 5825 8580 8702 9006 11771 13516 15123 15732 15914 16609 20795 21190 24008 24613 25688 33444 39405 39486 47343 53895 89767 117402
407 2430 4157 4167 5892 6210 7818 8603 8812 10133 10397 12717 13037 13349 14601 15739 15776 17512 18279 18290 18489 20029 23030 31130 31644 32753 36284 41802 42583 49542 50393 52970 90317
2180 2425 3637 3789 4405 5586 7617 7823 7853 10343 10365 11348 12381 14079 15540 17351 17970 20197 21141 21154 21341 25898 27101 27144 32891 38163 39223 47790 47935 49560 50816 121166 131665
1427 1514 1833 3010 4819 5424 5559 6705 9143 9961 10844 11349 11637 12505 12534 15471 15515 16961 17311 17569 17858 17954 18329 20044 25039 32068 32869 41627 46631 51240 66399 78569 101726
3582 3816 4315 5343 6128 6689 7963 8313 8933 9513 10440 10610 10717 12237 14192 14286 14563 15074 16227 19429 23011 25302 25826 26301 32611 37284 38210 41227 42867 43211 43488 47242 47990
1920 2068 2417 3025 3141 3745 4630 5039 5502 5600 5763 7387 7630 8455 8667 10094 10166 11891 13205 13621 17516 19315 27927 28595 29283 36797 37414 49195 49399 54204 57951 60757 100742
531 4542 4674 4815 6182 7954 8150 9404 9730 9828 11790 14741 18033 18571 20141 20283 20506 21441 21700 25767 26042 26568 27059 28243 32996 33750 39156 42157 43403 46035 50721 51566 80689
730 933 1370 3291 4732 6477 7910 9737 11152 11663 12821 13268 14935 15106 15127 15296 19606 20266 21535 25739 28115 34176 34359 35291 35488 36148 37424 42101 50935 54317 59568 71528 77989
701 792 5750 6123 7375 8351 10118 10336 10627 10692 13305 15434 15856 17285 19108 20401 22001 25976 28629 29055 29805 31143 31193 33071 34877 36856 39083 44246 46586 49159 51165 75673 97196
1831 2194 2998 3798 4175 5065 5217 5388 7559 8317 9855 10698 10752 14225 15522 15529 16412 18165 19690 20014 24454 25409 26558 33889 37953 40696 46878 51016 51137 63234 69257 70120 89032
82 1498 1544 1565 2957 4009 4456 4682 4933 5172 7702 8628 10689 11312 11401 11565 12033 14238 15691 17043 17460 18081 18338 19182 20967 24658 42266 47541 57353 72204 76459 84344 106673
219 484 1017 1205 3451 4216 4229 4508 6048 7897 8022 10023 10376 12942 13565 15254 17879 18499 21742 24473 27845 29004 32767 35337 37687 45990 49137 55120 57904 63005 63082 75002 76966
12 1178 1290 2128 3787 5018 5306 7218 8684 9775 11612 12122 13824 13826 14437 16011 17528 19111 22239 22426 22762 24680 25983 28716 34655 39422 42692 44776 48156 49594 53082 66568 70197
303 1184 1632 2132 2573 3339 4143 5169 5252 5882 6123 7702 9795 11005 11188 12650 14962 15786 16576 21602 25697 27287 27619 28957 33089 35626 36620 37187 43081 44637 56567 64948 98537
2513 2744 4906 5023 6209 6531 6963 7667 7756 8054 9713 10123 10404 11099 14768 22196 22404 23159 25824 25971 26880 28203 28606 30515 34165 34758 35310 37651 38142 54508 55351 60830 69033
836 4112 6108 7247 7361 8768 9473 10951 11132 14673 15289 15307 17689 18242 18561 20321 23266 23644 24770 25387 26857 28056 32108 35280 35623 37618 37673 43060 45112 54472 58895 59766 64041
164 408 1364 3083 3606 4478 4899 5811 5873 6189 6252 6631 7631 8730 13195 14264 15420 18423 20855 21425 28484 29876 31115 42233 44373 48514 48584 54738 57839 61720 65376 87410 104330
312 741 2166 3419 3752 4375 6140 6397 6422 6656 7081 9786 10375 10455 10719 12867 13402 13947 14058 19636 22994 24022 26645 30146 32342 34620 41085 41788 46605 47725 48931 64816 101870
16 515 760 969 1672 2349 2396 3847 4090 5044 5196 6234 8885 9750 12634 15154 15685 18252 18532 18670 20302 24162 24784 26109 27366 30906 32542 33258 41114 47807 58171 61080 63089
866 1437 2137 3100 3423 4574 5546 6068 6260 7951 9456 9980 11110 17011 18107 19609 20905 21048 24309 26096 27250 30756 33173 34274 38035 38788 41420 48522 61202 61927 67198 67397 82276
145 356 977 1384 3678 5264 6224 6408 7024 8481 8774 10510 10692 11054 11237 13966 14632 14726 15741 16122 16523 16826 19150 19267 20433 22533 27648 41768 45030 49520 51801 86362 96080
2043 2992 3245 4351 4798 5231 5649 6606 13144 13891 14700 14807 15619 15756 15895 16459 19178 19249 20826 23687 24013 25395 26080 26279 27741 28113 31378 45205 46713 52498 53907 63195 72889
799 1213 3301 3567 4566 4963 5204 5667 9111 9970 11977 12120 12493 13136 14430 15630 16305 17757 17884 19034 19397 20674 21035 21911 27848 28037 28137 30737 31993 48759 54001 55356 66315
73 80 194 661 1421 2397 2697 3253 4289 6069 6239 6345 6424 10175 12665 12856 13396 13697 15623 16796 17641 18659 20146 20653 21860 23225 26170 37817 40900 49860 55671 59004 126914
372 1305 1529 2510 3388 3777 6142 6178 6486 7809 7956 8030 8623 11123 11632 13239 15009 18302 18853 22596 23169 26151 29765 30225 32280 32340 37138 38619 39076 54962 58686 65109 70907
120 1132 2131 3329 4283 5053 5476 5766 6448 7982 8327 9171 12005 12951 16635 16694 16908 17060 17236 17794 20365 22143 25020 25854 27013 33042 37389 37397 39410 43516 46055 63246 66913
413 501 2428 2651 3627 5124 5637 5638 7799 8881 9099 9137 9437 9598 12327 16907 17333 17344 18149 18877 20420 23576 24111 24303 25019 25846 34024 37075 49668 53345 58455 58897 79455
1130 1464 1542 2064 2469 2700 3364 3819 4566 4612 5932 7047 8985 12476 15429 16850 18293 19456 19993 20610 21519 22448 23135 25225 26803 32212 32702 33402 34085 36533 46358 50232 87233
2050 2409 2955 3567 3643 4256 4412 4493 5150 5739 5831 7563 8753 9580 10582 13361 14273 15157 17437 17706 18789 20052 20251 24459 24908 30049 31638 32914 35045 38413 47109 63831 100244
674 2629 2803 3539 4261 6642 7045 8238 8424 10552 11393 12583 12841 13588 13698 14902 15706 17180 20396 23464 24652 24862 25817 28663 29094 35253 35956 36420 37295 49796 69401 75258 91012
