1000 16 20
5051 6232 6712 7398 10580 10787 13445 23345 25488 31267 52094 53760 55480 56066 57101 67108 78517 81391 116325 166224
1038 1955 3807 5816 7020 11330 20200 21554 22237 27992 29009 32317 32496 37986 52865 55334 66641 113844 138836 212172
3425 7653 8607 8746 11263 13262 14961 23433 23636 26298 28438 45348 53361 56576 57033 58974 71079 137094 148560 151843
1469 1572 2342 8747 9861 10532 13944 15458 15473 24435 26245 39150 40569 45216 57989 75013 86017 108867 124256 233931
841 5022 7255 7309 11034 11962 16566 18426 20658 21439 23376 31630 33582 36333 51866 73301 109023 138340 149469 165212
9950 12344 12423 14060 16836 18127 18984 19335 21348 27931 37602 48488 51777 62075 67320 68710 69693 93745 134651 157762
2248 3548 4020 4991 7165 7254 13831 19742 23250 47433 48257 48529 48880 50181 50322 54604 74466 102093 146976 156998
858 1933 2219 3744 6693 6869 10458 12245 20561 24361 30543 35004 41987 47533 72383 75548 98783 101503 126310 208242
364 2029 4254 5972 9726 18619 19175 24938 26932 27472 28812 31673 40295 46777 47313 58075 89232 103894 138443 211603
370 1752 2630 4269 5829 6004 12765 17649 18184 26258 35493 35903 37834 38765 41546 53242 59628 75676 76133 350192
766 4417 5369 8248 10462 14458 18176 21472 21730 30520 31307 38696 43216 61128 72624 94269 96649 103013 105976 141515
4263 7629 8732 8993 12904 17291 22920 26771 29955 30153 41573 44290 51405 51621 59885 69125 71385 76402 90928 199988
1935 7431 12558 15431 21474 24093 25947 27035 27264 30844 33046 38422 42021 44962 60066 81653 84025 100155 112080 138213
17 980 8272 9637 13927 14887 16901 17149 17343 20260 27574 29582 38951 52939 54759 56788 87202 154962 155588 158499
2045 3750 10118 12203 19224 24721 24984 25040 27462 32726 34639 35763 40278 48558 54423 61776 70440 104319 125443 156197
2040 2670 3152 5624 6465 8540 8722 13518 19942 21076 23364 34362 36611 37110 74925 76626 94689 100503 161369 223544
