1000 30 5
97893 98605 103542 237977 353211
21669 52747 91841 142603 506673
14301 135027 152204 229052 360419
5934 133634 155239 261347 300329
105801 151677 160691 169860 179642
57819 63330 135983 266973 292340
41574 49674 146275 254139 305923
4810 29638 122506 180316 460192
66611 109509 133317 173079 401343
7299 30818 164978 193819 471186
40169 86814 181799 196900 253156
52913 84200 189640 213623 319288
72967 95773 96762 175956 326993
13818 22523 197321 234457 287362
54095 69356 74385 97143 539226
27219 84465 89295 218778 443502
18103 59053 133758 278398 401284
106282 122045 136467 176798 239755
97875 121002 151649 211999 255580
43491 61691 134768 260597 399202
59978 69440 156137 236504 391626
89151 126629 169961 209262 224142
94775 141982 202582 212008 265763
54633 89977 174699 245254 315113
23846 98175 240869 264063 265085
20331 24450 59897 343874 384247
15657 89257 111133 269109 331908
23939 93019 144678 227072 347752
60504 64126 74808 278202 279363
54055 59395 184261 188057 383898
