1000 50 13
1879 2325 2896 16524 32029 37469 48098 65497 82753 94979 132479 162133 275821
13565 14848 19432 24295 27141 48716 49539 59665 66737 95526 102465 218028 233591
5500 7343 10494 21518 35486 39980 70885 72552 95482 100225 101581 168653 218372
484 9705 22984 30642 31484 68132 68831 76213 95704 100903 142127 150327 171151
1471 18290 25692 26337 30185 34159 51438 87554 115862 125981 133101 153219 159359
4047 23013 23653 30564 32895 50561 52382 62163 82870 83821 88153 102373 335744
17885 21707 27255 30390 32040 40020 49561 50371 53801 86171 107739 133464 296514
10953 14133 23893 24230 27207 30722 41886 49322 72370 84655 85148 109142 374669
15859 23335 28143 47757 51316 59681 67981 72662 75727 97349 120898 145831 146773
7045 25149 32476 37489 49444 49869 54138 77508 88846 89672 119848 133836 193127
1816 3537 4214 10737 16451 27499 28548 69135 89312 96592 143499 235843 243941
3473 18336 28090 33351 40223 53341 75235 94452 98420 106890 107792 134174 160901
2561 19430 26656 27824 36126 39817 76435 80493 80959 88451 91749 175010 224954
1669 20535 26197 30220 34303 43370 46424 50054 70518 77715 85945 135568 332706
2224 2356 3488 6429 18362 43496 47751 67280 70699 86604 176224 183742 250463
17023 28434 37416 37813 40965 45915 61586 68660 70446 88382 105755 151538 201974
649 17358 23024 25830 39741 53908 61407 80313 86511 99990 106037 142802 233239
12764 22820 31106 47174 55907 56068 61475 76609 85169 86219 93252 119153 208626
1173 14126 17125 23025 24211 30527 69890 76091 95800 99038 137844 160544 230897
2482 13545 23361 24035 29333 35302 51709 65291 100208 103895 129322 175816 206454
5674 12963 23895 24699 28418 36167 43178 55416 74599 87313 126447 175158 277758
5512 26101 34566 39590 43261 64197 69311 69332 75919 111466 113454 130177 179222
1646 7099 9167 14720 26843 27343 50575 63049 79026 96708 127746 183134 266242
4736 17384 25710 33293 39697 42721 61567 78759 80185 108974 130476 135452 222221
15668 18171 24365 26752 36128 50204 61615 65327 113953 126976 138500 141739 152828
6130 6524 9805 14067 27930 35621 49848 70240 80111 88945 97416 204912 256250
4083 10668 19847 21567 32258 42222 47498 54951 61328 62631 160068 208680 229928
3606 5007 13282 34319 35365 43293 55938 61632 76474 108588 115708 184630 215838
7516 13866 14702 21981 26337 32317 40758 55629 104514 134645 140131 183586 194251
15169 17019 22687 29343 46117 58844 59398 68257 102870 107473 121965 149272 158438
6264 6299 32276 32903 51826 58361 60150 61275 72398 74495 81333 208608 218935
11663 16619 20122 22726 36445 49239 78484 108957 113328 113741 115958 121416 139829
1049 5379 12154 15887 18605 28697 36066 49557 101147 121423 149687 167830 251984
466 8247 8338 8855 14364 31859 38684 77173 85287 96925 105391 137942 333476
4667 5512 10909 11674 30399 40875 45667 51357 55151 134342 145347 171892 248651
3693 14893 14970 26873 41226 50017 50505 60910 69759 114531 153590 177273 183394
1456 10554 15134 19870 40406 41359 44984 55133 101161 116942 149717 163211 188929
4394 4590 11690 15503 24214 49336 75929 93260 111316 135784 137717 140388 149040
656 3088 4774 6208 10206 27551 36003 36952 40896 45127 69879 222305 476998
2124 15683 16018 31150 32019 45784 49216 56384 66334 101024 101519 150131 312468
4035 11991 19237 38573 51886 53294 66482 69689 74590 79218 99165 124133 263930
4292 14288 18713 41252 47116 47504 49238 60049 69648 69911 115628 153047 271597
5810 15266 17669 24124 35059 36208 37057 42493 84488 90937 122396 174342 275846
2320 5565 23872 31524 44424 45578 48064 49174 74871 110624 113711 139290 261463
3042 8104 11178 29186 31302 35106 44614 51475 58279 83229 88825 153440 359099
7772 12903 21259 39050 40701 48562 62569 68335 74908 83829 99717 130980 267852
4581 5537 8636 29469 41310 42106 55519 73644 76970 95332 107739 216418 220047
1518 8867 19050 36506 40224 58698 64127 77703 86871 114262 126623 141804 188969
1125 11260 23219 41563 55030 62804 66731 75489 81223 81489 93488 176335 185040
1842 4709 11277 35363 58599 59484 61630 68754 97147 105680 134787 135332 174966
