1000 46 42
6 85 1850 2292 3020 3679 4746 4986 5514 6306 6356 9134 9660 10329 10400 11251 13403 13460 13824 15091 15930 16935 17273 18981 20282 21321 22070 25234 26038 26735 26874 27258 29864 32107 41673 45829 47708 57629 58077 67932 68424 69161
292 893 1110 1379 1750 2061 3563 3959 5353 5724 6730 7154 7197 7526 7748 7803 10056 10434 12940 13482 13631 14188 15767 17018 18342 20354 25047 25710 28020 29367 31510 35013 36421 38753 39096 39114 43959 54707 58265 61735 64016 103600
1008 1376 1858 1896 2399 3262 4021 4766 5181 5256 7572 7841 8383 9529 10485 10926 11752 12330 13007 15362 15568 15838 16247 16596 16845 16912 18810 20027 21058 21862 30286 31411 31431 31734 39571 40882 46115 47913 68788 73134 79894 91059
85 663 1048 1288 3345 4234 5291 5298 5418 5900 6237 6320 7114 8489 8869 10086 12251 13912 13938 13968 14323 15153 15971 16195 17001 18984 19915 23123 25459 26446 27962 28601 34659 36993 37178 40179 44537 54350 59867 69691 72405 124201
296 299 676 887 1268 2316 2676 2851 3223 4369 4448 5068 5233 5596 6004 7103 7441 7746 11628 15299 15975 16685 16835 17234 18473 19443 19682 20776 20980 23141 23691 24303 25289 27246 33288 34719 37136 68922 80900 85577 96788 101758
296 858 899 1125 1299 1721 3044 3243 3869 4215 4993 8394 9525 11151 11983 12774 13700 13798 16165 17236 17517 17786 17803 17868 20174 20307 20647 21377 21607 22122 23928 24299 29800 32202 35186 40871 41546 42137 71208 75968 86173 106813
210 306 571 1437 2457 4098 4181 6177 7344 8496 10083 10795 11824 12728 14162 14536 16766 17248 17300 18241 18874 19128 20089 20219 21910 22713 23506 24987 25179 25337 29064 31187 32021 33830 34112 40441 40976 49970 53629 57142 72367 72416
3 423 786 789 1305 1899 3066 3417 3598 5488 6229 6938 9274 10424 10451 10724 11541 11568 12348 14146 16764 17015 17221 17778 18172 18451 19772 20223 22309 22917 26059 26645 27457 34617 36341 39686 42802 43896 64947 72999 87762 100418
1121 1407 1530 2457 2721 4489 5318 5470 5776 6483 7975 8300 9770 10111 10785 10991 12555 13153 17961 19084 19281 20435 21206 21363 24276 24723 26681 27005 29213 29541 29787 30354 32304 34202 34269 36036 43186 44213 51728 52870 80041 81763
855 1032 1666 3325 4466 4647 4869 6985 7340 9506 9886 9897 10108 10934 11372 11564 11806 11890 11991 12157 15055 15521 15774 16923 18961 20162 21503 22479 23935 25955 26257 30061 36065 36903 37289 38602 45432 46620 46948 53672 66185 111734
1344 1476 2130 2299 2768 3102 3149 3864 6157 6606 6989 7164 7885 8299 9685 11750 12283 14401 15271 15520 15530 16328 23780 25609 26280 26883 27296 28497 35993 36060 36134 36905 40324 41328 42221 44510 45301 47462 48854 54465 58727 65975
623 990 1905 2618 3274 3486 3662 5134 5996 6093 6389 6779 8158 8239 9503 10011 11496 12279 12485 12769 13259 13663 14799 15122 16722 18062 18891 20921 21160 22001 24778 25116 30241 32168 37282 39182 46643 63389 70469 72050 74898 97947
1074 1437 1888 2621 2721 3585 3902 5021 5358 5468 5827 6142 6335 6521 6608 7629 8705 9631 9672 10430 12094 15280 17524 17537 20527 20881 22657 24480 28516 31050 32224 32761 35260 37529 39225 40475 48583 49615 59082 63041 63150 139969
250 1610 4473 5641 6086 6591 7125 8613 8729 10199 10790 11369 11595 13488 13692 14303 16251 17611 19860 20670 20843 20946 21090 24664 26505 26654 27528 27965 28271 28571 30781 31491 32265 33506 36555 38321 38760 43599 48178 48646 53349 61053
4 60 1334 3731 6334 6558 7684 8277 8363 9294 9807 10517 11148 11465 11896 12536 12562 15032 18041 18239 18715 18770 18897 21026 23424 23916 25543 26422 26686 28310 28650 29961 31038 33779 35678 42052 42384 46835 50839 52997 68236 89925
641 925 1169 1185 1726 3268 3389 3569 5925 6313 6492 6619 7146 8079 8114 9835 10829 12704 12728 14743 15038 16483 17289 22259 23433 25697 26556 27570 28360 29859 31721 32510 33487 33742 36897 46965 47977 48940 53763 57938 77090 86073
1360 1523 2581 2599 2638 4715 6052 6272 7571 7781 8174 9222 9408 11548 11701 14015 14453 15315 15544 15546 16587 17113 17506 17990 18884 20135 21092 21961 24217 24307 26376 27934 29209 29474 31150 31472 36827 39484 47073 60236 100527 140015
3969 4236 4854 5637 5864 5889 6305 6890 8314 8479 9549 9599 9675 10245 10521 11054 11744 12504 14510 14916 15083 15968 16990 17865 18095 18208 20610 22964 23863 25774 27061 28802 32143 34413 34659 38119 39320 47180 50714 62349 76799 83049
199 380 532 666 682 825 923 1634 1764 2533 2968 3185 3480 4627 4794 5846 6853 7312 8662 8752 9107 11132 11239 11455 13611 14428 16648 17118 20088 20701 29815 30055 34325 36501 40416 51812 56184 59073 71797 75895 80688 133946
1739 1919 2661 4778 5016 6679 6757 6991 7968 8592 9154 9347 10060 10431 10571 12118 14843 14915 15334 16980 19611 21158 21354 22438 22940 23409 24190 25336 26201 28031 34597 34669 35255 35421 35440 38629 44068 44921 53216 54896 63318 83767
220 644 654 1385 1475 2839 3375 3407 3461 3999 4254 5171 5498 5923 6454 9120 9148 9962 10772 11168 11396 13488 13570 14212 17379 19803 20374 22889 32277 33006 33969 36127 37686 38092 41146 47797 48990 55440 59258 66017 69849 80667
1464 1668 2152 2668 2789 3426 3839 3913 5597 5773 5854 6287 6845 7019 7502 7852 8522 9816 10136 11670 15438 15990 17892 18411 18870 20230 20550 21254 22529 22608 29751 32745 35787 35875 42383 43496 60125 63109 64911 66299 84950 93015
371 1622 1874 2462 2472 3955 4143 4510 5200 7571 8378 8767 9233 11264 11527 12526 13941 14693 15479 15543 15841 16348 16642 18361 18678 19118 19743 20436 21670 23050 25277 30415 33034 38052 38491 38680 46275 46297 59702 70411 94674 94874
968 1897 2502 4343 5259 6781 7246 7671 7812 7988 8570 9063 9987 11003 11266 12047 13415 13973 14967 15432 15546 15729 16057 16875 17913 19758 23278 23429 23776 27513 30249 30282 30632 38302 40788 43052 45255 45833 46890 53817 60969 87766
41 237 332 1122 2103 4261 6808 9111 9581 10821 11108 13472 13924 14006 14121 14313 14979 16226 16389 16793 17564 18937 19190 19505 20584 21283 23509 23689 24122 27722 30557 31415 32025 32458 36319 37624 40227 51770 54005 55740 62727 76880
902 1131 3625 5009 5139 5190 5327 6901 7330 7546 7911 8824 9103 9304 9904 11582 11767 11995 15267 16041 16102 17472 20158 21918 25548 25565 25618 26186 29028 31630 32132 32178 32801 40391 41758 42347 42516 43494 43514 47191 71699 76369
1667 3497 3786 4313 4355 4443 5268 5557 5946 6044 7859 8202 8621 9243 10097 10352 10626 11076 12064 14563 14735 15627 17161 18078 21365 21514 25832 25917 26218 27952 28131 29476 38000 42208 43457 44328 44754 44873 46481 47252 62864 81820
104 641 1761 2392 2450 2751 2790 3409 3611 3765 6359 6651 6860 7113 7356 8519 9012 9360 10977 12314 12617 14239 15105 15370 15382 23061 29250 29331 29816 32893 33046 34555 38409 41220 43726 44294 48763 49846 57580 74436 75739 93220
208 659 2105 2271 2677 4011 4755 5457 6756 7654 8316 9852 11327 11540 15038 16092 16256 17074 17554 17583 17909 19243 19441 19901 24922 24988 25575 25864 27586 27974 30266 30620 33969 34687 36626 41888 42256 46780 47351 47393 47431 79386
416 1254 1788 2368 2597 3933 4376 4714 5158 5341 5473 6152 6337 7246 7420 7776 8956 9208 10967 11533 11710 15728 15787 16865 18242 19530 19908 20493 20775 25177 28189 29678 34799 38787 45870 49853 50171 58045 58674 62197 94981 115871
218 2630 3160 4583 5283 5293 5609 6215 6860 7262 7752 8849 8882 10917 11004 11328 12654 13897 14042 14234 20033 21168 21549 22708 23209 24095 24701 25073 27244 27681 29470 31133 31525 33666 38897 39629 41792 46044 50530 58962 71544 79252
899 1202 2158 2583 2898 3160 4268 4860 4943 5763 6182 6202 6569 7163 7431 7624 10162 11064 11224 14372 15749 16758 19569 19629 20181 20781 21398 21548 21612 23504 28708 28995 32388 37151 37996 49721 49942 50164 50386 57040 70863 100027
271 417 1316 1465 1651 1982 2016 2612 3637 4460 4520 5072 5223 5322 6540 7543 7560 8643 8697 9231 9390 9398 9930 10480 20368 22257 26891 27744 29477 29615 30955 33330 33425 34553 41143 41686 47902 51060 51929 56942 57701 178910
40 46 223 348 1655 2669 3818 3926 4936 4970 4990 5418 7262 8050 9087 9237 10658 10944 11391 12940 14681 15065 15196 15599 15980 18729 19379 20900 23897 31830 32942 33046 38290 38869 40083 44938 50350 58277 61839 64070 66435 132596
54 369 1342 2582 2740 2870 4155 4548 4859 4875 7604 7679 7710 9827 9843 10136 11203 13580 14012 15221 17201 17396 18101 18535 19129 21091 24378 27351 29045 30616 31361 31486 33711 38195 39722 42338 46384 54282 56692 59028 63899 77178
394 1001 1329 1761 2277 2311 3867 3970 5127 5558 5638 7987 8011 8484 12177 12863 13368 14360 14630 15247 15982 15995 17950 17979 19549 19559 22015 22401 23734 24881 25420 27443 34225 36899 37268 39417 40115 40937 54123 67445 73739 100255
124 1199 3117 3864 4283 4317 4547 6378 6390 6910 6939 7934 8321 10071 10165 11892 12250 15940 15958 16666 16783 18248 19739 19771 19907 21204 21843 22298 23532 25211 31297 31620 37201 41019 41067 41082 41349 42915 46560 65108 65140 112479
235 2146 3841 4368 4550 4813 4907 4982 6278 7055 7601 7890 8116 8149 10405 10407 10924 11123 11273 14757 15836 17516 18319 23837 25078 25276 30082 30946 33479 33920 35286 36593 37300 37380 37595 40841 42229 45224 54452 55396 64166 68306
29 91 707 1315 1484 1590 1642 1764 3574 3871 4015 4220 4624 5141 6508 6560 6595 6843 9893 10374 12719 14779 15483 17411 17787 18202 22705 24883 25247 25593 26550 27039 28427 30799 37991 38213 39962 53613 55860 95506 101459 146028
244 263 884 1655 1835 2308 2713 3409 3932 4257 4262 5029 6443 6876 7114 7779 10054 10239 11705 12506 14104 15521 17601 18219 19469 20922 21845 24131 24145 28264 28976 32651 33372 38825 42570 47733 53759 55645 60746 73493 82595 104845
21 677 1084 2415 2501 4297 4448 4804 4987 5911 6920 7579 8413 8429 9600 9742 10535 11584 12541 14684 14777 15513 16934 17202 17805 18202 20883 23239 25597 25629 25734 30532 30839 33455 33675 41727 55751 55890 58989 59864 59945 108024
231 552 1759 2303 2422 2548 2631 3039 4297 5049 7016 9685 9797 9884 10166 13926 14655 14779 15068 15912 16121 19091 20264 20333 21317 21372 21579 22170 23549 25602 26897 27773 28924 29721 31615 45310 49686 59224 68187 72269 80467 85634
319 692 2036 2570 3202 4494 6042 6091 7604 7785 8513 8861 9730 9961 10180 10651 12547 13009 16532 16930 17629 17694 20170 21194 22307 23868 24331 25762 26749 27231 28410 29427 30254 33193 34824 37612 42176 44166 57924 70809 70848 79176
358 370 1156 1298 1372 1480 3189 4483 5200 5704 8185 8496 9359 10195 10909 10963 11441 12549 13342 14176 16168 16254 16970 18088 20584 21927 22301 24140 25819 26154 26387 27085 27415 35971 36580 36645 41139 42510 45740 51811 69592 151874
25 1179 1507 1621 2935 3268 3974 4763 6319 6799 7086 8012 8183 9656 9909 9999 10187 10538 11065 13240 13507 13828 15054 19897 22735 24448 25642 25916 26284 31325 31834 32814 35476 43261 44167 45930 48148 49423 51394 60183 72122 75433
121 845 1512 1586 2244 2871 4869 5577 5595 5598 7689 9807 10652 10986 11933 12520 13193 13309 13368 13537 13814 14211 14508 17230 17461 18545 19512 19924 20162 20912 21255 21931 22053 31871 41499 46889 51773 52828 62796 78561 89996 90874
