1000 49 49
522 870 951 1517 2028 2361 2429 3637 3910 4036 4485 4719 4899 6454 7141 7538 7579 8367 8803 9017 9141 9909 10140 10188 12458 13365 14108 14166 14193 16489 16583 16859 17029 20733 20942 21190 21269 22016 23103 23190 28986 35045 35851 37257 43222 71900 73551 76996 88005
183 827 1020 1499 1709 2065 2367 2388 2806 3040 3753 5968 6569 6996 7062 7274 8155 8299 8946 8955 9278 10979 11856 11954 12140 12581 13772 13925 14768 17009 17077 17562 18396 18794 19962 21806 24289 24406 28988 31214 32908 32931 34186 34751 35565 36430 41117 51928 84889
673 987 1486 2092 2216 2712 2860 3022 3294 3613 3817 4712 5755 6070 6377 6878 7199 7390 8426 10797 10802 11050 11859 12475 12561 15164 16159 17112 17608 19136 19588 22032 23099 23162 23332 23529 23657 24668 25159 25970 26269 30278 33776 34349 36510 40845 43685 51384 57883
255 260 604 928 1033 1578 1929 2472 3703 4073 4114 4327 4394 4396 4424 5773 6142 6499 7202 7669 9206 10133 10367 10942 12625 12729 13847 15498 15820 16765 17454 19528 20539 20810 21485 22335 23807 25578 27042 32614 36291 38370 39001 39189 39969 48065 61194 64842 124639
914 1052 1088 1192 1240 1427 1887 2242 2411 3282 3393 3501 4889 5302 6142 6514 6584 7521 8611 9201 9206 10128 10938 11179 11689 13228 13574 14081 15139 15546 16082 16204 18301 24392 24904 25683 25859 26219 26579 29737 30671 31704 35918 38143 53267 56886 58739 59868 99416
334 829 2483 2891 2957 3099 3814 4577 5042 5173 5254 5635 5689 6773 6818 7608 8628 8816 9591 10836 10997 11372 11838 12448 13660 15680 16489 17171 17993 19372 19670 21657 21798 22660 25207 25500 27460 27949 29932 30534 30985 32875 34407 35576 37985 47587 57361 61504 70652
151 358 714 1521 1611 1757 2041 2567 3394 4257 4391 5032 5058 5190 5618 5627 6464 6807 7351 8489 10359 11070 11160 12085 12779 12886 14082 15778 17657 18604 18865 20853 22845 23745 26466 27351 28675 28910 30101 30460 30910 38040 40016 45347 48540 57187 60380 60487 61272
382 1035 1856 1885 2185 3023 3734 3865 4829 4978 5165 5434 5572 5851 5978 6364 6525 6545 6663 7919 8065 8700 10367 10805 10907 11209 12515 14567 15848 16131 16223 16573 17158 17932 19498 19715 23130 23387 24009 24900 26028 36232 40087 46771 46820 47220 50565 54919 65660
263 1567 1779 2979 3418 3945 4008 4819 5136 5859 6119 6721 7113 7222 7488 7620 8192 8422 8898 9604 9694 10208 10310 10626 11004 11357 12742 13359 13891 14252 15859 16446 16997 17200 17975 18582 20818 24205 27433 27981 29691 36531 40759 45212 45420 48466 48601 55074 68279
183 602 841 1111 1307 1880 2016 2946 3273 3667 4328 4395 4991 5025 5185 6008 6257 6889 7807 7817 8023 8410 10398 10688 12473 13612 15107 15250 15333 17093 17994 22397 23303 23523 23804 24882 26000 31618 37577 38136 38791 39094 39242 44208 46111 48149 51763 57707 70796
344 419 513 681 1544 1627 3023 4687 5040 5431 5720 5901 6340 6487 7572 8628 9335 9568 9893 10151 10314 10424 10471 10497 10728 10874 11023 11112 11202 13067 13445 14149 16868 17100 18120 19865 24057 24566 25713 26971 28723 29370 40879 40886 41624 45708 48486 81302 102161
253 749 821 1220 2229 2383 2572 2595 3706 3764 3832 4027 4561 5735 5867 6652 7330 7758 8454 9306 9690 11815 13282 14300 14464 14917 16273 16330 17315 18400 19643 20175 20735 20821 21270 21443 22253 22712 22829 26463 29160 30743 33961 37403 39661 39673 49366 74711 75229
116 1924 1986 2115 2128 2192 2388 2591 2855 3516 3630 4202 4292 4603 5475 6195 6274 7943 8120 8457 9635 12094 12181 12242 13007 13594 14826 15250 16713 17747 17817 18112 18130 18639 19266 22749 23714 24776 25015 27166 31539 35210 37384 37491 41372 47289 50572 76074 79380
48 252 546 1036 1233 1503 1613 1650 2064 2483 2830 3203 5961 6343 7292 8004 8019 8363 8873 9770 9909 11082 11724 11733 12382 12919 13337 13834 16002 17931 18966 21128 21363 21689 21914 23007 25253 27955 28125 28853 30961 32621 33298 34288 36510 39415 45230 65586 81305
1095 1124 1250 1282 2035 2277 2488 3210 3666 4416 4820 5213 5562 5791 6972 7472 7605 7725 9008 9559 10181 10364 11176 11304 11596 11783 12251 12343 12939 15682 17361 17408 18548 23792 24638 25232 26511 28119 29150 30551 30635 31043 31425 46943 48158 48899 50472 56076 64272
10 516 1822 1876 2411 3199 3463 3465 3750 4129 4131 4329 4642 5342 5518 5975 6395 6487 8109 8756 10578 10689 12302 12500 13171 14102 14363 14684 15352 15683 17086 17509 18182 18574 22723 26636 27182 27904 28056 28774 29220 29253 29421 32047 39573 39927 40241 57245 63401
366 825 882 1017 1242 1286 1701 1958 2128 2292 2458 2787 2869 3372 4266 4943 5075 7310 8392 8773 9061 9385 9972 10069 10130 12903 13696 13785 13792 14357 15206 18896 20628 20691 23763 25703 26322 27308 29112 29220 31931 34335 39501 43671 49792 55560 72467 78653 96174
233 268 756 813 1112 1824 2125 2402 3002 3542 3757 4488 4916 5150 5344 5365 6156 6554 6606 7181 7318 8610 9278 9411 9827 10004 10231 11383 12157 13623 14126 14924 16383 18036 18933 21104 24296 25375 26749 32849 32879 38037 42973 55549 56655 58473 59040 86994 103325
453 767 1522 2323 2398 2610 3213 3731 4611 4754 4779 6237 7203 8732 9830 9917 9925 10571 11237 11501 11863 13141 13187 13887 13890 13920 15074 15735 15916 15969 16254 16425 18274 18682 19247 19414 24784 26371 27100 29188 29354 29559 31375 31638 32086 44254 55019 56977 60089
963 1143 2173 2865 2970 3056 3518 4250 4781 5811 5836 5858 6617 6720 6840 7374 7833 9007 9408 9664 10343 11289 11533 13138 13223 13597 13661 14199 14994 17800 18025 18295 18672 18689 20872 20987 21023 25519 26439 32058 32992 33429 35223 41884 46536 51638 55690 65748 68983
478 980 1365 2984 3287 3335 3339 3542 4011 4708 5451 5966 6021 6503 7460 8401 10706 11387 11431 11514 12365 12474 12570 12939 13204 13216 14135 15074 16163 16920 18272 20646 20690 21456 22384 22468 22634 25207 25357 27244 27729 28750 30024 32255 49509 56577 65650 68277 70406
897 2325 2548 2615 2937 3208 3884 4660 4927 4998 5457 5880 5934 6177 6217 6302 6466 6808 6936 7326 8240 8344 9169 9905 10014 10247 12421 13792 16112 16113 16495 17954 18874 19318 21999 22244 23241 23743 24572 26410 26732 28247 31288 34787 49112 51191 56938 65464 66026
202 477 915 1570 1841 2552 2896 4116 4155 4470 5508 5798 5898 6489 7078 7148 7511 7701 8387 9551 9783 11274 12028 12168 12733 13089 13136 13369 13393 13419 16333 16623 17327 20334 21029 23678 23889 27671 28719 29960 31925 32013 36695 44691 44845 59859 60160 66799 77934
350 764 919 1199 1235 1772 1998 3365 3435 3627 3865 4343 4681 4729 4939 5222 5911 7308 7773 8365 8597 9435 10252 10399 10835 12663 14205 14381 16383 19072 19642 19821 19955 21032 21566 24175 24977 25613 26624 26742 29730 34880 37581 38942 39836 50464 53060 64948 64998
970 1381 2246 2480 2622 2740 2758 2770 2917 2991 4090 4420 4543 5347 6055 7330 7645 8070 8757 8848 10107 11125 11444 12388 12712 13019 13714 13954 15216 16635 16708 17490 19423 19780 21831 22152 22606 22894 26160 27785 28088 28867 31401 32271 34635 41935 49602 63141 83049
163 324 416 740 1026 1384 1881 1897 2541 2816 3364 4336 5462 6177 7621 7759 7990 8145 8912 9287 9294 11586 12431 12850 13165 13378 14128 15126 15990 17117 18872 19415 19842 21776 22583 22672 23021 30765 31227 31773 31870 32743 36263 36451 49091 49596 59187 64815 72192
32 102 1032 2326 2385 2524 3131 3185 3202 4576 4709 5209 5332 5735 6781 7568 8342 9152 10054 10055 10159 11512 11693 12402 12808 13397 13737 13824 14334 14535 15398 16895 17102 17875 20385 20649 21466 22487 23012 27597 28171 30711 30989 32520 39053 44569 65850 71172 92363
349 761 901 930 1037 1177 1581 1902 2167 2481 2797 3426 3605 3824 3903 4044 4101 4438 5897 6076 6716 8897 9517 10339 11433 11800 13176 13643 13752 14893 16527 19739 19801 20663 23874 26959 27236 27244 30661 32251 38833 40851 45535 46558 47171 57951 58404 67357 70417
567 734 1529 1832 1896 2249 3165 3573 3814 4858 5493 5724 6135 6438 6745 7242 7351 7855 8738 9200 9759 10684 12041 12616 12692 14820 15388 15397 17663 18625 19096 22220 23068 23100 24077 24137 26016 26435 28305 28675 31878 38511 40360 43966 47047 56731 59079 63558 65327
297 349 506 1198 1622 1790 2636 2891 3129 3170 3512 4035 5064 5386 5594 6060 6643 7183 7684 7838 7934 8302 8649 9081 10003 10819 13101 13586 14024 14371 14959 16400 16926 20936 23558 24604 25198 28489 29357 29852 30975 35134 37844 41998 47791 47827 52356 55539 60605
96 956 1499 1599 1674 2281 2778 2974 3401 3761 3768 3884 3980 4422 6920 7297 7592 8517 8930 9647 10615 10637 13320 13983 14032 14484 14983 15826 16681 16854 19304 19455 20654 21595 21652 22997 23751 24569 32415 32715 33198 34943 35325 39395 40860 41927 58414 62685 64637
8 695 1175 1220 1261 1633 1677 2538 4031 4504 4540 5551 6422 6427 7140 7661 9099 9951 10533 11593 11675 12247 12468 13102 13227 13543 13971 14043 14522 14568 14953 15124 16804 17068 17701 20624 23815 28379 29075 29503 30773 32772 33445 37708 42650 43173 48497 49295 49554
1053 1571 2110 2113 3113 3311 3313 3574 3951 4116 4237 4806 5001 5394 5582 5616 7414 7910 7990 8098 8481 10859 10906 11230 11930 12223 12353 13971 14364 16471 16604 16888 19670 20138 20539 22115 23526 24664 24810 27417 28536 31639 31981 32488 36772 40738 42750 77871 97022
1034 1179 1344 1437 1612 2852 3006 3254 3874 4118 4411 5200 5956 6237 6729 6844 7332 7773 8714 9794 10457 10546 11298 11760 11888 12156 13074 13308 13816 14420 14421 16260 19615 20401 21398 21650 27608 28527 29430 32155 32649 33914 35224 37135 37994 41439 46891 50566 111859
576 1023 1467 2081 2105 2275 2477 3095 3306 4258 4278 5164 6136 6625 6747 7515 7555 8518 8537 8921 9361 10108 11079 11872 12696 13218 13567 13650 14444 15635 16212 17001 17710 18006 18019 18968 21339 24422 26301 27212 27517 33313 39184 48714 49779 55644 67386 74419 111163
554 1147 1471 1843 2783 2907 3208 3363 3599 4428 4703 5583 6066 6610 7337 7751 10081 10606 10783 11133 11303 11957 12982 13310 13412 13914 14007 15511 16716 18970 19289 19567 21204 23620 24367 24447 24596 27173 28151 28270 35392 35440 39814 43315 44244 51521 52465 60226 61024
633 1144 1266 1369 1660 1798 2493 2689 2937 2938 2981 3350 4078 4130 4420 5547 7720 7861 8368 8652 9033 9418 10648 12355 13169 13614 16062 16608 17243 17610 18881 19313 21568 21873 23646 25581 27311 28265 29574 30189 34472 36475 38035 41319 43809 46444 46721 46781 55803
27 340 728 918 1474 1736 1779 3219 3530 3959 4494 4886 6029 6352 6631 7247 8196 9222 9373 11030 11672 12461 12748 13106 13746 14564 15069 16262 16477 16800 17167 21364 22364 22557 23908 23999 24612 25247 26345 26564 29466 30128 32688 36331 45839 50028 51171 52593 62720
63 723 1049 1338 1674 1934 2478 2496 2629 3084 3167 3516 4018 4288 4310 6279 6699 7754 7909 8723 9389 10609 11010 11855 13791 14294 14686 15190 16984 18713 19160 19237 19379 20113 20281 21103 21234 22502 23725 24606 29121 29734 30642 35708 36196 39886 47070 55291 80066
150 211 390 684 987 1103 1683 1708 1733 1980 2096 3332 3455 3534 3679 4219 4360 5036 5290 5583 6547 7866 7952 9199 9312 10145 10410 10752 14265 16885 17828 19642 20389 22307 22916 23452 24059 28099 28841 32370 33928 34286 41214 41811 42555 50339 66384 81353 103983
814 1018 1740 2302 2404 4078 5045 5098 5101 5636 6716 6757 7271 7359 7834 8692 8769 10394 10849 11461 11469 12207 13010 13317 13718 13939 15990 16119 16165 16788 17231 17996 19043 19953 20911 21371 24333 26342 27506 27781 28702 33630 34167 37936 44633 44969 58399 60073 62841
208 839 1672 2054 2340 2867 2927 2982 3710 3800 3822 4687 5134 5389 6747 7357 7474 8207 8967 9078 9463 10049 10698 11484 12321 12776 13337 14953 14984 15921 17024 17532 17740 18899 21256 21413 23089 26770 27268 30779 32178 35180 42304 44310 45564 45564 46704 56626 58146
1198 1318 1355 1464 1654 1693 2117 2622 3113 3117 4092 4234 4698 4979 5401 5676 5677 6159 6316 6910 7047 7573 7960 8449 9011 9348 9617 9922 10728 11245 12055 12891 14112 14998 18138 19688 20072 24102 28593 37365 37673 37866 48555 49769 51395 55096 58920 59327 105864
19 1088 1779 2353 2683 4646 4983 6016 6213 6560 6706 6759 7152 7156 8779 9499 9786 9994 10184 10642 11203 11305 11445 11467 13036 13102 13454 14973 15033 15882 16164 16225 16229 16383 17086 18622 22880 22916 22942 23457 23997 26405 30755 36550 40871 46834 51428 63711 113628
117 437 835 1186 1260 2202 2243 2477 2524 2900 3012 3171 3211 3742 3785 4866 4903 5636 6100 7072 8056 8872 9301 11122 12189 13133 15424 15696 16132 19366 19430 21395 21568 21578 23698 25991 26750 28004 29999 33452 40280 40376 40439 42477 42805 53349 58028 63096 65602
39 729 1044 2647 3050 3904 4085 4135 4409 4440 4718 5674 6029 6244 7216 8005 10966 11649 12821 12871 12898 12997 13198 13242 14046 14221 15800 16755 17843 19367 19655 19693 20657 21282 21511 24010 26634 27698 28333 33181 35404 36635 36956 38156 44405 46724 48491 55600 74397
366 697 976 979 1490 1523 1608 2060 2088 2668 4016 4399 4480 4507 4534 4728 6335 6696 6972 6978 7337 7705 8475 11123 11383 12627 13519 14109 14323 15652 15922 16873 17477 20701 20828 23166 24437 25071 25151 27470 30608 35189 43057 43980 46850 53593 56648 66436 86878
435 476 834 889 1478 1937 2178 2342 3648 4115 4374 4451 4512 4688 5601 5877 5934 6634 6968 8526 9205 10311 10348 10508 10594 14230 14575 16050 17189 17440 17528 18021 18563 21001 23121 23388 24587 24597 25582 26216 27555 32418 34474 45087 55496 58594 62544 66143 68124
99 292 614 649 1171 1698 3149 3821 4223 5423 5531 5966 6645 7903 7915 9788 10845 11286 11313 12605 13912 13977 14452 14628 14733 15739 17497 18061 18338 19184 20767 21455 22435 22732 23834 23923 24173 24182 24662 27186 28145 28872 30350 33308 34129 36565 38423 50985 99365
