1000 38 25
2066 2284 2964 3094 3313 3917 4139 6865 8433 10626 12251 14301 21276 21331 26347 31847 32524 32800 35506 35554 38028 51405 58876 71655 230194
5378 6364 6583 6980 9708 10278 10404 12794 20254 21633 22131 22572 23634 24802 26629 26692 31596 38326 38558 41393 42070 55228 55409 60282 158001
286 6820 8581 9917 11734 16981 18361 19365 19825 20402 25403 26295 29527 29971 32980 34030 39721 45603 46553 48648 54046 54822 55469 57311 154363
2872 3235 5695 5793 6337 7209 8459 8466 10769 13320 14800 15585 18016 20104 22171 24275 25294 34336 38913 46041 52138 55450 65841 90021 169391
1013 3489 4449 4605 5684 9077 9614 10266 10372 15870 16966 23479 30463 38385 41115 41235 45670 46127 55384 59219 66778 70290 77448 91288 110777
2924 5791 6867 6922 8468 8988 9952 12769 13154 13246 17820 21183 22180 22254 23986 26176 27481 39135 50353 58889 76401 77922 83359 92309 111352
1828 5266 5284 5912 10796 13055 13524 13529 22720 23047 23425 24217 25305 25528 30992 33234 36741 41056 49031 49474 54857 55122 66017 138585 149906
4009 5872 11099 12001 14338 14363 20480 22289 22604 24208 24536 26671 27584 29118 34990 38775 41949 46336 47091 50801 52801 53820 57610 61890 62028
143 442 3312 7049 8211 8414 9399 11329 13541 18328 20284 22827 30474 35540 38562 38784 39407 40508 45671 51439 58639 59330 67529 83511 100456
1692 2617 3035 4831 7765 9636 15790 16182 16215 17748 21927 25367 25745 32010 34151 38787 39521 39732 40604 40917 50722 73390 90224 101165 111282
38 2122 2973 3391 8814 8921 10287 16136 16939 17469 19200 19379 20040 22607 26890 30595 32449 33125 41388 58095 58971 67580 102734 106566 155225
1922 2268 2558 3666 3698 3750 5853 6927 7660 9463 9797 14388 16401 19976 23720 25387 30337 35097 38459 40794 74497 77200 94045 101086 128931
76 1131 2537 3651 4050 4297 9574 16185 17857 19508 20087 20612 22633 24545 25749 30090 32382 34099 43456 48754 52045 75431 99546 109062 124865
733 1913 2940 3634 4059 7494 7961 10411 12496 14143 20047 20636 26211 26296 28334 31742 32063 35120 36771 41534 50055 65325 92092 102741 134677
900 1176 9670 12173 12531 12786 15161 16086 16230 16346 16738 19640 23419 25080 30089 36539 42142 46583 48846 51981 58479 61478 66964 72169 140545
1454 2368 6026 6193 6313 9447 10363 15339 16173 20326 21694 22181 24386 28522 30431 38015 40142 48005 54204 57062 60753 74222 76761 84512 86544
241 553 1298 2493 2821 6835 8862 10903 11116 14245 18790 20026 24303 25356 25784 26543 29543 31831 34008 34891 39292 41366 83962 106435 205055
1789 3195 3311 3627 5099 6171 6635 11244 15085 18264 19304 19917 26588 31837 32018 37553 38102 40749 45186 48196 54202 55656 72013 135592 152256
1374 3001 9018 10546 10778 11362 11581 19878 20077 21624 22169 22925 24443 24605 26928 31157 31420 32692 36377 40299 44451 45674 79646 81404 103190
1256 1322 2054 2086 5143 6625 7219 10596 11167 14027 15324 17239 24402 27122 28117 30020 30815 34294 36000 41037 42593 54574 90661 125263 143092
658 3610 7100 7533 7579 10886 12280 12502 18860 21983 27293 34576 36202 36681 36729 37806 38588 39106 49198 60072 60322 60323 77663 79253 107336
288 4405 7015 8268 11842 12075 12851 12865 17718 18133 18747 23154 25065 27252 36935 37428 42051 43531 46048 59738 65426 77667 89706 94900 106672
234 925 1254 2025 2377 4344 7427 10181 10301 16852 17063 20963 21693 24804 29511 32606 40619 42651 44988 52517 55555 59758 88997 91050 91278
3835 4260 5635 7131 9210 10147 10694 11720 13202 13418 17438 25628 28508 31532 36060 36280 37114 40392 41212 45931 53690 66414 85816 107356 152201
2046 4572 5095 5543 6579 7244 9955 10619 10726 13405 14589 15411 17602 19075 23239 28289 28406 29306 35825 48008 52616 78851 81072 173311 194392
3616 5684 5735 7535 7744 8390 13795 13994 14665 15441 15557 16635 21141 24000 25362 27830 32412 47370 47574 58137 58323 59335 83849 95271 172455
3106 5547 5824 6839 8452 12905 14894 15769 15800 17191 17344 17783 21416 21987 31425 34554 35733 38888 40536 42401 49093 62581 74272 108665 130968
102 508 5565 5911 6201 8389 8434 10305 12861 19739 20108 22382 24271 25861 26069 26286 32133 32215 37640 43580 49934 87756 96360 133406 182027
78 385 828 1118 4494 5108 5710 6920 7150 9199 11254 13911 24248 25701 31041 34040 44047 45737 47539 61776 65222 82363 83619 86384 183152
2200 6612 6615 6974 7810 8538 10466 14157 14856 15942 18183 18517 19762 20948 23606 26405 27967 28810 34493 35182 68225 81510 82526 86667 101946
552 2011 6552 9574 9677 10729 15810 16586 18383 18963 24926 25323 26354 26996 31021 33216 34381 37077 38679 57495 59410 65818 79217 105290 127009
552 1140 3845 3863 6045 8041 8607 9919 12010 16202 18605 19368 22916 25069 27277 27793 32316 32990 37404 42312 56111 61000 80536 112039 131333
294 639 3115 3673 3800 4790 6789 8004 11375 13506 15986 22564 23092 25340 25985 32765 33618 38270 38933 56276 61216 65529 74738 105800 174709
837 2339 2799 3306 6820 9370 11485 11780 16785 19853 21186 23500 27707 29566 32044 37899 43780 46784 52229 53902 59601 68192 68624 82332 99120
2871 3160 5386 6379 6712 8584 9480 10491 13372 16344 17193 18541 19713 22929 25119 30336 31442 33257 39164 56564 59226 59986 78736 80321 105082
766 1689 2256 5353 6280 7528 8013 9473 11405 15177 21917 23770 28801 34710 36696 41686 42804 44374 46342 47496 48613 51627 67788 114959 149376
2377 4832 7897 8660 9276 10102 13348 14435 15063 15593 17158 17915 25789 27775 30640 41312 44668 46737 48132 55359 60603 70471 83013 89517 92750
5923 6006 8435 8981 9276 9769 10124 10303 12634 17303 18167 19049 23259 29693 29903 30906 38666 43672 44020 46287 47696 55223 73709 77706 131437
