1000 16 17
4998 5957 8227 12115 18177 22848 32252 49335 55850 74275 75928 85160 94102 100060 106293 116676 135352
1481 3595 5578 7365 32239 32669 35900 36401 57690 66390 72431 86850 88838 89294 101512 138262 140769
5667 5805 13738 16892 18535 23061 24441 25411 28459 38241 41074 45170 45293 128389 152024 154364 229917
409 11142 12041 15491 17154 18378 18530 20525 33929 46526 50978 63164 68148 81117 149660 194270 194958
1118 3865 5624 13931 17657 19322 22441 33053 40831 61863 65496 70224 80496 88916 116321 161236 195115
2468 2650 8191 11006 15252 16323 17373 24230 25134 36992 42152 98607 105640 124756 139597 153861 171223
10749 13955 22034 25455 26205 32821 33799 36525 39846 40196 47514 55824 57640 59903 99092 146414 248244
4487 5782 5832 13975 14807 28295 38220 44157 46010 46094 61167 66901 83970 97103 107267 136485 197678
4502 11005 16712 18533 18850 24693 38804 39764 45776 50305 60469 69422 76871 92485 96969 99264 232764
1549 2777 16777 28031 30740 34875 35035 37232 40607 52349 54463 63462 101434 117603 121464 128400 130878
577 1142 3393 14497 16037 22337 31323 38460 39869 45311 50986 53062 64862 105879 112038 174878 220739
2726 7662 18348 30051 37765 38675 38823 46900 50762 51171 53006 54636 76067 80069 102820 126664 182097
8416 8738 20965 21164 21762 28190 30667 45494 46272 49543 52775 76673 78073 92398 93570 157343 165124
2434 9484 14559 14802 18448 20232 23426 29509 31271 37641 43848 54929 64210 126247 140300 168121 196263
6443 9772 12736 19081 21925 23951 25853 25940 32329 68438 78097 88175 91492 95290 103872 143245 149940
12694 17244 18755 19317 19869 25318 27810 30007 31935 53191 56343 63904 108652 115416 116012 134468 144758
