1000 41 8
2980 11051 24838 84816 106980 179161 217423 319361
13375 39798 48494 60288 105856 138955 259983 273199
17524 24983 64957 90230 114708 146839 168078 294987
1786 3488 7868 39268 74708 91582 178527 531765
11565 12226 86651 97792 114015 119136 119329 377404
5768 44939 80618 80834 107962 138936 153953 339113
30483 64007 75613 78269 79398 81047 263271 269494
21641 23296 56609 81898 92445 110912 211605 353252
4874 43765 51010 57361 77249 170745 200824 325343
14698 31008 53595 58548 124153 151572 230542 293535
830 16581 36685 56033 74653 149736 278773 316110
18354 21162 26184 117793 146545 178634 191268 252517
9384 15661 37044 135301 137232 143579 214582 258628
12676 19312 48291 57037 64107 86022 167587 511732
39906 42383 67341 87107 111418 112369 148957 339890
26 2720 13092 41300 75332 189395 265218 341929
11657 13396 58640 111011 111846 149607 166299 308611
59075 65151 86368 91593 92547 118388 213937 225591
44030 61219 98793 113074 135559 159084 160562 174048
1614 32046 58956 72584 142624 169074 170183 311489
10203 15780 19929 77050 86532 105901 213097 389402
21485 24610 25583 51182 90134 174037 222187 327879
5482 20126 20938 25350 53599 54688 108153 683798
12677 12993 41739 88655 144555 149424 229219 245299
17254 42163 47478 65749 81782 82177 136636 447821
8080 37147 39420 105523 120154 146200 182422 291337
11496 27154 35250 36375 73782 116750 141071 489551
1595 44159 47337 69582 114552 152404 245188 247879
24321 36111 100549 104590 104616 129974 173103 262184
5885 20470 45484 67845 118888 133348 135478 425624
13598 54216 74244 98770 133938 151038 196830 205513
21036 57045 70203 92118 105240 116407 187483 268476
1665 43362 61348 78525 90376 107168 278862 287548
17340 22437 49132 75673 103497 105476 196526 360149
16718 20027 38587 41922 62877 134156 210729 433190
22764 23210 66204 140708 147249 160078 182610 225208
34655 35083 35501 111418 154117 170383 202891 226019
37157 42724 73696 83810 108383 123889 203748 251059
18622 66218 86336 90073 99858 152874 153823 266013
37238 47992 85519 130263 150940 168229 169693 176719
7201 20026 23911 58270 128364 152989 239665 298206
