1000 15 15
10093 12977 13011 21896 27896 36554 45265 50105 56186 63173 68046 80038 101081 139214 150696
2612 2957 3732 4971 18080 21543 27211 37762 51115 55001 79063 79528 99459 130069 141126
3183 5244 7234 9414 20131 22139 22766 33101 39381 60761 64545 80972 82747 110085 294460
3055 11687 11899 16273 21383 26094 30051 33651 41905 52004 67938 77075 130302 144802 160119
2877 20861 24610 25012 29449 33671 40588 50142 53835 57965 73701 76981 83018 94147 119062
2232 2800 10197 16439 17475 18584 26020 46487 51390 64139 75074 86428 89816 94993 99082
4438 7753 9742 16777 21935 25095 32802 36287 57465 61799 65440 67874 71313 71332 219360
190 24624 30630 31255 32071 35165 42164 58997 61518 63215 63989 81201 88562 121338 135035
2681 9560 14497 24991 33038 33811 37383 48095 50041 52095 56187 65939 87475 109461 207486
3965 4320 7158 16610 20918 26162 35865 46476 48639 50778 55320 55627 81349 110263 121196
8411 8917 13574 16504 17231 20199 38613 42878 43203 45451 60012 91988 123596 136064 137777
234 1367 4376 17013 17645 25880 28480 40440 41820 44531 54954 69335 95108 104412 139209
3284 4657 6541 7411 11241 12618 23049 36008 59838 62681 115440 118058 119604 135033 139177
459 2199 5630 19957 25342 27088 28854 41841 43382 46156 55257 60729 93178 94869 235352
6396 12951 14316 17044 18304 40365 50213 51793 58653 61151 79035 89232 89984 90570 170839
