1000 46 50
2 50 478 646 795 801 997 2286 2653 3189 3875 4265 4499 4863 5217 6393 6753 6982 7596 7638 7924 8367 8856 9472 9738 9883 12286 12867 12979 14382 15211 16114 16617 17029 17069 17548 25708 27231 28336 29504 33777 35213 37657 39183 41298 44345 47633 54015 56054 70969
1805 2346 2397 2627 3347 3539 3730 3780 4055 4514 4759 4854 5626 6606 7019 8286 8473 8693 8705 9728 9923 10372 10667 12753 13240 13360 14160 14252 15201 15314 17055 18960 21254 24020 26250 27274 28576 29243 29730 29954 30740 31254 31288 32503 40134 41753 46033 47513 56808 73906
2 661 1283 1881 2772 3203 3207 3243 3597 3825 4190 5335 6878 6964 7714 7909 8030 8338 10233 10915 11316 11617 12198 12615 12639 12719 13499 13806 15426 15705 16215 19152 19975 21603 22417 22423 22842 23609 24840 25745 25791 27126 29085 33649 35360 36267 42868 46041 56656 66813
1 432 488 518 576 671 945 1269 1320 1476 1947 2471 3405 3782 3783 3884 4164 4931 6088 6796 7239 7509 8174 8992 9464 10222 11342 11754 12262 12699 13190 14217 14393 16837 17325 21392 21673 21886 22084 24624 29418 29863 31202 39025 39091 53016 53652 58781 63051 187448
583 717 1219 2077 2404 2627 2660 2812 3640 3738 3867 4173 4238 4697 5564 5850 6633 7019 7206 7249 7470 9165 9673 10002 10408 12151 12436 13079 13847 16866 17610 17893 19038 19884 20834 21607 21949 22023 22546 27952 28579 33461 35047 41597 42469 42541 48502 55119 67969 91707
541 713 1248 2401 3190 3751 3949 3950 4682 5577 5652 5815 5988 6110 6514 6836 6845 7065 8184 8325 9407 9626 10385 10690 13964 15121 15570 15646 15866 15897 16052 16292 17332 20821 20879 21522 21784 26171 27193 27785 28169 29106 29374 40464 45312 45476 49661 52394 54081 54149
50 467 675 828 1368 1457 1848 3021 3076 4196 4212 4276 4309 5299 6415 6529 7144 7801 7950 7958 8257 8844 10559 10990 12926 13034 13258 13313 13994 14652 14722 16392 17901 18988 19531 19839 21823 25746 25873 25955 26760 32915 35056 45392 47587 49670 55983 59704 72828 86095
137 216 823 954 1638 2068 2596 4543 5211 5441 5627 5695 5937 6444 6567 6969 7082 7500 7630 8227 8762 8960 9339 10124 11158 11394 12060 12943 13883 14244 15051 15180 15616 16232 19200 19825 24429 26175 29184 29397 29685 36575 42409 45723 49478 52720 56943 64859 65832 74319
73 783 1750 2291 2442 2787 2805 3505 3871 4214 4407 4685 5518 5564 5722 6434 6558 7597 8118 8572 9021 9174 9304 9505 9782 12231 12440 13248 13838 14997 15142 15349 16164 17834 18212 22110 24547 26493 28691 30823 31610 34185 37451 41549 42568 44697 46968 53814 60307 83510
85 231 332 386 580 1075 1260 1305 2071 3530 3628 4561 5333 5587 5711 8028 8764 8794 9478 10782 11120 11203 11381 11719 12643 13277 13614 14390 14535 14855 16831 17359 19364 23133 23773 24976 25347 25830 30396 31223 35997 38653 39216 39632 43022 46606 47072 52231 74525 75371
1144 2483 2835 2892 3202 3952 4023 4155 4248 4537 5042 5264 5576 6411 7158 7863 8686 10044 10048 10356 10594 12031 12109 12113 12394 12428 14127 14206 14845 15220 15469 16101 17027 17610 17843 20574 21018 21400 25039 26721 29866 31002 31088 31259 33691 37407 42178 53484 64446 67151
250 321 1504 1548 2055 2560 2716 3061 3777 3967 4026 4506 6000 6525 6794 6873 7649 8077 8592 8917 10868 10879 10902 10961 11077 11327 15487 15667 16635 16763 17829 18849 21700 21858 21922 22478 23550 23630 25404 28851 29697 31588 38438 38787 40234 42952 56997 59771 74441 74493
1372 1442 2257 2288 2678 2682 2986 3884 4233 4585 5100 5762 6566 6651 6685 7498 8190 8643 10108 10520 12238 12812 12856 12958 13753 14150 14180 14275 14350 14427 15000 18266 19097 20943 21764 21825 22882 23658 24617 24936 27244 27552 28150 29672 29999 31412 51445 57839 59311 71832
353 1067 1555 2487 2585 2609 2612 2762 3438 4320 5093 5106 6130 7252 7434 7507 8941 9423 10530 10681 10771 10928 10981 11001 12100 12197 13349 14364 16565 16743 18713 18809 19581 20738 21070 22243 22370 24265 24976 27032 28774 31974 33192 35643 36180 36494 40433 42739 53206 76076
1053 1313 1921 2222 3105 3309 3754 4381 4551 4606 5821 6026 7023 7618 7718 7786 8015 8484 8785 9977 10163 10374 10532 11687 12182 12577 13087 13273 13337 13821 14666 15395 16197 16688 16984 17801 21384 22634 23600 27132 30607 30989 31877 32851 35066 35488 55717 62873 62965 69178
78 115 195 541 1067 1355 1422 2550 4721 4943 5129 5207 6000 6365 6678 6948 7445 7598 8794 8954 8998 9661 9958 10067 10589 11172 11334 11919 12992 13397 13613 14008 15584 15682 16493 16864 19074 19689 20898 21392 22937 27366 31465 35833 38689 41980 48690 57469 81031 89763
257 889 1176 1479 1559 1677 2182 2279 3536 3667 3810 5172 5298 5383 5920 6463 7394 7844 7870 9052 9066 9423 9797 9857 10067 11065 11935 12210 14088 14209 15112 20572 22808 23295 24403 24551 25895 26278 27399 30765 33284 39480 40975 42593 43460 47323 48720 53054 68981 75811
308 1434 1492 1536 1887 2175 2270 2703 2781 3740 3822 4794 5919 5951 6331 6525 6661 7919 8859 9243 10111 10136 10371 10557 11046 11563 11999 12850 12885 13142 15347 15659 18387 21056 25345 25562 25565 29191 29946 32203 32443 32811 34331 34639 35490 39457 55455 58299 63406 83874
3 228 510 868 1327 2194 2513 2896 3058 3241 5409 5433 5721 5784 6454 7436 7560 7743 8256 8501 8568 8592 10147 11489 12006 12130 12458 14598 14601 17318 17635 17952 18949 20645 23604 24227 26347 26485 28772 30194 31020 31057 31331 34856 39354 42335 50874 53344 59805 81594
876 1569 1574 1588 1966 3168 3397 3861 4042 4210 5268 5389 6923 7017 7927 8154 8365 8532 9478 9487 10383 10481 10651 11844 12968 13020 13521 14930 14983 16151 16398 17112 17188 18081 19781 22673 22840 24558 25307 25700 28147 29183 34688 35878 36106 49483 52507 59312 61058 102356
340 344 423 712 783 1176 1719 1938 1963 2931 3346 3452 3781 4689 5151 5501 5952 6474 6500 7648 8027 8530 8737 8800 10998 13414 14073 14923 15364 16780 16904 17157 17507 17636 18334 19093 19228 19603 22506 27305 28480 28487 30764 38725 45250 55234 67541 70889 73684 83317
363 452 486 1006 2296 2357 2895 3167 3605 4138 4385 4687 4850 5137 6222 7701 7768 8857 8946 9708 9938 11999 12574 12939 14060 14623 15081 15319 15372 16084 16950 17584 17700 18241 19316 20203 20247 21434 22863 24358 24469 24785 25903 26269 30102 41558 41626 58182 69682 95503
1 336 478 552 575 1788 2450 2588 2937 3723 3795 4111 4430 4628 5445 7111 7239 8194 8256 8825 8848 9149 10626 10815 13267 13336 14442 14821 15856 17327 18290 18536 18663 19223 20038 23480 25170 26097 29134 29140 29307 30262 32300 36664 37397 50479 52238 55800 82780 89991
762 1092 1108 1492 2028 2183 2721 3497 3537 3773 3876 4562 6496 6959 7012 7277 7656 8461 8631 9190 9341 9739 12270 12358 12610 13307 14324 15307 16493 17256 17474 18161 21778 22430 22482 23184 24573 25986 26606 26988 27301 27761 29228 29835 34256 36224 40270 50160 60742 87012
116 395 705 729 806 1363 2196 2905 3534 4038 4433 4664 4758 4760 4906 5023 5287 6650 7702 8120 9473 10075 10165 10363 10913 11352 12323 13460 13769 15826 16252 17910 18076 18977 18979 20009 20158 21560 22105 22574 23359 25449 25477 26335 26757 44058 46114 50571 59143 194231
6 1671 1801 1809 2247 2265 3059 3175 3290 4700 4811 4973 6731 7340 7736 7893 8738 8792 9265 9671 10073 10147 12895 13420 13966 13969 14494 14509 14699 15133 15267 16298 16650 16881 18568 18623 22731 26660 27636 31374 33201 36734 37970 41311 42725 44887 45898 58797 66220 90742
453 468 512 522 636 2371 3713 4331 4448 4684 5261 5344 5508 7069 7286 7388 8129 8718 9222 9864 9940 10458 11243 11992 12735 13481 14421 14713 15071 15869 16971 17378 21151 21922 22180 22193 23486 25481 27692 27857 29716 30836 31186 33884 34693 43735 45433 51228 53806 89994
1320 1391 1780 1828 2508 3183 3222 3250 3685 3850 4085 4130 4980 5111 5370 5868 6372 6690 7214 8058 8559 8875 9920 10409 12230 14024 14220 14802 16468 16651 16681 19238 19686 20419 21389 21489 21505 22244 22741 25945 27965 29946 34781 36150 37067 41131 42462 64357 67324 87055
641 1258 2291 2412 2456 2759 3252 3520 3765 4178 4843 5601 5843 6295 6557 7234 7721 8023 8622 8656 8957 9199 9981 10446 11052 11353 11884 11975 12611 16187 16415 16540 18584 21035 22389 22808 23154 24675 25383 28217 31109 31318 31874 32238 42190 44805 45965 48832 53943 59944
259 261 271 412 764 1291 2252 3580 3889 4189 4563 4647 5447 5755 6329 6389 6899 7071 7820 8807 9058 9349 9472 10285 10432 11757 13639 15411 15449 16025 17704 18187 18442 19522 20061 20455 20562 21016 22355 25248 26480 27171 33611 44323 45197 46211 54732 60193 73600 103912
416 758 1150 1977 2055 2303 2559 2687 4701 4739 4967 5082 7357 7372 7427 7531 7533 8432 8837 9527 10745 11561 12958 13396 15452 15585 15599 17617 17814 18062 19381 19751 19992 20281 21151 21283 21839 23526 29102 29186 30368 30438 32310 33221 35584 38285 39048 52385 61049 66414
269 523 987 1902 1998 2079 2563 3008 3134 4055 4082 4830 5968 6518 6750 7193 7599 7812 8950 9809 10047 10965 11542 12529 12723 13441 13654 14901 15370 15522 16010 16526 17538 19045 19290 19959 20138 22372 24931 28924 29902 32722 32917 33485 38392 41374 43288 46481 74396 81706
67 382 1084 1142 2045 2192 2393 3935 4026 4114 6105 7080 7226 8672 8928 9229 9285 9549 9810 9904 10323 10353 12817 12871 13255 14238 15267 17484 17892 19431 20218 21082 21134 21794 24194 24204 26736 27090 27593 30993 31432 31481 32705 34198 36102 44018 44541 53681 55153 55554
231 575 900 1268 1635 2355 2544 3357 4955 5519 5668 6130 6324 6379 7249 8406 9121 9278 10538 12080 12325 12359 12367 12805 13091 14302 14859 15520 15675 16073 17542 19892 20626 22121 23222 23981 26348 26351 26396 28332 29170 31600 35657 35972 39257 39683 41299 44889 46163 79285
468 615 2104 2232 2686 3276 3686 4049 4254 4651 4836 5140 5309 6105 6870 7162 7204 7514 7889 8044 9198 9295 9789 9893 9949 11199 15272 15929 16043 16233 16952 17638 18204 18713 19181 19786 20874 25366 26129 26391 28939 37605 40018 40421 44763 49161 51774 54598 57401 61933
86 123 172 240 314 1645 2548 3601 3822 4170 4652 4765 5035 5272 5436 5750 7091 7711 7723 7841 8282 8874 9327 9397 10404 10843 13877 14934 17045 17191 19650 20283 20616 21260 24419 25388 28103 29967 30578 32288 34836 34917 37000 37584 41108 41785 45435 52958 54255 54634
858 1398 1411 2229 2302 2792 2817 3721 4341 4629 4701 4979 5103 5480 6097 6253 7473 7582 8426 9312 9450 9473 9548 9748 10433 10663 10720 11787 14998 17411 17604 17652 17916 20557 21928 22006 22825 24907 27638 27713 29060 31853 33271 35592 37316 38518 42980 47486 60914 135524
243 556 865 1351 1817 1940 3442 3548 4329 6604 6615 6755 6818 7008 7023 7247 8257 8265 8610 9175 9433 9634 10649 13079 13191 13265 13991 14270 17616 17758 18408 19322 21013 21263 22581 24754 25044 28681 28788 29531 29821 31202 32899 36064 36378 39854 56897 58316 61648 70967
331 682 728 1140 1428 1457 1499 2205 3152 5175 5306 6877 7588 8738 9271 9511 9672 9710 9790 10491 10576 11401 11977 13269 14656 16383 16550 16695 17616 18073 18483 18611 21016 21483 22102 24869 28116 28125 28472 29530 31650 33614 33977 34692 37294 44037 49224 50333 58710 65556
44 202 383 425 476 577 1597 1708 3725 3904 4804 4856 4939 5161 5196 6333 6571 6660 6783 7287 7359 9901 13068 13475 14582 15391 15870 15912 16486 16718 17821 19234 19379 19572 21051 21862 22071 23292 30342 31402 32315 37889 40538 41198 42910 43324 46034 49130 53522 61280
144 676 770 859 868 1531 2143 2796 2807 3203 3636 3983 4045 4344 5008 5623 6161 6304 6448 6768 7152 8257 8599 9452 9565 9961 10332 10797 11497 14265 17089 17724 18292 19484 19907 20005 23114 24883 26871 28260 31493 31757 32436 41331 46984 52465 53456 66767 77636 80175
22 335 383 600 1056 1649 2006 2188 2410 2601 2916 3207 3208 4100 4645 5237 5337 5563 6046 6245 6694 7141 7557 7910 9512 10066 11365 11648 16124 17055 19452 20557 22406 26063 26337 27815 29584 29805 29826 29883 33957 36880 46472 48470 49117 49151 51355 52673 56660 67007
247 1184 1191 2207 2526 2750 2764 3973 4235 4511 4519 5046 5672 6026 6675 6911 7636 8289 9576 9693 9701 10166 11151 11939 12881 14031 14862 15152 15159 15716 15925 18639 18789 22285 23993 24247 24512 25334 28834 29324 33575 35132 35502 44076 44970 46551 47977 49968 55770 79905
216 220 895 1323 1511 1830 2587 3133 3623 4172 4298 5031 6087 6210 6648 7003 7675 7844 8859 9066 9134 10238 10269 10692 11526 11708 11928 12051 12649 13783 17209 19194 19281 19928 20134 20451 20611 20831 21445 21867 24713 24883 25192 28119 29515 34670 37641 59392 93223 103859
663 934 1218 1691 1906 1995 2366 2755 2837 3684 3982 4395 4941 6145 6734 7810 8368 9746 10015 10064 10267 10537 10607 10635 10967 11249 14066 15254 15353 15968 17184 18252 18988 19027 19257 20805 20975 21653 23055 28713 29169 31468 35306 36735 47479 50427 62099 64565 67626 88961
119 864 1573 1773 2509 2646 2920 3143 3508 3640 3690 4041 5757 5902 6565 6995 7189 7520 7916 8123 8230 8723 9519 9854 9965 10323 11018 13349 14384 14570 15176 16310 17347 19647 21707 23426 23733 24437 24459 26088 28203 28652 36906 38837 45890 47998 48709 54426 61791 64130
