1000 12 49
1080 1096 1174 1616 2100 2223 3333 3517 4232 4367 4960 7332 7614 8007 8665 8814 9259 10052 12419 12468 12907 14142 14518 14686 15261 16203 17385 18037 20810 20950 21381 25266 25758 27314 27795 29698 30400 31025 31567 31664 32290 32646 33677 35863 38917 41072 47998 55698 67681
360 1890 2065 2198 2921 3788 4271 4321 5139 5946 7287 7439 7788 8092 8388 8654 8947 9193 11912 12755 12864 12970 13488 13598 15760 16299 16371 16460 16994 17915 19590 19737 19984 20465 21324 23473 29238 30011 31402 33510 35231 36101 39894 40926 44174 49401 50486 54432 101641
1036 1185 1219 1515 1652 2535 3039 4152 4399 4646 4838 5208 6524 7002 7160 7982 8107 8947 9007 9415 11406 12348 13262 13985 14458 14493 15185 18702 18764 19375 20200 21181 22779 23775 29024 29816 29838 31360 33454 34035 35723 38008 39958 41208 41279 46582 47468 77915 79036
286 582 685 718 914 1001 2647 3446 3902 4060 4672 5264 5493 5847 5923 8811 8984 10046 10173 10704 11583 12579 13182 13706 15149 15164 16105 16502 16912 17349 18974 21446 21866 22380 22540 28127 29279 31201 31984 33763 34958 35519 40232 45664 45969 50526 58525 60045 80165
50 461 461 817 836 1425 1652 2386 2712 3206 3939 4511 5731 5924 6823 7409 7632 8454 8558 8664 9892 9937 10025 10404 11027 12136 13798 16342 17092 20060 20297 20553 22390 25740 26780 30163 30467 30534 32378 36523 36868 41126 43300 44115 44605 44695 67275 73323 73563
171 788 1160 1369 1483 1546 1822 1931 2225 4023 4943 4977 5320 5369 5559 7189 7294 8616 8929 9814 10202 10529 10719 10911 11505 12712 13150 15460 16436 18624 19363 24288 24955 26114 26230 26799 26970 32997 35682 40716 40964 45061 47375 50858 51446 51753 60947 64073 65611
152 371 2011 3354 3744 3785 4650 4676 5229 5366 5428 5572 6441 6643 7173 8478 8794 9268 9616 10291 10601 11304 11724 11774 11781 12866 13149 13980 14671 15370 16733 18617 19672 19870 22210 22299 24149 26197 27056 29458 30821 35062 38515 39211 47989 52512 65912 71412 102065
942 954 1606 2010 2182 2813 3328 4931 4998 5930 7859 7885 8218 8536 8566 8603 9240 9275 10694 11510 11601 11686 11903 12775 13012 13887 14226 17835 18710 20398 20554 21387 23183 25502 27558 27845 28622 28801 31682 37088 37094 37117 39451 39835 40211 44809 59530 60610 64537
324 336 459 873 922 1352 2310 2663 3255 3508 3762 5294 5500 6776 7089 7390 7706 7852 7929 8875 11118 11822 13520 14839 15534 15693 16523 16933 17705 18438 18686 19845 19951 20496 22161 24995 29332 29374 29455 32643 33862 36512 44358 44468 51357 57584 60760 63873 84605
112 530 593 637 777 1910 1958 2992 3124 3262 3293 3891 4198 4464 4737 5101 5941 6226 6428 6498 6862 7032 8998 9498 9730 9863 9894 10009 10092 11645 12022 13090 13478 13756 14169 16193 22324 29371 30062 31987 35246 44136 47337 52443 64627 65010 83137 91386 119371
482 842 1501 1506 3100 3310 3472 3593 4060 4257 4504 4525 5191 5377 6320 6386 7482 8727 9589 10720 10750 11878 12196 12196 14476 14489 15222 16493 16616 17793 19465 19498 19855 20636 21058 23537 24692 25448 25694 29697 36925 39504 41844 43321 56705 64943 68446 69990 81679
181 1113 1523 1800 2038 2966 3057 3375 4517 4728 5229 5306 5412 6782 6946 7181 7936 8253 8520 9514 11660 11730 11777 11826 12095 13811 15944 17526 17721 18468 18859 19858 21295 25065 26707 28541 31141 32123 32720 32817 34386 39398 39800 40244 40700 49815 64474 79843 83233
