1000 40 13
5231 6783 7526 21189 33595 42063 49095 57813 75217 81713 109471 119406 140479
913 9468 19301 25821 39755 40276 41327 45740 52046 53693 116756 152271 235949
4435 7100 16778 20714 20782 28600 33822 52933 65367 68211 129411 132074 132133
9095 13028 16633 28270 33518 47964 49073 57732 76934 88483 133743 161577 171839
2512 6424 8226 28843 37032 39337 46316 50148 77993 80911 107446 126406 222876
1725 8315 10427 16420 29641 42625 42692 49014 59916 74982 115474 132038 149531
7292 10930 13642 19070 21506 35288 38084 40223 49664 83867 107696 145088 160426
10311 11994 18709 26716 43535 57649 58609 59404 70211 82485 89561 105595 170460
302 3085 10849 18847 38081 39625 45148 56625 69298 83953 107886 140700 189853
4725 14570 20496 26169 36900 43351 47389 50153 56863 105824 110625 117691 156967
5402 13443 15957 21436 23745 28615 44715 49943 54713 105292 105711 120059 144372
2449 6317 9554 14802 16186 31885 37429 39278 63455 89107 106271 154484 194066
2912 8427 11784 11875 14828 19488 36085 42826 44380 51063 93733 98259 335459
2281 2962 3164 6052 7713 19398 25558 59815 65611 75976 80284 141180 228595
4722 13861 16221 20188 23734 36987 45975 72563 76689 103953 139717 141144 174429
46 1890 9397 15247 15975 23927 30988 44414 62913 94926 122874 144151 250440
7870 10179 15869 20487 27031 33995 48506 48681 63657 85191 120967 161989 186503
3870 11653 18072 20295 24566 24969 37074 37228 38523 92458 102735 130579 304163
8572 11750 14923 19313 19948 24581 33175 46092 60481 87669 122287 131636 152153
5218 12622 15404 31205 33135 40015 44603 46990 58741 75614 103861 163043 262593
5016 5106 7579 15952 29678 30108 35427 49855 64938 133131 144650 148181 172801
25435 26927 28153 30716 32736 42808 43877 43950 68131 69307 88555 147704 213893
17394 20301 29461 30153 31473 34570 49037 67787 75003 79841 85330 156398 188358
5770 9603 15659 15732 31165 52060 53130 68937 68981 83915 91593 97532 133440
17290 18264 21208 23373 23436 30448 38282 48622 61923 84020 85997 93639 190284
2927 3669 14306 28866 29187 31418 36701 46859 64389 74673 111265 112569 164819
1784 10658 17003 17087 17918 24474 25636 28233 53812 81021 84227 116749 318562
321 10736 10910 11616 12452 20269 24269 29393 43489 51573 158240 180405 181789
8757 13068 13216 13354 25454 26720 37113 54691 79728 86198 99974 105431 173014
1835 11704 12306 18714 24787 32132 34534 53171 53811 56314 136729 190940 274974
6570 7335 7338 14620 22847 23384 27027 53639 62991 65825 110675 133636 249620
806 10190 17732 34960 42886 43301 51699 67399 77518 83263 102054 121951 163345
212 2440 6496 10991 20284 26270 33342 49044 56951 62369 160524 212649 248120
720 840 24186 30585 31609 33050 42042 43935 58590 72639 107126 121466 193479
4461 5865 7284 15836 40951 48248 51278 56247 72407 99855 103900 106034 109262
731 8013 14946 26706 29494 35047 65768 73263 76112 81546 81571 123614 147338
785 13706 18186 21039 31091 43361 46876 47159 52825 72457 78147 193504 272170
8302 8736 8859 13027 19269 24751 29554 31877 42550 43704 102716 180131 219251
3770 6062 6901 22154 22692 24518 40679 64443 66460 83401 85577 94564 219996
15797 18082 31941 33087 38989 42277 42567 69699 72498 73818 95868 97498 155673
