1000 36 15
1597 7384 17917 20374 29395 29746 32732 35301 41180 42925 64876 70991 93505 139173 165580
1770 3179 20447 23408 23528 44395 45617 52864 57315 71218 72181 86986 89126 104018 174114
1305 2953 4012 26017 28027 40583 54782 55818 57347 65660 65838 67591 80964 105174 175337
321 2808 7040 13373 15028 18653 21624 22421 54047 65580 89195 94790 99235 129468 151955
7214 12741 13846 15280 26788 29385 52465 55324 65980 69929 84062 89988 98096 98903 138825
1677 6556 6558 21542 26768 31246 34723 42870 46171 58978 59138 70863 85177 108633 140041
5110 17509 21499 23735 43254 48440 48576 50369 51723 55878 60549 78883 84421 100875 138482
1882 5109 20540 27446 32197 41642 41838 45900 62389 78138 86878 88957 98288 103532 161655
774 1479 2403 3305 11441 13820 15495 20011 29248 38245 47632 76788 116453 176595 220941
5460 6096 8561 16728 17480 20939 27545 36639 49927 54364 57770 60534 61068 89965 318032
845 7555 17306 25761 34215 34963 43250 44534 50183 71956 76071 79622 98040 141290 164327
12922 15629 18681 25488 25578 35985 39064 42984 48110 49515 53968 54519 67530 114050 129920
3795 5608 17613 18789 32672 35042 38983 40125 61255 85923 92005 96839 107798 118346 141586
5639 7341 8043 13495 22477 27749 36116 40360 56283 88140 91220 96102 111124 116366 161710
1926 4230 5456 17471 21738 23401 34305 38065 43950 46058 54239 69956 93153 136342 168129
333 747 5990 7731 18327 22414 25486 29185 46301 71677 76844 93575 105223 175895 204419
12496 18467 27372 33711 34497 36878 37189 38911 40393 43763 43778 63133 88477 109315 238414
1352 1892 9990 14179 23451 26180 29292 29994 36568 43272 44571 93154 114501 177759 257146
199 4889 20072 22945 30228 32005 50441 50644 51240 60104 82957 88120 100069 119950 187603
344 2838 5306 8368 8445 17687 26520 49353 52341 53110 80791 108316 111021 112256 130875
6826 14766 15134 27413 35571 36991 41230 41388 42053 57101 58160 59758 70314 143258 209862
6174 10740 12207 22077 22079 29519 34752 41328 58256 74324 75074 87240 89452 127642 148593
3033 4620 12951 13433 16994 22497 22547 29449 73038 79645 80433 82089 105546 105873 153759
3734 5836 13667 27552 33289 39330 41503 42801 53422 72468 79692 100931 115168 121128 124492
177 658 5619 6257 19495 25973 31136 35884 36422 52082 84251 92831 117514 127185 219471
1343 2084 5002 7696 9312 14319 25755 38192 39322 74711 76073 82914 87625 101189 157626
12556 13674 19818 22994 23069 30403 45681 50246 56328 58492 69796 71365 86585 117305 139226
5915 7155 12074 17192 18155 20415 30214 31234 53698 55680 61133 79865 111417 135343 147514
12325 21858 25436 30553 31316 31734 46734 54526 55751 55762 71093 84248 86245 113210 117065
1908 6539 8381 20739 31341 50836 51347 58828 60874 64484 79309 92641 120741 122186 127044
1063 2899 5477 11891 25119 32925 33972 41599 59422 66551 68735 81005 85516 97169 250068
6627 11791 20637 20842 33535 37707 44592 45734 46037 46232 48769 51469 83787 132109 155155
511 2299 2700 3014 13820 19344 20463 41934 44026 46090 55263 89265 109779 172183 198615
766 3609 11927 14328 18674 20697 22914 26956 34665 43451 47135 52541 114789 129377 217808
1256 1664 3447 4573 7642 11208 16580 17498 31548 54830 91087 95644 100613 157499 299518
2973 3420 23323 26703 27673 28036 28629 34663 39911 48241 51884 71535 78482 111982 187159
