1000 33 10
18863 21516 58291 61410 75592 87701 107477 122708 137817 285449
11690 16253 26460 48559 70137 96319 124028 143470 192699 214820
6326 14558 17754 28727 38394 58091 77002 96738 260945 347767
8999 13231 42457 79044 92689 120881 122298 132324 157733 190197
2545 29561 46834 47060 76017 87326 123848 124941 185272 231834
7573 8546 10642 12098 121902 127450 148658 173325 179862 185572
2140 6899 32766 39691 62319 70228 109524 134938 174182 307175
2083 11949 23006 38432 71427 72960 109839 151167 212752 280171
23592 30916 33648 50680 75273 77194 93439 132617 151089 280001
2970 6172 22821 30905 48226 50617 58201 162894 164957 402649
3502 19704 45369 56466 63459 97750 100464 148044 161386 236445
5123 6872 9985 12198 50455 71916 129317 137525 224299 292262
6866 23756 24925 30788 57290 77547 175635 183189 189267 200649
14935 29645 37400 40327 63320 124080 124281 155793 157120 195581
831 11238 23055 42111 42117 63712 93939 195011 205759 296755
3014 3540 3600 29686 40877 125173 159750 161234 192146 220368
17090 20889 28809 30164 42522 82679 96943 126627 217524 280625
40693 43226 59719 68401 68669 96987 105167 114777 153477 189707
8019 13469 26197 45453 65577 108015 135418 144662 197199 217148
7716 30350 35082 36729 78312 80596 86826 154431 187936 257693
6950 8240 29543 77635 77996 78879 79831 95140 137571 363603
8211 8334 42792 48350 55977 56968 92626 165950 179289 304053
279 3466 27645 31009 88086 103004 122128 145752 210137 227081
10951 11622 13791 26169 39990 80259 88559 119097 251779 315973
7096 16618 32593 39300 43300 72414 147661 152066 169884 283145
12789 17691 31015 61388 66862 90913 105947 129917 157902 264555
105 11929 36966 59261 66943 125445 132004 141904 154677 244547
9530 15806 24226 29932 30272 45035 149828 177394 215666 235669
2089 44602 50105 68411 69871 70069 86988 135437 172066 263019
1772 16362 17370 44998 80868 131245 135025 144518 180211 215442
2364 8500 17879 17893 72457 116466 156047 183545 185247 201740
20170 27363 33306 43829 68826 72043 97280 175742 177033 242473
14797 42814 46782 52055 62359 67796 68152 136869 220040 236017
