1000 26 21
3134 4294 5181 9648 10712 11842 13610 17461 18005 26067 32325 32724 33525 34756 38340 45705 78469 80260 89263 146404 192946
572 4714 7173 8966 9828 12683 16449 17258 19212 20779 22893 30028 31233 36815 49397 50405 62566 68958 89193 162409 223391
1083 6864 6873 7292 7920 16949 22108 24393 25185 30890 33859 45536 46017 48814 53841 60007 65838 72759 87967 111292 122809
1678 4370 5129 5543 12509 13070 13370 17860 23927 27303 29900 39904 45763 47819 63908 72983 85736 86567 89802 105585 122307
3360 4505 7328 8153 11589 12873 14347 19456 27330 27509 28076 36326 43272 45281 59021 67218 72921 75092 86108 107539 153472
5215 7845 8308 10591 11379 13516 14541 18233 21638 22357 24381 25242 34352 40292 42846 76524 79255 85355 122224 122698 144047
371 3233 3306 4331 8396 13448 14167 14457 16213 21012 22570 26692 31343 33850 56997 72644 78417 91709 102404 104554 198443
907 2743 3397 4007 4251 10093 20734 21126 22797 25107 27873 27936 38482 50946 52934 57436 62058 80812 115071 134846 162975
478 3086 8393 11204 13190 14564 20273 24129 24889 41423 42678 43081 48727 50855 53765 55937 66494 94354 102821 106632 125208
617 988 3452 6217 12332 14604 16210 17030 18421 19566 26718 28432 29564 41164 50871 68772 71967 80600 117790 135497 136639
2663 2852 3022 6597 7508 9796 13665 17107 18778 26351 51897 52428 52608 56823 57589 58651 68528 76581 93277 121943 138475
3237 6788 7460 8095 8620 9463 12732 12819 12868 16450 29786 39261 41091 58261 75776 77038 90831 98174 101776 111812 112449
3383 6011 6572 8030 10712 14207 21339 24543 25577 33537 35062 39547 43415 48380 55266 57970 65314 76962 95795 101701 130815
209 1867 3550 8197 8688 15371 23311 24033 25245 27371 34555 35412 35763 38661 39444 54667 88512 98306 103609 113154 146782
1374 5017 8424 9662 12020 12554 13315 13676 17263 18024 22669 29697 39268 42409 74878 85561 87855 94332 97865 105122 110246
1448 1456 2030 3775 7060 7432 11610 16537 19514 20322 24107 25653 29540 29743 53894 57052 78746 117706 129195 140455 172022
3931 5263 5440 8898 10586 12100 13578 14457 21425 31561 34122 35956 40520 41444 44142 45527 52653 70448 93014 120665 229803
1187 2115 2896 6131 15304 18112 25408 40328 41276 45094 50023 51565 52144 54074 62710 69667 78120 79994 83405 83491 96391
2859 3510 3514 6034 9731 15499 17503 19229 21565 22288 23620 28240 31435 32034 35458 37526 58745 79030 79412 170576 210089
60 2705 5225 7221 12959 14367 18750 21556 24533 27646 29401 30091 31869 33431 43631 54891 65295 76715 83109 162815 183828
1013 2660 5547 7277 9988 10252 10876 18082 18119 18362 24579 29373 31344 37587 40119 48746 50873 83443 124255 146716 179105
69 135 479 6181 6260 15285 15923 18329 30126 36559 40974 45439 50538 53314 60261 70491 72767 74141 75071 106782 149562
101 1725 6377 8152 8803 13466 14638 16484 16983 18414 26680 27037 40417 54627 71339 73950 75166 88761 113325 116696 136695
468 1049 1972 3636 6262 6711 10772 11797 12741 19408 20858 23976 34753 39063 41234 69191 86569 86785 104144 155555 159641
679 4465 6980 7462 10390 13317 15447 19506 20834 35220 35946 45799 52649 55974 61908 63287 70472 77006 79576 115153 129857
5873 10421 15693 17221 19659 23458 23506 27326 30540 30804 35109 39132 41493 42584 42898 50681 65714 66006 113052 114339 133247
