1000 28 8
19374 41539 72314 85033 90766 138530 191656 302984
16128 29876 78320 78841 82227 143185 150407 295461
19460 21969 39043 53404 56598 118756 219091 360524
8809 23286 26823 88689 112523 134303 254249 274231
396 1654 20983 39640 44791 63261 341266 367260
37748 38787 46715 52028 62238 71741 312286 315763
4292 58476 65931 103942 104705 154017 164049 201134
5701 22345 23748 41400 62730 145280 219528 320421
9090 21726 36481 61848 138470 139643 198277 259172
6 7688 16067 43332 114173 231064 264143 267101
13314 29975 38494 61648 66822 72288 153056 453060
16904 20297 22260 39740 68910 164519 236504 323532
11097 12558 24468 43526 53994 99652 250227 345139
3538 25203 43648 48004 151087 167123 171214 295792
9756 14275 87710 100144 113961 119578 155129 330503
13722 21922 38801 57270 127031 135540 196619 286454
5416 13399 21052 83522 120241 201638 240006 244894
6846 25035 36245 69620 76757 197866 220315 305492
20887 35316 77217 88257 109016 160505 162762 218417
19922 30002 52839 56139 67388 120349 136782 445169
22515 68199 89996 91399 119723 125250 141687 276501
26617 37393 39335 54702 82066 92408 264553 275790
32 25772 27218 41003 98797 173079 198236 274478
13023 55021 61215 67137 79781 162836 173039 313753
7891 20140 52149 53832 99943 164526 264934 266250
1321 64656 86560 102184 139340 139854 159373 160592
2458 31873 47113 77364 90723 162982 217708 255899
4128 23614 52062 56779 73650 104619 297458 324040
