1000 22 12
14423 16038 22134 29228 39632 40523 57226 67546 82462 100019 118735 308254
4830 11136 15603 17084 21843 25949 63407 70681 77389 106244 117620 335150
23829 25249 28860 38875 42792 51229 52425 67465 87615 88742 145316 239117
10563 17009 28530 28668 43835 50027 82849 90066 96450 97281 119570 168589
6778 8423 12967 51405 68263 73200 88434 89732 102415 143138 144022 145861
6743 10316 14950 19119 28848 29442 50596 58645 98990 153636 183162 216125
1146 14336 17489 21729 29050 31697 53740 55359 58823 76974 209016 286209
5840 8919 13568 15618 24750 35059 48677 49933 59286 85102 134191 400467
3424 7701 21864 28173 29686 46531 52079 70757 75157 81187 227505 284409
5843 8169 10962 35194 41780 47459 51097 85847 104999 155148 163419 211179
2937 3228 6623 12561 16328 20078 29169 37144 45903 58616 254361 341063
8957 14370 25761 34929 45300 48949 72699 103486 109077 125852 133022 176970
2527 15105 32625 45482 64473 70782 72898 85830 86887 99949 122512 149164
5145 12249 13702 14391 19992 27298 28944 82253 127957 142413 190159 190464
2175 4240 5747 23045 55616 79995 87285 95447 95800 129483 136233 159544
26283 28371 41427 45434 54573 62406 77406 87205 92211 127885 129215 162917
8862 11011 11065 11394 52955 54605 75298 101451 111871 135402 155826 200961
2336 17402 18251 22801 29986 30894 60049 82519 95705 98988 169624 199864
5307 13919 16318 39738 46989 55177 57401 79834 103215 117530 122143 169928
3736 4571 16199 25692 39822 47541 49375 64436 76575 139704 141990 218245
19020 20920 25802 28850 41400 59856 65763 92342 92692 103484 110433 155538
20773 25751 31209 33258 36656 51496 63628 73451 94931 94971 95558 210344
