1000 14 38
122 1091 1446 1701 1838 2524 2551 3506 4113 5967 6864 7080 8697 8863 8945 9157 10433 11460 13230 15579 16252 19879 22087 24744 33261 36372 37047 39775 41780 44548 51223 57525 58119 60757 65265 76087 79453 103880
1326 1991 2076 2319 2696 3353 4640 5219 8395 8571 9894 11464 11578 13043 13156 13191 13614 18518 19356 20326 20353 20569 21576 21646 23172 31568 31600 39671 45810 45921 48076 49855 55169 58101 63332 74561 75872 79350
1288 1672 1895 2226 2475 3023 4952 7428 8603 8662 8796 9194 9232 12408 13585 15816 16655 22359 23279 23686 23725 24228 25940 29009 29893 30710 32493 34400 35788 41476 43629 46997 48645 49933 50359 50488 61715 134535
1334 1651 5499 6152 6186 8948 10691 10695 10858 10947 12283 12707 15302 15359 15446 16454 16489 17310 23768 24418 25941 26042 26364 26607 28381 29105 29145 29802 30715 32205 33354 36086 45417 51619 57482 62756 64426 115934
1889 1910 2910 2979 5092 5366 5449 5828 6335 6520 6917 8360 8536 9976 12356 13402 13526 15012 15864 16063 16104 21180 24795 25988 26249 26854 28238 29991 35840 41339 41670 43180 44414 56700 58606 65127 72072 167595
1318 2196 2216 2732 2890 3203 3756 3853 5050 6035 7244 7428 9308 9629 11773 12001 13116 15432 15852 16989 17086 17878 21690 22384 23005 25649 26288 34517 38509 43097 45525 49945 52048 58490 63612 84820 93084 118985
1104 1637 2556 2999 3377 3386 4201 5368 5553 7606 9161 10543 11452 12113 13788 15062 17278 17437 17689 19992 20182 24276 25274 26007 30680 33206 35213 41720 41840 43751 46192 47967 48450 49014 61465 61904 85419 86952
304 1656 1758 2299 2839 3110 3372 5773 6611 8280 8694 9120 9323 9476 10474 16598 16887 18409 19513 19745 24951 26000 26072 26600 27546 28027 29723 30494 34373 42006 42559 45680 49293 54628 60696 65633 67232 135438
224 358 1082 3174 3329 4462 4708 5094 5184 7698 7835 11919 12882 14349 14779 16055 16407 17279 17555 18373 19336 20198 20846 23076 24897 25552 26000 29858 42086 43126 43543 47080 47826 57690 58934 59378 68648 147726
1055 1443 2214 3911 3970 5572 5742 5959 6483 6718 10151 11216 11890 13413 14168 14885 14922 16048 16900 17789 19096 21115 22127 26352 26998 28383 33017 34768 37924 38176 46548 46837 51380 55693 58666 66751 86250 108192
397 584 1029 1970 3924 3972 3988 5601 5742 8372 9561 10659 11089 11337 11924 12513 13716 17681 18078 18255 20378 20867 20886 27413 27913 29605 31691 39954 40408 45094 45652 46645 51545 56649 58354 75909 86712 98092
128 405 1377 3858 5732 6466 8033 8113 8116 8341 9393 9559 9863 9956 12360 13566 14561 15211 15691 16854 17282 18584 19341 22850 24821 25079 29525 30880 44010 44439 44698 50749 55611 63211 69030 82122 83578 85450
190 713 1672 2517 5082 8033 8391 9086 9558 10204 10918 11526 11637 14288 15475 16083 16389 16655 19010 22233 22477 25669 26089 27583 28009 28037 29372 32332 35105 36037 36248 36359 40225 49524 65167 85294 86049 90900
153 873 1819 2478 2762 2933 4059 4066 5328 7006 7711 8124 8774 8847 13330 14985 15999 16394 16924 18234 18705 19243 22458 25787 27359 30578 30907 32337 38072 46761 48068 48070 50055 50880 70346 74258 84884 112650
