1000 50 21
2993 3561 7232 13901 14314 15163 21499 22410 29407 30379 41474 44138 47179 49470 57639 71812 78544 89753 92737 129281 134662
1524 2663 3192 7371 15089 19977 22106 29704 33255 40078 41309 44509 51091 58815 59237 63760 63818 90910 91225 115725 140332
7232 11029 14747 16382 17212 22141 24639 25622 26519 31693 32006 40088 44393 56181 74579 78612 82952 83205 84402 107175 115249
1081 1678 5652 6313 6779 7921 11165 13542 15023 18101 20679 29046 29313 32175 38846 39454 45955 148635 149432 153679 222024
1087 1459 7403 9242 15640 19790 20861 23669 25304 25719 28482 28994 38956 41901 43757 43775 50742 74434 94982 175397 226866
5965 7424 9487 10298 12878 15214 16783 21337 28402 28765 34624 48606 53145 59930 62419 64992 67347 76529 93584 123942 155940
1515 1664 10286 13228 14097 15564 19192 20243 25726 26077 29757 31322 31345 32041 60751 69795 70042 74891 122973 138677 187617
2768 14342 14749 16813 20063 23736 35012 36403 39007 39263 42309 42641 44545 50122 65594 65695 71020 81820 91657 93832 106960
1146 7138 11138 12147 12296 19275 26470 32106 40337 40478 44538 49021 49227 53154 54089 71216 73704 78768 102920 107707 109127
11994 14873 15154 17111 19449 20337 22427 23047 27608 27891 29255 31808 35589 39352 41534 51111 61107 83961 92115 160851 171680
1464 2234 12959 17840 18757 20752 25471 26185 26402 27898 36663 41171 42597 46160 50531 51734 53356 59479 100030 163382 171615
1302 2679 14044 15227 15667 18455 18776 26825 30219 31291 36918 39042 45496 54878 58466 63586 72971 85842 93465 133447 138149
1638 5359 9406 9668 13665 16871 18718 19108 22417 26540 30401 33024 33366 41778 49423 56716 80496 90315 95714 139669 201312
1833 5131 5907 6439 6682 6890 10198 15609 20678 21569 28663 30688 34986 65654 77903 84114 89477 101259 113449 118390 150514
3849 4788 5809 7508 8368 10769 15827 16711 18374 21960 33830 41514 50637 54561 55655 66394 73025 113601 114657 116185 163376
1531 14080 14201 16625 17141 19755 20350 21206 21740 25559 29148 29179 45487 52031 63248 74388 77017 105248 112410 115614 122460
717 2510 3661 9411 11817 14154 16719 19434 21023 21047 24626 29436 40980 70255 75539 92700 94171 106246 106696 116161 119365
906 10435 13396 13951 14796 16759 21007 24719 25683 26624 28297 37050 48236 51052 58995 66673 71724 74006 83791 116690 192989
369 2083 5889 10615 11563 14093 15903 26176 33649 36273 40548 42497 56180 60330 60505 68041 75508 90300 98710 108578 140386
3546 4934 6526 10407 12360 14727 16595 16722 16861 17689 21154 25069 32974 40491 47019 52069 69599 103448 131396 145457 208965
972 14084 15951 16976 17508 18182 20542 20695 21018 21811 26833 30259 39587 51101 51501 53846 77176 80160 101569 117495 198789
943 3499 3655 4769 5537 6310 7660 12593 15309 16320 32938 33701 45832 53904 60815 61192 84692 97440 109751 166227 175048
1240 2360 6886 10135 11485 15676 18897 24023 25408 25921 32839 35782 40535 41785 44747 53863 59149 113039 114618 139009 179455
916 1633 3387 3986 8261 10225 10552 14270 22428 25983 26739 46626 49738 70833 76799 85989 86593 97280 108647 116318 128651
199 2866 3940 9999 10097 10966 12346 13363 17962 24112 40384 43154 44199 58289 86261 89261 90137 96886 107749 116814 118540
7080 10181 11082 15559 22537 22680 24485 25023 27121 27616 32991 35647 54727 59725 60618 61256 62863 75295 83124 83289 193160
1529 1655 5614 5822 8952 10182 11673 11690 21157 34722 35976 37299 39915 60040 65246 77486 81236 91583 92046 102222 201742
3520 12939 14778 16848 17154 24485 28020 28227 30426 32989 35320 36550 39256 45637 47054 51482 55898 70355 81234 150470 175367
8387 8400 18407 18910 24716 25285 26853 27224 34478 37866 39891 52449 55192 62380 62517 64404 68584 72573 91781 94837 102892
493 1107 2542 4886 7178 8260 14815 16562 17547 24958 34024 43030 46590 48655 63148 68769 110831 116777 116794 119439 129768
1031 3621 3663 6033 7147 7838 10039 13185 16180 18035 29118 30825 30880 37320 49767 70030 105307 109252 122182 138742 187939
2723 3634 8496 9949 10289 10783 15102 20973 26243 30439 31469 31898 49980 52143 58405 66116 89693 95556 103277 106565 171944
158 284 2703 6308 10227 11247 16133 22116 24552 25090 25985 30061 30886 39689 41782 60482 100132 100702 120713 142480 184569
208 2225 5782 6339 7682 14581 14648 20490 20674 22278 24055 35320 39019 58070 64751 69171 69362 92766 131791 139151 157252
4083 7834 8738 9530 12477 17506 19085 21981 26733 28081 28273 30294 39969 40229 45452 50589 62439 79368 83103 141988 240117
290 1012 10061 11301 11309 13167 13699 19298 33403 40872 41682 42043 46345 47280 50916 63968 69245 82617 88363 124827 184502
646 7708 7954 10381 10876 11748 13003 13624 18279 18342 30840 31026 35068 35138 40545 54567 56605 73510 75206 170191 282399
631 988 1860 2122 2581 4623 6077 10753 13978 15538 21624 36046 40342 43392 60112 76887 86003 114952 126148 127335 206491
1348 1552 2706 4725 5891 6417 10339 11334 18765 23009 36371 37035 37312 39271 47950 72946 73557 80436 128867 131286 224831
6462 6529 7423 12322 13122 15097 15474 15803 16626 17620 37137 41498 41772 57936 67571 68267 88393 89937 122924 124589 131741
1202 2747 7835 14106 19148 23227 26263 28937 36773 44393 45136 46357 48797 55159 59351 62195 62793 66645 67901 98136 179045
1801 13603 14153 14764 15135 23779 25137 27200 29677 35976 38998 40084 47588 49278 49981 58719 65468 102125 106079 110314 128390
5787 7092 11155 11317 16616 28546 29953 39147 40800 42008 49120 54657 55104 56261 56631 58034 62032 81748 95375 96246 98543
530 1890 2668 4927 10729 13336 20842 26589 29261 29333 34626 36220 38270 41116 52951 64890 79015 79875 109230 126116 194481
2045 2114 4835 5317 17613 19571 19663 20016 24817 30763 39878 42547 51078 57799 64155 73111 81561 82818 85542 97078 174859
2443 2475 7906 11869 15615 15724 21934 29847 30705 32899 34919 45059 51995 58368 62132 84778 87946 91458 98737 104572 106591
7850 11059 12895 16845 17223 18709 20091 20778 23911 24878 29354 31080 33146 37839 51604 53761 68814 77586 127216 136852 176194
1520 2746 3036 3999 18142 27729 29039 31100 33933 39351 39739 40219 44888 47941 48549 52963 57265 90314 94856 116887 173928
7 1240 2415 10012 16003 22171 23137 32605 33918 39996 40616 43524 44380 47776 50768 56844 60879 71383 99155 144069 155604
1387 2549 7517 9732 11912 12143 13528 22089 26338 28144 41202 47461 57943 60416 64867 66493 84372 97892 98265 105819 137947
