1000 37 43
1157 1991 2007 2358 3408 3495 4071 5086 5229 6514 6644 7092 8845 9100 9197 9939 10627 12313 12653 14586 14762 15163 16448 17117 19100 19369 19950 20587 22011 23113 26367 27622 29131 29715 30948 34219 38132 39752 42362 49059 56738 80363 83087
467 666 1203 1372 2157 2347 2415 2700 2773 2786 3137 3144 3312 3821 4126 4484 4625 6092 6157 8255 8651 8770 11127 11551 16030 16294 19361 20308 21251 25884 29401 29671 30287 31480 33028 35669 44414 45884 48813 51136 52270 64780 101970
17 1292 2249 2780 3069 3078 3246 3326 4589 5172 5228 5471 6897 6963 6982 7238 7836 10101 10238 10283 10367 11966 12245 12724 14579 15298 18882 22444 24350 24546 24701 26047 28986 30184 33248 37441 42639 49197 50318 54476 63736 71778 80445
502 508 942 1305 1385 1918 2243 2379 2407 2544 5056 5626 5668 5816 6189 6577 8107 9658 10132 11131 11354 14350 16273 16393 17797 18124 18225 18848 22210 22231 22688 25679 27653 31919 32119 38273 44467 47493 47635 54436 59728 82841 128571
479 3313 3727 3995 4266 4335 5041 5282 6583 7528 7547 7818 8108 8510 10294 12508 13330 15617 17840 17844 18723 20097 20922 21319 21620 23091 23159 23617 24789 27289 29330 30920 31056 31464 31524 34433 35102 39206 41440 42997 62664 63568 66102
1047 1315 1757 2480 2888 3251 3602 3840 4112 4404 5006 7515 8144 8536 9957 11274 11394 12116 12609 13064 13212 13837 14788 16270 16599 16777 17049 19374 21724 21727 22196 23065 23529 26608 26972 33016 35395 36624 40784 47395 58960 65850 74537
1041 1969 3753 4377 7348 7533 8270 8286 8731 8885 9769 9999 12182 12193 12887 13087 13316 13428 13714 14106 14119 14120 14430 14836 15039 15060 15140 18478 19109 20391 20847 26847 27305 27662 28774 35796 36530 39983 42028 50072 69260 72423 86925
1413 1838 3954 4748 4969 6945 8511 10950 11012 11081 11344 11526 11663 12105 12373 12451 13570 13740 14061 14249 14621 14765 14998 15056 15422 15776 17420 20105 21735 23853 24414 25842 28754 31265 33610 38899 42374 43295 44302 45297 45483 59385 89166
373 420 985 2044 2441 2617 2965 3118 4119 5018 5562 5737 5790 5906 7209 7662 8201 8781 10354 12755 13071 13981 15625 16155 16731 17344 18600 19233 21058 22044 24170 24876 25370 26344 27937 28267 31549 32557 36251 50240 58032 73602 104698
48 52 181 1058 1429 3529 3868 3983 4186 7555 7673 7953 9106 9519 9521 10435 10719 11537 11815 12737 13406 13959 14440 19354 19375 19514 22274 22754 24205 24392 26316 32562 33208 34416 41160 41308 45475 50363 51402 54027 59343 66893 80036
109 2511 2788 3009 3028 3463 3790 5498 6083 6641 8437 10339 10488 10689 10689 11005 12439 13686 13955 14037 14372 15201 16258 16770 17104 17833 18198 19180 19983 20082 20990 22146 22533 22757 23236 29390 32391 43365 43504 44402 59702 68916 132192
585 643 1435 1496 1837 2378 2488 3158 3491 4115 5600 5828 6549 6926 7293 8001 8996 8996 10735 10898 12029 12208 13932 14681 14950 15302 17049 23976 25523 25535 27394 31061 33340 34562 36261 38445 38947 39444 50650 51104 55936 69399 84159
129 631 655 2128 2207 2779 4420 5165 6178 7742 8375 10139 10184 10559 10724 11318 11453 11616 12304 12446 12957 13157 13741 14001 14296 15749 16668 16804 18223 19143 19224 22191 26590 30596 31021 34661 44780 49756 56707 57798 62243 63706 123681
116 369 1272 2609 3697 4420 5174 6610 6794 6981 7097 8051 8206 8654 9217 9345 11411 12070 12601 14208 15533 15586 15697 15934 19962 20114 20541 21819 22421 22968 26804 27988 28083 31393 35770 40461 43818 50349 52980 56675 57505 62554 79147
26 721 760 1100 1194 1908 3022 3309 3495 3909 3972 4197 4738 5186 6215 6689 8537 8759 8812 8986 14652 15095 15547 16066 22980 26355 27014 27546 27737 29091 29468 29671 30260 31985 36023 40439 41074 41369 44161 44811 55897 69243 76541
326 1618 1913 2016 2021 3264 3742 5423 5558 5756 6407 6688 7363 8045 8327 9575 11231 12121 12893 13744 14769 14783 15294 16562 16942 17011 19509 22732 22919 28024 28503 29259 29493 30130 31469 31704 33445 35061 40355 42733 50182 54149 86476
344 910 1003 1193 1452 2711 3021 3596 4193 4291 4899 5880 7424 7702 7818 8011 8202 9050 9842 12074 15148 17224 17406 18967 20538 20991 23065 23176 23362 23392 24012 24272 30418 31621 37355 39952 40873 42902 49069 52499 59230 72193 74637
95 167 428 2817 4488 4676 5270 5363 6629 7306 7383 7414 9450 9705 9808 11068 11416 12253 13036 13536 13679 13878 16992 18394 19823 20380 20546 22181 22364 23499 24515 24993 27495 28241 32194 35494 36372 36553 39564 50226 54012 84335 121885
469 1210 2085 2517 3517 3773 5020 6762 7324 7470 7571 7739 8862 10727 12042 12911 13016 14318 15194 15252 17056 17136 17971 18610 18864 20905 21045 21977 23662 23786 23852 24571 24598 25518 26331 26741 27279 30500 32319 33005 56906 65936 68328
164 892 971 1154 1304 2735 3278 3368 4866 5583 5801 5918 6950 7853 7876 7957 8761 9250 10345 10636 11151 11924 12484 12958 14297 15187 15521 19309 22238 22336 24154 26291 27874 28703 36954 37663 38360 41925 42069 47432 48696 60837 108356
185 560 1764 1794 2276 2815 3215 4488 5088 5310 6374 7367 7752 9981 10178 10494 10932 11427 11673 13658 14298 14795 16197 17067 17738 17770 18004 18680 20600 21048 22527 27153 28307 34712 37808 38567 38684 39596 41513 43162 44576 64634 93355
46 713 1111 1174 1830 1837 2702 2781 2794 4590 4744 5187 5544 6920 8065 9154 10810 12634 13482 13612 13764 13904 16088 16422 17572 19008 21051 21177 21305 22975 23033 23382 23643 23831 29718 31630 32528 32745 35255 38076 46958 79530 139935
896 1879 2912 3408 3623 4471 6096 7419 7882 8841 9472 9586 9693 10260 11660 11818 12021 12104 12937 13608 13776 15242 17913 19642 19813 19976 22286 23409 24673 26203 26211 27372 28228 29920 31836 33478 39488 41643 44115 44829 47276 49895 55260
75 160 1129 1259 1635 3345 3951 3979 4662 5043 5373 5682 6185 7969 8066 8304 8650 9209 9223 10199 10456 11348 14272 14881 17900 18648 19166 22353 22876 24639 24676 24853 25719 37125 41362 44019 47259 47489 51448 57871 67911 80445 83206
114 667 1494 2751 3072 3206 3264 3319 3719 3991 6003 6074 6095 6197 7671 8448 9842 9960 10609 11345 11571 11944 13298 13570 15496 15695 16736 17198 17926 25481 27247 29208 30568 31330 34649 36493 37931 39265 41547 43788 63305 66340 68599
141 308 321 2434 2610 2777 2821 3670 4563 4891 6660 7250 9224 9261 10062 10135 12175 12463 12898 13110 13145 15185 15563 16171 19120 19344 20303 21184 23144 24235 24753 27252 27632 30352 30636 31087 33210 35885 38250 42270 43559 61484 113067
895 1630 2003 2019 2282 2682 2703 3330 3700 4060 4817 5148 5464 6280 7558 8441 8709 10227 10734 11141 11414 12109 14196 16006 16585 17117 17511 17587 19138 19524 31881 32273 32726 32822 33114 36473 38215 43586 44147 56476 57219 62877 64870
112 1335 1416 1651 1936 2340 2562 3179 3349 4175 4346 4830 6676 6829 6844 8004 8087 10823 11435 12115 12537 13081 13439 14276 16035 20192 21001 23311 23969 25100 26598 26759 30691 30885 34663 34838 35097 35534 36713 41324 47436 73864 87324
1057 1476 1576 2033 2463 2973 3009 3426 3511 4013 4357 5994 6033 6936 7026 7219 7529 8469 11507 13276 13965 14013 14512 15227 18099 19637 21435 21625 22980 25989 26658 27962 29699 29892 31326 31603 32551 39272 49572 54919 63059 67949 106381
81 428 854 951 1172 1686 1806 2236 2900 3195 3667 3675 4005 6157 6523 7671 8339 10253 10606 12816 14637 15173 17103 17117 17870 20076 23404 25659 26480 26567 28291 30564 31562 34068 34472 36037 37331 41180 42665 53180 54462 78499 94590
373 812 1098 1749 1791 2102 2105 2321 2695 3692 3811 4068 5047 6309 6464 7744 8368 8397 11597 11801 11826 12540 13927 14295 14802 14898 16397 21556 22100 24584 25277 27467 31997 36387 37495 39265 39959 48844 53360 64137 68843 72403 112087
1870 1918 2656 3039 3988 4316 4694 5126 5497 5798 5955 6469 6616 7491 8681 11196 11278 11483 12265 12927 13787 13848 14905 16453 16585 18443 18736 21068 21413 21657 21742 21746 22346 28643 29851 30467 31132 31337 37943 42536 58133 65340 116159
126 150 689 1259 1267 1401 2062 3116 3724 3869 4831 5769 9086 9092 9435 10451 10839 11197 11729 13091 13364 15117 15302 16762 16969 17743 20089 21364 21539 22755 23222 23580 24016 25475 28494 28719 30037 32420 44470 55895 56819 69882 101996
729 2176 3353 3597 4106 4313 4534 4623 4691 4798 4991 6306 6644 10008 12989 13031 13079 13585 13939 14615 15226 15708 16795 17233 18228 19084 20258 26096 26535 26747 26965 27706 29384 29410 30210 31990 33348 34179 35204 35889 36102 57619 64029
17 579 589 1146 1687 1833 2334 2374 3068 3139 3538 4418 4432 4610 5280 7501 8732 9723 10297 10501 11903 12134 12367 16793 17400 17446 20667 21475 22552 23811 24843 27970 28363 29059 29184 35984 37615 43634 46652 55036 64280 82537 95510
733 1216 1228 2565 2815 3390 4105 4650 5029 5066 6084 6220 7228 8006 8507 8534 10826 11241 12270 12453 13954 15483 15876 16158 17066 17143 17307 19086 21131 22513 23500 24067 24241 24338 24879 28500 36294 40083 45002 52766 63506 65777 91498
1731 1775 1781 2983 3401 3669 4202 5172 5686 5755 5828 6500 8033 8239 8861 8873 9384 9961 13348 13367 13635 13914 14450 15189 15693 16875 18428 18795 19261 20780 21166 21571 27002 29347 29413 30804 31328 40362 40620 46430 51303 55363 95283
