1000 50 10
10644 20218 20901 31639 52756 55879 90203 172562 192644 324599
12083 27091 35883 47236 61951 72746 97829 122592 199233 271718
20888 22932 24663 50393 54852 75679 76576 128427 196416 315068
5780 16984 33125 60273 96321 106663 110033 145255 150328 240248
927 24304 29633 59982 62145 71983 128941 129051 229288 230149
7499 19678 47443 53008 53471 84001 102685 135429 197853 248097
20423 25775 44954 68918 75652 75905 93473 103966 137966 308739
8158 20982 46766 53481 73095 107987 120904 157731 166014 187952
34228 38113 44414 53383 60822 77246 107187 135231 162582 234131
10165 32890 56907 60867 63764 72147 94285 128388 161373 256990
5283 7397 9875 32425 76542 97442 110691 181769 205936 242398
16501 18292 21962 31447 55314 61837 105653 132887 170137 338332
4593 9668 27032 42908 45146 71309 102319 194685 216969 233494
27401 28410 33673 40583 91637 102713 120367 120967 191947 206955
11460 12020 33740 57164 89306 115041 143620 153586 157252 198011
2225 18777 35667 58411 62314 65859 138692 142298 196246 222157
18564 22798 37104 49565 51564 61190 61553 76652 159853 404598
3451 4845 8291 20731 61888 88112 123074 198598 229517 235378
515 6408 7646 19663 34563 41868 44184 45676 113261 627377
7083 11035 14725 18546 18912 31109 72613 164958 311569 326567
1733 3017 4986 9269 63227 64982 123297 167646 233504 296001
30795 34009 35160 67474 67922 85858 104949 112560 189201 240941
15746 20861 44467 46636 64920 70978 121977 154906 205772 220757
21611 24070 27304 44678 94527 99531 102341 177456 189283 195339
2414 5039 9495 23127 39328 44206 59193 161008 300996 326759
11498 16611 31733 37377 49247 52417 153429 170752 205567 208278
6266 12446 17876 41828 54903 62502 71938 196480 206687 277568
4743 12131 22131 76117 77819 93538 103249 163556 180219 210470
804 25481 63418 70638 93777 105889 108534 129282 142380 205955
4988 6847 7074 13290 75499 100024 137430 141408 195295 262963
20718 32018 39556 48004 56748 61427 73847 105704 208712 329415
12458 45321 49999 54155 56413 95515 103800 153710 159306 235685
310 5668 21225 26674 36598 106160 117741 132220 224191 296606
8722 18975 31384 58067 73144 92471 131103 133438 134533 293288
20797 23045 73089 83140 99133 102064 103499 144586 147802 155924
5167 13823 18413 21890 26035 32085 58608 93238 325974 353897
38884 43660 55691 56761 63638 69311 101611 113225 123860 280506
24456 27674 36589 39669 41970 53755 82931 147280 245500 259288
8336 8855 11052 41234 111021 129233 147153 157302 169793 183783
4223 18596 35504 58878 87550 121221 131397 143713 164042 198016
20181 25388 30931 33111 46570 60118 107813 135125 208806 271513
5256 35730 40438 57216 80828 85477 105804 138093 140965 266809
5831 8710 20160 52626 69162 80597 104058 160039 167715 290659
14035 19833 40840 55631 70499 79823 99148 179571 188507 227434
8000 14332 25903 46948 60291 88313 123070 150511 194638 264817
24268 25920 27719 28257 59004 73190 74854 166969 185247 299887
9034 10071 19694 43452 48937 74559 163592 167629 190757 250022
743 39158 42232 43152 49522 60901 97779 154903 241366 243069
1806 17438 30926 46640 120856 128904 145438 148495 148963 176833
3612 8067 17504 58364 63783 67527 95552 185424 195964 260518
