1000 33 30
571 1930 2306 3515 5609 7060 9549 10469 11823 13089 16399 17085 18041 18371 20923 20934 22730 27795 30505 32081 33070 34231 39694 46140 51358 56620 57177 64089 77321 107022
1355 1621 2346 4476 5066 5730 5771 7701 7869 8105 9418 11555 13814 13827 14908 15693 17256 25655 25789 28631 30259 36338 36500 39571 42053 54420 69603 71205 106108 122726
771 6637 8487 9525 10200 11041 11413 12100 13967 14007 15607 17744 17878 18171 18577 18752 18927 19515 19910 21503 22492 22627 26522 27231 31444 33674 51611 51776 66993 162479
4539 4596 6105 8962 9547 10243 10666 11274 12017 17538 18248 18847 20141 22845 23707 24035 26552 26820 27215 31437 34519 39287 41629 41699 45537 51136 64178 66486 79619 82894
127 2161 2678 3226 3767 8707 10199 10435 11180 11885 13130 14948 15186 18705 18778 19997 20529 20766 20861 21599 23095 25716 29689 35545 42278 52966 84804 88227 95256 137627
456 956 3173 4902 5834 8795 9733 9833 11130 12773 13760 15296 16158 18735 21017 23563 26538 28275 28859 33547 34147 35124 35190 38009 38679 46253 48197 51705 65838 71273
629 2851 3388 4049 5184 5597 7154 8523 9302 9390 10547 10629 11608 15513 16767 19719 23076 23216 25489 26342 27627 28630 31921 40767 42254 51465 52129 54240 67136 114281
264 575 1095 2058 4800 5453 8689 8953 9258 10911 10955 14440 14872 16245 16881 19709 21888 23463 23510 24388 31280 34188 42109 48658 65025 67203 68096 69600 83273 86717
1170 4491 4514 7079 8283 9187 10666 11292 13052 14419 15391 16337 17392 18301 18468 20915 24934 27122 31242 34485 35970 39460 40190 41257 42042 54938 61769 62012 76189 85075
292 1618 2183 3073 3803 4466 6323 8084 8425 9213 13510 14885 17321 17442 18684 19169 20651 21792 21838 24788 25435 26598 26849 30411 38742 43575 54382 74390 81437 115067
28 377 1185 1229 3010 3021 3514 3776 4013 5544 5911 6142 11968 12342 13858 16829 19995 22342 24902 27526 33659 38484 39769 42073 46620 49052 64571 80949 98010 111427
1948 5112 6110 6162 6960 7092 8000 10634 11369 11696 12291 14029 16901 18452 18948 19129 19523 22062 24671 25234 29305 30166 30379 30400 32306 41328 58168 78772 88234 151950
2547 3993 5669 5968 6119 8830 9053 10051 11506 12785 13115 13353 13791 14271 14974 16399 18508 21435 22612 25613 33201 41141 42572 50144 50757 57294 62856 68944 78792 131278
368 1816 2580 3382 3813 4816 4984 9882 12044 12055 13119 15184 15305 15512 20276 20277 20333 20733 22543 25101 29256 30230 42836 44895 49860 52081 52533 55906 62408 133219
1314 3387 5389 5885 6549 9503 10483 11060 11088 12568 13906 14812 18013 18515 22437 26421 28292 28788 31850 32164 32565 33496 34604 39838 48545 58058 59814 63156 68433 88747
265 1249 1681 2438 5498 8291 8504 10977 12324 12734 13039 14960 16124 16493 21651 22443 24945 25917 26956 28057 29142 29890 34440 37532 40112 43471 47189 63757 72437 127933
547 1383 2646 3666 3760 6589 6830 7737 8606 9270 9734 10831 11810 13462 14469 15648 16822 19514 21408 22529 28827 32207 33138 35991 50130 53357 64613 67731 90215 96498
919 1492 2738 2779 4651 6828 7066 10766 12785 13177 14455 15004 15721 17772 18865 19262 23308 25862 28001 31344 31960 32319 43151 47324 49551 51043 57205 59534 76826 148050
405 509 1696 1774 1989 2220 4377 5772 5904 8144 8636 10012 15117 18364 20142 21917 22733 23184 23301 28178 29266 33729 37423 44332 45686 58971 59510 75128 98462 100626
29 953 1043 3090 3490 3537 6576 6627 7580 7778 7943 8284 8874 9646 12243 12407 13074 14910 15801 21333 21917 24012 34690 40154 40165 46042 86122 88419 91763 126012
743 1583 1827 3402 3750 3900 4113 4184 4965 6344 6778 7555 9375 18305 18752 25288 27441 29675 30538 31607 32240 35461 35886 38073 42383 44763 45906 51323 93518 173358
123 1148 3598 6159 7125 7677 8403 12392 13863 15529 17987 18492 18821 19305 19385 22673 24777 26624 29749 33889 34634 34712 35673 37949 39348 39792 40148 61641 62526 89899
410 1728 1843 2939 4365 4480 5176 5613 5892 8023 10186 11467 14191 15281 18931 19308 26498 27569 27991 29752 38900 43390 49550 52985 57536 61115 64834 70039 71583 99087
35 178 1716 2122 2998 4942 8210 9007 12847 13074 13739 14351 15567 16989 17139 18573 19706 22594 26260 32437 33804 35174 36954 45435 45610 53559 54431 60046 66675 73773
1228 1277 1364 1635 1954 3343 4572 6468 7370 8598 12941 14266 15995 17818 19236 21042 23881 25367 25659 27150 27351 29654 37489 43151 54257 59329 65288 88227 90210 90611
590 1177 2547 5357 5836 5928 6016 6938 8848 10364 13514 16562 17543 17954 18604 19174 26020 27588 28647 34573 35857 36829 44438 46629 46818 49025 53605 59736 66439 103536
935 1802 1808 2661 3777 7360 8532 12737 13138 13419 15853 18149 21283 23916 24200 24966 25833 28552 30573 31787 31906 36447 39929 40336 40368 43175 50092 53055 64916 111467
201 877 1554 3240 3466 3581 3729 4730 6015 7122 10539 12426 13952 14380 15076 24872 26507 31513 31978 41778 43489 45030 50404 53082 53385 58344 59883 64718 86405 115403
522 606 938 1333 2335 4165 5908 6382 6820 7525 8714 9355 9654 10067 12914 18496 30420 35171 37341 39763 44086 45264 46657 50354 50765 54719 61408 63572 76092 91014
536 3476 5896 5951 6323 9540 11296 11687 11778 13059 13333 14125 15002 17006 18225 22189 23251 23580 23840 25635 29626 31378 37793 42509 51509 53836 60814 63766 70126 79875
1348 1406 1778 2010 3699 4762 6271 7225 8527 8732 9415 10212 12911 13219 19473 19477 21047 23103 24680 25527 28099 30925 38153 45934 47640 53625 60547 65698 77829 79210
335 629 954 5240 7050 9371 9510 9617 11865 12609 17170 18651 22600 23240 24264 24400 26991 27298 28622 28826 29832 34281 36413 38386 40153 43592 44648 48839 73892 114951
2673 3496 3643 5101 5231 5671 6015 9084 9925 11701 11849 12950 13359 15883 16427 17383 18437 25739 26735 27135 32841 40639 45138 50651 53462 53829 66537 67229 76260 101595
