1000 22 46
559 607 2262 2359 2439 2680 2718 2770 3655 4012 4778 5183 5565 6518 7085 7149 8063 8905 9016 11353 11792 13178 14607 16167 16738 17343 17630 18052 18617 19250 23099 23404 31582 33123 37423 38830 41813 42473 43185 45739 49213 51439 54903 54969 57579 75305
46 608 1399 1546 1660 1958 2061 2334 3190 3676 4117 6101 6122 7154 8020 9147 9531 9724 10045 10477 11103 11239 12200 12940 14318 14537 17412 17734 17839 18496 20344 24873 24994 25213 25827 26875 30294 32148 35721 40345 49663 51290 59734 61688 93480 109565
659 1411 1743 1793 2313 2450 2997 4374 4714 5693 6974 7466 8123 9494 10019 10202 10280 10853 11788 11821 11969 12072 12112 12243 13731 13920 14044 15658 17081 17794 19602 19919 23316 26479 28221 33676 38165 40257 41221 41652 44925 47049 62466 69878 77052 86384
1093 1429 1587 2435 3744 3975 4121 4566 4787 4795 4923 5674 6903 7848 9049 9811 10912 12118 12259 13032 13852 13957 14603 16532 17133 17149 19503 19549 20577 21273 21480 24436 25186 26162 28369 32439 39244 42366 45775 45911 51026 53484 57300 59727 61069 61152
654 1065 1081 1193 1300 1586 1943 2338 3611 3760 4221 4479 4790 6018 6878 7512 8365 8375 9127 9233 10713 12490 13487 14223 15030 19036 19888 20737 28019 28028 28137 28722 29144 30329 31022 33729 33924 35032 35857 38976 44044 51964 54958 55364 72705 90589
58 821 912 2474 3149 3288 4530 5156 5627 5657 6849 6908 7134 8234 9394 10475 12091 12210 12586 12678 13827 14077 15573 16298 16632 17674 18167 18954 20737 21299 21513 25344 26057 26402 28817 29566 30568 31763 34265 34701 35561 37738 49545 52028 81966 126905
257 1458 1908 2710 3064 3326 3941 4076 6008 7763 7823 8025 8121 8555 9290 9780 11843 12160 12895 13311 15107 16027 16075 17685 20056 21659 21912 22118 23998 25039 26011 27006 27357 27864 30422 30851 34307 35667 39360 39415 40512 41443 45958 46781 61102 63144
54 1307 2699 2856 3689 3872 4290 4652 4713 5229 5384 5633 5891 6207 6998 7486 7890 8708 9526 9812 9857 10807 11544 11815 14771 15077 16578 18848 22257 23683 23946 25518 26022 27083 28614 29372 30431 31682 38091 40866 48180 57474 68784 73398 76154 91750
528 1234 1382 1581 2124 2532 2995 3243 4067 5060 5249 5420 6063 6356 7062 7116 9885 11097 12059 12099 12360 13631 13924 14710 14905 15700 16298 16373 16793 18836 22638 23690 25958 26655 27985 31969 33173 36339 37785 41946 44210 51928 52883 74022 78822 100239
53 170 385 1030 1310 1442 1716 2983 3517 3669 4589 5902 6062 6771 7100 7123 8004 8070 8904 10007 10288 11055 12429 13112 14019 14911 16078 17787 18346 22935 25420 28910 28988 29581 30406 30426 35669 36792 39017 44779 48812 50016 57239 63578 68656 93422
2 195 1319 2329 2626 3177 3504 4559 5114 6381 6443 6459 7108 7269 8299 8362 9088 10384 10600 10677 11401 11593 14204 15276 17305 17778 17884 17969 18204 18591 22899 24280 26410 28843 29327 34327 34914 38580 39287 42415 49907 56416 59713 60830 66955 76326
802 829 1830 2016 2440 2905 3525 3830 4673 6099 6368 6561 7725 8041 8146 8337 8387 8445 8729 10084 10970 12484 13727 15967 17255 18828 20400 21237 23042 23846 27037 27340 29759 31114 31905 34390 35306 43938 44636 46638 46904 48651 49314 55587 56508 70222
48 1989 2023 2100 2593 3476 4339 4441 4501 7191 7910 8294 9045 9110 9259 9677 10812 10821 11486 12167 14643 15396 17386 17515 18034 18196 19099 20734 21873 23621 24887 25529 25728 30239 32158 34043 34329 35119 36179 39439 40692 42148 45341 45535 46766 95910
226 449 653 663 690 934 2014 2222 2369 3637 5189 5929 7782 8456 8928 9621 9950 11096 12436 13083 14881 15703 15821 16566 17316 19377 19957 20795 20934 23858 24544 27277 28305 31330 33684 34252 36214 38757 38781 40798 44295 51837 61534 62029 63119 73780
764 2073 2276 2297 3115 3615 3704 4340 4647 4855 5130 5168 5202 6134 6206 6910 6984 7372 8511 8623 9319 10445 10891 13039 13117 13239 14799 15752 17399 17741 19802 20622 23475 25116 27898 31493 33740 35017 36905 36956 39347 51707 55034 68706 73627 149275
58 1242 1484 2663 3783 4221 4302 6099 6192 7864 8583 10474 11611 11931 12942 13406 14928 15238 15335 15508 15644 16461 17481 18451 19078 19511 21276 22036 22165 23109 23308 23487 26219 26811 27438 27530 28680 29102 34760 41617 41780 43055 45957 55048 58116 82848
765 900 943 1358 1876 3300 4171 4289 4915 5158 5211 5401 6793 8098 9056 9206 9982 10070 10399 10770 11812 12463 12901 15684 16355 16458 16797 17461 19944 20602 23450 23507 24789 25344 27183 29524 32353 32525 38262 44199 51940 58845 62238 62903 75818 82334
1604 1823 3401 4522 5066 5386 5822 5955 6180 6464 6752 7178 8079 9071 11883 13619 14138 14650 15375 16081 16346 16402 18084 18212 18684 19279 19735 20020 23101 24877 25238 27165 27531 27699 28195 28229 29008 29462 31919 35030 38418 42784 45193 54340 58927 74576
96 155 495 1058 1379 1395 1993 2092 2166 2832 3924 4535 4772 5410 5469 5678 5728 5846 6068 6327 7187 9711 12761 12889 13065 13115 15455 16246 16486 20746 21453 22548 22910 28301 28602 31161 33445 33504 36058 38163 46628 56999 66496 70343 89857 146310
43 1169 2687 4700 4753 6010 6304 6318 6536 8152 9429 10975 11797 11915 12134 12308 12314 12441 12618 12682 14085 14190 14994 15823 16698 18192 18867 19216 19748 22573 23203 23715 24266 24390 26017 27393 31348 31435 32765 36919 44073 44315 46504 48555 66576 79723
498 715 2145 2990 3258 3564 3921 3948 6240 7127 7284 7815 8397 8416 10305 10575 10810 10855 11807 12965 13204 13453 14692 17258 17625 17970 18153 18768 18794 19405 20897 21236 23463 24995 26981 31059 34918 35751 38499 40281 45206 54218 59169 64091 76867 80342
287 650 660 853 1599 3232 5101 5731 5827 6000 7487 8354 9647 10218 10393 11116 12064 12087 13045 13510 14216 14423 15565 15690 16140 16692 16769 16790 17136 17760 22358 24074 24467 26217 27987 29774 32603 33075 37015 37083 39635 40716 43089 54353 66507 118160
