1000 41 16
10001 10499 10732 20975 33938 50269 53462 59642 62809 63128 68352 73102 75284 84525 92936 101624
1556 1915 3815 6426 12669 32780 34358 42585 42697 52221 52849 61714 70982 99004 137393 202607
2822 8393 12390 17389 18528 26134 31202 50564 57134 59361 59659 88631 90108 125214 126134 131222
4231 5025 9968 14090 15011 17150 24413 28199 30898 36233 62419 74387 99385 109497 119214 181904
10692 19249 19361 22563 25518 25593 37098 42140 42504 45054 52412 62044 74332 80203 107118 170852
8225 9527 17529 27273 31075 32975 34288 36866 46234 47188 57398 57450 57987 73507 97930 198227
10336 13243 15599 21211 30074 30223 30365 30497 34152 35824 36237 60172 74529 78228 101298 145831
3199 9122 14667 23002 25375 28214 33554 38154 39094 65200 68161 68688 71697 79054 115244 138964
8060 14062 15545 21230 22869 27151 32087 32236 42738 48936 49472 49625 56252 60783 63162 322593
2987 4411 8540 19545 20607 29310 33728 39699 42642 43394 43983 49594 72506 82771 109770 157970
1157 5879 13062 13894 15077 25249 29203 30092 37736 44835 51377 72914 95630 113681 133866 138117
3496 8710 16042 19395 21647 23639 28523 30556 31061 40790 55109 56581 88064 120185 155662 160006
5771 7083 9878 12025 12795 14335 19236 23243 27305 31915 45458 61802 63702 110128 120057 166839
1627 4872 10855 13688 14633 22881 24273 31769 33494 37381 76181 86509 90458 112191 138881 191560
3771 7724 14653 25591 27444 30028 30865 46057 50066 53333 63846 68962 73477 77472 113049 123392
1321 4358 4825 10997 13801 17800 34090 36948 38418 39552 56778 76123 79210 108218 118657 231418
2311 3812 12556 12807 17478 21207 26355 28244 49989 62811 69845 77195 79495 83611 94738 100663
4392 5724 6296 13037 19214 40116 42262 46797 58533 63773 67402 76863 82459 99791 112525 139392
747 3074 14642 18058 25517 26083 26674 26842 35316 35741 47203 64395 70939 83737 105609 160130
497 3022 12298 19165 24494 25753 36227 40577 45723 53414 59426 63813 97444 105965 132654 157550
16 8517 15632 19179 19339 31362 33862 36712 40681 41221 49895 51390 65784 97147 123626 200388
5312 6516 8282 12886 17264 24862 27973 29091 34760 45453 52748 66113 96110 96871 98592 108553
284 9381 9800 18253 20829 22991 24547 28254 28729 39503 51807 61054 64769 68431 88224 242783
2862 4712 8678 9432 23162 31255 43237 43909 44018 76092 76485 92945 94950 100381 116354 126175
3075 3628 6962 11773 13083 15420 27375 31527 32266 33850 36802 70008 95438 108767 109618 166515
7157 8221 12914 16242 21516 22665 23740 26116 31057 39134 39242 54924 77029 91481 99141 244907
3456 14052 23013 24037 33394 35120 37431 39304 45921 46040 51609 65641 88142 119558 120944 145728
4354 6684 6783 9048 12378 16424 30011 35060 38260 39777 44111 67532 89104 113695 148848 179276
1156 6543 11605 17218 18594 20422 26732 36119 36530 53348 58689 94720 101415 115542 117953 185355
25 10057 13536 13707 14888 23730 27074 43494 48027 53937 55911 62571 79342 94241 112213 140161
8798 12099 16964 19365 21270 33178 38370 43091 44774 56245 57669 58588 64214 126665 136163 145679
684 2323 8358 9613 21084 26734 32766 42243 61958 67041 68569 69192 82867 90598 104297 133659
3211 3970 5528 17697 22860 32460 35198 37983 48664 53631 61604 69569 71369 72090 76184 252560
373 6078 7362 11877 14533 14715 15430 18134 36187 50480 60513 80199 88787 117652 128349 173826
3296 3840 6581 6668 6718 22170 22976 26378 27235 38233 47622 61594 81858 110793 126524 142488
2075 6441 7972 8356 12384 15312 34834 35226 45051 56096 61861 77040 87786 91821 92447 111824
33 1861 3164 3811 8002 18954 20849 30457 33483 67983 68620 70015 86855 88781 143503 191095
2632 5119 9394 10687 11771 13223 16967 17996 44080 46080 77746 84837 92302 98703 107917 181928
3295 18360 18514 19171 23557 25690 28258 28390 44145 57198 58545 62799 78642 108350 123720 131164
655 3934 9788 16713 19983 24280 24679 30546 39214 44950 61557 85919 87250 117570 132222 166359
144 2847 9153 16443 16904 19427 25037 30337 43279 52781 64297 74937 78151 78772 113134 121707
