1000 18 31
1241 3077 3113 3179 4178 9783 10632 11432 11443 12048 12357 14668 15774 16398 16412 24589 25475 27018 30189 31226 37493 39042 41044 41595 49662 53916 58202 59405 60543 61937 87776
1525 1719 2818 3138 3505 4664 4969 5410 7515 8221 8542 9345 9647 9783 13402 15858 20954 21545 22820 23969 28377 30782 31777 36055 46094 49231 58487 69427 76856 92101 96386
176 1337 1878 1950 2036 2312 5527 5936 7933 8017 8938 11460 14155 18718 19462 19701 20656 22488 28334 28835 29532 31177 32737 41132 44671 47104 47115 60700 64787 76852 87166
1723 2030 2249 3119 3183 3838 4166 4441 5072 7903 8525 8742 9757 9799 10926 13578 21584 23781 26143 29112 33115 35486 40790 43917 46505 50748 64042 71338 79677 96842 100256
364 536 3469 3536 4096 7862 9358 10248 11750 14155 14788 15172 15847 20089 23890 26108 27742 28312 31256 31865 32460 35188 38842 41114 45699 49291 49613 55111 78208 82926 87955
1757 2327 4141 6311 6862 7734 8158 9333 9810 11067 11601 12797 15065 15678 16966 21030 21083 22180 22274 22991 24099 27267 32516 35442 53620 56813 59259 63239 73251 74657 101944
317 431 1068 4794 4961 6537 6966 7176 7370 7817 9157 11489 13428 14045 15357 16675 16769 17721 21097 24849 30800 30863 31849 33818 35841 36699 44548 44726 59947 96628 117481
462 1353 4771 5299 5555 7020 7734 8042 9508 10347 10610 11172 15158 16121 16958 18931 19617 22496 23681 24988 28960 29787 31761 39020 44076 46744 46907 73098 82176 115716 135478
135 1236 1370 1456 1753 2011 3668 4094 7046 8936 9952 10982 11576 13141 14136 16150 23928 26021 26644 27572 30346 33066 34259 34369 35994 42914 48073 50275 66693 93228 94872
1201 2013 2168 2682 3199 3663 4064 4444 6891 7732 7857 8017 8783 9743 10059 19396 22165 22654 24324 28701 29805 31613 32113 33083 41571 45987 46400 48238 53687 111595 114951
1032 2644 2912 3772 4086 4318 5391 6105 7779 8441 11434 12297 12845 15124 16190 16643 17467 23262 23897 24716 28407 38924 41116 42760 44233 46891 55250 62942 66585 86957 96452
1183 2425 2929 2949 4314 5111 6760 6774 7686 7829 8447 9292 10929 11128 13650 13902 14359 17466 19092 19309 24640 27265 28038 30199 30736 43738 67285 74189 82044 91674 138652
243 685 833 1206 1222 3508 3589 4900 6689 8654 10518 11114 11249 11381 11608 13459 15658 18633 19978 21379 24662 26583 26599 42053 42451 43166 47950 73168 81560 106890 154020
1127 2486 3645 5313 5508 7711 7876 8893 10660 11570 12620 13053 13255 13354 14783 15490 15938 21307 21329 25235 31116 33261 34431 38406 39215 41027 45675 48555 51892 87986 176174
1959 2948 3802 5569 5959 6187 7282 7642 8011 9006 9288 9528 11678 13843 13990 17777 17993 18144 18777 19099 20767 20888 24261 34789 35683 40079 50737 66034 73842 78772 108858
1560 1660 2007 2780 3018 3039 3153 5580 7805 8857 11413 14672 14967 15178 17136 17425 22762 22946 24804 25638 25855 25868 34280 37240 47282 59258 60258 63089 73825 82630 82961
184 2056 3219 3723 4960 6746 7676 7770 8493 9752 10003 10654 13031 13109 13733 13814 14074 16768 18416 19252 19890 21749 27835 30971 33670 42473 56140 57310 89823 96598 104921
2688 2962 3791 6293 7163 7538 7646 8184 8306 8933 10299 11769 13486 17623 18153 18679 20256 20990 25038 29634 29955 31294 41768 48604 50671 52735 55674 66571 75846 83908 109678
