1000 31 8
713 954 3087 44787 99120 119850 120879 316475
18873 23101 42502 59903 79845 80251 146861 252015
10016 35958 37395 40568 65588 98396 282796 318105
43578 56745 65956 78585 84003 88089 139093 216814
5847 60210 79085 79832 80896 137366 147902 185026
1356 10648 33765 36125 70654 100443 216791 376746
4700 34526 35346 60609 72684 123566 255630 266942
1964 20112 43598 109396 111474 124697 165937 202116
14645 40783 50755 101381 102645 110230 124665 136317
10617 31179 63795 71076 92427 102183 108465 282187
12657 28917 79242 104904 106486 146492 162789 180751
9587 13523 41328 49251 127199 130262 156368 200844
27419 27537 51404 79494 124136 135307 174079 203798
6646 27577 31121 53629 76181 154460 184176 201108
21092 30376 31967 53361 71477 98087 245962 284140
2128 25830 55488 81431 92133 150093 174464 213074
6797 18260 26656 52105 65208 78477 156049 369425
231 1176 8665 17772 73034 135904 271761 291961
17906 52201 60316 80780 84907 140537 166415 221505
7697 15132 57442 73339 115425 143355 151255 284957
16249 26403 32628 39677 63216 63845 98078 351401
3711 19564 37868 69553 104929 108568 251905 273484
1744 11560 18447 30326 72315 102267 124529 471913
4740 33145 66839 82618 92083 102052 131756 203721
667 7640 19598 23679 37098 171984 195145 324961
10705 23460 28324 70776 119311 139200 176251 288697
5772 14452 29522 37541 60217 135247 211227 313782
31665 35179 38207 42525 64735 82340 130099 280707
1848 1981 45932 50620 105316 182682 204882 262561
3105 22452 37253 85831 99001 134646 140687 218730
9958 32968 42952 44446 102483 105973 159139 211678
