1000 50 24
548 4338 5560 6182 6520 9559 9580 9881 10443 10936 11423 13704 15132 18355 19629 28945 33127 38210 44321 83117 95554 102079 122320 176762
1335 1554 2521 2739 6852 7027 11610 12268 13737 18885 19423 21977 26800 30363 35442 36250 43193 43630 44753 47746 81578 91224 100835 115963
2556 5436 5589 6167 6243 6402 7160 8462 11872 12004 13575 16042 19197 24580 27094 35265 49659 51038 53719 54074 56688 60829 75834 110374
4349 6195 7697 8353 9212 12600 12630 13382 13907 15152 17395 21051 25543 26523 35198 35871 40078 43516 52406 68988 76064 89472 124107 136363
328 2169 2242 2915 10623 11017 11459 15023 16409 21295 22638 23775 34974 35356 39491 48154 49439 51437 55114 59348 68010 71179 71419 83833
402 1589 2906 3070 3451 8341 9450 14513 16760 20113 21626 22705 23076 29847 31358 32027 32477 41138 43851 47984 48025 88386 119071 131950
2696 3519 5604 7759 8673 8915 9683 9999 10923 11483 14395 16208 25342 30148 31020 46787 50818 55810 58378 71199 84554 92405 107220 108159
409 789 957 1283 3953 9496 11543 13804 15369 15525 18062 18531 23625 33667 35099 38938 47510 56738 67158 78643 85742 86833 98637 104064
229 1036 1063 2462 3288 4521 5349 5453 6546 9753 11262 15413 18712 22872 23860 25600 29961 30953 33876 42592 71775 84568 145247 163190
8 952 3706 4339 6405 6425 7016 8630 9814 13308 14160 14656 14722 16388 16902 17269 19855 20110 21077 26710 39351 77982 167999 230202
403 1197 3168 6170 7278 9130 10098 10107 12103 14254 19774 29566 29951 30978 34596 35577 44164 54191 58464 58559 80012 87771 90391 96677
2168 3489 6044 6086 7950 8282 12439 13154 14441 17807 19310 23440 25101 30138 33740 34653 37650 42161 51043 77914 82746 83178 98742 109629
436 1513 3339 3644 3751 6580 7524 8187 9292 9798 11815 13676 17452 21400 23737 23786 29015 29326 30688 36775 48875 63426 107196 223901
805 5769 5957 8476 13368 15821 21178 21439 22209 22358 26006 33167 33531 34835 37875 38767 39379 41213 42607 47587 56736 60996 71558 107890
1862 4114 7153 8666 10216 11042 18025 19774 21465 22000 22529 26696 28126 30097 34302 36296 40298 40891 45456 55601 57214 57343 58976 100327
409 412 2046 2535 4765 7596 12121 12343 14205 19990 22490 25834 27026 27477 30929 31827 38218 38378 43800 49444 52397 53145 91791 161420
332 1437 4127 10128 14762 14983 16799 17372 22533 24453 24465 24468 24621 25116 34106 34151 39707 43347 52316 62923 63006 81992 106003 140745
641 1697 3892 5885 6629 7681 8636 9652 12297 13236 22280 24864 25034 27790 38243 41534 41847 43004 55769 56043 59569 86039 107018 201717
3134 3827 5330 8151 10918 11637 13894 14825 15647 17285 20280 22012 23006 26405 26679 27189 31695 33182 33260 42991 60733 67785 78928 163197
1115 1798 3488 3603 4548 9514 13727 16838 16940 21013 21521 24413 33065 33291 35390 36363 39850 42705 46822 48893 58554 80289 89801 89894
1172 1350 4519 6372 9469 10028 11696 14037 14639 16233 16694 23465 25850 26844 27561 30661 32301 36631 48331 48882 58935 59420 98555 156703
293 775 1243 5665 6761 9892 10971 11008 12837 15676 20354 24257 29565 41161 43729 45941 46350 50221 55015 65501 70552 86848 120316 120714
1114 2753 5458 8377 8503 9218 10727 11417 14426 15359 16485 20130 29483 29518 35045 37448 41873 44099 70946 86286 86958 91161 94414 103364
178 1240 1479 2205 5788 5825 6372 6477 12176 18284 22478 23409 26222 27859 27878 30760 38677 43609 46151 69993 75444 90129 108755 119767
1899 2369 4301 10569 11839 13740 15007 15386 15654 29500 29687 31761 34491 36083 36851 37255 42609 44521 46608 50206 52407 55118 75524 84223
414 2249 2268 5239 6014 6129 10801 12034 14349 18100 19835 21067 23528 23572 30051 31319 32178 35898 43938 51026 55079 73871 79253 125633
760 1792 4863 5955 7004 7813 9154 11711 13153 14538 23795 32841 34579 39111 40088 43184 47546 50784 53296 59181 69779 69872 79571 83242
451 2315 7092 10356 11098 15033 17498 19025 21794 24456 25617 26252 27100 30095 31076 33461 35379 40237 53820 56334 57048 60231 62011 69603
605 2469 2793 4406 6355 10176 10380 14326 14396 15249 15866 16848 23111 28035 28093 30916 41537 54316 59412 75325 76228 81519 106577 107906
614 1105 1145 1207 2463 2908 4862 10735 15854 19758 20718 20857 25029 25192 27152 29336 41359 41939 44061 55927 64254 67209 96498 162011
366 2903 4072 4406 11388 15032 15048 17355 20084 21287 23155 23864 25325 26254 29964 34861 38452 41952 42231 56499 59511 67583 85891 148530
1132 2280 2870 5256 7572 8642 12575 13795 13912 17527 19457 20837 26411 27210 30099 30189 32173 37112 41763 46718 57424 73984 106774 131638
901 2165 2260 2945 7769 8195 9705 11760 12947 13356 15239 15829 20725 26539 28110 35509 37428 44919 47102 55392 73967 77625 126977 129373
778 3689 6276 7539 12802 13746 17468 17468 17660 21566 25523 28736 28797 30301 36630 37711 50678 52597 53736 54104 63150 93638 99321 114680
181 1641 2969 3518 6728 14059 14399 20289 21176 22229 25966 26850 27900 31450 32803 42713 45471 60657 61340 62223 65305 69057 72788 109197
1291 1748 2232 4626 5215 5422 7185 8785 9580 11130 15484 16127 18278 28828 29631 36718 44247 44875 45039 49482 77525 84862 117463 155939
220 1183 2704 4871 6166 7565 8206 9942 10965 13395 14468 22469 22743 24923 25979 28648 33299 40516 44951 50526 53054 68586 82887 144257
535 2702 3622 4199 5799 7331 9027 9167 9359 9823 12123 12344 13269 20190 20685 29103 30380 34569 39966 41630 48435 80381 105425 184660
568 984 1680 2485 3805 5015 10396 12671 18336 19740 20313 23856 25980 27979 32192 33853 39549 48527 51916 52907 65056 65253 68426 113383
1355 7598 10601 10835 11162 11644 13325 13929 15829 18886 23611 24655 26616 27444 28584 31067 36242 46296 49603 54195 57614 67605 93393 107942
632 750 2533 3307 7500 8216 10865 14121 16236 16325 16749 18574 19360 20687 24727 36372 38504 45070 54005 54518 69944 77023 89597 122594
857 1451 4316 4544 5282 7867 9872 10153 14963 19102 19949 20703 21809 22871 24965 26298 26419 34497 39472 40632 55600 65822 143823 166966
3617 6176 6895 8858 9247 9258 10743 11187 14681 14688 17569 19628 20350 21886 22611 25542 31157 39610 47654 54845 67697 68250 74649 117907
1166 3603 5328 6231 11834 17579 18771 22024 23587 26627 29205 34157 34504 35518 36423 40742 48670 50369 51927 58619 59321 72741 83049 87555
1625 2682 2968 3383 5298 8922 10026 10545 15596 18218 20656 27013 31400 31773 38333 43457 49436 51715 57013 58725 59167 62018 62104 108642
2931 4695 8338 9776 16241 18992 20776 20794 21966 22334 23132 24931 25684 37258 40310 40791 41420 43525 46090 61280 69123 70780 85315 112204
1042 3332 3987 4248 5275 5503 5804 5989 9387 10565 12770 18507 20534 22816 27956 33177 33373 38697 42685 72503 74119 79407 94244 106679
2213 2815 3163 5227 5955 8935 11135 15030 18355 18504 32293 33063 33398 40686 44277 45815 46096 48577 51929 53835 55519 63857 68165 153613
114 646 1076 1974 2616 5573 7673 10288 15512 18532 19771 26006 29366 30939 35971 40301 49143 52135 64443 66125 72230 81159 91621 108916
1427 4797 6385 6710 6841 11001 12715 15119 16640 16703 21558 21578 23976 33182 35609 35771 36842 39190 42175 42384 52695 66279 90202 105460
