1000 11 11
4566 5296 19100 43321 48147 96178 102016 107386 146377 184975 216069
13392 27792 52081 65271 65462 73567 100499 110539 127318 128615 209147
2676 3602 22893 58163 58770 68385 83422 84162 128573 208166 267774
3528 8955 10448 12834 17201 47343 57045 70298 177051 233593 337647
15144 15886 43091 50936 59890 66746 73642 104353 117065 135630 298183
11595 18859 25075 29866 30052 63297 78328 91466 125875 142745 361708
12090 17733 32662 41565 44790 80033 86589 99915 123696 157321 281076
8746 15291 24364 44388 48369 56139 65391 113994 143224 170195 282466
8511 34769 40448 42432 59254 72867 74270 121821 154076 157367 209437
4072 16161 27818 42311 47577 62578 71717 110930 135878 138712 314719
6047 12581 37846 41047 44448 46380 50087 78811 99536 272121 291616
