1000 44 49
22 581 643 1091 1253 1477 1628 1633 2103 2817 3931 4924 5981 7498 7569 8972 9236 9555 9885 9952 10315 10426 11490 12094 12723 13681 13916 15060 15325 15851 16305 18234 20309 22443 24737 24800 24922 28013 30339 31206 32895 35086 37656 37880 42199 43128 54645 74904 93299
185 201 1412 1686 2171 2337 2556 3529 3901 4390 5036 5232 5335 5571 5868 6508 7183 7187 7987 9833 9936 10370 10411 12519 13298 15679 16128 16493 16814 17410 18622 19645 20574 23277 24324 26031 26194 26474 27471 28262 31001 38143 39533 47599 58556 65343 65519 68349 71656
338 530 1129 1205 2376 2918 3339 3805 3914 4164 4423 4851 5552 6017 6104 6239 6478 6690 6938 8055 8567 9217 9351 10469 13704 14644 15675 16674 17388 18992 19461 19519 21448 22157 22871 25750 26363 27053 29651 30780 32372 35984 44221 46902 53249 56468 70461 71155 78754
256 560 781 865 1140 3994 4043 4093 4179 4610 5006 5186 5302 5719 5779 6021 6372 6514 6574 6800 6970 7689 8628 8706 9257 10362 11891 12277 14347 14882 15002 15407 17006 17467 17704 18281 20811 23497 23586 27792 34850 39252 39880 44133 47602 47633 58166 91014 118229
127 620 634 1204 1436 1870 2107 2244 2603 4130 4345 4553 4856 6066 6172 7498 8146 8433 8646 9382 11467 12175 12454 12706 13204 13437 13940 14474 15398 15416 15448 16108 16514 18126 19374 19767 22957 24383 29260 29810 39633 44696 45640 50727 53172 53892 64220 67851 97462
668 684 781 943 1093 1792 2026 2080 2213 3368 3554 3815 4616 4843 4952 5614 5649 5807 5902 6072 6655 8237 9405 9550 10099 10322 10599 16341 20447 20675 20931 21414 21972 23494 23744 24444 25950 27829 29903 33695 34071 36487 38298 40575 42855 57984 60233 76100 81782
158 253 1427 1564 1952 2870 4139 4326 4480 4987 5153 5649 5850 6130 6564 6669 7079 7567 7883 8211 8537 9584 11774 12477 13753 14495 14619 15153 15497 17415 17862 18262 19065 20003 20062 20929 21585 22136 23845 25434 33668 34302 35744 35771 48156 49009 57008 82947 119163
983 2702 3278 4127 4237 5484 5687 6110 6396 6761 7439 7819 8222 8260 8279 9090 9157 9590 10424 11786 11796 12198 13320 13550 13980 15553 15636 16401 17825 19010 19479 21321 22143 22652 22805 24427 25704 28142 30169 31846 32014 34736 37417 37934 41123 50108 51093 58237 60921
37 568 692 1072 1393 1915 2393 2460 2553 2707 2757 3760 3892 4288 4713 4871 5638 5964 6143 6252 6747 6974 7854 8832 9153 9329 10890 11054 11106 14056 14291 17441 20023 20552 21507 21547 21731 27699 31182 35515 35740 36481 37672 43417 49387 67824 77565 88016 90178
19 354 398 846 916 1403 1410 2870 2891 3190 4306 4520 4811 6561 7228 8025 8457 8860 10903 11350 11554 11688 11862 13029 14437 15019 15689 16356 18768 18868 19047 19505 19520 20262 20351 20956 22695 23752 29279 31170 36262 36454 40688 44936 46219 57897 60759 68047 72185
65 422 622 713 991 1380 1760 1923 3140 4439 5097 5224 5360 8266 8358 8615 9368 10448 10455 10505 10872 11350 11886 12440 13109 13272 14768 15501 16332 16666 16747 17712 18761 21897 22554 23793 24575 27378 29848 33523 33686 34602 44616 48566 48607 49699 54081 56570 91048
88 917 933 1053 1463 2097 2301 2396 2682 2712 3395 3918 3972 4197 5789 6238 7165 7332 8678 8884 10415 13327 13592 14244 14910 15325 16056 16308 16345 16644 17469 18344 20081 20962 22637 23496 25226 27999 31957 33066 33975 35826 41926 45388 45780 50468 52362 54413 85275
777 1557 1685 1836 2050 2182 3041 3347 3478 3639 4873 5197 5836 6475 6666 6739 6929 7326 8382 9085 9376 12234 12776 12944 13375 13704 14650 15893 17331 18377 18467 18540 19287 20688 20791 21748 25891 27744 32074 39331 39407 42497 43643 45464 48004 49110 54151 76400 81755
299 391 545 983 1579 3361 3568 5706 5724 6256 6523 7423 7541 7695 7959 7974 8654 10606 11017 11446 11476 11966 12069 12114 12969 13792 13878 14927 15345 15897 17138 19799 22937 23717 24487 27048 28597 30510 31783 31971 36900 40312 42569 43400 43413 44398 51318 51339 86536
1457 1813 1968 2680 2949 3111 5899 6446 6547 6549 6885 7269 7912 7913 8729 9559 9602 9725 11057 11123 11957 12294 13293 13415 14341 15201 16319 16653 16679 16793 16969 17756 22912 25771 26128 26884 28064 28128 30038 33759 34921 39044 40604 43258 46570 48173 57116 57980 60877
36 358 869 965 1189 2042 2402 2740 2803 2980 3291 4294 4595 4626 4627 5109 9636 10664 11295 11473 11987 13420 14178 14228 15833 15939 17026 18744 18920 19341 19669 20615 22829 24330 24638 25714 25825 27053 30064 30371 31015 34008 36854 45129 45183 45659 52614 54512 105538
236 939 1290 1373 1699 2155 2372 2519 2743 3398 3508 3878 4464 5170 6125 7309 7411 7489 7497 8698 8897 10727 11710 11792 11970 12136 12199 12350 15214 15535 15977 16611 18385 20022 20081 21337 21845 23740 28154 31472 35583 44003 44340 48638 48927 53424 56170 76806 78829
572 1494 1668 1935 2829 2911 3092 3326 3909 3930 4629 5707 7406 7518 9105 9158 9257 9306 9561 9565 9841 10923 11032 11162 13532 13557 14529 14975 17290 18315 19473 20303 22030 22446 23459 26125 30056 31321 32495 34599 36262 37996 38709 39403 39600 47276 50477 54835 96838
837 941 1285 1590 2057 3259 3366 3542 3604 4486 4497 5015 5347 6099 6545 7712 9939 9971 10647 11001 11900 12750 13448 14855 15198 15329 17200 17315 17780 18354 21187 21519 21605 25774 26526 26675 30301 31677 33159 33173 33519 34127 42421 43498 45522 48501 52224 61328 69762
678 738 1086 2072 2595 3057 3243 3736 3968 5976 5983 6658 7801 8230 9490 9600 9946 10115 10144 12654 12960 13156 13641 14582 15492 15519 15684 16131 19596 20201 20919 23098 23721 26716 27202 29200 31256 32566 34751 34866 35016 38410 38726 39178 40847 42427 47879 49505 63715
60 1913 2447 2697 2722 3078 4238 4590 5490 6396 6405 6716 7331 7868 8566 9323 9945 10788 10806 10807 11212 11397 11474 11742 13585 14639 15614 17860 18329 18954 19434 19452 19478 20768 23784 24681 25326 25357 26731 28604 30910 35285 38359 39678 46082 52794 54586 60689 77839
234 427 657 658 724 1635 1713 2011 2112 2515 2685 3589 3956 4317 6402 7439 7684 7769 7868 9266 9338 12439 12463 13471 13822 13902 14215 15509 18344 22988 23436 23538 25406 25735 29611 31805 32159 32712 33298 33386 38227 42049 44040 44108 46850 48915 50799 51590 63715
632 1220 1328 1591 1642 2250 2553 3431 3913 5267 5337 5525 6066 6107 6364 6739 6826 7260 7331 7335 7505 8781 9094 10107 12140 12268 12386 12419 13360 16415 17292 18244 19011 19453 19579 20258 21154 21369 28617 32533 34368 40741 43227 44052 47741 60105 70123 77822 81301
62 655 2413 2807 2935 3454 3678 3763 5836 6463 7361 8051 8241 8365 9325 9356 9864 10531 10787 12312 12449 14025 14641 14996 15316 15936 17112 17285 17547 17809 17833 18647 23321 23555 23944 23994 25093 26814 26834 33143 33385 34693 37259 40002 40557 45031 46359 56207 98777
195 727 981 1149 1551 2043 2501 2832 2908 3419 3450 3849 4512 5356 6208 7278 7622 8041 8177 11419 12046 12250 12480 13704 14987 17040 17293 17469 17752 18785 21114 21741 22172 23564 24613 24904 25746 25768 28883 32996 33735 36374 37339 39225 39335 42953 50097 60557 96206
349 624 646 1130 1132 1218 1313 2682 2687 3314 3375 5264 5829 5957 6077 6271 6350 7245 8477 9162 10086 10717 11963 12062 12160 12487 12597 13697 14031 15268 16622 17262 21418 22524 24390 27631 28729 29175 30867 32546 32594 40995 41704 44432 44587 49423 59007 70370 72769
229 329 1400 2493 2525 2648 2976 3309 3402 3403 3547 5100 5380 6050 6473 6603 6932 7034 7247 10229 10502 15194 15813 16806 17295 18892 19667 19822 20163 21663 22148 23162 23793 24875 25498 26258 26311 28021 31991 34728 36184 37217 38221 40666 43520 44383 47874 49587 56048
735 1316 1826 1956 2674 2793 3262 3578 3759 4155 4302 4373 4747 5160 6544 7011 8243 8306 10174 10229 12746 13141 14117 14150 14258 15305 15540 16664 16770 18645 19115 19233 23093 27397 27723 27890 29686 29751 32301 34098 34765 35576 36083 38781 43463 51542 59224 60262 76507
315 1357 2225 2369 2509 3084 4067 4702 4966 5136 5187 5478 6472 6706 7030 7378 7525 7850 8190 8370 8486 8546 10179 11484 12497 12765 12768 12957 14135 14212 15822 16953 17067 17279 17448 19253 21469 21666 21829 22482 27109 48529 50083 50618 54813 58284 70832 79648 82730
497 569 1646 1659 2398 3270 4399 5410 5465 5798 7008 7128 7240 7305 7470 8598 9462 10078 10880 11291 11674 12136 12384 14294 14358 14390 15012 15059 16961 17580 19758 20495 20645 20853 22661 24060 26525 27458 29114 29833 34471 35047 36036 38270 40685 48231 55915 56716 89464
199 685 1187 2911 3115 3347 3959 4184 4273 4391 4412 5620 6915 7039 7487 8974 9326 9692 10667 11466 11778 12938 13695 17010 17212 17969 19662 20724 21027 21820 24489 25548 26050 26602 26780 27806 28107 29033 31169 32284 32355 33152 33371 38817 40287 40858 51244 56754 75944
21 210 582 1457 1628 2669 2972 3216 3611 4216 4319 5182 5937 6030 6036 7321 7408 7938 8325 10916 11193 11392 11990 12438 14533 15673 16394 17113 17451 17463 20485 21721 21774 24368 24852 25801 28004 28056 28831 30427 31105 34298 37491 37724 42748 43260 44785 77057 93749
433 540 727 1077 1359 1538 1827 2893 3349 3401 3525 4194 5210 5699 6636 6638 7285 7584 8314 8455 9114 9125 10147 10280 11051 11544 13221 16888 17992 18123 18409 18914 19405 21334 22166 23001 24977 26238 27846 29490 30168 34043 46289 49468 59338 60815 61133 62051 68922
148 270 791 1281 1367 1478 1647 1807 2478 4307 5018 5020 5166 5310 5519 5587 6515 6671 7678 7950 8099 8197 8951 9111 10094 11693 12519 15863 16562 16871 17523 18158 19878 21453 22921 29725 33901 37405 39087 42706 42826 44452 45184 48300 48692 59660 61146 65642 69925
82 160 508 1359 1832 2172 2629 2644 2878 3714 4516 4936 5888 6825 7003 7011 7824 8369 8586 8802 8916 9105 10626 11123 11462 11487 12203 13519 13951 14684 14846 15187 17007 17812 20062 21015 22211 23334 23979 31391 37021 39879 49202 49615 50383 53041 53676 90254 123169
192 538 641 749 918 1750 2270 2380 2509 3450 3940 4091 5204 5216 6722 8277 9318 9395 9498 9591 11346 12035 13070 13338 14085 14448 14846 14853 15206 15376 18653 19426 20810 21627 22085 23630 24165 24596 25673 30736 32356 33098 33763 36259 38779 55253 71309 86093 115833
305 581 802 1099 1105 1296 2966 4155 4204 5173 5508 5706 5956 5972 6200 7739 7830 7874 8531 9113 9712 10153 11532 11654 12083 13237 13438 13468 15594 15866 16117 17533 19694 22940 24709 25059 28642 29054 29420 31821 32273 34815 35311 37648 39502 42013 58358 59132 100454
452 760 955 1895 2494 2623 2822 4023 4699 5481 5609 6045 6363 6533 7482 8265 8902 10006 10755 11409 11864 12390 12905 13246 13344 13958 14018 15470 15749 17639 19870 19996 20114 21922 22025 22132 22864 24828 25629 27086 29058 29148 29786 29968 43152 52554 69747 73733 73810
34 291 771 1053 1285 1308 1474 1604 2974 3381 3728 4278 4844 4954 5252 5318 5492 8382 8615 9350 9766 10324 10661 11295 11430 12962 14745 14861 15506 17320 18032 18749 20642 21255 22146 23242 25196 27819 27923 28706 29131 32438 36752 40063 47595 63872 67822 73477 84360
177 240 824 1268 1589 1692 2107 2215 2423 2466 2696 2775 4234 4310 4530 5575 5799 6255 6610 6755 8700 9347 9595 9803 11399 11548 13494 15063 15097 16207 17274 18422 19796 21512 26315 27628 31143 31865 34410 38437 39302 41906 42483 49896 50403 50565 59097 59408 71674
139 497 613 694 1440 1816 1946 2234 3415 3477 3802 3809 3906 4048 4072 6768 7418 8381 9578 9931 10622 10654 12624 13301 13473 14224 18968 19008 21849 23328 23433 24205 25495 26479 27297 29950 30845 32187 35364 35498 39894 40487 40559 41287 47293 48713 49238 54517 54845
291 495 1059 1285 1316 2465 3073 3144 4159 4892 4935 5285 5813 6580 6627 8340 8799 9893 10318 10357 10943 11007 11598 12105 12577 12974 13169 13372 13854 14598 16434 22940 23284 23653 24891 26597 28518 30435 31311 32210 32616 37497 40331 40532 41993 57598 58850 65599 74886
10 625 1183 1673 2312 2934 2951 3981 4506 4896 5408 5680 7522 7973 8051 9802 10291 10313 11828 12465 13070 13457 13762 14008 14299 14453 14876 16708 19945 20561 22095 23209 26731 28118 28239 28472 29713 29993 30055 30516 32795 32862 37014 39656 40161 49304 50202 63827 68749
409 1398 2314 3543 3840 5381 5434 5497 6063 6349 6386 6392 7177 7430 8507 8564 9580 10612 11321 11370 12030 12115 12462 12464 12479 12480 14178 15320 15886 16558 16572 22259 22326 22787 23382 23912 27053 27349 27908 29613 33607 34916 36348 37708 44852 45576 50040 59651 77557
