1000 38 47
276 351 1039 1347 1861 2443 3075 3374 3617 3722 4306 4704 5126 5137 6863 7247 8035 8112 11072 13284 13836 15017 15173 16246 16254 17099 17202 17643 17654 17796 18646 22223 23043 24510 25621 26038 28118 29389 29564 30789 35053 36538 45745 45773 45858 48260 54776
58 846 862 2154 2278 2317 2562 2729 3988 4080 4154 4317 4389 4635 5141 6427 7210 8641 8814 8822 8919 9206 10003 10315 10416 13054 13955 14970 16442 19763 20669 22745 23748 27944 28051 31467 32336 33079 33154 33900 35505 44738 46209 48692 53983 71089 77893
473 681 1228 1496 1823 3385 3447 3487 3814 4146 4237 4680 4745 4915 5222 5657 6282 7277 7760 8254 9745 11040 11207 11520 11557 13229 15224 15261 15485 15826 16832 17200 17255 18442 18586 20697 28985 30058 30081 31375 32423 34002 35287 36266 36270 55414 76835
661 1129 1206 1385 1398 1830 2843 2881 3144 3256 4180 6475 6653 8104 8454 8854 9768 10494 10610 10820 11501 11527 11621 13023 13142 14497 14682 15691 15858 16614 16982 19568 19938 20231 20667 21353 23620 25096 25456 28594 29597 34378 37352 39979 40875 49486 52521
61 78 113 467 517 714 784 975 977 1080 1184 2649 2881 3541 4269 4284 4608 6193 6452 6912 7156 7669 7726 8756 9551 12342 13397 13838 13901 15070 20469 21276 21456 22415 24443 26005 26676 28994 29962 31232 33080 34368 40044 43106 44164 44846 73535
98 131 325 643 1045 1640 1657 2296 2419 2431 2753 3152 3828 3938 5732 5757 7168 8981 9623 9644 9649 10064 10753 11895 12491 12879 13976 14224 14547 14655 14948 16872 17062 17371 18584 20011 20090 20460 21649 25265 32435 41255 41931 44671 49674 55777 81633
346 1100 1137 1884 2098 2360 2411 2738 3410 3467 3874 4130 4855 6176 6464 6502 7391 7411 8899 9035 10323 10878 11119 12235 12481 12819 13622 14541 14723 15195 16328 16777 20138 20486 21627 23117 24336 25192 27000 30860 35929 38339 38537 49301 67505 74628 96474
467 974 1045 2102 2260 2357 2785 3323 3653 4087 4370 4441 4766 5312 5649 5760 6202 6627 8142 8807 9002 9089 9191 9957 10874 11534 11579 13336 14495 14809 17721 18492 19989 20426 20760 21388 25047 25165 28842 35928 39750 41348 45198 48878 50258 51440 64453
40 217 370 917 958 1471 1957 2338 2729 3298 3726 4037 4447 4636 5223 5259 6331 6455 7295 7547 7661 8688 8900 9719 10763 10794 11482 12836 12852 14420 14470 14802 15803 16660 18576 19202 21135 22728 25986 26849 28016 30119 35911 36633 48621 49397 92010
849 1204 1440 1459 1483 2486 2496 2505 2641 3769 4536 5098 5289 5364 5471 5723 5823 5859 6667 6775 6834 7051 7883 10405 10620 11209 13523 13943 13958 15271 16234 16805 17344 19719 20261 22247 22594 23793 24211 25813 30587 40269 41504 42622 57191 59488 73715
286 369 939 1740 2000 2383 2965 3946 5415 5698 5712 5993 6939 7296 8227 8585 8651 8767 9661 10154 11734 12058 12631 12767 13125 13410 13445 15618 16215 16797 18387 19586 19651 20876 21928 22268 25181 25554 27510 31811 32356 36473 39064 48917 52455 54206 61266
120 229 1207 1477 1478 2764 3595 3776 3891 3907 6463 6578 6608 6821 7086 7408 7732 11690 12365 12650 14566 14601 14676 15092 15855 17891 18374 18467 18649 21645 21687 23766 24228 25979 26547 27576 29296 29366 32629 32661 32978 33457 36695 38828 44994 54512 65466
82 370 1324 1364 1657 1705 1947 2110 2174 2228 2250 2340 2430 2790 3219 3345 5694 6761 6914 7554 8353 9434 9609 9754 10115 10553 10889 11813 12009 12206 12697 12958 13993 16115 17157 19643 19873 20145 21865 25612 28681 31172 32352 33031 43422 61617 100547
606 1124 1213 1644 2323 2664 3623 4017 4161 4248 4431 5099 5358 5420 5532 5916 6475 6588 7573 7592 8926 9080 9969 9977 10118 10510 10957 14158 16427 16877 18610 19383 22169 22921 24487 24613 27240 27852 29608 34177 35065 42448 44554 48963 52485 52527 54609
358 626 1982 2364 2892 3488 3519 3904 4289 4958 5153 5569 5579 5890 7290 7347 7640 7708 8402 8742 9630 11915 12628 12679 12719 14722 15064 16537 17397 18421 19156 22176 22720 23493 25182 25282 28177 30269 30660 32089 33266 36194 45373 49565 49661 52011 77049
104 150 397 536 671 762 819 835 1004 1199 2934 4988 5457 6500 6579 6960 7715 8459 9194 10121 10902 11988 12846 13664 14097 14188 14345 14936 15264 16193 17394 19489 19880 20292 21191 21312 21444 26865 28388 33828 35853 44709 53160 53468 54917 66595 126209
230 432 748 1147 1545 1873 3055 3131 3795 4532 4603 4708 5339 5369 5855 6254 6333 6511 8070 8964 9212 11462 11606 12309 12431 12667 13007 13663 14663 15084 15607 15750 17040 17187 17527 20212 21826 23059 27610 27846 28480 32486 35172 35248 39411 40108 40910
511 582 1213 1299 1359 3090 3183 3876 3949 4280 5634 5887 6448 6473 7676 8407 8677 9438 9536 9544 11126 12131 12448 12916 13022 14153 17989 18110 18216 18477 18847 21877 22255 23954 24035 24290 27443 27566 28022 30493 32604 34520 39009 47743 54277 56734 66811
1003 1388 1760 2725 2983 4411 4548 4624 4718 5127 5238 5819 6014 6163 6547 7206 7379 7504 8104 8224 8980 9263 9546 9686 10587 10695 11310 11377 12789 12790 12797 15433 16926 17085 17435 17552 18232 19868 19911 23459 24843 29610 30367 38337 42608 51808 63628
137 1362 1373 1808 2528 2985 3261 3332 3978 4721 5577 5989 6123 6226 6529 7084 7244 7741 8257 8865 8947 8983 9433 9698 9734 9757 9799 11067 11121 11790 12015 16083 16269 17043 18185 19296 21969 25992 30102 31672 35372 36931 43476 44205 63341 72177 81897
24 1032 1164 1554 1789 2411 2629 2840 3906 3968 4018 4885 5157 5199 6543 6602 6728 8706 9047 9196 11435 11678 11952 12304 12987 13358 13488 13583 14157 14321 16605 18190 18765 18924 20600 22613 24393 28773 31321 35735 36267 36410 41235 48768 51669 60362 80143
246 333 702 717 790 1366 1380 2471 2961 4749 4776 5104 5385 5461 5749 5800 5856 6337 7389 7927 8215 8667 11199 11732 13612 14947 15824 17189 17695 17784 23033 23100 25711 28796 29100 30180 32000 38973 39485 40349 42775 43998 44474 44865 47209 50943 56278
537 558 1983 2126 2228 2329 2789 3887 4208 4210 5048 5612 5794 6471 6923 7633 7779 8903 9103 9107 9417 9698 10760 12824 13500 13578 13814 14527 16643 17080 17482 17827 19203 19204 20540 21790 22659 24120 29345 30509 31555 33136 33401 39681 45867 54129 89471
1092 1334 1335 1399 2274 3058 3511 3662 3895 4065 5683 5741 6062 6857 6956 7340 8376 8730 8780 10058 10725 11120 11208 11290 12127 12481 12717 13848 15119 15156 15839 17523 17890 18115 25834 25879 26004 28788 29172 30005 41399 41809 46947 51852 51927 52737 82982
662 1180 1319 2056 3263 3295 5692 6203 6414 6675 6695 7042 7348 7700 8858 9911 10197 10446 11648 11831 12274 12361 12667 12770 14086 14175 14775 14810 15836 16807 17038 17465 17993 18980 20790 21226 23122 23506 23613 24179 24380 29846 40082 45240 52199 52404 56284
2 223 408 1674 1906 2073 2199 2416 2736 2985 3086 3118 4141 5122 5564 5756 6440 7282 8518 9042 9160 9236 9355 9787 9890 10885 12132 12370 12714 13144 13486 15226 15620 16111 17093 20564 22479 24295 28859 32754 35848 37631 41173 41243 46201 48382 61477
867 1633 1784 1918 1956 2884 2939 3098 4435 5668 5745 5920 6236 6345 6990 7472 8508 9176 9843 10394 10902 10924 11503 11822 12119 13629 14150 14222 14522 15207 16205 18004 18666 23500 25655 29112 32049 32371 32412 33329 35548 36745 39473 39601 45441 52140 61313
183 188 218 930 969 1155 1359 1446 1623 1857 2997 3041 3356 4182 4375 4492 5000 5957 6208 6712 7263 7403 7502 7966 8437 9798 11955 12605 15345 18897 19326 20778 21489 21798 24848 26003 26330 27743 29100 32454 35409 36904 46155 51437 53479 64047 83998
1774 1969 2083 2122 2191 2462 2914 3005 3237 3254 3407 3507 5555 5979 6764 6856 7933 8418 8615 8671 8981 9074 10883 11484 12759 14473 15213 16653 17183 17526 17849 20581 20738 21115 21518 23117 23323 25317 30424 30919 31684 36879 41685 42736 46866 54667 79912
5 266 707 1137 1607 2077 2494 2836 3039 3121 3132 4235 5351 5578 5918 5929 6196 6346 7752 9498 9593 11313 11472 14345 14905 18242 18966 19478 19661 21153 21579 22719 25179 26219 28839 30311 30975 32715 33322 37954 38832 41266 41423 50712 51393 52772 77962
1067 1458 1554 1690 1755 1922 2049 2104 2137 2500 2889 4399 4515 4672 4689 5062 5366 5433 5719 7127 7522 7908 7993 8334 9648 10358 12549 12833 13327 13421 15272 19013 21098 21419 23569 26854 27898 35348 35870 36890 39130 39473 41437 44996 63653 65547 85873
467 602 650 814 1016 1188 1222 1392 1561 2025 2717 3098 3796 4119 4301 5674 6677 7400 7527 7989 8532 9647 9925 10522 11128 11342 12421 12568 14681 17580 17649 18289 18734 19090 19405 21121 21755 25277 25854 28870 29450 30167 33339 36817 38423 45582 78127
181 200 1371 1562 1632 2965 3529 3947 4421 4996 5654 6241 6353 6518 6701 6780 7340 7687 7823 8836 9067 9636 10290 11519 13836 15439 15605 15629 15771 17736 19655 21798 21910 22436 26371 28310 30231 30950 35034 36037 41751 44833 44990 48179 50240 59523 71990
67 358 2309 2575 3183 3881 3990 4478 4878 5201 5339 5770 6313 6769 7758 8340 8606 8830 9576 9704 9966 10102 10801 11080 11607 12961 13756 14152 15357 15407 16051 18284 21765 23560 23750 24201 24782 27609 31834 34157 37733 37908 38599 40010 43390 44943 49136
76 363 1170 1482 1616 1837 2184 2442 2580 3338 3517 3941 4167 4350 4395 4737 4839 4972 5058 5063 6867 7498 7589 8887 10307 10411 11129 11223 15816 16213 18688 19113 19413 21441 23183 25666 26667 26869 27166 28338 28767 30318 32974 35019 36032 45219 50436
1365 1423 1714 1769 2879 3000 3007 3010 3601 4140 4398 5602 5838 6415 7727 7967 8457 8628 8658 8913 9265 9992 10535 11574 13280 13674 13694 14620 14843 15047 16126 16605 17040 19077 19897 20452 25587 25804 28695 36533 36953 44227 45491 47607 47622 59796 68409
252 608 783 981 1731 1878 2090 2348 3443 3639 4118 4151 4370 4430 5004 5025 6729 6732 6798 7369 7544 7847 8059 9994 10038 10140 10287 10755 11242 12118 13377 15521 17260 17709 18512 19122 20150 22141 26989 27321 32531 34175 35623 39800 53726 57687 59936
534 1228 1342 1437 1923 2092 2578 3601 3605 3976 4167 4383 4729 5716 7541 7756 8286 10414 10487 10751 11023 12988 12997 13461 13967 14809 15567 16013 16120 17404 18185 22787 23029 23394 24293 29034 29300 31676 32933 34248 36893 37806 38824 40820 54408 71528 94629
