1000 34 44
3023 3745 6115 7170 7562 7818 8383 9388 9680 9688 9916 10210 10454 11342 11445 11647 11653 11874 12549 13203 13561 13905 14980 14981 15789 18525 20169 23376 23398 23695 24925 26644 27951 29481 29831 35973 41355 44968 54157 56542 61996 63220 63722 64797
439 880 1634 2504 3118 3626 3634 5128 6725 7195 7951 8013 8148 8683 9520 10043 10870 10894 11022 12766 14598 15407 16064 16477 16785 20276 23178 23230 27867 28278 29966 30180 30460 31255 38831 38842 41747 42046 46048 60738 63281 64670 70390 73527
196 1295 1315 1560 2089 2299 2763 3440 3643 3705 4217 5753 7414 10159 10845 12207 13336 15078 17573 17790 17792 18419 18943 19917 20212 22379 24654 25050 25073 26391 27090 33762 34261 35423 36116 37515 45151 45540 45970 47700 49123 52081 61748 85393
459 1174 2808 2907 3567 4594 5375 6247 6743 7703 8385 8709 9481 9507 10136 10225 10384 11814 11943 12318 13793 15112 15573 16268 16516 16899 17905 23901 25772 25814 28092 29838 31491 35373 36484 38068 39570 43821 44040 48083 51560 57042 63752 112586
973 1219 1561 1886 2430 2570 2944 4419 4640 5070 5942 6372 6524 7868 7927 8227 8421 9653 10917 12045 13932 14117 14386 14807 18257 18739 20264 20921 23706 26432 28000 29374 29662 32316 40013 42715 53588 54206 56590 57872 63589 68045 70736 72024
3 96 2210 2313 2654 3362 4894 5165 5868 5873 6175 7447 7552 8653 8696 11307 11843 11961 12451 13884 14433 15606 15686 17639 17695 18872 20965 23351 24151 24427 25389 25743 28504 31270 32364 36083 37009 37399 41469 47542 53691 63828 81872 129405
59 240 475 1221 2654 2927 4229 4905 6050 6245 6391 7203 7608 8354 9059 11179 12361 13120 14837 15352 15368 15688 19387 19526 19816 20716 21980 24145 24703 26818 28193 28671 29605 31582 34393 41011 41634 42006 49730 52401 55132 60583 63221 94424
93 175 1032 1289 3658 3948 4461 4601 4602 4629 4677 4871 5747 6167 6172 6707 8210 8314 11957 12736 13568 13751 17510 17546 18845 24190 25254 26912 27465 29985 33148 33421 34654 36908 38503 38581 39782 42259 42487 48495 48513 61146 68083 109518
1186 1206 1343 2418 2804 2994 3136 4237 5627 5830 8306 9021 10231 10747 11025 11310 11403 11777 11799 12393 13308 13506 13865 15152 15761 15839 21198 22151 23446 24364 25209 25552 27575 30421 31850 33354 35703 40734 42650 52311 76932 77101 83216 94160
361 1308 1954 2078 2098 2559 3874 4856 5485 6230 9210 9307 9683 10497 10639 10915 11433 13200 13767 13798 14443 15823 16388 16427 16794 17076 21559 23340 24516 25573 26977 28830 29586 30842 32495 44356 44372 45069 47606 55871 61872 67498 70119 71133
66 472 475 1207 1524 2019 2508 2964 3026 3099 4324 6530 6721 6772 7521 9609 11895 12243 13104 13598 15594 15858 16169 16292 18174 21869 22825 23315 25133 25610 26787 31567 34481 38860 39847 39852 40700 42740 43622 57371 61621 65693 73224 84490
961 1672 1959 2228 2232 3496 4378 5260 6590 7038 7210 7339 8385 8841 9151 9505 10893 11057 12823 13609 13611 14155 18691 19037 19788 20336 21429 22915 23509 25107 28580 30938 31646 33557 33687 34475 37312 37506 44951 50033 51873 57196 61881 129534
775 1303 1387 2044 2196 2741 3270 3678 4517 4890 5232 7005 9865 10177 10471 11451 13070 16688 17093 17716 18183 22809 23312 24130 24584 25698 27961 28040 29337 33185 34120 34804 35102 35825 36284 38296 38536 38795 45690 47190 47956 48413 54750 57671
99 280 612 693 734 1900 2189 2405 4599 5797 5877 6034 8482 8653 9321 10651 15801 17476 18312 19445 21240 21335 22710 23216 23993 24888 25664 27327 27466 29430 29552 29924 30469 31002 31105 32010 34309 35540 45352 48341 54885 62697 65575 77140
87 335 1152 1380 1478 4630 4813 5226 6294 6817 7899 8591 8898 9414 10961 11329 11732 11854 12189 14326 14361 14798 14839 15421 18160 19832 20211 20798 21218 21313 22924 30481 33641 35175 35339 40701 41161 43563 43798 45962 48903 67169 77204 108898
474 865 998 1140 1249 1769 4652 4982 5920 7284 8091 8526 8564 9414 11693 11752 13492 13656 13790 15339 15542 17056 18642 19043 20412 21168 21293 22319 22554 23996 24067 25602 27231 39359 39962 42767 50182 52983 53146 54751 56415 58233 59445 65444
265 294 1591 3325 4170 4314 4556 4945 5126 5657 6222 6699 7389 8095 8250 8462 8710 9905 10449 13578 13830 15392 16232 17173 18840 18864 19003 20874 23303 23829 31230 32698 32756 35953 41868 43706 44541 44738 45893 46598 57422 61503 75528 91765
1164 1340 1435 1893 2182 2824 2891 5440 6039 6820 7532 9910 10063 12104 12370 13178 13179 13183 15040 15867 17360 17773 17975 18772 20544 20951 21884 22876 23014 26133 26615 27446 27997 28271 30689 33091 33476 39950 50306 54990 62214 63462 76269 76296
207 665 697 836 1149 1300 1456 1524 1701 2566 2728 3019 3072 6208 8503 8708 9225 9418 9671 10411 10723 10842 12265 17338 17884 18965 19717 20776 21483 23591 24007 26377 33296 34082 34586 41908 43498 53410 60089 68802 71136 74954 83262 85159
144 987 1523 1763 2121 2957 3029 3415 3851 4059 4175 6614 6681 7274 8331 10399 11661 12001 12100 12534 14124 16207 16779 16850 17155 18462 19060 19168 21605 21851 23379 26850 27812 29253 29622 29802 37365 39116 46514 62037 63418 81232 86012 116250
4 78 1222 1554 2975 5025 5213 5258 5387 5388 6258 7381 7427 7515 7992 8267 8305 8759 9419 9702 10725 11072 12328 12523 13583 15883 15981 17234 19306 20647 22351 23862 29814 30106 30543 33270 42578 43325 44736 68102 71058 77578 102433 109363
594 1743 2464 2534 2622 2632 3170 3643 4050 4135 5813 5945 7487 7550 7952 10284 11745 11754 12588 12910 14032 14642 17118 17295 19814 19953 20460 21299 22488 23029 26244 28425 28767 31390 33225 34948 36920 40031 42274 56279 57470 61291 80941 122482
318 1346 1833 1880 1935 2813 2984 5536 5786 5836 5841 6510 6572 8199 8820 10055 10232 10948 12202 12770 13058 14137 15574 15612 16885 17572 20023 27555 28789 29334 31004 31008 33341 34922 35352 35632 36166 42759 53292 62390 62608 64135 73694 75136
109 449 549 776 1291 1751 1836 2476 4958 6375 6810 7380 7778 8323 9663 10061 11965 12180 12995 14352 14493 16823 17587 19038 19360 20849 20982 21593 23273 24076 24689 25503 30889 33355 34647 43298 48491 51262 51865 52520 56919 59020 81128 81899
360 816 991 3038 5031 6437 6487 6988 7295 7408 7428 8434 9164 9184 9670 9916 10051 10646 10839 11321 11339 11993 12698 15099 15451 16182 16302 17714 18347 18578 20751 25806 25923 28042 28195 33276 37262 40379 41821 45446 71169 74550 102993 123269
75 387 570 844 848 1823 2168 3149 3296 3428 3787 3889 4177 7030 10149 11674 11932 12607 13073 13779 14426 18212 18434 19802 20270 21069 21645 24929 25130 26396 28078 28909 30779 35934 36010 36644 39008 44363 45334 47696 54396 55710 65025 129722
172 636 1068 1954 1960 2041 2230 3569 3983 4104 4917 5625 6775 7572 8737 10547 11270 11902 11941 13985 14771 16898 17921 18801 20119 20142 20162 23708 23795 26228 27835 32696 34681 35406 38950 41223 44296 44613 49756 57153 60015 65680 68513 74580
158 589 1992 2747 3915 4161 4485 5791 6043 6540 6667 6986 8161 8205 8205 8211 8321 8939 9533 9738 9943 11657 11942 13027 13254 14218 16066 18040 20088 23177 23412 26975 27259 34554 36578 38019 48923 53693 54453 58574 76432 77862 79907 85591
372 615 698 1215 1301 3532 3665 3880 4416 5202 5696 7179 8238 8659 11144 11972 12034 12089 12320 12563 12759 13338 15475 16861 20312 24686 25288 25732 26019 28171 29766 30748 30831 31569 34613 38121 38351 43566 44986 54571 56936 66994 75048 81828
727 933 1603 2063 3504 3585 3825 4680 5632 5708 6092 6411 8725 9504 11143 13158 14191 14291 14660 15443 15448 15918 17762 17837 18814 19057 19188 19199 19715 21830 23646 24920 25083 25308 34883 35945 39854 40632 47570 50504 63588 63865 75288 114152
468 797 1177 3434 3457 4162 4214 5519 5655 5844 6718 8766 9415 9529 9574 9792 10059 11841 12595 13181 13863 14019 14068 16102 18284 19227 19997 20377 20437 20556 20908 25937 27433 29225 30756 30928 31552 33882 46499 53197 64244 82723 89890 114193
27 32 332 530 2125 2547 2703 2841 2923 3124 3744 3796 4909 5369 6098 6599 7852 10244 10536 14027 14180 15096 17176 17754 18768 19801 20491 21706 22844 23901 25295 28577 33096 39428 42045 45426 52062 54063 55235 57662 63414 65411 70442 82528
297 483 1059 1814 2170 3170 3780 3974 4694 5644 5868 6046 9476 9772 10974 12958 12973 12999 13056 14337 15429 16390 17110 17111 18291 19824 24419 24900 24947 26109 34640 35680 35700 36455 36845 42177 43026 43580 46833 49982 50100 56105 61941 81095
1180 1497 1964 2144 2458 2879 3082 3433 5347 5436 5562 6180 6449 6586 7011 7251 7821 8026 8817 9228 10843 12092 12341 13915 18075 20113 21044 21802 22978 24809 25992 27969 29933 31533 32097 38300 47168 48792 53477 59654 60185 72668 91855 92351
