1000 50 48
296 395 766 852 1491 1972 2026 2530 3194 3379 3802 3830 3833 4191 4827 5064 5555 5850 6226 7265 7367 8105 10728 13392 14672 15349 17122 17246 23093 23738 25200 26920 28193 28490 28596 29008 33834 37533 37952 39313 43241 47220 51613 52870 56020 57524 65957 73360
385 987 1024 1183 1713 2642 2789 4119 4179 4744 5357 6084 6582 7134 7803 8200 8254 8357 8483 9093 9180 9645 10215 11146 12749 13002 13985 14983 16563 16810 16914 18587 19776 21621 21682 22826 27363 34482 44526 44979 45671 46431 46717 48756 56350 58292 86140 96599
50 255 501 638 1364 1503 1534 1600 2249 2468 2840 2868 4624 5064 5421 5651 6029 6233 6830 6918 7766 8772 9364 9396 10846 10895 11404 12327 12593 13593 14994 17697 17773 18382 21229 24097 26381 33421 33928 34272 46031 46338 55472 57956 81604 83167 94450 107963
134 153 209 630 1304 2289 2577 2765 3148 4163 4579 4700 5246 5520 5806 5865 6057 8951 10113 10335 10518 10965 12710 12915 13141 14945 16554 20146 20594 21253 21636 24370 27543 28624 29937 31102 31585 32231 38028 38727 39989 43000 45632 49326 52110 55672 79152 83576
150 705 775 1147 1169 1243 2048 2240 2517 2770 3048 3362 4070 4819 6356 8827 9673 10649 10651 10677 13017 14369 16976 18609 18762 19369 21413 21857 22534 22562 22815 23238 25157 27686 28038 28887 31181 32846 36179 36374 37819 40370 44008 45339 48577 51997 55565 88957
522 921 1351 1362 1618 1846 2027 3310 6263 6589 6824 7668 7773 8200 11321 12038 12829 13326 14044 14111 15161 15957 16426 16525 17276 17361 17400 17825 18258 19887 23074 23740 24627 25093 25181 28014 28963 29043 32846 33842 35809 36812 38296 38564 46238 51313 64936 99483
45 834 879 1100 3504 3816 4437 4658 4914 4975 5209 5481 5637 5899 6466 7477 8879 9122 9933 10684 11081 12352 14005 14415 15505 15686 15771 16795 16878 16992 17844 18537 21292 23990 24933 30784 31360 31576 31892 32907 39394 47367 48229 48310 50023 65052 78919 90004
1489 1722 1901 2112 2482 2959 5014 5576 6059 6301 7291 9658 9737 9985 11302 11544 11767 12088 12225 13449 14779 15056 16298 16783 17285 17552 17654 18741 18831 18982 19019 19297 21525 22501 22897 27321 27891 28177 30512 34145 37334 38173 40191 42609 54074 54438 67051 77341
421 619 838 1013 1080 2046 3436 3951 4159 5709 6371 7822 8608 8687 9019 9042 9579 9859 10148 11560 12134 12543 12776 14320 14378 15294 16077 16165 19074 20275 20660 20956 21038 22110 25146 25806 27574 27775 30341 32347 35745 47757 48880 51610 54758 54945 77172 90412
4 360 1131 1743 3231 3433 3863 4327 4474 4673 5648 6618 6653 7716 8061 8612 8865 8991 9055 10567 11372 12201 12222 14032 14664 16584 17928 18779 19133 19614 20153 20645 20650 21268 21332 23403 23725 23955 24666 31411 35746 39257 42875 48839 51202 66816 103435 105331
134 410 680 1136 1709 3208 3406 4440 5177 5948 6899 7061 7672 8114 8126 9760 9867 10289 10493 11537 11666 11948 12006 12154 12472 15294 15909 18888 18914 23180 23541 24962 27512 28766 29454 30383 30426 31249 32185 40112 40809 40870 42909 45118 51477 52747 56227 95113
208 490 612 3251 4589 5330 5827 5915 6307 7218 7251 7403 7469 8147 9188 9507 9577 9754 11209 12679 12786 13000 13543 13738 13990 14043 18541 18544 18983 19804 19869 22547 24800 25672 27690 29268 29300 34367 35644 37125 37535 42345 42778 43208 45155 52275 74697 79202
593 1045 1144 1357 1665 1767 2701 2854 3462 3571 3884 4437 4787 5634 5948 6091 6219 6941 9713 9779 10084 10863 11080 11641 12290 16793 17122 18790 20091 20264 20896 22393 22593 25951 28732 28985 33412 34547 37966 40266 41783 46360 46423 47895 48535 50483 74727 105400
126 362 789 1310 1777 1795 2025 2168 2763 3215 3890 3908 5038 5342 5456 5629 6068 6774 8137 9141 10697 10706 10728 12004 13096 13260 13763 14807 16650 17971 20919 20980 22419 22918 24280 29447 31374 34426 35723 35894 41794 44896 49809 52090 70376 76326 78395 85125
352 1367 1613 1616 1943 2244 2385 3279 3644 4236 4448 4847 6652 6755 7681 8125 8814 11338 12396 12497 13116 13384 14711 15198 15284 15786 15845 15915 16041 16480 17971 18317 18968 19381 20026 21966 22046 25773 29680 30208 30772 32431 35915 43504 68865 76854 88634 122908
1720 1984 2170 2249 2773 2915 4406 4854 5182 6112 6216 6443 6643 6995 7405 8076 9511 9651 10628 11335 11413 11799 13008 15780 17094 17264 18083 20877 21000 21539 22619 22621 22727 25785 27742 28566 30595 30920 33297 34473 34956 35963 41175 41589 47717 48718 64451 105794
2060 2175 2348 2564 3157 3560 3586 4476 5097 6852 7336 7450 8621 8754 9583 10537 10695 11307 12615 13257 14375 14699 14872 15081 16680 17343 18022 18243 20429 20589 21034 22097 23316 24984 25007 25523 28760 31954 32016 34132 34785 36870 39375 43455 46710 53546 73045 86674
354 765 1535 2013 3134 3284 3761 4466 4976 4979 6041 6232 6476 7080 7177 7588 7595 7815 8475 8632 9763 10498 10681 14276 15423 16365 16531 16905 17367 17967 19290 20702 21116 21989 22945 25598 25810 27014 28212 31632 34297 35229 39756 49523 59344 74039 89324 110698
1045 1209 1735 3631 3695 3717 4069 4263 4267 4651 5273 6092 6964 7910 9045 10053 10136 10844 11401 11765 12018 12082 12752 13435 14460 14520 15316 15779 19447 19780 20943 21959 22628 22948 23427 23910 25715 26310 27456 30930 36476 44935 48992 52307 57357 65191 79165 86365
518 538 2723 6542 6624 7206 7384 7523 8956 9250 9317 9433 10417 10640 11594 11782 12604 12856 13460 14383 14963 15032 16163 16172 16671 17548 18333 18334 19168 19594 21164 22315 23174 23733 23798 26283 26607 26650 26667 27448 28051 32373 36516 39265 47834 51058 70455 85388
52 383 1270 1482 1814 2319 3611 3865 4902 5166 5199 5988 7379 7674 7846 8606 9741 10568 12213 12574 12590 13523 13808 14160 14307 14529 14932 16452 17022 18398 19643 21487 21541 21911 23584 25975 27991 30381 31833 35813 38283 42174 46462 52551 56321 60468 67765 102564
447 2113 2212 3536 3952 4484 5235 5544 5674 5927 7021 7316 7508 9258 9408 10318 10668 12073 12086 14771 15894 15911 16301 16942 17778 17971 19055 19993 20527 20676 20717 20744 21836 22291 25111 27319 29549 32180 32699 35779 37081 45070 45164 49289 50152 53059 54566 64371
2294 2423 2691 2758 2791 2828 2831 2927 3552 3986 4612 5040 5136 6061 6183 6351 6430 9472 10011 10104 10451 11914 12114 12507 12874 15944 17301 17657 20028 21930 22521 24385 25363 25370 27122 27605 27758 33078 35515 36692 38090 38647 41629 42825 57129 63014 72264 93597
407 732 791 2153 3085 3123 3375 3852 4597 5129 5319 6418 6535 6628 7502 8199 9013 12284 12476 13280 13767 14462 14571 14751 15017 15174 17446 18060 18303 18718 20929 22235 22344 23981 24649 25128 25918 28684 30628 31213 34766 35472 40770 53063 64583 68116 75199 79105
459 1015 1109 2469 3026 3030 3127 4024 4754 5056 5086 5144 5659 5884 6555 8669 8705 10706 11016 11037 11943 13004 13372 13408 13928 16907 17361 19441 19931 22964 22977 25589 26667 29320 30033 30438 31579 32101 33643 35562 36789 42759 45113 46523 52407 61631 66238 72915
214 738 2284 3164 3638 4346 5075 5402 5531 5686 5765 7372 8514 8701 8708 8796 10071 10445 10848 10875 11927 12045 13674 13894 13960 14094 14098 17440 19145 20947 21537 23916 24769 25041 26700 27283 28761 28998 31819 33396 34301 40685 40885 42719 43976 48677 49287 140355
530 889 890 1254 1261 2070 2945 3080 3227 4656 5702 5797 6103 7305 7385 7497 7886 9294 11073 12921 13410 14001 15436 16060 18021 21129 21792 22042 22147 23005 23200 23276 25288 26283 28007 28151 28159 28920 29058 33233 33584 37026 43146 46140 61015 65970 67218 68219
131 889 2047 2148 2189 2790 2960 3478 3531 4097 4923 5351 6461 6678 6785 6951 7065 7243 7415 8332 9301 9852 11129 12577 12851 12925 18793 18985 20162 20664 21454 21463 22796 23011 26566 27353 29349 35269 35382 35515 44587 45943 46565 46945 52945 56365 88188 88882
960 1072 1681 1866 2523 3595 3991 4045 4348 4862 5968 6012 6308 6381 7114 7241 8601 9224 9932 11304 12760 13671 13946 14314 14814 18136 18918 19019 21783 22139 22752 23368 25093 25978 26274 27617 27948 32947 33979 37631 38041 39550 41815 43500 47233 50344 73214 94956
11 329 353 400 717 2161 2185 3403 3727 4308 4885 5645 5879 6173 6199 6764 7219 7235 8067 9113 9660 10984 11302 11748 12491 12983 15453 16100 17116 17387 17561 19282 19563 26862 28031 30130 32274 32839 34582 36139 37357 43299 49689 50816 56560 67180 80758 107582
423 919 1170 1674 1914 2076 2270 3070 3785 3939 4641 5964 6187 6645 6914 7390 8881 9416 9523 10460 10491 11947 13229 14175 14384 14751 14804 14941 16247 16906 17931 18086 19079 21169 22585 22752 24382 30383 31143 38529 39423 44995 46229 49589 50114 58326 99928 114731
162 707 1230 1546 1907 2340 2834 3715 5052 5888 6085 6220 6602 7122 7130 7467 7806 8012 8873 10599 10676 11425 11444 11678 13190 16869 17918 18281 19808 20078 22255 22784 24147 24159 24599 25541 26390 26791 27514 31776 33367 40500 55228 58458 63988 71140 73628 84370
264 618 686 942 1106 1826 1893 2140 2892 4263 4437 5369 5630 5920 6703 7634 8658 9398 9684 10182 10351 11991 12733 12896 14695 14696 15476 16279 16858 18820 19925 20115 20672 23415 23650 29270 30644 31596 32277 34674 37735 37737 53803 56506 58042 59075 76328 103645
536 737 1668 1736 1780 2010 2394 3170 3203 4477 5279 6814 7789 8353 9101 9703 11709 11961 12744 13922 14893 14979 15868 17831 17956 18909 19726 20658 21203 22033 22368 22887 22959 23030 27144 28072 29400 30137 30663 31888 32001 34331 43442 49040 50956 58816 71523 78105
710 764 1404 1482 1554 2138 2846 3720 3756 3878 4159 4330 5095 5119 5487 7340 8196 8322 8564 9100 10702 12780 14550 14709 14908 15027 16434 16562 17225 19924 20245 22730 23961 30552 32851 34358 34691 37619 39137 40287 44896 45333 45990 49418 50619 59875 66588 69024
823 1363 1869 2238 2495 3008 3348 3872 4443 4467 5178 5937 6206 6755 6788 6919 7030 7367 8899 9403 9826 9983 10109 11674 11861 12786 14654 16112 20247 20999 21234 22653 22979 23228 25696 26070 26314 27147 27865 31655 43949 46732 56793 65485 66328 71267 71973 73766
112 227 541 1210 1317 1642 2626 2698 2792 3597 3704 4936 5891 6237 8428 9006 9207 9297 9485 10631 10779 11214 11425 12515 12961 13028 13953 13963 14028 14114 14187 15991 16054 17029 17282 18204 20780 33479 40457 40678 48478 53205 55140 58210 58506 60113 93846 99780
104 1671 2098 2774 3026 3042 3491 4341 5178 5269 5299 6690 6889 8770 8863 9127 9671 9765 10206 10517 10634 10675 10813 12802 13481 16508 16514 18229 18501 19929 21398 22299 22566 22575 24590 26288 28416 31608 32060 34449 34482 37053 43924 47728 54043 56419 81198 103645
407 1161 1203 2039 3517 5591 5634 5667 6376 6984 7260 8335 8433 8785 9616 9661 10494 10589 10826 11194 13933 13979 14240 15480 16229 16686 16993 17091 17520 18198 19920 19935 22078 22980 24111 26001 26205 30307 32305 35403 36699 39347 41700 44568 44641 48261 85567 88734
33 155 210 607 732 1055 1271 2400 2731 3786 4275 4349 4439 5459 5886 6176 7569 7971 8277 9051 9883 10169 10961 11159 14530 15054 15313 15425 15607 19183 20943 23679 29130 29858 32093 32471 36054 38666 40320 40871 43147 43243 43559 45546 55986 58091 77993 84535
837 2339 3172 3518 3572 3762 3890 4565 4755 4861 5021 5233 6366 8220 8559 8856 9093 9269 11346 11753 11810 12751 12771 13323 13447 13700 14372 16987 17670 17676 17778 21225 23442 23959 24776 29552 31889 34518 35100 35215 40205 41245 42993 43496 52415 63888 65177 95095
154 300 2744 3971 4000 4289 4317 5120 5507 5694 6164 6985 8090 9431 10097 10402 10747 11129 12971 13670 16196 16711 17198 17665 19067 19622 21466 22055 22511 22744 23035 23753 25171 25458 25726 27497 27984 28230 34130 34757 35590 35845 37258 40055 42942 50155 63369 68147
247 1911 2241 3342 4014 4042 4076 4124 4898 5131 5283 5451 5531 5598 6002 6976 7574 9136 9158 10258 11280 12008 12979 14288 14777 14912 18193 20255 20874 20910 24304 24920 25236 25662 27994 28209 28886 29670 33222 39414 41105 41984 46118 53844 60373 60531 64138 65209
261 524 1395 1997 4057 4091 4506 5118 5409 5678 6016 6103 6498 6952 8367 9051 9127 10514 10739 11193 11529 12039 12160 12448 12463 15381 17811 19718 19931 20946 21725 21946 22474 24077 24722 28324 29563 34323 36248 37317 39589 41237 49517 51998 52585 56682 62152 76879
2964 3156 3220 3481 3992 4156 4800 4944 6229 6433 6879 9117 10230 10667 10994 11939 12843 14847 15119 15220 15324 15334 16758 16796 17388 18325 18346 19135 20781 21857 24225 25399 26449 27238 28175 28226 29690 29744 29831 31411 32993 33493 34257 34338 45842 46584 62055 80996
436 598 818 1030 1382 1529 1643 1827 2063 2439 2487 2826 2989 3369 3516 5309 5446 5833 6157 7271 8597 9575 9642 9656 15985 16273 16882 16920 19820 21812 22058 22139 22619 25853 26264 32762 33608 34281 43190 44790 45242 46622 53222 56428 60586 65781 72518 73771
24 388 485 1064 1364 1838 2057 3548 4244 6265 6648 7014 7184 7895 8056 9180 9417 10568 11057 11231 13411 13640 13817 13881 15030 16818 16979 19429 19922 19929 23965 24131 28678 29173 29414 30006 30517 30633 31064 35903 36335 36995 45444 51762 52037 54234 59657 85797
850 950 1043 3192 3676 3695 4206 4889 5111 5376 5743 6129 6154 6273 6461 6512 7370 8311 8896 9408 11013 11388 11672 12626 13405 14492 17703 18797 19425 19606 19868 19994 21529 24596 25902 27819 28177 33096 39860 40877 41051 42650 44139 47917 50376 51679 62721 104705
744 987 1396 1660 1830 2024 2203 2406 3611 5544 5852 7439 8794 9166 10646 10958 11543 13519 15139 15243 15589 15990 16164 16631 16662 17589 18507 18658 18909 19799 21347 22712 22877 23030 23827 25711 29822 34806 35958 36967 37696 38153 38351 40682 47617 53891 59664 91220
19 53 536 1340 1825 1901 2336 2407 2658 2779 5077 5660 6247 8008 8149 9153 9254 9394 9483 10461 11952 13998 14376 14527 14753 15184 15592 16739 18015 18158 18192 20539 21399 22172 23322 29057 31506 31961 34130 35447 46211 46395 46680 48023 55561 69449 71517 80525
