1000 50 40
83 2083 2799 3106 4785 5593 6973 7944 8251 8420 8759 9005 9038 9106 10574 10667 11388 14577 14757 18931 19772 21016 21326 23599 25363 25812 29110 32259 32358 32967 37329 38923 39277 44604 56528 59668 63011 66180 69232 73012
752 1353 3344 3850 4331 4500 4870 5398 5421 6550 7566 8340 8538 8952 12299 12557 12877 13272 15189 15347 17793 18314 18691 20584 20921 23314 23355 24131 24652 25890 26998 27582 31410 33296 43073 57532 62661 66317 92541 168216
168 1356 1412 2421 2861 2918 3192 5155 5208 5247 5993 7808 8066 8903 8930 9799 10019 10050 10833 19216 19314 23386 24683 24727 25243 26292 27326 30081 36241 37525 39162 39806 44257 51897 53242 55440 61261 69139 69974 76719
328 412 627 814 3247 3622 4082 4754 5724 8523 8994 9227 10151 12400 13046 13285 15150 16326 17336 20702 20828 21218 23269 23930 24383 24440 26358 27762 31554 34378 34461 36147 42609 51192 56663 57886 62602 63598 65390 68436
892 1340 1998 3980 4453 5296 5387 8018 9546 9989 10150 10892 11491 11506 12976 14059 15107 15575 16884 17832 19034 19358 19897 20225 21700 21916 22030 22468 32961 33502 33596 41663 42339 45735 49042 59736 62403 63265 65002 78010
21 669 1229 2046 2375 3652 4971 4987 5989 6418 9475 9839 10035 10037 10250 10285 12189 12240 12843 13195 14034 14246 18105 18696 19810 21548 27208 27511 28706 28816 31658 32247 39397 45681 46652 49700 57102 67545 104335 137522
535 1798 1821 1870 3645 3670 4423 4495 4538 5824 7406 8285 8624 8910 8921 9501 12371 13740 14303 14891 15000 16884 19127 22957 24663 25277 26401 27333 31829 39962 41926 42197 42491 43281 46824 48944 57834 65253 65557 130643
2280 2718 2971 5238 5310 5613 6581 7384 7613 8120 8285 10767 11345 11384 11839 13143 14940 16640 17565 17920 18683 20340 21681 22719 25051 25993 27111 28332 31538 34472 37581 38552 39256 44420 47543 48313 49909 59171 67903 80772
547 1177 2142 2930 3006 3448 3913 4211 6026 7398 7524 7715 7875 8288 8668 9040 11268 12417 14877 16550 18093 18687 20070 20496 21505 22127 23675 24998 28993 29354 35133 37584 38709 41574 42136 46467 47615 79073 99260 131665
529 722 776 1123 1809 2878 6199 6751 6759 7479 7830 9810 11176 11824 11833 12722 12826 15255 16020 16708 17400 17778 18211 19053 19792 20594 21211 22676 22734 23619 26384 29022 35530 38149 38493 45262 53900 63730 94320 185812
69 866 897 1060 2895 3040 3525 3924 4370 5291 5465 5842 7306 8310 9679 9921 10480 10952 14708 16715 16995 17511 21304 24995 25589 26484 28172 28350 29571 31275 36040 36873 40951 43101 60596 61678 64897 74173 80890 99022
572 765 787 2035 2645 3160 4171 8334 8595 9304 9539 10347 11737 11920 12772 13895 17447 17650 18137 18168 18662 18897 20346 20516 20937 21017 24321 24445 27597 27666 27983 31541 31732 33177 36532 36721 40234 83972 107203 126219
290 1785 2160 2856 6481 6559 8348 8576 9702 9977 10010 10762 12312 12632 12822 14410 14453 17652 20231 20645 20823 22962 23009 24002 26511 27370 27792 28075 28170 31902 32366 35127 35164 35448 43413 43416 50264 61967 76481 81859
1485 2615 3688 3714 4323 4391 4427 4465 4749 5840 6415 6967 8358 9920 11658 13345 13559 14259 14947 15762 16707 17323 18384 20707 22878 24602 25124 27673 29099 29890 30443 34829 36082 39963 45932 55326 61475 63720 64822 139124
404 1469 1518 2662 2995 4253 4376 5657 5915 6061 6163 6267 7765 9781 10413 10988 11530 12089 12382 12689 13534 13803 16125 18032 19067 21572 21996 24948 30037 30550 37450 42043 45724 51046 54635 56656 60166 73218 78055 141256
363 1349 2029 2921 4928 5935 5945 5967 6296 7283 7804 7923 8324 9125 9323 11511 12003 12410 12427 12807 15373 17467 20782 21147 23808 24621 25741 27543 29795 32141 33233 33348 34882 37254 40306 40441 46340 62222 105814 151693
339 452 1044 1127 3110 3176 4027 4529 4873 5014 7174 7900 9289 9373 11556 12027 12041 13298 13412 13994 14037 14065 14222 15857 17289 18854 20173 20596 22254 24204 28368 30932 36202 38330 42960 53392 59060 78348 133014 153454
1129 1173 1485 1846 3484 5172 5885 6083 6453 7127 7408 7865 7969 8441 8851 9105 9347 9880 11168 11513 12476 13494 16606 19271 21704 25270 29302 29898 31157 38126 42490 42728 43675 43760 53790 54234 55059 55684 61131 147545
602 1581 1912 2592 2948 3618 3680 6211 7112 7640 9495 9638 9669 9782 10922 11759 13136 16864 18439 18671 19814 23881 24653 26519 27246 27948 29504 30315 32314 33029 33653 34132 34147 37645 40622 50001 56828 65184 83846 88612
87 155 286 323 1086 1429 2320 3337 6950 7158 8282 9512 10005 10082 10213 10939 11181 12011 13554 15065 15789 17785 20060 21548 24724 26736 27784 30493 31323 36720 38702 41904 42948 46183 50225 55894 59417 60294 82449 94342
1477 1541 3173 4458 4818 4901 5159 5258 5871 5914 6010 6146 6282 6344 7424 8129 8965 9921 11033 13608 13814 15180 16558 17643 19922 20308 25824 27112 30504 31640 35387 38547 39294 41560 48914 53040 69762 76538 76964 135801
200 1003 2517 2633 4297 5479 6071 6295 6572 6975 7139 7505 8440 11332 14136 14319 15129 15561 19219 19921 20012 20356 21141 21417 22395 25290 26018 26314 31728 33009 34962 37603 39412 40327 42277 42722 62525 67454 90073 91795
1067 1619 2382 2974 4323 5300 5878 6310 6864 7119 7401 8167 8603 8851 9985 11031 16351 17407 17477 17483 20760 21943 25193 25271 26086 26214 26982 27350 28780 29656 30962 34348 39755 49011 55655 60931 66376 68850 69657 75230
1071 1318 2844 2874 3502 3821 4158 4768 6347 6512 9106 9854 11234 12034 12162 12638 13062 13337 13373 14717 18098 19186 25450 26083 28409 28994 29099 31174 32063 32941 35168 36567 37489 39787 55187 58107 58137 60136 82801 87839
2 2081 2335 2574 3165 3685 5187 5284 5507 5538 8332 10028 10153 11140 12170 12651 12906 14273 16517 19403 19409 24850 26711 29052 30878 32828 33123 35061 35901 36610 37515 38381 39367 39629 43112 45984 52044 53683 74358 76717
1317 2617 2682 3750 4034 5724 6126 6712 7178 8158 9085 9094 10431 10644 10739 10890 10933 12446 14273 14317 14700 18261 18361 19981 24318 27066 27757 29530 30293 33746 34526 35742 35870 36041 36998 60826 74228 79086 89787 95039
1413 1816 3769 4017 5123 5348 5725 5894 6353 7658 8524 9160 10481 11225 12846 16622 20663 22251 22595 23379 23900 24468 24769 25298 27871 27875 28931 30493 31153 31371 35958 38541 40622 41010 42510 42520 45175 46285 53228 96021
10 927 1340 2013 2059 2525 3282 3303 3733 3889 5474 5994 7276 7322 8992 9187 10905 11179 14254 15387 16761 17679 21092 23926 26461 26591 27581 31289 31519 31601 32791 33715 43039 43774 44556 58964 62654 63214 92690 116988
73 1282 1428 1479 1588 1600 1601 3377 6594 6680 7007 8509 9712 10255 11994 12388 12897 14439 14706 15573 17445 18133 19013 19863 20100 21090 21252 27541 31968 32331 37174 39121 46599 49931 51127 63150 65098 66100 73711 100834
293 465 1122 1657 2777 2950 3146 3567 4108 4909 5779 6092 6129 6213 6427 9438 11029 14021 14598 15024 15036 15713 24723 24964 28658 29735 30251 30382 33285 34703 39723 41734 46231 50207 53726 55106 59629 60560 70176 102937
607 1119 1266 1338 2456 2573 2834 3411 5489 5663 8057 8356 10273 10349 12678 13260 15458 17409 19458 19591 21769 22243 22899 25164 26218 26675 28602 29547 33876 36017 37011 37683 42049 47019 49075 49524 50965 67776 70782 71866
239 596 1736 1815 2268 3960 4224 5011 5022 8446 10151 10614 10962 11018 12666 13352 13625 15197 16014 17116 17123 18951 20862 21189 23231 23331 25878 28001 28438 28869 32515 35727 37121 37404 49003 59754 65849 76038 79026 106213
292 486 2845 4024 4180 5402 5751 5765 7227 7497 7683 7767 8189 10195 10357 12898 18987 20830 21431 21476 21577 23004 23504 24066 24180 27102 27142 28569 28776 31428 32837 34926 35640 36182 36634 50877 62656 69174 76497 98504
1666 2061 2411 3608 4270 4369 5098 5786 5841 6732 6850 7405 7841 8627 8970 9145 9894 10498 10697 12362 14440 18499 19401 24423 28976 29518 31986 32859 36253 37715 41661 44292 45186 46097 46582 52435 53509 55031 83001 85037
81 1311 1915 2432 3522 3748 4259 4822 4853 7395 8759 8952 8990 9353 11169 12251 14255 14270 15327 15986 21416 21839 22209 23207 24218 24539 27503 27676 28382 29137 34443 35723 46760 52034 52444 55478 58104 59291 86957 96845
287 1118 1572 1758 2363 3155 3631 3838 4567 4645 4943 7461 7552 8571 10305 12296 13319 14186 17532 18583 21932 23761 24431 24876 26957 27303 29649 29980 32316 32783 36204 37261 38511 42879 43701 65826 69639 69975 73152 82322
645 724 970 1317 2434 2889 3919 4617 4828 4947 5092 5389 5891 9047 10454 10598 10833 11072 13772 15545 16052 16229 18830 19872 22171 22640 23655 25990 30882 37640 40167 40634 41187 43790 51659 52019 62941 66340 72052 139474
931 1813 2195 2238 2306 3689 5633 5739 6194 6560 7218 7484 7509 8249 8598 8659 8950 9302 10239 11320 15223 15992 16012 17305 19527 21027 22755 24569 26522 27954 37597 37918 43979 47256 56097 61452 69401 72807 99559 118346
142 518 752 815 1026 2163 3327 3700 4931 5543 5800 7148 7213 8589 10238 12531 14826 14952 15605 17502 17673 18908 19093 22050 22171 26917 28564 29951 31561 32466 34666 39453 40014 43557 44933 57819 74540 77563 82874 86710
259 827 2698 3683 4233 4750 5878 6140 6152 6770 6949 7954 10229 10483 10636 10678 11683 12106 15009 16356 17455 17902 18019 22200 22614 23359 23699 26913 31500 36614 38892 45023 48428 53214 54217 56426 61735 65682 69295 83151
433 441 859 1776 2862 3403 5233 5476 5523 5581 7148 9430 11762 11915 12649 13179 13385 13797 16404 19411 20173 23394 23458 25867 26850 29463 31671 31843 32310 32736 36658 38294 41886 42813 48599 50863 56209 61578 78653 79374
2157 2249 2295 2827 3164 4207 4332 5885 6175 6782 7602 9020 10022 13823 15352 15661 16755 16815 17215 18543 20595 21189 23081 24107 25200 26023 27602 29106 31351 33320 35203 35269 36346 41451 44555 55377 56306 57154 57835 101619
74 302 655 1212 1312 2673 4354 4780 5258 5879 7368 7941 8156 9637 11472 12614 14702 15972 16022 16101 17366 20023 20295 20889 21136 21168 25254 31172 31303 31323 32095 33463 35314 39008 47572 52402 53170 60985 85091 134162
158 319 789 1105 1134 1273 2640 2820 3509 4861 5037 5366 5845 8231 8781 12661 14738 14738 14827 15141 16558 17195 20629 20942 22033 26637 26984 27081 28108 30551 31854 33371 35291 37033 40425 49630 95069 96415 101405 103214
216 1980 2251 2491 3614 3704 4222 5006 6191 6621 6844 7473 8320 9470 11919 12390 13905 14052 14476 15315 17386 20599 21648 27344 27818 28286 28540 29149 35930 37449 38345 40210 41878 42956 45712 59753 61460 66655 75026 75501
87 1485 1873 1977 2243 7240 7971 9635 11104 11446 12391 12656 13083 14146 14937 15219 15526 18118 19731 20282 21012 21099 21577 21655 24035 26279 30372 31361 31916 36042 38091 38255 39187 39966 41756 43037 46007 54367 57612 92835
591 723 1785 1807 2184 3474 3680 5018 5189 6209 6416 6558 6716 7381 8375 8749 11208 13877 14449 14491 14878 16064 16368 19192 25653 27252 31180 32236 34571 39093 42183 42374 42875 45166 46177 58754 67486 72781 77153 80859
1525 1738 1773 2317 2387 2763 3996 5074 6797 7517 7659 7830 8719 10170 13331 14261 15877 16043 17331 17820 18024 20045 21743 22067 22718 25767 27908 31914 32500 35895 39027 42116 43838 47021 53359 57146 58300 67246 71848 78051
379 379 1271 2401 3416 3417 5948 7401 7997 11786 11905 12105 12840 13490 15086 16801 16879 17249 17254 17326 18397 19349 22890 24050 24218 24473 26638 30430 30737 32134 36540 40452 41953 42550 49022 50941 52910 60489 73949 87369
278 977 999 1372 2709 2714 5422 5790 5852 6337 6787 7151 7185 8146 8366 8837 10290 10467 11821 14137 16049 19623 20104 21449 24205 24528 25799 27307 29388 30751 34809 37624 39149 45036 49402 56278 64033 65178 86108 120423
