1000 16 28
433 1259 2865 3664 5925 6540 12463 14008 15131 17259 17720 19582 20554 21326 21368 26056 27236 27609 31766 32406 32937 34605 45091 52850 62492 70731 87382 175750
3190 4766 7021 7464 7491 7826 9420 9877 10171 10302 10836 13516 23543 25517 25930 29077 31245 34010 35769 38746 39705 40480 41088 45675 77105 81447 82090 87736
972 1772 3122 4253 5807 9224 9456 11102 11340 12629 13005 16363 16746 19771 20907 23217 25552 28440 28619 29668 30591 37844 37872 52477 53961 54135 131175 144812
376 2152 5020 6502 7806 11553 13130 18029 18176 20848 22602 24615 24973 25337 25585 25876 26248 28091 28563 39052 42226 46099 48575 52733 56109 77168 93552 106376
294 1181 1754 2296 2699 4342 4874 6633 8475 11766 13064 15334 17451 18011 24390 26848 28009 32697 35803 37228 43310 46699 47470 58310 70732 79102 90583 147755
787 3098 3434 5228 6133 7592 7682 8107 11161 12806 13112 14350 15120 17964 20003 20248 20268 22220 25912 35276 36411 37325 39258 53887 64149 68521 83257 118599
1549 2543 4064 4393 4787 5850 7386 7673 9669 11054 16826 21623 21801 23684 26325 28541 30994 31042 33172 34565 37453 41857 44984 53769 66861 71507 73258 88650
407 1058 4463 5545 8061 9306 11229 12233 14907 15568 18476 20778 22774 23663 26843 28680 28841 29077 34065 37274 38299 41460 48324 61820 62804 69306 77006 114253
1145 2358 2780 3857 4553 6923 7263 11082 12473 14211 20986 21577 21665 24511 24569 24741 26524 28232 28538 28671 42839 45973 51407 56785 67220 74345 96608 114925
87 2359 2412 3814 5536 7614 10793 11241 13874 14786 14832 15105 16772 20742 20971 21050 27355 30923 33171 39715 44666 60672 66012 68110 72342 77255 89561 97202
3821 4293 6977 7492 7779 9443 11469 11642 12959 13526 15019 17238 21125 22001 23476 28227 29403 30205 36653 39079 40142 46390 47560 52641 59685 60143 60145 68756
573 1657 1763 1838 2163 2666 3565 4267 6686 8974 9090 11022 11823 12350 15049 20247 23801 34088 39056 40225 44516 50804 59599 69090 79838 91747 94355 124647
1853 4351 8264 8775 8814 8890 9098 9373 10050 13868 18947 20250 21019 21637 21653 23514 26014 28241 28886 31524 37624 41902 48113 73850 76848 77993 100952 101935
1352 2014 3553 3867 4541 4914 5688 8957 9659 9991 12751 12942 16360 17789 18723 19295 20819 21829 23299 32006 32386 33959 55861 61239 66547 76543 90910 104675
855 2081 3072 4274 5571 6757 8083 8778 9801 12213 12876 15122 16003 17513 17852 20347 22852 22960 30412 31104 32823 33668 40216 49935 64634 72174 104582 120712
322 3176 3392 4094 6358 6806 8313 8520 11294 12260 13946 14204 16587 18338 22019 22654 26194 26661 27554 28310 43499 45226 48336 64592 73339 97797 97885 164119
