1000 18 25
1636 4395 7137 10478 11317 12145 13549 17033 20181 20789 21041 21349 21718 25735 28345 29018 32876 44876 50316 51358 59910 63399 86820 90509 168714
205 478 1308 2842 5613 6387 9802 10511 14037 14313 19157 20146 22505 28237 30109 30353 31829 34436 37791 61570 76093 86020 114526 115346 119968
2138 4735 5823 9100 11057 14454 14605 14966 19136 22373 22790 23511 23580 26884 30096 30778 38628 41206 45074 48210 55706 78187 84815 93656 102862
619 3201 3806 4884 5187 6099 7335 10963 17606 22715 26721 27481 27913 32033 34955 40706 43686 46764 53902 56718 65854 65905 73103 74023 143483
96 2797 3215 4488 6820 7393 8295 8969 15091 15681 17409 21332 22790 31017 34950 42166 52617 52742 54946 59972 69686 71035 77607 81480 114867
3321 3793 6359 6700 7066 10251 12292 15413 15514 15582 17739 20758 22926 28188 28208 30138 30375 37145 40540 50255 54915 90055 91455 105321 122535
2559 3684 4635 4655 7394 10253 11423 14728 18036 19896 19973 21722 22655 23687 29597 39954 42949 50445 60809 62117 62364 65838 86906 99500 152055
1158 2965 5373 7386 8156 9119 10932 15322 17394 18811 19592 22814 24081 25350 26974 28562 34741 34828 39108 39660 44893 72450 73281 85348 156302
2386 4832 8796 9413 9738 11144 11638 12757 13228 14327 17598 20841 21312 30359 32988 34943 36452 37882 38409 45857 55103 60495 97930 134307 144694
2704 3472 3646 4897 4941 8576 10101 14893 17735 17897 21436 22613 25458 28004 30808 34123 37492 47295 49613 56345 61610 71451 93635 101788 134605
2022 3311 4294 5423 8884 9522 9682 10940 11809 14771 15312 16096 27759 27965 40847 47620 48473 49544 53322 55140 62822 65567 81462 85103 91554
741 3336 3812 6074 8877 8934 9493 12310 12526 12682 13192 13478 16836 18836 21994 22882 29662 37560 45166 57829 61908 66874 70585 132553 160956
1855 6265 7127 7406 7535 8418 9269 11976 12198 16338 20867 22402 28724 30850 33801 35893 40167 41782 45260 45385 47876 58130 68243 70231 143954
324 2072 2928 7801 9757 13723 15242 15722 16702 19574 22068 27861 32010 34454 36597 41523 47957 49554 50597 56116 63695 76078 83674 84665 115311
126 363 866 913 1504 1838 4464 4711 10299 11469 14682 14886 15461 25260 26197 41732 54386 55113 55748 61922 65565 68078 70606 97322 154767
656 8248 14561 17548 18386 18432 20478 21874 23274 23883 24874 25014 27214 28489 31817 32787 35773 38325 41397 61327 78591 80114 81420 84181 85783
761 5184 5922 6510 7383 8335 9941 13073 15293 18610 18894 19351 20002 20767 23360 27256 35973 38282 41676 56402 61580 84369 88520 89358 112945
2295 3912 4465 5825 6945 9540 14590 17168 17592 18579 22432 29659 30427 31584 32770 40062 42202 43280 55002 57670 57963 64595 66987 113983 134234
