1000 47 13
9800 17134 28761 45385 46296 56770 59641 69895 75256 80686 90156 99879 316157
3764 8557 16950 33340 34473 35255 50562 51555 70926 92896 131960 187496 277630
7844 15477 19145 27923 39187 54991 69392 84818 114787 121086 126201 158131 158243
6039 9538 28770 29091 32420 45218 49612 52984 55609 59448 156638 164971 307355
6247 8659 9732 11654 21965 25699 30410 72333 123840 129160 143328 186643 226563
5184 6499 37175 37282 69940 73989 76267 79410 97337 100181 121999 139176 153101
2497 10047 20625 23498 27899 36772 43503 68572 78050 133795 152217 197181 200748
6746 20691 24053 25220 26653 27710 42716 48870 61988 143002 181777 183352 202586
14494 16442 22405 26890 27466 30299 53911 62592 64778 71279 105090 187859 313158
3915 9588 23208 43056 43549 44157 59782 80354 82247 93249 117709 186815 205812
6051 14598 20621 23542 35675 42897 89821 109568 112780 118761 132957 136114 150281
4575 12139 20215 27527 34698 41026 53522 55900 70414 94944 99887 175338 305936
1002 4731 5946 9246 14218 21685 79755 87529 116135 132165 144143 180675 200043
1680 6725 11080 11104 16516 48708 54705 81371 126168 147346 149082 162894 179641
4561 4848 12847 15998 33440 44301 69792 85275 87279 94106 102406 213445 226015
4378 4984 31683 34463 36091 41433 47312 53434 95650 117159 135179 136526 259432
1324 2880 14270 15187 15838 36393 40973 104855 117226 120408 139588 165352 222313
2 7156 12052 21381 32163 43797 48260 84882 91196 92692 100379 205833 256703
5492 12873 15997 19077 25140 27734 43253 77500 86544 154798 168502 174199 184299
2268 9750 16329 16666 17464 25453 32538 77408 82600 93385 115884 127981 378185
8698 9915 21702 33102 33888 36613 40022 74573 101585 104009 112663 169837 247326
5223 6138 6807 6887 13199 28621 42819 101382 123141 128983 133744 175891 223489
8130 20290 42216 43785 44601 49891 51637 52706 95416 107256 107797 157072 214544
12483 17636 22488 37436 70522 80697 82863 87786 88773 90979 111329 117340 174226
6029 18180 19896 29496 57384 58634 65124 67606 68080 131906 145018 154092 173445
1587 7405 10288 17166 36473 41164 49974 68771 84243 90125 159590 206723 221647
1481 4547 24764 28378 42270 50554 59320 90682 96481 101472 103295 152900 240759
7093 20196 24562 32616 54930 60901 73188 90241 93127 94047 96197 98626 248546
8393 14929 21036 27540 37789 48131 58265 74067 76245 99686 119023 168941 242998
2963 7612 8473 18777 39698 50297 57884 72232 84142 89762 125720 201202 237938
7493 17168 21323 21503 22321 32986 37333 47540 68428 102489 132370 210977 275791
1756 4393 16745 30898 47944 48867 72249 75415 75768 118761 119995 182321 201001
20125 21031 29492 44063 54929 56676 64781 71118 73347 87326 116535 176205 179608
16541 16916 26341 39539 46741 56135 57637 67044 92117 97680 142573 153981 180174
4150 6120 17997 19028 20180 24195 36637 72087 85188 112164 137442 205152 253205
410 16787 18436 21172 21607 22309 39588 47480 59962 104075 160933 195508 289323
6209 9306 37963 61731 69455 71065 75253 77943 83339 94393 97139 114559 197928
5849 6074 6950 14051 24671 32165 35963 97911 106808 136597 171296 176370 180318
1718 3079 6717 14956 31103 52495 60280 81978 87450 112051 122666 182609 236604
12418 17440 21652 22050 29485 34751 58778 63335 66924 69365 167817 209470 221298
2073 4245 5120 11624 17726 35168 49843 61425 64051 71987 72493 236726 364023
5953 21053 30420 35878 44934 48611 51670 55837 71895 83690 164097 175109 207638
18556 19375 20389 22347 52450 62130 64865 70578 72530 105497 129484 158895 197960
3919 15518 40840 47271 49443 65238 69157 70970 102785 118638 124453 130086 158211
6635 8550 12884 20807 30908 35030 42421 54359 91464 162557 167485 169521 192217
1924 6072 7294 26546 41826 54979 64287 70999 103278 131081 137022 158596 192565
13543 21299 26709 49835 51623 60028 62643 88474 93303 104064 108280 131293 182704
