1000 47 30
376 395 3815 5319 5549 6165 6333 6966 9000 10755 12671 13152 16964 17779 19406 21147 21997 23873 26789 26841 29802 40024 43622 45559 47714 55890 60346 60532 70910 74589
1766 1812 4179 5576 5944 7012 9432 11747 13580 14323 16433 17141 17370 17503 18011 18293 21296 24363 28775 29611 31954 34062 34208 41740 42365 50064 50998 71163 90279 101269
1889 2376 2423 3186 3234 3324 5150 5680 5995 6107 6778 9627 9864 12014 14967 17446 18132 21347 22318 25197 30195 30341 33620 46593 50739 61612 74596 87623 102958 160290
750 1737 4484 4605 5918 6611 7361 7573 11993 12523 12846 13057 13072 14429 16434 19849 20176 21717 23874 24707 25224 27178 28452 29275 36855 46524 61815 70809 104386 122696
584 1753 3305 3580 3892 4615 5645 6087 6478 7357 7926 9291 9674 12381 16835 17635 25871 26586 28823 36859 38232 45068 45563 46164 61287 63924 69761 89019 93408 103847
1984 2620 3803 5557 6634 6680 8948 9035 10036 10434 11170 11336 12533 15186 17160 22977 26832 26833 29272 30352 31591 36463 37643 38059 38814 54286 54660 62839 69883 72823
267 2635 3187 3678 4098 9055 9977 11502 13079 14091 14571 14652 20489 21896 21921 22618 23745 26995 30072 31488 34344 35534 36535 37223 41041 43702 49772 54000 55358 72697
459 746 1018 1347 1602 2916 4073 8625 12021 12769 13410 14814 18611 19083 19860 20532 20586 21021 22228 23422 29253 33300 39572 41255 46659 57963 68911 82644 99267 161829
974 2695 3215 3373 3997 4635 8428 9098 10092 11827 16388 17016 17185 20062 20299 23484 26432 27313 27340 28719 29571 31927 34325 34895 40594 48320 48381 54130 55393 75947
590 742 3788 7544 8902 9635 11476 11708 11721 12510 13129 13409 17064 18729 23138 23153 25429 26595 27095 28927 31143 34734 36594 37432 40580 49196 52728 93196 107318 126062
598 630 2270 2454 2941 5466 7285 7977 9579 10160 11170 12990 14292 14665 21772 25011 25150 27042 30662 35464 44678 47106 48311 49559 53846 57193 59801 66414 78108 106244
2406 3878 4851 6491 7673 8038 9305 12789 14843 15333 17171 17587 17977 18060 18770 20084 21765 22101 24886 25696 31480 33150 34696 40691 47009 69629 74330 75912 85952 91909
636 905 1894 2188 6490 8753 8832 10069 11976 13021 13070 14030 15153 15349 16027 18978 19691 21438 22144 30901 33778 34859 37932 38174 47641 47660 48419 48638 90987 183961
1474 1574 1815 3681 7372 7614 9349 9734 11001 11242 11311 14395 14478 16491 17064 17694 18574 21064 23133 23272 24175 24282 40717 45653 47395 57014 59147 75029 81906 82841
409 1226 1483 3107 3875 5418 7026 11420 11597 15481 15529 16240 16614 17374 20672 22657 23250 25876 26397 30810 32192 35640 41262 43407 52682 52889 53714 57857 67753 93746
1076 3581 3597 4279 4292 6478 8080 8898 9111 11601 11770 14268 14317 18090 20103 21594 23939 24316 31851 35146 35559 37947 40308 40454 42985 46171 64082 73434 89654 120453
158 281 1523 2632 3358 4240 4796 6472 7280 7422 8023 15519 15953 17323 18280 22291 22528 23025 24650 26135 26264 40338 40377 41565 41662 63313 67051 74982 91468 181362
1688 1877 2570 5293 5355 5685 6482 8646 8852 9341 12105 12678 14522 15869 15948 16606 17565 19680 22758 22773 24734 31710 35975 36378 39051 40551 48314 60499 68417 123215
1503 2707 3899 4160 6016 6519 6978 8279 8870 9219 10444 12165 12491 12496 13614 17425 20843 21403 24340 33625 34487 36705 40660 41057 48748 59442 62167 65912 70482 93539
485 2580 3500 4869 5040 6127 6843 7645 8308 9612 12060 13696 15753 17821 19687 23076 28264 28310 29352 34227 35074 38286 42468 43472 45724 56066 62972 73983 83056 95067
925 3856 4057 4553 4652 6336 6595 6768 12903 14816 15254 17129 22145 22959 23418 24855 28050 30903 31797 35044 35613 36098 36211 43915 46344 48729 55324 62211 65301 130977
701 771 1559 2648 3551 4168 5636 5744 10119 11637 11774 12149 12879 13477 14695 17081 20956 24884 25437 27406 32018 35816 36365 39787 45891 50787 57157 73131 91769 97345
17 1949 2904 3700 5546 6268 7001 8931 10148 11108 13147 14945 19820 20012 20061 20237 20616 26668 30541 32415 32770 33769 37602 47609 51871 53134 53853 54063 63506 88175
664 1562 3896 4666 5863 6487 7061 8026 8411 11202 11740 11848 12064 13062 13076 13368 18658 20627 21814 22977 31360 32013 33317 37051 40323 58194 65467 69230 86516 91252
19 288 3850 4290 4316 4748 6866 6876 7615 7638 9614 9821 12703 12923 13546 18960 20868 23613 27836 28032 36942 43588 45278 45309 46242 47711 48090 53373 56713 88859
1716 2479 2520 4386 4737 5415 6105 6462 8233 8361 9163 9406 13118 13509 13814 18758 19502 24498 25584 25642 32522 32688 34473 39578 40667 42073 49791 54646 55620 132476
1681 1852 2730 3382 3849 5293 6123 6414 7657 7968 9282 9407 12912 14948 15203 15405 21713 26842 26873 31055 31958 37928 38697 39892 45403 46226 47497 50475 72052 142020
629 1538 3307 3318 3417 3600 5930 6623 9364 10946 13553 14394 16588 18259 19011 23006 26087 30752 32441 32992 35185 38752 39285 39830 45291 48972 70303 73585 87948 128624
681 1207 2150 3667 4273 4857 6370 7328 8638 10718 13290 18070 18637 19288 20339 20751 23039 23920 29299 36104 37318 39787 41488 50859 59221 59997 62911 63422 64417 83278
171 803 1580 2075 2660 2688 3198 4700 4708 6719 7491 9141 10905 11394 14401 16357 16675 17606 21751 27446 32131 38472 38556 46137 47425 52378 53268 78621 81191 98453
676 725 1533 3750 4095 4326 5314 8030 8078 8982 9528 9696 15410 19234 19267 21473 26272 30587 31998 33345 33608 33612 35310 37691 37763 48075 50402 55590 57841 118807
1041 1568 2953 4464 4547 5367 7860 10850 11746 13682 15049 17123 20438 23233 23416 26330 30947 32545 34195 34834 36010 36514 41565 45874 47858 56440 62638 68432 69996 79757
1312 2534 2727 3383 5700 5918 7830 10268 10313 11617 12503 13754 14727 14751 16151 16641 17453 21091 24227 28497 30418 32090 36202 42030 43775 45446 52610 58144 78948 121129
69 239 1377 3847 4801 6510 7076 8513 9091 11197 11404 11784 13080 14179 15169 16786 18787 19727 27124 31212 32091 41029 46257 48969 49171 50002 50618 71865 96096 134767
587 1182 3048 3133 3800 5001 5245 7537 12200 16147 16409 16516 17485 18799 20803 21586 22462 22876 23497 28002 30060 36738 37430 39309 47744 61030 69548 71622 75163 164714
435 824 1101 1181 3304 3612 3713 3893 6527 8014 8877 10064 10846 17067 18635 18726 21694 26705 27325 30785 30864 36711 37277 41466 42251 45897 47845 70587 72527 79675
347 622 1661 2752 4131 5792 5921 6329 7273 7768 11356 11458 13279 14812 15300 17803 19081 19579 25911 29897 29960 34383 34793 36626 39243 39642 67822 72677 85759 145937
12 771 1727 2533 2537 2841 2958 4919 7664 9651 10094 10101 12218 12512 15246 18612 20265 33075 34189 35634 36325 37790 41062 43632 44964 48411 57517 64927 71992 81166
304 1374 2019 4275 5102 5522 5758 6070 6371 13425 14094 14249 15037 16683 18413 19828 20044 22027 24387 24575 26350 34717 39040 39564 48326 53631 65304 74412 77384 134544
219 267 3591 4043 5542 8699 10312 10468 10845 12361 15416 21804 22639 22771 23044 23046 23454 24254 25639 25907 29497 38555 45500 58886 67996 68368 68951 69233 72675 90728
1501 1977 2929 3376 4083 4695 5858 6306 7824 10398 10419 10424 13255 13536 13880 16493 16797 19017 20192 21464 24047 28875 37251 39072 43965 55203 59614 90973 93846 117984
997 2794 3235 4912 5339 6050 7976 8066 8515 8733 9209 10779 11100 11575 12274 12952 15699 19201 23304 24577 24963 27303 36492 39986 44641 55662 62780 68114 79967 97268
2377 2564 3123 5248 6550 6642 8141 10317 11348 13608 14445 15340 18699 23048 23419 23446 23756 24534 25461 27581 27647 28208 36096 38974 45225 46616 49971 69653 83979 126046
1246 1750 3209 3784 3819 4195 4810 7516 7701 8215 8764 8825 10346 12140 12381 16822 18363 19556 21911 22423 23261 23782 24258 24438 26395 38439 45871 65443 116750 148430
45 262 918 1612 2418 2936 3100 3436 3538 9477 13563 14593 14914 18351 19422 23658 24477 24696 26549 27919 28300 29997 33395 34394 45856 48432 57832 60248 75993 93076
339 463 563 2053 3441 3900 9659 9951 10038 11152 14182 14315 15338 15793 17885 19651 20379 22997 23711 29018 29994 30334 32200 33507 36339 54877 64022 72791 94734 105744
1872 1970 2663 3244 3451 4608 6760 8614 13296 13451 14621 15500 18340 20075 21478 21665 22802 24302 24751 27425 30206 31694 31775 36094 43725 46798 57330 60791 70878 105743
