1000 29 38
282 359 575 690 901 1586 3101 4631 5230 8139 8543 9934 10054 10383 10945 11008 12916 13120 14872 15727 15988 18396 19921 21370 21448 22054 24819 27411 28097 48250 51076 54114 54956 56903 62283 78173 101794 122783
315 1720 1882 2453 2950 3943 5508 5692 6355 6693 7598 8127 8205 8387 8699 15177 15313 15346 16134 18974 19220 21584 21807 26097 28505 30137 31337 32384 33012 37860 39959 39999 50762 52876 53642 78702 90755 133963
1021 1060 1542 1583 1621 1708 2022 3379 4169 5542 6077 7005 8372 8485 11418 11537 13414 14624 15039 15851 15893 21355 23119 24411 28938 31730 32814 34497 44002 45238 45309 47116 49109 50513 51951 52975 95898 141150
838 1888 2861 2887 3580 4577 4695 4720 4761 5007 5963 6853 7300 7467 7499 7802 8233 8256 8666 11490 11515 13233 20039 21231 26934 28243 28250 34643 42308 42959 45259 55653 66975 80026 80713 83628 86201 87286
149 927 979 1311 1654 2636 4416 6398 9055 11292 11647 11997 14596 14772 15641 17428 17801 18002 18681 20053 21127 21269 22282 22398 27248 27293 27751 29009 31019 31953 32261 35027 50126 57226 67000 76033 87736 96752
1122 2087 2746 2981 6372 8816 9924 11030 11903 11971 12086 12657 14438 15177 15475 19568 19808 19828 22773 23396 24012 24196 24407 25261 25656 26533 27311 29955 30052 35647 41461 44181 45000 45663 53457 65753 65809 85260
182 804 850 872 1233 1683 2478 3528 4288 4338 4933 5412 5605 7278 10994 11236 12645 13393 13426 19867 20497 21734 26068 26174 27968 29270 32724 32785 35646 37713 38775 45636 56846 60762 72057 73266 94958 102835
609 2568 3470 5109 6720 7350 8726 9497 9807 10473 11569 12502 12815 13206 13385 13783 14911 16274 17649 17745 18022 18176 19756 21397 23697 26440 27964 29898 31415 31451 36811 52632 55307 58670 60828 65490 84163 99975
958 1403 1668 4139 4424 7888 8863 9030 9916 10008 11493 11535 11855 14593 15344 16276 16278 18613 19903 21434 21735 22110 24511 25618 27854 28258 29884 32013 32997 34973 37629 40462 40758 43570 52170 60325 101719 107220
1251 2036 3524 3691 4100 4267 6186 7979 9027 9728 11079 12353 13477 14228 14290 14761 15847 16046 17097 17696 17883 23845 25628 31551 32684 33024 33702 35023 38275 41333 44439 45226 46038 47208 47570 50342 86366 88026
953 1677 1792 1829 1849 1930 2824 3640 4530 6382 10747 11872 12224 13164 13916 14595 15321 16648 16971 22008 22441 24486 27234 30420 30998 31745 32909 33481 38450 39973 40852 42215 50497 51095 51291 59469 89782 94645
195 1224 1311 1690 2177 2563 2804 5125 5296 6536 6702 6761 7413 9641 10335 11745 12151 12584 13145 16465 16570 18621 20437 21463 29052 30218 31207 31529 32268 32439 34893 38269 53204 65714 69163 91760 93293 131731
371 750 1638 2920 3071 4829 4929 5713 5778 6568 8188 8450 9387 13756 14104 15068 15610 15614 15701 18830 20116 20721 21782 25080 25666 26068 29848 32185 32384 38465 42156 42625 46790 56960 60360 70089 94789 105473
89 1054 1089 1161 1419 1475 1928 4302 5138 5538 6645 8831 11077 11315 12042 12097 12550 13875 16376 17789 21621 22354 25319 25371 28502 29330 35233 37365 41440 42195 44218 45553 53069 59408 60154 65839 87987 107061
1796 2222 3363 3610 5495 6022 6785 7175 8155 9139 9981 13786 15589 18128 18877 18978 19226 19891 21281 22570 24840 25836 25871 26741 27145 29322 29852 30556 30957 31722 33580 33754 37805 41629 50533 50907 100847 114339
143 210 906 1097 1836 4164 4584 5530 6513 7091 7387 9137 12006 12406 12508 13008 18805 18946 19983 21813 23860 24270 24370 24529 25016 25576 30901 34520 36631 36746 41101 42038 51206 56643 61965 67454 78423 97705
1017 1422 2266 4431 4643 5775 6567 8769 8924 9147 9254 9319 10951 11121 11921 12291 12337 13276 16238 16926 16942 18036 18116 23153 25001 28135 30277 30774 30784 33942 35171 39571 43061 49509 71940 73159 94511 123142
1987 2551 2704 3002 3015 3925 4542 4583 7931 9106 9308 9508 10796 14477 15051 15992 19204 19826 21152 21745 22313 22629 22673 28894 29264 30811 31674 32061 35390 37100 38212 41488 46296 55934 56470 56909 58250 115781
263 893 980 1012 3849 4032 4343 4987 5542 5864 6486 7354 8120 8155 9494 10404 11225 12724 13362 13394 14967 16497 17438 18155 19399 23325 30710 36539 38886 39406 40351 52602 54624 60080 62942 68763 101093 140683
942 1582 3983 4170 4503 4855 6155 6767 6788 8202 8493 12281 13379 13692 14736 17119 18617 19376 19687 23236 24473 26358 27024 28086 29783 30470 37818 39690 39708 43690 46547 46758 51784 54142 56588 62352 63735 68952
316 506 558 970 1551 1715 2782 2949 3458 3925 4178 4643 6218 6241 6248 8912 9926 10935 14277 14852 18369 19883 23854 24540 25442 25810 30462 32837 35011 35187 45488 52480 57220 59505 63847 74948 114562 123066
446 1939 2007 3799 4442 7773 10009 10042 10324 10893 11471 11641 12092 12258 12656 13831 13905 14155 15496 15669 19179 21438 24735 24829 25947 26725 28423 28470 33093 36212 47800 50805 55115 57402 68059 68322 79258 90393
848 914 1512 1776 2037 2450 2571 2828 3439 3577 5178 5666 6628 7530 11085 14146 14804 16128 18386 19026 21706 22284 22778 22882 23392 23970 25573 28871 32571 34131 36565 58159 59313 61411 64337 69967 78227 150895
7 828 966 1661 1982 2536 3105 5416 5453 5775 6101 6348 7096 8606 9029 9977 11184 12277 14673 14873 15844 20970 24556 24764 26627 32035 37870 42621 43305 44907 52460 53956 61679 65192 65703 67449 74603 80840
526 731 842 1869 2793 3065 4196 4527 4550 4825 6343 6438 7301 7751 7879 11892 12594 12702 13039 14425 14725 17525 17679 28627 32153 32662 36047 36460 43303 45323 50259 51789 55638 57622 59073 60174 79749 129723
293 624 1209 1420 1439 1540 3109 6063 6387 6668 9103 9851 10544 12168 12269 15040 15223 16174 17265 19832 22456 22787 29146 31551 33643 36097 36609 38576 39173 42987 45549 48063 50960 51363 56449 70750 70922 71427
37 221 520 747 1182 1555 1769 3056 4471 4655 6683 7040 7745 8849 9443 10011 10794 12711 14424 15946 17223 21469 23662 24107 28045 28976 29399 39468 46314 48033 48167 49964 53434 62809 63172 65276 68909 130851
92 378 1584 2310 3353 4454 5770 6525 8447 9569 9966 10270 10286 10947 12567 14741 15084 17756 19716 21198 21935 25912 26832 27873 30688 32148 33632 33687 38405 42877 44201 44823 45812 47483 48033 69635 77844 93783
1271 1614 1954 2663 5328 6192 6434 6835 6862 9348 10268 10550 12842 15115 17190 17203 17525 18467 19146 20374 20776 21869 23089 26488 28623 29060 31573 37159 38768 39040 44792 45484 47772 50535 53921 58326 76199 105879
