1000 49 33
802 2561 4841 5830 6707 7023 8189 8428 8455 8741 10964 11686 13295 15398 15778 16170 17519 17576 17753 19915 21130 43471 43886 44248 45559 48632 50182 55852 57204 72741 87779 91617 116233
1489 1767 2038 2642 3015 3539 3722 4428 5281 7035 7336 7625 8140 8225 18465 19015 19582 19676 20129 23769 24137 24185 27073 27864 30816 36191 59380 65752 86932 87971 104469 115597 119901
725 4771 7765 9421 9927 10518 10856 11371 11694 11849 12354 14794 14854 18037 18831 20426 20855 23246 25726 31185 31945 32067 33450 34859 35410 37055 38874 48296 54192 73726 94377 96273 97019
905 944 1096 1555 2827 3023 6166 7800 9814 9982 11384 11968 12093 13259 13949 15080 15326 15844 19131 20970 25105 31610 33072 33352 34750 36202 43439 47430 76471 76943 101186 122038 143378
967 1197 1661 2425 2590 5766 6648 6845 7211 7530 8052 10497 15919 16499 18756 23048 26570 28722 29867 30216 30679 31573 32794 33433 37704 38762 44336 54794 58276 66858 74745 85090 156101
1358 1510 3479 3768 6617 7438 8388 9033 10777 13422 15338 16273 16736 18835 20267 22236 24788 25203 26944 27627 30011 30408 31580 31642 36032 36734 44009 45863 50479 64394 68791 99927 147145
1044 1418 1601 1749 2347 2658 3131 3263 3311 3409 3921 6123 6807 11589 15480 22425 25646 26102 26889 28429 30325 32277 32785 33517 42567 52130 52303 65174 74549 76849 84629 97036 124325
383 1246 1433 8125 8649 9144 10286 12250 13592 14186 14645 15114 16147 17360 19106 21516 21698 24194 24450 27269 29113 32316 34190 36774 37788 41122 52639 52839 54066 66789 73185 90595 113306
2764 4451 4484 8823 9053 9114 11236 13054 13899 14396 15645 15899 16448 16904 17676 18006 20372 20407 20630 30211 30647 32086 32890 37881 45189 48126 50302 52014 53901 61861 76625 96461 96674
521 1276 1470 3551 5023 5711 6766 6905 7664 7692 7940 8565 11609 12443 13197 13275 13412 15363 20747 25951 26350 30303 38731 38920 39843 56132 56420 61889 63390 68853 78619 106829 142501
590 660 2588 2889 4684 8289 11651 12918 13730 14934 16141 17069 18838 20385 21074 21405 24949 25687 26166 27510 28566 29799 40972 41041 41546 44286 48693 50591 52233 52490 82897 88007 104729
2975 3378 4193 4950 6184 6713 7466 7890 9265 9785 10489 13799 14312 18203 19629 20849 23893 24597 25489 25668 26178 27873 27962 29888 31971 36197 48651 54585 60596 81399 81508 82154 149228
177 1087 3242 3780 5336 6426 8652 9832 15501 15585 16256 16590 20084 23885 25602 25793 29138 30541 32215 33614 33680 33699 37838 39462 43619 46708 51471 56513 56995 58181 63372 72980 79482
65 980 1154 2129 5228 6983 8631 8843 9580 11054 11163 11302 11387 12714 13705 14986 16772 19876 19954 21426 32108 33599 33973 37445 37804 49845 52776 55236 70435 84790 89855 91912 119034
1832 2872 3543 4713 4850 5197 6909 9253 11175 11436 12784 14288 20289 21681 24013 24124 24310 24601 25230 27739 34936 36297 38320 42077 45154 47372 49303 54487 59675 59690 66332 79305 104087
90 194 2083 2313 3002 4063 5273 5876 7750 12149 16127 17692 20581 21169 23410 23970 25453 27128 31039 31514 33639 37151 38293 45299 45442 47063 49474 50422 52640 58138 76242 82078 98859
336 716 870 1556 2035 2113 2210 5626 8780 10795 12107 12124 13435 13509 14286 16310 16463 17226 17633 18416 21767 31716 33774 36938 41666 44704 53197 62579 72547 80824 81550 96263 153170
587 2113 2922 3809 5516 5652 5742 6241 6959 7349 9083 10374 11736 13401 14262 16093 16312 18837 18988 22877 30092 33316 33746 35795 36902 37240 42435 60070 69701 80546 103186 115759 120516
329 419 677 2017 2626 3102 4473 9074 9723 11370 11552 12600 15196 15475 15833 16235 17803 17839 26760 27054 28277 34011 34278 37728 40091 48670 54391 60948 61886 64976 87894 107930 117025
596 800 1315 1631 1783 2370 3212 3983 4506 4956 10856 11687 16789 17914 21213 21721 27161 29040 30826 33042 35249 37379 37745 40455 40836 45782 49496 55358 56125 64430 66979 81484 139107
1617 3416 3525 5324 9007 12291 13931 14381 14627 15550 16250 19582 20277 22409 22966 25379 26743 26828 27837 32266 32524 34051 36571 38449 42869 46883 48220 51399 54360 55626 58762 60487 101136
764 1478 3539 5223 8312 9733 10549 11392 11599 12972 13210 14954 15154 16649 16707 18496 19651 24439 25049 28239 29602 31279 32443 32554 33368 34317 51052 57855 58614 61730 64281 119610 121721
901 1122 2720 2742 3829 3941 4017 5904 6055 7354 8752 11625 14517 16262 16280 17118 26532 27277 28830 32081 33349 42906 43036 46768 52042 57932 60961 66722 66819 68293 72793 73812 74132
547 3237 4205 4959 6041 6678 8408 9857 11108 12244 12686 14976 14986 16720 18304 19066 20229 20365 23291 23564 24561 29676 30290 33328 35666 36722 39738 58478 60297 67314 75135 90706 162921
3286 4715 4939 5504 8216 8362 8450 9446 9854 12112 12177 13989 14061 14200 14464 17226 19644 26568 32482 35103 38106 41918 42343 42902 45937 48636 49787 50216 56770 59784 61000 87580 97379
1515 2685 5274 6896 6905 7644 8301 8430 9438 10484 15908 16099 16357 16651 16839 18497 19046 20104 21038 24377 25196 25435 25561 34867 35299 47881 50457 53153 59128 74759 81477 90193 142326
868 2071 2795 2837 4040 6916 7403 7704 8764 9087 10950 12742 15574 19483 21182 21273 22063 23088 24849 25212 28977 29925 31944 41622 42541 49137 49937 53506 59234 65161 68365 104713 124459
1164 2100 5013 5577 5832 6532 7507 7746 9117 11134 12516 13016 13957 14895 15987 16847 18788 19438 26728 29149 34574 42461 44267 47499 49694 50882 55953 58749 63273 67267 78323 79632 82060
2478 2724 3204 4278 4959 8506 9432 9971 10894 11143 11891 16890 18280 18441 20248 20333 24177 26494 27195 28635 29454 29800 33122 38364 45958 46815 48266 49691 68657 72040 82511 84304 86798
132 468 1180 1960 2956 3269 3543 4898 6319 11169 11852 12231 13030 17611 17991 20818 22120 24157 27952 30760 33669 36186 38025 38578 39996 42829 49419 50969 54591 77861 78610 87598 135450
1495 1721 5417 6185 8408 8988 10738 10975 10983 12178 12736 13081 13179 13622 15483 15790 15998 23612 26977 29847 30063 32462 32693 34653 38186 39301 52510 60244 70498 84292 85651 85673 94031
464 588 738 2930 3438 3727 4966 7016 7310 7948 9338 10579 10860 11355 12489 13175 14169 14334 14574 16963 19763 25011 25787 26494 30811 38540 39977 39983 63996 71053 111908 134355 201259
494 601 1812 6054 6634 7676 8643 10322 12216 12834 13936 15051 19198 23424 24293 25463 25939 27626 27751 28840 29870 32878 33082 34609 36575 44059 51674 53269 58756 59186 62516 73845 128824
113 436 817 3851 4039 4887 5616 5759 6165 6735 8830 9499 11793 12076 15641 16645 19507 19588 20218 21287 37578 42661 47006 47594 48125 48583 55966 58868 66091 69550 79433 79815 123113
488 1554 3176 6967 7976 8844 10239 11936 13734 17758 21294 22484 23148 23467 23621 25549 28238 30196 31845 32086 32914 33800 35450 40868 40910 42702 44475 45574 51240 53021 58886 70498 103501
2152 2351 3457 4384 4402 5002 7180 8524 9108 9621 11055 13769 16271 18152 21605 21669 21777 22280 22494 29178 32625 35150 37738 46002 47593 48749 53721 58909 63655 68667 72630 86104 89668
125 1968 3824 3975 6144 8021 9106 11864 13755 17320 19467 20780 20797 21741 24079 25603 26089 27407 27476 27555 30770 31159 33438 40870 42686 42776 45647 56722 57334 58606 59524 71442 110174
2441 4994 5078 5098 6975 8735 9055 10141 10416 10470 14235 15142 16439 17518 21351 21952 23638 26623 27515 30182 30214 36852 37657 41183 41325 42502 48239 53568 65919 65973 75663 78481 92352
877 1872 2020 2662 3486 5087 5624 5911 7060 8339 11415 12931 14192 15132 18335 19369 21711 22995 26225 30380 31429 31836 35690 39380 40450 43008 47220 66559 77678 78985 84109 88691 97610
500 788 1505 3376 3566 4301 6152 9164 9977 10192 13241 13821 14961 15258 16369 19417 20634 24243 24837 25163 29483 30874 33242 34340 37795 43164 48835 51418 52727 81519 99166 108070 109835
1823 2497 4181 4947 5131 5979 6168 6445 8263 11861 13063 14346 16178 17736 18609 19514 20539 23740 24547 32924 33819 35549 36683 42871 45646 45901 48520 49690 52266 54597 55724 73186 164725
43 760 2306 4246 5883 6589 11826 11957 11970 12753 12970 13084 14101 18471 18918 18989 21251 22995 25658 29382 35686 41324 41941 42395 44899 46713 47903 48287 51158 52162 53871 54523 172470
1318 4471 5477 5935 6571 7181 7360 8685 8846 8970 9484 10708 11023 12341 13090 14704 14839 16358 17448 22106 23548 23933 29962 32693 52836 55272 61559 63171 68495 70195 73327 86157 148071
547 900 3114 3169 3258 5301 5654 5977 7721 10822 13185 13506 14837 14998 15303 18430 25045 25891 28081 29322 29568 30882 31412 37217 38844 40328 42192 42598 46236 61864 61876 98220 190835
2201 2340 2716 2829 3913 4057 5071 5308 10825 12803 13269 13697 14350 15227 15367 15551 16520 16720 19651 20341 20429 20626 22335 23344 27156 37111 45826 52629 56911 75430 118544 131366 152104
131 2001 2300 3929 4343 5267 5876 6700 7091 7379 10415 11428 13517 13728 14998 15034 15890 18167 18860 20601 20662 23542 26133 34566 39694 40297 42585 47070 62070 68572 76409 107020 210434
573 711 1650 1720 2556 3004 3084 3457 3626 4773 5278 5475 5709 13783 15260 16805 20651 23268 28238 29747 29831 37695 37958 38308 39508 40040 40519 45425 53519 76904 92123 95629 180347
3668 3806 3972 4185 5299 7322 8643 9865 10043 10985 11933 18250 19736 19964 20099 23065 27777 29493 29505 30175 35098 36104 37738 38858 38981 43081 45539 52518 53824 57550 71928 85145 103494
829 1183 1595 3806 5557 5793 7289 7753 8190 8343 8762 9845 14361 15422 15991 18862 23111 27750 32723 33308 33649 34631 35808 38267 38589 49125 56932 59504 61531 62812 63456 78601 133154
