1000 47 29
2577 3159 4351 5774 6637 7214 7657 8842 10168 11062 11106 12952 14260 19531 20841 23119 25290 26508 27095 31673 31914 32687 35996 41293 53238 54834 55897 59117 80034
1567 1638 3336 4524 5164 5368 6497 7352 7607 7979 8842 9020 14823 14930 14985 15618 19535 19984 21903 24110 31288 40284 45658 49456 51139 75334 78707 95201 166259
574 1557 2751 2787 2873 2878 3169 6087 6216 7923 8145 9038 13172 17505 17505 18412 19262 20569 21692 25084 26370 29980 33387 46388 49717 66444 70642 76747 104456
1933 3165 3495 3850 4667 4797 4935 5188 6236 6359 6938 7364 10063 10434 11941 18780 19965 23339 30039 35519 38581 45835 49979 50648 71317 71860 71904 78491 79641
2305 2573 3988 6774 9458 9861 10601 11979 12494 13326 16336 18076 19152 20376 20499 22230 23914 23980 26547 31206 35145 35753 36726 41846 47294 49800 49927 59967 70997
153 198 481 2292 2721 3810 6295 7161 8167 11614 12875 12973 19125 19641 20003 20239 21879 25484 27545 27838 32326 33276 41461 42336 43146 56799 76439 108060 152298
1990 4118 4582 6302 6826 7023 8898 13247 13390 16030 16986 17383 19540 20046 23423 25723 27186 27590 38327 40245 41018 41433 50225 51273 58395 60367 63810 83958 88708
631 735 1441 1462 1692 2903 3404 4108 4235 6177 7054 7631 8125 14600 15015 16619 18776 20096 21965 22571 27345 30210 37269 51182 53363 65812 101414 117682 131688
190 1235 1860 2269 4214 4283 5405 7335 8015 8260 9958 13944 14754 16935 20638 23193 25654 27137 27783 32695 32833 33082 39430 39585 41017 61469 94606 114486 118806
232 347 662 1249 2590 4507 6610 6661 8225 8456 8493 9042 11130 11920 17836 18949 22752 23481 28076 32560 32800 37200 37779 38836 40682 48295 68267 82501 172767
538 1139 1646 1974 2708 2925 3373 3528 8956 10420 11624 13785 15805 19929 23109 24777 28258 28294 29276 29762 32606 33696 36406 36645 42500 43046 48501 90760 130741
2303 2785 3382 3630 4494 4946 6021 6786 6790 10080 11469 12893 14936 15602 15970 16612 18827 25844 26793 32532 35398 37670 39842 41217 60344 66967 81361 83124 94312
5792 5926 7064 7457 8323 8879 10058 13124 14255 14413 15765 17799 19379 20695 21589 22125 23682 24541 24941 27182 32615 34729 37017 37066 41727 47705 47893 48847 71856
1230 2200 3198 4350 5140 5955 6582 6832 9608 11788 13865 14197 15665 16006 21506 22434 23506 27039 31329 31494 34645 39602 46255 48334 49122 50931 61123 73074 87438
1849 1949 3883 4670 5031 5436 5824 6287 7044 7652 8866 12695 17775 18221 18567 22144 23074 23852 27156 31909 32791 34082 40397 44712 58971 59663 60000 78350 116103
4125 5797 7732 7861 9520 10043 10073 11897 12202 12898 13386 13569 14928 19238 20421 21461 23610 23838 24537 24660 25683 31630 32720 51760 56202 58728 94218 111257 121373
426 691 1817 5471 6242 6586 8034 8964 13034 13520 14183 17999 20715 20804 23626 24534 26398 30866 30937 31141 32435 42243 42944 48344 51076 59962 66958 74940 100866
881 2284 2623 2643 4521 4651 5503 5587 5636 6336 8023 9289 10446 11420 12278 12931 17363 17818 24012 26558 33949 40140 44393 51316 61174 72381 108021 114433 114742
413 1663 4299 4436 4554 5788 5926 7211 7436 7989 8061 9366 14309 14425 15118 15930 20311 21265 21270 32330 32621 36124 50113 51523 55992 65228 67887 127689 160755
1523 1695 2196 3114 3558 5645 7069 9008 9259 9899 10803 11624 12526 14089 15676 19432 25532 25846 26911 28836 29621 41314 45288 46837 51855 62890 66389 67721 119370
930 1075 1503 1829 2887 5860 5863 6932 7810 8260 10066 11152 12405 16263 18209 20430 23911 25014 25749 32044 32152 32516 41291 41920 52840 61920 70948 94026 100541
956 2662 3010 3035 4120 4489 5191 6327 7548 8209 11125 12711 13203 13334 14832 17661 23954 24443 25825 27248 33133 35837 40686 47166 56770 66746 67290 89256 91041
806 1560 2121 2300 3863 4754 6932 9265 9585 12156 12317 12318 15222 16889 18110 18620 18926 20256 20424 28229 29000 29820 30041 33052 41981 46506 54503 58591 153432
916 1431 1658 2619 8150 10721 14122 14315 14415 15993 16068 17782 18047 18307 18446 20885 21783 22131 24007 24990 27776 29819 32818 37047 37142 55658 67472 77765 100675
79 1762 3022 4605 4924 5272 5937 7410 14197 14331 14799 16376 17053 18943 19429 20903 24678 26700 29823 31387 34024 34437 36546 38479 42141 94890 98603 108217 130994
46 1228 2295 2485 5117 5575 5990 11769 12650 12997 13567 14613 16920 19054 20120 21711 22342 25328 26308 29916 36853 37239 49167 49898 56580 57596 68029 85902 114006
130 166 577 2530 2543 4420 5831 6104 10747 12354 14653 15381 16396 21918 24424 25863 30499 31130 33528 35959 37281 41469 45274 55637 58216 58752 63532 67520 70718
341 1270 2606 5009 5998 7251 9363 11046 11373 12636 13726 13910 14080 18135 21648 22620 23143 25975 27939 32693 35803 40689 41691 43752 45098 47683 57292 59389 105385
1918 3051 4054 4181 4288 4662 4839 5601 9058 10140 11114 13944 14133 19990 21437 23240 23408 25705 27543 28726 31057 31385 33422 43515 59143 61362 64294 79475 88100
774 882 1363 1885 4539 5659 6106 7105 7996 9529 13384 14748 15436 15966 17539 17873 19163 26704 29183 34429 35621 36733 39948 55516 64352 70966 77346 89289 119716
25 2322 3561 4577 5675 7001 7410 8707 9560 9973 11645 12889 15683 20719 26525 29530 31598 37412 37471 38349 38421 39253 39269 39429 40606 50761 57456 97127 116828
195 1146 1987 3796 4292 7350 7536 10328 12104 14839 15298 15809 15973 18736 19070 20615 24409 28232 28942 29065 33217 35312 41380 44025 44415 54867 65255 106562 118850
406 1221 3224 3336 3426 4124 5027 7356 7550 8081 9784 10062 11029 11574 12075 14638 14796 18616 23345 24131 32894 33328 34221 41176 66682 69448 81500 86266 91410
1413 3745 4198 5986 6590 6742 8038 9114 9423 10689 10953 11027 18789 26263 28859 32203 32426 32459 33590 35900 40233 43918 49306 52893 58769 64108 68156 71558 88638
203 3213 4545 4581 6400 8062 9118 9883 11682 12162 13939 14237 14893 16024 16371 18369 20003 24270 28192 32079 33886 34750 37996 47630 50085 55684 57326 75215 85987
308 957 1262 5652 5824 7743 9536 9862 12234 13665 15544 17318 20675 22323 23545 24245 25205 26993 35596 39299 40506 41191 41470 45761 47914 50457 63431 72764 79436
1769 2476 4809 8731 8936 9012 10847 11602 13083 15445 15632 16441 17614 18032 20083 21590 23770 25269 30441 31929 33522 46381 48885 49095 56627 57625 77997 99173 104950
267 1474 2106 2217 2767 3097 5746 5794 10619 11664 16160 16669 16929 22615 25424 26489 32586 37289 37457 41606 43563 44076 45156 49097 49459 67499 82039 82813 86895
89 890 2514 3526 5373 7125 7491 9858 10203 10388 10567 11409 13665 14028 18964 19498 21358 23196 24640 25353 30283 32033 37325 38333 54053 79191 85064 103078 105530
1396 2647 3010 3222 5488 5648 10919 13730 15101 16774 19571 21353 22322 23306 23934 26775 27629 31144 31338 32596 37017 39261 44815 45408 54421 55763 62071 66593 67004
599 704 743 1847 2878 3422 4115 4364 5799 6449 8156 9014 9728 10315 13203 20488 21196 23019 23206 33775 38873 39727 39828 42175 58113 61731 82197 83700 90838
665 1244 1897 2797 2979 4566 5049 5576 6042 7966 9025 9970 10244 13690 14687 28035 34682 37562 37810 37956 43105 44046 45811 46297 47812 51253 52912 59000 106602
544 644 1309 3379 7029 7325 7930 8168 12563 12839 13652 16497 19855 20664 21306 21758 22440 23391 24976 25744 26237 31023 33907 41490 43634 57807 58224 89499 94612
1676 2679 4226 6425 6593 8482 8553 8979 9214 9760 10835 13622 17520 17573 18266 21487 26397 31641 33623 38481 40141 41350 46831 47839 49524 63835 68416 72553 81207
445 1752 2734 4563 6047 6192 6695 7866 8812 12652 13215 15056 15603 16633 18354 19880 23509 28480 29807 32970 34887 42034 43726 46224 47390 54335 97673 107765 123262
904 2813 3538 3901 5019 5658 6024 8168 9692 10174 13991 17219 19318 19587 21314 21367 25205 25953 27914 34417 45473 49703 51417 56594 60523 61304 63212 80527 105614
3281 3674 3704 4303 4454 5336 5459 8224 9674 10207 10611 10832 11721 15167 15564 23650 25277 26881 27805 28355 32099 33092 41869 56316 58170 65661 95020 128873 130855
