1000 9 37
237 1019 1676 1680 2201 3431 3523 4389 6098 6876 7668 8270 9846 10884 11437 11490 11791 12157 14040 16397 16450 19161 19796 22298 23722 24673 25522 26490 26551 27281 34142 37697 41392 48837 59210 62168 72780
1156 1476 3788 3843 4238 4275 4336 4707 6408 6411 7206 8744 11784 12175 12331 13215 15668 15928 19071 20117 20734 21202 21402 23195 23646 23888 24456 25409 27845 31287 32708 38947 43994 53243 98467 98811 111499
26 947 1111 2122 2674 4462 6131 6744 7121 7843 8083 10152 10317 11521 12989 13421 15075 15404 16042 19584 20770 23267 23596 28492 28847 28975 29874 29961 34879 34971 35965 36952 50040 50825 53726 55933 66951
273 407 709 803 1578 1869 2976 3744 3986 6295 7020 7071 7493 8055 9189 11942 14207 14320 14755 17255 17924 18062 18116 22070 23270 23684 27132 30290 36969 38497 41545 44092 55355 55947 64782 66974 74546
88 90 963 1270 1390 1802 1903 2950 4669 4956 5170 6925 7335 8105 9033 9838 11956 12663 12806 13249 13868 21896 22913 23969 24718 26885 27081 35271 35363 35908 37424 38155 38361 57069 73237 106637 117592
951 1389 1655 1794 4067 4447 5112 5176 5180 5231 5396 5398 6028 8329 9018 11397 12556 13664 16322 16723 18526 18940 19088 19686 22722 24184 26535 32190 33120 41623 43443 43456 52525 54505 75538 80099 87209
261 1701 1800 2522 3122 3188 3444 4806 7065 7095 7244 7782 8382 9480 10658 14131 15480 15729 17454 18262 18503 20389 20422 20634 21581 23440 27756 28558 28759 30471 32472 40650 45924 55014 62574 64211 73713
27 511 962 2661 5990 6224 7482 7751 11484 11765 12460 12805 13061 13072 14251 14374 15167 17172 18290 19821 20083 23485 25052 26010 26400 27378 28485 32713 33742 35065 36926 38722 42856 54122 56998 58197 63052
1584 2701 3841 4551 4575 5465 6637 7684 8740 8793 9610 9616 10198 10501 10664 13845 13851 16241 16303 16584 17066 18561 19265 20071 21307 21461 27457 32416 35397 36634 39014 49326 50026 52918 53768 60656 79913
