1000 16 35
601 975 1463 3515 3581 3985 3989 4144 4360 5959 8714 9068 9506 10455 10777 11308 11361 12987 13304 14054 16127 17362 19734 19834 21643 22603 26660 31879 39779 41291 45359 46345 55235 64585 117957
1013 1087 1358 1959 2899 3103 3181 6176 8466 9998 13258 13911 13975 16536 16693 20333 20644 21202 23801 24224 24654 25835 29429 29802 30948 31501 32055 33264 36713 41895 43479 44547 65002 88573 114197
1269 4047 4377 5828 6165 7184 7417 7900 9347 9452 10149 10558 11339 11760 14787 16284 16310 16670 19717 20061 21428 25139 25550 30073 31259 32696 42486 43099 43341 46888 49013 49067 58477 62200 63211
1256 1563 2201 2601 2667 2764 2870 3046 4534 5191 8312 8620 10297 10883 11051 11471 11669 11956 12189 14317 14810 15788 16327 23209 24028 25693 26865 31320 37546 39667 44257 46920 62201 65574 132078
474 1598 3726 3805 4463 4552 4672 8909 9077 9146 9342 9989 13287 13875 15139 15719 16541 17668 18517 18907 19198 20392 20725 21648 21805 24917 27611 28314 32336 40854 50745 50758 64286 119032 123548
227 933 1258 1753 2065 2442 2508 3133 4760 5213 6108 7130 9856 9923 11500 14258 15533 16266 17139 18077 19368 20510 23433 23880 30164 40321 40659 43993 44193 44252 47666 63066 76524 85923 88355
970 1657 3806 4366 5142 5382 5599 6175 7769 8561 9067 9485 10263 10707 10821 11007 12189 12288 16217 17054 22051 22986 23063 23484 25727 28890 31868 36858 39685 44651 55505 60562 69611 71557 92442
220 706 818 3938 4438 6370 7191 7656 8061 8645 8647 9633 9645 9993 10872 10901 10992 11174 14757 15427 16666 17521 18838 19192 22017 26867 31148 32141 38678 38819 42292 44907 46839 72316 77316
86 610 647 2133 2783 3974 3986 5658 6037 9363 9476 10658 11146 11333 13781 14112 14293 14688 17212 18502 19725 20122 20430 21185 27299 30733 31536 32132 32134 32181 43352 63911 69719 70485 91815
634 878 1520 1712 2121 3029 3194 3545 4202 4746 4841 5862 6295 6902 8031 8530 9424 11893 14684 15539 15645 16241 16760 19909 21676 22122 26933 27169 40474 42485 49671 54261 72730 94347 104891
530 693 1348 2490 5159 5335 5384 7259 7520 7690 8433 8506 8970 11315 13090 13552 14525 15357 16297 19106 20318 23866 24052 25496 28045 30635 31284 37109 39424 40610 45540 45917 63666 65612 100772
917 1679 2136 2774 2774 2777 4663 4722 6424 8405 9701 9756 10604 10852 12041 12744 15330 15340 15972 16523 17567 18040 18660 19570 22380 24908 30003 30776 35595 37116 37669 57967 58747 59156 84625
856 2509 2861 3320 6155 7282 7919 8153 9748 10187 10230 10839 11100 11606 12225 16065 19410 19931 20326 22524 23338 28967 29883 30620 34453 35998 38770 42534 45540 48292 51798 55177 64170 73161 80642
475 1352 1800 2067 2721 2931 3915 4169 5123 5952 10682 12550 13030 15441 15921 16676 17972 18567 19069 19464 20572 20760 20932 21133 21157 24136 26794 27820 45069 54059 57200 68497 69166 69526 81153
219 1188 1778 2252 3649 4151 4579 5367 7480 8024 8437 9357 9784 10038 10878 10952 11846 12978 13585 19707 21027 22892 28895 30363 31800 34991 36219 40250 57797 58468 63591 64781 67607 75301 88226
682 824 1319 1485 2558 3246 3488 4190 4381 4976 5756 5845 5877 8975 9075 10734 13058 14708 15864 16916 16957 20052 21264 21990 22174 25813 27948 36930 45359 46310 46822 48469 49094 67813 69768
