1000 41 20
4322 4606 5024 8216 10066 15788 22748 25345 28881 29962 38627 40757 47879 56860 59970 66509 68176 96215 131077 208705
1584 3018 7966 13003 16496 20235 20753 25378 26179 41151 44828 49221 51297 53129 54104 55661 83942 104332 112798 134716
4083 6063 11560 12703 13316 16892 17078 17652 31149 34157 37951 45805 55734 62130 89278 90296 97410 97753 98646 122667
1464 1798 2382 3737 4738 5785 5908 8635 10361 13537 25334 31645 37722 55410 55930 70540 71646 105713 163499 245348
1475 1991 4813 11231 11271 20034 24893 30185 31176 37797 38502 47185 48811 59840 62180 68196 77937 91862 103566 148948
1407 7308 9164 9619 12200 20210 23389 24827 34022 38317 42899 47329 51175 56676 58639 78242 97262 103404 113639 129134
3812 5363 12203 14595 19442 20070 22254 22262 26095 27645 28090 29102 52921 64556 70605 74894 76009 83514 98780 197140
6607 7515 7592 8095 9492 13896 25095 27961 37515 41049 46590 52705 55651 55724 56173 60682 99269 101615 121487 123089
1309 6761 8318 12384 13452 13992 15981 18463 24802 31528 32393 45048 45488 48634 66917 67297 91306 96357 119449 180156
1468 13650 14724 14776 19620 21532 21695 25359 27801 36140 38485 49570 51300 57089 61865 77233 81504 100495 106874 139187
2722 3658 3935 15979 19243 23699 29247 33246 37432 38511 45411 48588 52311 54119 61314 61576 67361 86835 122412 143440
3340 5136 6791 6981 9629 10577 13522 15718 16754 19472 23264 34968 60714 65130 79277 81619 96005 97354 129525 149354
2831 4507 7577 8290 9953 11709 18216 26568 30335 34825 36697 45877 46065 59479 68338 76056 78159 80636 98703 171877
4382 9420 17028 18604 19498 20962 21696 22357 24586 28652 30496 32014 43158 44922 59662 68279 69848 73502 114863 199525
2007 2924 3145 11253 12831 15509 18061 20198 24322 28054 30015 48270 55504 58960 59818 63933 69463 106210 111708 207549
1665 2014 2161 2764 18483 23551 28233 32663 37555 42594 44238 50170 53887 55409 55757 68328 84711 98917 109486 132370
628 3352 5059 6040 6816 11833 16461 17485 22539 24652 31564 43675 47856 63204 67888 72802 80990 100827 139173 156993
426 452 863 1793 9356 10479 10639 17210 21431 23540 33717 33901 34983 45409 52702 77692 117935 128220 167360 181084
3025 5847 6635 8352 10881 12469 13516 31718 35838 40385 42290 43910 44870 46158 47130 52311 86622 119617 127526 153842
191 4283 7608 8148 8915 10348 12208 19254 21581 24940 40533 44518 55969 62134 67469 74393 82992 104825 133518 157788
1671 9400 10597 11776 15904 16089 22229 24557 29213 37040 40569 45546 46937 53203 54670 61274 73703 74297 134927 154340
14463 14701 16490 19067 19493 21580 22278 22729 27704 27752 32492 52632 55622 56032 56893 58968 70622 80540 90196 205884
379 1642 4731 10499 11998 13514 14705 23311 37877 42136 45339 47396 52093 56342 74408 78638 86033 101099 104405 141160
1313 4058 4814 7462 9595 14717 22306 23263 23449 24003 29141 36177 37305 40817 45053 50153 83417 84244 168220 226567
2424 9818 9833 17275 19183 24038 30770 35905 39649 39696 41919 44400 47187 53872 55255 55369 67280 92985 134522 144395
2365 7929 15096 19407 23577 27496 27812 28435 33453 38975 41931 42887 47765 57536 75184 80938 81551 86061 100197 119997
350 2381 6097 8606 12267 13569 15088 19897 20666 25960 30014 39849 56881 59634 70409 95120 97934 105998 121187 156395
2086 2302 5465 9224 9341 10260 13528 14591 18573 20114 29212 29703 46685 49815 58746 72446 77721 99106 182445 192067
1002 3827 6938 7229 13326 15536 23251 24800 24872 31776 50652 55105 58332 58481 59759 72754 79741 96590 108750 141638
542 8540 11292 15538 16544 18703 22472 31236 32856 32881 37926 45822 51873 53207 68882 74766 77468 86827 108553 158629
111 6610 8617 12754 13268 15047 15923 18228 20779 32685 36056 42284 44574 52350 52420 62595 89738 109077 134581 165873
3162 11060 15696 16162 19198 19885 21108 31969 32253 35911 36181 48068 48264 56876 57112 62222 90665 110858 112928 133761
297 568 1999 4398 5078 6702 7960 11315 11735 17927 19774 28575 39634 55224 60673 95857 99920 113546 124982 212698
2357 4664 4793 9729 12819 15594 19338 23939 25188 33309 39154 43868 49722 51904 60469 61754 68061 69112 115596 211401
721 1258 6160 10414 13357 17720 19421 24000 24460 25153 34096 44513 45831 57555 74949 86365 95898 98321 108258 137345
3461 6214 6241 6679 11743 13402 15818 17413 20687 31880 39157 39996 48043 51831 55370 57381 68900 105872 142344 195761
222 1500 1666 2376 8970 10802 14429 14440 16327 19231 26520 29013 29273 42443 51216 52787 94792 111817 178041 238953
3787 5269 5481 7682 13247 13525 16887 16892 17115 21778 24842 42295 42360 47966 76289 86702 111751 112887 140134 146131
5586 6736 8827 9583 11384 11947 13862 25616 28696 28841 38124 42574 53041 69059 79584 81372 91502 95571 114949 131578
529 560 2178 6647 8496 8569 12076 17218 31905 33276 35892 45785 46810 54810 56661 65718 86557 101561 140546 169404
1382 2356 3384 10223 14582 15894 16148 17373 38923 39766 45415 46753 49460 56228 73784 79498 82382 93874 98657 163269
