1000 44 25
279 1287 2711 7040 8007 10062 12312 13872 18799 19920 26775 27554 27558 30183 32463 34016 34306 35315 40818 49598 51533 54623 70893 80706 138077
550 2486 9205 10198 10654 10687 11495 11815 12036 12875 15652 15674 19985 21644 22404 28309 40644 41041 44766 54946 60235 61027 68129 90682 134003
119 603 1681 6325 8145 8253 8374 9508 17310 17342 18270 20482 20526 28038 33311 39868 41826 43409 50775 53117 58132 66847 69967 89262 138204
897 2326 3577 3651 5290 8142 10682 18359 20384 20391 20642 21517 21692 22248 22434 22924 40858 42232 44638 58503 62074 76342 110211 123923 139624
335 3456 4553 4793 8799 12032 13906 16250 17085 17949 18690 20611 22596 24751 28026 28065 31520 32602 50601 63986 65646 70494 87836 98297 107042
1671 2082 4208 6392 6518 7882 11587 15934 16188 17854 18768 19004 23845 25791 32387 33357 33560 36151 43187 45595 49693 55594 86505 92790 170795
1195 4202 5078 6992 7420 12085 14196 16461 18225 19501 21250 22150 24240 25110 25416 30698 37448 44246 51910 54576 61602 66180 74415 88026 109322
4559 4693 6352 8201 9046 10294 14226 17901 22604 23585 25017 25027 25733 31729 32540 33086 37981 42556 45000 64225 64270 69999 90635 99993 114011
2377 2438 7200 8474 9478 16701 18861 19356 21266 21274 27333 28028 28611 29612 32494 33760 34097 39358 52002 56946 57649 58397 61540 75681 78798
951 1899 4207 4337 5025 6752 8653 9315 10118 15612 16748 21219 22945 27079 31448 33893 40666 50331 50748 54153 58470 61766 75693 83831 93609
1123 3016 6336 8051 8440 13107 13150 14580 20436 21811 24674 26864 26867 32943 36625 38478 40579 40709 42461 56248 67342 73891 86011 91341 98686
414 936 1441 1567 1784 7386 9786 11544 12610 22280 23191 23757 26491 26869 35146 36031 37914 40155 43858 44073 47430 49683 54806 54960 168039
594 2218 3542 6050 10084 12444 13249 16883 19032 19320 23986 25366 27947 29777 31235 34956 35118 41012 47734 57101 67220 70921 76647 96944 126232
1232 1267 1433 1632 3219 6606 7102 19093 24154 29485 30976 31116 32515 37746 42923 46544 49450 54513 55919 59500 62369 63305 71673 71853 79670
5436 8689 8774 10509 10648 11765 15497 20751 22393 23592 26650 30247 31164 32887 41924 44438 45865 46445 46845 47756 61702 68522 71742 73142 75668
1665 2535 3564 4773 6090 9577 10437 12542 13563 13885 14063 15164 20931 29822 29905 32114 37837 42463 43606 49948 55387 71076 82798 99263 105887
4117 5464 10150 11467 23841 23850 24123 25829 26069 26247 27102 28859 30796 31120 32694 38106 39396 40406 40420 43537 58798 69588 70087 73091 93378
559 4427 4524 6588 10818 10842 12071 20401 20940 22383 27167 28711 29228 30681 34310 36636 38111 38492 40105 45783 51741 54969 71022 93599 102409
709 1455 2123 2298 5137 6743 8204 10834 13094 13349 14030 18315 25849 26492 27658 28057 39638 46045 47851 59938 73624 78543 79998 91476 101034
411 1743 3031 5595 7128 7676 8797 9146 11241 15929 19063 20897 25491 26800 29875 32775 34082 37625 45308 45479 64970 77901 84984 104542 160091
1297 1541 2162 2741 2755 5126 5944 6195 6220 11859 12315 17085 20621 22973 27508 33020 34857 45525 48988 72069 74443 80079 91492 97967 147794
3358 3822 4582 4677 8153 8863 9327 15093 16002 21568 24248 28701 29521 30445 35469 36793 38298 38549 39974 60203 63346 74930 95531 102891 113438
715 4501 4586 6367 7617 8340 12976 16402 18339 19480 21711 25787 26063 26700 27302 30916 33593 33902 33934 47923 48983 49411 57738 59613 179307
891 1322 1553 1791 8546 8658 11437 12946 13116 14123 18502 19541 23144 23802 24085 26401 33239 35993 53680 56179 66345 83295 105068 119909 130123
684 1618 1674 5448 5689 5701 6932 7365 7943 8202 11106 16497 16883 17535 21929 23488 23817 26979 29023 31168 31721 52390 61902 86370 297380
3242 3386 4455 6508 8973 10152 11340 11871 12956 13303 13449 15526 17778 29180 30498 31071 31672 41070 53167 61321 61412 63293 71597 93264 106498
1403 6423 7010 8786 10675 13398 14811 17457 19648 20131 21404 23146 23426 35108 36111 36465 39869 50549 54720 55609 60561 62738 64717 73826 76153
1206 2198 2793 3710 8167 8568 10477 11311 13495 15557 17524 20693 23369 23957 25649 28034 30070 32338 39985 48521 51440 52734 93939 100292 172828
1709 3911 4839 5858 8313 8483 9042 10855 10893 11470 12752 16210 17210 27637 36024 42402 43112 46568 60212 60411 60458 67876 67930 88097 111848
337 535 898 2338 2626 3278 3720 6390 7303 9364 15194 17527 17667 29125 38843 40919 47440 53818 55141 66438 68482 69491 71216 117872 134576
1209 1851 2428 3297 6823 16992 17861 19233 19552 23817 24560 25558 27429 28532 28903 30822 32868 33669 45938 59092 69094 72378 76865 95845 134056
2874 6694 7773 8370 8380 10169 11145 12529 13020 14369 15797 19232 21991 23685 34081 38938 41700 45229 45690 46524 59212 62263 64884 107748 163561
867 1897 1900 6187 6345 7203 9569 11396 13382 14477 14557 21554 24808 26639 34781 35650 41545 43497 48417 48938 62060 76001 81819 91652 109378
1593 3373 4700 4829 5494 9129 11482 12289 14037 14304 16536 17908 18451 19687 22534 32286 39017 45784 48320 61864 65216 71174 79279 83261 111151
643 1166 2597 5870 8344 8379 8491 13891 15647 18828 20310 25560 29064 33588 34238 35924 38679 40658 48464 70421 70923 74590 74989 93909 106209
303 9175 9874 11630 13065 16592 19569 21381 22498 30571 30795 30840 32244 38580 42036 42739 43739 45065 46572 51255 51272 57762 72044 75786 78344
99 642 3092 4710 5617 7394 8838 11566 13321 14922 19854 27242 28738 29220 36954 38033 40141 40809 41076 42493 54104 57550 63324 65426 174762
388 1970 3014 4789 5391 6980 8112 17809 18596 18743 19250 20452 31278 33612 34445 38223 40632 40717 48889 51223 66620 68825 70372 93299 124936
178 1929 5978 6191 6510 6646 7540 10009 10294 15558 17701 18078 20202 22159 26186 27062 30454 32858 35401 58475 71532 76079 80667 91226 109546
1307 1361 2642 4209 4695 4972 7590 9095 9180 12152 13191 18405 28354 28361 28919 32082 35031 35721 53375 67898 82986 87129 96241 108931 110311
1682 6558 8253 8357 13983 18423 18457 19295 20640 25070 25591 28526 30558 31145 31326 32247 33325 33699 37176 37763 41949 58134 77811 80802 83898
848 2538 3282 3716 4583 4747 7998 8593 9371 11251 12314 14300 15607 16061 18583 31961 34724 48549 48767 64582 66409 70197 86889 137130 142091
277 689 1229 3269 5109 5705 11522 11710 13075 16729 18750 20048 22022 23636 24751 25890 28870 49131 62337 66481 67549 69272 74273 80546 127539
907 2075 3366 4498 10154 11884 13370 14233 14753 17009 18435 20205 26896 28844 32457 33726 37909 37956 39358 40322 71413 73134 76881 112590 118930
