1000 17 20
3779 7050 7472 8318 12861 19115 28766 34203 36807 41946 43620 43671 53028 55440 56086 62988 66733 76552 115234 133816
5152 5614 6560 7777 10779 15432 17492 17914 23210 24957 25812 39265 40804 50937 73691 87267 105138 130674 134581 139170
5233 6732 8450 10425 10815 15133 21461 25635 28562 34038 34321 36373 44926 50003 58529 62749 63503 123953 126094 182291
3928 10425 15093 15488 21608 22076 23279 25870 28792 37458 42867 43618 45748 53207 65722 71215 71837 76282 86949 155552
190 3460 5762 6515 8148 15761 28586 28943 31280 33322 36773 36876 42140 50043 55621 75337 84609 86263 122981 187203
5828 5949 14773 21451 21997 22038 25111 26225 30218 31091 31380 47204 48774 52045 60500 71751 83633 86891 121148 135042
1221 4433 8660 9327 11282 17610 19716 23350 27224 35632 37984 43298 45102 48843 60753 64204 67835 84577 145468 197413
7506 8150 9015 9728 10285 11071 12217 26953 27105 34583 34816 45648 49109 50693 57324 77459 86893 108710 139371 153016
4052 4169 4568 12144 12779 14015 33584 38700 42897 46793 47325 47979 54654 58764 70292 79975 80869 85206 92182 126706
987 2705 4306 10000 13250 13590 15952 21593 23964 24247 39548 41879 43657 48044 51739 80065 97913 99573 145748 150548
2469 2576 4046 4640 5534 15208 16660 21680 27728 32778 36326 44135 47220 58309 75450 83133 104777 107416 130079 135829
962 3952 4146 5227 9150 12936 13955 14445 16141 16149 25273 30819 45551 59253 70941 76196 95975 111409 147870 169108
3475 5302 12071 13723 14947 16848 19403 19826 20356 27571 34195 34887 38428 40606 54725 60325 63679 109387 113906 201493
4521 6696 7150 9387 10022 13434 20349 20916 23139 23866 27672 29065 40264 73184 81712 83791 86307 107832 137118 160835
1313 1977 5993 6566 12115 13214 20045 23085 35343 37536 44629 45156 47399 54183 71941 77927 92153 94012 126891 131661
1536 3940 5469 11633 15476 15878 18065 18371 26528 27247 35946 37179 39236 42598 42645 96573 107780 113130 124387 131393
3766 6621 13623 17054 24591 30823 36611 38104 39013 39279 44207 53057 57392 63788 66326 68321 76037 86897 93576 94243
