1000 17 36
625 1047 1553 2469 2751 3607 6440 7681 8366 8382 9293 10032 10049 10163 12543 12602 14510 16165 16592 18846 18914 19125 21424 25515 27127 28639 34869 36080 45408 59371 66588 77002 79018 89195 90528 90697
296 3396 3569 4837 5084 5113 5170 7119 7723 9708 10061 10622 12767 18041 18580 19223 20250 20592 21444 22999 23215 24403 25741 26174 28143 32170 34321 36869 37806 39376 46492 49324 74903 81928 83650 93607
2975 3354 4994 5140 5396 5544 6582 6906 7480 7646 10992 11116 12180 12761 14504 16323 16699 18970 20236 22599 22670 23184 26347 28167 28930 29955 30234 31836 41343 44232 47700 47708 55247 68689 75894 150387
1602 1871 1892 2124 2668 3214 6786 7801 9139 9845 10216 12428 16241 19292 22213 22643 25610 28640 28784 29692 30129 31581 32500 33186 33513 34985 36929 37607 38452 41745 47600 53840 59786 61867 70551 72509
860 978 1860 2610 3783 4960 6684 7389 7392 8063 8234 8924 9695 9816 14273 15630 16896 17813 18667 22918 24720 24830 25234 28346 30882 34270 34293 43354 46244 52969 54558 55176 59772 62101 72884 135809
1330 1638 2003 2456 2606 2620 4765 5349 7221 7627 7989 8494 8516 8701 8876 11896 12369 13507 14002 14246 21834 24497 28206 28360 36365 37455 38278 39609 40960 45017 56358 57938 76692 86293 101102 120271
1878 2507 3759 5418 7502 9593 9836 13240 15994 16063 16377 16721 16877 17821 20625 20833 21953 22108 22376 25851 28009 28926 30439 31179 33694 34018 35526 39784 39800 42467 42915 44281 46568 54905 57034 91311
348 767 1002 8595 9526 9844 10167 10682 10877 11909 12699 13071 15202 15915 17582 17709 18700 19150 20846 21270 31354 32811 34766 36183 37508 40047 41479 41635 42758 46925 47488 48593 51349 53026 58728 78475
40 177 2368 3851 4085 4371 6032 6369 9647 10967 13039 13833 14271 14964 16081 16787 17781 19499 19787 20395 23135 23415 29912 30274 30810 32774 33696 35615 42161 45102 51570 66591 71030 73082 80216 90080
1340 1617 3332 3645 6901 6953 7290 7322 7995 8737 10899 11275 11408 14203 15370 16385 16650 17419 20832 21825 23458 25585 30930 31638 36753 37141 43984 49462 49560 53961 54295 58202 64052 64451 65765 69097
829 1866 1946 3216 3288 3459 3776 4473 5049 5294 5463 5498 6703 7902 8343 8376 11856 15227 16581 19307 22627 27326 30339 30946 32229 33116 36955 38645 46970 50375 51753 70277 75632 85475 87428 106430
538 1283 1589 1665 1735 2398 2513 3051 7292 7440 7532 8159 8967 9560 12504 12736 13364 14421 14476 16131 16173 18303 19841 20090 21916 23064 23129 25719 30441 31903 32280 70692 84811 109203 118814 182094
135 507 1230 1881 3009 3135 5261 6196 6707 6978 7105 8359 11881 11970 12222 16916 18764 19971 22091 22099 22546 24943 26539 27322 27582 27981 31905 43315 44094 46240 46267 72513 74381 81001 86295 101274
158 306 2562 2779 2886 3396 3489 3965 4226 5766 6163 7880 8583 9303 9629 10502 12410 12992 17665 24567 25928 29360 29694 32945 33761 40867 41139 41776 51800 52412 54631 57143 59873 62218 102355 110563
89 155 653 832 1844 2275 4657 7867 8200 9110 11361 13400 14890 16064 16473 17917 19602 20765 21766 25039 26392 27383 27588 28299 30110 33996 34278 38859 39981 48283 49556 58736 61957 68498 83044 97172
904 2309 3699 4212 4279 4735 5379 6501 7598 8021 8293 9743 10454 11902 12889 13903 14056 14775 15095 15757 16425 21901 29003 31651 35771 37684 41600 43685 53291 57799 58561 59525 59972 68763 89813 91069
178 836 947 1953 4793 6938 8879 10769 11484 11570 11996 12308 13342 14498 15663 17011 17872 18675 19037 20720 22200 22295 28594 32671 36053 38577 47160 48090 50317 53450 54902 57712 58269 61001 62433 79927
