1000 31 8
21259 52584 62637 65216 104046 113434 155691 236413
3848 31812 63723 98700 106612 112733 178721 281871
1613 42985 46150 58766 134008 187384 218052 241574
691 35942 64803 84226 123070 142841 180969 211807
3951 17058 31139 68349 114745 164007 194964 253229
17651 28494 28943 50870 82573 155100 211766 251785
3080 25272 74719 82311 86805 199836 206330 239115
5252 19089 34030 55025 172352 187554 211379 216161
2492 17818 37157 68777 95841 113358 238466 258717
10915 49712 89454 89465 93315 108544 138309 245971
6965 23585 24229 49223 118731 145610 212347 345751
11579 26750 76947 77423 107890 113439 146169 349026
2974 35300 55379 56501 105812 122862 201338 287313
2465 20977 56105 57454 59570 183586 184650 282663
20330 45390 65460 71363 87012 130140 130837 267363
13295 22487 40761 46740 53986 64330 315021 348711
4122 11262 36527 71836 98207 159330 183538 347617
6145 7535 15602 34845 35754 46840 170882 502025
42852 67300 82551 97530 104895 111787 145608 191383
43589 70595 74344 82840 116115 135424 176726 209619
38388 44096 80266 85063 92969 138418 148381 236912
13563 26295 35257 85052 104080 126651 226038 246036
14594 36774 58832 61678 79421 176010 210139 290538
34812 72523 91618 94403 95056 103182 107167 212815
1870 11832 24760 45072 100391 204497 255264 266270
14971 28589 71110 96249 126111 155629 183062 191837
43217 49182 52414 84248 113108 132552 136869 234840
37921 60169 63415 80037 102689 130153 135931 260416
18110 29309 43030 53967 66448 184956 208191 294065
16726 35756 59425 78685 122919 172772 207472 215317
22643 25217 40257 53054 127940 154538 208190 212326
