1000 33 7
34038 68784 80188 98150 122298 149234 383745
27191 38092 66072 140598 175710 231353 271191
3279 6355 55008 83308 86730 119576 539130
1308 31307 124048 148254 155725 170938 266477
1845 32990 70047 99491 124786 173778 384409
6590 10493 42427 90291 192273 228656 335376
32618 55875 56256 86895 130220 215804 341043
39582 65690 67190 120648 154614 165259 304952
37707 45397 68382 79362 80272 221586 371206
3791 11956 26106 31956 69622 268723 453138
3862 52922 81770 114994 162943 212563 254496
30066 39428 61328 87595 183958 225533 286139
21870 49765 59831 91031 178068 182767 276191
42776 73422 84000 172220 174775 191811 210606
4661 20258 23304 28841 120649 277889 399871
36613 58962 79137 84074 138361 179852 347968
14168 68702 99575 105978 119210 151073 347852
5091 10837 47453 68689 89348 90406 629732
32437 42939 48942 78206 132037 139465 426327
6365 52113 89761 97454 132011 170862 353355
29985 62522 73612 106577 142887 211446 253244
15378 19111 52194 59656 194826 241943 357894
23618 96988 104708 116431 146476 178011 252717
7712 29523 60875 85902 212822 215589 336102
27348 39508 100795 102210 147919 263572 271040
9191 14296 55684 106373 129686 260242 370194
5031 49941 71394 89957 161502 206113 293780
3540 28824 58660 68700 98683 213537 435198
24171 35657 68611 145275 167481 209695 251059
22480 26193 64177 101929 167974 231589 274159
8939 51073 82947 134084 182995 216273 245506
81443 82020 82937 98234 134012 159362 253864
8735 42318 75260 101747 172661 246198 280608
