1000 10 49
263 783 817 2337 2604 4671 5393 5836 5848 6208 6361 6454 6490 6599 6669 6699 6953 7295 8654 8802 9707 9973 10073 10314 12180 12936 12956 15591 16136 17238 18966 19000 20066 21193 21965 23731 23935 26801 28467 30481 30753 32051 36831 37729 39012 48462 52491 58739 62960
876 930 1076 1232 1283 1758 2347 2497 4105 4467 4489 5186 5549 6171 6314 6452 6461 7900 8183 8327 8484 9545 9744 9785 10554 11646 12236 13180 13319 14244 14437 16157 17094 17209 17804 19498 21901 22909 22911 24485 25699 33022 34870 35915 37637 38641 41652 42525 58141
9 514 521 545 813 1953 2510 2980 3383 3395 3888 4119 4992 5364 6796 6902 7477 7639 7822 7832 8962 9504 11595 11724 12642 13000 13045 14008 17256 17326 17484 19157 20810 21001 21474 21481 23761 24655 25722 26407 26896 27532 29790 35205 37770 38608 39857 51468 68568
1183 1865 2211 2331 2373 2857 3340 3353 3359 4585 4625 5025 5118 5250 5620 6678 7420 7962 8662 9380 9968 13017 13160 14438 15441 15685 15927 16791 17035 18431 18750 20869 21725 22450 23771 23834 25349 25952 27013 29876 31340 32367 33046 34779 37328 41357 43962 56594 90018
340 392 425 728 949 1171 2281 2540 3239 4097 4213 4761 5124 5197 6459 6589 7016 7563 7878 8096 8663 9170 9757 10352 10471 11183 12095 12414 12506 12647 13080 13552 13607 15165 16933 17709 18702 20432 21235 22671 23103 25344 26436 36136 36641 44247 48333 60485 66743
884 923 1186 1311 1650 2021 2134 2533 2694 3188 3631 3723 4603 4856 5191 5303 6909 7518 7696 7751 8809 9954 10050 10174 10255 10511 12601 13578 14067 15555 15752 16947 18093 19113 19442 19472 19696 21883 23027 23089 23894 27916 28680 30524 30701 36546 48534 52561 82402
115 719 828 918 1024 1115 1134 1190 1498 2150 3106 3289 3434 3537 4037 4162 4593 4595 5253 5705 6718 7599 7605 8144 10240 12116 13363 13994 14137 15936 15940 16145 17933 18081 20681 21868 22068 27627 29469 29741 33684 34966 40336 42998 47415 48109 49066 55251 88179
947 1482 1718 2365 2386 2436 3212 3293 3465 3492 3601 3869 4134 4593 5298 5307 5565 6833 9347 10261 10404 11570 12195 12347 12955 13496 13658 13817 15794 15828 16687 17540 18026 18178 22007 22909 23100 23962 25228 25284 26368 27262 37258 38341 38624 39737 52984 62852 64294
48 218 249 735 1749 1893 1999 2062 2137 2165 2470 2885 3279 3331 3587 4776 4829 4931 7139 8829 9700 9704 10820 10939 11156 12525 13829 16087 17190 17656 18555 18969 19002 19738 20762 22093 23287 23631 28078 31024 31188 32583 33654 35043 40050 40754 41465 43112 58326
1551 1635 2299 2399 2532 2885 3108 3785 4142 4871 5327 5611 5710 6403 7178 7347 7492 7532 8043 8501 8734 9084 10302 11121 11533 12710 13841 14129 15249 16266 16449 16740 20884 20995 23084 24410 24762 25835 27133 28090 28272 30803 32492 38105 42813 46754 48348 61238 80987
