1000 14 49
196 448 468 594 801 1250 1768 1972 2382 5370 5455 5844 6366 7573 7608 9165 9550 9762 10933 11011 11019 12449 13664 14743 15484 15989 16055 18383 19230 22360 23817 23962 24883 25784 26545 28062 29574 30792 34387 35300 36857 42403 42826 44887 46025 54402 55562 61138 61936
576 1129 2068 2828 3551 5044 5791 5890 5988 6487 6612 6960 7458 7495 7830 7882 8020 8126 8714 9210 9556 10436 11530 13432 14550 14585 15472 15979 16760 17965 18919 21126 22271 23542 24756 25874 27059 27331 27615 28368 33670 35573 43388 44397 47932 62442 65557 70152 72740
5 154 158 495 790 1209 3496 3544 3599 3634 5103 5449 6120 7679 8520 9471 10391 10550 12458 13426 13502 14491 14571 14932 15204 15538 15564 15568 16011 16708 17574 19609 21412 24485 24566 24846 27275 32734 33246 39227 39794 39804 39850 41238 50264 53062 59264 68163 69588
1596 1938 2349 3580 3841 5142 5441 5845 5984 6023 6047 6465 6512 6804 7173 7519 8079 9771 11527 12117 13242 13828 14069 14412 15160 16090 16915 18246 18357 18708 19244 19503 22016 22640 23027 25062 28703 29295 29905 30412 31368 31794 36395 37431 44937 51831 54023 57958 97233
254 301 1190 1730 2003 3021 3161 3611 4432 4631 4833 5266 7527 7661 7710 8637 9992 10451 11524 11674 12258 13542 14070 15032 17201 17565 17674 20476 20628 21670 21987 23700 25745 27310 27352 27877 28382 29675 31101 31951 33879 36077 38570 39387 41242 41805 61484 61848 64301
440 772 1181 1694 1734 2511 4966 5502 5533 5723 5991 6317 6906 6963 7479 7808 7864 8312 9100 9655 10307 10420 10772 11278 11490 11859 13135 13321 13473 13918 14455 14688 15435 15580 17331 20749 21818 23434 23580 29366 36105 36376 36824 44099 55416 69432 70262 78234 124162
171 549 671 721 1524 1741 1931 2888 3587 4971 5014 5067 5569 6838 7571 7969 8347 8594 8848 9000 9037 9159 9252 9431 10194 10227 11332 11566 12082 12936 13452 15932 16812 18500 18963 22931 23301 29172 35466 41032 44092 47106 49847 57199 58114 59135 59550 74083 98922
564 1317 1764 2392 2638 2719 2738 2839 2964 4568 7314 7427 7620 8186 10322 10405 10497 11307 11318 11337 11471 12010 12462 13368 13464 13777 13778 14508 15965 16010 17791 18031 18650 22470 22559 23984 25512 26148 29325 30743 39470 47463 48615 52105 54105 54525 61613 64615 64940
155 475 1131 1393 1432 1464 2028 2253 2452 2763 3206 3376 3433 3457 3539 4740 4862 5172 5597 7044 7672 8104 8639 9718 10073 11443 13960 14578 17618 17888 19127 19374 20424 22833 22983 24156 25977 28917 29419 29902 42532 49222 51934 56320 63903 64082 69399 70624 83308
182 1153 1556 1662 1945 2875 2948 3089 3393 3889 4059 5018 5121 5533 6676 6704 9251 9412 9799 10560 10829 11166 11315 11320 12383 13394 14827 15698 17976 18177 21405 21868 26764 28693 29342 29364 30870 33478 35602 36744 36879 37122 38248 44412 48657 48732 57571 58383 77171
228 340 533 1039 1516 1671 1686 3146 3172 4225 5396 6177 6220 6542 6760 6847 8406 8757 9139 9743 10240 11115 11533 11799 12273 12381 12458 17055 17691 17725 18401 19762 20279 20456 21041 21081 22081 25193 28650 39161 43731 47494 52070 54254 54384 55659 60297 65170 80111
169 498 778 1189 1724 2226 2444 2520 2532 2545 2687 3167 3804 4885 5059 5084 6821 7517 7669 8994 9361 9446 9619 10355 10522 10825 11125 11251 11482 13014 13270 13877 14814 15478 22929 23422 23811 31789 32846 34092 38215 39717 51678 65378 70888 72755 75576 76074 77308
176 687 806 935 1647 1899 2071 2081 3721 5418 5461 6521 7996 8098 8317 8331 10134 11355 11364 11472 11523 11675 11681 12642 13092 13139 13711 13733 13843 14958 15612 16132 18290 18603 19499 19634 31436 34178 36030 36038 38807 38829 39564 44924 50593 64194 65302 65585 83960
113 360 642 650 1121 1545 2311 2550 3188 3327 4407 4416 4668 4710 4915 5751 6139 7153 7971 9179 10390 11763 11877 13466 13625 13658 14153 14488 15902 17898 20631 21789 22107 22725 24544 27727 28663 29103 29557 31578 36400 36543 37819 44815 47826 48312 62306 82643 116108
