1000 15 28
2327 3328 3586 4086 5450 5620 8207 9371 9539 9912 15368 19720 20525 25668 28911 28920 30420 31504 34259 39452 44953 48391 49306 60643 61883 62157 68270 132857
7 1006 1763 2066 2333 5467 6742 6928 9035 12528 12874 16322 18587 19105 19838 23791 26681 28001 33398 36558 43091 47371 50848 60118 75479 91587 102699 111912
139 928 1953 3035 3050 3432 5831 6048 8577 12903 13965 15242 16647 20150 20811 21265 26239 30691 41152 41390 50109 51876 58348 62375 64454 74360 109406 119360
525 1263 1793 3267 5517 5936 7085 7658 8454 9029 9322 11475 16027 17208 17455 18194 19387 22290 22321 23594 27250 47305 48383 53565 59850 63047 73207 78168
3723 3771 4773 4920 5093 5295 8397 9499 10289 10363 10911 11238 12361 17415 17793 19240 21087 23727 24341 26025 26166 34793 39754 39806 42227 49054 71214 109462
533 1802 2998 3026 3291 4505 4928 8162 8589 10040 11337 11931 19159 19444 20764 24003 24966 25968 26439 28892 29812 31217 35128 40274 47434 61259 65391 88526
368 370 4179 4728 5171 7791 8270 9890 11853 12231 13447 14923 15501 15720 16750 16973 21723 22078 25878 28209 32037 37001 39682 40198 48675 75435 120927 192347
2675 3456 3709 3809 4760 4834 6746 6958 6977 11812 11865 13931 13951 15001 16521 20204 20767 31112 36625 44907 45841 49037 61728 61937 68665 82186 86939 101604
212 5528 5926 6184 8927 9251 10861 11067 11768 15092 15704 16844 17952 19151 19686 20489 20808 25489 27219 29227 42883 44790 47833 55682 56799 59129 80068 142504
2914 4380 4702 5186 6339 6754 8491 9082 11825 13299 14438 19811 20347 24113 25177 28553 28986 29258 30310 31328 32922 42456 44250 45958 49676 54231 67446 73634
1992 2623 4230 4841 5704 5715 6471 8840 9827 12483 13692 16300 18787 19498 21128 21736 23218 24731 30530 31013 38824 41316 42013 44488 61074 68084 70469 115506
790 2077 2393 3726 3892 5538 6559 7140 7625 10016 10418 11268 11429 12941 13323 13897 15037 15168 15600 18684 21324 26544 36685 51229 60275 71900 90999 135524
936 2110 3837 4405 6581 7316 8825 9754 11130 12103 13051 13521 15437 18437 21375 23163 23408 23675 24530 30520 30969 36296 38006 59307 65781 67139 102056 111486
209 1191 1867 3336 3766 5851 6604 6920 6986 12431 16055 17930 18285 19941 20431 25509 27396 29894 32424 34109 34887 37229 38841 58008 65423 66069 80821 141113
2065 4538 6523 6969 8108 8253 8936 9733 11189 15408 15455 15514 16520 16636 18648 20479 22436 23095 24520 24618 26656 30733 39361 41701 58915 62828 111177 121191
