1000 15 19
3253 5431 8840 10295 14063 14629 14842 21173 22074 37210 43057 49153 60339 73782 78826 82818 92956 124798 137945
1156 4037 6903 12351 22073 22333 25647 28200 35520 40292 46386 47684 49135 52690 55589 63401 69365 95773 124204
16158 17632 21841 22494 23828 25886 26432 27911 29933 30617 39600 51634 53199 57033 70662 74612 80852 89332 112958
1240 6975 14667 16532 17818 19912 25441 25689 27351 29910 36263 37344 40958 46521 54533 66115 82064 114618 133786
4130 4163 11247 15554 26280 27565 29964 35379 36127 38177 40800 43733 44867 53536 56374 57404 63013 95819 117020
444 4569 6228 7128 10549 13489 17503 19204 27765 43150 43273 43947 63321 63880 79529 81356 82907 98058 130926
356 2548 7273 9768 12000 16362 21138 25562 25574 34037 35990 42753 45292 45681 60753 94153 96504 109937 142559
670 2959 3017 11077 12339 13476 14874 19995 21744 22125 24827 30462 35708 35993 51024 69342 116808 120141 188303
4730 5390 5683 5765 15091 20314 24635 29685 33427 33996 38458 42078 53104 56403 70800 86896 92976 130504 131348
4721 11662 16035 18322 18787 20497 22216 26324 32460 32967 36052 41443 43143 48567 49700 68643 70699 73850 191559
2703 3309 6328 9909 16531 17141 22758 23362 38990 39853 40501 40863 43398 54381 57087 70591 105483 107608 121352
1248 3956 8405 16008 16197 18585 19994 20696 30114 38255 39268 40481 44984 60627 67690 72258 81725 90643 164093
3806 8016 9877 10333 10657 20178 22059 26598 35634 39445 44601 44703 47175 49268 51227 61869 80418 117473 120585
1775 5601 7377 7404 12455 17396 19467 20607 28923 34612 35470 50764 53270 56199 61332 93115 102177 103545 131168
1013 1535 3667 5094 6040 10801 12995 19690 35270 35513 36381 36719 64159 87339 87625 90929 91128 96320 190068
