1000 50 16
3618 7345 9271 9749 11940 14378 16529 18544 19202 27295 29102 33697 46467 47499 224598 337355
1012 7666 11071 14642 35125 35419 51361 58470 60873 61921 63833 67146 68573 94180 126394 140970
2000 12690 12787 14055 19570 20144 20304 26669 30521 37483 70339 74489 77112 98812 100781 147196
7945 8770 10082 13146 17952 18098 32746 38825 40196 46066 46352 64949 68245 88256 107331 167267
1803 9402 13907 17159 17582 19096 23764 25795 27123 39071 51421 56797 80649 119044 136932 183612
10150 12187 16867 19891 21655 24718 29220 35132 41614 52134 56574 60152 88902 95609 111363 134293
6067 6846 7017 7993 9576 10935 19939 21608 26091 30571 64054 73699 77101 140813 162988 228087
720 1330 3994 9132 15583 38412 38808 42699 71380 73570 79360 80697 85704 100433 119267 133266
3251 3714 6197 6496 11524 15084 19906 20998 39762 50339 69680 86972 91757 93613 153168 220757
2858 4974 7684 9706 11966 22383 26090 31767 41920 43095 60272 84203 105865 123770 140004 193731
4005 5033 5348 6287 13609 18230 24512 24538 28541 31544 38033 47199 67684 79120 160958 225284
2132 6616 7382 23791 34725 42200 42219 42496 46151 47853 48914 48947 62265 65291 98471 166317
5179 5369 16749 24590 26269 31050 35040 40603 40804 42725 46542 53283 62989 67041 94681 192565
3873 7043 14072 19020 19900 22083 32468 37768 44344 63339 72274 83165 89971 92091 108874 118928
1004 1869 4371 4776 5256 8557 11664 12495 13124 13535 23555 28363 121783 126827 137172 265506
11404 13872 17879 18255 31181 32070 37720 40195 41082 49795 50964 80533 93702 103206 103998 134180
16100 17257 24967 25403 27752 31459 32145 33355 33603 39599 43874 58577 68104 98146 115067 129805
3127 5525 8187 17009 23419 32437 33867 36414 39423 40534 44515 48888 69439 99903 135969 148228
1290 3575 7723 8050 9299 9427 25104 30482 35514 36952 48944 70858 77768 80408 144861 151072
5731 7295 14813 17653 24014 25531 27736 29578 37365 51997 55289 73710 85029 85268 107690 128729
6105 8591 9327 18175 23270 24138 38842 54894 60908 64130 76172 85261 95215 101911 109294 128634
69 6264 14297 15825 24575 31315 42118 45762 47797 51469 63027 69266 71491 77972 85846 116557
7458 10192 16633 29004 29707 29798 30111 32119 33417 47309 51043 60430 64442 67663 88806 189254
1155 4902 9895 13377 15052 20134 25356 29652 35936 44142 49465 60128 92994 98123 141898 146297
4341 5406 15344 20881 22377 28395 29612 31518 58557 61302 73188 74580 83146 88248 92188 166388
421 3886 8189 12042 18615 22921 29333 39811 47959 49720 57943 58251 62196 63186 113403 226829
4972 4983 7789 9459 12995 13997 26850 53826 56897 58226 73994 85924 100913 104100 115728 129565
17 5049 9047 11222 16907 18671 21123 34843 43966 44151 51321 53442 62951 126197 182245 196692
424 2036 2174 9594 12174 24944 32454 41929 48377 58787 64534 67579 72973 75128 98348 152553
1790 11447 14518 24281 26504 27303 32800 33791 40192 52787 57706 69348 98332 121899 122916 166825
2725 2765 3872 7031 9980 13259 20069 20973 24295 68591 72592 85155 91324 91335 124971 146612
12995 14169 19743 24755 33751 34979 39130 45118 45454 48791 62355 63980 76561 101715 130500 153699
2517 4000 7029 19250 20133 25545 26273 27148 30954 46833 49871 65595 111967 117674 151520 158341
4961 7787 14389 15357 15571 20638 22880 31371 55548 56922 64597 70708 87888 93870 98250 104267
531 1632 5037 7956 17670 19200 29118 31827 36717 41364 41980 85387 101796 104305 154513 187030
624 2221 6838 19402 20893 24095 35429 38001 41784 42309 46549 48014 82269 89713 150074 151505
6446 6539 6542 9197 9980 26217 28633 45804 46540 49661 56367 62667 63698 77222 83766 292575
1477 4335 6529 7019 9773 12697 44602 50180 59707 62226 69645 88882 100479 113610 126254 145951
15759 16802 23088 23812 28914 33544 37494 38483 40030 51420 67209 74449 82399 101701 110292 110403
4983 13170 14676 18260 19008 22184 26234 28243 40965 41695 52675 68175 73519 82093 113663 159824
939 2377 3197 5276 14300 24472 29143 37540 39424 45041 46625 69637 80976 83901 89658 179168
5117 7701 8968 11402 16483 16694 18891 20525 31964 38492 58902 93577 97340 98625 116228 223246
140 2537 11946 22190 26022 28807 33280 40732 43638 50561 54325 66153 71602 89133 130010 173101
615 1734 12088 12268 20351 21091 22383 27077 34898 40344 58213 71362 71675 82988 104796 198889
1298 3161 7286 8683 9019 9641 28489 32973 34300 63838 69271 80963 82804 98637 140876 185410
2563 9026 12789 13650 26133 32772 36424 44160 46143 46241 49687 57052 62925 75166 75735 151217
5344 9634 14652 15697 16342 17892 20325 29526 35916 48367 52189 65668 66743 81921 124472 183592
1442 2636 2669 4202 5253 10796 12764 16358 51266 53837 63404 97039 100585 100889 151436 220872
422 545 2792 6230 8210 16272 24907 31173 33435 40344 58720 65169 69913 78088 90786 281149
651 8052 12754 15075 15143 29704 37457 46079 54592 55366 60481 66210 69675 86482 109812 150757
