1000 10 47
912 1538 1747 1838 2335 4694 4954 5002 5915 6080 6687 6852 7695 8084 8147 8182 8612 9026 9037 10646 12705 13863 14724 15087 15975 16215 16713 17597 20631 21337 23287 24062 24527 24779 28544 29381 30325 30945 31153 31836 32735 33478 39915 40191 50902 75535 91170
1235 1492 2595 2634 3236 3677 3919 3956 5196 5246 6233 6501 6752 7022 7062 7376 8265 8342 9765 9827 9854 11248 13064 13353 13433 13812 15159 16760 17992 19484 25690 26621 28181 28284 28297 29873 30179 31022 32220 36759 38497 43181 46329 50833 51664 57806 69084
1072 1307 1342 1669 2056 2160 2712 2716 3951 5056 5237 5317 5835 6002 6191 6847 6998 7049 8156 8757 9788 10759 10892 14710 14735 15416 16943 18360 19016 19041 19183 20864 22298 24061 26548 27045 30276 33702 35364 35537 40103 40749 49042 58918 70011 72336 100347
740 1134 1165 1317 2620 3459 3653 3881 4205 4521 5264 5742 5946 6230 8767 8965 10975 12001 14267 14735 15050 15062 17042 17495 17527 17577 18061 18315 19253 22244 22850 24999 25064 25959 26163 27453 27696 31102 34278 35192 37986 45626 49314 49932 51792 66612 82967
287 570 1143 1189 1713 2365 3635 4215 4304 4525 5022 5196 5265 5276 5845 7342 7470 8340 8951 9208 9447 10928 12229 12349 12536 13876 15013 15468 16694 17512 18901 19086 20035 25236 26594 27647 28093 30020 31504 41419 43628 52698 52994 61232 66927 69791 94603
364 627 1484 1682 1808 2329 3295 3909 3996 5077 5289 5736 6197 6603 6775 6907 6996 7252 7815 8839 8849 8984 10534 10667 10803 11313 13512 15037 15720 16186 20125 24039 29920 33373 34298 34489 36350 39913 44778 49070 50642 51950 54452 54546 60533 62499 68039
745 893 1222 1423 2398 2657 3200 3365 3436 6055 6253 6282 6319 6685 7503 7933 8794 9843 10577 11173 11926 12946 15063 15279 16318 16579 18868 19870 20426 21129 22134 22804 22808 23141 29001 29874 31672 32495 33466 35404 35453 37474 49828 55337 55412 59247 76139
1398 2316 2418 2638 2667 2846 3470 3646 3681 4456 4541 4599 4729 5289 6076 6121 9275 9342 10245 11191 11257 11882 12770 13289 14957 14991 16467 16703 18955 19093 21194 21442 22397 22429 22948 23579 24024 29360 30325 36679 41497 45563 47143 48098 65849 76834 81740
978 1136 1456 2732 2888 3562 4701 4765 5303 6406 6555 6689 8292 8503 8943 8981 10473 10626 10737 12725 13458 16057 16998 17163 17799 18990 19992 20945 21307 21895 22349 23001 23010 23150 26029 28358 29770 30502 32763 34323 34537 35308 35976 49300 54760 57581 65288
204 1070 1340 1836 3025 5179 5563 5626 5869 6808 6978 7064 7188 8369 8873 10370 10774 10858 12318 12869 14970 15311 15667 17318 19814 20476 21577 21763 23372 26834 27981 29060 30168 30692 30946 33105 33363 33701 34185 34554 36574 38894 39447 43332 44843 45113 62123
