1000 32 48
81 88 502 716 1059 1434 1781 1896 2796 3395 5047 5132 5290 5969 6183 6475 6745 6805 8330 9306 9896 10491 12190 12874 13975 16091 17199 18237 18347 19105 19736 23155 23338 23986 28720 29418 30370 31246 34918 40627 42055 42293 48449 53443 54566 55299 61960 114787
269 735 828 923 1445 1656 1877 2003 3090 3125 3547 4492 4749 5347 6382 6898 7173 10503 11358 11962 12507 12642 13470 13548 14070 15184 16374 18102 20726 22073 22133 23737 25399 25915 27411 28153 29233 29327 29497 34838 36043 37851 41610 43051 60296 70479 83667 99084
23 188 294 706 2240 2438 2598 2894 3546 3597 4132 4229 4272 4514 6181 6708 7967 8573 9107 9763 10194 10749 11856 12178 12654 12940 14313 14461 14627 16478 17219 17707 19394 19479 20505 22323 26377 28273 32406 33033 38136 47488 49338 58796 73491 84111 93233 97588
168 320 439 1175 1336 1714 1969 2349 3031 4071 4125 4250 4625 4791 5111 5279 5290 6618 6831 7417 7489 11254 11694 11746 12653 14326 14583 17840 19403 22418 22672 23122 23315 24974 30137 30504 31095 36130 40859 42388 47777 55290 55546 57451 59870 61231 66522 67364
768 1000 2142 2844 3229 3629 3712 4493 5352 5990 6044 6209 6470 7551 8357 8507 9633 10628 12385 12822 13700 13861 15759 15985 16855 17526 17810 18021 18209 18780 20347 22471 23044 23854 24599 24804 26014 30237 31479 33429 34588 35670 45034 45323 59073 67960 73259 80445
56 1285 1405 1745 2211 2848 3156 3772 4851 4857 5112 6269 6699 8062 8064 9001 9305 11199 11249 11444 11674 11723 13537 13730 14076 14372 15094 15272 15435 16901 18928 19311 21297 21731 22848 27362 27574 30509 32249 32756 42260 42584 46092 47585 48465 55242 76389 118117
1209 1487 2011 2329 3191 3325 4135 4903 7583 7714 8490 8514 8701 9005 9013 10767 11037 12254 12369 12672 12725 13547 13668 14699 14781 14943 16214 16314 17403 18728 21514 21747 22857 24061 24216 25745 26685 31186 31503 37058 40704 41049 48243 51398 51825 52359 63420 84604
158 793 1352 1486 2124 2189 3252 3772 4235 4301 4362 4481 4803 4932 5410 6355 6564 7689 11044 11093 13466 13680 14196 16231 16489 18781 19014 19476 19893 20502 21737 28567 29893 30794 33301 33752 33922 34256 36148 37219 37517 40113 47606 51810 54149 56953 58380 58398
781 806 1156 1662 2387 2484 2648 3429 4256 4280 4286 4387 4411 5438 5577 5745 6929 7633 7968 8884 9356 9457 10827 10835 12152 12299 13682 14511 17265 17561 20259 25293 25681 26412 30786 38405 38794 39398 39887 45926 47756 48504 50618 53361 54137 58476 61151 72992
838 1322 1479 1631 1753 2439 3142 3175 3222 3352 4294 5052 5338 5368 7068 8225 8299 8423 8630 9143 10873 11417 12605 13405 14481 14870 15602 16328 16389 16898 17726 18477 20890 21340 23446 23719 32149 32592 34798 38567 38787 43244 51167 51422 60845 63689 65662 114350
203 218 697 1767 2846 3434 3722 4171 4255 4778 6066 6394 6807 6961 8445 9450 11212 11478 12108 12345 13440 13550 13747 14417 14990 15218 15479 15762 18953 18986 19567 19925 20327 21268 22140 23419 25633 32011 32356 33302 42009 44408 45853 47026 51317 64492 75392 93000
106 1059 1127 1541 1594 2180 2625 2772 4099 4758 4924 4950 5142 5729 5955 6131 6271 6283 7009 9490 9936 11288 11379 11530 12094 13811 14248 14421 15269 17505 18412 19353 21467 23373 24046 24270 25912 26431 28005 28086 46828 52431 53216 65572 69448 77775 83276 84509
919 1037 1279 1821 2204 2218 2506 3422 3471 3482 3488 3862 4617 5230 5840 6161 6856 6865 7160 7304 7447 9046 9452 9494 10271 11739 12314 12460 14730 15419 15463 15627 15932 17569 17949 21387 23776 28485 31823 43584 45403 45870 52094 57304 62775 65233 70185 170168
375 1073 1314 1431 1485 2261 2336 2430 2714 2833 4258 4414 5071 5180 8211 8482 9591 11153 12510 12653 15785 15857 16822 16908 18771 19415 20217 21995 22702 23004 23716 23743 24203 25861 26251 28922 31355 35135 35459 39558 40768 41363 45487 45701 47037 48110 49756 88457
95 731 2155 2639 2872 3278 3560 4021 4205 4317 4701 6764 6843 7082 7466 7776 7810 7979 8288 8874 11714 13178 16901 17731 18342 18379 20016 21207 21353 21401 22682 24293 26776 27770 29292 30393 32185 32561 33452 38122 39614 40727 41942 42681 43924 56990 60505 82018
730 841 1126 1432 1725 3607 4604 5122 5675 5847 6368 6798 7350 7705 8252 8423 9151 9235 9369 9714 9927 10904 10970 12879 13981 18299 19546 22238 22898 23720 25063 25754 26369 30512 31336 32597 32705 35079 36554 37233 37587 39610 40299 46937 52528 57250 61050 65455
596 729 1660 2047 2571 4136 4498 5034 5290 5507 5817 6615 8696 9483 9865 9917 10029 10768 12493 12499 13167 14083 15679 15973 16012 17220 18821 19906 19918 19991 24840 24968 25304 27614 29977 31006 31918 34360 35401 36379 36935 39360 41458 41468 43570 51948 55669 73552
493 654 1242 1905 2404 2605 3386 3432 4834 6943 7393 8012 8543 8670 8837 9330 10155 11494 11541 12672 12845 13795 16637 17509 17763 17936 19224 19289 19912 20298 20518 22379 24432 24620 25603 25923 27939 29792 30143 31741 33275 34666 40746 42541 51977 54755 56416 114962
288 618 743 790 1109 2008 2674 3383 3512 3877 5998 6271 7696 8742 8896 9033 9420 10117 11305 12576 13094 13643 14744 15642 16199 16465 16659 19185 19286 19958 20841 21187 21631 22265 26296 27483 30312 35029 35285 35977 36650 37711 37837 42605 52746 58333 73899 97124
144 693 833 1230 1547 2689 3388 4360 4478 4757 5004 5615 7547 7596 7710 8358 8504 8849 10530 13032 14373 14630 14969 15257 15744 16162 16364 17223 19080 19483 21307 23725 24033 25029 26881 27971 28076 29563 31141 31214 33320 50105 51826 51932 54573 62417 68363 78542
422 732 1281 1929 2593 2616 3068 3085 4697 5011 5119 6052 7673 8546 8660 8822 10320 11820 11956 12400 12894 13254 13296 13471 14162 14577 16341 17102 17145 19513 20815 21085 21305 22191 23495 27331 34093 34457 37338 38631 39255 41499 42857 45946 50952 56353 77627 88772
211 301 657 1217 1422 1848 1946 2090 2100 3783 4286 4311 4375 4470 5406 5834 7334 7943 8248 8465 8617 9780 10458 12059 14256 15458 16194 17457 18200 18278 18588 21109 23224 24259 24409 25485 27811 30349 31142 35229 40638 48033 49109 65318 66134 68619 85108 86035
184 931 957 1283 1501 1512 1870 3152 3756 4010 4126 4356 4740 5157 5310 5890 6046 6099 6715 7542 9346 9520 9884 11296 12510 13330 17229 19216 21935 22088 23091 25509 27803 28456 28794 29097 29903 32816 34692 39787 44447 48213 48944 50039 55017 63271 76159 87334
451 919 1366 1597 3109 3202 4343 5604 5978 6803 7965 7997 8805 9112 9138 10133 10353 11535 11598 11611 12042 12137 12971 13334 13542 16059 17451 17799 19097 21568 21645 21991 22088 22523 24290 25819 26939 27138 27414 29009 38615 40520 45984 47486 58385 59483 61973 104173
298 817 1379 1467 2213 2213 2366 2379 2904 4799 5215 5290 5408 6098 6198 6874 7066 7705 7848 9240 12305 13283 13934 14103 15253 18343 18346 18783 19489 21218 23284 23909 26033 26676 27077 28553 28724 29309 33649 34269 40903 43437 49524 49779 54173 67331 68910 85994
334 896 2195 2578 2916 3287 3298 3326 3414 4079 4123 4652 5001 8218 8370 8703 9149 9447 10002 10368 10582 11502 12211 12661 12826 13699 15101 15411 17030 18874 20310 21810 22574 23525 25303 25983 26158 27383 28030 28891 28944 31500 32206 38728 67439 76697 89084 132621
182 671 1509 2374 2697 2769 2882 4390 4981 5109 7071 7514 8421 8529 8753 10352 10477 10825 11291 12431 13685 13948 15513 16072 16143 16514 18305 19325 19325 21080 21744 24033 24092 24160 25507 26519 26812 27295 27477 28385 29775 34320 37435 43509 58197 60522 77524 98094
212 589 959 1211 1377 1704 2472 4434 4645 5446 6004 6079 6819 7122 7629 7907 8067 8250 8403 8722 9998 10016 10209 11695 11753 11784 12009 12062 12752 15445 15943 19213 19661 20025 21437 24712 26177 30547 33752 39815 41151 43146 45012 45539 50337 51841 56270 190964
386 1455 1650 2530 2542 2546 2586 3883 3884 4714 4954 5266 5753 6044 6476 7168 9056 9178 11059 11076 14127 14433 16472 18733 20391 21808 22811 23396 23708 25439 25876 26888 28314 28566 29244 29657 29723 33704 34198 34208 35610 37175 41748 46956 47923 53436 63300 64239
82 168 257 403 1681 1742 3072 3571 6160 7201 7454 7478 7612 8646 9191 10188 10794 11011 11155 13272 14495 16359 16605 17301 17737 18290 18391 18651 19094 20818 22596 23468 24732 26090 26953 28892 32189 32467 32849 37155 38890 39065 40067 40899 46935 48677 51620 93214
540 760 884 1281 1691 2042 2344 4404 4561 5140 5528 6669 7111 7754 7863 8214 8655 9405 9526 10508 10740 10809 11534 11580 13812 14510 15944 17702 17940 19458 19929 20500 22181 25966 27740 29950 30220 31378 35251 36709 41224 43149 48934 50794 60553 62809 71388 83981
583 703 897 924 2308 2861 3118 3430 7341 7699 8578 8627 9024 9776 9831 10062 10235 10797 12752 14113 14400 15005 15080 15502 16557 16573 18439 18450 19471 19631 19679 19684 19864 23137 26044 26963 27479 27591 29300 34217 34558 36859 38248 43455 56059 60340 66403 98536
