1000 46 20
6857 7830 9362 10098 10824 11977 17425 17861 18577 18881 31382 33694 37464 55827 69425 70115 119029 121962 129407 197401
1867 6869 13014 14412 15100 15297 16954 17387 23952 25475 30108 31589 31992 43675 58067 67166 72532 118437 140245 252671
2024 9703 11959 13989 16287 17087 19258 23715 25234 37489 37857 43116 51949 63476 75698 87060 87358 104565 108146 161106
1120 2157 5806 11247 11951 17131 20529 22650 23471 24521 46458 56706 65977 68161 72631 81931 90979 99340 108353 163109
1372 3490 4230 7192 7365 7770 11784 20563 25562 30051 34957 37699 38396 53925 58170 92293 135386 136738 144182 145023
888 3844 4745 6508 9012 9885 14613 31247 45663 45818 46507 51714 55125 74024 76418 82791 93796 108215 109044 124113
2272 3020 5756 19133 19861 24880 25254 28716 29576 36016 40141 42892 49324 51577 52965 63302 89897 101864 132333 177966
1294 3571 3606 3883 14328 15176 20681 22413 33502 40050 41966 46243 57980 58542 74961 90538 97621 102118 121094 147594
113 1560 2386 3105 3176 4485 5966 8447 11748 11937 12811 15941 25373 38645 40835 79706 111693 135360 176193 305621
2676 3020 3113 3152 3995 4352 5651 23786 24838 31276 35850 40055 41512 71031 81402 82105 92222 114838 135947 196261
4054 4239 4777 5117 11236 15421 24536 25018 31516 56469 57247 61006 64428 65534 71378 76828 85823 88882 101240 141935
7228 9291 15829 19571 19855 21997 28270 34283 35162 37364 38379 38467 62105 70743 71720 84297 85419 87083 95340 134026
4110 5894 11572 12081 17415 19423 28217 30481 33774 34227 41261 49796 67571 67778 71702 72448 87649 90091 109154 141797
2434 3436 10115 10138 14332 15629 27912 29527 41698 49319 50259 53081 62743 64843 73478 73978 83076 94064 94770 139736
258 2895 3509 4367 8179 8970 13955 17556 21894 30516 37846 45007 46387 53675 61822 87780 92542 135041 145951 176360
1686 1847 3232 13729 16610 21717 24505 26441 33150 36206 40414 40471 44640 55101 68261 81344 95574 120844 132978 135698
560 4141 6910 7611 8082 8388 18048 26142 28801 32318 38221 38615 50760 52242 57638 75742 81560 86527 133385 240541
278 396 481 7342 8012 8745 19364 30826 31307 33749 51754 61601 64294 66347 73928 78068 89200 91470 111611 165342
9766 11305 13108 15633 15890 20910 23952 25777 27813 32309 34203 44909 57005 57493 60466 65789 101711 102673 133460 142875
3808 6480 6614 12825 15260 17342 17552 19182 19219 21594 25337 38584 39656 39722 41142 105563 114718 120601 140600 191799
779 8847 10276 11331 11753 21517 25722 34416 44068 44550 47652 47917 52371 57602 80061 82573 88642 105628 106892 111864
163 1960 2088 4567 16373 18724 22183 25831 36561 37973 43976 51656 60031 63938 76123 77693 82246 86411 124402 161364
7482 8227 9314 10942 13127 14694 28832 30102 37847 39822 49893 54979 57138 57259 58561 59058 93886 103171 109426 151540
2043 13371 13394 13675 23099 23584 24809 26523 29463 35287 37725 42085 42697 65832 77431 87543 99194 100508 102174 133866
2605 7408 7558 10691 15345 18178 20980 22386 22845 23910 30699 36925 38173 41835 44912 61035 72193 133269 151111 235459
1119 5910 6209 9357 11088 19207 20444 21183 22398 35331 36167 47140 59464 64765 80694 85087 109395 110839 121857 128258
66 3100 3686 4757 6459 7657 10826 13001 18221 18813 24410 29160 36417 54633 75834 78453 109586 111152 177863 211680
5407 6011 7459 9769 10846 16336 20378 26576 28423 31250 35274 35856 40540 54538 78078 83142 87568 88650 155213 175784
6020 9018 9067 18676 19702 24141 25232 28616 30023 33565 33932 47966 56521 64727 65066 66349 80599 86297 100851 189671
1007 4723 10384 13040 14968 17336 22188 26297 31028 32071 33155 37811 50694 66103 67694 69071 77057 85779 88673 248834
1054 4810 8940 15857 16697 17854 24968 27122 33486 39995 49183 51324 58536 63868 76516 77571 85904 87639 94515 159329
340 1675 5887 7730 13870 14137 21228 22572 35891 40440 49337 56193 64973 71821 72735 79494 86888 87374 109978 151967
577 1901 3592 13612 18612 23498 23858 27128 29626 32316 39647 41995 48396 70750 76692 89873 101912 102540 123340 124717
614 3374 4620 4735 10419 14182 19425 20087 23996 25820 25990 30309 34044 40509 78013 89415 89809 108677 154611 216930
2242 5329 7283 13199 13539 19708 23519 24898 27096 29390 35385 38835 57094 58997 68305 89868 114375 121842 122261 122667
53 194 714 1912 3876 9147 11367 13137 34943 40690 44181 48435 49804 57769 76201 81233 87388 132911 142154 158395
2473 3906 5731 17117 18332 20150 22634 26039 30161 32860 41610 47282 48688 50574 70284 74038 96006 103532 135014 149613
1892 9142 10076 12168 18064 20925 22075 23552 30371 31201 34240 39005 39413 41172 45546 79131 85039 114916 161788 174567
152 7038 7835 10393 12601 13096 18840 19117 22934 23394 26348 39585 43524 46754 62593 99029 127068 137613 138083 139828
1100 7238 12117 12538 17866 17928 20070 20877 26788 28684 40582 42826 45197 45262 50620 61998 76659 85611 109607 270868
731 4340 6544 9686 10933 15600 16538 20717 25525 27591 29920 29983 41273 76299 82293 82326 83780 104663 158984 168388
5701 5957 8042 10145 16345 16877 19986 22964 29229 30152 31468 42041 46178 46720 47342 52108 81696 96349 182512 202442
3313 5676 7989 10934 12908 16501 17801 19288 24172 26878 28465 29776 36278 43894 54965 57441 99708 137880 151713 210492
2817 5282 18254 19587 23176 24517 26954 30559 36233 41333 44593 46252 49424 58720 64002 66570 94344 109946 111773 122175
1250 1808 3656 20641 22073 22705 24798 30977 32694 34212 42042 51894 53131 56552 76085 85936 87773 87870 119449 141122
4379 6022 11229 25300 26666 26743 32826 35777 36628 43930 46628 53634 63144 67454 67470 69774 70879 72852 103623 132557
