1000 9 35
829 1750 2560 3418 3911 5180 6264 8436 9115 10377 10887 12047 12910 13053 15260 16738 18054 19364 20914 21787 22310 25352 29751 30539 32463 35020 38194 41582 43290 48868 64638 74147 74937 79935 128094
824 1825 2191 4942 4978 5794 6570 8907 12865 13146 14309 14505 15354 18300 19042 21713 24933 25129 26196 29195 29590 31719 32713 33834 33958 36604 37322 39012 41849 43122 49445 50177 73478 78141 106344
28 1009 2899 4499 5422 6200 6881 7166 7559 8680 10840 11122 12895 13748 14430 16561 17524 18174 20224 21805 23899 29277 30471 31412 32434 36291 37216 37550 46088 50901 62540 63075 63133 104214 126478
223 524 4738 6543 7717 8132 8338 8522 9279 11202 12290 14330 15515 15914 16523 18397 19256 19796 21543 22162 24329 25300 25333 27901 28620 38893 40389 41158 44156 46184 47122 58537 68507 68694 153256
89 324 404 3129 3276 3594 4100 5408 5807 5815 6736 7525 8559 9609 9998 10034 12283 13816 14703 19568 21402 24958 24997 28222 28914 32105 41196 43510 49085 55362 62267 74048 89102 126819 128343
1417 1621 2341 4252 8247 9332 9377 10587 11015 11714 12516 13579 16254 16887 18216 18424 21203 22718 26793 28887 29078 29114 30271 31747 31833 32180 32395 44078 47544 51174 58791 59346 68954 72787 99009
4492 4782 5192 5433 5490 6380 6423 6484 6767 8248 10577 10967 11017 12306 12717 14544 17804 18517 23409 25815 26978 27961 28675 31257 36727 36957 37556 40873 43615 46031 51480 57019 65756 117287 124866
1332 1806 2272 2395 3269 7143 7365 7400 7472 7803 9649 10981 15932 17267 18077 20729 21020 21776 22106 22637 22744 25520 27845 28014 34531 35180 36321 36792 39152 39472 60076 73391 87516 92868 115359
589 1459 3090 4165 4303 4866 5897 8724 9393 12062 12943 14137 14914 17315 17589 20462 20469 20979 21972 23997 25018 26368 26432 27445 30162 30212 40429 41224 42153 43502 44559 67707 90053 106171 108784
