1000 44 32
2156 2317 4736 5490 6141 6532 7204 7608 7767 9426 10479 10774 11226 11604 17276 21957 24891 30976 31169 31453 32511 34858 41828 45410 45899 47320 58220 58361 62048 65130 70455 83157
1313 3993 4175 4356 4572 6368 6534 7824 8163 8326 9542 10611 12422 12974 13080 13569 15270 15541 20739 22418 23657 25297 30218 32980 34092 57808 58326 58403 66210 90272 98854 116049
827 1548 2447 3193 3414 5240 5820 6756 6984 8545 9415 11506 14261 15749 15849 15921 16884 18950 21888 24621 25831 28858 37642 39643 44958 54327 56489 65704 69772 81898 85425 109357
1951 1984 2768 3112 4289 4679 4834 6311 6982 7612 7721 10329 13667 14448 14749 15722 21790 21993 23245 23972 26637 26776 31348 32815 45363 46245 48327 53601 63960 108411 117065 134060
677 1343 2091 2267 5722 6407 7119 11689 14340 15634 16785 17428 18343 18859 19276 19315 19682 22336 23617 24505 25121 26484 28037 28359 30891 36074 46359 59365 65204 75777 75955 162353
91 754 2698 2866 7341 8099 9391 9760 10203 13976 14350 14956 18515 19389 20064 21425 22950 25338 26102 26966 31613 32206 33564 35254 45839 52844 55879 58130 61419 69923 70786 82639
197 499 1661 2081 2090 2790 3600 4283 4655 11138 13137 15817 18183 21100 24487 24847 25271 27015 27774 27945 30051 30438 34203 35687 36354 38667 43497 62125 62180 71856 75831 124902
1103 1870 5117 7498 7568 7917 10236 11412 11721 12679 13565 13672 14314 16440 16908 17089 19080 20685 24299 27703 29647 33476 35461 38282 41683 45454 51221 51266 54246 57526 63844 133821
1397 2889 5199 5391 6044 6885 8480 8652 8696 10546 12760 12862 13677 14757 15674 17772 18695 20466 23787 30686 30758 33849 36672 46821 48076 48658 49056 56464 64534 66616 68536 111835
1308 3174 3714 6302 10344 10937 11579 13937 16251 16809 16904 17844 20774 22386 22604 24331 24843 27379 29533 31215 32461 32980 33727 38865 39165 40914 54566 60424 60801 66291 66422 83040
245 1042 5774 6592 6789 8063 10635 10948 11213 11652 12169 13682 15352 15855 15974 17888 18746 19003 19909 24584 36268 39239 39699 39981 42184 42995 46852 56300 60066 88369 93022 103617
477 933 2193 2580 3342 3563 3639 5737 6291 8697 10039 13356 14110 16054 20932 21403 26010 26796 29979 33435 33533 33675 33758 35122 41046 48743 49273 50826 63403 75779 96189 109306
1158 1344 3141 5093 5478 5503 7157 10009 11880 12339 15897 16728 16998 19590 19603 23384 25273 26668 31678 34271 38688 39081 47761 49277 54099 54567 55504 56738 59688 60038 65059 83359
2370 5371 5524 5814 7627 8137 8755 10084 10572 11169 11520 12165 12540 14846 16804 17387 20092 21970 22816 24131 31519 32970 33474 38604 40585 46036 46177 54788 64092 64753 77449 117962
311 475 1243 2092 4466 6425 7180 7454 10851 12408 12442 13227 16179 17521 18458 20439 20958 24677 25033 26298 27549 28087 30613 33342 45306 55743 56115 60650 74825 86432 93130 104819
394 2665 3708 4482 5255 7324 7379 8902 13862 14455 17188 18847 18959 19044 19289 23414 25709 28875 29535 31026 31922 32395 35497 37204 40406 46995 53188 54533 58613 61420 70821 117300
142 142 987 1000 1631 1918 2664 2846 3083 6155 6395 9062 9223 9607 11364 11791 14995 15128 16080 24793 28645 29692 32648 48738 53246 53823 57572 62483 77659 77834 94479 128687
1340 1872 3145 5516 5680 6459 7281 8688 8700 10593 12976 13673 17299 19803 24037 24517 26009 30424 30911 32730 35185 35300 36748 37753 44296 47888 49840 57010 57062 62006 76954 97036
4241 6335 6501 8117 8758 8981 12922 13308 13348 13786 14341 15160 15694 16858 18917 22539 22952 23343 23806 25686 26161 31645 33405 34500 38435 38930 47178 47877 65019 71343 95653 108011
586 952 2398 3833 4125 4429 4957 7325 9229 10103 12167 13484 16066 16605 17233 17524 19238 22775 23609 25711 29401 34874 35762 38608 42439 43128 48792 56624 76410 77709 80906 103579
354 745 1831 1864 2731 5067 8340 9480 10203 10921 11045 11088 11951 12926 13682 15308 17655 20167 21292 21418 21793 26295 33899 38136 40859 53216 67788 75869 78961 86745 95401 125830
201 1756 3006 4438 6217 7130 8824 8900 10003 10884 11497 11896 13395 14407 15805 19766 19767 20295 20839 22237 25995 27738 33625 40174 55687 57835 59785 67807 68693 69334 72115 119902
1383 1738 2106 3394 4431 10014 10081 11791 13641 13829 16017 16605 19368 21650 22752 26827 28065 28396 30773 31001 32272 32441 36219 37255 39311 44139 62875 64555 66800 67766 73461 73482
392 751 2949 4092 5607 5917 7335 9517 9703 10279 10402 13152 14666 15829 16391 21969 24031 26006 26500 26824 28921 34389 35655 37144 40422 43458 49350 55920 57059 78779 96517 134893
214 283 417 1000 1159 2515 3518 3945 4812 6754 8068 10706 11512 12975 14564 16545 19101 20579 21621 22391 27012 30049 31693 32899 37221 41346 59087 61106 66554 72843 88761 197044
1011 1280 2801 3146 3260 3926 4324 4788 6514 9194 9812 10074 10105 10706 11165 13103 17694 20693 26301 27147 27543 32634 34897 41452 46647 49176 55679 61133 63433 71415 100657 146032
2636 3702 4543 4707 6011 7028 7660 8020 8658 9901 10667 13491 13549 14047 16418 17952 18031 18646 20694 25367 29505 32345 34163 35632 37046 43971 53999 64387 73112 75923 79229 106868
1261 3531 4747 5140 5378 5707 5891 7280 7700 9059 12191 12994 14715 15779 17821 20898 21552 24667 26694 31077 31906 36305 37087 41128 46626 49531 60858 64752 68045 70531 71595 89168
283 1045 2278 4293 6208 7798 8532 10352 11497 11639 12319 12592 12791 13158 14317 14619 14913 22271 23397 24046 27870 27912 30255 39382 41720 41795 42024 54077 59430 81500 139483 143116
1174 2888 2948 3690 4035 6990 8900 10368 12541 12795 13795 14042 18340 19270 19620 22996 23139 25414 27266 28901 30091 32377 34056 39235 44849 51082 56170 65495 68648 69395 75452 89340
138 1632 1972 2755 4012 5131 7321 8642 11533 11778 14516 14812 15488 16732 18668 20751 23634 24564 30138 30871 37041 38053 38559 40726 42182 48720 50724 59897 63048 66860 75054 79145
298 712 1223 1231 2081 2998 3191 3394 4975 6450 9066 9290 11601 12815 15353 15548 16220 23343 25680 25930 26839 31994 33766 36280 38428 44591 48349 69414 71929 85003 98833 126945
488 2947 4715 5720 7261 7699 9578 9717 9812 11025 11186 11207 12104 13321 15336 18484 19424 21642 22250 22475 24572 29599 34020 35142 38452 44596 52997 56112 61675 64677 115218 122757
1966 2240 2579 3197 5749 6001 7489 9406 9806 11157 11479 11790 12488 15959 16864 17492 20754 24348 26253 27478 27642 30529 31414 35884 45550 49259 50476 64311 79147 83145 89401 109926
1214 1775 3019 3341 4739 4924 5660 6150 8417 9433 9977 11109 12329 13581 14767 16039 16123 16294 19682 20201 21192 27215 27280 28180 37454 41104 48066 65225 66232 81144 130813 145001
2470 3411 5194 7821 8725 9371 10381 14696 15023 15850 18459 18950 23355 24010 25114 26188 28523 29093 30496 33612 35261 39390 41223 42804 45428 46501 49055 50397 50777 54427 59037 70005
1128 2012 2201 2464 2546 2991 3269 4580 5794 6895 8111 14806 17570 18889 19914 23215 23543 24788 26880 33361 35023 37010 39432 40666 43225 43456 43750 52956 55229 61433 92238 137784
72 295 343 929 980 2023 8295 9472 10137 10605 10847 11551 13837 14490 14743 14869 15651 22249 25194 25621 26962 28836 30011 31772 33635 36412 40148 66891 75338 84830 112172 128234
600 733 795 1761 1796 2377 5454 6000 7117 9027 12551 13752 15350 18465 19658 22570 24228 24614 26106 27736 30120 33503 33748 33924 37465 39518 39966 44167 46040 60051 105373 157521
4242 4669 4847 5718 5801 6863 7058 9384 12034 13844 14088 14984 16037 19945 21017 21179 21474 23230 24073 24522 26625 28609 31210 36351 36932 39465 48079 50493 56062 61274 106415 114403
779 1788 2102 2180 3904 5023 5110 5708 8623 12264 13438 13610 15430 16983 17586 22860 24088 26178 28748 31079 34226 35773 38745 43042 46421 47607 49312 53840 55373 75247 90014 107239
4011 4304 4428 5494 6640 7177 7582 8631 9718 14768 15522 17546 18669 19098 20829 25154 25969 29057 30029 31838 33238 34563 36862 41481 42447 42546 42660 58954 63794 69301 75652 98074
801 2659 3311 5904 6507 7324 8144 8782 10159 11105 11118 11830 17512 18586 19487 20938 24402 24451 25983 27121 33075 34385 36095 40517 46643 52366 53448 57775 61400 66024 66283 79845
1781 2134 3002 3791 4069 4102 4248 4783 5680 6263 6621 6820 7659 9181 9255 11247 15050 15109 19564 31304 38063 40354 41670 43423 44007 44407 46350 66074 70858 99111 125642 130364
