1000 18 24
3354 6282 6801 12628 12974 13754 14073 15438 16290 20644 20934 27533 32318 33648 35458 37441 40623 46370 76274 77909 82979 89594 103529 117546
1240 2589 4090 4701 5020 6366 7364 8826 10587 11144 12043 18317 21254 22939 29772 43877 43976 58617 62241 62358 64450 96549 174593 200407
340 2291 6465 7595 8773 9214 10104 11578 11825 15414 20142 25372 31328 38694 43018 46104 51861 52291 60014 64589 70148 82756 106670 177799
1531 3443 7258 11711 14481 21723 23547 28599 33417 33441 36649 37228 38458 40094 40465 44480 53555 53916 61367 61928 62372 74970 80016 84740
2007 2082 6994 7928 9260 11167 11468 17977 21540 22841 23785 27437 34912 34915 35258 35904 40291 44194 48195 57515 58766 75498 78588 255147
100 394 4597 7472 9271 10612 14202 14994 20909 23998 24546 25306 29707 38800 46810 46933 47087 74441 75819 75882 83152 91714 95608 99015
816 4510 5562 5940 9562 10149 12393 15968 20248 20480 21717 26460 27619 28972 29611 30254 30307 31887 57316 62408 78642 83805 150812 179950
302 446 1990 2246 2541 3769 9190 9393 13592 16119 18939 22038 23448 23616 29007 33101 38363 45984 49006 78784 86118 107017 159928 176225
5020 12820 16635 16683 17346 17606 17778 20730 21957 22050 23279 23359 24610 25067 28472 29381 31157 50261 54117 65408 66640 110997 115784 146913
4444 5340 6289 6840 7515 8224 8982 9036 12802 15207 15709 23997 24823 28756 28815 30659 35958 36197 38391 79063 123629 126325 134523 137403
1217 3156 4612 5002 5637 6743 9933 11453 15536 16694 20694 21035 23510 30508 37512 48615 52600 65245 77420 85734 89650 97848 101367 116333
2469 3264 3478 6166 6635 21739 23275 24246 27506 29867 30286 33070 34876 37289 38924 48773 55215 58081 60102 63243 63348 81298 85991 114074
211 3006 11954 12772 15485 15509 17410 18588 19578 20635 27692 29764 29833 30727 35265 36527 38366 49890 52576 57216 59245 99977 117688 180496
1100 2102 6010 9145 11597 13148 18502 18825 26393 26804 27658 30255 30631 32752 33277 34205 36328 62497 64014 64288 65140 84832 108408 160660
147 5285 6270 7860 7899 13635 16885 17552 19374 19606 23699 27832 29882 32331 43485 43611 47222 50864 73677 79149 79507 99960 102111 112180
2555 4040 4365 6777 12727 12796 14074 18814 20629 21173 22950 25717 30665 31939 37433 42062 56650 57787 72774 73058 84394 94670 104910 109582
2213 3128 4153 4496 5123 5445 13265 16955 23704 23831 24615 25038 25239 25450 29811 32890 33566 37226 62877 72206 96471 98834 130787 146639
712 783 1617 1674 2395 3778 6655 9864 10324 14433 15582 23018 26835 27314 37770 38052 41483 42977 76208 77922 123131 123391 125252 130550
