1000 36 26
794 5504 6218 7469 9785 14195 15116 15536 16283 21730 28685 29096 30843 31670 31918 32971 34512 35542 36781 51533 54383 65442 74380 87342 103723 116268
1131 1147 1287 4076 8448 9023 12474 14611 14873 16413 24739 25281 26737 30617 33803 34357 47801 52201 55401 58538 62753 63431 76732 78662 95981 109434
170 1932 2581 7037 8418 10939 11000 13898 14497 18055 19348 22283 23282 23527 23701 28446 28555 37872 43857 51274 54094 60633 60857 81457 96094 181262
706 1356 3588 4309 5634 9535 15081 15617 16214 17420 17641 19710 19886 19912 23799 25881 26589 39472 46460 47112 47155 52185 73881 106637 113518 182747
905 2583 6019 10988 11044 11325 11865 12300 17215 20060 20215 21000 23881 30556 35036 37787 38299 47398 53570 55814 55969 58339 58510 76077 100152 146293
1767 1793 4701 8318 8330 12692 12766 14128 17919 20812 24588 24589 25509 30841 32011 33217 37330 37992 45023 50694 53756 74813 77178 83927 99172 115741
282 2538 2777 5330 7944 8618 8949 9969 10702 11218 19373 19713 19902 29393 32029 35878 38604 42593 49766 50591 51667 63098 64917 65652 132145 151678
2891 4505 4524 5818 6402 7321 12153 14953 21090 22748 23282 25607 28648 30735 33828 37017 41762 43699 50236 54278 56072 61850 67293 81245 104276 120214
165 2922 3793 5214 6542 10260 11899 12820 15309 20603 21096 22421 23432 24990 26011 26976 28500 31512 34284 39494 40577 43231 47334 77899 138119 236847
1651 2721 3600 4356 5275 6282 7768 8249 9413 10124 10610 11568 15859 16506 22702 27740 37404 44068 46521 47385 64639 68066 68158 73752 144751 167385
368 1090 5282 5477 6623 7790 8368 8665 10778 13832 16002 17161 22848 26099 28758 29078 30812 36124 37839 49066 51210 69413 72837 86903 106495 187594
489 3508 3606 4914 5347 6200 6882 9585 15770 25004 25159 27215 28194 29340 35269 37258 37448 39415 49291 51275 62677 70152 83422 93257 93447 103095
2033 3990 3996 4530 5094 5397 5985 8044 9771 10771 15457 18183 21945 22928 23102 35192 37226 43084 52777 57072 57558 58858 76277 76370 111231 176972
509 1621 1684 2071 2623 4194 5548 6675 6729 9411 9922 15092 16323 18543 20696 24957 32507 36311 38720 50223 56457 70053 82093 115273 142936 161966
609 1524 2874 3833 6074 8005 10154 10680 11563 13572 19334 21477 21640 22177 25609 25625 26052 42963 43355 51473 51746 53748 57369 108880 123268 188382
315 1606 1645 6473 6813 10811 12099 18545 19601 20473 21886 23000 27255 29394 34071 35385 38399 39625 42113 46654 47812 62034 68352 82764 132162 137038
2953 4403 6237 6547 7259 11892 15454 18179 18889 21188 24279 25177 27061 31690 34168 38338 39059 55982 56698 56926 59813 71217 73397 74429 81172 98633
497 3029 3661 6910 7365 7804 8806 10453 13767 21140 23982 26376 27944 28710 30235 31903 37951 43017 51922 54483 66639 78513 80383 81021 87998 89736
2700 3901 4824 7920 9753 13427 14310 17648 18183 18306 21386 22673 27118 27661 30623 36872 40949 51826 54754 60282 72997 73938 74357 75392 82662 87817
428 4870 5122 8230 8546 10796 11631 11712 12713 13653 14578 14704 15928 16452 19533 22845 27597 28663 31678 35589 55255 59328 99654 101054 131028 190551
740 769 1469 2215 6450 8224 8904 9127 9408 9626 9921 11378 13055 13877 15628 21177 34548 36419 41651 42422 49254 98793 108672 117192 128454 159518
451 2007 3995 6535 8418 9838 10019 10169 13158 13956 14826 17624 20694 24831 29553 30052 33503 35955 47767 54353 65181 67322 76999 90335 113795 139873
688 4421 9029 12130 12602 18215 22486 25426 25984 27435 28070 28383 30225 36748 38814 42143 42666 47429 51533 52360 52595 58369 63811 64433 66097 78306
517 1762 7300 10000 10720 11861 12484 16338 17004 18546 18883 20697 22128 28970 29080 32820 40891 43105 45771 50390 56838 56947 73968 83832 91664 125921
787 1037 1809 3344 4774 6190 11241 12268 15097 18445 22694 22824 23238 28448 30816 31598 32006 43382 44830 47794 47913 76044 82725 86698 105611 160175
2192 3460 3541 3939 6574 12764 12857 16451 18361 21709 21958 24094 30356 34909 39581 44648 45122 47415 50476 55159 55751 55912 62904 71261 89105 99503
3717 6363 6740 8914 9546 13489 15540 15936 17085 18379 19570 20914 23177 27199 34865 39742 41087 45127 45239 46472 51982 53859 71321 85405 96841 113119
305 772 5881 6560 6609 6718 9984 14109 15701 17670 17953 19865 21293 21853 22821 23554 30693 34091 59523 59643 60534 61523 80638 82192 106770 159975
2137 2675 4109 8047 9233 11612 15016 15294 17480 19671 20834 24226 25728 27149 29470 30198 32963 33239 48197 50034 53976 73239 75433 101441 106660 128243
228 2897 3690 5389 7462 7668 8171 8664 13358 15552 15690 19669 22376 25448 29375 39013 41828 42394 43036 43051 54469 58613 80704 91046 129831 133986
1213 4640 4648 5606 7893 9400 11258 17269 20438 21752 22057 27819 28097 38979 40022 42297 43394 52113 52123 54223 54285 54535 68194 86602 93905 103519
631 911 2071 3075 3780 11596 13817 14157 15749 21063 26537 26990 29607 31230 35148 38385 40969 41054 41181 59184 60070 62060 65669 70129 90797 155757
427 2952 4740 8872 11350 13906 14208 14400 16261 19345 19575 21909 22842 23978 25092 27553 35973 37897 42074 48721 57450 61878 66330 93393 95112 141620
3699 4474 9580 11445 12386 12565 13929 16009 20713 21587 22532 24017 26905 28569 30264 37630 38790 40855 44093 50662 62075 69995 71883 91876 92412 100576
210 731 1797 7442 8246 8608 8695 10176 13635 16796 18962 24746 32329 33309 39913 41286 45514 47277 58276 62731 66215 71124 75909 78727 90134 99225
1121 1655 2598 13022 13343 14462 14746 16742 16940 20781 25243 27731 32350 32996 35028 42744 43526 44162 47722 56197 57142 57566 70479 70900 81998 104952
