1000 28 29
419 1030 5515 6036 6343 8697 10768 11112 11611 12146 12987 13749 14435 16289 16353 16587 16854 18928 21503 23928 49580 55035 59802 72762 74244 80906 86704 96035 172816
3291 4450 6744 7652 8107 8906 9638 12906 13127 13199 16207 19286 19430 20310 20482 27327 29977 31662 38816 41510 42991 45534 58829 58972 78369 79012 90406 90795 97559
19 3226 7583 11749 12108 12173 14233 14350 15168 15317 17054 17510 20478 22931 24107 30616 32616 33898 35522 36508 39476 40343 41292 44809 49547 53593 78837 117845 148584
577 1223 2910 6092 10211 10664 12362 13572 15637 15689 17407 19014 22414 23359 24080 26019 27357 29406 33484 35530 36939 39181 44859 59797 70959 77210 85456 110656 121322
3224 3380 3972 7319 8555 8625 9098 10630 11908 13534 14623 15000 19180 21904 24625 25788 27534 34487 35998 39611 40552 42290 42613 52728 68024 77920 90038 102600 136678
1215 3166 3319 4042 8613 9984 12322 13998 14344 15531 17243 17258 19280 22270 26697 29077 31872 32979 33103 34092 35506 42501 46083 46507 46731 60674 105216 113792 141939
517 1381 1588 1960 2305 2781 4131 4498 8331 10743 11579 19862 25226 29690 33705 33980 38358 42351 42415 43195 43486 48691 48831 49839 58814 66457 82967 91605 140307
1033 1631 2616 2877 3036 3162 4113 4724 5050 5218 5396 5930 7624 11586 12617 14827 27708 29227 30337 33195 36334 41287 49640 61927 68208 73887 85246 110837 252311
918 3123 3309 5304 8727 10654 10927 11415 11747 14789 15028 19682 21923 22455 24361 25081 25635 37252 37289 38666 38780 39836 42249 59697 62447 65865 67486 123227 143119
1902 2672 3348 3889 5525 6970 7336 8240 13957 14883 15061 16026 18547 21128 23423 27802 30686 34872 35763 38927 40403 42030 47845 59511 64207 71792 90909 98363 148772
4268 5835 14068 15432 15888 17524 17897 18506 21696 21954 24193 24892 27536 27746 30307 32920 33273 34523 36411 36928 37972 39547 40749 56603 58871 59670 74862 79854 81654
766 1374 1428 2374 2645 4262 4546 8183 9813 10692 16274 18912 19702 23693 23904 27947 33307 33447 34759 35715 37391 43845 44072 50127 54889 67791 81272 95269 205907
1587 2334 2617 3236 3927 3929 4122 4549 5256 5799 6032 8407 8581 9422 12238 12695 16009 17244 18371 22469 26876 41008 50105 60267 64548 74319 97502 142549 264338
217 1008 1447 1896 2480 3282 4523 5239 6557 6568 11511 16056 21832 22577 27840 28078 30294 32470 35477 37724 47642 48865 54207 60983 68842 71829 79224 94433 171202
607 2343 2810 4395 5060 6432 8088 12726 13526 16200 16224 17644 18591 19989 22323 22712 23386 27366 46576 47644 49159 51960 61942 67839 77116 78751 87403 89973 92730
1163 2681 2962 4035 6813 9085 9830 16875 20132 21897 22050 27468 28551 34880 36946 36946 37051 38154 39682 40461 41169 41921 48294 55844 60621 63672 72931 80255 93291
1945 2175 3146 3969 5339 6772 6971 11226 11649 12084 15286 17898 19752 20692 22172 26410 30603 36951 42938 47394 51109 55698 60938 61670 62375 67320 88436 90288 110417
2089 2367 3429 4701 6044 6232 6923 7335 9023 9813 13041 16068 19225 22012 24713 24889 29770 32637 32874 38551 39323 50477 65433 67314 71476 83915 93764 98031 114049
1022 1800 3792 3821 6958 7134 7385 9776 12794 14818 16239 18699 18744 20001 20299 22821 26713 32202 35196 39176 39419 41689 48349 49553 68463 79249 81603 109557 152278
1206 2237 2474 2614 2828 3146 8457 9181 9896 12363 14488 17306 23939 25482 27546 29108 31771 32267 33926 38371 53622 57604 59251 65454 67912 77453 83259 84498 118139
1917 2306 2472 4090 5383 5624 8847 10320 10683 11542 11895 12451 13875 15283 16963 31661 36869 37253 39437 39597 49923 53037 56536 64342 64600 65499 78411 112835 127588
1064 4068 5895 7107 8715 9093 9886 14357 15564 15945 21809 26608 26799 27236 28511 28740 29099 33218 34173 40180 41784 43891 50887 51970 58840 63878 95978 97026 99175
567 2441 2767 3561 5375 5481 9162 10558 11648 12987 16732 19675 21204 25091 26742 27838 30973 31893 43473 43822 45874 49755 50468 51819 55848 57780 65009 129549 132301
6591 8152 9975 11171 13009 13305 13837 18025 18534 20955 21922 23626 25369 26635 28730 29576 34492 35384 38584 41765 43244 46282 49736 51743 53593 70476 72950 79768 82661
1025 4366 5191 6573 7936 8239 10517 11677 12618 15116 17059 19133 20261 22940 23214 32582 34895 36033 39129 45281 54826 61381 62695 62959 63303 66513 67993 87963 93035
279 409 2123 2390 7710 9387 10037 10915 15629 19836 22183 22430 26648 26733 27786 29226 33299 36487 37492 38872 40346 41894 42085 44114 49455 49470 58198 84096 206544
146 587 691 1059 1458 3500 6482 6887 8092 10835 10944 17957 18366 18432 22620 24270 25045 27241 31098 33252 34754 36438 42337 42412 84905 105773 122361 124745 131868
1049 1253 2182 3015 5872 8385 8802 9031 9870 10860 13046 15342 15772 22122 22631 27418 28143 31110 32649 33432 34246 37109 40494 57116 66623 82217 91555 110559 170758
