1000 47 33
322 1111 2667 2759 3097 6782 8083 8263 10286 10509 11691 13411 13951 15771 17106 17487 20405 24781 28335 31368 32392 35354 37057 37531 39714 39816 40252 40611 47549 51560 67347 76095 95891
92 1239 1826 1972 3042 3606 4677 7696 7919 8025 9363 9745 9828 12828 14811 17679 18615 18945 19196 20385 20516 22475 33187 40310 53154 56487 64894 65163 66023 68569 73958 75991 94331
411 994 2789 3002 3052 3463 5033 6757 7491 8159 9702 10519 12204 12649 14810 16445 16913 19916 20274 22647 22688 25595 28205 29755 30467 41798 56367 57137 62756 83981 88866 94323 118751
454 792 1797 3154 3864 7933 10798 12545 13672 15533 17355 17659 19933 19963 20152 20251 27172 27205 27240 27459 27793 28239 31333 33533 33682 35628 36192 42032 45015 51294 58239 81634 103193
1916 2093 3037 3448 3605 4224 6591 8539 11089 11117 11446 12990 15499 16795 18635 18756 19499 19589 20335 25787 27208 31516 35628 40633 43759 46372 55278 61447 62962 64978 67181 75578 83544
744 884 1265 3950 6537 9801 11305 12054 12910 12950 16315 17155 18305 22674 23788 24029 24700 25346 26086 26304 28009 30689 33643 34322 36420 36808 37771 39535 46551 52922 64522 65143 66317
198 435 501 1321 2485 3742 4563 7274 9548 10177 10470 10720 11685 12332 14734 15059 19895 21606 22588 23584 25715 26912 30421 36156 39486 45563 49054 49520 55910 56072 79084 85592 100571
755 1323 2092 2161 3414 3469 4745 4920 6112 7052 7560 8136 9801 11734 12485 12952 13386 13845 15071 29519 30425 31108 31573 32592 33527 36701 39593 41539 50394 54683 59216 113032 126580
109 241 1438 2312 3832 5567 7086 7661 7709 9902 10864 15571 17118 19442 20373 22273 23506 24239 25116 25639 28183 31845 36247 36530 37694 38415 42133 44394 45514 49499 51807 82365 88897
372 1455 3788 3884 4907 5157 5271 5983 7122 8983 9935 12452 14713 15947 15952 16613 18432 18474 22096 23946 25373 26899 27374 28141 36171 38114 39287 47021 50527 59830 81165 120828 140306
2223 2263 5856 6684 6804 7409 7526 8344 8988 9522 9982 12349 13277 13418 15303 17837 18692 19532 22920 23320 23417 28089 29766 30343 33412 41928 44285 51470 53098 54570 66650 68776 70329
623 1516 1618 4023 4136 4606 4800 5142 5422 5811 6279 6509 6827 7263 9073 10874 11806 20403 21033 22410 23398 25273 25577 27927 31782 36538 37424 38883 43375 46446 96424 102680 133612
34 379 1171 2612 3804 5368 6266 8537 9227 10767 11764 12217 13138 13729 15657 22513 24376 26885 27274 30718 32855 34676 37182 39084 40473 41443 43352 45436 45819 45940 46833 56252 87306
1842 2528 4069 5569 5969 6789 6870 8678 11273 12381 13025 14172 14849 14908 15342 16056 16748 21753 22630 23800 24234 32230 32570 32775 33773 49049 49469 51939 52101 52528 56178 59975 61741
925 1247 2589 3913 3930 4966 5596 7460 10248 10542 11324 14758 17154 18665 19005 19708 20531 23341 25499 30878 31970 33073 34462 35829 39308 42298 42790 43379 47279 49048 49681 78203 103929
65 243 693 1442 2141 3138 3286 3614 5720 6447 6675 7318 7758 9665 10260 10285 15060 16256 18488 27608 31592 33399 40405 44938 45493 51199 54281 57480 60211 64537 66901 70522 102547
240 454 2137 2471 2608 4238 5929 6030 8109 10563 11478 12837 13034 13459 15354 16713 17198 23186 25470 28843 30162 30195 31048 35310 40378 41900 42488 42764 55691 55832 65190 72629 97024
761 1077 1222 2092 2899 3198 3771 4380 5398 5624 6193 10514 14961 15439 17808 19389 19913 23442 23910 25066 25325 33083 40528 42017 47062 51885 53121 54035 54367 56101 72271 74857 85221
938 2479 2687 3696 4611 8841 14044 14722 14818 15515 15975 16394 16460 17332 17498 17907 18081 29289 30862 30866 31523 32454 33348 40688 41473 41677 42335 49026 52819 59627 61741 62998 63054
305 895 908 1218 1787 2393 2712 2771 4319 6428 7032 8215 8912 11587 14748 15417 17415 20584 20824 21515 22026 23232 27461 27976 30473 39521 40669 43655 49182 55464 86372 92027 116004
968 1903 2334 2757 4492 5856 6761 8368 8696 8711 8931 10306 11991 12575 12834 13004 13016 19918 22473 23041 23178 30960 32689 40827 42100 44383 47783 53222 53231 56065 68547 69363 84960
1276 1749 2882 5338 7338 7408 7992 8631 9582 10073 10346 12318 15521 15592 16494 17618 19127 21064 21942 22118 22330 22354 23027 26050 26840 32058 33872 36718 39932 58923 64345 76367 142159
1992 3007 4944 5842 6211 6529 6723 7456 8902 9841 11247 12574 12741 15312 15796 15919 17586 19979 25031 26306 26411 29605 29894 30390 36005 36846 45186 52800 62655 64768 66106 75823 85689
2360 3806 4689 4783 5937 7532 7559 8059 8666 12759 14269 14550 16570 16758 17830 18100 19407 21215 21396 22126 26035 26939 27762 30009 30540 31074 33726 37828 45522 58353 77246 94457 102785
1141 1953 2215 2543 3491 3783 6270 6850 7694 8648 8686 9349 9481 10947 11063 12749 13877 14611 15413 15446 15538 21742 24917 36384 39248 42151 47861 61724 66851 76659 80241 86619 91277
82 710 879 1849 3129 4532 7540 7664 7775 8290 8805 10334 11424 12029 14653 14762 14889 16837 18774 19364 20853 23541 25371 26268 30600 35002 40626 40881 46089 51327 66692 98337 126788
124 1283 1324 1492 2110 3930 3944 4707 4985 10622 12268 12291 13217 15284 16878 18602 18620 18794 18847 19954 21026 21649 31098 31164 37303 41751 44155 50277 55491 59568 78669 88584 90335
639 1665 2226 3052 3874 4867 6362 6929 7863 8379 9114 11016 11697 12205 13786 14860 15302 17184 17215 19711 22517 31665 32881 34402 36038 42965 44005 47088 49009 56273 60678 70832 126754
392 1132 1642 2214 2558 3560 4920 5546 5898 7194 8335 10509 11174 11259 12548 12752 17586 18976 18987 20247 20860 22380 29062 29159 33368 34445 35931 40642 59158 63543 63889 94572 174462
266 1291 2589 2828 4836 5041 6338 7142 9075 9079 12224 13230 13276 13442 14745 16099 19772 21069 21550 23467 24658 25731 26158 26830 27002 34174 37217 39855 42840 49135 66068 73121 126804
685 934 1706 3181 3826 6704 8790 9970 9996 10343 11653 12613 12822 13531 16510 16858 18171 18701 18839 19875 27636 30513 32667 36818 37496 38346 39047 49727 60290 65268 67455 67649 99269
1571 1664 1707 2593 3625 4084 7703 8950 9217 9241 11182 12481 15227 15613 17442 17789 18350 23047 24565 24703 24805 26733 29847 31436 33341 44394 44540 45114 51366 54459 61619 70258 90734
5698 6621 6805 8580 10283 12861 13979 15363 15902 17004 17535 17727 24821 24832 26957 27776 28719 30659 30727 32518 33278 35144 35328 35450 35641 35977 36643 39440 40050 43141 52597 57970 58044
141 171 788 2352 2425 2462 3562 4655 7074 8098 8434 8899 9731 10535 12440 14512 15037 16294 17029 18090 26230 27758 28248 31641 32397 33222 39799 41184 54346 73151 76927 94052 106431
118 682 1671 1887 2339 4778 4967 6940 8480 9183 10389 10416 10970 11533 15949 16424 19584 21323 24488 25243 26339 27403 27427 27669 31803 34623 41239 42603 49152 60829 81973 98529 109457
1974 2064 2764 3550 5106 5571 5856 10620 12390 12830 14660 14899 15191 15895 20466 21555 22020 22340 23223 23475 24088 26921 27015 31753 33658 34261 34506 37925 38248 43466 60963 112578 134626
1174 2185 2294 4427 5230 5542 5761 5850 7866 9409 12247 13311 13655 13874 15799 19282 22684 23808 24466 32396 35361 36623 42044 45675 47851 48078 48103 52417 54075 54932 57161 63880 106568
2092 2882 3342 3516 4526 4575 4764 4789 6408 6529 7893 10828 10891 11731 14267 15475 17510 19362 19521 24784 30426 32262 32805 36898 38222 42867 46101 57319 60760 63806 66018 66887 77449
46 139 2879 3207 3364 6357 6484 6819 7851 9502 9762 11423 13601 14531 16592 18688 20020 20377 21205 21460 22601 22931 24124 25937 28958 35570 35971 51596 54719 64172 64822 68088 102603
1246 3042 4093 4382 4441 4839 6101 6384 7267 7600 9037 9497 11241 13139 13241 13481 13824 14744 18810 20242 22842 26695 26822 27602 31443 36536 36925 40733 63572 74433 76818 82628 83520
674 1605 2312 4011 4881 5031 5590 5880 5928 6275 6480 7319 9390 10577 12491 13412 13446 14203 19518 20388 20686 29777 32824 36941 43856 45789 48444 52754 55193 64518 80285 96892 120951
1657 2572 3034 4072 4527 4582 5597 5747 13180 14816 15092 15188 16448 17676 17942 18334 22445 24481 25051 33199 33339 35362 35829 36670 38316 39420 39773 40651 43904 47506 49254 55985 61069
1207 2129 2271 2491 2617 3155 5271 6041 6633 7226 9716 10494 12943 14397 15570 15633 15842 16353 19562 20630 24862 26265 26767 29478 36445 38767 56936 60336 62457 69354 69591 75524 107036
544 864 1829 2400 2498 2517 4817 4913 4929 4986 5206 7016 8237 8367 10230 10869 14258 18482 19175 19718 20677 27923 28196 28841 30690 36931 39686 58035 64919 72039 85926 86182 97688
728 1231 1349 1636 2187 2522 2718 2789 3737 5607 6289 7342 7346 7784 11263 12900 13561 15318 15929 16108 16959 18640 18667 19763 24923 26287 32540 53031 63729 66679 98123 105497 146753
233 293 953 1375 3429 3606 5111 5258 5573 5736 5816 6890 7287 10040 11026 11071 17010 17807 18537 22279 25380 26424 27396 28036 34201 34681 44666 61611 61698 68238 78430 82150 86083
1392 3730 3737 3929 5745 6926 7129 7586 7848 11170 11337 11683 12961 13595 15587 15894 16241 16313 20878 23060 23650 25082 27262 27285 31099 37970 38141 57148 60483 62873 64698 71348 72500
