1000 19 24
421 4509 4665 5100 5670 7326 8904 13564 15199 15861 16493 16702 21656 23849 28312 28849 32805 39936 46315 50823 57908 120131 129281 151297
1414 2354 2745 6249 8157 8301 10623 14684 14984 15747 24389 25407 25663 27322 34910 41136 44222 47014 52331 58794 60513 82803 84363 131393
3768 4691 5660 8206 10459 18131 19509 20666 21709 23570 26424 28117 32373 32779 34668 36213 41696 44028 44918 57293 66180 80753 100294 112240
4564 5024 7227 11771 14696 15337 17462 19489 20118 24041 24505 24531 28915 32059 33532 33705 35979 37717 53294 57745 62050 71492 78573 167166
755 1804 1902 5370 6742 8826 11618 12912 18266 18815 20749 24490 24902 34013 39328 41308 45887 49506 52477 60290 85244 92669 94342 161545
588 2102 3237 6805 9469 10984 11126 14531 16245 17496 23548 24192 24344 28951 32741 38181 38855 49131 61569 66863 68335 76928 84453 124275
599 2636 2694 2970 4585 4764 5955 10569 11778 14099 20333 23689 26444 27450 29245 31120 36302 46157 66845 69008 72835 79405 105711 122269
305 593 1168 3019 4860 7104 9654 10043 12018 13653 16218 17592 18263 19809 22744 29195 47278 48051 48494 51318 61865 67308 90852 244408
495 573 694 4250 17465 19703 20091 20831 23046 30235 31955 35260 40282 40469 45576 45627 47130 53874 56137 58577 61198 67608 69270 104372
1010 3140 7903 8025 8138 9320 10603 17160 23675 23730 26250 26652 28139 31903 35761 41235 41692 45753 57163 59297 63571 66330 94549 96001
101 280 3866 9213 12706 16851 18919 20415 22530 25085 25208 28003 31388 32122 33222 47401 51002 51932 62209 64613 73231 78563 87731 130651
1003 3668 7010 7851 8482 12094 14106 15977 19853 22183 22885 24183 27532 28749 28784 28974 32606 43084 43757 46396 60134 72403 83417 144388
1988 2891 7074 10263 10400 11810 13833 15715 17231 18237 21977 22580 25650 26136 28988 31270 37703 43267 45807 63895 69543 73470 117735 146635
606 2117 3635 4687 6185 8959 11204 13546 15769 17511 22233 23204 23945 25087 41022 48790 53663 54138 73466 76069 84256 94708 95758 105723
915 4081 4335 4569 5893 10655 10964 16713 17716 17797 21123 24428 24567 24668 25333 29969 42761 49890 58783 85992 96324 97148 118098 119324
1362 1920 6812 9178 12455 14161 16561 20467 22278 24013 28020 28900 30365 31674 31775 32670 35368 41660 49141 58076 59944 75327 80292 84767
556 560 726 2479 2576 3110 3235 4405 5908 9089 9997 12090 17370 20566 31679 45182 50640 50774 64065 70006 70415 82123 93737 203890
1373 2534 2813 3231 4013 4822 8450 9965 10327 18596 23259 24591 25898 29069 34008 37153 39172 39523 45945 66118 69727 72048 149426 159349
368 3273 3745 5264 5701 5757 11766 13408 13464 17628 17737 23836 23927 27412 30004 34113 34305 43680 45288 49026 59526 102261 126623 141400
