1000 39 34
763 1104 2130 5295 6322 7314 7512 8502 8704 9008 9156 12328 16798 19056 21778 22359 23524 23622 24184 26368 28271 36033 36164 43569 43691 44702 45059 48143 56488 63613 64793 67395 79811 82107
34 1150 2337 2691 3565 5120 7240 8821 13053 13503 15594 17218 19908 19930 21726 22150 23358 24598 24682 26601 27032 31697 33521 33659 35481 36317 45259 46909 48947 53856 55121 69587 80422 124699
403 1156 1423 3795 3902 4050 4409 6040 6553 6769 8278 9338 10948 13668 14430 15562 17390 20044 20310 23473 28933 30793 32923 33021 33257 38081 42254 49299 61656 62685 85717 86567 98968 121857
656 709 5991 6526 8658 9270 9290 9623 10618 11423 12396 12615 12975 13980 14190 16263 18862 19649 20776 22104 23546 31959 39535 40138 40637 40883 43959 48701 49049 68576 80271 81352 83207 87466
1062 1078 2224 3627 3711 5470 6233 6288 6420 6994 8061 9689 10370 12813 14260 16936 20341 21103 22427 25342 27315 32325 37184 38445 41465 54132 56157 56269 60872 62243 66921 83504 84191 90413
394 3397 3550 3624 4557 5587 10124 10267 11180 11262 11639 12341 12373 17324 17367 17409 19261 19262 19889 23136 28949 29720 32708 34993 37147 46547 53918 54837 56594 58185 67334 80705 90203 91953
1515 2685 4139 5587 7827 8109 8258 9911 10456 14369 14808 15413 15955 16683 18240 23565 23745 23954 24587 25231 27256 30102 32231 32659 33624 36240 43640 43887 43986 48539 60789 81086 100585 106565
616 2899 3475 4451 5170 5547 6887 7392 8671 9993 10520 11839 12287 12659 12825 12899 16287 21031 22825 23412 28614 31999 32667 34225 36629 46743 50693 50766 58423 74058 77118 83554 85143 93290
362 552 624 2061 5233 5521 6437 6972 8848 9125 10196 12131 13933 13936 14288 16562 22280 24577 24646 25127 25640 25988 28946 29528 32120 36777 38580 42776 47528 48900 59571 62694 115939 177981
2632 7649 7733 8135 8156 8178 8518 10429 11129 11146 11328 11837 12765 13987 16339 17360 21523 23029 24216 24937 27104 30656 31003 35859 37574 40357 47773 48550 51643 57957 61605 70166 94376 99973
32 1333 3815 3818 4333 4795 6228 6656 6667 7433 8157 8551 10876 11247 12946 19384 23512 23659 25537 28097 28397 28968 30620 35592 37216 38926 48122 50427 56620 62938 63062 69990 104247 124086
79 646 2828 3625 5537 7596 7695 9253 9382 9556 9756 15156 16321 16473 17077 18590 20127 22217 24409 24843 24970 28631 29487 29664 30022 31790 31877 39412 41313 44006 55570 101452 124799 144230
2235 2956 5789 6337 6401 6589 8501 11036 11409 12514 13906 14740 15452 15981 20264 20534 24436 24932 27471 28014 28384 28464 32911 34036 36352 40612 41379 41443 42168 43987 60764 70135 76732 140740
863 3328 5171 5231 6913 7020 7141 7447 8155 8854 9923 10763 12288 14565 14640 15281 18134 25419 29246 31343 34005 35551 37901 38384 39687 40582 51333 52860 53047 57651 58100 59416 65502 130758
1692 1842 3217 5852 6355 7394 9560 10228 11881 12112 13478 16471 17157 17300 17738 18798 19708 20962 24296 24633 26932 31217 31330 35670 40534 41774 45619 48400 55869 60772 67226 67877 78559 105463
146 3314 3900 4271 5446 9871 10834 11582 11761 12326 12335 14648 15118 15741 15798 18867 19493 21562 23309 29860 32434 36558 38781 39410 43867 44921 46433 50261 55480 55702 67411 73147 74083 79255
748 1027 1103 2065 2245 3839 4033 4121 5054 5464 5482 5575 6847 7250 10429 13085 16347 18910 20303 20588 20659 21255 21426 29754 34503 39558 39604 47402 49217 49626 63808 84169 132367 208896
456 1816 2154 3083 3815 3929 5701 5853 6590 7845 13313 15066 15637 15653 17593 18586 18951 24538 25420 33114 35894 36243 39996 41770 42230 46111 49489 49697 62051 63588 64603 74435 75687 77416
113 1629 3556 3688 3847 4775 7936 10423 10803 11629 11847 15193 16288 17264 17343 17392 20177 20214 21397 26225 28565 30372 32733 35045 36610 39325 43899 45853 54243 57164 67738 90988 92844 100459
858 1313 3133 5256 7546 8645 9274 9319 9667 10330 14531 18249 20119 20387 23195 23935 24637 25866 27626 29585 30894 40572 41958 42282 45200 46085 47296 47710 53313 54243 54312 55680 65772 77082
479 1367 1954 5050 5603 5702 10452 10517 10973 11879 14192 15160 15817 16439 17294 22277 24700 26374 27501 27704 30227 31611 31720 34182 39642 40770 44007 44121 49542 57462 57644 60662 84971 119770
171 1560 1699 2739 4219 4265 6099 6206 9396 10230 10410 11852 13699 15928 19589 19977 20805 22055 26844 28370 28946 30331 35871 42658 45310 50625 51139 55737 57512 63375 63489 65231 84183 87829
640 1763 2460 2639 2769 6204 6413 7332 8650 9077 13725 15263 15696 16159 17329 17564 20946 21131 22153 31883 38715 40113 41410 42270 42432 42523 43396 49676 51849 57661 62710 70230 83006 91156
478 2407 2763 2935 3443 4292 4367 5234 10923 12210 13573 15795 16869 17940 18297 19534 20378 22589 25331 29312 31505 34584 34834 37620 38931 40077 45663 52771 55703 65320 67190 68603 80734 93697
122 1385 3465 5195 6110 7204 7268 8459 12498 13283 14178 14747 16042 17496 21636 22080 22448 24118 26277 30641 32302 35852 36525 37436 38687 43953 49063 54408 58399 59052 61885 63052 67831 84701
1598 1678 2084 2236 2897 3308 4108 5588 6972 7425 8479 8547 10437 13186 14085 14548 15348 20187 20268 30008 31849 32141 34009 39631 43716 45696 45863 47641 56613 58636 59238 61375 66553 182515
1774 1984 3700 4795 5716 6467 7745 9213 9956 10664 11386 13763 16546 16775 17851 19325 20730 20860 21803 24895 25389 31546 33546 40552 40695 44548 45656 46589 50524 65122 69736 74054 84955 97900
830 1812 2149 2361 3687 4019 5117 5738 5997 6277 9560 10275 11649 12001 12319 12697 20550 21955 24106 24960 28094 32928 33433 38823 39464 44472 47472 48149 57992 67093 67176 94910 98542 100807
578 681 3709 4884 5309 6106 6279 8991 11077 11599 12196 14055 16473 16567 17375 20077 21959 25406 26389 30125 33266 35078 37132 37135 38270 39496 43073 45052 51428 51997 60830 68403 81346 114044
390 1452 2942 4300 6330 7440 8737 9021 12311 15318 16044 16645 17424 19697 23394 25358 25593 28160 28338 29091 30195 33518 33779 33845 33945 37679 43111 43123 43363 50379 53901 64002 70408 128853
1404 1654 2809 3288 5428 5676 8278 10431 10769 11776 12150 13981 14583 14633 16299 16647 19477 19733 22505 25599 27066 28837 33878 34044 37075 40375 42537 43771 63218 63673 69408 70249 90811 114628
126 349 351 532 1084 2582 3051 3664 6178 7858 11073 14603 16593 17561 17956 18690 27028 29332 29343 29496 31624 34333 34408 41243 49665 49872 52549 52860 54470 54754 67365 70247 75322 92333
347 681 2169 2386 2980 3425 3501 4703 6537 8703 10978 11827 12926 15971 17115 19089 25645 26436 26559 29505 30066 30179 34229 38955 48213 48942 50624 51927 53155 53734 58731 78830 85233 102403
310 501 639 659 1163 1832 4160 5609 6253 6521 6854 7148 7580 9220 9312 16089 16618 18594 19778 20550 20887 24413 26260 38543 42739 42904 43320 46804 51262 65128 66989 83658 130665 152858
686 1447 1788 2557 3923 5004 5687 7602 7676 8767 9628 10607 11218 12408 13604 18119 19951 20072 23397 23466 25275 25692 28995 31924 34327 34421 40925 41377 45763 69888 70296 79740 105823 156376
1578 1597 2980 4070 5522 5645 5851 6316 7344 10374 10428 11294 11587 12182 14775 15883 18640 19957 19984 22436 23431 24359 24618 30797 32078 32688 34972 48792 54146 54277 79814 104944 117123 126581
525 1512 1744 3538 4092 5297 5442 6693 8418 9160 9433 13713 14974 16245 16639 17228 19127 20360 22208 24009 24913 25606 26744 28358 29572 30162 33147 34744 55306 58436 64846 73688 87015 204440
1030 1469 4169 7765 8485 9976 12072 12511 13399 13475 14255 14530 14701 15812 17286 17598 18291 25611 25705 29902 30109 31392 31597 31633 34320 36250 44004 45384 46499 54949 75340 81049 81718 95294
318 689 3813 6693 7465 8548 9763 10686 11864 12344 12497 12693 16994 19118 21587 21882 22600 23038 26523 28092 28588 33984 34249 34616 35458 36022 37036 39237 41508 53074 59732 83083 88093 114450
