1000 49 25
51 3236 3281 5579 7535 9619 9703 12338 17829 25753 26372 28886 29761 33869 33887 40696 41278 44592 45411 52550 53699 55182 64476 119521 146953
560 2363 3078 5362 6729 6864 8557 8769 10831 11844 16626 19283 25910 27449 32519 33849 38599 38832 47440 55437 76224 88440 88442 107278 138463
2301 3205 4053 5807 6991 8145 8145 8306 9180 15004 17491 18161 18533 21540 26641 28534 37010 37720 42633 53143 59896 77583 89189 113314 131450
1685 5572 6951 7766 7961 11348 12579 12924 13088 13277 14864 17680 24248 26050 30607 41625 44637 44682 52633 65534 70995 71487 87914 112917 143015
320 801 4610 4885 6211 8242 9242 15900 16842 25158 25515 25541 31791 33301 39537 40306 46664 54874 59822 62999 64247 64458 82784 92125 115651
822 1145 3703 5582 7680 7733 7831 8317 8500 13398 14263 16278 18242 18668 20229 23741 23967 39833 47388 75462 81324 81865 83161 94201 178169
1849 4186 4323 7487 10293 13329 13886 14460 21021 23535 25257 27073 29403 30154 35565 36296 38130 40532 43165 49477 63601 87780 87906 91586 130055
2941 4820 5907 6247 6356 7222 7757 10577 16828 19399 22265 22617 24522 26057 28962 29230 31884 33080 42987 45742 46381 49901 113265 113661 139205
821 1350 1663 5798 6290 7990 8729 9134 9473 14951 16335 17806 18361 24104 26990 28071 31414 31682 47237 52040 52884 56788 77115 129916 181896
3052 3061 5017 6481 6826 9798 10388 10665 12892 16274 18846 22373 24340 25011 26445 36626 37278 43525 44349 48856 60710 73337 104260 110581 134770
681 1072 3670 4705 8246 9815 10790 12573 18605 18966 22069 23350 31051 38200 46132 47582 48618 53170 55919 60303 66105 73380 77682 83003 92398
237 639 1943 3360 4474 8405 8996 9374 12068 15803 16509 28797 29866 31228 33937 39354 47435 52613 57664 71506 74556 78797 81034 96995 103655
3188 4236 6576 8437 8915 12278 13761 17197 19049 20366 25519 27220 29915 30195 30306 40334 42008 45510 55243 55533 75334 77247 82477 83429 99336
3091 5071 5757 7246 9326 12490 13177 13697 15505 19152 19989 21124 25646 27008 28007 29169 35873 38764 38782 57042 63872 77199 78487 88060 147551
2856 5053 7296 8287 8317 10752 11466 11500 11855 12613 22755 23996 25659 26310 27519 29141 39790 43141 47611 55787 73967 82541 97179 104302 109207
2642 3575 4692 5283 5936 6403 12592 13399 13591 15753 19843 24925 26200 30603 35218 38600 50549 52064 56756 66331 67552 68979 87331 106429 118275
221 1459 5011 7519 7981 11209 11543 12480 27344 28067 32630 35267 35580 40751 42244 43844 45849 45879 51219 53266 55267 55964 61172 72026 113307
1114 1754 6410 6427 7138 7299 11338 11511 12537 12919 26634 30434 31927 33427 34922 37007 42537 45710 46106 48393 54952 64262 106831 115400 124231
1206 1300 3129 3811 5146 6352 7353 7856 10820 15234 16739 18346 19898 28172 34217 34532 40946 56242 59535 60143 70806 70999 86168 90783 100339
380 1603 1692 1741 3127 4454 4901 5382 8856 9833 17695 17965 22068 34015 37808 38874 39796 55824 63980 68123 69009 87932 89692 97395 156523
2855 3035 5124 7011 9218 11066 14016 17686 18410 20854 23865 23899 24209 25469 27749 30146 49909 54507 57041 65069 67441 70181 73929 82060 92965
218 649 5891 9008 9555 10765 11863 15214 16078 16297 16429 20222 23059 32419 36375 36649 40661 42260 50178 57205 57745 60333 71310 85636 134926
585 989 3356 3829 6103 7596 11734 12281 17938 18391 19461 21251 22650 22866 27186 28859 30075 40409 40769 46436 47036 84364 90432 120501 179497
602 1423 2482 3506 3826 9249 9927 10662 11272 11538 19961 25019 28307 29725 44433 44867 45320 51531 53453 54728 54985 74256 86153 96144 119871
933 2599 2990 5360 5708 7750 7999 9364 12456 12497 18977 18985 21261 22235 26931 27609 43912 52321 60474 64695 72958 75346 94507 110091 114282
1807 2377 4237 4546 12669 13878 16900 17968 18819 19311 23776 25514 26147 30091 30555 36382 36607 39958 55115 62692 73397 77416 84815 104822 115674
846 973 1852 2697 3831 5518 10023 11287 12306 13411 14966 15305 18716 25444 33497 33897 41316 42827 44078 54215 55188 57853 63942 109478 196758
5903 6032 6720 6942 7226 13416 13739 14741 16421 17314 17359 19337 19957 22038 33238 33344 38118 40241 52744 54009 55979 76958 87616 90439 129758
1007 1832 3766 3954 7659 8166 8528 10605 12517 12660 14746 20369 24678 26536 36366 37482 41854 42236 45118 45494 50645 60250 62801 118002 148504
247 2172 3866 4985 5121 5471 5871 8064 8193 8724 17626 21083 21410 26428 27173 41045 43145 44649 55250 55315 58150 71537 91233 130607 139934
574 885 1420 5096 5440 5735 5776 8045 14211 16476 24483 28433 32382 33935 34127 35206 43957 44080 51029 54364 74421 78968 80419 91953 101088
3200 3990 4327 5872 8047 8980 9012 10051 10122 14266 16782 21169 25738 29969 32116 39286 40634 49076 55431 75267 78026 81855 85118 88706 97927
1188 1843 2122 6151 7232 8543 10163 10464 13356 14686 18698 24477 25004 25980 37346 39505 40929 42447 52661 60239 71017 73563 93134 120351 120464
75 3389 3620 3718 4574 5689 11029 11694 12137 17718 18606 23037 26781 26915 29817 37966 44828 45640 48040 49042 49736 58773 67673 68251 195719
354 2227 2924 4356 4979 9283 10052 14135 14443 14764 15752 15810 16912 19818 35276 43538 44584 48403 48426 56147 57609 82949 102065 110530 163306
181 2928 2951 7840 8594 9785 10218 12368 13358 27389 30027 32155 33268 34847 35219 36808 38755 44854 45426 49164 59743 59810 62316 102080 131894
3926 4850 5616 6161 9444 12391 13966 14806 17598 18175 23836 27661 29582 34075 35829 36022 42171 53927 61424 68393 70964 71143 74856 77133 94809
2922 3137 3667 4532 6377 11556 12367 16620 20539 21781 25468 29061 30525 31121 32485 35206 42200 51228 51588 58531 71869 72241 79824 83677 94298
4738 6034 8124 11775 13868 14170 14692 15290 16785 17447 23113 23285 30946 31350 32698 33053 34450 35052 42986 52866 54067 55630 62152 129516 144577
1098 2724 5733 6566 11647 11981 13216 13902 16337 18726 19106 22703 22957 31236 38503 40047 40711 45604 50281 55149 60984 67403 74636 93542 168112
309 688 3489 3577 4456 6633 7922 10417 10984 15112 15864 19754 21619 30989 36250 38686 43089 52368 63844 64416 68000 85410 91423 92276 116397
2174 3629 4045 5461 7118 7636 13497 16063 18132 18146 19675 24185 26027 29575 30712 43959 47229 53432 58549 61198 63608 64162 72820 94097 133399
108 3678 3747 5875 7407 7561 7756 10886 10902 14276 15843 16940 18277 19715 31420 35340 36081 36332 42072 42562 42765 43289 103196 139802 155760
2675 5989 10089 12663 14869 18210 19271 19335 19792 22762 23723 23960 25454 25532 25802 28384 28780 35598 47688 48854 52034 55285 74947 87194 132791
685 6784 10927 11365 13612 13662 16299 17752 18389 19019 21200 21330 31418 31854 32179 41976 44263 44756 48798 55008 60194 65716 70332 96740 103582
1443 1485 1621 4067 4310 4526 5064 9762 15420 15642 22408 22961 25733 29542 30907 42264 42545 45111 48538 49838 70025 83807 87397 94550 105881
636 4910 6320 7194 7715 7857 8053 8550 14533 14577 17389 17962 20186 20198 26235 30214 39738 51803 52396 58358 62365 76575 89075 130410 167684
541 925 1163 1452 2870 3557 8450 9607 10913 15242 20191 24121 27002 27621 28393 34818 43678 49782 52402 66791 70904 81121 87715 108741 112203
950 1210 2492 3392 3926 6285 8012 9295 10987 13087 13540 14989 25993 27860 30930 32796 32950 36531 60371 66775 77431 91512 92677 97328 185772
