1000 49 46
178 1254 1978 2299 4458 4988 5034 5536 6331 7256 7586 9027 9156 9470 9777 10157 10436 10643 10714 12481 12915 12976 13767 14566 15351 18770 18906 21388 21869 22264 22788 24023 24874 28292 30672 30815 36039 36711 38871 42343 48949 51132 54187 59495 70924 75125
468 786 1000 1669 1937 2191 3479 3500 3549 4373 4624 5278 5631 6938 7370 7657 7685 7693 11605 13722 16358 17642 18236 18585 19032 19947 20993 24126 26476 27472 27946 28929 31135 31506 31685 32221 35064 37841 37873 38503 44235 44511 45147 47262 67096 95594
673 678 890 1254 2059 2106 2220 3361 3737 4391 4709 5602 5910 7007 7859 7932 9327 10144 11054 11507 11747 11946 12070 15035 18554 19943 22268 23108 23461 24967 25799 26721 28392 28849 29158 30013 35290 39069 41458 47525 53500 53902 54349 60801 61763 82588
338 660 798 929 1663 5329 5425 5692 6027 7270 9013 9163 9827 11496 12310 12518 13486 13533 13671 13713 15550 16001 16486 16892 17069 18603 19327 21807 21974 23266 23709 24926 26977 28558 29091 29224 35396 36993 38249 40255 44020 48934 53328 53332 67053 67414
216 546 1757 2560 3596 3713 3836 4081 4496 4779 5582 6524 7265 7575 8967 9445 11108 11344 12453 12783 13812 14452 14515 17417 17949 18624 18871 19610 19925 19954 20724 21804 24056 24191 25283 28838 29807 32921 34673 34733 48194 54659 69993 74628 75121 90394
579 1910 2982 3231 3292 3820 3824 4070 4180 4371 4408 4800 6197 6598 6639 6948 7414 10559 11058 11391 14053 18117 19452 19532 22015 22756 22948 22967 23965 24808 25272 28323 29225 30481 34225 34407 34966 39318 41252 41297 41745 46180 49357 53729 57940 84202
245 705 806 955 1041 1052 1314 1357 1661 2279 2541 3243 3636 4293 7400 10423 11164 11777 11918 12020 12820 13334 13682 14654 17659 18255 19585 20836 21460 22904 26275 27723 28291 30255 33466 33848 35515 36255 38861 39225 44889 45822 49340 63740 77599 109542
496 830 1672 2002 2031 2648 3028 4219 4253 4342 4600 4652 5569 5781 7695 9245 9601 9605 10393 11499 12365 12815 13864 14362 14606 15432 18052 20545 21541 22322 22839 24016 25363 31311 31367 31900 39003 43005 43032 48316 48861 56026 60070 62974 76781 78013
46 83 420 760 1161 1644 1679 1708 1843 2302 3675 3901 4397 5583 5656 6846 7841 8667 11415 12061 12151 14089 14845 16136 16964 17409 17920 19008 21491 22118 23080 24163 24891 27227 29967 30462 31745 34028 34512 35960 45170 45375 62016 74733 79150 130273
436 800 854 1006 1582 1790 2113 3144 3338 4345 4465 4670 4761 4862 4932 5206 5818 6917 7820 8921 10617 11808 12110 12786 14785 14926 15138 17682 18388 19447 19898 20811 24201 28275 32518 34683 34980 36996 41718 46282 49410 59961 62057 85382 90464 92418
518 1292 1864 2120 6044 7452 8482 8820 9384 9775 9984 12528 13073 13330 13993 14446 15104 15815 16454 18096 19789 19797 20940 21011 21150 21528 21894 21898 22624 25355 25930 26813 28696 29446 30477 30508 30873 32832 32944 33860 34157 40271 43608 45800 52347 58524
25 254 869 1647 2760 4242 5347 5604 5798 6147 6231 6409 7150 7743 9198 10257 10603 10847 12829 13597 13781 13976 14736 16369 18900 20110 20635 21104 22972 26486 28338 28762 30245 33313 33379 34671 35201 36574 43982 44238 47692 49213 50181 57990 59894 63065
242 480 861 1114 1164 1649 2477 2614 2990 3658 4975 5241 5253 6541 6571 6711 7412 7714 7888 7924 8491 9256 10574 10673 13410 15441 16417 17552 17792 19744 21757 24788 27294 31839 33226 34331 35684 38324 40100 45977 50932 55905 62939 65341 75147 125503
196 436 946 1014 4198 4470 4847 5011 5191 5678 5802 6265 6453 6642 7992 8957 9790 9790 10290 12843 13091 13254 13651 16446 16753 18888 19244 20359 25116 25835 26754 30011 30265 31566 32590 33728 34794 36806 37815 39721 48180 48860 57065 63327 66627 70768
861 1425 1561 2287 2472 3045 3349 3876 3912 4081 4889 5417 5777 5821 6184 6369 6999 7356 7714 8117 12225 12270 12577 13215 13760 15443 15728 17014 18022 19164 19778 21725 22845 24918 24962 31851 35088 37833 37940 44581 46461 48552 55310 66120 105998 123677
260 472 645 1020 1223 1648 1862 2225 2260 2872 2888 2954 4377 4477 4755 5022 5106 5710 5863 8222 8849 11510 12220 15672 16387 17289 18250 19752 19778 21247 22385 24374 26507 26552 27716 32651 38594 43196 45948 48970 50702 56612 60951 61418 90127 112997
309 697 1371 2281 2439 3160 3278 3741 5696 6085 6593 8307 9815 10213 10981 11502 11795 13621 14093 15077 16564 17383 17543 18427 19466 19884 21359 21771 22262 23129 23584 25098 25112 27653 28056 29818 31320 31725 36528 41473 43171 43465 46788 57379 77472 83436
951 1089 1275 1983 2222 2718 3070 3324 4202 4494 5401 5765 7000 7069 7527 8137 8460 9166 9869 11038 11629 11633 11986 12244 13800 14393 16845 16889 20226 20573 23487 28663 28763 28831 31012 32773 33381 38463 41246 44484 45163 51793 53200 74995 83337 98440
199 297 451 737 797 1020 4587 5540 6135 7051 7169 7905 8400 9014 9491 11060 11136 12940 12943 13203 15306 15384 15755 15796 19970 20735 20808 21886 23576 26636 26998 27180 27476 27767 27821 28032 28457 33721 33978 34052 41067 52055 56571 59865 75101 82554
3 935 1160 1557 1925 2625 2881 3364 3506 3702 4036 4166 4731 9060 9395 10691 12996 15279 16239 16403 18157 18609 18650 21557 21853 22680 23165 24144 27834 28134 29679 30352 30788 31085 31229 33860 35492 35823 35878 37522 38755 43346 50670 52502 57078 66665
45 491 521 1107 1351 1877 2644 3305 3671 4717 5140 5305 6904 6930 7393 8568 8874 9018 10751 11713 12777 13440 13535 14102 14996 15105 16323 16937 17921 18265 19561 20282 20717 23982 24356 30246 30944 32083 34122 36237 49589 50663 52460 56822 101633 152151
138 1790 2113 2162 2381 2471 3598 3776 4055 4769 4962 7640 8425 9285 9301 9579 9629 10083 10397 11235 13452 13936 13978 14340 14999 15108 15818 16581 16602 20329 22319 23142 23730 25685 27370 33513 37592 37809 40787 44759 48413 53904 54033 58401 82733 102458
1 527 1141 1617 1991 2609 2964 5094 6819 8265 8517 8679 9728 10340 10685 10837 11522 11785 12617 13355 13884 14202 14614 15187 15658 16040 18132 19881 19921 21527 25102 26562 26788 30122 32263 33243 34192 35481 38566 40250 41085 45296 53874 54040 66558 94397
238 372 1086 1232 1992 2081 2175 2772 3384 3426 3620 5385 5446 7038 7213 7684 8350 8717 8757 8809 8830 8989 9309 9721 11052 12255 14607 15951 19141 19736 22470 23856 27138 27358 28107 30319 31522 40120 43375 43648 45999 69418 70236 80489 83932 100922
345 586 2592 2680 3077 3799 4385 6157 7785 8408 9287 9499 10281 11503 13121 13544 13899 14992 15286 16253 16498 16879 17519 18611 18631 19337 20206 22422 22461 23736 25077 26594 26955 27310 30836 31958 36955 38137 41770 44334 44467 44535 44888 46374 47425 70123
6 780 790 1304 1395 1726 1745 2579 3086 3928 4491 4942 5442 8094 8117 8807 9604 10562 11474 13352 13478 13521 13630 14466 14891 20791 22445 22857 23410 23499 24375 24479 25204 26177 27556 28814 30020 31838 32854 40370 40781 40791 51422 57009 79605 140461
789 1088 1561 2127 2587 2795 3077 3309 3846 3920 3953 4476 4714 5108 5277 5465 8619 10054 10979 11273 11441 12014 12150 12912 15466 15933 15987 16413 18479 19172 20201 27528 29526 30547 31805 32842 34649 39749 40121 43979 50576 52662 57776 72224 73811 102301
374 683 1213 2185 2248 2276 2445 2772 2880 3907 4708 4858 4988 5640 8376 9822 10016 13868 14561 14770 16842 17030 17068 17368 19946 20143 20310 21427 22749 24609 26312 26577 26815 30352 30793 31225 33439 34163 36356 40029 40542 44514 44859 54360 59118 124347
116 326 823 1054 1577 1695 2335 2380 3842 3975 6360 6583 6793 7438 7564 10170 12173 12879 15314 17125 17335 18118 19157 19469 20818 20890 20896 20967 21424 21924 22846 25863 27578 33279 33915 35594 36323 38123 40085 40764 44902 47067 52536 57615 58045 74123
207 209 496 987 996 1068 1928 2029 2817 3322 3419 3886 3891 3992 5478 6848 7113 7202 7655 7727 7854 8515 9431 9805 10507 12805 12923 13483 13860 14123 17581 19601 27203 27227 29784 34024 38504 42650 44623 44857 49860 51911 62235 99715 104238 113162
2384 3242 3460 3744 3974 4538 4743 5036 6122 6304 6939 7208 7208 7293 7936 9833 9843 10829 11415 11585 14451 15828 16147 16596 18227 19878 19880 22163 22333 22726 22817 23422 26128 29356 30597 31390 32887 37043 38916 41022 45252 45342 49271 55965 57147 100595
770 931 1010 1271 2508 2615 5650 5964 6114 6115 6607 7013 7350 8539 8686 9734 9930 11060 11324 11930 14621 14759 16460 16543 18297 19539 19946 20818 21862 24650 24994 25163 25448 26996 29968 32331 32699 37275 37797 41714 42465 44454 53932 55438 64630 102775
376 1095 1669 1875 1998 2158 2202 2521 2991 3038 4176 5227 5714 7793 10111 11219 11757 13004 13005 13182 13224 13747 14144 14233 14409 14498 14604 16311 18441 18488 22849 23446 26447 27632 30673 31593 35695 38431 38469 42354 46663 47533 68786 76195 84033 84172
307 325 1219 3861 4173 4267 4918 4959 5991 6011 6071 6709 6759 8513 9411 10014 10420 11536 13691 14224 14463 14983 15822 16497 18182 19809 20629 22045 22070 22545 24128 24138 24833 29412 30443 31134 33786 36292 40249 44056 45644 49623 52951 57401 57995 84683
697 1006 1261 2066 2327 2422 3572 3820 4525 4890 4930 5388 5803 7088 7155 7258 7468 7700 8238 11298 13157 13637 14107 17882 18196 19080 23071 23599 26218 27969 29666 31650 33534 34627 34643 35362 35660 36225 36964 40652 44678 47465 48005 51901 67269 86807
3 786 1067 1164 1336 2006 3116 3563 4538 4645 4857 5985 6226 6834 7806 9331 9632 10579 11297 11439 13589 15864 15939 16553 16891 17497 17711 18441 19403 19503 20080 20659 23811 24709 24790 28224 29455 32683 38399 42039 45478 51257 51967 91885 92595 96492
81 1026 1510 2402 2500 2626 4004 4533 4592 4755 5408 6253 7356 9370 9489 10534 10645 10676 10781 11193 11576 12591 13767 15248 16371 19431 21516 24796 25964 26109 28892 29476 29562 30249 31330 34643 35886 36105 39008 39470 46253 48823 49030 53883 66419 87290
144 538 1138 1297 1827 3763 4179 4691 4959 4979 5302 5611 5833 6772 7029 7249 7694 7744 8618 9707 9742 10816 11385 11642 13944 14433 15367 15531 15635 19151 20664 22389 22826 23486 27592 30910 32392 32600 34817 45284 48368 51147 64199 77016 93080 129713
423 1860 2127 2174 2246 2429 2701 3101 4545 5562 5875 5880 6154 7035 7969 8731 11060 12051 13086 13297 16456 16820 17060 17864 17949 18336 19610 21272 21439 22569 23907 26266 28417 28875 29822 29946 31081 31505 31993 34577 40151 58634 60679 69441 75467 79744
550 613 972 1031 1633 1908 2395 2402 3487 3721 3954 4429 5894 6500 6528 7597 7961 8213 9004 9537 10491 11210 12458 13293 14119 15123 15547 15604 16534 17557 19391 21986 22926 24331 27888 28783 31935 32492 37693 38180 52466 59685 68194 76725 90110 127024
56 78 1723 1853 2657 3165 4096 5964 6451 6999 8388 8902 10020 10061 10210 10231 10600 11091 11391 11589 12102 13373 14692 15342 16530 20317 22516 23627 23856 23883 24994 25170 25419 25791 26770 31744 32914 39814 40004 40587 43410 45050 53030 60856 70933 77613
1308 1686 1890 3443 4017 4892 5961 6428 6622 6812 7877 8063 8815 8979 11669 11870 11872 12417 13314 14127 14488 16036 16174 16383 16513 17057 18012 19189 20958 23621 23827 24291 27628 27867 29704 30777 31912 34560 39420 40049 40310 48160 50581 54182 60634 96418
98 220 624 849 962 1728 2406 2563 2673 3089 3638 3712 3901 6308 7137 8913 9209 9496 9591 12007 12377 12457 13784 14276 15269 15376 15942 17499 18761 19893 19941 20821 22804 25012 30432 33118 34007 36827 37034 37956 43498 60131 64002 77319 84128 121701
114 219 382 947 1405 1528 1742 1970 2710 3234 3720 6657 8363 8403 10504 12774 13073 14935 15242 16168 16606 16832 17565 18757 20068 20150 23199 24211 24260 24603 25535 27515 27678 28487 29361 29632 30519 31272 35328 37390 43056 44211 48025 68898 72926 81384
410 842 2648 2794 3817 3898 3943 4158 4328 5557 5717 5981 6523 6645 6749 6795 8127 8690 9123 9305 9320 9497 9619 11306 11398 13582 14603 15402 16225 16375 23619 24437 25176 34617 34665 35737 36681 44961 45233 47939 49694 53916 60700 72386 80663 83240
438 1103 1943 2488 3811 4391 4819 5466 5732 5964 6136 6432 6812 7605 8184 9012 9118 10059 10693 12167 12468 12853 14123 15035 17793 18919 20321 22681 23081 23494 24797 25380 28324 29902 34708 34871 35186 35286 38975 50318 50998 53844 54172 60917 61113 64338
363 2337 2355 2490 2513 4173 4471 6000 6142 7276 7553 9285 9438 9890 11081 11147 11792 12122 13018 13040 13320 13462 14078 14791 16793 17916 18215 18542 18687 20057 20714 21728 25543 25700 28371 28782 31298 34707 35145 36991 42203 58084 58838 63062 74402 95715
1111 1249 1752 2146 2820 2877 2881 2919 3422 3675 4600 5319 5446 5825 5843 6613 8580 9085 9363 10289 13364 13891 14246 14484 15081 15160 15185 16463 18798 19359 21166 21527 23667 25071 27770 30942 33873 37350 37770 49376 56319 57110 64404 68880 80034 104540
631 996 2143 2534 2738 2741 4345 4949 5747 5830 5838 6300 6628 7865 8204 8307 9740 10912 11128 13285 13491 14436 14706 15170 15696 16840 17282 17635 17862 22468 24193 25644 25674 27199 28230 29771 33120 35425 40807 43866 44981 45835 48014 53330 58525 143372
