1000 14 43
242 391 584 848 920 2205 4262 4602 5097 7460 7747 8134 8700 10610 11131 11665 11844 12469 13037 13789 14582 14667 15338 16485 16638 20113 22466 25999 26745 27777 28873 30356 30694 31817 40384 41490 46540 46605 46941 47294 48785 56921 61021
638 769 772 1816 1840 3537 5173 5301 6046 6129 6392 6549 6672 7142 7275 7633 8637 8853 9778 10271 10800 13467 13495 14229 16445 17816 18284 19196 19391 22368 26159 35981 38371 38462 43255 47924 50241 51230 52821 54038 59533 60243 73418
718 1305 1756 2102 2208 2665 4901 5592 6634 8891 9555 9612 10410 11191 12189 12591 13461 14000 14314 14597 16412 16439 18399 18919 20179 21262 21847 22775 24006 24407 24711 25627 28724 31854 34673 37397 41769 42170 44231 45626 52195 61206 87257
161 304 361 607 1509 2001 2497 3536 3692 3844 10774 11310 11550 11653 12385 14020 15108 15352 15436 16886 18749 19156 19316 20685 21491 21522 23614 26478 26896 28748 29860 30373 30879 31472 32372 39834 43466 47639 47781 48601 54239 65130 70130
1513 2669 2737 2983 3216 4513 5062 7647 8150 9271 9397 9651 10569 11012 11168 11591 12135 13259 13627 15810 15972 16391 17539 17905 18548 19005 21925 22206 25344 27421 28020 28046 32762 32917 33246 34193 34915 37360 37702 40008 48644 63425 80731
903 1383 1863 2910 3211 3435 4684 4776 6447 6877 8787 9121 9461 9809 12275 13027 13914 14029 14264 15587 18942 19121 19842 20028 21677 21684 21743 24035 24872 25996 26246 29598 30069 30116 31087 31906 40807 42230 44262 52324 52874 81698 86200
29 35 93 500 959 1227 1551 3867 4697 5930 7107 7802 8068 8133 8345 8644 8665 9699 11213 12062 12644 16752 16996 17330 17343 17386 17409 22898 26052 26475 27042 27848 29118 29147 31294 35966 42266 46294 50705 55783 57699 98242 131250
1440 1690 1788 2828 4545 5000 5035 5118 6015 7317 7801 8009 8279 9187 10136 10406 10615 11883 12423 13103 13897 14817 15804 16701 16960 17005 18589 22296 23041 23054 24629 25727 26807 27201 27578 31075 32106 42268 45552 50876 59174 72130 100793
252 1224 2129 2222 3517 4202 4418 6033 6282 7659 7941 8314 9511 9600 9679 9846 11020 11167 12122 13136 14159 15543 17695 18100 19011 19890 20974 21536 22606 23051 25273 26494 27292 30070 32183 42374 43262 46350 48712 53703 66201 70704 89242
412 891 937 1647 1940 2207 2212 2285 3432 4434 4465 5094 5560 6665 7499 7573 7889 7945 7978 8407 9571 14171 14959 15098 15890 17615 18644 25301 26425 28340 28508 32998 33495 35945 37230 38177 38675 46836 46838 50212 57574 67190 102673
106 1595 1881 2983 3550 3970 4065 4741 5303 6704 6934 7208 7478 7577 8132 10770 12032 12176 12408 15689 18706 18889 19108 19553 20189 20406 22646 25937 26426 26960 27710 27963 28556 34137 38580 39819 39946 39950 40297 50021 50082 72720 86660
1224 1832 2463 2849 2973 4101 4192 4705 5128 5488 5592 5607 6918 7283 7939 8207 8938 11046 12101 12541 15012 18274 18993 20047 20362 24203 24422 27356 29269 30126 33760 34275 34777 35190 36078 36324 41773 44926 46047 56468 59343 65710 68640
1561 1782 2203 3534 4112 4141 4358 5621 6092 6352 6883 7295 8195 8609 10072 10467 10600 11534 11952 12675 14354 14922 17674 18842 19026 19514 21223 22139 23194 24956 28333 30371 31014 41319 43541 43564 45136 45584 48416 49566 51588 54048 85315
536 921 1275 2743 2904 3255 4282 5096 5209 5385 5785 6985 6986 7777 10327 11678 12412 13245 13337 14826 15158 15392 15457 15610 16818 17581 19804 19955 20456 20673 25663 26865 27717 33884 35759 40633 43467 44564 54579 55926 57618 74069 85753
