1000 37 39
108 1956 2067 2475 2833 3362 4654 6242 7332 7489 7683 9063 12643 13134 14523 16046 18034 18324 19130 19867 19913 21322 21941 22405 22894 23271 23740 24400 27453 27499 29940 29964 32870 36818 39262 60349 67196 78077 81889
309 2014 2324 3006 3559 4180 5069 5168 6991 7119 7139 7179 9091 10316 11208 11906 12774 12854 14181 16710 17743 19255 21682 21854 23695 25143 26500 27054 28581 31499 32004 35423 41009 43602 44026 52890 83912 99354 113600
2911 3716 3982 4126 4376 4501 4703 4994 5441 6182 7447 7805 8429 8712 9838 11511 13455 13467 14098 15661 15791 17339 18313 18786 20252 21357 27782 28867 28978 30510 37888 40474 43169 43711 50086 59750 64090 72142 102069
940 1331 1436 2519 2915 3484 4543 6113 6156 7208 7974 8126 8451 9594 10336 11893 12251 12309 12939 15573 16429 16970 17093 17882 20410 21564 26513 29020 32315 34109 36785 40659 44280 47786 48066 60705 65453 83414 86751
980 1276 2239 3280 3508 6582 7120 9035 9522 11399 11520 12588 12594 12643 13992 14931 15018 15814 16344 17454 18061 18548 18888 18957 20235 20787 21110 23035 26948 29112 36762 37549 40249 46140 50279 50869 51627 52978 106846
110 1154 1216 1690 1949 2092 3308 3505 3808 3961 4908 4939 6630 6904 8252 9156 10148 10236 12520 14242 15143 17524 20000 21609 25077 26235 26511 29655 31216 36414 41435 44107 44710 46444 47158 57650 70292 90462 93862
485 2344 3964 4261 4964 5888 6077 7131 8359 9372 9454 9561 9869 10446 10687 11461 11540 12089 12477 13003 14471 14876 16210 18370 18798 20659 22946 24696 26320 27341 29236 41304 49697 50011 55112 56733 64455 75118 76799
909 1140 2316 2942 3371 6978 8901 9744 11738 12297 12373 12597 13200 15029 15830 15868 16376 16837 19910 20636 22441 22476 22893 23012 25056 26584 29145 29775 30435 30759 34104 36766 36966 37093 43558 45480 61451 63925 65976
316 680 2701 2869 3441 3559 4040 5250 9704 10556 11755 12140 12762 12957 15904 15925 16155 16470 18130 18358 18643 18778 18882 20082 20664 24702 24745 28500 30076 31615 38030 38291 38885 42075 47781 50292 50582 51799 71184
482 873 2266 2277 3397 3425 3632 4449 5474 6552 6600 6628 9348 9478 9694 10169 12780 14498 16296 17063 17418 19189 23919 25158 26030 27856 28438 31009 35913 36434 37674 37913 38219 42645 45008 49512 50225 53723 90895
550 1065 1217 2131 2953 3507 3799 3925 4114 5101 7777 8203 8451 8790 8933 9964 13192 13847 13943 14212 14414 15069 16208 23549 24080 27744 27821 29896 34439 37862 39298 39741 47005 49192 54096 55222 59417 72187 87513
177 1261 1608 2260 4481 4729 6212 6662 8261 8959 9193 10609 10954 11610 12583 12685 12695 14223 14762 15302 15803 16289 16533 17819 19060 19582 22934 25925 26035 27251 28129 32725 35408 36708 38121 45004 61280 84684 113623
2 19 1161 1686 1701 2103 3282 4828 5818 6905 8176 8544 10586 11286 13867 15993 17449 19358 20379 21500 21772 22343 24046 24198 25212 26055 27389 27998 30616 31344 44209 45774 46385 47344 47888 51124 63108 67463 94229
899 961 1901 3392 3705 4885 5362 6428 6496 7273 8301 8968 9299 9910 15123 15861 16066 16386 18745 19073 19201 19417 19770 20301 23101 24289 26226 28008 29759 31671 32651 33487 39560 44500 47724 56651 57651 58968 69916
353 941 2981 3361 3648 4023 4048 5996 6140 6867 7715 7945 8426 8836 9909 10005 10772 12896 13918 14111 15738 20853 21642 23259 25460 28439 30988 34917 36714 40570 40721 43591 45366 47513 52650 67002 68098 69954 81176
890 900 1828 1998 2125 2130 3059 3169 3815 8074 8337 8363 8587 10049 10490 10635 14147 14805 15571 16799 17437 18069 21143 24519 27694 28508 29673 29721 31569 33111 36495 41368 43197 46380 50083 58617 60438 71424 108739
564 1153 1370 2360 4816 4838 5349 6497 6530 7245 7863 8000 9033 9468 11100 12801 14298 15601 16228 16404 17297 17767 18161 21563 21937 22247 22770 24646 24768 28319 32701 33821 35456 37843 39820 43010 72713 72926 102519
94 293 660 1594 1854 2600 3062 3786 7040 7116 7194 7795 8120 8268 10427 10635 11024 12155 12292 12803 13513 15657 18945 18988 23374 26611 32667 33775 34352 38086 39630 40649 41730 43343 44026 70408 75240 76614 87241
978 1531 2023 2957 2977 3654 4065 4541 4895 6215 6729 7178 7302 10266 11122 12202 12247 15510 15974 17393 17737 17844 17995 19501 19904 23096 24016 24459 25259 26291 28785 29347 32118 33295 44946 46620 80023 90751 113953
273 277 281 636 1213 3046 3225 3559 4657 5521 6028 7318 7869 8610 10553 12108 12595 15496 19458 21710 22085 22381 26565 27661 28049 29217 30846 33039 33673 37874 41031 41197 44126 44277 50258 55326 62572 76188 81176
1086 1295 2854 3169 3902 4711 6049 6924 7701 8403 8749 9021 9834 9891 10097 10544 11362 11738 13883 13989 14107 16124 16581 18075 18476 22116 25911 26465 27147 28714 36138 37360 45162 52816 55921 55956 84281 89705 108638
857 1062 1179 1249 1317 1850 3148 4158 4439 4666 4814 8220 8808 9570 11069 11114 11821 11963 13494 14172 16915 17298 17319 17906 20380 20984 22858 23676 23788 26253 38833 38833 39545 48681 57752 67256 71755 102668 104822
645 2037 2401 2837 3550 5063 6890 8255 10968 11403 11416 13168 14604 15360 15518 18056 18702 19095 22355 23004 24253 25210 26542 26780 28765 32719 33057 33600 33877 34112 35045 35545 35597 38732 39095 39213 41271 43788 46754
128 1012 1452 2731 3220 3257 3466 3559 4005 4184 8158 8388 10236 10486 13807 15794 16601 16892 17025 17250 17415 19717 21069 21232 22711 23971 26350 26712 27420 31107 31326 31356 36796 49882 55322 56265 59719 66467 91733
163 457 2391 4253 5477 6891 7027 7692 8457 9963 10790 11230 11562 11764 11907 14088 14893 16053 16445 17282 18081 18304 19495 20244 21529 21851 30482 30549 30990 31750 32608 32716 36071 41376 46815 47531 49949 53802 128069
285 1041 1480 2091 2671 2923 3075 6388 6756 7082 7201 7443 7678 9386 10377 10553 10754 12466 15406 15500 16841 17745 22263 23171 25095 25800 26210 28022 31934 34256 34976 38585 41504 53637 53833 56763 57418 76659 87386
302 419 430 668 687 1104 1790 2939 3792 4933 5444 6055 6630 6864 9242 9759 14823 14986 15325 16134 16351 17847 20922 24171 24281 24339 24557 27755 31820 39778 43885 46810 47279 47762 55115 67778 75790 91823 96728
242 471 580 958 1620 1764 4707 8222 8473 8725 10724 12801 13251 15566 17622 18002 18199 19231 21490 22451 22603 25347 26194 26230 28265 28619 29650 32153 32713 32999 34260 34671 34752 40882 41691 45906 56336 68613 71315
1368 1836 2478 2493 2957 3087 3472 4168 6193 6313 6395 6958 8202 8354 8454 8481 10157 11242 11844 13236 16545 17805 22486 24071 25209 26581 26819 29636 32099 34680 41151 42144 46355 53951 57454 62793 66994 72743 94149
105 512 638 2645 3910 4018 4302 6919 8076 8089 8278 8808 11405 11649 12000 14217 14538 15405 17019 17466 18392 18804 19590 20205 23034 23193 25540 29029 29857 30713 34766 41383 42849 43982 48209 50723 59422 59796 69774
989 1019 2374 2381 3178 4358 4533 5077 5233 5303 5833 6775 9372 9952 10733 12341 13388 14265 14990 16314 17006 17158 18964 19031 19763 19991 24835 24906 25481 33199 36106 37768 39484 48978 61403 61754 66432 70881 84186
589 909 1377 1549 1704 2424 2439 4213 4304 7397 7993 8286 8705 9028 10629 12122 13990 14326 15425 16773 16869 18009 20717 22562 23347 25453 25797 26218 29017 31066 36296 39164 40656 52838 57093 60010 60460 71135 94142
2751 2875 3119 3675 4456 4471 4521 4592 4682 4793 4833 7475 7777 8016 8113 8121 9208 10462 10755 13404 16000 17418 17570 23678 24299 26745 28802 29349 30242 35946 38277 46185 46786 48554 55347 59567 70250 81735 91786
1196 1804 2021 2759 3403 3532 5227 6089 6877 7104 7191 7264 7656 7842 8387 8399 9683 9723 11252 11754 12675 12932 14958 15100 16728 17140 19642 26702 26956 30471 32357 35426 44972 50431 51285 55109 63075 69567 142979
345 417 639 1006 1120 2038 3822 3845 4008 4102 4178 6800 7853 8101 8419 9576 9684 11264 11449 12604 14019 16073 17908 21961 22027 25758 26688 28272 29403 29967 41671 42871 44924 53545 53886 70174 72571 78466 92454
1040 1421 2156 2561 2816 2825 2841 3755 4529 4643 5055 5236 5442 8006 8223 12624 13120 14439 15034 15793 16060 16315 16982 18913 20894 23245 24668 25199 25212 33583 33894 36358 40101 45486 45968 49834 60691 91262 97466
476 1185 1263 2071 2925 3173 3247 4110 4540 4554 4791 5118 6698 7244 7278 10138 11788 12565 14646 17607 18152 19193 20417 20499 23306 27190 31591 33214 36152 37291 39017 44403 47164 48908 54332 56367 58628 64607 114254
