1000 26 24
108 5246 5317 10358 12533 13650 16503 18978 25651 27577 29587 36443 41480 44391 44747 47109 47521 51494 55076 65494 66670 76457 78290 150426
2127 2396 2611 4029 6645 11168 14472 20262 24348 25133 26675 28074 28861 31370 36424 38613 40666 46420 52564 74957 84421 88225 110242 152830
1288 5091 5597 6929 9716 10658 13672 16175 16199 16480 20499 24180 29217 30620 37266 39350 47511 48903 56976 68235 100677 105201 115703 130180
605 1845 2211 3266 3333 7424 8591 15707 16454 19845 20122 22457 23537 29572 36525 36740 38234 45844 66947 83926 85558 106073 141655 156378
707 776 4806 5291 7226 12433 15499 16511 19552 20832 23974 25513 29281 33126 44559 45786 46896 48993 49357 63918 93374 104049 115332 144887
276 1964 2896 3819 4706 5521 7655 9814 10631 11009 11810 20830 24388 27571 28595 36534 38685 41180 48657 59241 92994 100338 129055 252051
1569 2442 3196 3947 5253 6389 9414 11570 18063 20063 21722 25465 26598 30256 31115 31771 33305 40855 61143 66213 92898 102205 126593 154086
531 2804 3630 6597 6857 9003 13051 14324 24006 29333 32375 34812 40667 43526 46215 48734 50937 54552 55951 60984 62764 69701 80282 181347
466 948 3717 4659 4840 6284 10684 17486 18447 22614 24760 26361 28475 33617 33687 35331 38849 44349 48190 58824 60003 88713 153401 194586
4536 5411 7623 8928 9232 11724 16584 18434 27572 30256 33945 36021 39098 40018 40771 42814 47190 50354 56293 64150 67560 75349 77571 113996
1483 3031 5520 6878 6884 9091 9457 10485 12670 13008 13174 14261 19240 29045 38696 44796 52750 66505 67427 71293 75058 90221 135562 158656
2494 2729 2825 7850 8665 9158 10796 15126 15136 16187 17594 19413 20413 37622 38746 40202 48215 48931 58904 71877 75978 108788 136530 139655
286 607 3023 3040 18845 19257 19349 23063 24224 25718 27621 28987 33720 38584 39827 40130 42705 44403 44940 52036 67220 96528 124311 125990
56 2563 3104 6541 7776 8694 10354 11993 20661 24186 24299 26792 29686 32641 36546 36994 44860 49907 55110 64984 77044 91008 123339 160422
71 1878 2516 4045 5435 6460 15090 16411 16692 18189 19657 32532 43663 48715 59287 60441 61527 62554 62600 72642 76874 77258 96048 104262
2059 2577 4107 15322 16762 17015 17914 22714 23686 24750 25178 26157 29898 41511 42603 48517 52319 60336 65456 71792 75765 77673 95207 105644
1305 4966 12361 13939 15057 15714 15859 20343 21122 23731 24666 26932 33803 36428 40552 47961 48308 48524 55107 55553 56456 75379 119876 130512
1021 1510 7265 8002 14582 15509 15730 21959 25925 30520 31517 33098 40745 42835 46325 49955 49991 52381 56174 57342 59350 88120 93552 105030
1115 2503 3068 3160 4827 4933 8195 9793 12001 21351 26953 29801 34798 38871 40605 42044 53475 55196 66487 75889 88286 92131 98557 142850
440 3258 6176 6746 10268 10305 16870 17213 17636 20922 21801 23694 25681 27436 32805 33038 36668 42570 54092 61164 65647 119212 121885 182133
1081 11201 12255 13013 13908 14529 17544 18655 22944 23556 23683 28701 33799 34074 34384 45425 46430 53180 60745 61322 76978 82066 89246 107984
999 1231 4213 6142 6972 10050 11448 12090 12848 13065 18011 21451 24465 31650 40134 51040 52955 63601 67246 73603 93594 94706 95973 147518
2024 7562 12587 13282 15267 15730 17517 17625 23805 24218 24695 26004 26541 32269 33094 37370 42606 46950 51959 67547 76781 79117 108347 134277
1755 2541 3903 5660 6623 7054 7560 8547 8917 10603 11086 12752 18683 23710 23713 26830 41604 45167 51913 53540 79136 80470 157601 272275
1137 1608 1998 2547 3952 6784 7427 14672 18017 31602 33663 37249 38258 45079 48956 50536 51989 53063 58008 58410 67094 74445 102600 133493
734 1082 4398 6791 7567 7808 11343 11553 14469 25659 29780 30029 34162 35002 36683 39057 43444 48127 59381 77985 79082 92707 101311 169823
