1000 35 13
4319 21338 23236 27682 29783 39992 70830 74026 76227 79428 84272 103826 145127
3649 7522 11263 14844 17204 20304 22168 22214 37136 84867 108453 173755 176466
1449 7302 25567 29914 41262 45236 50081 55216 55665 79368 81022 126143 193861
2418 7914 16325 38941 47062 48946 64459 66999 67259 89087 96332 112555 141062
1311 11911 13738 20377 34974 44963 48797 51409 57678 61639 65626 94847 180267
3466 28116 35831 41199 41344 46231 48242 52242 60607 61391 84853 86016 196599
9665 10144 20525 34716 43286 47766 48009 51262 56200 80827 117522 122530 197575
7624 10058 10401 16419 23972 24222 42626 62813 66524 111334 111645 114840 137310
826 4224 17241 19527 26835 34798 55787 67473 67982 84446 102406 102994 272577
1364 7244 20031 21492 22995 29083 40407 43524 59868 92018 107567 121876 149593
2168 13158 14582 18430 26554 27876 31886 46120 65093 65990 97475 113492 227852
3185 8744 19350 28999 39205 42950 46191 50781 69678 70800 96657 112895 129513
213 4119 6558 11946 20637 32934 37748 55651 99412 119338 138816 138848 219718
900 4929 5594 23158 23629 23849 35164 66070 74519 79806 100812 141493 163902
10092 12002 20892 21211 23681 33373 35927 42042 51607 53112 122708 125134 140946
11315 14257 18537 26400 28707 41047 42112 44278 57123 93515 107614 160003 170844
89 13834 17635 17865 26412 28016 53145 83736 107558 117951 123399 126642 143305
1308 4465 7713 11339 22139 32575 36221 43336 49551 50338 100225 209273 210760
9053 9875 24973 25009 27270 35530 44728 64972 71651 76106 94133 113354 131894
2418 6550 8240 22631 33112 44861 46905 49645 61421 68064 84304 132560 220490
133 1584 16017 27360 31841 39302 49468 53397 81037 92032 104564 106278 121350
8000 8132 10287 11324 38344 42293 60976 73089 83233 111187 115559 144946 146945
984 8339 31007 35797 51063 53472 59580 66551 66750 69888 116033 134160 138022
1834 2082 6465 15379 27764 40686 46070 47650 52316 52675 91075 149385 191715
1797 3363 3646 14473 21933 26840 33083 41630 49538 56617 144972 150564 220711
5195 9967 12975 26493 35817 42376 44517 44897 45389 67569 110614 125333 150425
11527 32151 41024 50338 50382 52040 55263 66968 68815 70739 112559 113515 148896
1477 4223 11036 36913 51422 58353 58461 63442 64442 67963 81847 86622 118100
1386 11004 19563 28043 28501 34260 38806 47965 61085 103598 105478 132142 139008
398 10012 15004 30838 47721 49023 61499 63041 83423 90857 102227 105678 175684
6505 7657 13629 17725 23700 41414 42492 44670 53347 70216 79986 116541 316114
4216 9896 13630 27304 41176 51732 56375 70111 71947 78311 88113 104958 129232
191 7787 9039 10931 23188 26020 31318 47438 53023 75409 91273 151765 232446
6640 15633 22817 25179 26379 28939 33149 35884 51995 67657 77629 104132 239795
1308 9911 10192 12344 14597 24894 30970 45494 58994 63735 67891 107757 354086
