1000 49 48
318 1119 1405 2625 2825 2887 3153 4596 5084 6244 7198 7219 8497 9891 10718 10824 11503 11827 11996 12185 12258 12298 12817 14213 14555 16458 19187 19319 19594 20809 21372 22798 23097 25478 25805 27779 28013 29933 31647 33280 38655 40502 41079 45039 45437 51892 59254 64114
242 979 1597 2261 2370 4110 4295 4929 5785 6174 6700 7572 7783 8035 8226 8588 8697 9033 9473 10115 10585 11608 12036 13018 13050 15151 16439 16580 17364 17779 19794 25613 25781 26178 27175 28590 31719 31728 32652 35175 36282 38082 39659 41533 42389 43172 60787 86865
115 241 709 1093 1296 1347 1820 2738 2941 3075 3321 3385 3592 3690 6048 6133 6640 7448 8187 8776 8784 8801 9048 10396 12263 13596 15873 17996 19332 20744 20837 21027 22986 23373 23451 26837 29324 34062 36811 36849 38357 38918 52655 53204 59125 67433 78634 83497
315 468 672 790 1440 2637 2778 2999 3134 3706 3809 4510 4986 5286 6008 6684 7905 9174 9218 10446 11052 12227 12271 12295 13268 14064 15204 15237 16962 18160 18270 18440 18631 19105 21240 23391 23846 25097 27399 27690 28481 28495 33152 46033 51331 62527 105221 107436
214 381 942 1816 1960 2639 3404 3576 3662 4825 5840 6314 6419 7224 7351 8607 10360 11127 11627 13072 13602 13806 14697 15617 15626 16063 16215 17342 18128 19690 19901 20314 20353 23254 24382 24558 24819 26078 27488 30770 32653 36479 41125 46775 51239 60770 71718 99346
48 368 473 598 1296 1526 1891 2665 2807 2814 3611 3849 4088 4226 4774 6169 6333 6950 7511 7796 8242 8994 9530 11071 11229 12258 12485 15178 17492 17548 18241 18348 18545 18942 18972 20149 23113 23411 32967 35261 38887 41838 48976 54975 57491 61959 88224 94077
351 664 1406 1489 1594 2312 2592 2926 3108 3655 3902 4359 5020 5182 5339 5352 8565 8665 9695 9698 10559 13918 15922 16161 16264 16755 16813 17578 18116 18900 19646 21012 21144 21856 23689 25673 26204 26797 27348 29172 29468 31748 34979 54340 72602 79169 84123 88166
66 1165 1519 1848 2016 2093 2369 2990 3638 3700 4207 4551 4722 4851 6134 8040 8871 8965 9286 10341 10479 11078 11840 12384 14294 14976 15485 15669 15940 16018 16975 17801 20587 23465 26031 26330 27886 31788 32529 34601 36362 41272 48731 49963 51260 54967 62373 79325
34 582 1470 1661 2324 2407 2787 2802 3388 3749 4485 5657 6725 6774 6862 7393 8115 8300 8508 8920 9922 10849 10955 11913 13001 13101 13702 13874 14241 15763 20402 20481 23278 24642 24883 25166 27419 28174 32210 32911 43683 49309 52587 56544 60417 66288 69485 71647
624 1154 1774 2488 3021 4337 4457 4925 5061 6371 6481 6851 7119 7477 7511 9194 10122 11112 11313 11364 12577 12619 12859 13297 14395 16967 17117 18662 19223 19553 19787 19914 21178 22076 22120 23116 33229 37366 38516 40349 41519 42309 44176 44586 44896 44907 45727 48694
344 1438 1540 2410 2544 2756 3578 5060 5480 5820 6652 6795 7136 7930 9731 9931 11089 11124 11271 11423 12933 13726 14174 15532 15666 15781 16301 16823 17119 18693 19542 19980 20652 20733 24732 24930 25245 27783 28004 28322 34634 35478 45285 48652 49173 66430 72242 75558
756 1005 1087 1250 1426 1450 1647 2208 3173 3246 3433 3749 3877 4151 4538 4930 5424 6903 8546 9065 9147 9192 10338 11536 12143 13229 13237 13731 13950 14508 15547 19030 20152 21144 22816 23924 27826 29058 34392 34712 36692 38552 40662 50545 50717 58178 63888 124633
435 573 1199 1361 2005 2523 3232 3666 3855 4840 5185 5197 5389 5755 7017 9110 11744 12495 13040 14662 14779 15423 15978 16205 16302 17053 18533 19912 20941 21154 22426 23039 23940 24286 24581 28565 28610 28855 30806 31010 31050 31201 39992 40718 49734 54620 55646 70806
29 46 758 877 922 1026 1038 1375 1877 2003 3208 3523 5025 5579 7556 8320 8338 9442 10232 10235 11237 11442 11741 12629 12875 13523 17019 19925 20409 20876 21319 22141 22978 23040 23775 24995 26688 32424 33479 33717 35182 35872 43885 49916 52505 72920 74012 76399
600 817 1028 1599 1918 1939 2349 2781 3471 3674 4775 5738 5754 5954 6484 6612 7173 8808 9954 10257 10367 11613 12806 14320 15282 15434 16234 17081 17314 17985 18267 21724 24921 26330 26377 26951 27458 28016 31144 33171 33787 39253 43101 44701 46983 50816 52872 88480
261 328 885 1685 1977 1998 3336 3941 5249 5256 5596 5723 5910 6507 6592 7758 7848 8905 11783 11929 12368 13372 14342 15603 17253 18988 19109 21967 22375 23117 23388 25216 26549 26837 27558 28198 30385 30858 30905 34449 37198 39086 41285 42707 45002 56208 63438 64565
451 1387 1790 2244 2293 2491 3102 3122 3516 4594 4629 5481 6245 6350 7720 8950 10668 10685 10892 11280 12165 13175 13661 13789 16952 17082 17509 18832 20352 20489 21123 23093 24752 25241 28276 29636 29975 37745 38174 39635 39979 40553 43448 47039 49327 49571 51214 75380
310 454 686 1148 1172 1436 1538 1616 1868 2674 3029 3472 4134 5129 5391 6137 7302 7418 7937 8711 8863 11065 11262 11585 13467 14301 16293 16433 17603 18099 18717 20236 21047 24489 26188 30243 30937 32113 37989 42439 43572 43645 45220 46836 50747 58871 64465 75242
53 368 1725 2179 2184 3953 4311 5872 6181 6512 6741 6795 6892 6938 7035 7617 8874 9690 10055 10090 10380 10988 13349 13551 13771 15337 15443 15657 15824 16454 16734 17584 18310 19385 19432 24252 33739 36272 37682 40784 43530 44688 45887 45894 52078 57602 58180 82101
56 455 991 1186 1355 1637 3144 4299 4507 5858 6288 6434 6942 7357 7674 7748 8271 8646 8683 9210 11011 12651 13412 13522 13841 14937 15101 15844 16152 18681 18877 19658 20833 24114 24515 24755 25284 27706 36099 36920 38048 40813 41010 41923 45679 54388 57620 88150
89 248 293 1221 1275 1551 1641 1919 2196 2347 3249 4554 4590 5495 6267 6981 7029 7492 7624 9400 9567 9583 10013 12176 13104 14027 16258 17454 17723 18021 18981 20782 22157 22448 23557 25629 28509 31391 31625 34564 36255 38560 45370 45566 53737 58038 90598 103100
2315 3176 3360 3490 3825 4093 4145 4265 4343 4594 4767 5322 5469 5691 5912 8016 8178 8523 9083 10151 10426 11011 11224 12900 13315 13440 14111 14235 16493 17204 17228 19498 19634 22452 24029 25940 27807 30956 31209 31821 34502 44132 45123 52179 52307 53538 53795 96908
202 422 447 755 843 1680 1767 2468 3474 4016 5236 5381 5653 6030 6648 7481 8187 9816 12019 12321 13023 14124 14326 16419 17863 19156 21169 22662 22668 22789 23512 24893 26030 26448 28424 29167 29372 31099 33915 34545 34833 37239 42264 46523 48682 50238 58268 61583
51 371 638 1333 1730 1776 2104 2234 2255 3237 4014 5822 6412 7299 8313 8477 8784 9008 9664 10935 11198 11228 11491 12745 12778 12852 13858 14876 15692 15934 18621 19197 21548 24067 24401 26881 32753 33795 35698 36474 40270 45359 45406 48955 55522 62554 63321 63909
538 555 1309 1617 2012 2424 3137 3205 3665 3729 3761 4564 4640 5375 5713 6072 7472 7867 8967 10554 11147 14630 16215 16230 17278 18104 18905 19106 19416 20103 20125 21583 23378 23905 25416 26690 30875 34021 35269 35774 36350 37725 43942 45678 47863 57491 59365 61052
3 238 650 797 1527 2079 2637 2689 2717 3656 4002 4996 5222 5281 5391 6383 7484 7838 8371 9770 10116 12111 12263 12566 13755 15143 15368 15476 15834 16509 16619 17498 19834 21481 26232 28793 31415 31471 39063 42091 42125 42465 44624 48147 48560 55804 64567 75607
127 407 770 2436 2555 2903 3097 3263 3632 3661 4471 4847 5669 5783 6438 6608 6955 7991 8164 8763 9313 9415 13838 14036 14190 14190 17055 17314 19156 21164 21228 23920 24293 27020 28030 29838 30269 30581 30822 32139 33609 38014 38622 38712 47235 59982 64187 64404
359 1556 1887 2223 2446 3018 3376 3415 4104 4628 4953 5119 6055 7337 7595 7685 8001 8028 8392 8501 8948 9610 10001 10893 12248 12616 14314 16211 19704 20352 21484 26936 27657 28331 28657 29662 30410 32371 35428 39337 41357 45092 45557 49997 51335 54340 55066 68452
270 396 761 763 1002 1568 1582 1820 2123 2945 3042 3131 3397 4377 5504 7468 7552 7888 8226 8330 8442 8759 9513 9933 11132 11265 17645 17656 19438 21234 21316 21921 22782 23127 29280 29976 31903 32071 33538 39955 43216 43863 47224 53485 57241 58734 62344 81146
20 448 621 1206 2035 2287 2624 2774 2868 2955 3412 4955 4976 5073 6358 6561 6747 8803 9930 11582 12085 13065 14055 15102 15851 16462 16471 17428 17595 18527 19373 20718 20975 21095 24124 24927 26162 28802 34125 35252 39614 42337 42546 45839 53838 53911 66366 103867
246 433 567 775 824 988 1288 1473 2123 2362 2393 2462 3268 3738 4133 5057 6292 6420 6630 8406 8467 8975 9289 9746 12086 12424 13081 15701 16212 17912 19812 19938 20313 25637 26429 28846 29789 32271 32480 32919 33021 36610 47580 49009 57806 58041 75368 92632
73 179 369 811 1717 2605 3214 3500 3734 4772 5097 5179 5839 6906 8014 8097 8422 9198 9689 10132 11403 11419 11710 12167 13769 14020 16434 16697 17694 18922 20332 20737 21188 21995 27274 28912 29081 37373 37712 42050 43860 44167 44312 45478 46235 55399 58573 61297
191 607 611 1176 1827 2075 3098 3181 3199 4539 5690 6350 6692 8730 8798 8868 9461 10531 12042 12319 12899 13426 13691 13896 14637 16026 16905 17469 18275 18627 19581 21340 21347 23230 23935 24030 24085 24430 26526 32376 32818 34753 36536 38858 39073 39980 58873 113031
45 340 342 414 955 2349 2482 2697 2779 3163 3787 4216 4508 5539 6024 6065 7567 7989 8579 8720 9672 11050 11120 11761 12819 13732 14034 14160 16046 16207 16487 17022 17670 18334 18898 19125 22126 23779 26676 28415 37209 46624 48779 48806 67460 70119 86225 96011
279 708 2619 2656 2948 3099 4058 4134 4484 4657 5002 5516 6272 6559 6740 7252 7951 8013 9387 10080 10314 10784 10930 11456 11617 11699 13531 14203 15891 17130 18541 20010 21306 21642 22719 23096 23173 27065 30027 30792 35862 43987 47265 55990 56729 57990 68831 69655
2399 2459 2832 3014 3159 3191 3459 4200 4537 4560 4615 4753 4847 5318 6070 6250 6570 7688 8001 8005 9489 9526 9554 9627 12503 12533 13055 13954 14440 14465 15572 15733 15922 19492 20598 21720 27133 27283 28190 34488 36231 48376 48674 49380 51708 53480 88280 124499
388 833 1129 1271 2576 2788 3229 4789 5114 5588 6153 6382 6548 6694 6951 8015 8063 9507 10492 10803 11109 12567 13205 14210 14409 14882 15494 17840 17870 21406 22663 24396 25090 27063 28547 29094 31934 32606 33473 34058 35870 36072 36895 42598 43769 44238 60838 82936
127 218 251 1189 1726 2478 2983 3438 3688 4057 5046 6068 6767 6877 6930 7603 8569 8954 9323 9512 9712 10469 12206 12536 12692 13283 14732 18297 18376 20155 21159 22662 24303 25808 26327 26740 27279 28539 30914 33413 34778 41355 47239 47557 47950 53045 54288 94748
585 1341 1359 1435 1484 2004 2981 3083 3379 3629 4232 4349 4658 5076 5822 6523 6923 8002 8355 8590 9634 10582 12191 13125 13143 14981 16307 16750 16897 17995 18706 18926 23257 24930 25998 26453 28379 29293 29769 34831 35526 38470 39733 40607 57778 62285 65437 101960
322 622 793 1269 1413 1687 1881 2737 4152 4531 5005 5091 5303 5814 5915 6047 6742 7244 7278 7534 8773 10160 11417 11479 13342 13799 15173 16514 19189 20183 20456 21524 21866 22965 23995 32756 33658 34159 35410 39604 40566 46738 48074 48156 51266 62299 70648 75735
4 632 653 933 1653 1960 2287 2694 2944 3531 5890 6000 7181 7766 8591 9315 9742 10590 10752 11327 11652 12099 12371 12670 12679 13315 13404 16640 16873 17272 17584 20352 23011 23327 23728 25910 27166 28128 28232 30596 36181 36922 41220 45867 57416 61077 64255 72508
7 232 1211 1615 2018 2122 2803 3268 3704 4216 4946 5008 5114 5195 6178 6741 7017 7231 8604 8728 8929 9536 10239 10583 11417 12499 12822 18842 22113 23152 23680 23717 24798 24938 25252 25722 28185 29122 29483 31821 35901 36458 40588 41875 45551 68276 70844 84388
108 224 291 746 1775 2163 2348 2413 2909 4456 4489 5000 5097 5371 5402 6938 7404 7754 8182 8213 8304 9136 9565 10793 11616 12135 12306 14867 15680 16105 20522 20540 20665 20911 23535 23684 26308 26640 26911 28273 31552 33703 34321 36251 49293 65337 76209 133712
299 331 617 1948 2607 2692 3010 3177 5218 7095 8927 9832 9855 10236 10510 10812 11928 12875 13507 14625 16478 16635 17833 18831 18969 20007 20361 20851 21137 21348 23541 25298 25343 26108 27047 27251 28410 29746 30036 33682 34192 37133 38722 40541 42042 48915 51431 62875
39 204 485 836 2000 2086 2367 2982 3186 4248 4406 4635 4911 4944 5526 6073 6225 6393 7147 7471 7524 8611 8809 8897 9063 10747 11370 11695 11852 12188 13101 14915 18600 20741 21285 23099 23866 25583 26026 27542 34295 35994 54443 56378 57943 58930 91436 121178
158 689 1591 2883 2976 3719 3820 3856 3946 4232 4609 4956 5091 5092 5431 6249 6529 7373 7697 8887 9646 10671 10922 11750 12016 12465 12791 12848 13438 21240 23721 24441 25132 26128 29738 31236 33730 34487 36446 38218 40527 44754 45323 47813 50682 52934 54963 68029
105 213 819 1239 1350 1808 1887 2036 2281 2521 3626 3748 8622 9053 9703 10495 10728 11134 11192 11199 11227 12094 12540 12560 12648 12949 13799 15963 17115 17196 19306 19975 22005 25008 26585 27249 28876 29879 31163 31658 34045 45805 46662 49850 52385 54844 60304 78710
246 868 946 1628 2466 3520 3727 5629 5857 6132 6608 6808 6809 6845 7576 8194 10121 10299 10336 10651 11063 12075 13693 13991 14400 14405 15018 15528 16589 17353 18680 24758 25536 25920 25944 25990 27264 28883 28923 31205 31336 33464 33940 36240 47820 50256 62669 121570
24 81 498 774 823 914 1386 1549 1685 1707 2446 2670 2823 3060 3150 3229 4468 5148 5508 5666 6840 8949 9649 9816 11549 11938 13955 14489 14750 15945 16125 16375 16913 23979 25767 30056 33810 33989 36557 38870 40925 41032 44503 48217 63512 68016 73740 87465
