1000 45 8
1665 4433 6220 39037 69245 165618 171480 287296
21392 30305 40926 54199 54928 75876 146287 265569
41585 48048 60679 69842 102791 124996 128501 141657
19577 22410 36211 51439 105838 137599 199665 294821
1465 26817 68055 99672 101949 117595 120544 290624
33336 46483 49201 63804 92241 93835 140610 164452
2031 5474 5661 33541 73922 142083 184593 312440
15983 22053 39575 75912 105781 138708 209555 231397
6088 22973 26976 51463 62133 68622 199251 382171
9751 15089 79384 86735 102471 130659 172689 218630
4426 17948 29131 98703 110788 154544 181871 243290
5650 14936 69706 81819 86626 115759 148622 267843
867 9549 19710 20146 31573 90874 141073 476944
10722 11098 55062 80593 99993 106582 115436 238659
9429 18515 21754 96563 110695 114738 152989 203424
28845 44476 44756 61119 85479 135535 186008 258087
2437 32048 36399 50222 58337 84854 124274 263898
4611 18582 45483 54872 54939 89045 199054 294484
391 18871 19067 27155 37992 132085 228428 340941
1694 16631 19298 52649 64317 101114 209600 237747
15506 33996 41118 96217 110142 136824 173234 195382
1008 6661 55500 63462 68215 145086 179407 202798
20549 33505 34405 48895 80927 118779 160814 226505
610 3282 16533 23521 72663 106908 152658 298711
11366 14099 75450 76348 76805 133877 219178 253914
6899 16258 24784 42667 67277 106394 187124 270369
799 2162 25555 32308 50688 133558 168686 376610
16512 25575 30876 34700 43851 55982 202010 309551
39426 41394 58477 75031 113236 135304 176262 204353
2918 15718 36219 45142 62135 163067 211707 234968
5312 10452 28819 57143 133590 148442 174389 297544
27083 29014 33405 72525 101718 128403 163711 217653
4213 11654 17953 19146 52493 108074 210452 385352
1002 26827 41518 42567 68238 72661 148681 272028
23383 26299 34679 46869 60206 141515 182128 187374
43663 49336 52830 62590 74912 100550 107571 198359
7126 40100 73387 74404 78090 107190 152583 257590
2892 16650 105760 137702 138516 145875 152699 156194
7283 7405 13348 76273 89168 94211 123330 280500
21318 42247 58427 64571 69707 161656 178463 241715
19074 21607 40308 66126 80543 88182 189325 209692
16650 48387 52806 70109 77216 119550 123440 325390
2948 12933 33833 33942 75408 100535 185475 247089
14868 18988 63751 71395 88183 120439 148936 184155
7165 17303 20863 34024 107937 181199 205898 235363
