1000 14 28
921 1545 2115 6757 7092 8087 9595 10437 10758 11926 12827 14788 16251 20454 20877 21265 24754 26325 28746 34992 36572 41254 42280 42795 48507 51766 108990 142400
1353 2631 3675 4552 5681 6792 11173 12461 16287 16871 17628 18853 20868 24181 26700 27953 28760 37235 37847 46326 50565 51055 55024 63079 67853 76619 87638 108369
573 3050 3717 5459 9101 11061 11633 12690 15953 16333 16522 18454 18760 25662 27227 31989 32885 35774 36070 37834 41619 48901 53564 57946 68364 77655 84668 119463
1128 2052 6479 11380 11834 12720 13595 13663 15092 17162 17568 19324 20766 22219 25361 28199 35297 37570 38377 42903 49697 52197 53623 53940 54437 64273 68454 68810
201 1792 2256 2812 5218 7720 11690 14510 15052 18467 21167 21485 22710 24933 25788 31614 32661 37689 42689 45216 56232 57171 59050 59848 64131 65733 77673 90911
584 1559 2544 3043 4004 4727 6172 6326 7925 15446 16430 20498 24063 25402 28268 29452 30913 34018 47790 48047 48923 50830 51889 63688 65849 69337 92833 113971
2389 2525 2798 2958 4408 6002 6153 6307 6810 10852 12810 14244 16732 17979 21657 22585 28613 29589 30234 32901 38164 45609 48659 60424 81945 82043 99295 112976
510 2415 2952 3334 5398 7273 10757 11201 11907 12854 12958 16856 17007 18976 21999 23638 25238 31507 32428 34075 36772 41910 46030 58561 73980 79700 114158 140297
784 1526 1538 2743 2999 4511 6538 6983 7459 8542 9662 9931 13243 13754 14431 18648 24157 26695 27034 28486 34042 53113 56355 60810 80529 90531 106171 110628
4763 8284 8733 9223 10333 12091 14173 15911 17610 19782 21007 21350 22366 23138 24571 27329 27568 28488 29505 31057 38064 40546 43607 48472 50493 85157 108674 117564
867 1157 4788 7015 8428 11786 14136 14151 15104 15698 17168 25075 26299 27456 29431 29834 30048 32560 34898 35021 36525 49522 53784 54704 55268 63766 90341 108118
284 1686 4204 5893 7748 11710 12363 13020 18276 20385 21310 22247 23328 23712 24342 26644 27414 28633 31914 32792 33839 53203 56562 57449 62718 69646 72888 131626
143 1280 2227 3819 3925 7122 7182 9243 13498 14773 16229 18391 18674 19761 20142 23655 28619 31387 33482 33866 44707 45050 52413 64834 66940 76824 90922 105734
376 1533 2994 3122 4887 6345 6414 7610 8553 9738 18949 24137 28655 29216 32245 33403 34655 35767 38410 50161 50637 50726 59979 61941 64594 70036 71497 104308
