1000 21 6
74363 104357 144891 171233 179395 265006
5139 12738 87727 218726 224511 383642
44067 50308 151079 192132 195035 339167
3345 37355 38365 93005 101814 655901
9863 27623 96640 214589 231332 348790
55355 59578 84237 119120 298071 326300
63560 82488 86905 132499 225485 354948
12600 74224 147742 150844 267454 293949
3271 7717 127649 223031 243314 361909
24527 55828 115365 160570 205103 404187
77685 88843 88904 102313 291124 293436
20413 23727 115259 205646 263767 324512
4967 20127 64581 82571 331748 466792
57569 77526 117588 157849 229877 301804
2640 24614 49838 169795 349071 374666
7696 88815 96431 138308 245795 357786
50353 135847 138880 153969 237674 248612
1457 1728 18643 161075 223503 531786
31921 98808 129657 163117 223156 305421
9774 20602 93422 96682 204832 519643
6180 18496 63238 189679 244378 417128
