1000 19 17
725 4262 8449 15303 16231 17695 18158 18354 25106 28334 37053 39349 47116 47620 58762 61956 350516
9526 11626 20797 21403 27113 37615 42376 42758 45831 47296 63648 66274 66839 69829 77571 92493 97167
1333 1737 3335 4172 7802 8457 9116 11678 16612 16883 16897 36663 72897 82506 140636 170589 243848
6579 6826 9472 11051 18098 20432 23983 32207 39540 43840 49323 59739 73385 85560 89136 93829 156668
2099 3345 3994 5468 6133 7634 8139 18417 18454 19212 19692 44217 60754 99121 99137 173868 201201
3989 4836 5358 7963 9958 23336 26553 40873 43901 47582 48164 52031 57376 76819 91230 95390 172850
7156 10252 12493 16072 24618 27850 28044 35824 36248 39444 43742 61509 64355 68394 70109 101088 152481
3992 5577 7022 7469 11928 15436 22838 29174 30355 33191 39072 41193 70224 78663 137716 140554 170389
2198 6966 7968 16818 20194 21476 22837 23735 43374 54872 54983 56457 70855 90146 109386 114808 122330
1598 3583 6666 7339 16867 23696 31929 35051 36300 45565 52794 63718 83934 102808 103971 134531 134947
5958 7756 12950 17065 18212 18232 21196 21850 23251 37162 47509 50608 68599 69622 81950 107211 163321
5023 5269 7942 8794 15796 18197 18918 25590 30191 31466 32435 55353 73897 82900 91031 104551 188869
7678 11856 11906 12376 16875 20498 23609 26438 37902 41144 46659 49517 50553 94168 100744 132171 164310
1117 2283 11948 13031 17606 18009 21037 23313 23533 28802 48608 53222 69023 70480 103635 120859 165830
583 2437 6938 19536 22869 23027 24462 24735 40224 41987 43183 50232 52574 53246 55492 150219 191915
7181 7697 15935 19121 20814 21513 28820 29578 30681 41701 42194 62568 64334 88011 92105 94554 101534
1519 2821 6622 8874 12915 18822 20285 21652 24604 39596 42985 50136 55612 64366 68086 142815 288381
622 3191 7332 10402 14515 21620 22002 22923 23154 28134 44145 63303 63401 68316 114006 129761 176136
5285 5687 9851 14374 14561 19838 29353 34469 35118 38836 56848 58467 64078 67357 82215 105443 144163
