1000 36 10
10982 16905 23031 35114 41362 53217 83365 108408 188934 246269
3716 11569 19316 23887 24885 36749 87694 113693 120581 254955
10344 16021 44496 59184 62179 62308 72901 85059 160914 230468
2783 13006 16132 22041 22732 53823 70100 154235 154703 237946
23301 25348 27786 46652 52955 70258 80755 168128 172461 176297
1740 18004 44877 57275 66806 100908 115927 120732 138690 153741
14374 17856 44605 52357 54382 67444 83712 90259 131587 160761
5575 13805 14707 17167 25978 32610 37852 57497 124547 423169
7419 47331 50083 61008 61943 63544 84207 97125 105024 231703
6617 16891 17664 36673 46136 85331 117758 152297 199324 202628
3198 3939 20274 24132 31196 80684 100506 103964 224434 236011
27485 31468 31679 37133 60377 73655 89595 118601 184396 187941
9394 28020 29940 48024 62789 65536 106824 114450 132213 215965
4033 14287 54075 59530 59630 60416 64540 88967 111901 151646
8062 18462 43760 47418 51301 69685 73630 119502 129858 142494
10559 13791 21076 32049 56467 76129 103819 105585 116103 134608
10711 12621 15590 17477 22668 32395 78248 112525 175354 225597
10692 11737 33480 44831 51714 54792 90036 126315 171232 248363
27196 35382 41375 49517 55169 63273 71421 75618 124315 278053
641 1204 6183 12976 38190 54420 106755 107758 117198 235892
11727 18158 18655 23052 30372 30618 108832 127838 142362 266299
35 990 17685 18523 31565 34083 70581 184195 195248 235417
15475 16206 21042 23227 41222 71015 95054 129590 132566 186188
4565 9481 27229 34670 57298 57307 69561 74862 118126 430940
8898 14728 25350 37848 62915 85562 85820 141203 170140 191519
1138 4883 5466 59127 59210 68711 90834 97434 150645 153103
4086 6452 16598 22267 79247 90235 100666 103622 108577 195852
25674 30891 48389 54409 68992 75099 81719 104322 111585 155942
575 3434 23204 28076 30874 56007 66331 91293 188670 216907
10790 20213 39161 47360 92315 95000 107289 109396 117021 120832
721 5310 10778 12959 16115 52490 86246 97573 126892 339829
2224 10458 22537 31427 33426 34872 38090 88261 138407 323777
5834 34720 40960 42319 65701 87460 88879 107338 189487 198366
7389 32232 50033 52784 79013 83194 86145 86936 120425 199109
410 21610 31234 38545 57411 71218 71860 120542 140477 145195
8943 30535 30664 39839 47072 57838 74737 89196 113877 335987
