1000 29 38
555 2058 2281 3170 3200 3521 3746 4491 4538 5264 5670 6040 7128 7329 7555 10489 10643 18104 19760 22065 22113 23828 24099 27533 27779 28998 30881 31753 32798 36384 45773 52476 54623 55626 57430 58393 74897 104477
357 1651 2072 2399 3685 6183 6841 8073 8802 11171 11365 12605 12642 13083 13714 13768 14237 14987 16913 18834 22216 22292 22429 23857 24468 27457 28579 29168 32094 33546 35648 47499 49873 54654 60612 63341 83355 95564
331 993 2095 2189 2524 3848 5049 5632 9265 9295 9318 10189 10801 12868 14170 15419 16620 16918 17046 18003 18381 20462 20486 21451 22371 26911 28080 28950 29401 35769 39956 47912 48387 54719 66599 67928 72924 132130
1110 2622 2991 4587 4856 5342 6438 8823 8893 9392 11402 11536 15674 18009 18367 18770 19165 19557 20026 20396 20708 22126 22820 23912 26466 27454 28280 29145 29205 32428 37504 38296 45593 47553 58494 63682 77645 85219
612 803 2904 3474 3497 3920 4232 4340 4572 5278 6326 7202 8670 11881 13067 15265 16079 21144 21805 22022 22450 26463 27891 28260 29409 30626 31167 35408 35829 38566 38651 39452 40112 47198 47291 60258 71162 126406
804 1703 2397 2985 3396 3668 4350 4987 5027 5239 6251 7208 8284 9891 9955 10854 11471 15711 17535 20077 21655 22342 25658 25736 26401 30257 30553 31419 34133 34265 36089 44329 44621 52805 54282 83896 98613 110157
1916 2196 2681 2975 3157 5443 6322 6609 6635 6713 8981 10297 12422 13089 14121 14124 14767 15199 16103 17848 17971 18052 20718 21940 22403 25295 26330 27560 29755 29965 38187 38529 42665 57370 60887 66536 72882 167559
187 215 348 2414 2591 3431 3629 4444 4449 5185 5661 7279 8602 9644 10060 11197 12912 15524 15567 19520 21404 22186 22373 25922 27660 27804 32369 38176 40198 43615 46093 51635 52814 52896 67422 70007 71837 76702
1533 1838 4121 5469 5674 5987 6186 6455 7247 7375 11106 11516 11764 11773 13059 13103 13324 13823 14238 17012 19697 21320 25126 27790 27942 29828 30080 30306 30976 31103 33194 39803 45766 52284 60379 79839 89132 89204
390 2553 3328 3670 4939 5346 5546 5772 7847 8102 8939 10086 11825 12983 13825 16038 16712 17243 17368 17439 18318 18380 18396 24474 27457 28492 29103 31368 39878 40790 41230 45072 50498 55628 62107 67130 75802 88615
934 1995 2144 2185 2709 3905 4214 4652 6881 7765 8907 10766 10827 14060 14717 14946 15684 15737 15840 16636 17533 18728 20508 20520 20567 23418 23782 25232 31978 32043 32892 34370 49915 54686 70141 74637 75364 133894
477 524 718 2264 3550 4794 6826 6872 7773 8087 9469 9520 13978 14294 15635 16009 16080 17678 18951 20893 21380 21534 25131 25142 29571 31016 31380 31440 31868 32913 33273 35578 35765 44339 46255 61395 82676 123890
13 505 665 2345 2700 2868 3413 4662 4877 5003 5098 5153 6747 7204 8705 10324 10916 11082 11413 11711 11925 12306 12829 13470 15771 16659 17683 19006 19626 31091 39097 56263 61440 64157 67790 102975 103862 176076
1685 3051 3246 5331 5896 6454 6885 7205 8305 8467 9475 9701 10363 11119 11432 13080 17942 21838 22143 22824 23352 26011 27105 27318 28265 29148 29809 32890 35428 37699 40645 43099 44027 46843 56421 65014 80584 88617
1483 2123 2259 3301 3546 3604 3750 4171 7328 7422 10067 10690 12088 12575 13475 14842 15296 16211 19093 19447 20551 21295 21622 23743 28034 28906 36077 36650 36853 37434 40324 40662 45268 47753 60883 72178 83653 94157
249 902 945 1533 3616 3856 4192 4947 5121 5440 6475 6542 7607 9288 9291 9710 13325 16339 18799 19268 22443 23046 26229 26254 27534 29544 30555 32295 35944 39745 41932 46646 61010 67796 68469 72690 78836 85962
2127 3882 4077 4402 4825 5573 5895 6474 7903 8430 9078 9637 10377 10530 10784 11046 11899 13318 14059 14383 14622 15232 16249 18442 22585 22693 24108 24672 30501 30515 34798 37984 39766 40479 56949 104847 127186 144715
103 1319 1599 2501 2697 3462 5510 6318 6437 7541 8920 10033 10387 11285 13837 14189 14268 15385 18369 18518 19272 21876 22975 23719 23763 24498 33213 37397 39238 39732 42452 42997 46607 50318 53050 66558 88412 112728
276 1487 3277 4002 5282 5576 5736 6109 7716 9565 9661 11884 13196 14183 16657 16806 17730 20499 20647 22214 22423 23670 24142 25395 28065 28285 31908 34925 35369 39283 42127 43389 43630 43966 52599 58001 75987 93306
147 855 1216 1357 2739 2932 3126 3251 3399 3416 4173 4584 5096 5611 6045 7713 11532 12942 15072 15708 16192 18771 21212 26134 28180 31548 32846 34230 38133 39478 41213 47426 48257 48710 54720 64346 103359 148274
1332 1993 3034 3591 3969 5397 5708 6008 6042 6545 6656 7192 7420 7935 9484 13300 14073 16140 18018 18388 19228 19585 22800 22916 25796 29531 29719 30372 34221 35071 43372 43468 48109 50049 70281 76571 77590 119607
549 729 1183 1597 2886 2947 2965 3497 3668 4645 4803 6877 7107 7737 11430 13826 14795 15649 16080 19145 19682 20970 21307 25325 26113 31833 40800 45252 46390 48736 49218 51295 52664 58495 61582 63098 68905 75345
376 674 803 1972 2983 3113 4469 5339 7653 10096 10102 11700 12026 13289 16748 18092 18347 20678 22274 22455 22467 23663 25172 27844 28613 29058 34684 35788 36386 38965 41215 41400 45812 46626 61166 62685 66107 78059
134 698 2170 3096 4470 5013 5667 6749 6917 8013 11903 12177 12872 13125 13354 13626 13704 17735 17907 18016 18549 20799 22227 23072 23917 25225 26606 30522 30636 31536 31657 34049 50994 68161 76277 81413 85101 96405
330 779 843 2029 3118 5468 6632 7508 7946 8250 8353 8881 10576 12311 12356 12762 12936 14615 15831 17285 19590 19955 22381 23125 25929 31096 34225 35128 36907 38844 40971 44048 50116 55222 60200 65881 75611 90208
242 294 1001 1033 1166 1646 3294 5601 7277 7328 11008 11112 11515 11959 12518 14859 16171 17969 19420 19495 20644 21529 22343 23751 24036 24983 27803 31342 34147 39502 40649 43784 51187 64260 66707 73774 82719 102635
1113 2627 4064 4646 4666 5723 5849 6033 6308 8590 9374 9423 12050 12177 12245 15311 16644 16718 20052 21376 21742 23805 27298 30881 31189 31383 31597 32931 36859 37001 39441 40609 44418 44953 62304 63215 63548 86740
577 1887 2536 3725 3907 4149 4355 5362 9540 9782 9854 10501 12617 14690 17171 17409 18104 18869 19512 19823 21152 23296 25323 25620 26660 29378 31195 31509 40934 43676 43845 43977 49019 51983 52952 57477 72320 97462
44 1484 1853 2153 3985 4016 4606 4881 4905 5307 6254 6425 7460 7978 9291 10962 13136 13465 14574 17760 24889 25139 28072 29279 31087 31640 35197 37389 39693 40056 40752 41364 46561 47259 49950 53462 63267 133826
