1000 25 39
788 1341 2674 2893 3382 3657 4636 7643 9202 9867 10480 11086 12445 12786 12853 13300 14613 15111 16164 16627 17709 19808 20101 22217 24250 24495 24843 25865 26985 27252 35506 52772 54058 56232 59449 67925 74036 83380 91706
692 1668 3659 3792 4768 4869 5734 5916 6498 7696 7982 8055 10408 11039 13127 13701 17880 19328 19338 21110 23609 24680 25900 28691 29182 30416 32012 32485 33750 34843 36256 39191 43410 44209 45802 57461 78610 79739 81888
253 1231 1970 2569 2769 3438 4279 4894 9214 10862 11554 13859 13893 14030 14114 14160 15263 15422 16014 16650 17662 24684 26335 27312 29023 29107 30478 30986 31257 33026 34821 38244 41117 47696 52250 63444 69668 76176 97176
682 1674 2255 4968 5331 6690 7250 7915 8858 8947 9134 10299 10649 11036 12191 13106 14614 14640 14655 17206 17215 20160 25259 26097 26538 26634 27134 27973 28394 34217 37810 38232 40034 47532 50976 60198 74545 81434 112437
183 1805 1906 2262 2350 3893 4887 5399 7272 7458 8813 9384 9579 10373 10660 10772 13011 13576 14433 20430 20834 22613 23186 27373 27712 28714 32345 33636 33904 34218 39575 42398 43160 44073 46896 61986 67566 81160 120289
561 1330 1889 1910 2274 2308 4159 4256 4764 5270 5367 6410 7190 7316 7679 8612 9111 9888 9916 13513 14765 21893 24579 29230 31700 32222 36154 38226 38834 41536 41675 43327 44355 45668 56557 66759 75164 79315 113271
553 1307 2150 2252 2267 2528 3395 3659 3989 4319 4349 5547 5899 6031 6160 7099 9232 11929 12778 16794 17758 19611 24723 26359 26499 26846 29646 32996 36410 37482 40369 43594 49347 51135 52070 75902 94638 95620 100186
124 292 823 1138 1899 2890 4402 5299 5617 5734 5742 7726 7837 11546 13140 13698 16007 16519 18427 22609 24063 24424 27772 28372 30342 30503 30705 30927 30947 33128 33461 33708 33828 34702 42722 44427 81982 90216 142972
86 735 893 962 3255 3313 3546 4520 4820 5601 5737 5894 6451 6663 7609 9214 10286 10609 13939 18711 25068 25738 28546 31545 33908 34396 36335 36611 36649 38760 40603 45189 47921 53240 61688 65761 70153 70481 77933
96 919 1463 3564 4214 5451 5948 6177 7031 7193 7743 7960 8376 9934 10326 10926 11156 16375 17068 17245 19373 20375 20417 20808 20958 21304 33852 34746 38040 42550 42603 47121 50401 51677 54276 54819 76340 79619 102347
1909 3101 3191 3570 4348 5273 5770 6029 6828 6989 7650 8941 13241 14102 15623 16276 17120 18572 19046 19621 20896 22074 22292 24731 25197 25284 25819 26397 27344 40536 43818 48139 48362 51983 54783 56023 59241 80440 83390
1616 2824 4261 4599 4761 5500 6392 6466 7200 8644 9607 10600 10853 12417 14506 15326 15641 16405 17011 17302 18932 19052 19249 20847 21510 23120 23373 23660 27460 31210 37525 42638 43582 49046 59468 66180 72108 78717 115576
121 470 867 1392 1470 2097 2635 2851 3040 4239 6879 7071 7348 7597 9498 9552 9951 13803 16341 17418 17832 18721 20454 22678 25512 26203 26305 30612 30680 31998 39421 41557 45470 51124 71334 77139 87842 98251 98427
288 1682 2253 2633 4548 5682 5702 7889 8834 9751 9964 10034 12461 12601 15489 17253 18007 18310 18826 19298 21037 21770 23520 23993 24157 24714 26871 27683 33184 34686 36142 37403 42020 51818 53008 58453 64424 89168 90001
1339 2363 3648 3655 3755 4368 4838 8290 9360 9893 10017 11007 12072 12741 13598 13772 14634 18330 18650 20892 22459 23129 23895 30511 33381 34761 35062 41950 42429 43713 44991 46187 50233 51136 52418 52816 53384 53469 57951
4030 4458 5514 6080 6155 6506 6767 7581 7785 8748 9142 9472 11215 11606 12062 14603 15255 16707 16980 18258 18949 23056 24686 25034 27017 27241 28761 31483 36245 37376 40626 43801 49904 51072 51231 54696 59574 72860 81721
485 491 502 1117 2007 2979 3815 3937 4658 6772 7050 8452 12476 12684 13245 14324 16243 16685 18432 18667 19667 24267 27293 27567 28227 30583 30673 31294 35169 35418 36153 45653 46910 51530 57483 59059 67598 81532 86001
1689 2225 2843 3349 4958 6321 7122 7326 8281 8675 9003 10743 10951 12329 13304 13713 15188 15232 17427 17444 19490 19594 20656 20884 24485 26691 28483 28740 32921 38498 41365 43505 44828 45858 48305 48777 55159 100943 114335
1223 3770 3985 4935 5882 6099 6194 6282 6790 9519 10635 11850 12936 12974 13861 14054 15949 16643 17003 18142 19066 20614 21282 23890 23965 25697 26007 26490 27390 30254 32410 33405 38419 48507 48724 55189 65856 104903 121273
299 377 592 647 1895 2065 3168 4693 5269 6036 6164 9717 12939 14387 16029 16528 17868 18136 19260 22669 23069 25336 25796 26692 32559 34084 34589 34639 34839 36647 37238 42254 48383 49361 49885 53063 66507 68066 84308
234 694 1035 1175 2138 5536 5940 6419 6925 9813 10337 10889 11867 14621 14853 15045 15914 16661 17308 17371 17501 19017 19607 21373 24805 25716 25894 30581 31970 33430 37271 41937 44446 45476 53028 68517 72423 77408 112341
203 841 1075 1770 2334 3063 3420 5081 5142 5344 5656 5804 6251 7205 7486 8719 8730 9293 9659 11072 11490 14886 15640 22197 23962 25230 30862 32794 37571 40642 41988 42470 46625 51018 62673 67461 71314 86849 156649
505 524 961 2527 3277 3598 3990 4479 5493 6062 6753 7343 7353 11333 11677 11912 12101 13364 14208 14283 14294 15609 17207 17380 22565 25747 26244 39496 47483 50361 50494 51055 53274 54002 54580 55289 78335 85801 91110
1140 1409 1558 1670 2446 2887 3397 4213 4446 4716 4837 5739 6536 7409 9324 10019 11184 11783 15110 15572 16720 18239 18254 18647 20794 23282 28160 29722 43424 44708 44788 54078 57502 58317 60596 65862 77551 79442 108327
1365 4026 4247 5568 5981 6592 7159 8041 8919 9212 9597 10681 10944 11923 12537 13866 15840 16108 16452 17167 21054 22934 23260 25707 32773 33576 35186 37408 37832 39885 41061 42438 43324 46240 52567 55960 59820 69581 76435
