1000 36 50
109 334 571 1184 1572 1815 2012 2279 2318 2716 2899 3459 3618 4106 4630 4829 4993 5050 5155 5675 5727 6812 7031 8571 9111 9454 9668 10691 11388 11642 15742 16352 16619 17124 22251 22720 25211 25725 28704 28920 32920 35336 36816 37570 41633 47366 48676 51200 71297 107341
250 277 1087 1223 1653 1987 3044 3140 3754 4018 4076 5629 6482 6571 6668 7167 8132 8863 9074 10359 10404 10556 10964 11186 11417 11615 11877 15193 15308 16478 18193 18605 19584 20045 20508 21926 23383 26844 27646 28081 29717 32014 32315 33886 35257 35793 40544 47130 51664 77003
592 1008 1446 2823 3205 3429 3580 3867 4077 4916 5138 5359 5714 5772 6463 6705 6884 7539 7617 7850 8025 9082 9284 9376 10831 11615 11633 11895 12107 12762 13008 13277 14848 16463 17299 18307 18777 22039 22119 22743 27913 29533 32227 32579 39217 44841 49634 52560 55446 66301
481 517 1101 1914 2945 3068 3286 3490 3948 4054 4360 5556 5577 5597 6442 7049 7542 7587 8429 9211 9263 9386 10213 11188 11618 11669 13027 13549 13744 14488 14581 14856 16195 18300 18579 20381 21828 22286 22850 24217 27831 32055 44056 46472 50205 52279 58546 60277 62507 89654
516 1464 2347 2870 3370 3643 3792 4564 4645 5022 5288 6047 6193 6652 6792 6906 7186 7193 7376 9016 9050 9499 10514 10533 10653 10900 11527 12372 13061 13891 14048 17349 17878 19581 21075 22407 23372 23757 25461 25893 34242 34708 34723 36110 40856 45445 54368 60731 66679 75496
776 923 1067 1537 2177 2387 4558 4673 5123 5259 5620 5896 6038 7219 7234 7330 7461 8753 8933 9839 10612 10859 11359 11396 11733 11902 12027 12361 12648 14083 15518 16839 17509 18680 18900 19094 20233 22559 23046 24348 24450 24607 30009 32222 32781 36321 46992 47251 54117 66580
25 630 996 1033 1284 1294 2362 2640 2714 3905 4550 4986 5020 5457 5827 6881 7508 7897 7953 8376 8981 10548 10908 11022 11096 12196 12412 12540 12994 13751 15778 16171 17807 19029 20895 21687 21840 25585 26224 26676 26929 27439 31519 31722 48539 49734 53755 54738 72615 94956
2103 2431 2681 2780 2809 3583 3977 4383 4426 5533 6258 6707 6860 7000 7017 7082 7652 8486 9122 9164 9909 10488 10524 10757 11225 12037 12527 12953 13160 15412 15425 15563 16094 16350 18014 18783 19310 20517 22820 24696 27507 27590 27918 33762 35693 35848 36583 47919 54651 66803
63 977 1219 1229 2048 2646 2649 2676 3251 3662 3770 3991 4027 4546 4891 5320 5492 5523 6258 6677 7067 7146 9214 10853 10983 11327 11630 12464 12964 14346 14643 15449 17547 17651 18559 18751 19355 20652 20920 22680 23270 29714 42954 44897 46749 61849 67109 69531 76282 96018
586 716 1383 1414 2051 2077 2261 2316 3344 3563 3871 4240 4872 4878 6699 7171 8045 8194 8266 8486 8937 9266 9943 10797 10803 12561 13506 13558 17539 18021 19309 23344 24469 26098 27662 27714 28146 28587 29762 29774 30877 31211 34665 37022 38587 44551 46338 49895 62835 66249
306 997 1101 1155 1283 1333 1517 1691 1909 1924 2716 3108 4672 5037 5923 6531 7748 7799 7930 8142 9272 9303 9345 9407 9635 10330 11058 11155 14078 14673 14907 16818 17232 20104 21019 22149 24027 25063 28233 31009 31244 36150 36688 37072 43627 46585 47782 53623 73972 90951
99 111 885 941 1102 1308 1335 1367 1410 2368 2433 3148 3928 5335 6011 6332 7433 9506 9758 10021 10053 10223 10485 11615 12322 13044 15184 15455 15746 16492 16760 17450 17812 18053 18703 18901 19446 19594 19674 20344 25652 26189 30764 38847 39224 47658 50021 50589 54879 65376
134 381 590 950 1629 2076 2967 3303 4138 4164 4228 4235 4779 4962 5390 5409 6274 7101 8462 9475 10437 10570 10592 12403 12816 15053 15318 16872 18018 18247 18403 18621 18655 18981 19309 21066 22689 23904 25024 25753 30066 31355 32309 34616 37044 39224 41518 56693 63343 100929
367 1295 1322 1670 2668 3946 4235 4298 4351 4494 5066 5132 5146 6788 6789 6896 7662 8354 8863 9010 9081 9691 9810 9932 11740 12023 12068 13301 14613 14676 17598 17845 18284 18848 19635 19810 19953 20101 20554 21666 24139 25898 27384 28165 37755 44736 46545 49616 60735 73473
1010 1122 1323 1781 3152 3664 5119 5224 5466 5600 6042 6325 7101 7227 7902 8442 8589 8986 9778 9879 10080 13312 13507 14039 14332 14584 14704 14785 14878 16638 16814 16859 17558 18538 18787 18927 20370 20757 22050 23130 25693 29075 30581 33732 33871 41214 43875 47489 47741 58352
775 1307 1634 2333 2775 3360 4192 4325 4594 4686 4795 5152 5680 6025 6082 7458 7497 7772 7924 8349 8511 10001 10124 11054 11067 11306 11594 11636 12287 12459 13110 13238 13724 17086 17727 22866 24773 27587 29763 32963 33057 33595 34068 37380 39296 39442 43507 44080 64629 95907
533 614 648 1147 1461 1498 2587 2728 2831 3265 4076 4118 4389 4698 4792 5047 5565 5887 5936 6010 7072 7712 8066 8122 8588 10118 10464 12487 13515 13516 14487 15772 16294 17563 18728 23163 25307 26743 27008 27980 28547 29238 32742 36684 43613 44730 48400 55247 66346 85221
112 283 449 499 744 758 1074 1218 1428 3175 3238 3357 3389 4182 4654 5667 6386 6680 6975 7617 7661 8787 8889 9365 10067 10459 12326 12328 12818 12901 13889 14161 14289 15194 17432 17846 18609 20637 24590 24751 24835 40193 40467 44262 50945 54640 60378 68008 75636 83811
541 1471 1852 1977 2797 3098 3294 3483 3814 3941 5159 5968 6420 6735 6997 9375 9816 10847 10940 11327 12256 12670 13507 13519 13581 13834 14256 14453 15060 16161 16559 17020 17067 17243 17887 18627 19594 21894 26327 28527 30379 35455 36848 40956 43799 45744 50948 51181 66907 69557
248 1192 1277 1364 2004 2152 2166 2533 3361 3643 3702 3915 3939 4403 4514 4965 5105 6346 6797 7028 7136 8096 8507 9061 9290 10318 10869 11059 12019 12685 13106 14538 15549 16009 18797 19724 21480 22750 30716 31353 31465 33142 33276 35049 38865 42934 43211 48077 50006 89962
1 1016 1245 1341 1898 3112 3125 3156 3253 3760 3932 4837 4961 5463 5724 5807 6716 7858 7885 8347 8498 8698 8746 9965 10616 11691 12076 12216 12230 13897 15048 16037 16190 17878 19580 20308 20691 20703 21712 28954 30054 30054 30248 33888 36469 46339 47298 50289 51803 81332
542 746 1175 2349 2891 2933 3687 3910 4265 4420 4792 5636 6870 6897 7234 7688 7805 7992 8297 8477 8689 9246 9353 13121 13127 13208 13672 13868 15267 15439 15896 16241 16603 17297 19126 24129 25959 30770 31205 31901 32260 32436 32929 37320 38674 38947 42057 43888 56435 76749
112 239 1057 1247 1383 1482 2091 2195 2531 2679 3096 3489 3797 4720 5210 6134 6450 6453 8620 9678 9684 11558 12971 13500 13785 16328 17260 17327 18035 18177 18207 19177 19680 21480 21694 23165 23719 24713 26315 26458 27863 30887 31817 34763 36299 37036 44009 46124 63493 82478
483 573 582 854 960 1235 1439 1527 2186 2370 2408 2644 2784 2850 3150 3384 3699 3949 5107 5310 5338 5837 6125 6336 7103 8297 9961 11053 13185 14359 16870 17282 18704 19331 19598 20008 20713 24406 26282 28961 29654 35539 36633 40446 42103 46448 46768 59879 60017 60669
48 175 189 326 1130 1458 1612 1658 1693 1942 2908 3495 3548 3774 4124 4558 5754 6271 6284 6397 7258 7509 9066 9126 9602 10663 12165 14458 16628 16859 17176 18286 19358 21508 21824 22579 24216 25676 27135 28268 28339 30000 30126 31408 32875 37405 49035 51725 59004 73416
1674 1846 2184 2481 2520 2856 3023 3633 5577 6817 7656 8307 8558 9507 9787 9995 10161 10369 10472 10571 10797 11098 12849 13043 13619 13900 13961 14115 15332 16277 17358 17526 18211 20332 23260 23414 23501 24452 26289 27108 27820 28374 28546 33273 37059 42180 44217 47211 49508 64406
136 169 217 888 900 1734 2851 3158 3456 3830 3882 4615 6598 6642 6809 7780 8236 8276 9208 10894 11199 11646 11928 12011 12011 13068 13139 14004 14465 14897 14946 15205 15671 17815 18598 22592 24312 25655 26006 30746 32638 33210 34107 34591 35841 37785 40354 47254 61362 85828
34 635 1864 1962 1968 2427 2531 2986 3020 3793 3949 4489 4856 5076 5638 5920 6263 6398 7102 8305 8570 8986 8988 9587 9807 10845 13129 13855 14196 14312 15079 15916 16468 16949 17128 19438 19924 20106 20618 21776 23638 28352 35748 36876 40328 44193 45759 46844 54567 60821
405 745 1094 1540 1694 3048 3209 3485 4909 5499 5907 5963 6709 7176 8045 8645 8848 9153 9168 9861 10128 10133 10438 11670 11907 12136 12817 13058 14492 14586 16529 17386 17543 18914 19241 20243 22788 23403 24590 25322 26206 26398 28129 28969 30296 30492 32871 40771 49770 105767
177 1003 1055 1320 1365 1510 2420 3418 3833 4059 4343 5508 6370 6964 7699 8154 8245 8622 9000 9378 9455 10182 10367 10407 10593 10745 11002 11476 14023 14295 14852 16189 17528 18323 18945 19045 19736 20982 21905 23889 29659 32880 33093 37767 37923 45055 47786 52635 57102 64789
1237 1587 2081 2085 2580 3049 3664 4477 4949 5309 5595 6558 6790 7223 7747 7892 8119 8185 8364 8959 10522 10732 10985 11620 11700 12293 12967 13781 15714 16255 16522 19270 19407 19468 19816 20976 21494 21844 23598 28092 28259 31637 32042 39208 39638 42074 44626 45651 55567 65038
385 447 575 844 989 1102 1265 1615 2135 2311 2857 3426 4254 4687 4797 5443 5597 5943 6503 7913 9073 9902 10491 11308 12138 12919 13388 13906 15304 15475 16762 17275 18466 22546 24017 24064 24224 27440 27732 28421 28628 29292 33366 33604 38533 39770 39917 41954 50628 97268
713 1091 2287 2328 2944 3171 3246 4140 4181 4239 4670 5438 5479 5788 5972 6257 6827 7331 7552 7607 8303 10326 10890 12051 13001 14122 15142 19086 19113 20236 20338 20492 20674 21238 21662 22015 23155 25100 25773 29594 30600 30891 32651 33918 39126 49846 52512 56208 57458 57853
57 424 516 548 1205 1698 2079 2240 3992 4059 4159 4942 5699 5845 5951 6122 6484 7339 7633 7991 8457 9278 9283 13308 14020 14937 15158 15568 16427 18139 20624 22012 22915 24509 26015 26593 26803 27842 28310 29338 30503 34471 35433 35639 37422 41726 42884 44872 52275 58656
243 619 1250 1485 1917 2501 2871 3371 5632 5683 5778 6364 6913 7346 7470 8237 8857 9074 9367 9524 10089 11013 11023 11929 12227 12739 15347 16736 17568 18392 18950 19338 20291 20460 21463 21568 21986 23329 24171 26789 28668 30254 36200 39110 39570 39656 45725 46526 57843 96014
60 133 390 1071 1861 1931 2733 3283 3529 5454 5533 6520 7007 7013 7033 7132 7495 9047 9292 9411 10144 10301 10361 10456 10935 11760 12011 13191 13479 14034 14788 15434 15658 16874 17526 18400 19445 19974 20809 22779 23958 23965 25474 28809 33793 36463 38125 41887 66702 87061
