1000 25 32
1947 2720 2912 3351 7711 8294 8666 9527 9935 10598 11623 14383 16860 17093 20376 26089 27155 27404 35793 37686 37852 39929 41605 42506 46557 46858 52792 54733 57307 70512 71365 76902
1446 1585 2718 5303 5511 5802 5993 6707 8515 10206 11862 13000 13935 14191 17707 23148 29091 29430 29481 32045 32220 35009 36782 37517 37990 39404 44840 47491 48333 52728 55861 107056
900 2950 3084 3993 4012 5478 5654 6339 8480 8772 9080 10440 11082 11337 14305 14534 19367 20929 22456 25757 26848 27398 29182 30202 30202 33217 38793 74233 82867 91199 96740 104253
327 1020 1261 1976 2289 2532 2817 5448 5964 10162 11789 12032 13659 16330 16611 17867 18576 18763 24193 24378 25036 27145 28653 29259 36758 46979 66008 68724 68730 76499 97790 100827
1319 1783 2255 6286 6937 10046 12787 13031 14142 15057 15730 16213 16463 17589 17725 20663 21257 21562 24530 32651 33748 34016 34291 36883 38760 42282 47896 56556 60615 64644 72284 101562
169 3099 3195 6454 6807 6852 7035 7178 7894 9698 9759 10604 10883 12853 17333 19264 19793 21542 23877 25905 26571 26614 28873 29147 32189 32790 37064 60930 75848 79397 111766 119734
1195 1541 2549 3413 5829 7039 8381 8634 10227 10742 12980 13975 14280 14698 14731 19676 20489 22927 23076 23740 24333 25559 30960 31881 33437 34644 35762 40354 42223 43143 112582 217955
360 926 1146 3397 4204 5922 8510 10649 11179 12289 14113 15445 17602 19572 19860 24594 26843 27188 27253 28831 38171 38335 38431 40214 42810 44678 48843 55677 56886 57293 59566 106715
1044 1208 1235 1416 1445 2360 2918 4996 5147 10616 11279 11652 16157 17532 18686 21767 24345 25618 27165 27675 30221 32039 35238 36583 42314 46357 48774 54492 60155 63857 78370 103762
185 802 1886 3108 3378 3891 6343 6884 7666 9474 9531 10219 11254 13044 16008 17359 18707 19945 21217 21950 23507 23533 24548 32776 34872 38137 44821 53934 68622 99024 99781 108845
1737 2019 2458 3585 3693 4467 6161 6304 6332 9450 9726 10510 12423 13165 13662 13663 14800 17523 18945 20183 21480 21900 24096 29779 31027 33757 42070 66474 81383 82370 101154 143287
2936 3693 5268 5799 6092 6817 6980 7817 9371 10684 10743 12828 15397 17975 19079 20576 21620 23160 24425 26255 29021 29534 30719 34465 45262 45888 48779 57009 58726 70553 78227 119935
799 1644 1649 1854 3507 4701 5153 5580 6128 6483 7203 9741 11267 12398 13722 15031 15991 16129 17073 19142 19857 21564 25861 36328 44759 45568 46889 47402 53556 97023 118394 121048
1034 1706 2941 4002 5535 5988 6632 6890 7424 8021 8037 11429 12515 13125 16594 17703 19194 19446 20157 20508 20805 23765 24778 28325 31258 35208 49005 57585 60179 62034 136857 188210
275 487 914 1004 1675 4783 6351 6490 7974 11625 11682 11783 12875 13562 15690 16382 18227 24387 24603 25227 26583 27252 29065 31013 35192 38139 50054 58088 59358 66339 117505 142721
1211 2098 2300 2434 3378 3780 4519 6184 7857 7902 8484 9951 10183 14327 14892 17240 17849 17945 18502 19684 23305 27206 30339 32531 36424 36938 47915 49300 64523 83921 113931 149941
1249 2579 5170 6758 8150 10955 11035 12173 12335 12886 13105 15247 16428 17693 21011 21328 22244 23765 25578 25696 26883 27736 28251 36075 38364 39038 46213 52048 57581 71507 73371 86687
439 1429 2692 4228 5402 6973 8699 9145 10084 10521 11219 11637 17305 18741 19161 19346 19854 21295 23949 25875 26441 28325 33810 35879 38555 38871 39552 58671 65944 69481 79986 118414
1168 1512 4798 8948 8966 9530 10583 11169 12482 13387 15048 15284 15464 15472 16021 17507 18045 18226 19941 24749 24846 27027 28375 29942 32440 36376 42728 54750 56329 60042 61768 223797
94 312 3818 4226 5541 7369 8541 9233 9732 12661 13278 14135 17163 18767 19619 21309 23315 24361 24394 30286 30674 30936 34353 36225 38570 42841 43222 49449 53802 55399 73353 101483
1177 1431 4432 8644 8956 9638 10049 10641 10988 11633 12740 14308 15121 15166 16885 18157 18559 22827 24283 29795 31665 36721 37212 41673 43162 43424 53059 55686 56075 77308 78396 98080
18 556 1374 1606 1701 1782 2364 2885 6236 7930 8066 8104 8665 9806 11443 12467 18169 22404 23680 23902 29009 30573 30960 32290 35779 39756 42745 65290 79739 100211 107704 137030
67 124 1024 2478 3689 6052 7032 7162 8446 11034 11335 15236 16583 18199 18344 24457 24580 25954 26171 26812 30136 31350 32823 42368 43232 44227 54379 54690 57239 68171 69624 117962
698 1658 2331 2979 3082 3447 5510 8839 10282 10612 13070 14504 15530 16596 16893 17624 20978 21396 21820 22180 26443 27217 29956 31345 33482 36641 54379 65852 72051 91313 98752 104772
1235 1934 4175 5150 5902 6122 6291 6333 8315 9537 11500 11683 11806 14982 17391 19666 21407 22807 23568 25631 27665 31433 35578 41870 44432 54921 55226 61966 68626 78815 98456 108079
