1000 35 9
1625 11630 37705 47535 54465 81493 113544 249919 255214
24251 26518 39005 51071 52133 70883 154941 209761 295901
9297 20770 31133 47692 88993 111332 158349 196880 241495
9717 36700 51800 74062 83256 93465 103277 104817 331126
8951 21203 36450 38744 54366 149238 183516 190914 242968
2881 18139 35965 38427 61261 64556 82497 116511 492007
12953 17383 19899 28515 47653 57751 86426 246937 314843
5806 8903 18174 31810 85172 87000 121780 255480 264709
5493 30272 30736 58955 109124 119950 133443 168906 219665
11515 15281 41414 53628 72680 87422 170881 182237 239443
9083 10167 33127 54196 57775 75837 77537 198444 315020
5535 6221 20296 23652 56018 80609 94086 272176 348731
4924 18943 23559 24736 38574 85967 112518 225037 330670
14443 34611 37977 72778 96604 99238 103347 132230 277662
9378 15386 23977 36246 77338 93683 152519 176504 268154
20322 28398 30458 48437 117659 140515 148526 171665 200429
7813 36864 48622 86912 88258 103453 122130 131511 310056
16705 18071 21398 49256 51743 95467 121417 196845 328310
12141 12415 33684 37226 122030 138282 148834 164904 214030
31572 53154 53368 64061 79773 113065 136590 159843 208445
17333 20933 37102 46216 133311 153101 153798 160546 191386
21603 27664 42294 62264 69339 89113 137928 150489 275624
1952 25343 35716 81004 101314 106741 144154 151815 242657
11635 25530 57729 62556 62872 63374 113849 123607 362307
3208 23606 25360 57204 84896 108279 108907 199105 217060
23811 27970 34831 40397 45238 63232 106738 175862 417770
15166 35353 43160 51250 69089 100471 108713 123676 274247
3155 25543 29576 58116 59312 69085 146598 189030 247683
51192 70820 70965 79083 90058 96782 104430 129276 134755
31660 37716 40065 54182 54458 95963 147635 153045 237535
1359 7420 34972 43611 76258 102663 143714 216817 234567
2901 4317 4543 19693 81459 100471 135023 158626 350677
27986 36191 65168 68946 117122 146067 149592 157234 165298
16787 33240 65026 74696 85941 105295 163676 176071 214050
1596 23961 30086 57227 74419 86635 112494 129463 386923
