1000 50 47
131 327 1049 1170 1368 2191 2647 3668 4563 5364 6045 6228 6714 6730 9361 9573 9972 10108 10194 10672 12929 14260 15314 15634 15724 16076 17015 17546 18765 19542 19619 21011 23644 23809 24909 29984 30035 30264 32205 32836 36282 36895 37706 55664 69150 69299 89127
58 384 619 631 799 1859 2030 3251 4018 4029 4130 4389 5438 7130 7971 8103 8584 8586 9709 12263 14831 14886 15453 16335 16637 18716 20046 20215 20286 21722 27334 28210 28928 29042 29845 30861 31060 31571 31749 37369 38115 38959 41528 44700 50529 50714 76567
335 751 1250 1269 1369 1405 1444 1790 2187 2271 2287 2503 2918 4074 4088 4116 4632 5392 5564 5677 5927 7024 7060 7727 9773 9917 10630 11358 12194 12566 16649 18724 23389 24939 31359 31652 32893 33820 34716 35824 36956 54967 64966 68690 84761 92906 109814
673 1171 1287 1579 2847 3001 3201 3597 4537 4573 4677 5433 6968 7815 8418 8502 9249 9422 9436 9596 11345 13574 13848 13989 15987 17021 17310 17967 19780 21940 22477 23004 24078 27139 27782 29724 29860 30118 32182 37357 40968 44285 44325 47375 54005 60716 60987
340 1079 1711 2107 2484 2801 3754 4010 4395 4996 5120 5123 5197 5580 5734 6081 6255 7247 7427 7936 8487 8992 10313 10531 11091 11932 12910 14481 14544 14621 14694 15215 15594 16344 19947 21837 24047 31092 39784 41948 51887 53658 62879 63693 66888 70884 84710
187 559 691 745 817 831 931 1755 2383 3235 3658 3741 3855 4532 5644 5720 5896 6720 6978 7430 7576 9455 11017 11304 11879 12232 12306 14564 15037 15995 16387 17494 23547 25583 27973 29079 32748 36761 38847 39428 42182 42782 61050 64781 65376 78175 78345
53 1550 1833 2071 2737 3588 5026 5117 6181 6327 6598 7152 7230 7282 7922 8089 8526 8748 9359 9595 9930 10113 10550 11030 12242 12812 15084 15752 17424 17731 19230 20782 20855 26139 28017 28612 31454 32420 33381 34250 41742 42821 44160 60936 65970 72994 95780
156 790 1262 1284 2015 3321 3423 3695 3740 4138 4426 5136 5395 5630 7198 7558 7644 8765 8869 9900 10202 10654 13548 13645 15463 15741 20014 20234 21285 21613 22346 22715 23067 26641 27041 27359 27748 28326 32180 33084 36657 41525 42846 51055 51127 53666 110755
12 1237 1491 2606 2867 3539 3586 3615 3995 4067 4685 8636 9762 9869 10659 11056 11298 11344 11751 12865 14474 14751 15005 15876 16411 16753 17047 17865 18355 22242 22789 23252 24545 25962 27184 27630 29164 30320 34449 36191 37622 44151 46447 50471 57909 58060 62628
19 398 1004 1148 1645 2270 2670 3493 3682 3828 3996 5260 5331 6141 6619 9043 9557 9619 10093 10840 12844 14066 14575 14599 14881 16493 18867 19763 20829 20926 21546 22682 24921 25900 31532 32175 33004 33731 34782 36189 39502 40822 45083 51049 55599 60963 73673
196 320 1588 1996 2017 2090 3622 5052 5366 6239 6251 7079 7117 10108 12236 12768 12783 12938 13540 13768 14031 14397 15365 15534 15924 16925 17447 17965 18356 19088 19588 19795 20639 20714 23093 28659 30236 34863 35265 36501 36589 40560 41460 41784 49350 56513 69499
700 1093 1221 1322 1328 2620 2693 3230 3367 3731 4245 4539 5620 6251 6747 7756 9068 9318 10066 11600 13068 13186 13595 14586 15403 15911 18028 18451 18476 18759 23459 23669 25699 25727 28649 29110 30961 33216 36701 38667 39809 40531 42341 42836 48881 63089 72493
36 60 472 1770 2417 3488 4402 4754 5306 5589 5704 6218 6419 6725 7317 7787 7882 8549 8672 8722 8871 9187 11075 13376 14634 15418 17251 17844 18191 18723 20426 21332 22258 22704 22758 23129 27512 30656 34105 38348 45179 46897 60218 64077 67888 72544 82848
503 580 854 1727 2095 2359 4227 4261 4307 4520 5354 6275 6385 7328 7492 8417 8907 9020 10661 11132 12020 12379 13002 13723 14034 14069 14784 16521 19195 19833 21445 22339 24046 26042 29765 31141 36577 37993 38952 39938 39974 40934 52183 52686 53285 54843 67633
158 675 732 1305 1722 3080 3828 4178 4289 5158 8438 9213 9747 10013 10176 10739 11841 12095 12382 12613 12902 13111 13664 14316 15153 15393 16916 17842 19040 19195 19233 19345 20860 22927 23318 24534 25880 29520 29718 41786 44634 50185 50255 51419 69780 73625 76668
1350 1740 1935 1949 2089 2220 3244 3879 5207 5689 5988 6011 6060 6145 6662 7492 7504 8596 11109 11479 12921 13005 13136 14921 15200 15764 16070 16937 21905 22003 22356 23152 24416 26895 27596 27901 29458 36465 40241 40523 41594 42641 45255 47060 51086 56214 79681
83 316 436 587 1993 2106 2299 2543 3960 4522 5145 6315 7058 7110 7928 8985 9046 9158 9211 9475 10141 11106 11165 11301 11891 12020 15471 15988 16610 18163 23146 23471 24946 25929 28968 29592 31746 32391 35433 38474 39747 41660 47094 52606 54574 83050 90048
395 560 1962 2248 3331 3384 3729 3767 4207 4690 5087 5184 5579 5760 6011 6358 7568 7690 7951 8649 8977 9241 9591 12716 13751 14186 14340 14734 17291 17679 19458 20896 21022 21366 24345 29599 31094 31762 34446 34604 39594 42889 44308 49891 63678 79249 92721
55 162 629 741 971 1406 2868 3070 3214 3825 4165 4965 5953 6091 6296 6585 6628 6982 7274 7340 7473 7598 10590 11363 13236 13293 14351 18327 19440 20455 20509 21637 22695 23505 24664 24945 29914 30229 34613 36370 41338 42698 48961 64858 73317 76130 107604
209 361 1672 1886 1904 2893 2924 3104 3160 4121 5337 5682 5877 7149 7419 7549 7808 9416 9699 9925 10112 10918 12757 13267 13402 13591 14933 15515 16798 19313 20087 22130 23259 23324 25038 26804 28649 29330 31702 32275 32611 32757 40543 45322 49759 96673 126687
72 84 800 909 983 1444 1466 1745 1908 2735 3455 3524 3854 4273 5950 7991 8453 8700 9222 9505 10203 10480 13260 13745 15788 16050 16438 20357 21100 22308 22899 23766 24355 24936 25827 26514 28836 31025 36392 39897 40259 43094 43369 51864 66710 69173 90055
164 599 1006 1205 3347 3476 4990 5437 5482 5906 5981 6009 6414 6491 7318 7607 8438 9087 10079 10779 11832 13277 13533 14109 15067 15676 17176 17388 17666 18312 20938 22640 23684 26161 27767 30435 35483 36975 40361 40880 41172 44243 44690 47902 58094 61378 66509
864 891 1403 1638 1801 1991 2089 2713 4842 5127 5864 5870 6151 6194 6238 6426 6931 7103 7267 7412 8609 11006 11396 11478 12637 13480 14161 14553 14684 14796 15629 17772 18682 25980 29144 29317 32621 36624 37182 39927 41704 60955 62058 64404 68051 68126 79028
452 656 1284 1743 1874 1996 2381 2706 2972 3542 3682 4009 4164 4566 6781 6848 6998 7194 7326 7583 7644 8087 8234 8674 10850 12882 14184 14187 15192 16784 18083 18649 20354 22547 26464 26478 27254 28632 38045 38619 46992 48111 53500 54778 57828 60539 155060
129 263 880 1075 2001 2407 3253 3429 4476 5411 5472 5708 7158 9121 9168 12138 12192 12808 14694 14991 15010 15394 15705 15814 16074 16457 16641 16989 17308 18176 18661 20544 22832 24130 27218 28188 29399 31698 32755 37476 37762 41517 46110 47186 50393 53466 66244
1076 1170 1623 2325 2799 2988 3660 3848 4082 4346 4855 4885 5447 5499 6223 6569 7679 10182 10403 10599 11282 12500 12729 13385 13453 16737 17059 17450 18100 19205 21840 21991 24927 25444 28142 29831 30108 36601 38357 40743 41397 41444 43540 49799 50495 64874 117339
266 545 1721 2021 2798 3442 3455 4360 4417 4526 5262 6248 7680 8202 8616 8873 9497 10190 11162 11627 12916 13166 13237 13474 15814 15996 16263 16919 17035 19563 20351 21983 23738 24411 26132 30860 31722 34521 42036 42801 43045 45003 48637 49576 51970 57573 62329
677 1100 1843 1953 2862 4067 4602 4917 4929 7462 8152 8253 8434 8722 10529 11132 11388 12777 13718 16465 16739 17180 17730 18112 18349 18429 19805 19847 21213 21249 21604 23040 24602 25136 25668 26281 28587 31221 34971 37340 38891 40322 41074 44676 45238 60074 83737
294 1127 1945 2090 2259 2964 3086 3441 3984 4107 6687 7233 7961 8536 9590 9656 10643 10933 11976 13139 13400 13620 13687 13750 13832 14181 14713 15826 16608 18585 18954 19179 22704 24369 30645 30911 32006 32418 33582 40538 45508 45982 48991 49329 51849 55591 61516
40 636 1464 1508 1581 2602 2609 2871 3017 3094 3978 4512 4705 4723 6401 6565 7080 7425 9147 9444 10421 11035 12070 13631 14111 14640 15345 20056 20433 20851 28512 29395 29428 30360 30454 31205 34290 35589 35674 36220 41014 42422 47064 52113 58613 62234 74449
940 1082 1110 1139 1206 1584 2357 2984 3006 3551 5593 6289 6933 7612 8293 9378 9569 9605 9943 10321 10466 10921 12328 13574 14784 15192 15878 17359 19402 19844 22162 22683 24304 25884 26043 27095 28360 29395 30183 36572 38864 40088 49414 54940 55389 77362 90977
769 813 1307 1715 1759 2110 2475 2873 3031 3256 3899 4163 4315 5592 5865 6066 9495 10085 10297 11054 11461 12035 12621 13706 14437 15155 15718 16998 17450 21423 22239 23500 26135 26474 29905 31160 33149 33408 33483 33711 34297 40338 42584 48593 55633 67803 115100
341 1183 1743 3247 3333 3589 3663 3714 4138 4497 4739 4841 6155 6700 6979 7724 8154 9612 11529 12145 12739 14438 15044 15651 16544 17507 19733 19865 19974 22945 23175 23590 25214 25839 26526 26580 28141 28606 28684 30218 35664 38402 45438 50386 63280 64879 71362
348 527 843 936 1073 2958 3463 3904 4233 5154 5616 6304 7441 7455 8211 8581 8714 8874 9092 9314 10791 11383 12674 12687 12693 12800 17296 17678 17689 19561 21496 23617 26605 26608 26948 29557 32622 33062 33471 34841 35755 40238 41613 56662 58387 69038 69853
589 956 1109 1379 1740 2114 2935 3146 3786 4355 4763 4869 6817 7239 7657 8227 8332 8486 8632 9140 9734 10295 10378 10918 14129 15555 18156 19828 19906 22087 25200 26018 26496 27611 30968 32977 33426 33597 34657 38087 41498 42222 43752 44276 44457 45723 91036
155 200 815 2369 2456 2774 3936 4299 6295 6376 6901 7365 8035 8731 8866 9155 9939 9971 10274 10281 11334 11755 12836 13268 13702 14935 15436 15470 18451 20593 20845 21081 23804 28367 29387 30578 30852 31937 34672 34901 35091 38016 40881 57850 62028 70272 89922
1365 1611 2824 3487 4118 4225 4423 4823 5447 6200 6486 6983 7274 7324 7778 8251 9832 10778 12239 12703 12990 13753 14059 16153 17289 17742 17848 17848 18108 19512 20786 23707 27210 27346 27702 28519 28854 29176 29863 30454 38511 38586 44839 48547 51653 51669 62672
19 324 340 1093 2039 2271 2798 2874 3738 3895 4289 4793 5447 6529 6577 6646 7614 8025 8162 8861 9185 11793 13103 13231 14106 14169 15416 16567 18143 18856 19189 20798 23359 24072 25646 27175 28860 31635 35326 42708 48647 53284 54523 55502 59262 72675 85504
55 469 722 1089 1750 1756 2007 2285 2722 3734 4213 4409 4690 6272 6366 6677 6744 7059 8586 9470 10211 10803 11809 12295 12479 13740 15443 15611 18043 19412 19782 21692 22641 23498 24127 32416 33784 34706 35962 36032 39424 43785 54562 57602 61787 68115 71197
547 1692 2254 2966 3509 3606 3870 5005 5174 6011 7056 7337 7914 8544 9446 10128 10366 10957 11960 11985 13559 13893 15394 15638 16556 16792 20126 21116 21260 22277 24256 24972 25524 27621 32384 32424 33423 33831 34779 36618 40952 42709 43122 46874 49046 52680 62936
215 572 4030 4769 5694 5779 5956 6725 7360 8006 8143 8368 8553 8648 8863 9393 9598 9894 10254 10459 10526 11002 11913 12752 14427 15965 16845 17865 18241 21355 22175 23944 26593 28486 30945 31321 32197 33029 33590 33615 33931 34791 40822 43148 54205 58873 69353
123 1007 1231 2179 2902 2955 3543 4009 4044 4221 4834 5430 5715 6204 6742 6815 7317 9983 12662 13267 13371 13418 14329 14727 15602 15888 18583 21624 22163 23680 24649 24924 25306 27052 27850 28519 31161 32785 32909 38298 39470 39702 42625 48681 50074 61637 70922
1270 1361 2847 3917 4178 4396 4403 5841 5850 6538 7477 7678 7979 8571 10237 10357 11382 11923 12087 12578 12974 13136 13840 14679 14804 14915 15702 17055 17479 17754 19443 19582 19675 22663 25617 26894 35205 35696 43136 43163 43813 46190 49178 50406 53686 59662 67903
191 527 1369 1403 1469 2237 2649 2838 2864 2918 3005 4925 5450 5521 5599 6290 6351 6521 6936 7168 7237 8668 9006 10580 11680 13851 15210 15968 17222 20851 21474 23338 23815 24631 25713 26574 26673 26869 28026 28416 33796 47516 49363 56991 62283 70811 120871
112 1017 1289 2055 3349 3881 4673 5079 5698 5892 6736 8323 8840 9177 9885 10114 10466 10661 11345 11480 11922 12349 12452 12592 12696 12969 13248 13818 15903 16494 16757 16757 18605 18745 24327 24426 25172 26642 29232 29890 35894 36453 43961 46538 76218 78814 112254
444 597 1159 1646 1730 1797 1991 2226 2297 2743 2884 3486 3917 4333 4652 4724 4797 5262 5381 5413 7675 8139 9801 9893 10528 11114 11855 14294 14430 21370 22303 22322 22774 22807 24497 25911 27703 30336 31940 35623 38760 42642 46357 56837 73454 85872 118393
183 254 842 1734 1883 2088 2230 4475 4701 5051 5248 5954 6284 6463 7091 7872 8260 8288 10076 10844 11591 12084 12229 12416 12453 13477 13575 13686 16511 16897 17755 19862 20272 21034 24076 25452 25488 26787 36799 42486 46268 52519 54699 63947 70160 76896 79737
1034 1095 1325 1802 1860 2929 3180 3718 4128 4591 4890 5186 6298 7226 7358 7386 9655 10115 11727 11738 13647 13744 13954 15809 16754 17116 18021 18091 18871 18950 20689 23344 24970 25929 26548 28288 33412 34871 36433 38234 38349 39277 41233 46942 48792 68214 71674
998 1211 1597 2385 2572 4776 5126 5156 5594 5662 5913 6001 6214 6404 7216 7232 8903 11864 11963 14436 14586 14913 15847 16486 16644 17430 18586 21463 21561 22465 23017 23716 23912 25954 26301 26856 27276 28372 38494 39017 39461 41464 41874 42566 47057 60370 63942
214 1208 1257 1575 1949 1961 2317 2983 4279 4593 5070 5479 6320 6353 6546 6750 7063 8331 9810 12246 12943 12956 13306 13925 13967 13974 14438 15387 15489 17100 17209 17692 21301 21310 21542 21610 23630 24732 25309 28381 30737 37156 38949 50458 54275 103023 186714
