1000 27 29
53 2216 3038 3659 4857 5183 6251 7201 8578 10336 11448 20189 21794 22502 28240 30746 35205 35916 39681 42187 43112 43299 48962 58170 68577 68924 79710 96862 114920
290 862 901 3199 3398 5829 10991 11883 12724 12760 16416 18436 19334 20918 24024 28268 29060 29919 30818 32984 33102 43714 51009 55193 78648 83085 87497 102173 117096
4530 5164 6382 7721 7973 8208 9762 10690 10766 11445 13427 14527 16743 18868 19128 23602 25273 30537 38790 39315 40593 55170 57612 61551 68555 70283 84521 90767 117665
1417 2136 2769 4146 5486 10790 11308 11415 11681 12729 19062 21306 23985 24172 24321 25505 26892 31583 32164 32327 34471 37136 38244 42304 48468 50856 67712 113537 192277
804 3027 3520 3925 4427 9389 9762 11455 12019 12311 13166 16611 16931 20614 30212 35631 36593 39764 41144 43422 43813 47681 48389 51797 53791 66574 68406 103348 108403
18 876 1145 4003 6041 10578 12642 16427 17321 20606 20619 21712 22631 23877 24408 24864 25695 26732 27263 27641 27819 28155 45374 46725 50269 54762 99733 105573 190091
539 1967 2335 2397 2407 3763 5115 9118 9854 13736 13893 19206 19543 19572 20594 22202 22248 23162 23290 25878 32528 33799 45556 59067 59583 97331 109398 115996 142163
630 2250 3922 5214 7500 8364 9805 10542 16076 18379 19047 19092 20636 21811 29380 30382 30513 31578 35250 36317 40833 43191 45908 49985 55227 61149 67500 101156 134195
118 900 1125 1392 1909 8997 9461 10511 10743 12164 12620 13312 16098 18133 20917 23895 29725 29807 32016 32016 51300 54627 61602 65355 66144 70574 74091 116543 127753
393 908 4862 5989 6311 10062 10674 12627 13509 14474 15393 19520 19564 24101 24701 32077 34479 38481 39465 40816 41796 47059 47320 54450 60639 62272 65225 89927 120297
1346 3259 4283 5706 8294 8431 8659 11157 12576 14278 15641 16761 17406 20488 21983 25211 35419 37235 42421 43522 43708 46054 49874 57068 62125 73088 79265 83316 120000
179 1769 3091 3645 4465 4604 5445 5541 5960 7708 11031 17989 19300 20831 22251 26595 30137 40791 41111 41434 42566 49212 58388 59811 64863 67978 84962 109026 125215
92 431 1540 1755 2993 4886 6111 6171 6755 10272 13712 13988 15749 20149 20969 23010 24236 24703 29786 30049 31737 40670 57139 66066 72376 75801 78333 78868 198092
773 1200 1794 2718 3212 3701 8000 10316 15622 17716 21140 21967 23006 24066 25133 26102 28114 28840 30371 33094 38448 48223 54317 66350 68003 69218 88067 96499 123709
555 736 1395 1509 1885 2537 2900 5714 6148 6175 10002 10417 14930 25264 25927 29133 31071 31104 32143 35076 39308 40199 41508 44646 56492 62868 68729 121161 211479
1201 3298 6301 6353 7655 8133 8414 9653 12222 18571 19294 20057 21478 22261 24444 24487 30135 30781 33877 36220 36681 37083 38973 45381 52475 65255 84480 101732 158332
2445 3225 3526 4480 4568 5448 9067 11447 12133 12378 13479 14484 15698 20157 23748 36996 37392 46480 46561 48848 49179 50013 51521 55967 56576 58893 61662 101434 102592
47 418 2385 2563 6374 6713 6967 8736 9663 11359 18291 20778 21152 22126 23772 26741 27593 30564 31108 35270 52153 57402 62122 63214 68038 77360 83947 94168 102977
403 1209 2114 2757 4813 10100 11616 12353 13036 14416 16384 18158 18370 23131 23749 25742 32887 33132 37717 37811 41538 44414 65669 66021 66830 69051 75836 79271 117204
705 1382 6568 6619 8101 10122 13610 19712 21216 21552 23231 23279 24473 24774 27010 27308 31396 33265 37980 44611 48115 48984 49401 51271 56249 76070 76300 79560 84886
2111 4577 6293 8657 8716 9010 12471 13283 15660 16932 21155 24203 27164 28940 29464 29511 30266 33121 33471 36936 37477 41758 47702 54813 65759 67950 70313 78651 127036
1536 2368 3671 5892 6548 9647 12550 12975 13198 13233 17891 19958 22014 24319 24413 25147 27272 28117 30076 30268 34551 38763 47407 49094 62157 68093 87523 110119 129198
1824 1855 5476 6055 6342 6832 7073 7307 12471 14939 15346 16779 20354 20747 24131 24799 37336 44205 47479 47897 49200 55087 58258 61026 61256 74743 78653 85548 89730
1023 2387 2551 3856 5994 7674 8701 10170 11010 11272 14114 15904 16976 18800 26475 27269 29827 31373 32647 32709 36706 42151 52551 56064 65340 78235 87515 104308 144776
1370 1600 6416 6602 9199 9714 12373 13564 13859 15163 15905 16922 17804 18565 20227 21684 27506 27942 34991 36030 37413 42956 46857 48003 54030 84604 90972 116276 122565
3129 3538 5734 10594 11715 14617 15484 19227 19884 20997 23532 24314 25554 27976 28276 28307 28663 29139 29655 33701 42646 47312 50242 52953 54226 63728 65037 74176 113400
147 520 1534 1800 6849 8377 8619 9453 10886 11537 11914 14647 23782 24384 34041 34679 36668 37451 38657 40979 43222 44634 50731 50751 52821 53732 62919 93106 168140
