1000 32 12
7401 22563 29796 30203 35390 85347 94137 96324 114832 144665 156241 159383
14926 19977 25132 28210 41486 46254 76649 82467 92369 123571 201736 220235
3723 9789 22168 24155 54478 71569 88494 108038 114388 122069 169869 184477
11983 13255 16145 34414 50075 74454 82164 91722 101485 104287 197696 203618
3128 8733 32082 46575 48484 49042 55861 80953 100484 107551 209263 231145
16727 20506 22151 23218 44583 49713 78462 79430 99406 104302 156093 290405
2314 25739 29984 32937 40429 45520 51697 57132 93088 102152 204793 304522
4238 5311 5657 11348 16068 16894 27084 31543 41405 56986 197256 559315
5736 7935 8571 52052 60104 71634 83930 88928 90208 106774 174235 222952
7678 15954 18255 21904 26265 64073 72082 81642 121881 155756 166698 237854
5976 11045 29185 34029 54473 56482 89622 115455 125314 142288 151664 163115
6424 9417 11565 29463 40901 44635 79672 97862 104789 161199 164013 238141
2600 6263 28647 31879 39891 54786 71914 97425 102479 137588 191973 219904
367 5905 34777 38788 47695 49204 66263 77911 107721 127410 183918 250483
11097 12034 13315 33255 34144 75260 90067 94717 118900 128250 163332 201056
514 3938 28568 31296 36928 62830 75211 87870 121831 157197 165392 206191
1985 3022 5131 30270 31658 61527 64607 94056 98264 186751 191198 217988
1193 5493 33621 54232 57146 60767 75718 97099 99728 136637 157122 195516
3867 8028 12382 18910 19901 29005 60826 82824 89455 197119 210887 251910
256 1881 14569 29893 51629 59998 62362 93732 97600 127937 139844 310948
11583 34828 36554 47304 51719 51766 53543 71031 77974 130634 131997 274047
718 16934 27270 29400 48104 66270 70403 72972 74977 99433 171561 296629
1761 2198 3022 30759 52665 60954 61845 103175 132502 146084 181848 197239
1649 7171 15784 19245 22468 51841 91450 99651 119142 147758 162496 241763
5229 29118 35644 52027 52036 57850 69901 75099 123757 126747 130053 223782
10667 14549 17025 26637 34811 46216 57723 63691 78385 168933 171586 285852
12811 36475 39811 41144 44207 63777 70802 82249 98426 100926 196871 202229
13408 17452 19200 24966 41063 55227 58359 64265 157379 161091 173933 196907
2245 13369 14076 24639 36726 36752 68578 81322 123894 159342 202459 217786
11201 27471 29957 38609 67237 84233 84243 84664 90418 103246 173739 178237
9719 14762 32991 37750 46959 67332 75637 81125 114787 116766 180940 205989
8745 9184 20518 20735 23576 49861 88055 88852 104318 146408 164099 252445
