1000 12 41
613 1575 2015 2048 2187 2372 2715 5073 5334 7400 7783 8041 8339 8555 8799 9211 9728 10038 12314 12365 13072 13207 14144 19695 19901 19978 20800 23343 25998 26951 28198 29981 31027 33178 34758 37754 39036 42928 44815 45349 49003
335 626 1162 1845 1953 2377 3588 3762 3771 4364 4436 4936 5851 6439 6726 7777 8947 8960 10696 11626 12152 12947 13348 15392 16494 21066 21654 21807 22407 22537 24000 25148 25198 25686 30645 31936 34047 47525 55707 82618 87364
553 1073 1158 1433 2051 2128 3818 4534 7213 7311 7476 8783 8929 9466 9740 10513 11774 12233 12344 12475 12575 14102 14446 15264 15889 16821 16855 19106 21618 22337 22953 22970 26249 35540 40321 40827 46890 68887 76951 86141 92170
459 924 976 1066 1206 1950 2680 3733 4160 6584 7155 7492 7566 7693 7833 8003 9775 12605 12884 13482 15252 15380 17335 17385 17969 17991 19211 19492 19997 21033 22326 25217 26018 29771 33952 36593 40226 42985 55191 64811 76745
607 649 867 1108 1384 1965 2664 4185 4514 6196 6880 7082 8186 8222 8814 9978 11242 11337 12376 12465 12870 13692 14047 18521 18521 19499 19903 20376 20410 20668 25332 28282 29345 30006 30858 31716 35636 42108 53410 65934 81637
306 416 1339 2094 2438 2569 3503 4233 4384 4973 5394 6144 6333 7037 8431 8993 10482 11290 12721 13261 14539 16321 17928 18867 20796 21151 21360 22082 23939 24408 24720 26875 26891 27655 29310 33282 35900 42125 55061 60326 74064
718 1591 1668 2565 3380 3465 3886 4793 4872 6232 6294 7627 7707 7836 8021 8074 8862 10538 10925 11834 12751 12924 15027 15335 16472 18016 21360 22970 23413 23564 26291 26295 29049 30544 32911 34374 37437 41936 56096 59510 79701
1077 1190 1216 1277 1283 1770 2143 2628 2710 3197 3546 3814 3866 7286 7356 8516 8812 10043 11392 11840 14412 14674 15030 15161 16736 16981 20392 21296 21963 22189 23868 26661 28236 29626 30388 30685 36242 39049 42483 65302 83708
240 674 757 1060 1858 2047 3851 4794 4977 7272 7756 10106 10599 13754 13917 14113 14217 14650 14893 18454 18974 20359 20698 21057 24011 24270 24816 25289 25413 26368 27043 28063 29322 30588 33287 34861 44212 44847 51672 62429 64068
38 55 759 3067 4155 4364 4873 4999 5622 6002 6231 7633 7796 8212 8271 8379 8453 8466 9546 10071 11521 13028 13116 13135 15450 15877 17707 18346 18757 20373 20570 20583 22713 24600 25345 28260 31676 34402 44603 61998 71189
2168 2696 2792 2950 4684 5168 6292 6615 6638 7022 7520 7679 7765 8350 9678 9878 10001 10572 10951 11123 11682 13592 13942 13975 16129 18068 19085 21089 21532 28261 28442 29101 32796 33250 35126 36021 36941 45256 50623 62442 75907
59 560 1216 1496 1836 1841 2417 2679 2858 3041 4790 4965 5650 5839 5974 6251 6704 7059 7108 7532 8307 9170 10158 12523 15172 16040 16509 19636 19712 22692 26211 33065 34550 36205 39025 42605 44334 53497 78768 87307 90458
