1000 39 20
1091 3066 5480 14951 19373 21058 22350 23517 24805 28010 29246 32465 33731 34827 45604 58964 69741 85897 182578 191670
5995 7407 9548 13490 14303 16591 18110 29187 29924 31807 32066 33275 54119 56047 60897 75657 76152 87478 87543 113534
282 2698 3382 5788 8142 19762 26569 27262 34462 39483 39575 42240 48294 52348 54831 64765 84760 86436 95370 158714
1104 2668 2778 5389 5828 6352 13106 17491 24870 34223 41650 53011 57236 57447 62636 64639 66520 69660 127631 211733
1836 1867 2785 15532 17735 20548 25434 26175 26873 27385 30199 39889 44210 55591 60721 63775 69891 95699 98523 217584
4914 6467 6910 11960 12659 15227 20044 22773 23537 24566 26269 40370 55218 56041 56658 79023 81433 83032 95971 111616
2920 7109 11014 15042 15393 15499 15956 16868 23485 33711 43599 43986 45491 54256 56133 67326 83493 95574 110234 120570
4124 5728 6357 7078 14302 15503 18892 24538 29182 29854 33050 50500 55667 56944 59343 72575 73058 97025 100475 125426
286 518 2455 6699 7612 11205 18033 20776 31854 32231 46775 52958 59584 60205 62230 73244 79620 80509 114263 163189
6144 9654 14887 16307 20430 21329 22300 23749 24490 27327 28212 31163 32470 39437 40220 44371 74259 100755 109031 149519
5245 8923 12037 14403 14549 16138 17828 18641 20018 28805 28986 30247 33613 38131 49389 73738 75400 106920 107936 172811
1549 2091 4226 4483 7238 8504 12976 17181 27820 29486 38926 47691 49254 68850 80183 81567 90720 93234 96944 109427
1811 2011 6329 7169 9855 11288 15918 23933 30668 32836 40563 49566 50185 55020 55372 55915 58778 88185 109782 144745
667 868 4711 5153 7409 11369 14447 19498 24976 28114 28690 28765 39391 59224 60213 69514 71759 88878 133412 202900
1564 2063 2945 4434 11378 19508 23052 23578 26806 29619 32143 34742 36829 55201 55987 74901 83806 98274 99872 195558
3528 4390 4643 8933 14591 16434 19310 32307 36178 41910 56067 56072 60609 63923 67947 71100 78177 78792 91893 132925
4193 5107 7162 15156 20462 21374 24065 26475 32115 33184 35012 38315 38647 39359 41129 50310 50479 78118 155797 212035
555 6920 7849 13966 18155 19390 19540 22123 24484 28039 38127 40883 42991 43766 44341 50586 51056 109574 159087 159643
1015 1147 3678 10370 10784 10996 15200 17135 23348 24721 26389 42296 50105 61484 75283 87830 94881 111510 116511 154579
256 858 1909 4938 6549 7799 8149 10256 13923 14624 18945 20369 27789 32961 68486 85845 86419 128227 137328 176321
1881 4814 4950 6136 9745 13166 24469 28415 28824 32581 33653 39877 50039 57728 61514 63396 84222 102115 103673 160672
4790 4924 6990 12530 15408 15635 16782 17078 17447 22126 34455 41277 47213 54281 63715 68668 75363 85005 92506 166497
2147 4886 6883 12525 13600 14638 16828 17938 26608 28331 44380 46042 53069 64702 74310 74469 83067 87546 117002 141170
576 5170 8453 9049 14831 15627 17951 18162 20222 23408 24836 35745 36263 39695 59477 68425 77976 102326 114238 202617
2153 5889 7736 7753 12041 12831 13794 20596 24425 25701 26268 36846 53210 56456 64488 71890 95236 115784 121142 146320
1934 4050 6558 6725 13478 16593 19864 24257 24567 30637 31071 31354 33661 37601 40417 65872 65967 66481 159513 197363
3013 4581 8155 11032 13438 13810 24006 28527 31813 32424 36424 37260 42876 48344 50106 52135 57493 71680 75940 184920
672 723 2090 4074 4852 11174 12615 21332 21618 25065 28522 46804 51579 63660 71727 72520 86305 87620 98985 169873
1531 2669 2853 4374 12935 14657 14838 16552 18291 18873 23584 33751 34692 38766 61367 67589 69268 109598 135637 199897
2445 8793 9764 10953 13171 14126 19045 26509 29930 38509 39382 41185 44855 63054 69023 72465 75239 76567 84841 130210
540 5381 9551 9761 26233 29211 33834 34548 36566 38785 40303 47275 49947 50723 51996 58215 61136 85179 86771 133889
5487 7711 10172 13366 15079 16364 18758 20357 20370 30092 36518 41866 51766 52964 73185 80414 81210 83275 104233 112384
1521 6599 7727 8212 9245 21368 27068 28118 29203 38907 39348 39901 43865 43923 61374 62751 89071 97353 119443 127372
876 1131 3247 8847 10522 21551 21982 22953 28560 36665 39354 40031 42038 61090 62798 66832 80119 89096 117353 117889
3233 3979 6935 8471 9150 11849 17161 20691 21841 22959 29070 29903 41031 52705 55124 75791 85470 92608 107354 160727
2276 2503 5288 6330 14639 15872 17161 22585 23678 25687 32753 34667 53901 60098 68883 83213 91874 92659 116696 165024
3692 5801 6561 9724 13083 16609 16696 17404 22229 22750 41701 42626 49149 49430 54773 61173 84133 111961 121142 172724
10702 15102 15379 15744 16640 19064 24101 25903 27922 35311 37935 38869 38875 40534 62812 67144 77501 85514 95551 151006
1416 4115 11609 14019 16428 16523 19813 21628 22807 29887 36175 43887 46934 52163 53049 56243 79445 89615 100044 159028
