1000 24 34
982 3042 3723 4109 6048 9139 9231 9538 9928 10820 12422 13519 14692 15200 16183 16715 18396 19486 20884 21397 26537 26658 27678 31229 31235 31606 36722 38528 38744 46817 47768 52062 54064 75081
188 791 1468 3509 3593 3913 4921 4935 5355 5483 6904 9067 10783 11037 11069 11600 12717 16577 19317 19498 23062 23268 25109 25677 30930 31565 47924 48803 49267 58539 58924 61469 82952 129460
1346 2730 3251 3952 4639 4715 4819 4982 5023 5131 5201 5968 8953 9662 9681 9871 12222 16735 17035 19180 21340 26150 27504 32321 37477 40239 44352 44440 45774 48860 55771 58021 78120 78406
267 431 1012 2832 4358 4759 5323 6762 7287 8547 8560 8860 9967 11093 11840 13975 14852 15349 20236 20592 22615 23078 25198 28362 29898 30491 41346 45204 49747 51286 61005 66110 78160 129138
79 133 319 2195 2202 2211 3449 4108 4365 6332 6509 7979 9310 10524 11495 12389 13039 14088 14458 14746 18437 18520 20239 22923 24877 25537 26033 27322 38469 42683 49057 54783 75248 88176
168 1610 4997 5414 6127 8119 8309 8938 9464 9690 10331 12169 13452 13538 14687 14885 16430 19349 19539 21386 24481 24908 26263 26353 31374 35077 42899 45226 45277 47629 51912 54232 63481 70260
779 882 1336 1804 2315 3127 5046 5190 5854 6795 7699 8325 8665 9509 11398 12242 14281 15097 20014 22566 25932 27171 27987 30469 30735 33567 34879 45481 53175 57019 61472 74748 85914 105414
2568 3030 3767 3777 4256 5032 5948 8010 10658 11255 11464 11768 12480 13231 14339 16681 19027 19507 21662 23004 26166 26655 28557 28991 29181 29199 42414 43106 45443 49442 53594 56626 56804 71845
517 579 929 980 992 1405 1751 2160 2958 3173 5513 5680 5696 7781 8222 8285 8822 9539 12262 13614 14252 17353 19748 21846 24545 26425 39414 40827 55162 55397 61602 63406 105582 111268
344 636 1641 1909 3245 3342 3644 4489 5334 5905 6075 6647 8053 8469 9663 9686 11534 13329 15337 17462 19347 20146 25571 27903 29657 31824 35085 37789 41839 42996 50037 54485 54691 61579
772 1007 2116 2269 3073 3530 4884 5416 5435 5923 7015 8834 10005 11147 11541 11639 12191 12326 13359 14689 15404 16610 20424 20890 24498 33472 34803 35941 36225 42515 44844 57639 63324 129656
619 808 1039 1130 1240 1861 2018 2205 3490 3524 4060 4690 8011 9228 10234 13759 14733 16597 16843 18084 18231 20128 22881 25502 25569 27025 31524 31711 35461 36797 55443 55934 61704 74909
736 834 2161 3002 3682 4694 5917 6108 7191 9239 10000 11983 12471 13507 13508 13872 14411 15618 15681 15927 16297 17051 22324 22938 25746 28801 29391 32936 43225 46787 67818 70473 104811 131501
569 639 2923 4880 5161 5597 6263 6387 6545 7289 7604 7728 11624 11833 15508 16694 18156 18383 20090 20869 25874 26360 29626 31818 33013 35528 35750 40682 43962 44268 44417 58352 73780 85042
1172 2003 2283 2388 3163 3395 3464 4131 4959 5577 6812 8071 8100 10631 11885 14296 14529 16472 17696 17897 19856 26502 32767 33429 35781 36618 36924 38795 41408 41496 52372 54843 72429 84338
566 870 2180 2867 4215 4278 5114 5115 6416 6855 7834 7873 11913 11993 13536 14011 14173 15029 16475 17830 19057 19394 20345 21788 31978 33936 36683 37843 41156 44940 47001 51944 53527 54442
324 383 785 1364 2339 2916 2963 3483 4173 4862 5687 6056 7142 9334 9724 10846 12846 16533 16613 16656 20242 20298 21202 32026 32053 33162 33653 33663 38611 41837 56210 56408 79413 82024
149 361 391 413 1834 3108 7710 7992 8919 11728 12318 12515 13874 15269 16272 17745 17927 19313 21026 21711 23674 25849 26017 28747 29414 30297 31104 33319 33477 36088 37930 42938 47692 74039
827 1003 1157 1293 1500 1565 2743 4924 4964 5433 6257 6278 6668 11958 12420 12568 13006 14549 14567 15887 17323 18497 21583 22322 23850 29774 36129 45689 49571 55806 70892 75526 80532 97932
327 1084 1116 1651 1965 3232 3905 3915 4436 8273 8326 10011 11630 12335 13445 13698 18243 19515 19909 21194 24632 26886 27324 29111 33679 34234 42471 45454 45759 47350 48106 50512 56503 74558
352 608 1509 1627 2462 2488 3347 3969 5215 5774 7149 7751 7815 8442 11529 12760 13066 13379 14153 17188 17390 21067 27415 29518 32053 33851 36176 36483 49292 57202 61335 62470 73300 81093
323 824 1376 2063 3106 3979 5044 5784 6310 6399 6619 6913 7118 7274 12164 12759 13404 14238 16716 17268 18130 19011 20792 23938 24991 39746 40900 44328 53653 54983 61853 66443 80814 125338
218 1832 2463 2508 3204 3460 3567 3808 3894 4437 4484 5949 7083 7646 9154 10451 13706 14052 14868 15269 16249 21047 21908 25822 27181 33300 38812 38832 45928 50690 55723 74828 79836 80076
351 367 1156 1255 3275 3618 4080 4186 6461 7085 9202 10229 10481 10808 11290 17206 19778 20805 21420 22470 22591 22602 22856 24231 28351 28882 30992 32522 35399 41021 66669 92507 96330 141362
