1000 22 48
657 741 830 1272 1593 1686 1803 3456 3867 4389 4980 5384 5526 6568 6892 7493 9662 10303 11882 13428 14024 14643 15654 17324 17433 17643 18104 18834 20320 23172 23707 23788 24312 25398 25781 27055 27658 28009 30496 38675 41257 42680 46205 49440 53826 55286 58915 70190
168 376 825 1823 2291 2520 3186 3315 3507 3507 4331 4759 5643 6365 7057 7704 8518 8937 10443 12808 15165 15488 16215 16428 16492 17524 17982 18799 19053 19155 20384 21443 21984 22472 22835 23351 26949 31361 33631 33834 36322 38023 49300 51942 53031 57756 64219 103580
413 1574 1808 2509 4422 4914 5645 6084 6093 6374 6400 6611 7391 8264 8297 8715 9104 9513 10012 10476 10526 11650 12547 13620 16775 18162 22534 23222 23407 23505 23656 23949 24279 25573 26864 27523 28951 29144 29873 30383 32760 40880 46054 48321 51139 57612 62883 72993
212 1355 2466 2833 2835 3675 4013 4059 4757 4912 5201 6078 6120 7148 7433 7603 8132 9044 9126 9176 9964 10129 10316 13078 14527 16042 16924 18741 19610 26321 27632 29319 29982 32030 32857 34084 35474 36461 37708 39247 40755 41080 42239 47783 53285 53972 54446 56158
290 824 1024 1876 2608 2836 3080 3110 3227 3678 3762 3962 4173 4929 6518 7254 7505 8705 9008 9542 11563 12430 14125 16780 17729 17733 18694 18739 19960 20680 20903 22457 23096 23244 24988 26031 26156 29621 31087 34743 36977 47812 49849 53782 58180 62746 63790 91978
1013 1528 1892 1898 1921 1942 2288 2803 2859 2931 3698 3949 4625 6631 7331 7671 10467 11536 12169 12271 12991 13919 13965 14514 14642 14668 15038 15446 16930 16945 17782 19524 19872 21420 26855 27791 31178 32532 33546 35690 38732 41423 41842 43452 44142 49228 97139 107623
8 57 75 360 478 1957 2258 2880 3097 3103 3683 3942 4514 4753 5102 5400 6578 6657 6696 7852 8536 9881 11050 11159 12455 13820 17830 18165 18212 18470 22475 23212 23935 24498 26628 26993 27582 34803 39490 40218 42587 43125 43437 50708 65690 66899 81382 82972
133 495 748 1692 2473 2927 3420 3869 4113 4402 5124 6190 6790 7662 7937 8161 8291 8326 8475 8786 10333 10848 10885 12363 14747 14866 15591 16406 18795 20049 20923 23169 23660 24892 26818 28534 31830 32127 33202 35003 37206 40913 42811 46791 54419 70107 73432 89674
428 1022 1989 2670 2808 4090 4276 5056 5259 6711 7009 7045 7122 7840 8451 8536 8684 9659 10707 11163 11171 11296 11902 13038 14108 15358 18427 18641 18924 19742 21710 23437 25080 25606 25897 25955 27247 33308 35956 36933 37670 42765 47693 49424 49551 52463 53655 91959
583 655 812 1014 1018 1086 2134 2385 2626 3164 3336 3465 3768 4607 4767 6077 6083 6287 6330 8386 8883 10828 11037 11127 11720 13068 13297 13981 16091 21456 25338 27409 27790 30112 31857 35141 36478 39020 41306 41653 42451 42926 45684 48969 50377 61077 71114 78489
167 508 652 930 1222 1289 2232 2468 3347 3386 3427 3979 4607 5754 5851 6341 6628 8738 8852 10100 11560 11659 12770 13346 15297 15422 15998 16374 16487 16814 19074 21335 22617 22858 24369 25427 27421 30463 32353 33792 34997 42476 44876 44965 47810 66259 75692 131292
887 2015 2617 2839 3409 3578 5596 5747 6159 7002 7017 7196 8369 9404 9543 9614 9983 10455 11375 12660 12684 13564 13736 14879 17336 18391 18591 18642 20223 22527 23723 24135 24439 25322 26789 27388 27809 28030 29249 32194 33605 33755 35996 40091 45830 55281 75288 82057
330 454 515 1390 2048 2732 2931 3023 3679 4068 4303 4838 5389 7368 8574 9674 10491 11348 11496 12605 12641 13932 15808 17096 17644 18353 18439 18466 19167 20447 22249 22672 24154 24226 25073 26157 27137 29933 33950 34560 35908 38073 42557 47086 55793 57483 71403 75643
1053 1439 1721 2576 2757 2832 3139 3331 4468 4884 4925 5122 5189 5203 5818 5970 6346 6523 7186 7286 7400 7987 9469 11561 12334 13648 14571 14958 15781 16990 17801 19317 20026 20666 21949 24013 25443 34293 36849 37540 42013 42805 47876 48061 60675 61387 96126 110394
66 141 180 2232 2409 2464 2702 2826 4606 4891 5928 7684 9055 9228 10072 12346 12819 13336 13669 14019 14265 14824 15448 15799 16753 17938 19308 19434 19489 20994 21921 22702 22714 24390 24831 24840 24985 25981 29650 31709 32772 34330 34869 41335 45795 50228 92364 95628
187 482 638 737 1642 1766 3474 3961 7928 8067 8283 8959 9700 10115 10349 11988 13888 14158 14338 14375 14542 15305 15923 16674 17904 17999 18056 18085 19439 19578 20040 20090 21826 22449 26785 27637 27743 28058 32114 32731 34941 35251 37627 43421 43514 48922 64516 88360
262 432 553 843 2142 2163 2601 2644 3162 4010 4926 5704 5826 6422 6726 9525 9748 10671 10676 11090 11235 11304 11344 11669 13179 13303 13412 14725 16840 17343 17745 18632 18656 21111 21158 21753 22012 24493 32109 34053 35045 37814 40318 42034 45649 67838 104079 137697
594 2076 2800 2932 3128 3586 3753 4036 4619 6231 6495 6856 6991 7204 7733 8429 8435 8818 9834 10364 10428 11309 11463 11881 12700 13358 13514 13895 13929 14821 19948 22156 22693 25545 25617 25975 28460 32633 32644 36060 38652 42653 46135 56473 56976 65549 73350 85323
9 402 922 1087 1308 1959 2087 2487 3372 3594 3889 4510 4862 5545 6657 6982 7157 7787 7822 8396 8749 8919 9202 9807 10846 12366 12762 13162 15476 16436 17267 18271 20780 30532 30584 32010 32123 33366 42891 44176 44959 46887 49570 52481 57870 60174 83719 85432
31 187 551 1222 1896 2068 2261 2265 2530 2745 2981 3897 4275 6362 6783 9229 9282 9324 9703 10174 10357 12925 14444 15689 16048 18687 21902 24066 25593 25959 26137 26826 27170 27667 27741 29630 30077 33609 34015 35576 36715 36750 37915 38416 49103 49859 68140 89851
194 382 384 513 1223 2993 3161 3258 4787 5015 5080 5325 5935 6383 6815 7013 7131 10542 10991 12830 14128 15809 16287 16609 16616 17220 17229 18220 18304 21565 23683 25223 26055 26387 27552 30710 32991 34313 36026 40706 41076 42711 44172 44215 44735 54977 59378 67101
51 467 2264 2777 2838 3062 3493 3797 4019 4427 4627 4818 5050 6221 6420 7392 7542 8292 8321 8814 9775 10051 11635 13802 14617 15496 16419 18197 19468 20745 21147 22751 26822 27822 28227 30016 31252 34103 34298 34859 40907 48417 51987 54478 55903 60024 67494 67738
