1000 20 15
2508 3522 9166 11094 22031 24257 28043 36734 44677 52629 73768 93929 95235 170286 305304
2013 11582 23627 31252 36585 39959 46564 54212 57923 66302 78129 99105 112124 136914 164186
196 284 13297 18018 30503 30867 49880 50883 70102 72385 85389 99890 126371 131575 197592
4760 15339 16352 18870 19596 22914 22945 35079 56384 66562 68715 127221 138558 146156 208940
5227 8203 15073 21055 24350 24484 36979 42397 51279 53444 59626 70414 109042 115648 307081
4692 8174 16159 22569 26166 27279 35389 35481 56536 92111 106162 122444 126950 137836 140456
5565 13007 22852 29808 35200 36256 37137 49355 54031 58008 60029 73985 74394 184677 209819
367 3792 5755 41751 43759 46941 51933 59504 64509 69329 71247 75984 93080 126839 187562
2184 8249 8674 10812 15507 26192 37219 58971 62838 69648 82156 109064 119619 139700 219421
2394 9460 11844 23027 42715 45465 47550 58290 68290 81228 82747 83062 100745 114471 208291
406 549 3860 7529 8182 8324 27340 35834 38426 57583 104797 121225 156240 175906 225747
837 861 6029 12047 14610 16870 40915 55802 58996 80362 80926 81894 82711 212623 232657
394 1447 4955 12502 19279 24124 42060 53578 62736 81992 86603 88178 102247 104050 285553
1631 4657 9859 23502 33396 33463 43962 47190 48934 79523 83942 92537 98965 146810 231963
9735 17191 18652 21711 29420 32713 50260 60158 61575 68011 72578 104945 105708 143967 168273
5296 10712 20668 22968 24072 28524 29102 35142 48339 50299 71212 79820 98806 193613 253963
10380 18436 26558 36561 44392 44569 46454 47643 59681 76062 82026 83246 87473 138722 172222
9203 15290 25612 33331 36694 44634 49107 50873 52136 64774 65032 74132 74548 165659 186698
7988 10390 16208 16498 17903 23509 25494 35221 40310 54116 68176 78143 90242 217909 262205
483 3487 7226 13447 14721 24575 30973 56824 63878 71467 78446 88244 128741 130456 235695
