1000 41 16
1397 5583 5797 12097 13941 34709 35430 40646 46060 66649 90248 104232 120090 127130 127785 128570
991 2175 3303 11991 13590 14731 17917 31994 32034 38519 51400 60844 101203 109235 128407 332709
2035 4343 4735 9633 13006 20294 32679 34805 40451 52154 58591 72913 95704 121672 157829 222281
2418 10313 11704 13435 13634 32724 42670 47074 51895 72348 76479 85383 90274 98333 141903 177138
1463 7708 26154 26658 28774 33791 36161 43393 45167 59828 76474 90431 105700 112466 128569 154301
539 13795 23886 29659 30678 34459 35829 36492 40151 50365 56531 78434 81256 100466 157516 184668
6658 8488 8931 14618 14642 19700 25474 32852 46215 72684 96018 97927 116176 123391 126257 127511
4936 5729 18351 18501 18611 29062 29976 31249 33907 35311 58258 70293 103288 108635 124730 270150
1121 8416 12828 20835 23371 31794 42963 45864 58546 62969 64725 83541 88338 109039 130034 154465
2336 5085 5096 20253 27478 53146 55195 60542 62527 73873 79410 80169 90350 106078 116193 137828
4652 4846 5522 9830 28201 34775 37961 47068 64950 79258 81197 84879 89746 93505 106852 167613
2484 14203 16237 17112 17128 19554 23326 35534 40009 50371 57095 94130 120549 126955 132921 205923
2983 9338 14287 14805 17647 23857 24576 29413 31705 46152 67535 70363 103450 142856 178369 179159
1627 17769 23672 30593 30898 33763 37677 49374 54165 57296 57957 68802 73806 109100 113685 215661
1077 3187 7101 16319 25324 37950 38505 38630 50191 62122 67959 68768 76032 81100 110490 291718
281 4288 4349 10903 12895 22205 33267 35697 39531 63373 84214 88485 100439 130640 161413 185663
212 4910 7700 10176 20938 22912 31824 33576 52722 55122 72981 91412 100847 120200 147007 191853
3218 5186 12087 16072 19860 20161 20580 24425 34527 36300 47916 102209 108271 161726 164033 195308
2215 16409 19316 23951 28226 35841 37973 44520 46162 47854 51049 67124 73130 101224 120571 220327
10213 12602 18021 21130 28525 36702 38585 45396 50096 59159 65867 70723 75026 104188 122513 184011
463 3253 4739 6320 12747 17807 24031 28040 31024 46659 67741 87252 91813 145682 185710 199744
2494 3710 6628 8015 17498 27000 29880 30995 35190 40735 57165 64353 69729 75878 127808 349294
4308 7028 10856 11860 13804 27715 45828 65575 69984 72735 76106 77328 79393 85358 135982 185082
1675 8095 10282 17988 23125 25366 25896 33492 41313 44687 58747 77734 95055 118343 119128 254303
3620 5733 11219 14469 14507 16615 18052 32076 35524 46140 58774 82296 98083 127823 129735 262569
4124 15479 20262 32667 33842 48798 50760 50962 54137 56222 56812 67765 75791 78877 134730 160704
1427 4913 6364 9418 12140 13729 30125 34207 55281 59031 69276 71312 78157 94330 208934 212683
831 6768 8165 28111 39701 43639 44097 48251 48984 52836 67055 80534 81561 102244 121558 161543
1007 5196 9466 12285 15291 16627 35971 62850 63363 65573 65813 80656 92365 96073 132477 180913
5431 7978 13751 16069 23102 25622 31001 41023 47097 51075 61973 65010 97549 118794 149413 199989
3186 6369 11513 12409 16555 19033 36747 38494 43270 47803 57882 60956 86294 131129 192597 196429
632 659 2891 8523 9703 11138 20710 32391 36538 49229 87873 90509 104393 129993 180288 198010
1319 3713 4862 6301 10156 12423 22533 28354 28511 42726 48968 57603 65336 80169 90427 465253
588 856 2816 3070 11592 12283 23320 24379 30917 36865 56997 94061 99592 136628 181814 261765
23 4039 7479 8517 9810 25461 30070 30716 30942 44965 60452 77462 86663 160561 166070 194224
4745 12048 16152 19952 23647 27589 27681 45766 47391 47614 81723 107549 107791 125281 128312 132807
1041 4202 13969 22496 34094 35011 36320 37362 50829 71350 78813 80302 80379 81860 100855 232220
1766 9426 11735 16667 18251 22369 39490 41905 43979 44427 68139 68709 105010 134131 171145 180842
8557 9095 14218 17411 20599 34958 41978 41999 42598 64292 68079 75165 103190 131825 141893 142685
1964 4350 9459 14807 15604 16356 18449 31957 36690 42290 63537 67820 71195 99463 215181 257234
1813 3374 5358 12485 15913 21639 23645 40604 48970 60509 61287 80768 84137 112749 159615 210136
