1000 39 49
216 907 1456 2281 2851 3601 4201 4482 4625 4979 6096 6837 7062 7906 8434 8680 8934 9327 9345 10667 11168 11380 11672 11900 12077 14136 14356 15816 16172 17314 17395 20318 21276 21738 25595 26846 28656 28721 29413 31354 32264 34137 35587 37016 48576 48674 50464 53898 56280
594 995 1483 2266 2594 2605 3084 3636 3975 4117 5356 6548 6629 7157 7300 8622 9051 9174 9243 9670 9862 9979 10103 10884 11445 11952 13622 13823 13827 13863 13977 14333 15691 15914 15983 17366 18538 20238 24066 25323 28438 29712 31081 31149 39569 45336 54087 80933 138138
238 341 438 581 840 1366 1433 1640 2250 2411 3296 4470 4665 5077 5823 7132 8584 10182 11555 12312 13259 13578 13974 14129 16727 16820 17099 17982 19306 19577 19695 20264 20271 20753 20769 21878 22582 26584 26905 27060 27932 28997 33438 34028 36476 43820 51305 58869 80927
1408 1514 1719 1725 2583 2844 3155 3168 3696 3806 3820 3857 4087 4156 4731 4817 5126 5359 5924 6732 7167 8376 8504 8806 9177 9939 10434 10636 10898 11530 13945 14084 14571 16821 17262 19168 21050 21818 23449 24643 27100 28251 28967 42031 42590 48262 72354 101671 129070
41 605 1110 1322 1702 1745 3403 3841 4450 4768 4816 5909 6211 6222 6484 6692 7504 7547 7739 8379 8847 9318 9344 9411 9573 10569 11652 12516 12728 13472 14328 17123 17696 18133 19039 19166 19827 20808 22103 22687 25305 25887 33936 36002 50334 52057 60329 74861 128826
505 1399 1539 2120 2468 2831 2854 2953 3492 3548 4179 4228 4538 5634 5953 6698 7113 7941 9932 10140 12444 12525 13055 13076 13514 13824 14136 15316 16170 17159 17589 18456 18590 18746 20612 21363 21768 23124 25401 25952 26384 27502 38927 43628 48063 51772 53675 81359 105452
72 341 778 862 1124 1897 1949 2398 3098 3620 3948 4770 5580 5620 6931 8233 8296 8454 8879 8974 10528 12052 12580 12952 13174 13259 13309 13961 14511 14997 16503 17293 18282 18607 21746 24845 27045 28764 31535 34225 34898 36621 37593 46529 49015 56717 61662 74871 100944
238 751 849 964 1486 1550 2018 2429 2710 2769 3363 3715 3953 4056 4204 4466 4691 5006 5300 7317 8112 8114 9695 10335 11008 12227 14337 15349 17838 18188 18366 19416 19701 19960 20010 21943 24101 31187 41387 42218 43156 43158 45692 46817 50992 52697 55875 68931 75119
12 2074 3138 3471 3616 3926 4228 4629 4793 5165 5666 6575 6589 6931 7274 9193 9195 9495 11067 12110 12901 12932 13536 13760 13926 14333 15611 15684 15880 16644 19753 20081 22066 22673 22873 23379 24291 24559 25023 28969 29056 30856 34931 36842 38740 40384 54639 62379 86147
189 693 1110 3741 3810 4126 5361 5635 5730 5894 6079 6313 6398 6896 7066 7335 7579 8083 8342 8552 9015 9344 9956 11702 14726 17113 17210 18309 19628 20136 20161 20523 21997 23115 23668 23924 24232 27844 27912 30819 31815 34444 37511 43233 43377 55025 58593 62316 80006
367 612 704 1421 1874 2023 2559 2679 2739 3036 3523 3569 4098 4336 5186 5603 5720 5791 5961 5981 6733 8111 8409 8682 8829 8869 10086 11173 13462 15092 15659 17258 17419 18574 18755 24440 26560 30155 31614 32343 36671 38769 38798 46495 50271 58650 69829 82964 89174
287 1296 1447 1902 2060 2081 2407 3006 3579 3674 3724 5020 6099 6986 7088 7458 8504 10621 10881 11145 11490 11658 11974 13247 13576 14238 14799 15630 15842 16811 16979 18018 19158 19669 22188 22799 23042 25526 27492 27602 29828 33577 37618 37670 37791 37914 42781 52277 109876
1530 1608 2839 3197 3218 3736 4507 4835 5029 5330 5453 5961 6443 7150 7151 7203 7693 7998 9274 9432 10404 11131 11168 12183 13085 13351 13782 16540 16712 18090 18527 18766 19151 20043 21004 22444 22614 23560 23787 27713 30461 31958 32318 41450 45536 49887 65132 68727 81356
284 452 1250 1623 1690 1894 3911 4037 4061 4125 4921 5054 5869 6145 6618 7700 8580 9684 10682 11715 11935 12569 12645 12909 13280 14482 15371 16731 16820 17659 17910 17955 20937 25425 27733 27914 28425 28749 29263 30836 31156 41792 43282 44642 45126 50018 59918 66906 69323
104 583 1473 1577 1812 2702 3563 3592 3880 4429 5610 6497 6618 7604 7888 9558 9716 10484 10869 11817 11921 12104 12860 13547 14220 15174 15281 15475 16126 17360 19811 20805 22077 22736 23330 24619 25032 28200 28905 30598 30893 31031 31154 32116 32695 35224 42101 55275 97333
369 716 921 939 1132 2325 2520 2570 3314 3364 3508 3559 3759 4083 4728 4827 6890 7035 7143 7504 8090 10986 11408 12004 12062 12369 13847 14294 15259 16887 17145 18179 19481 21862 26191 26856 27671 28682 31968 33051 33213 36031 45007 45079 48234 50423 52827 53899 96066
75 168 275 524 682 892 1361 1394 1895 2399 2537 4733 5282 5329 8100 9056 9294 9451 9798 10703 10953 11303 12772 14528 15155 16088 16972 17593 18552 18832 19086 20430 21466 21994 22080 24331 25339 29185 29503 30656 33940 34516 37998 45549 46397 51319 53242 67465 75518
53 143 185 434 1093 1529 1887 2175 2783 2820 3412 4084 4518 4847 5269 5904 6350 7478 7789 7799 8661 10732 10930 12094 12136 12367 12647 12871 14747 15067 16137 18097 19539 19968 21325 22859 23241 23760 28822 29605 31708 38126 47586 54321 57666 60065 60176 70163 90604
332 388 791 1146 1385 1722 2009 2125 2615 5111 6350 6975 7504 7549 7776 8009 8946 11593 12181 12273 12981 13183 13953 14028 14387 15987 17199 17403 17489 17722 17856 18002 19327 20358 21154 21254 21519 23343 24744 25124 35955 36711 39296 39689 41359 44043 54118 56799 56839
582 657 1201 1367 1930 2364 2655 2836 3022 3051 3557 6103 6628 7451 7872 8734 9129 10907 11502 11730 11978 12316 12980 13492 14110 15939 16166 17808 18988 19909 19925 21058 24587 24618 24647 26284 27117 28171 28654 31570 32162 32282 32982 35173 39041 44399 48321 48579 90218
388 619 1720 1859 3519 4125 4604 5307 5889 6811 7113 7352 7456 7517 7982 8320 8897 8966 9837 10118 10217 10453 11405 11407 11492 12075 12959 14771 15763 16317 17667 17782 18265 20498 20859 21095 26083 26306 27393 34963 39007 40604 42471 46333 49344 54776 56837 66349 75288
244 860 863 1936 2335 2342 3041 3342 5050 6579 6630 6805 7015 7879 8231 8940 9414 10418 10490 11505 12143 12155 12256 12381 12710 12968 13127 13567 14769 16182 17698 18337 18553 18795 21122 21668 22691 23358 24356 25665 27743 29761 39206 39904 44135 48853 61658 66639 81731
1099 1209 1564 1759 2151 2559 2759 3222 4145 4476 4628 4781 7362 7715 7833 8562 9205 10209 10700 11316 12261 15718 16903 18072 18400 19057 19603 19691 19701 19939 20100 20648 20892 21539 22406 22437 23474 27467 27824 31509 33585 33741 34785 43932 46024 50245 50671 57418 59238
464 606 1598 1655 1934 2054 2843 2952 3115 3974 4328 4988 5125 5175 5752 6076 6477 6525 6995 7016 7334 9301 11073 13932 14541 15129 15436 15791 16437 17231 19897 20943 23126 23664 24653 25056 26662 27627 28121 32904 35199 39173 41365 42110 50144 53981 54085 62436 88455
67 552 757 773 1588 1763 3532 4035 4429 5041 5110 5200 5445 5781 6482 6986 7441 7521 7964 8018 8777 9287 9949 10827 11359 12637 13227 13303 16041 16088 16562 18011 18508 18779 19038 21574 24432 25705 27982 29773 35430 44092 49968 50111 52876 58762 59922 74884 90899
22 114 797 1484 1588 2775 2838 3293 4176 4850 5417 5700 6602 6789 7051 7613 8122 8637 8706 9118 10650 10667 11752 11979 12085 12251 12290 12358 14986 15409 15745 17678 17898 19671 20146 21145 22424 25693 28663 31204 31328 31740 34990 37309 46862 48520 67317 74068 90487
59 144 151 517 598 2676 3695 4615 4848 5235 6829 7197 8342 9886 10206 10306 10515 10739 11652 12641 13096 13184 13510 14951 16691 16779 17629 17763 18706 20002 20073 20719 20884 21174 21196 22452 23266 23457 24102 28934 32410 32865 34219 38379 40084 42618 43594 44504 60731
71 1426 1554 2078 2088 2307 2383 2561 4533 4571 4796 4908 5012 6550 7101 7462 8119 8825 9205 9259 9730 10240 10982 11147 11851 13410 14189 14885 16703 17456 17664 18533 19980 20241 21218 24597 27383 27731 29145 30012 32245 33747 37828 37953 53833 56625 59855 73669 104982
312 781 1096 1580 2227 2406 2842 2901 3099 3534 3659 4787 5182 5316 5537 7703 8112 9777 10093 10646 10904 14279 15177 15339 15401 15541 15959 16224 17206 19757 19911 21841 22103 25601 25954 28436 29957 30862 32889 34076 34805 35848 38786 39885 41077 48046 48371 69974 77328
77 162 182 319 322 792 1739 1820 1847 2390 3725 4277 4301 5158 6559 6637 7369 8792 11020 11146 12100 12290 12351 12801 13789 14635 15405 15752 17453 18795 20714 21829 21887 22258 22919 24287 25302 26356 27888 28720 31481 37147 40395 44224 45972 46798 49065 50834 69009
368 545 890 1057 1219 1372 2336 2608 2766 2896 3732 4047 4087 4269 4779 6463 7057 7885 8173 8568 8850 9349 9755 9924 10239 10709 11901 12572 14341 15426 16113 16170 17715 18095 20128 20592 27134 31714 34208 35235 35338 37368 40177 43342 50904 65209 67962 72642 78127
376 580 857 1170 1658 1685 2037 2346 2483 3796 4201 4405 5434 5815 6703 7473 7481 7657 8877 9270 9695 10056 10324 12159 14106 16045 16314 16377 17210 18401 19462 20671 20936 21040 21797 23611 23788 24902 26565 26682 30848 32766 45242 46612 47866 50236 53202 53202 59138
599 899 1603 2033 2436 2724 3266 3652 4970 5412 6113 6381 6982 8910 10687 10837 11667 12870 13230 13376 13392 14312 14461 15952 17033 17203 18723 20753 20877 21338 21599 21894 21962 22337 24108 24155 25657 25706 27742 32114 32256 33036 33377 36535 37629 38866 41411 44916 52211
29 857 2333 2805 3461 3725 5458 5499 5854 7287 7508 7584 8206 8334 8429 9564 9604 9726 10286 10305 10528 10530 10953 11010 11370 11508 12258 16557 17190 17195 17519 20857 21080 21105 21557 23094 24850 24932 25499 27714 27819 27834 27957 31218 35700 54554 63064 69649 95633
109 249 528 1516 1851 2300 2489 3326 3496 3543 4106 4337 4499 4509 5334 5751 6243 7201 7525 10058 10143 12111 13303 13418 15686 16392 17347 17719 17909 18181 18951 19385 19805 22627 23016 24001 24181 32674 33437 35820 37156 37730 38066 42503 49978 50220 52058 69233 81065
237 310 456 1213 1249 1756 1789 3219 3390 4380 4682 4702 5705 5779 5876 7058 7556 7985 8359 8462 8851 9962 9987 10145 11901 12134 12434 14083 14658 14832 15187 17320 18314 19345 21231 21240 28053 28489 32202 35280 42805 44070 45546 46079 50386 51784 53508 53715 83282
384 1393 2027 2492 2879 2959 3196 3699 5116 5934 6433 6462 7360 8658 8784 9345 9363 9476 9744 10260 10894 11152 11275 11529 12835 13329 13760 14683 14707 15449 15538 16706 17269 18353 20719 22402 24514 26648 26673 28556 30470 30787 38666 40151 44054 55595 56283 69139 104791
267 659 1546 2399 3074 3303 3479 3898 4775 4892 4922 5378 5443 6520 7037 7788 7980 8710 8946 10577 12324 12803 13640 14027 14542 16920 17976 18121 18254 19343 19555 19634 21422 21725 24400 25500 25624 26309 27833 30333 31196 36516 40070 41725 43030 46241 49260 50195 70117
197 242 283 633 866 1379 4063 4153 4244 4351 4602 4739 6283 6902 7485 8167 8346 10085 10136 10192 10255 11667 11821 12229 13328 13618 14057 14784 15904 16988 19344 20040 20573 20927 21192 21294 22524 25575 26324 27729 28853 28980 30317 31957 34806 37434 49319 87622 119572
