1000 39 11
2405 13012 14384 22100 35385 69104 72435 104121 117563 119354 331327
9109 24731 40020 43749 55437 59862 68800 112883 148172 169340 188954
5166 16744 19066 26029 43289 56228 85000 86542 96517 175794 297451
4412 5454 12938 24182 51658 77823 90647 116687 145236 179759 189828
4510 14653 23130 40372 50231 75726 78504 93314 128010 151039 284701
15605 27810 29524 32414 40783 79507 97239 101048 117988 159155 260560
2366 5488 11959 12270 26279 32000 51468 112000 122067 200973 327235
9715 12623 23619 29675 32046 40953 49395 80887 85023 171399 413286
15585 25858 34096 34548 44440 45015 51329 106684 152926 161247 248916
10859 19436 33397 34779 52052 63923 64923 88068 106488 151381 310710
4716 11625 19667 38246 44265 56332 57764 81454 161075 176843 310664
1353 5747 43593 46114 48038 84269 88778 102741 143426 153264 241871
15389 35449 48763 49335 64707 85827 89800 107295 110234 111613 175801
7784 15842 17250 27529 28813 39746 71170 84901 112654 217454 312320
2623 8219 12141 56363 59694 61931 93982 111921 148495 153820 189237
3336 8209 13437 18837 43488 48946 87467 103241 129005 147475 358477
5784 7319 8098 15396 32462 53856 100757 111075 166260 207944 221821
8381 13741 21826 39894 51458 91495 100854 115984 154917 159839 164488
10152 11256 62500 66566 71374 72137 72856 89857 129280 150522 218987
189 2764 38723 45455 46275 61786 80318 112597 141863 149492 217817
7104 15422 20609 22355 35597 58593 87408 93102 180001 205060 237302
8652 13154 18678 22702 23581 28269 52171 97062 140017 223523 309653
94 5197 12311 16230 16232 39132 43121 89309 128267 141160 452708
10199 35546 36388 48964 79537 89602 90282 93377 111437 152085 181893
23581 24801 26457 32148 63210 66028 80434 91679 100849 117379 272060
13189 13937 29737 34317 44244 79185 109572 123645 132976 175152 185451
3132 3375 4185 13474 32561 32650 41530 108389 153310 252861 293401
2395 5216 7835 16427 29938 71658 95151 106710 127617 183374 243407
23976 24930 35291 63925 65921 66794 73836 97979 125844 151339 206230
6061 9419 37139 69386 74436 74908 75066 95288 110105 169917 229278
4399 5832 9858 26917 28126 42742 65552 101224 130454 150084 360464
3813 9346 32582 39123 48541 97683 116796 135346 136691 148451 151807
1072 14945 17593 31561 45454 52727 67086 115651 142099 197748 243893
6333 28887 30778 37214 54501 81809 86127 135741 148101 151100 172828
1995 8714 17520 19627 52409 53583 55890 141034 165273 186962 214470
10205 15957 24312 32720 35186 51948 54621 82354 130785 194222 267556
15192 23147 25736 31012 54491 82898 87275 110625 135771 167747 183195
9529 23583 27181 35381 49443 80294 86695 94400 133041 170111 197295
23057 23300 35516 41713 68964 69794 72312 75726 136568 183939 205205
