1000 37 22
816 1672 4437 9420 9982 10308 12577 13153 17841 19731 19750 30716 33768 36308 36881 48956 51097 51389 63794 65058 85049 138291
90 1229 4023 6349 8373 8431 8570 9889 16386 17481 21917 29960 29964 37341 39757 45825 51249 54710 62103 73684 92153 102187
268 649 764 3481 3771 4695 5138 11203 14482 17740 19666 19777 21403 27957 36981 42678 52779 60972 75095 76010 86068 106250
1196 5410 7821 8841 9100 9231 10098 11670 13081 14068 14980 15555 20027 27890 28010 28125 41094 58292 58452 85613 93117 142833
178 398 2579 4014 5664 9242 11037 11557 12622 20340 25376 29785 34212 37819 38987 46420 47478 49634 54208 69373 148431 155305
2257 4804 4887 5474 9745 15753 15779 16735 20826 25718 27417 38659 42982 43817 48833 48895 53619 58120 77665 88148 102106 124949
4952 8415 9217 11330 13545 14517 14590 14782 16656 20205 22107 31967 38660 39693 50059 50283 53989 54441 81027 81993 95611 117155
1565 1798 2940 4805 5388 6134 6452 7824 8334 8388 9561 13242 17728 20847 28208 33032 45634 57026 59988 66006 134437 136951
1247 3556 4664 5418 6458 8992 9046 9325 10609 10817 17167 20172 20404 23577 27736 42022 42435 42507 53844 68977 108387 136807
1409 5220 9306 11353 13315 15305 16670 17471 20055 23314 24028 35880 37939 39417 40350 48238 53621 54381 61810 63248 72947 83953
649 1260 2431 3041 3641 3654 4875 20775 25655 26001 29794 30533 31502 33724 45216 46305 55490 56200 91126 92224 94440 114525
142 364 1219 6544 7594 11129 12504 14226 15565 16112 18230 19628 22365 29343 29448 45817 57969 80819 88094 92381 118071 133251
960 2481 3349 4320 10122 11226 12830 13608 17384 25918 26859 27068 35543 37206 41068 42963 50290 52595 55151 60559 61220 81748
3508 4470 4689 9493 10429 12138 12142 16366 17077 18014 21767 22578 29214 30900 35212 36518 39063 52901 65369 66775 93137 149396
1605 1812 2106 2937 3807 4403 9249 9815 16105 20135 21386 21455 24163 24474 25222 45302 45572 46272 58883 74027 100293 115057
513 2103 10073 10459 15935 16582 17658 21103 21230 23482 27494 31355 35767 37051 39658 46702 53180 55463 65659 96140 104100 133507
1310 3444 4956 4998 5244 5756 11949 14354 15396 16506 21491 26398 26688 29287 30001 31626 40868 60651 74608 84320 84476 100828
919 2685 4348 7605 8332 8861 11646 13697 14176 16216 20520 25154 26531 27841 28143 36837 44323 48802 50744 53451 104555 124367
1353 1710 2641 5645 6584 6846 12338 15294 18562 18616 21456 23519 30208 31953 33840 38536 57200 60522 64368 75087 94731 94815
1446 2839 4635 4967 5242 10335 10840 14090 14538 17716 18007 18564 20427 28264 29538 31458 38819 52677 53504 58982 113340 140848
963 1910 2213 3640 4543 8798 11621 15112 18030 18204 19216 23577 26343 31975 32853 37905 53441 57580 78459 103412 106595 131247
1089 3118 5727 7074 11459 17530 17748 28338 31020 31032 31051 32656 35134 36835 41000 53213 56116 65534 66179 66680 105404 138268
363 1301 3353 3933 7588 10579 13943 13999 16373 17065 25443 26199 27699 30797 36707 36741 38026 38613 64517 96315 109871 111607
1766 3127 4655 8047 9040 11225 15198 15954 17608 19798 26033 26655 27881 38909 49987 51080 51748 58525 68959 78966 138222 144839
1354 3014 3459 5541 8394 9312 13568 13805 14871 16185 17903 22863 29554 30284 36689 38579 46155 46601 59595 84675 101460 111500
1584 2078 2247 8664 16781 18023 18097 20336 23917 24127 32071 34109 36767 36982 37208 50532 60716 68005 79472 86214 96462 108841
228 3665 3958 15588 20731 23565 26231 26961 27672 28775 30689 30883 37367 39646 40598 44865 45495 53753 58686 65014 69133 77437
76 3833 9051 17520 24383 27037 27966 28049 30553 34489 36159 36348 39244 40287 41276 47666 48393 52713 56539 64064 64808 82918
17 587 4915 5200 5413 5616 6157 6915 7512 10018 19387 21408 33662 37750 38504 40308 41631 70902 80605 85869 119918 136172
2067 2214 2303 5372 6115 7105 9331 9916 20890 21801 23784 24622 26690 38924 56429 60339 77663 78124 78849 89791 102408 103468
1776 2900 4231 4530 4883 5342 8759 10178 21000 22148 22555 23089 23877 25058 29890 39014 46164 50360 83062 89493 108596 130959
2429 8244 9816 10807 12825 14637 15208 16767 20999 21514 21976 23118 24321 24619 26080 27886 30796 45036 52413 77742 81198 107421
2869 3045 5134 9929 10543 10567 12798 20827 21958 24897 30164 35352 36466 37494 37930 39445 56572 69028 73460 81577 105811 123346
3525 6080 6796 7589 7911 8294 9770 12719 16875 17961 18552 18843 19751 21423 32969 46369 46950 48277 73858 82307 84328 86171
2629 3590 6489 7824 8330 9427 10117 18594 21015 22477 26587 28895 30565 30629 35231 51308 54187 60895 75066 83769 98543 116118
254 907 2159 3070 3643 8636 9637 14510 15556 18413 21499 22341 25161 30517 34025 45966 76029 77515 79893 80998 90179 106620
181 468 4231 5838 14821 18382 19807 22174 22709 25392 25624 29232 36774 40984 42804 45313 58921 67992 75767 80294 87922 155561
