1000 35 35
2 160 1189 1320 1334 2555 3322 4354 4640 5299 6603 6698 7452 10622 11975 14475 14534 16210 19813 22595 22687 23182 23239 24714 25380 31065 36911 37331 39796 52315 58126 61239 74452 113270 125282
812 1758 2705 3668 4867 5924 6697 6702 6840 7632 10183 10307 11304 11966 14206 14470 15140 15870 16710 17191 19192 23981 24134 27496 30009 31315 33380 40696 41356 44970 56200 62186 70929 74305 81570
364 1668 3021 4070 4301 6357 7621 8306 9274 9900 11569 12146 12716 13359 15057 15739 17071 18584 19274 19657 19677 19794 23354 26273 27207 28651 30354 31623 33719 34361 41685 45932 68711 96879 113475
974 1089 1867 2585 2884 3250 3340 3914 4583 4603 4968 5951 9250 10136 10259 11048 12793 13750 15294 16632 18632 20485 21105 26052 28418 30592 44477 46106 56078 56406 59275 64593 66066 72532 80152
4123 6195 6429 6792 7489 9059 9241 9749 9826 9993 11023 13186 13226 13276 13584 15665 16806 17825 19567 20229 20755 21230 23581 26363 29279 31502 33789 34069 39919 44148 51410 60691 62911 79379 91775
822 3035 3373 4765 4862 6624 7210 8412 8548 9033 9293 10574 12938 13598 15399 16093 17140 19458 19576 21297 22481 23487 25766 26651 26660 28287 28382 29832 35122 48294 49092 54458 58016 74768 77119
1430 1562 2152 3042 3823 4329 5052 5230 8115 8142 8317 10163 12283 12519 13821 13886 15051 15640 16645 21504 23785 28788 29888 36160 36286 37306 37643 39416 39586 40990 45778 48898 59399 74663 84826
675 789 1547 3303 3428 4818 5465 5882 5912 6249 6621 7076 9656 11355 13744 13953 14371 15644 16837 16850 19358 25028 28097 30964 31398 31775 31879 38260 43716 44588 51294 58692 69880 75355 86781
578 758 1469 2197 4524 6500 6579 8621 9434 9585 10274 11292 12498 14103 15745 17371 17404 19266 19492 20952 22055 22175 22584 22971 25468 26442 27405 29593 30819 44179 49472 61912 72648 76727 78324
508 1187 1592 2085 2707 2830 3224 3488 4859 4870 5368 8223 9804 11227 12727 13495 16415 19139 20164 21020 21586 21883 22498 22666 25499 27322 31164 32860 40308 49442 56857 61750 69665 70249 107098
381 683 985 1876 2743 3753 4170 5705 6048 6343 7040 7080 7304 9381 10366 10845 11579 18718 20166 24910 25794 25872 26001 29336 29617 38112 49177 49231 49334 50484 53031 53448 56479 72309 78409
642 1946 3804 4399 4885 5021 5146 5563 6167 7833 8018 8554 9270 10215 11892 14464 15844 16235 16866 20926 22466 23513 25157 25757 28060 30033 31009 35222 36597 43922 45661 50790 53698 79015 88161
740 1985 2021 2621 2831 2862 3210 4193 4656 5512 6127 6330 6697 7265 7476 10005 14197 15893 16051 17727 19652 20809 23334 29473 32322 32459 35765 37019 37191 45520 57913 57985 63995 73328 95793
117 1069 1402 4002 5459 6169 7408 7640 8187 14514 14885 16192 16952 17458 17806 18108 18572 18915 19731 21929 22488 23916 26531 27739 28847 30238 33940 35101 35521 38539 42460 42673 47658 60606 83862
855 1686 3475 6542 7266 7988 8174 8287 8831 9468 10605 10995 11847 12249 15529 15563 16990 17121 18531 18589 19587 22173 25760 26651 31884 35281 35692 38464 43709 49810 55655 57496 64766 72947 122966
158 3943 5507 8177 8878 9348 9493 9653 11241 11898 13069 13320 13536 13832 15196 15517 16206 16532 19347 19937 21440 21575 23238 25951 27845 27984 31726 33325 36873 37542 38432 59083 83303 84693 117880
890 896 1093 1215 3979 5821 7559 9756 10546 10747 11258 13121 14118 16084 16311 16877 17215 17551 18274 18468 21575 21759 23296 24003 26446 27152 27263 27387 29868 30066 58714 66951 76559 77743 90179
1001 1033 1386 1609 2620 3934 4347 5244 7035 7578 10197 10420 12756 13495 13826 14202 14618 15340 16709 16794 20035 20325 21910 30464 30575 30955 35508 35743 41197 57958 65367 70178 70759 80704 97371
1173 1653 1726 2541 4420 6378 6842 7093 8226 10355 11833 12049 12556 13465 14147 16289 17374 17436 17675 21237 23602 23731 27762 28508 30061 30641 32305 33193 33568 37553 37846 43969 58848 63797 113527
280 371 589 1198 1277 1500 4077 4176 5333 7096 7237 7415 8776 10457 10484 11082 11334 14488 15122 19877 22426 23366 26246 26370 28947 30261 33316 36434 48797 51677 56409 62254 65198 79058 83629
19 880 960 1035 2468 2969 5027 6095 6104 7669 8671 8859 8929 8954 12216 12416 12869 13224 15489 17967 19061 20915 22687 23332 23647 34744 39674 49439 49641 55898 60856 61743 70636 76224 106758
161 203 204 469 668 3010 3148 4984 5502 5751 6712 7689 8072 9177 9593 12439 14202 15393 16771 18325 19207 22354 23408 24857 26263 26417 35042 38638 39292 43727 46355 48971 83528 106213 158525
154 1291 1548 2337 2812 3144 3318 3459 3531 4001 4641 5409 5475 6227 6720 9119 9691 10099 10642 15118 15926 27248 31403 32170 38575 39413 46442 46481 48112 49634 51922 56508 59440 60268 85672
1092 2621 5078 5518 5553 5895 6946 9178 9441 10095 10207 10243 10770 11750 12346 13143 16788 17663 21563 24428 28115 28352 28420 28617 31888 34334 37467 40596 40729 42420 44038 46219 57797 60037 98537
1125 1859 2141 2870 3694 4502 4655 5265 9049 9130 10204 12066 12547 12624 13408 15631 15875 17057 18650 19089 20771 23206 23710 27370 28683 31872 32067 32980 34201 42028 45486 45675 61052 68611 88759
665 1269 2451 2453 3290 3655 6333 6351 7250 8321 9751 10050 12051 13800 14492 14753 19154 19836 19841 20520 22578 26827 27836 28789 29857 30515 31347 32007 42170 42259 46729 54438 55546 55548 92152
2148 2668 3512 3842 3954 4067 4521 4577 5885 6691 7126 7757 9265 12168 12786 13150 15008 17333 18925 19873 22588 22775 28393 28855 30285 36502 38219 42256 50344 50542 53016 60004 67765 90283 115168
747 925 1133 2974 3921 5018 6109 6530 7071 7817 7916 8080 8612 9333 10571 12934 21001 21246 21603 22166 23196 27161 28028 32907 32997 34480 34834 39945 40519 41054 45327 49089 49592 88057 94462
62 70 218 1869 2831 3628 5127 5291 7141 13510 14110 16363 16571 16883 18072 19009 20227 20610 21340 21792 22061 23285 23406 23460 29978 30847 32287 33721 40640 41791 42116 48258 50823 55047 91147
262 599 1423 1750 2365 2483 4475 5213 5752 7244 9899 10791 10842 12867 13597 18204 20657 24329 24582 24904 25577 26306 29390 30195 32202 37301 38050 44689 45133 45195 51778 56078 60169 69331 84264
244 1046 1417 2397 2910 3619 4491 7149 7264 7766 7987 8054 9340 9351 11568 12293 12572 13406 14198 18215 18422 24025 24057 27047 31305 36990 40218 40458 44710 48787 66575 85716 88083 94530 99326
264 305 1651 2589 3705 4126 4327 4671 5403 7653 10040 11109 12091 12767 14819 15184 16801 17264 18428 18888 19513 22143 23430 26945 31452 39459 41773 42169 47275 52567 56885 59481 64515 88033 94980
1680 1734 1989 1999 2274 2705 3245 4175 5955 6445 6768 9574 10169 10245 10513 12033 12391 15667 16020 18007 20301 22681 30632 32081 35258 41200 42784 43844 44909 45942 47043 48126 53235 56240 121622
626 709 730 1282 1542 2758 3214 3580 3914 4267 6887 14290 16438 17497 19819 20118 20342 20371 24065 24081 24238 25652 28030 29948 30958 31429 38574 41083 43737 46764 55259 55772 73707 77621 83983
96 1163 1530 2146 5159 5244 5682 7256 7834 8815 8910 9402 9879 10900 11031 11142 12375 12606 12863 13126 19371 22366 23424 25751 27916 29490 39703 47397 48953 49366 52458 59595 67484 108828 110411
