1000 34 19
2321 3354 3386 7011 7779 9579 11450 17694 21995 31733 32669 35693 36306 36319 51727 74107 114705 124976 194844
6722 7232 7576 15413 18910 19863 22654 24316 29194 43761 50168 50258 54759 56821 58593 66481 77407 84944 209541
2504 5305 8186 9490 22559 25329 26547 28023 28024 32435 34525 37359 55184 55215 59644 71918 74077 119522 125116
5157 12229 13100 14103 18127 18701 21617 23861 31777 35733 38955 43093 46754 55223 56968 57183 99835 126856 165589
118 8984 13536 17103 17294 18002 18496 19569 22867 41191 59816 62593 63158 63787 67894 70884 85786 113857 142538
2823 9094 11360 13419 13929 15083 22012 24151 25881 40701 43063 48874 59904 70362 72973 81637 85267 95544 128198
3823 5564 8355 8481 8610 10889 11722 20469 31710 39878 40188 45675 47834 49645 54074 59779 63561 117409 167972
4214 8464 10071 10307 15994 16473 19947 23687 24389 38472 45240 67479 73913 77032 77650 83927 84244 87647 102839
321 594 2040 5602 8512 9072 10794 16325 17106 37856 39511 39941 43038 44325 45439 56779 81463 130034 201557
2890 10013 14202 15479 15743 20336 25529 33063 35286 46349 47412 50435 52345 52861 56725 57478 64884 95301 125065
6034 7740 11264 19319 25430 25604 25656 25836 26599 29729 36404 37213 38335 41246 51981 64275 102238 121113 152121
1462 2878 3767 6373 6689 9109 9673 14697 15649 22800 23891 41339 46057 52711 80334 81482 90711 133683 228214
852 7627 9648 10824 12301 12314 12672 20001 23891 34168 53155 56294 62828 63100 79548 91311 104470 104705 132045
6695 10401 10957 14430 19581 24559 25867 26287 27055 27676 31711 40843 53910 62698 78169 82183 92945 103343 132888
2392 3839 6560 7253 12814 14598 15240 22165 25030 33282 34358 34534 42610 45379 63932 83271 98618 115388 137071
244 1246 1700 4133 6397 9765 13529 15385 15540 21557 30883 33023 34602 38193 42714 51358 62841 200844 291686
621 1406 4375 16998 20364 20486 20938 30171 38811 47532 51187 55130 55296 56059 67611 78633 80730 100894 175416
1080 1786 5521 7727 9537 10604 15903 16172 25247 25256 25520 40629 43197 43524 48161 57693 72348 72442 279501
233 1931 2602 6581 11169 14933 15648 20526 20895 22226 24562 41000 58963 65609 66487 69950 78599 131445 153509
2680 6549 6580 7443 9167 15267 15539 29134 35654 37885 45317 51679 58119 79899 81262 81685 91137 103690 147359
1729 5928 6700 8206 8742 10543 12105 21060 22114 28507 37993 44484 50258 53617 93399 98131 119093 136355 152900
4256 4645 5933 9625 11774 12379 13243 18242 19318 21033 22192 40405 43256 48245 65659 104157 108492 142911 191625
1295 3989 8067 8270 11087 15306 16160 17850 21738 21937 25693 28852 29335 33135 48669 68528 106838 161741 255556
1577 2667 6874 9051 18811 19937 24150 25062 35306 40417 42136 46053 50831 58650 73317 78345 91150 94178 169357
1638 2533 3662 4458 8463 9065 11794 14029 16172 20193 34245 36383 37582 52472 54797 98232 99257 147733 261199
5754 5822 6184 6864 9776 10647 19328 22895 24364 27253 30385 33976 36852 39535 64371 89301 128989 136697 141929
2115 6070 6430 20395 26824 27379 29405 36564 38426 39663 41941 42424 53421 58702 59329 59646 63248 85969 185740
532 2935 4651 6390 11685 23362 31412 32732 33023 33098 36715 39085 53958 61759 63514 82459 91655 110748 115733
1045 2065 2082 2755 8873 10433 12315 19107 31220 42390 46224 54135 64653 67181 68221 87880 88103 120997 163158
11 708 1571 2970 5667 7962 12450 14765 17830 20074 21131 26428 66917 68123 75759 85609 103841 135857 153197
419 966 3150 7779 11579 16838 20674 20729 35212 36733 37795 39802 42852 52053 54249 72705 74786 80989 183363
2645 3524 4355 7363 14120 14427 17936 19527 22984 35367 43470 48958 52971 60135 65600 70531 91743 117004 151047
3377 7606 8834 10129 14075 25758 29833 31753 31836 35187 36881 41160 43474 47942 64868 68956 86557 120151 136225
847 1787 3203 6390 6849 13041 13543 13599 16800 16829 17541 18445 49878 54198 61636 63444 99878 145685 188676
