1000 43 9
23507 32869 34494 58618 96024 127016 130575 170625 210678
5082 36219 36367 61538 84144 102651 116181 214625 288384
8082 20642 35011 83137 96862 115084 147663 162011 280045
35147 37919 61525 70561 75770 89695 107848 144152 229383
6719 35918 81945 84111 92892 108395 139074 156512 190799
5165 20697 55772 56289 75920 87387 167613 170209 259471
1747 9492 46345 57427 65086 92423 108132 202023 270868
2505 51390 52264 78579 85519 112571 147337 155982 170948
1273 29848 44451 67253 68706 107616 131498 192194 217604
18126 20987 55749 63761 72089 76951 101053 158510 368546
22629 39960 53696 64035 79374 85721 145441 172353 214600
1550 24086 72913 79760 100337 132510 156612 177261 200647
3982 6653 13741 27762 35801 73944 80544 166454 522375
18333 22936 49711 64658 85280 90102 156304 180110 198809
9013 15244 41754 50291 66517 66656 76371 131757 456049
5229 13144 21795 58498 74691 108847 131506 200356 249525
12684 16636 33475 59551 81257 85436 109083 118947 398079
14423 35297 37782 65407 80307 88485 180141 180929 257803
8214 21175 25149 33087 57227 62106 71705 121233 471506
3803 17306 37427 37592 39179 44434 60837 265454 380946
24426 30189 44845 68353 120467 131552 140425 167465 205598
4931 39189 72866 99732 116438 117418 120100 120171 165038
7392 10567 39016 60487 82018 87367 147118 208836 269754
7896 23941 33939 91218 105928 116039 132936 169238 201141
14038 21123 28549 42423 48216 74126 121749 211468 350388
3104 4178 14071 18351 36678 111821 190520 244035 254689
2197 19505 20756 22832 50173 96808 179204 185524 291041
14076 22499 25158 34508 66682 69019 125788 219828 283159
7563 54222 65785 69457 82618 83448 104669 106435 357357
7572 39374 40007 57473 76756 137338 158812 178456 245410
2344 13693 26404 49563 90221 90926 113914 134318 378059
12028 13134 41614 85376 112022 132916 153540 180168 187424
9264 20023 34485 51846 58097 123821 166147 237327 243981
1026 39136 44055 52769 71984 73079 106647 272873 276247
13795 20080 20615 49650 62431 112482 136207 195339 304051
10099 16242 22258 73206 103707 133051 139406 204238 240292
12672 20699 32050 42822 63880 98990 145103 147869 307915
2177 11805 12139 19628 109618 116242 152020 220328 235304
6794 20023 20198 20823 48511 81011 100688 171835 425091
2165 12898 25770 27941 63407 106740 134702 246897 262990
40 9057 26173 66361 86324 108985 122335 233912 247117
10966 13630 17071 20986 73814 140123 155815 211253 249257
8893 57601 90929 95809 100124 114819 132759 142276 162956
