1000 13 17
3934 5575 9354 17059 17108 27844 29424 32210 35859 45646 47879 59039 82317 93736 113988 158302 214156
1664 9079 15930 25790 28293 43175 43565 43691 47772 52075 54053 62770 78735 88359 107493 140144 149801
4708 8502 13943 17873 22822 37467 37786 44743 51539 53410 57152 58313 68573 81881 85193 114886 231320
5537 11758 12149 16289 19602 26497 30309 48678 55950 57863 76847 77986 83345 91314 94512 123414 157811
8465 10356 11901 16708 17608 18465 29435 31161 33577 34369 57420 64697 74666 97907 116176 140641 226776
4786 8338 9015 11737 12348 14211 18398 22118 23685 45675 55213 65884 80118 94354 115422 182475 229944
1673 3674 3691 18302 21139 21665 25154 37457 44599 51545 57153 57921 63097 83541 104714 145845 250792
3558 15469 19758 22431 27943 33284 33851 48360 51548 53059 54827 67207 77556 82833 97062 120934 182997
6405 7147 13340 21436 21909 25453 31014 35371 36135 43397 44432 65291 67628 68175 82666 142031 277587
3355 12044 12937 17620 20091 23296 32466 34494 45198 48689 50988 70994 72926 80814 98319 128092 237244
529 7060 7289 11719 12141 15632 17824 22936 47535 52639 52656 72742 89315 128560 130272 134119 186941
13845 14805 16605 18081 20370 24690 27774 31321 32067 32248 41702 68809 93715 98835 116562 137263 201707
1122 6791 17793 18681 19255 30455 34237 36755 37526 40923 48669 56869 58025 116010 125081 155988 186947
