1000 44 10
20760 26840 27496 38338 60498 75714 83017 92635 125927 343897
24064 28701 40619 59880 68616 87987 111875 143068 161579 192604
2701 17393 27547 32666 54593 67798 80972 156633 187271 321921
19483 28135 39738 47486 78278 91721 108046 130598 165381 240859
11872 17576 22655 27506 42602 60186 110448 175750 197086 242743
102 4054 30719 52083 81911 85607 109059 133009 161114 248230
22297 32161 32685 54286 55635 79414 84266 158322 164337 210933
324 14589 18159 30403 45070 78770 79161 118378 144794 427862
6959 7639 19563 29865 39720 105605 122228 124495 165844 279596
13232 13238 30610 35690 54367 76623 112862 144932 185335 257207
10493 26110 36354 53942 72763 105086 107581 167628 168692 193771
15798 22873 60012 73976 82396 104065 106761 124019 138906 199245
8255 24998 35835 49247 54588 89780 116034 142266 164863 205796
16238 24826 25162 36904 41063 76041 164183 168441 179327 204496
12365 38084 48608 89274 93825 96887 102105 121095 141611 165247
1305 37505 38667 38825 60425 62898 102872 110213 132823 359112
8449 16688 21983 59666 70733 109367 142538 149080 158532 167610
5532 26636 27557 44043 67023 96757 120360 151858 175580 220918
13265 20774 35296 46084 75423 95892 121744 125080 191930 197397
7273 13575 58683 61550 94289 127539 140492 141087 145841 162268
2240 4169 12699 38167 42516 69773 75983 193140 210942 262360
13087 42776 44364 47452 84851 96459 99608 131179 169064 202802
3766 7362 43674 44868 55309 85043 137737 170920 177573 231163
18637 35734 43974 62966 63373 95553 100687 119324 150359 229963
5912 15498 36004 58752 65709 94240 112582 147444 184011 209361
12340 12787 48753 63279 65145 67221 68567 83440 98318 424290
1777 22432 47616 70763 76139 85877 118776 156190 168771 195060
11719 18338 28203 48576 58156 83856 148554 154820 160247 240226
20701 26947 27289 39251 47312 80073 83196 160409 174113 231825
4925 10845 11112 14102 16018 32625 118778 118846 213298 362760
5025 11027 12236 17313 28120 32037 36139 120496 302627 355389
15525 15903 32188 35588 50740 69431 110393 143768 218623 245418
5815 19592 33733 33777 101659 107960 115201 128119 190897 208343
3767 43593 43779 54320 75453 89600 98176 168350 179607 203353
26229 35435 44285 44717 48247 113667 121735 150217 159825 160008
4968 19851 25664 27177 39915 95833 115559 180049 220414 228802
2291 28730 40558 45390 46982 52423 99825 147808 226215 257689
2517 11666 29875 45753 46743 47095 117463 120782 149384 324807
7177 36473 41748 45861 45978 50899 100419 128159 141709 330001
6370 29867 30845 60024 82041 98605 103062 130067 162593 213476
4790 31467 34937 50238 55007 65857 128695 156028 162866 226364
963 8683 53344 70204 101523 103335 130539 131271 140308 212433
10563 25627 39834 41138 54743 90480 91465 96867 187439 279004
10912 19870 25571 48752 82472 127590 132450 135149 178043 178242
