1000 49 38
1299 1756 1781 2343 5335 7121 10955 10972 12356 12459 12560 13373 13843 14187 15677 16623 18152 20735 21118 22704 24430 25746 28684 30044 32055 32743 33360 34562 39110 40285 40561 40756 41405 44066 44762 53986 57680 70513
186 732 1202 1309 1322 2295 3528 3743 5400 8210 8266 8285 10095 12693 13867 15774 16137 16578 16634 16930 17173 19506 20100 21146 22100 25232 26950 28613 30263 35411 47110 47287 50821 56130 70050 71516 76729 127328
1142 1803 2089 3573 4687 4755 5441 6035 6754 6935 7887 7971 8748 9583 10687 13034 13173 13375 15613 15722 16519 16734 16902 19216 19627 20430 25004 25952 30934 35053 39198 41519 41677 44176 57477 76198 95579 127295
853 1751 2200 3518 4028 4379 4412 4890 5103 5589 5914 6201 7414 8163 9154 9226 10559 11012 11400 12118 12582 13581 15342 16679 19079 22331 25313 33617 34516 40783 42271 42573 54493 61238 71743 73629 77991 109529
252 797 844 922 1345 2875 3974 5117 5816 6538 7723 11404 11709 11912 14511 15843 17617 19556 19592 21234 21698 22121 22280 26175 27217 28895 32220 36224 40580 42905 43020 46850 47599 53804 61638 70492 70819 83316
223 1006 1647 1818 2934 2958 4584 5315 5609 5996 7080 7106 8329 11362 11549 12969 14237 14674 15484 20028 20853 20861 23263 26291 26832 28005 29137 29508 29573 31904 37639 42928 50855 52449 58764 79367 91300 121758
97 189 1363 2300 2437 2495 3225 3552 4659 5310 5431 5683 5969 7733 7921 8561 8997 11580 14886 16637 16951 18378 19002 19035 21676 22533 25874 26305 34196 35003 41776 52040 52295 80898 87770 88086 97134 97170
1201 1735 2517 3127 3581 3646 4143 5315 5334 6650 7371 7460 8077 8904 10457 10569 10711 16723 17628 18800 19799 19884 21462 22627 29807 32095 32561 35454 36958 37973 38046 42436 55018 56575 61474 69950 71260 80304
1270 1491 2186 4435 5044 6542 6634 6980 7759 10685 11669 13426 15334 16696 17211 17515 18962 19302 19342 20082 20517 21292 21635 25455 25564 28073 28911 30286 35370 36478 36594 40107 46947 47909 51309 58253 60501 62011
318 3286 3445 3607 4136 5128 5699 6115 6115 6602 8089 8428 8690 8976 10514 10527 10700 17678 18548 19026 19084 22367 22652 23530 28102 29000 30302 31114 31247 32487 34887 35571 38693 45663 46688 55517 67348 180832
16 910 1985 2183 2507 3896 5304 5709 7273 9479 10061 11543 11775 14193 14288 14841 15486 18578 18747 20796 21525 22290 23114 24561 25879 26732 27106 28220 31293 32708 33630 35744 42054 49974 54270 55210 97663 111942
761 904 1352 1405 3325 3626 4366 7616 9482 9572 9763 9851 11015 13484 15809 16157 16982 17204 17519 18281 20235 20821 22523 24652 24982 25059 27094 27949 28952 32326 35947 39433 45817 49770 73149 75212 79775 81743
2623 2657 2707 3044 6356 6771 7758 8080 9410 10306 11877 11915 13973 13989 14999 15155 15249 16318 16495 16502 17942 23386 23968 24726 26190 26382 30882 30918 31756 38039 38173 39303 44079 59361 61616 64533 74774 96073
662 812 1090 3283 3695 3950 4154 4429 4526 5218 6313 7438 9857 10794 11121 11377 11628 11946 12814 14296 15821 17247 18302 18816 19273 20707 21190 28375 32033 42502 43807 44300 46672 49120 75913 106047 109823 111246
39 892 2865 2877 3132 4166 4643 5082 5251 6429 6684 6739 7572 8168 8747 10345 10593 10713 12279 19331 19417 19674 22250 23180 23807 24212 26941 28943 35807 37795 38414 40723 42350 49988 68677 81849 82142 99375
1930 2684 4764 4772 7312 7825 8427 9770 9839 10197 10650 10756 10988 11654 11847 11848 12555 14070 15925 17027 17947 18610 18740 20248 21557 29316 30436 30913 32014 32064 38301 43514 50341 52636 57604 70498 80178 92322
107 1219 1828 1882 1925 2750 3016 4041 4085 4531 5520 7377 8947 9229 11746 11980 15216 15614 17862 20543 20836 21218 22004 25455 26606 26856 28611 33183 33637 36087 37103 42557 44433 53131 56769 74824 75097 116019
1 873 2231 2405 2760 6853 7225 10566 10628 10874 11174 13829 14471 15298 16398 18908 18944 19721 21417 22659 23470 23728 25847 27484 28060 32621 32872 39120 39595 41117 45578 47037 48138 48583 54267 57529 57728 59727
783 1572 4974 5489 6347 6369 6696 7241 7998 8014 8470 9837 11554 12107 12403 12419 14001 15535 16073 16230 17326 18325 18769 19055 19789 19936 24681 27225 27265 31155 42664 44221 51801 61754 62404 62591 66937 97745
947 2508 2623 3748 4569 5261 5385 8272 10404 10918 11325 12700 13557 17610 17890 18079 18478 18530 20847 21067 21082 21611 22082 23351 24952 26258 26837 27529 35200 35490 38978 39652 41349 46592 49342 49833 86891 87516
1542 4555 5937 6787 7478 9160 9296 12764 13324 13775 15061 15098 15749 18480 18496 18997 19229 19586 20301 21390 22599 25860 26443 26469 26745 28108 29425 29750 32785 34841 35992 36083 40342 41184 44431 45798 51112 65880
590 912 1560 2045 4266 4610 5707 7472 9529 10574 10589 12106 12436 13096 14681 15105 15206 15848 15853 16120 17178 19896 20927 24518 25305 25823 26667 28546 29110 39756 41221 42158 43146 49990 54404 63251 81275 130539
233 1340 2783 3188 4026 4231 5105 5144 6093 7229 7866 8216 10498 12656 13261 14517 14831 14971 15824 16326 16468 17169 19783 19892 20450 21780 22284 22380 22623 35565 35717 42573 55004 56902 59906 76471 112812 115725
1297 1713 2363 2721 3307 3589 3764 4408 4573 7338 8701 9270 9473 9760 9823 10440 12423 12943 14661 15392 17946 18512 19310 19491 21006 25111 31259 31872 32006 32007 32084 42309 47392 51574 57102 77865 95153 109285
573 830 1012 1368 2858 3136 4670 5936 6407 6438 6762 6840 7731 8061 10175 11942 12251 14937 16544 19965 20331 21134 22328 25119 27243 30475 33471 34894 42584 43098 43413 49522 50565 60586 67428 70787 83192 90044
1210 4497 5266 5620 5797 5851 6268 7057 8209 8573 9328 9694 9740 9817 10694 11330 14884 16566 17409 18377 18558 18861 18945 20178 22486 22548 25002 26748 29503 32348 32423 33425 35211 41790 44319 85246 102110 117938
1779 2286 3990 5191 5260 6541 7447 8124 9001 9496 10058 11143 12652 14204 16280 16943 20033 20836 21130 21338 21876 21979 23295 23378 23653 23680 26947 28294 35694 36561 38064 38691 46614 47537 49523 58971 63537 109171
201 719 742 823 997 1280 1405 1759 1759 1966 2832 3174 3599 4181 4369 6702 7401 8425 8553 8608 8949 11714 12040 12560 13301 15006 17804 21452 41259 48027 58666 60526 62747 72986 80867 81128 94151 154854
51 599 1935 2023 3405 6087 6139 6489 7297 7389 7447 9046 12082 13467 14855 16013 16784 16873 17116 19413 19623 20351 21217 22023 24684 32808 34757 38111 38377 44894 49152 52488 54263 54434 56085 59329 71583 72402
1269 1360 1400 2637 3084 3282 3890 3984 6598 6778 8546 12977 13354 15045 15540 15608 16388 16850 17134 17486 17808 20030 20189 24553 24717 31671 33319 36110 36550 37704 43422 44561 45190 45325 57604 67974 68343 93346
123 297 770 794 849 2444 2821 2917 3402 3772 5489 6706 7059 7199 7681 10660 11782 14858 17141 17681 17808 18545 18725 19796 23811 24214 27203 28440 31049 36718 43857 45373 52222 60915 62842 79035 100750 132673
260 286 614 631 1108 3185 3992 4267 4773 5078 7368 9386 9512 9704 11344 12155 12403 15248 15546 16305 20369 20945 21009 21559 23532 24010 25842 26624 28363 30495 36701 45290 45601 47201 54185 81674 86399 169798
1252 1553 1787 2627 2719 3131 3297 4250 5347 6777 6778 7369 9559 10323 10487 11182 11248 14259 14572 18165 19193 20005 20846 22854 23035 28215 31222 33893 36166 38827 49823 55691 56953 58687 60141 64618 64816 93718
147 174 1034 1086 1878 3921 4279 4547 4842 8217 8279 8675 8831 14209 15683 15692 15972 17792 17912 18310 20473 21445 24661 26396 27480 27625 29783 31977 32042 33198 37559 42774 43526 51086 58770 62085 63274 145451
818 3475 3532 4357 4679 5422 6188 6417 6650 8953 8989 10591 10915 11701 18369 19313 20229 20693 21735 25006 25097 25100 25703 25890 28328 28992 31488 34346 35346 35815 37621 42362 53572 55234 60259 61152 63306 73656
111 449 935 1026 2126 3897 5474 6143 6601 8245 8497 9846 10633 10667 10987 12124 13158 14423 14561 15680 16271 16503 22470 22999 25075 28209 28864 29050 36552 37459 37706 40177 42585 55334 63026 71995 78978 135806
1481 2638 6408 6877 8760 9048 9707 10348 13112 13836 14185 15979 16085 16851 17562 18200 18709 20328 20696 21177 21448 21705 21946 22283 23087 24170 29443 32523 34055 35389 43080 45100 46276 48361 48528 50343 51301 64315
139 391 3007 5044 5476 5521 5575 6641 6860 11089 11873 12431 13217 13511 14293 15209 16238 16381 16436 17210 18699 21320 22115 22894 27000 28563 29301 33396 35779 37149 43233 45807 47123 47316 49792 56384 68524 86828
20 216 218 1081 1549 2247 3269 4064 5269 6704 6861 9138 9951 12143 13382 14300 15511 16349 17050 20092 23073 24484 24523 27978 28029 28723 30001 32072 40398 40403 40878 41140 50686 51339 55691 56868 60448 79332
974 1660 2528 2808 4962 5737 5778 7029 9802 12085 13725 14362 16710 17824 18269 18376 20147 20376 22656 23393 25167 25393 25523 26114 26769 30127 30960 32102 36308 38613 39516 46492 48910 52998 53722 55477 63937 64702
402 424 1051 2487 3362 3952 4584 5493 5684 5837 7813 9305 11438 12174 16581 17241 17626 18164 18338 19222 19605 21375 21468 24518 25170 27888 31494 32357 33337 36234 37508 38848 39304 41416 48969 61840 80807 98559
48 856 1554 1983 2853 3668 4212 4351 6647 7708 8161 8331 8738 10829 12044 12647 14113 14307 15940 16242 17788 20259 20314 21063 22995 26727 28057 28319 31476 31505 38111 38409 39035 43500 66833 68707 108617 116062
845 965 2368 2963 3668 4050 4723 5438 7199 9270 9625 10320 11563 12651 15228 16413 16858 17029 20173 20478 22700 24215 24406 25156 25669 26702 27640 30111 30506 30926 35902 36872 45203 48622 57536 61982 67221 88220
757 961 1258 1775 2084 2480 2556 2951 3205 3917 4534 4580 4660 4751 7203 11096 11726 12057 14057 14635 14967 16728 18172 18760 19277 21160 26105 30163 30866 31913 32186 33575 48715 71269 92882 111447 114746 115198
792 2705 3355 3486 3974 4048 5714 7979 9936 11073 11254 11875 14107 15438 15829 16238 16521 16986 18438 20063 20572 20602 20885 24154 24362 27562 30254 31027 40162 44827 45438 46964 47361 48611 55392 60933 63230 70857
1222 2434 3744 5201 6654 6966 7154 8529 8875 9231 9979 11018 13992 15068 15380 17690 18450 19485 19918 20459 21592 21619 23528 23926 24293 26176 27653 27734 29324 31630 35372 36273 37025 43007 53638 73692 76244 81353
778 1887 2024 2105 4176 4292 5768 6336 6568 6999 7061 8296 9113 9635 10929 11016 12247 13259 13312 16666 17284 18017 21094 21147 23212 25890 29005 34203 35891 37665 39328 42911 47125 51671 69346 73933 82175 109851
740 2242 2296 3687 3844 4990 5441 6259 6932 9189 9866 10442 10541 12621 12720 14360 15542 16500 17059 18855 21492 23130 23150 24602 24998 25713 26436 30085 31189 31882 33927 38759 40648 45465 52360 70211 103030 106977
1292 1495 2050 3970 4797 5083 5184 6038 6396 8140 8410 9327 10499 11796 12863 13275 16637 17956 18923 20513 22874 24101 24200 25434 26031 26790 33619 36038 40580 41657 42531 45589 45962 51306 53950 58221 72576 74636
