1000 29 26
423 2932 3425 11959 13227 15654 16303 16341 17756 18601 20367 23857 25450 29585 31829 38374 42116 42974 49473 52353 59295 80020 86839 89869 91318 107137
1722 7643 8061 8375 9031 11346 12068 13404 14481 15240 15945 19961 21763 23736 27459 30447 36605 39519 40750 41729 48574 50550 73242 108877 120744 179452
382 945 2199 8864 10601 13573 13937 14645 16359 18891 27606 29517 30347 30989 33606 34324 36148 41478 44810 47177 53001 55261 58326 95712 103455 153016
2617 4150 5832 6896 14355 15584 16208 17505 20624 23999 24222 28693 36186 38302 45515 46914 49908 52830 53225 55509 55548 59603 71719 71939 78499 89783
695 964 1617 1996 4038 6318 6920 12087 13616 18164 18280 20400 25749 26441 27076 31041 46007 53879 59193 72185 72605 75250 79662 91136 96389 125086
3485 4215 6337 11982 12726 16140 18363 20476 20850 21998 23007 23989 24160 25259 28825 31820 32904 34199 42980 44274 54585 61110 69037 78783 120792 148793
289 1241 2344 3832 5111 8944 9682 19145 21907 23268 27217 28841 29496 30290 31057 32246 34136 36865 37330 43035 43675 49848 65055 68744 113252 217497
5034 5169 5433 6067 7817 11707 13090 14072 18617 18858 20069 22992 23730 33260 34587 35305 37248 45030 52883 55214 59461 70012 72127 73444 87391 157915
3031 5565 7122 7174 11343 11927 13718 14361 14830 15338 24719 25810 28358 28767 29060 36066 47101 50518 50991 52680 60543 72812 75165 80734 92940 114332
427 2356 2728 2936 4376 5681 9654 10650 12494 12806 12839 16371 29365 29549 36616 36731 39671 52227 52358 58098 60501 71220 100796 103380 105657 113062
140 750 1129 3721 4889 5223 6685 7059 14469 14684 17956 18005 19905 30324 40383 42197 52671 55843 55906 57712 68098 74002 80819 83612 96585 125156
519 4405 5018 5950 7613 7712 8602 10160 11333 12246 17179 21192 23215 27480 33965 34127 48285 51313 53156 53588 63873 66525 68062 84918 98134 166943
3 2462 3264 6537 6833 8392 8521 8695 9272 12947 13793 16063 17527 18657 23038 27490 30665 48100 57231 61836 64110 68082 87993 98218 136093 150026
2010 2269 4704 5153 6895 9651 10891 12896 19315 21672 23759 24679 26268 28964 29056 36306 38950 43728 44596 55605 56468 59390 66438 72957 78021 205475
1149 1288 1803 2054 3580 7327 8892 9093 9826 20894 30649 30744 30762 34575 37118 38154 42060 44993 46573 54245 64519 66849 69129 87916 112145 120772
836 1317 1902 4417 5265 6514 7897 9555 11971 14521 16525 19953 20457 21791 23838 28096 32192 34474 35051 58148 67579 82932 85044 101782 115791 170283
896 1477 4994 6529 9796 12929 13256 15454 17943 18251 18910 20801 20890 21323 23358 26933 33190 38206 42087 42199 64837 65223 79137 81936 127068 176984
416 1192 3390 4771 5484 9750 13261 13766 15346 21219 25406 25619 27295 27649 35474 39528 46985 48592 49514 59114 64071 65857 66738 88918 90103 133033
349 2831 5489 7956 8097 8271 8321 9849 15107 15200 20286 23211 27256 29549 30731 33248 35614 36924 42629 47881 57675 70809 72628 109032 117276 152411
1299 1716 2052 3447 5453 7209 11662 18218 18432 20690 25489 26839 27197 33844 34878 37406 38894 47472 49163 56744 59349 60204 61467 101564 110838 128998
308 620 659 5535 8347 8887 9050 11857 11939 14256 17763 17974 19194 21198 31372 31458 33333 35874 38665 42816 45407 67407 94963 108456 143814 161771
1860 2234 4915 5188 6228 6463 6758 8023 11070 11400 14042 14140 14774 18440 31943 32419 33002 36685 48450 57212 70877 78131 82166 87242 91236 199254
1999 3572 4388 6079 6982 8023 9208 15871 19081 21667 24558 25076 25263 30876 32541 33358 33987 36250 42309 50372 51848 62626 78043 97545 120630 143978
1909 2731 4666 8505 10220 10284 15456 16420 16805 16966 20476 22387 25287 29380 30931 32722 35149 45916 47994 58308 64736 81142 85532 90317 91731 112902
767 2156 2410 3683 8146 8634 9612 10273 12044 14214 18700 22547 27578 28199 30009 30260 34364 35829 35842 37987 66138 72722 82526 87069 126173 174297
113 130 3101 5238 6881 7693 7817 8696 11054 11266 13677 17187 20309 21490 28028 34152 45067 47147 57485 66950 68083 69184 80397 107457 118227 133822
2139 4435 4679 10156 10777 15417 18060 18817 20561 23531 26163 30841 31022 31696 41130 41780 43926 45413 51896 52462 52582 59063 75570 80379 93625 96644
1241 1478 2500 9013 9116 10385 11843 12430 17640 19162 19868 21335 30942 34269 34877 35401 43491 45728 46046 49668 59218 67581 68827 93102 93360 139264
1144 5968 8594 9720 9784 10502 14522 14714 17856 18458 23638 25014 26929 28962 30505 33021 39504 43958 45110 45423 45969 77447 81663 96995 104953 124772
