1000 50 17
4362 4548 4788 8096 12323 14192 17017 22630 26218 27963 43836 57707 59803 74642 94127 161257 170541
2320 5272 9009 9988 10015 13913 13932 18674 32619 48601 56008 57799 58380 60720 70194 112450 156536
3104 7604 11264 15310 15472 18766 21800 22524 23892 24165 24989 41024 46240 48896 52628 142258 199262
6115 9564 10670 17861 24093 25260 25622 29099 29416 34643 36750 43358 47674 55521 75582 82491 116208
3304 7819 8823 9631 11357 12325 12885 17156 21405 25223 37442 40973 68978 71095 91620 98979 172274
92 6277 8669 13668 16551 18133 18266 21318 22995 46998 47578 60128 70376 88843 89976 109330 130826
12184 14810 18556 26470 27744 31470 36827 36981 39098 40087 52382 52887 62241 64397 65588 73740 91871
645 2462 5461 5969 6135 11893 17635 30588 39309 47630 53390 56093 71252 73313 91241 95309 150240
1470 1520 3294 5775 10541 14252 14621 15026 15070 16484 17235 25370 34817 47842 70625 131203 234505
1979 6654 10177 14168 18162 18313 21782 23030 23567 24193 25295 37466 42969 50260 72782 100531 152172
1963 2576 13240 13832 14264 21089 23679 26285 28711 38483 41692 51356 55776 62665 62691 108737 142793
3929 4098 6779 10786 17914 25725 27663 32760 35110 39235 41241 54886 63521 73367 120626 145227 171564
4678 6237 7167 7657 12842 19006 20061 29979 30772 37287 44318 54188 58471 65900 77053 87216 94916
4083 5901 9043 11523 15251 19395 24304 36401 43247 44928 52781 56035 57462 62509 79001 79698 131695
815 3303 6959 14364 14859 18101 24007 25377 37167 37968 38300 46057 48512 53836 63491 161022 209047
2323 4344 8428 11843 12556 13722 16133 23893 33518 39419 45473 46977 67921 75582 121212 130787 137834
2468 5201 10382 12643 15222 17050 21502 25617 28300 29678 44666 47852 70474 82627 86915 91735 92942
1002 2666 3484 6940 16251 20363 25241 32305 32492 49518 59626 61827 73982 89159 98325 100285 176296
2676 4119 4487 13468 15887 18285 18913 25453 37548 39144 47068 50805 66540 72695 78257 110012 184403
2305 4702 8074 15601 15777 29033 30470 35035 36470 57672 63405 65835 73711 94221 95720 98252 104558
122 3503 8797 11337 14133 17540 25057 25743 29451 36584 38971 43030 52629 62255 68837 94683 138568
5926 6084 9765 11410 15399 15596 22909 30210 33549 35455 63904 65962 75420 79045 83431 95031 185120
431 4197 8859 17517 17617 24219 27029 31236 31679 38053 41564 49072 56273 62201 69417 78110 84669
68 224 3432 11766 18630 20042 36204 38599 40448 47477 49302 51041 53699 54786 64191 80399 155355
3446 4388 15737 16339 18547 20988 27208 34344 44632 47413 50263 50775 57516 57593 96956 129880 143543
11014 11713 18488 19354 19935 23159 23438 30269 30831 31390 59732 62607 83058 85591 93093 106413 139576
2329 3036 7839 8102 10500 21199 21352 22857 36477 37436 50124 55540 66690 66849 78313 87090 160668
1198 2235 5788 9464 11936 21644 23513 27514 35780 48213 48319 51483 59737 94287 100000 118715 186547
5241 8795 14453 18793 24667 25876 29654 38581 42011 43058 58415 66174 66623 72598 75740 85777 88720
3849 4125 4753 6497 9035 10892 19087 29647 34358 38857 44309 56821 66161 76721 77098 79185 197544
9501 10836 12292 19141 19636 23257 25520 30661 34911 40626 50357 56342 57088 69219 84469 94663 123747
794 6045 8064 11357 13858 15220 17779 18520 28688 33954 39764 67185 68238 97778 100102 142143 158693
1408 3275 3398 3566 13508 15524 17749 23120 24101 27045 35465 42690 49202 67061 83441 98501 147432
4338 10024 13353 13924 18734 18917 22780 30662 32086 48018 49503 52323 63287 64478 78029 93749 134383
2090 2436 7697 8526 10280 11221 16343 23645 33992 53335 58682 69971 70104 77261 102379 137070 143957
1327 6664 7133 11657 11801 17223 20052 20864 22165 27256 27780 41031 55417 62499 91228 128830 167529
7584 9305 15414 17693 18708 28466 28656 31701 32625 34554 35088 48044 64712 69521 88367 99122 142148
5066 7790 10735 11247 12127 22141 27795 38173 39627 43541 48414 51957 68571 76284 79780 90918 148825
8105 10638 11387 13172 17586 28500 31201 34049 38589 43254 49289 54769 58252 64820 83191 129762 179303
2391 3560 6123 12789 13254 14240 26428 31200 43069 43335 47111 64380 72456 73763 77933 89828 189402
150 1209 2913 4431 18147 18725 22155 23454 37971 38107 38397 38732 43712 49152 63419 200778 201381
1444 7400 7522 7552 20263 24144 24879 29867 31915 33912 37486 42808 60652 79737 83940 86581 102296
4949 5582 12845 14316 18424 25972 28739 32880 37193 37295 38965 39134 41559 44315 48249 90428 121748
7488 7999 8019 14033 16667 20563 38576 38809 45620 46359 48574 59035 59781 62999 76942 78060 97475
1532 5374 12055 15448 16088 19493 26261 27642 29199 34940 36397 47243 75178 79134 84427 91205 146958
11774 14703 17970 20219 20542 20768 23875 25010 27590 36514 42344 44560 47537 53758 66215 117612 139218
3366 4749 5236 5452 5764 17567 26543 26867 31561 32518 33021 44262 75229 79814 88588 96391 142764
614 2134 4494 4891 5339 6599 10146 13906 15579 16340 52903 56322 58686 75003 85096 88760 143572
32 369 8631 11813 11905 15845 17627 17679 41965 44564 49370 55836 85184 95073 107316 134187 175702
596 1233 2006 3114 5236 5511 9742 20341 22178 27832 33952 37688 46663 47465 48813 100037 279922
