1000 14 10
4462 26592 29956 38109 68619 76396 91267 97003 193851 207688
4616 19758 41216 45860 78448 105757 116377 136878 139373 190284
23031 31416 41438 47008 52766 62978 67077 94570 198022 286839
1702 3987 15411 21532 22290 50707 114895 133582 138972 359278
7303 8106 42810 47423 56266 60262 90205 132634 150041 158739
2015 3056 3094 3832 39302 83470 96974 99890 124975 285093
2559 6549 44472 51455 52314 96175 122194 122335 133289 251521
29757 30588 46969 51982 54671 99838 102662 103570 147088 159395
1176 12382 28556 35405 38026 56675 82258 148996 168279 245703
12690 20337 35422 43205 100764 100797 108259 114148 121832 159811
1120 4689 44137 51848 54908 71698 78111 116619 146450 226842
5651 7448 12066 40116 49822 52089 61628 85679 228279 366149
11032 17250 26646 30318 61158 91029 121415 137985 146471 184808
13966 14850 17052 24668 27411 49806 50493 54141 240257 259227
