1000 23 45
79 667 787 1522 2564 3660 3769 4453 5606 6046 6367 6584 6868 7158 7798 9518 9659 9837 11120 11689 11938 13437 14233 14653 18047 19001 19130 19171 19606 19907 22531 26718 28084 28277 30131 31890 34553 38243 53039 60955 62520 68520 70201 71701 75747
445 451 982 1482 1579 1689 2039 2097 2143 2445 2544 3078 3447 5399 6175 6188 8755 11529 11657 14551 14747 15050 15480 16031 17214 18157 18457 19810 21006 22240 23058 24425 29092 30668 32036 38539 42289 49841 52378 56435 57551 60557 66296 73924 88100
2428 2790 2948 3102 3485 4385 4436 4519 4527 4922 5810 7011 7497 7509 8128 8552 9299 9309 12121 12989 13843 14270 15384 15587 16788 18370 19713 20738 21030 21393 22086 24520 27440 27496 31201 33720 34400 35154 37828 45584 47866 59553 69455 86519 109051
1427 2007 2163 2388 2397 2562 3616 3616 4263 5595 5765 5885 7079 7614 7794 8024 8280 9053 12138 12271 13403 14283 16252 17870 18144 18517 19907 21237 21864 24171 24498 25658 27284 29644 32621 36385 40441 41436 46712 48627 55925 59222 66400 75446 80854
727 744 832 894 1543 3855 3915 4850 5335 5984 6842 6919 7138 7313 8467 8532 9677 9864 10291 11912 12023 12900 12905 17370 18561 20076 20431 23084 27027 28601 29803 31634 32339 34574 34960 35586 40752 42268 46787 48843 51579 55315 57819 58618 82798
233 350 1454 3578 3610 5100 5712 5785 5922 6836 6965 6979 7240 7587 7876 8040 8540 8766 10705 11599 12354 18114 18141 18276 18756 19243 20861 21049 21424 23338 25005 25933 27650 28219 28716 31525 32131 43775 44956 49512 61262 62073 63652 69245 86147
350 1561 1797 2712 3024 3370 3998 4333 4914 6549 7863 8190 8310 8384 8512 8528 9018 10074 10742 12492 13114 13356 14602 17080 17432 19378 20157 21529 23221 23469 28194 28834 32515 33576 35507 37064 37625 40089 42531 43429 47434 56843 61197 75086 87762
149 1136 1313 1584 1590 1824 1953 2118 3418 4154 4649 5040 6047 6327 6997 7108 8662 9028 9338 13294 14534 15265 18148 18437 19471 19850 23034 23089 24320 25449 26302 28238 31299 32504 34644 38382 39079 41998 44789 49420 50171 57309 68576 72328 76825
529 988 1649 1694 2042 2252 2488 4420 4469 4605 5148 6191 8294 8342 8518 9256 11189 13783 14988 17194 17372 18725 20665 20719 21128 23311 23456 23786 26969 27097 27326 27502 28013 28485 31009 31579 32358 36859 39325 43720 45133 58973 60307 62928 89866
502 559 562 1045 2045 3478 3582 3717 4784 6401 6997 7867 8382 8857 9606 11243 11930 11978 14053 15761 16446 16567 17364 19634 22220 22429 24916 25638 26025 26344 28075 29510 29866 32965 33663 34942 35700 36034 41191 41712 42956 51430 51489 54133 97436
784 2123 2675 2983 3473 4221 5019 5509 5822 6100 7010 7275 8144 10381 10680 12415 13170 13544 14158 14941 14968 15304 15388 18072 19249 20328 22015 22258 22662 22693 23103 25917 27488 30361 31532 32642 33411 33736 41545 51305 52360 54169 64932 66558 80713
975 1057 1199 1540 1720 1961 3323 4235 5401 5418 6247 6819 6982 7702 9169 9298 9834 10064 10097 11523 11531 17598 18225 18249 19142 19286 22221 23757 27516 27854 28090 29816 31914 34409 34424 35248 35870 36479 37036 43473 49946 56467 57106 75936 83811
43 98 145 173 186 1150 2173 2388 3010 3101 3311 4954 7226 9420 10106 10256 11593 12933 14373 15468 16153 16461 16497 16676 17769 19472 23288 24916 25620 26637 26791 28842 30764 32975 32982 34841 36128 37868 43346 47677 49278 51565 58255 78997 83195
3 188 259 1897 1953 2155 2185 3075 3374 4521 5248 5970 6299 6937 7635 7796 9422 10894 11031 11370 14744 14887 14922 15776 15829 16816 17259 17828 21640 22692 29103 32521 32532 32798 37224 39335 41946 42170 43289 43330 46769 47890 55982 80598 107744
879 1011 1200 1757 2179 2204 2266 2869 3101 3165 3306 3439 4131 4755 5003 5634 6730 7180 8466 8697 11016 15134 15364 19319 23550 25489 25525 26448 26816 26816 29086 29844 30379 32533 34963 38621 39255 45670 48370 50818 53672 54060 56113 65995 90629
215 557 663 2918 4204 5043 5159 5325 5441 5508 6281 7769 7913 7920 8037 8133 9960 11065 11984 12116 13743 13845 14801 15334 16948 17391 18943 19496 20991 21715 22463 23932 29752 33119 35200 36441 39597 41348 42874 47300 48901 50614 62189 68020 109537
602 669 1791 1961 5450 5505 5792 6227 6449 6796 8378 9411 9763 10036 10069 10755 12081 13056 13120 13651 15980 18001 20229 23376 23995 26089 26209 26563 26646 27395 27697 28553 31165 31758 32315 32677 39591 39866 40364 41075 42286 52476 52664 53646 63039
595 709 1480 1731 1737 1873 2592 2672 3243 3516 4002 6234 7030 7487 8099 8925 9490 9694 10149 11661 11791 12478 13145 13855 16013 16469 17004 18564 18590 22391 22772 24085 26280 28132 29766 30546 32402 34477 41905 43109 54788 66725 68640 97903 126975
232 980 2505 2650 2734 2815 3493 4341 4414 6266 6286 8690 8806 9290 12171 13204 13234 15385 15928 16004 16168 16549 16571 16884 17821 18829 19158 20023 20776 22201 22988 23737 24677 33386 35121 38151 42096 43208 44225 44427 47315 47533 60189 60261 86964
269 408 707 1730 3147 3150 3652 3726 3737 3811 5341 5702 6176 6303 11019 11375 12084 12479 14465 14955 16709 17314 18358 19404 22191 22812 22984 23091 24713 29587 31493 32719 34155 35470 37069 37686 37841 38273 38916 40528 48517 48604 49103 51698 86883
667 785 1083 1259 2021 2402 2585 2854 2984 3761 4440 6281 6663 6808 7691 8575 8691 8835 9204 9282 12786 15077 17284 17962 20875 21577 21757 22353 24314 24340 27916 32927 33194 35857 38025 39239 40451 40587 44039 49735 51914 52102 61725 72407 74071
362 1167 2552 3441 3672 3781 3877 4942 5686 7177 7901 8599 9548 10601 11825 12145 13226 14751 14765 15555 17488 18087 18894 18915 20636 22454 22562 24288 24383 24574 26493 28396 30536 31847 32540 34102 36180 42745 44931 48266 49976 50963 51163 59609 60280
566 600 1029 2860 2997 3835 3993 5307 5934 6217 6221 6693 7309 8343 9530 10028 11445 13389 14678 15140 16973 17660 17951 21229 21337 22308 22741 22747 23139 23677 23924 24404 24601 27164 29453 31718 32127 33571 34781 36830 63446 67003 67203 70028 83025
