1000 40 10
632 2475 6730 44767 57894 90284 91436 144073 146075 363021
4725 10840 10946 30606 67356 70909 85062 102857 204006 365106
2452 11295 13298 32098 102012 104728 110034 126680 132464 340989
16223 30350 30650 49525 50753 90200 111972 126306 142066 311530
15254 42408 44064 44630 68870 79310 81734 112085 193928 275116
19799 24345 26466 39130 71121 93227 145367 153381 174288 195709
12826 13959 27410 31702 36069 37881 52181 101296 246693 398875
2213 41054 58479 59859 80290 108464 116943 119125 192348 196801
12970 21498 34521 53778 57989 72799 102978 120071 128350 342018
12796 24732 37018 45824 49601 70433 113899 125267 231866 254078
6664 17365 26352 36917 71384 82639 84726 112287 254907 276230
161 18869 26445 37832 71630 108931 111839 112918 234919 249780
60 27275 31613 57463 73188 114392 139155 140078 181974 201538
10138 12385 22456 53453 56750 57419 66329 147140 149101 371929
18931 30589 34564 35368 71551 128194 141183 141894 180744 187427
10281 13197 25161 27249 58325 88215 96320 156192 243332 248463
21241 37644 42799 54080 72455 104415 112347 147530 177012 203039
18985 30660 31597 34644 36481 44916 46867 57064 313905 360541
32037 61890 69869 70028 70648 103410 115921 142030 148302 164817
6251 11057 17938 35000 63182 72655 110831 127878 234976 292688
1995 16170 26952 28933 52452 56035 88188 175893 195636 337861
9655 13108 22356 24755 25752 47531 79666 117779 219101 420495
3147 39617 51576 54313 56538 66072 74027 116375 191913 301136
18135 27502 30060 42998 45387 93812 96270 137154 213381 255918
7090 8675 71411 73408 98898 102184 102390 139726 149403 194585
5966 12094 12290 56805 87262 107202 126857 136739 145867 273006
7412 43513 47351 71564 77876 98539 110527 153396 170536 197866
29272 45318 56437 61721 62372 99141 123313 125916 149976 196874
15924 38028 43358 55992 71644 97961 117725 120459 173252 212238
10762 11411 20525 20541 23294 54954 171825 197376 214267 221476
5939 20637 30057 34172 54889 57852 118620 139276 172356 337480
3464 13053 25697 31434 39390 65220 76887 180006 245087 265804
70 3472 26618 31252 49605 92070 158549 181495 187646 242763
8905 20623 34745 35724 51598 93422 128582 144559 167545 291974
6550 28829 38618 46181 52642 64530 112877 135881 152708 309639
4661 9418 87596 94568 100558 108453 114515 122935 123190 204540
17705 33836 35408 37803 39145 66750 137963 142949 212626 238702
696 5466 16264 28915 42420 60767 111556 131388 228365 342206
14465 15139 26100 28501 47534 75131 121479 160249 168455 315553
17088 32227 44790 63542 80176 94391 101134 107711 141879 282800
