1000 36 29
180 1812 1942 3173 7156 7744 8568 10397 12805 14056 14985 16614 20014 20418 20960 22496 24713 25740 30309 33156 34702 44180 45516 51546 52049 55322 59161 59599 215172
2696 3461 3517 7585 7637 8043 9588 11082 11900 14542 15898 16615 18574 20664 22222 26591 26860 27780 28509 30206 43166 43600 47145 48119 50102 57978 58088 104277 122959
1400 1900 2264 3404 6987 8912 10543 13531 14123 15241 15939 19468 21749 27501 27953 28086 29841 35178 40269 41583 43694 45042 47121 55297 55711 59910 59932 70735 123367
2227 3138 4134 4928 5196 6070 6978 8592 9824 15058 15753 17669 18713 18975 19250 22334 23521 25997 30396 31572 31987 35155 44371 45934 67337 67614 82065 86164 148911
513 1163 1531 2861 3680 4517 5714 6379 7959 8038 10268 15554 18389 27203 27894 30383 38963 40046 40101 43222 46581 49309 56854 64422 66119 74520 74906 83851 88999
747 4652 5368 6169 10149 10645 14415 14448 14796 16574 16796 20680 23216 23838 27390 28537 29870 31659 33539 33666 37404 40248 40712 47201 56724 70230 71077 72845 104090
204 1223 1803 1846 3161 7156 7789 9059 9395 10273 10471 12048 19507 21102 23714 23952 27228 27686 30548 33654 34105 41842 42608 44329 64961 74024 85741 88546 154864
1795 3688 8161 10303 10578 11521 11695 11921 14272 17569 18132 18351 18355 18531 22524 22554 23433 24116 43841 47435 49057 58375 59749 63129 64767 64787 66133 66488 75421
1248 3623 4428 8209 8482 8610 12771 14001 14654 19599 20619 21957 23568 25387 25469 30866 33190 33678 37305 37600 41973 42301 43115 46826 46922 54603 57086 68853 154727
2474 3345 5780 6856 7005 8702 9380 12398 13027 14961 15060 18371 20244 23077 25754 26726 28150 28665 36132 39475 47945 48694 50361 55509 57963 66642 76800 79142 100827
179 2760 5498 6870 6881 6917 9300 13095 13165 13778 14514 15521 15915 16840 17565 18513 21510 24578 26257 28815 35728 40844 50428 53762 61256 76622 89047 100184 125842
4 759 1479 1572 2186 4290 4845 4865 5607 6022 8553 12353 16477 18365 19993 22212 25762 26723 28290 28441 35755 35923 41993 67512 77153 87123 109666 118741 124031
109 585 593 2844 7107 10301 10351 14716 14744 15490 16070 17841 20223 22773 24868 26219 32787 32832 39259 43776 43866 49437 53937 56245 61453 64509 81440 92006 94008
147 1907 3627 6936 8190 8563 10381 15120 15234 15301 16822 19650 20305 20635 24447 24595 25470 27603 29979 38949 39963 42650 45816 46631 58795 59335 65503 105173 133400
1208 4329 5096 6311 6461 6530 7422 8920 9148 11778 12808 12940 14892 20445 24400 25700 27704 30102 36465 38388 40887 52016 55439 57941 65330 68894 76214 97913 106800
590 1396 3345 3579 3911 5244 8170 11825 16445 20241 23189 25073 26697 27182 27204 28617 29093 30070 30964 33184 37462 42199 42601 42819 54413 67201 72126 82414 102640
710 1327 2329 2831 3081 3721 4223 4889 5784 6333 7915 9711 13391 21806 27270 30661 30979 32981 34975 36493 40912 55659 60343 62423 62874 69844 81212 85100 116049
1005 1946 2147 4664 5603 9896 10308 10331 10691 13673 15957 18430 20976 21599 22625 23176 26507 27322 33911 34467 37055 42873 43652 44657 52037 52600 61377 68819 170854
1269 1829 1850 8191 9307 10486 14629 15302 16987 17087 19990 24924 25174 25693 25744 26582 31442 35254 36479 38004 39612 42273 45146 45236 48313 57785 58014 71401 138932
400 555 1246 1949 3459 3656 4287 5488 10406 11118 13457 15331 15338 16500 18532 27248 27919 29002 32350 33893 41922 43007 52452 59623 61337 64110 76496 81235 119311
617 702 2097 2200 3131 5026 7529 9399 9928 14031 17855 22322 22346 22407 23223 24051 25844 28865 37786 38056 38361 42988 43094 44238 48097 55273 79938 85923 119348
692 1947 2635 2954 3326 4585 4953 11159 12578 12762 13103 15698 17747 20205 27226 29538 29645 30070 32126 36405 38839 46073 56441 60554 65469 66442 76314 85485 88539
806 1367 2983 3016 4121 5602 6001 6382 6471 6908 7183 9249 10372 10619 15674 22271 23044 25599 27886 30219 36603 48666 53917 73727 74285 77859 91271 106343 128253
1664 3465 3951 5995 6903 8005 9680 9696 9706 11908 13666 14736 17332 19480 20106 21185 23986 27767 27908 31915 37418 38697 41431 41938 49358 57012 74898 93168 189433
94 830 1691 3211 5752 6944 8401 10128 12068 12239 12386 13997 14716 14879 16100 16351 25177 25835 30687 32276 37592 41788 46167 51412 55372 59072 96297 110261 114994
467 1568 2430 3554 3595 3954 4075 5345 6436 7027 10431 10834 12051 12057 13071 16982 17526 18538 26412 29358 30337 48710 60509 62108 67657 97812 106301 118508 148554
70 1923 2243 2737 3205 4403 7007 11409 11828 13084 15585 15749 16719 17690 19224 22810 23841 32546 36921 37617 45012 47754 53376 55658 61919 67663 87012 95512 130298
229 316 713 1117 2508 5304 7082 9205 9378 9979 11448 11612 17574 25430 25940 26275 29834 30976 31319 33117 44484 47643 53978 54510 57757 61979 63817 112020 141406
579 726 759 799 3021 4759 5672 7256 11806 12182 13228 16292 16354 16382 16440 27395 28444 29251 31379 46983 51621 52261 56114 58747 63955 75849 75902 96990 124214
19 324 1044 3220 3954 4709 5046 5736 6411 7546 8532 8949 14386 24082 24286 25946 39626 40060 42224 45401 45659 46648 63222 65981 70989 74264 75667 78489 83535
1915 2935 3687 3755 4101 7573 9019 9281 10170 10397 17829 18121 20400 21219 27594 28316 31107 31231 36215 37311 37324 42390 42918 46976 57589 58465 60944 83099 172468
1982 3730 4634 6233 6515 6659 9114 9295 9446 10453 13470 14736 17043 18824 20801 22743 23779 24044 28333 30788 31586 33363 40783 59272 64922 65951 79324 98782 165184
456 927 1375 2697 3647 4285 5411 10130 10164 10858 18520 23116 23864 27784 28435 28552 32604 34593 35746 35975 35981 37034 43553 56093 56516 58352 71157 77181 165967
36 731 820 1186 3193 6877 7463 7514 7726 8920 10672 10852 10863 12641 13481 20476 27892 29160 32258 39509 42602 59388 65073 68267 69277 78084 88094 104976 107061
124 850 3564 3604 3942 8297 11507 12201 12387 13477 14273 14494 19755 23975 24992 25236 29457 29964 30968 31121 46369 46688 49785 52132 55924 72999 75933 89470 101687
1159 2328 2636 2931 4185 6232 6314 6866 7891 10985 13798 19374 21217 21632 22410 27188 29200 34798 35391 40606 41592 42025 42526 61683 64421 73679 83684 103942 109811
