1000 44 13
13014 17863 22391 22471 65645 67904 75329 79330 85677 87457 92598 125406 228869
395 20924 30172 38582 39713 45959 47501 70639 70855 78730 126865 133773 276960
7861 34647 36272 39980 48717 58227 58920 60593 105920 111242 122869 130656 173776
5074 17224 32347 36956 40071 46651 56464 58823 76596 94992 152439 179996 190510
8324 29412 39790 43117 46090 46797 51712 82485 83335 92817 118596 128751 213116
5115 6581 9067 19118 33086 35211 43579 43995 54779 75450 214175 221809 223801
10212 10456 20351 31550 33114 39958 42803 52149 97139 100146 143399 186819 215945
25507 28094 37814 43046 50265 50944 62200 76190 77361 78246 115854 160033 174728
1992 4925 7845 17101 28674 31914 35600 43521 82362 83152 146991 158405 341336
310 5109 23670 37719 46915 49307 57111 59354 65017 91328 108676 219215 226894
5442 8378 19128 36382 39032 51340 74161 75378 77693 104131 121209 169718 208482
394 5287 12773 20549 71931 84490 88679 92288 95197 102085 133153 133922 145371
6785 6861 24990 33335 36759 38285 41786 78608 85126 92769 167530 179364 193212
11281 16378 24293 25247 44556 54376 56164 65438 71321 102023 134443 173702 203628
952 17261 18539 30530 41733 45138 96304 98834 103181 113735 124844 130991 165684
5917 13042 19741 20361 33322 38979 49661 62113 74713 82952 89432 115700 386680
1368 6226 9558 12135 20413 31361 33827 40943 57345 91164 149918 234797 295643
1733 5361 17054 27883 28045 46545 60420 86975 87314 89143 95902 154376 281870
278 13630 21047 21212 21531 34699 52858 54954 57423 157101 158592 181014 210061
32507 41518 47525 49359 52827 58306 62503 70833 75219 99873 111964 139896 150339
3896 9651 13261 34043 37380 62548 88602 91534 111040 117855 129060 136066 147837
5099 8211 9601 11594 21425 25970 39091 106199 122443 124421 141577 150558 226391
6088 13474 26293 34378 35268 41887 69567 76218 88345 90880 112120 125065 271641
11021 12505 15866 34116 36560 39377 54118 58814 73078 105449 175894 179645 187025
5764 6133 22707 27347 37620 49228 71121 83005 87574 108630 126089 145718 218740
3898 12019 16742 22311 24854 37741 76769 77755 82989 86649 102497 188823 247107
19753 29530 32648 41584 48790 52100 55316 62816 89387 95753 131416 160290 170005
1279 2141 13954 20586 24704 33922 47411 49354 49841 57272 58413 310046 310328
987 10652 13548 39768 49552 52401 76848 94193 97651 105799 107629 126834 209352
4861 7591 10114 12111 43517 45631 54959 61882 112470 114398 119466 156493 236302
7446 9111 20954 21482 23091 39890 59420 77588 122838 130960 133712 144604 198691
10491 21383 32816 33153 42519 46603 46675 51487 98275 104437 134262 145724 218412
3844 18766 25541 28933 45787 55317 62474 98080 102329 107052 127391 133842 181002
4193 4984 13522 26334 29955 36552 75807 82312 83463 95305 111599 175130 250046
2842 27100 27324 39583 40834 41406 58674 82876 107987 110541 115218 135559 199192
11617 14295 21772 24085 28281 28671 43593 61763 85860 103679 122523 159456 284879
10619 17224 19526 28931 49820 68228 83332 83785 93782 103944 109162 132970 177935
8173 9149 12594 13249 17622 33923 60511 119650 129707 132524 132652 151553 158459
1311 11916 14453 22129 22141 44919 82250 88412 104026 107178 109194 183855 197370
10313 15302 20269 24290 28717 33718 49063 83385 117916 125210 133757 173607 174538
1901 5090 9618 18514 22723 66127 78469 88656 104210 106146 133657 175017 177184
5451 24158 28878 31985 41306 57873 65861 73497 76062 87566 147914 156520 188846
454 1538 10530 11926 12350 39727 58061 67922 78713 125350 154783 205769 219953
4514 8744 10875 29241 42177 45153 49648 71770 86430 97544 167277 181765 191165
