1000 29 19
1064 1979 6166 6292 8773 9839 9880 12862 20290 24960 26949 33706 43192 48811 57432 71519 84176 97942 205476
1221 2683 4881 5124 6679 10022 10820 11306 17359 23131 40030 51284 55417 58189 58367 63086 65498 93912 148866
227 2904 3189 3393 6971 7982 15646 21733 23268 28296 36273 46160 50604 51202 53650 61076 73994 76900 185808
1838 11535 11825 12243 13679 16134 19122 21952 26100 29490 31338 37389 45051 49149 50609 99934 114102 126570 174361
21 378 2264 2524 9348 12239 23092 25579 26990 27421 35170 58660 66433 77063 81463 93316 98641 117637 133755
474 898 3603 4882 5274 15437 21014 22232 30424 39159 43551 50747 51771 52933 52973 65894 89214 110847 180961
1350 2063 2225 5797 8198 9719 10388 11027 21787 34743 41632 43099 53424 71126 82454 91298 113628 115208 126547
341 2046 3721 4421 4652 5373 5838 13024 34948 48793 55344 57385 60640 64512 83473 92804 104647 109095 130230
646 3155 10517 11795 14960 24897 27201 31931 36807 36840 42876 43059 46243 48602 64407 74310 78611 98271 116066
330 1172 2253 3371 4332 11192 13310 20343 23735 24471 24737 38755 50040 54447 73127 75840 86848 112072 206335
399 2630 3745 6807 7063 15768 16706 27708 27956 28198 29410 33727 36882 53727 62962 65788 70272 71739 165918
2272 5145 5910 9244 9907 11051 14272 23219 24830 30518 31881 33306 38287 41111 47133 51433 113817 122720 150548
569 1059 4863 10145 10474 12537 13476 19605 23792 28607 29391 37792 41315 42093 54826 82617 98624 111180 141573
1659 5057 5746 6713 8912 9371 21387 27014 27542 32526 36777 37181 37532 50722 56043 68123 75170 114604 129640
325 1917 5445 16754 17713 18671 24099 24526 26107 27834 28703 28861 35965 47254 75668 106605 111119 116574 124657
2662 3274 5142 6869 10774 15899 20778 22285 26485 31804 31840 39716 58026 60934 64989 68795 89819 93027 239985
3160 4378 9917 12953 25460 27687 27801 33601 35304 37290 38334 50987 51846 63022 63268 65438 70976 87860 193748
71 5041 6468 7082 7925 14793 17136 21928 27899 33913 36636 38267 40316 50197 67683 95906 100465 107681 162792
4189 7375 7797 13140 14708 15175 20500 22886 23023 30358 36763 38357 47214 56284 56725 95828 101590 126360 136665
867 882 3109 4619 8771 11478 14787 18275 20460 27227 27464 39949 46020 69425 78547 79029 81748 95201 117648
2416 6704 6830 16118 23049 23513 23617 24278 24669 36862 42318 45013 49637 57916 65759 68102 105138 113244 114108
1566 3790 4904 6943 10101 12219 13066 20377 30115 35412 38568 40042 45585 45612 47255 93150 134572 137855 180615
102 2597 7644 9085 10566 11997 12764 13984 20247 21090 24147 34537 38403 42893 80325 98932 117494 117541 191401
3546 4056 4098 4840 5620 8817 9816 10739 20548 22558 26095 32785 49701 55224 56105 85997 89312 116116 164427
1921 3741 4694 5971 8880 17742 18786 26082 28740 33645 39030 43141 46136 48044 56436 84554 90198 96811 128141
2842 4258 4507 8027 21388 23481 23887 25589 26482 31422 32173 35180 46502 55689 57234 71122 77160 108779 130819
335 658 7294 8800 12060 13446 13467 13561 18777 19925 26692 29563 46827 56321 69273 81242 93282 102173 176743
524 2235 8507 8764 14199 14945 18844 24676 36525 37231 40028 40111 42774 47173 58815 70635 77687 99184 131496
5960 13645 17125 21144 23141 24516 25932 27723 28984 32386 39674 41480 47727 54611 58405 70430 75684 83000 100620
