1000 16 27
1717 2092 7181 7443 7923 8156 8469 8496 10805 13397 14040 14934 15171 16365 17792 19827 23539 38737 42031 49594 50615 54062 57149 66598 94171 100452 108906
333 1583 2217 2919 3794 6694 10602 10879 11022 12239 12838 14198 15768 15881 18705 21636 26323 36230 47019 49622 54880 62751 66835 70551 76860 89479 155446
221 1210 2405 3129 3272 5514 6402 6832 8962 11919 14054 15375 15594 18781 24313 30331 32743 34533 35864 36107 37181 40487 72764 81070 85257 97236 160166
516 1622 3014 4395 4747 7984 11655 14356 16130 17595 20021 23745 25257 26171 27543 29037 30168 30677 30862 31372 33058 33640 43852 85064 90954 100921 103543
52 472 2862 3026 10214 12191 13069 13208 15082 15843 19850 20150 20263 21185 27293 33414 34292 34429 35235 36195 38016 38775 50228 53721 63638 67363 160468
1417 2590 3172 4119 4121 4721 6352 6412 7807 9917 11565 14050 15258 15950 21455 25567 27806 36545 42830 46750 57014 57889 58693 68380 84541 144056 152636
2825 5661 6946 7144 7737 8353 9110 11578 12812 14016 15280 15845 16376 16950 17393 19174 21890 30306 36748 39030 41529 44887 59742 66221 106034 140589 162005
668 1598 6527 8613 8745 9446 10063 10575 10690 11102 17696 20336 26195 30348 30477 33206 35217 35822 39171 43501 48646 51979 52730 61543 67076 76318 116472
553 2227 3118 3903 4266 4583 4608 8219 8752 9368 13255 14895 15085 20133 20328 23516 27133 28053 33703 39224 52169 52970 55872 92464 123484 125398 150736
386 1009 1263 1422 2228 2598 7165 13275 14719 16594 16658 18060 18812 20698 29386 31118 31374 31582 34135 36487 44485 45109 79856 92475 92606 108631 114496
736 2788 6166 6362 8344 9822 10575 13353 15826 16939 20043 22729 25473 25859 31716 33740 35221 36730 41862 42025 48716 49965 54932 60342 68578 102455 146923
219 1534 3735 11032 11537 12393 12707 17437 18741 21686 23280 26295 26304 27664 28672 29172 31834 32993 38003 40161 44122 47638 71644 73160 77779 77862 86318
1578 2381 2873 3734 5035 5971 6011 8656 11713 12843 12920 16728 18306 26081 28840 29069 29908 30609 34507 41715 49804 55505 62264 62598 64091 64139 150716
1167 2184 2365 4036 4089 5844 8600 9028 14601 17378 19055 21142 21424 21959 23833 26575 28425 31371 36469 38482 42620 46763 56235 66052 70945 102898 136911
1132 6692 7997 8245 10936 12086 12329 14605 15792 16327 17140 18464 22854 28470 32890 38556 40160 40354 42950 47618 54035 54990 61119 61419 62698 73545 104947
421 2778 5237 5303 5504 6649 18281 20220 20633 20776 21287 23994 24464 25313 32266 32821 33247 33452 36468 41758 48937 54105 54356 58000 65780 73426 103782
