1000 11 42
64 126 326 1034 1529 1798 3281 4044 4062 4451 5112 5117 5281 7057 7180 7686 10236 12117 13157 13162 16156 16522 17359 17822 18354 19558 20681 20829 23930 24806 24955 26601 26763 33079 40653 42514 43869 46162 46452 53229 63093 84418
255 1776 1953 2236 2342 2691 3511 3802 4160 4878 5570 6525 6587 7118 7585 8132 8273 9161 9775 10237 10883 13415 13660 14489 15722 16251 21117 21814 21925 26727 27891 28340 29737 30575 33109 33390 50871 51892 52628 75359 84583 103841
621 1480 2185 2283 2926 4042 4755 5183 5892 7244 7301 7553 8094 8208 9806 10387 10502 11603 11619 12434 14403 14513 16263 16554 19386 19448 21263 22751 24612 28785 30125 30597 31595 33597 35989 37593 41505 45461 47500 49997 51227 71164
1440 1703 1728 1882 1998 2103 3891 4815 6588 6870 7499 7994 8418 8428 8648 8900 9095 9222 9617 9694 12736 12945 13564 14484 15132 17161 18185 19099 20259 22659 23135 27335 27870 38648 39008 43533 43597 45531 54918 62337 68337 97971
128 867 2120 2284 2721 4261 5107 5255 6489 7460 8209 8571 8745 9202 10636 10717 11163 12188 12337 13296 13453 13884 14396 16016 16461 17577 19489 22156 24311 25085 25520 30805 30819 31888 36901 38010 40624 52949 64609 67922 71374 102006
420 797 1120 1483 2517 3063 3066 4016 4842 5228 5352 5555 5882 5885 6604 6748 7341 8472 9910 11049 13173 13525 16189 16265 19059 21673 22217 22945 24508 26266 27670 28213 28419 28963 34229 34852 36613 39400 40506 53139 56782 60150
120 886 1097 1664 1726 2737 2803 3145 3713 3939 6142 7607 7847 8424 8854 9672 10690 11250 12746 14005 16433 16863 18200 20358 21657 22375 23877 26153 26179 26249 27078 27235 27557 27747 27977 29705 36121 36182 37526 42626 47534 77243
809 2044 2118 2612 3986 4374 4726 4833 5027 5532 6832 7112 7392 7814 8057 8485 10369 10529 11362 12122 12534 13957 13995 15411 16536 18112 23764 24623 25471 26570 29690 29931 30136 30467 31904 41743 42145 44655 46661 47734 73255 95481
6 257 276 1032 1492 2295 3129 3572 4139 5007 5271 6091 6190 6959 7695 8703 10747 10946 11147 11923 12127 14107 15500 16156 17320 19280 19842 20071 20951 21631 22575 23051 28099 29058 38239 39338 40750 41612 42820 71665 76828 80306
1109 1144 1242 1940 2575 2586 3609 4224 4645 5607 6402 8298 8581 8632 9244 9568 10331 11464 11570 12349 14422 15473 15567 16068 20560 22415 22660 23326 25305 28498 29062 29837 30774 31897 35342 39256 39484 39927 44193 44612 48438 56140
429 606 1165 1571 2742 3810 3861 4300 4396 4420 6040 6390 6840 11124 11850 12522 12831 13480 13611 14269 14583 16781 17284 18275 20929 22980 24485 24746 26447 27245 27961 28779 30090 31308 34666 38133 44577 48462 49895 53798 57831 123363
