1000 41 24
347 1084 8105 11697 13746 14308 14823 16320 18016 18734 21285 24229 25852 28512 30413 34746 37666 52279 55755 57678 84235 85236 85981 93127
190 263 4921 7685 14096 14518 15101 16371 16840 18923 20032 23507 24284 24556 27002 37251 42451 50918 53177 53613 59580 77004 114794 116658
2278 3882 4274 5365 5988 6415 6494 8807 11151 12065 13271 13449 15508 19612 24943 36854 46454 57596 57747 60769 61493 70972 97762 264427
200 541 905 2542 2832 5478 6559 6869 7497 11594 13074 19197 20077 20206 24449 30455 43874 47805 51820 56291 85823 109876 110766 140862
2724 3538 5756 9934 12510 12949 17118 18083 19912 20052 20495 21189 21664 23939 29831 35798 37863 46909 47513 55632 69454 77308 118590 139738
481 949 1877 4447 9587 12840 13577 17429 17676 17826 22212 23722 24816 31684 32820 35926 38356 41455 46112 57612 61296 105011 108476 175146
1113 1829 1834 7083 8340 11727 12658 12839 13527 18437 19875 24103 30367 34374 40510 42345 42478 42793 49515 78254 80660 84276 109178 135625
4151 6915 7284 8284 16197 18226 20428 22765 25680 32857 33193 33547 34693 35439 36442 45477 45779 48206 48777 49640 53313 73543 96985 98860
3081 4672 6524 6635 8020 11183 14096 14164 16548 20644 22827 23000 24224 26274 28988 29797 40907 52440 59468 60187 71877 73502 82400 154471
1285 1707 2392 5676 6259 7799 9674 14102 15014 15453 15806 19554 23175 26246 28213 43907 50336 60320 68530 73813 74413 95553 100602 105325
1030 3913 4906 5070 11368 16332 16476 16785 16895 17487 20277 21243 22316 23595 30118 35781 45470 47055 50864 51097 53128 78054 137014 164900
1293 6787 7573 9142 10835 13733 13858 16053 16882 18239 18826 22825 22848 25979 27910 34341 36694 40906 49898 66618 68774 93118 95012 100275
228 1533 1662 4405 5600 6029 6054 7777 10818 14916 17108 18259 26270 27958 33358 33966 38330 49638 62672 63116 68312 72243 94262 190864
309 472 5593 6760 8587 11712 12532 24040 26235 26572 28338 29303 31653 32659 34261 34776 38884 39956 44873 66342 80106 91181 95779 102532
885 2677 4763 8896 11009 11303 12497 14441 16078 16114 16396 18852 19951 25242 28356 31535 43750 44312 45793 59664 77405 83287 93982 168305
986 2919 3669 4694 7821 9106 9738 12349 12829 17066 19211 23118 24400 28658 33889 38800 41112 47139 49028 78577 82909 85782 91167 93356
361 1710 2844 7704 13400 14319 15515 16118 16696 23005 25476 29096 38254 44372 45897 49073 50436 50554 53919 59595 79505 79774 82196 106416
466 3695 5103 6991 13193 13601 14435 15043 17910 20215 22222 24695 26190 33348 33653 41110 46861 51318 59088 61405 72133 84694 96713 132065
2180 7123 10271 10881 11699 15186 15447 17002 19261 27940 34425 38498 39735 43150 43681 45025 45700 55714 59195 61055 63083 70789 73298 84399
418 3127 4033 4792 6280 9428 11550 12418 13791 14959 21036 24050 25313 27626 27865 29555 36334 38347 49713 58290 80348 83770 89136 205816
383 1911 5990 8331 8855 8923 12677 12917 15848 15908 16902 19810 20672 22758 28684 29447 30836 37858 38863 39238 42294 121309 144035 175075
5792 8439 8815 9312 10995 11248 14784 15643 15676 18079 19107 26328 30813 31108 32152 36625 37098 47979 49055 49520 51256 96245 100185 121687
1948 3646 6561 9322 10642 15017 17514 18771 21341 23715 24435 25339 28535 31357 32366 33736 36918 44546 45502 48627 75091 75177 96886 166905
692 902 991 2909 4097 8484 8667 18623 19154 21300 21931 23238 23279 26403 30652 31577 35452 39240 61157 76516 95788 96263 99690 103303
3248 3627 5409 6756 6928 7860 8367 15919 20661 23934 24616 27669 33133 35827 36185 44581 50340 54100 54523 55363 71348 71839 81480 89719
2192 3428 3783 9498 11879 12049 13505 14490 15274 17088 21841 24223 28179 35056 37785 47023 48100 49272 49372 62767 69621 95363 100150 101615
529 1133 1965 2162 2619 7327 8379 11134 16807 17467 37228 37364 38511 45124 48769 51071 56635 56771 60608 64136 64513 67188 74664 121826
1066 3222 3567 5436 7470 8050 10074 11070 13752 18328 19930 25508 26501 26831 28278 28922 34508 49760 59896 61294 79605 80242 96135 137722
2467 3200 5673 7604 7871 8670 10374 13359 14145 17074 17137 17598 20420 20594 25678 30287 36102 39891 61151 65636 66137 110171 139055 144216
347 1385 2302 2420 6520 10068 10403 13513 20580 21334 23131 24018 27545 38371 38421 41985 49502 53001 61454 63782 91579 98097 105313 111484
3396 3861 4827 5352 5594 5775 7798 23615 24764 25382 27863 37079 37299 37929 40533 41701 41949 45011 54934 62828 72063 87225 88032 120227
787 2443 3456 3945 8965 10891 11226 12284 17648 19964 20658 28483 33523 39426 40465 42541 49440 51776 53982 54538 75260 78860 106916 143128
1709 2146 2811 3092 5226 5833 6782 9921 11391 15239 21273 27993 28143 28922 29709 35326 42578 44249 44287 50669 53920 92522 138940 170209
80 5876 6294 7057 7716 14203 14249 14454 17016 19414 20697 23046 28326 30997 40399 41713 52994 55763 61441 66158 77549 77742 86154 110626
11 662 1195 1317 2234 6726 9746 12769 16643 17615 24516 25522 27216 31837 34175 34555 38948 44676 58276 60649 78131 83364 90985 164903
205 1078 1866 6136 10015 13955 18508 23235 24280 25711 26558 27919 29725 30541 39208 41383 42502 43099 56871 67289 72768 73389 84222 96104
560 1200 1243 2387 7019 10735 12883 17068 20898 22515 22830 23616 26267 29754 35159 44411 45016 47512 47832 54907 67477 75233 75947 150180
1304 1580 3321 6214 8893 9649 9670 13601 13913 15977 16066 18749 22420 31129 36408 44258 54853 62869 64079 64949 65060 92125 102466 126969
536 3229 3898 6253 8316 8449 8832 12138 12509 14386 18061 24779 26659 28303 39089 40307 41605 44316 48571 52775 62241 102885 114785 134280
235 487 1378 2456 4767 7129 7386 8875 13880 16774 21103 29437 30272 35496 40484 43383 45873 49596 50144 51136 63836 65352 126955 132992
2080 2593 2720 6135 7358 7510 9222 15176 17854 19872 24915 26682 32375 37940 39502 45400 47822 60354 72065 73310 74884 77650 82102 96093
