1000 33 32
1186 1408 1892 1951 2444 3248 4300 5023 5463 8889 9202 9319 9974 11089 12245 13262 13579 16227 17716 21529 27497 28955 43902 46494 53111 53656 60733 60850 85136 87606 96145 141049
1698 2620 4741 5402 5888 6293 6611 8333 8340 8498 9412 12388 13142 13714 17568 21957 21996 22041 23827 24972 37267 41211 42098 44066 51512 53870 55634 59878 64488 82392 96476 97483
3190 6310 6531 7008 7313 7535 9189 9355 12283 12587 13148 13244 13721 14262 14544 14925 18880 20946 25580 25620 26304 29605 36050 48141 50469 54398 55162 55679 66881 75790 82092 131376
1465 1972 2055 2230 7867 11229 11310 14007 16355 19763 20021 20523 21933 23537 23954 24285 24392 26631 28195 29676 29906 30007 31783 31836 37925 48095 49503 59125 59279 63702 65321 108476
292 1688 5071 5336 6879 7945 9822 10385 12511 13782 15700 16904 17240 17418 20675 21332 24252 27783 27895 28029 28677 28871 36492 36652 37172 40960 44495 47249 49453 63651 111750 153632
1544 2372 3252 4264 4953 6167 6718 7171 7681 9144 9764 9928 12224 14652 15202 19426 19631 20728 22592 29242 30074 35144 36416 37974 39540 41645 48077 59029 70645 79343 82465 152743
1196 3958 4117 4631 5210 6143 6413 9560 11184 14972 15357 15880 17924 24094 24183 26100 29145 29406 32881 33199 33911 34941 40069 41377 42633 43243 43531 46003 49421 58257 88863 129307
501 1123 2778 3472 6106 6568 6996 7700 8669 10042 10441 11875 11966 13237 15305 19094 21043 22987 24030 30106 30381 36478 38862 40436 44412 44964 45584 63221 65048 79886 92901 125780
713 1256 4061 4383 6921 7251 8347 9308 9821 12302 13047 13104 13268 14793 15469 19837 21935 22750 22990 23793 34015 37840 43899 44044 46862 51084 55484 57945 58483 75955 81665 121061
550 1361 1568 1833 6026 6772 11720 12648 13072 14278 15401 17284 18046 19669 19976 22481 22770 24819 25128 25453 26039 28750 31898 39747 44550 54815 62288 67914 68668 80738 82278 89001
2113 2330 3917 4401 5367 5730 5950 6625 7019 7726 9131 9708 12857 15134 16252 17814 18465 24647 26728 33403 37094 38149 38409 40331 47832 54215 55160 64642 67056 73792 101266 105693
188 1332 1566 2593 3179 4645 5159 6283 6510 7252 8895 9157 9616 13931 14294 14936 15751 16326 16486 18314 19012 24704 27742 31215 58720 60789 71137 73899 74124 76201 102304 160442
1594 2188 2750 3725 4499 5062 6001 6341 6552 6896 7094 10637 11901 12723 12858 14138 17247 21224 23774 27644 29370 30268 42224 51130 52555 60096 63853 66336 78100 79038 104704 107985
374 961 1249 2908 5859 6534 7428 8707 10540 12814 13302 13416 15362 16080 17552 17917 18455 22648 23870 28969 29697 34835 38251 40530 40562 40955 43499 45494 54017 87253 123097 141056
262 1555 4237 4564 6500 7194 9041 9317 10969 11513 14369 16606 16746 17339 17634 21515 22558 24610 26021 26281 27804 30583 32735 33616 34210 48876 49727 56979 60449 71030 124945 130612
458 1620 2094 2320 2443 5700 8014 8786 9118 9673 10392 12637 13866 14121 15920 16814 19156 19578 26432 34394 35716 38992 42034 44713 47885 56522 63645 65496 71999 79852 84485 99686
1517 2135 2788 3151 3248 7131 7839 9443 9464 10149 12075 14900 16401 18068 18168 18872 19142 23431 26541 29206 30307 31193 31579 35680 36602 38715 51192 79721 81068 96905 100893 104613
232 547 618 1731 6162 6796 7438 9831 9963 12618 13615 15632 16785 17049 19255 23306 25169 27883 28147 30321 33764 34693 36468 44273 44665 45740 48037 56068 62069 63482 87226 100774
937 1451 3756 4255 4597 5709 6718 10710 10763 11279 12880 14274 14927 17610 19247 20251 21569 24023 26947 27096 36849 36949 38396 38503 41486 42418 45831 54430 66978 84669 85852 118372
246 1023 1191 1294 5539 5819 6685 7556 10057 11009 11624 11713 11968 12213 14736 15868 18772 19601 21357 22880 23533 24559 28162 30900 46241 56040 72586 74921 77952 93694 96380 102543
709 1270 1402 3127 4254 5040 7739 8841 10275 10383 11164 12631 12946 15201 23011 24971 26648 27889 28455 29550 29966 30826 35390 38565 42744 44539 45453 49396 55760 84073 90635 124176
915 2689 6412 11252 12376 13086 14080 14192 14200 14224 14490 16054 17220 17637 18067 19182 20034 21124 21881 24251 28121 28123 28313 31052 31463 38375 49459 50192 55227 69307 95168 135816
350 722 943 1741 3115 3194 4210 5090 6911 7467 8294 9269 11503 11645 14332 15885 17548 17946 19488 20545 29966 36096 42858 44495 44821 53271 57121 68506 77060 94297 97035 128768
2930 5400 5732 5837 6343 6633 7627 7933 10356 14239 16263 16916 18580 22381 27626 28104 28612 29322 29603 30716 31187 35502 36690 39103 42005 46096 59590 59622 66002 69020 74453 85578
1821 1867 2588 5719 5831 6440 11913 12118 14782 15220 16833 19580 21408 21788 22126 22412 23756 24444 27244 28966 32489 34530 36994 40490 40874 40996 44949 46614 53578 56050 71591 124168
2669 3995 5482 6239 6949 7512 7733 9257 11039 13102 13409 13757 14832 14869 15456 15696 20135 22797 24441 25045 29246 29399 29470 31267 33004 34074 41287 42479 45330 80993 130071 156493
640 2681 3365 4943 5315 6019 6494 8011 9260 10140 10608 10660 11078 11160 13463 14444 14705 15512 18487 29548 32081 36564 39422 42629 55748 58187 66805 67196 68804 70658 77428 142587
1011 3806 4106 4364 5449 6503 6669 6727 7168 8298 9529 12380 14319 17347 19226 19377 19646 23435 24414 30054 32541 36726 38553 41913 45545 46717 52637 68517 69596 76458 82302 128366
235 4462 4741 5007 6864 7734 9071 9503 9654 12115 12715 13089 17238 17722 19768 19794 21479 24232 24801 30601 30948 31771 34756 36187 36388 45334 52281 54840 63251 69866 92394 110530
518 1372 1802 2094 2382 3363 5486 7816 9694 13769 13984 15506 18610 18740 20070 20987 22253 24380 25657 32545 37839 38259 47385 47697 49119 55259 56728 61694 64323 68615 74228 86651
171 870 1149 1304 2417 3297 4397 9606 10376 10509 10860 13681 13989 14939 17223 17567 18793 20066 21877 28348 29583 30225 41236 44735 45434 49617 54267 56437 59578 67782 71101 200809
2083 4539 5270 5308 7467 7600 8692 9901 11506 13337 17657 18470 20268 21090 21996 22603 22701 26331 28236 30194 31705 32457 34591 36849 37777 43231 46089 46318 50487 70034 95088 118726
532 2538 2818 3246 4626 7794 9277 9404 10267 13280 13713 14260 17987 20524 21573 21809 25214 25735 26092 27936 29323 34294 34850 34863 35317 44056 53799 56525 64776 79903 82087 139090
