1000 12 28
793 2300 3010 4321 4790 5675 8557 10882 11510 12220 14154 15855 18409 18896 19465 25014 30628 32296 34431 39530 39568 44840 70171 72100 73911 76575 84364 101065
76 1776 3912 7669 7686 8468 11198 13076 14184 15170 18952 21988 22179 24256 24616 29488 31312 31498 37672 41913 45485 47728 49632 51270 59666 63817 70010 74483
1001 1970 2248 2268 2709 3391 5005 5374 5964 6147 9394 10675 11628 13854 16505 17605 19398 19846 23101 24080 24692 45709 53979 79317 89159 91497 97386 111838
756 1488 2135 4358 5117 7581 10532 11397 11450 11965 12319 15062 20257 22222 22375 23909 25732 27283 29559 34806 37346 38646 41493 47016 48391 72509 128357 155318
1253 2173 2330 3049 6331 7673 8634 10116 11405 13648 14114 16458 17495 19845 19968 20553 27209 28959 29472 34910 36229 40392 52841 59852 65412 83552 89172 140905
718 1085 1235 3850 7448 9691 9931 14054 14893 20410 21449 21735 23902 26349 26885 27079 28035 31318 34725 38992 39342 39931 40446 42517 51460 63596 79455 135824
1514 2940 3282 3389 5193 7079 8283 9180 9653 11067 12563 15839 18582 19983 20133 23981 28566 33361 34945 36254 36869 38888 41637 49188 55057 59966 63345 71483
528 819 1629 3674 4720 4973 4984 5502 5961 11654 12930 13525 15808 19275 27285 30278 32347 32877 34175 37638 49476 52802 56818 57308 63772 67433 100099 113249
2910 2998 8163 8931 9762 10138 12557 13319 16609 17183 17901 19159 19488 20342 22002 23715 24422 27546 29327 31635 40394 43997 45051 46100 64576 66173 67159 85202
78 1725 2801 2872 3584 4320 8717 11545 12268 12289 12948 19157 23041 24700 25185 25976 27945 33858 40105 41445 46626 47730 50206 50500 61728 69427 100011 125764
1110 1214 1799 3907 5664 6921 7624 8681 10752 14126 15410 15502 16760 19311 19602 19627 19635 20066 20101 23550 26836 28310 33989 42942 47182 79286 108959 135429
5 8 650 908 1395 3296 3561 10274 11845 12201 15271 15897 16672 19937 21708 22837 23739 25268 27006 28176 29661 32389 32561 32927 34388 38125 97061 186325
