1000 33 11
1680 2465 6515 11792 15560 22199 35315 61178 76946 287441 458642
6 1936 6276 16742 19112 54878 93447 96293 114780 145548 428359
8542 9790 27172 37874 40524 46621 106767 128020 143683 148349 247676
12240 17428 19162 28285 36784 72500 81122 129627 150908 169378 242372
12885 21860 24108 35314 43701 45509 77177 129948 160712 176345 230976
2888 15792 17031 25806 38343 43862 46891 90198 148049 240149 278778
10180 19373 27339 47070 52136 53366 69628 123484 146168 187806 237210
3952 25806 32665 46895 49675 77976 87716 88980 90994 192559 267243
12516 15489 31267 44932 58895 63990 101295 101389 154475 176608 196393
21948 26767 36591 63859 68629 78247 93625 104156 119444 162186 176558
3609 32943 33743 40623 58776 88959 92610 107081 135582 144978 218172
4615 7806 12089 26589 41069 45330 57559 73942 170084 172726 336796
23757 26581 29032 35790 83759 107255 111651 113135 127147 133716 156046
10801 29076 30915 41759 42679 63691 126837 145475 153144 159704 169812
13726 22268 24782 25697 31785 44033 62997 131271 175082 184770 249013
289 6987 23081 30522 56395 66540 79432 92086 139237 144876 314794
8663 12900 18988 28326 35374 63278 86930 130195 152152 179741 242598
4764 6485 7704 37073 44539 61256 65342 82175 86958 269041 278549
2707 9559 28485 33651 51490 59222 62418 73528 98474 150491 381089
8902 9358 10329 16804 34738 45636 62438 66053 136885 283986 286095
16940 18342 24006 48636 52468 84642 88481 128983 133313 144698 212769
220 2213 5280 9984 42297 47295 64887 126215 189047 233690 234200
8398 20894 40359 48243 86913 96425 108146 112808 124786 146537 179904
4734 6260 9855 19601 24337 30579 61793 62377 78948 137209 544573
5717 5962 26278 33482 39125 68326 77297 112053 128178 154416 295645
382 2313 19709 20516 35808 41830 63910 122447 173444 189903 283354
10925 24406 26228 50814 59065 67305 91460 92924 127412 130438 268909
4573 23258 28872 51410 57958 73777 95984 113186 124318 171735 202101
1584 11408 23737 24413 46888 47107 102968 110982 126388 132243 327184
19226 30653 36491 37990 48538 52056 59120 73418 80314 90212 428784
5466 11513 20791 23548 24553 86595 89142 143577 150329 186629 216437
1327 29040 29143 35348 51191 93218 131051 136388 142112 155942 165685
14615 15591 26793 26803 54891 66602 117142 122961 126961 165803 225304
