1000 49 35
76 230 2207 4067 5577 6582 7561 7677 7954 8613 9385 11764 13014 13091 14368 16219 16263 17210 18091 22934 22982 25639 28179 29384 31356 33340 41063 42349 43851 44147 50760 56669 72123 127036 136252
1163 1396 1834 2675 2888 3994 4063 4954 5274 5436 7348 10981 12278 12577 12788 13883 14011 14179 15533 16168 17882 18657 21759 25490 25930 36413 38839 42760 44379 46927 56500 71927 86028 88702 208451
715 1050 1707 2491 2625 4442 4887 5667 5983 6346 11436 11962 12287 15900 16648 18435 18679 19263 19592 19695 19844 19994 24400 24671 24721 25311 26932 31251 44863 52031 74921 89681 90917 101412 138533
49 91 627 1396 2911 3238 3461 3653 5357 5923 6015 6827 11514 12070 15488 16296 17025 18945 21490 23798 25815 26918 27480 30325 30929 34320 36077 44662 49591 50698 58467 64114 83312 87267 163972
204 446 556 1127 2450 3526 3956 4790 5434 5744 7113 9530 10912 11653 13999 16816 17127 18348 21275 24006 27172 27654 28602 29887 30286 32421 32590 41201 49869 54278 69730 75870 82350 106245 123400
1245 1947 2235 3369 3974 5237 5255 7049 10338 12444 14347 14499 16377 17479 18443 19763 19853 20352 21247 28305 28907 29098 30601 31220 34434 36045 36504 50813 51005 54641 56721 65147 71260 78885 93000
839 1262 2127 4527 6218 6716 6821 7177 7636 10877 13670 13789 14098 15205 15849 16168 16791 17030 18475 18991 19451 19880 20778 22824 23146 29912 29992 36957 37530 48821 48954 71104 92615 114063 163785
1138 2447 2998 3970 4204 4803 5031 6437 6615 7507 10149 12296 14001 19866 20052 20712 21582 25857 27978 28699 28906 29931 29975 33027 35393 36454 38858 40234 44268 46104 53449 67307 83258 87275 87569
26 287 385 1724 4460 5817 7725 7782 7872 9622 13035 13040 13159 16238 16801 18223 19214 21836 22355 24317 26110 26559 28880 29528 32501 33462 38356 40865 40887 50733 55326 58208 77086 103774 123123
1788 3589 3724 4568 5986 6885 8323 9773 9830 11001 12672 12777 15040 15952 16295 17654 17691 17837 21180 21292 21781 21953 26421 31110 31232 33750 37289 40710 45370 52336 55384 56446 71267 98336 134181
2060 2450 2800 3914 4457 4531 5157 5583 5702 10283 11492 12811 13772 15165 17600 18001 18103 20487 21804 22699 23057 24998 25785 26301 28160 38462 40109 41075 41194 45912 70037 76114 80404 99744 114104
294 4003 6919 7919 8729 9575 9597 9656 9909 10059 11630 13227 13599 14227 15233 16572 16751 16958 19171 19183 23231 23582 26228 28142 29323 29740 32508 32617 34165 39377 49178 60276 71004 78368 203238
1309 1638 2655 3015 3597 5044 5572 6019 6269 7408 8337 12928 14632 16941 18974 19121 20171 20841 22758 28733 29147 30975 31780 32769 36006 42014 44060 48898 50596 60989 61822 67730 73150 76343 80464
610 1077 1379 2050 2998 4171 5063 10401 11372 12458 13863 15612 16596 19767 22275 25045 25257 25315 25332 26940 32126 34049 38896 40442 41404 41539 46055 46071 46454 47611 47913 52892 55385 55870 91442
187 1129 1548 2704 5182 6605 11945 12078 12816 13148 13381 13901 13921 15028 16887 17744 21241 21865 21888 22496 24757 25496 25990 28188 31990 34459 34464 39686 42282 46914 47821 79353 81484 93518 108829
615 642 5053 6793 8118 10142 11373 11722 12031 13057 14833 15216 17981 18136 18721 18862 19051 20221 21517 21640 22163 24189 25640 28593 30184 32446 42035 42207 42802 44961 46897 52952 87291 102586 103013
1489 1757 2610 3134 4394 5250 5394 6135 7196 7626 8409 11014 11360 11627 11796 12013 17684 18282 19899 19930 22270 24195 25034 26649 26723 29894 30809 37120 41086 43985 45455 50585 94853 136739 165955
135 1223 1848 3139 3484 3987 4586 7586 9109 10925 12142 13693 14729 15157 15381 17728 18891 19172 19592 20783 23079 26591 26689 29068 29630 38436 41630 41795 46844 47292 51992 64521 84302 90711 131714
1798 1933 2125 3381 4612 4685 5326 6905 6961 7862 8372 8670 9794 10351 11975 19180 23102 23400 24466 28882 30053 32726 32793 35596 41095 41831 45624 45849 53410 53862 61670 64846 65161 66013 106799
175 1266 1353 1895 2465 3604 5405 8374 8608 8686 12591 13747 14380 15476 15786 17610 19262 21906 25315 26055 30024 30761 30936 33029 35671 38056 45626 49378 52620 53139 60066 61198 82101 82198 85803
1672 2215 2698 4389 4521 7562 10832 10861 11064 15898 18515 18728 18986 19293 19487 19762 20701 20829 22121 22430 27238 27747 29603 33894 35884 36904 38171 38678 45004 47901 50768 56185 67136 90780 94428
129 696 1772 2844 3185 4913 5013 5459 5945 6322 9149 11597 12171 12522 12622 13208 16524 18138 21411 26944 28203 29757 29887 30535 30822 31015 31453 36190 38100 46024 51143 60518 97681 105151 149071
468 1753 3770 4115 4940 5567 5602 7677 7934 8482 10703 11385 13233 13269 18082 20281 20472 23280 24273 27932 32926 33040 33211 35205 36562 37229 38814 39079 41924 47844 61973 63840 64826 92820 97818
116 939 2273 3379 3760 4258 5922 6040 6857 6942 9436 9842 10142 10573 11001 11501 12949 14087 15221 20550 20730 20746 24119 25611 28538 28956 31032 42292 42595 44225 47918 65724 84698 113743 203388
154 798 1729 1970 2275 4292 4710 5605 5637 5837 6439 11307 11769 12574 15983 17022 20769 21790 23860 24468 25093 30012 31007 35094 35792 38204 40227 41104 41961 49463 56067 61408 91632 96461 120256
275 496 3158 4368 5708 5781 6193 6194 6291 7120 8364 9313 10532 11249 14094 16017 17429 18913 21406 21942 23948 24772 28467 30254 35312 35594 36162 37556 41868 46060 53212 91980 93931 100859 114974
530 1085 1231 4171 4503 5676 6543 7803 7878 9532 10424 11439 13042 15618 16219 19498 20236 24112 26078 27090 28902 29603 30089 32608 37415 40476 41908 42926 46527 52737 56186 59943 77360 85774 94772
2347 2529 3046 3496 4473 5827 7367 7549 9361 11217 12475 15017 15214 15425 15556 15889 16021 16630 19286 22157 22235 22842 24903 28408 35123 36718 36890 38659 42613 55029 57819 65465 73391 94938 136650
311 1374 3230 4324 6152 6633 7307 11726 12041 12623 13436 13874 15154 15528 15864 19896 21378 21646 23912 24683 26749 28449 28945 38253 38375 39726 42210 43404 47850 50212 57256 67412 70595 72795 85773
336 399 1304 1557 2192 3084 3552 4091 6249 6343 8585 9822 9890 9963 10535 15637 15896 19713 22962 32748 33817 36298 38963 39251 41315 42205 45839 45920 46912 52755 53016 72247 78386 80428 95900
760 2263 2462 2986 5441 5777 6010 6631 7734 9190 11843 13756 13859 18078 18392 19130 19761 20498 24317 25369 25649 33971 35114 38939 38949 39214 40046 42192 48969 55481 58686 61096 68015 68580 96778
1279 1981 2332 3291 3310 4555 6834 8130 8417 8702 8968 9580 10401 10935 11181 12869 13375 13664 18011 25326 26547 27082 30983 31412 31462 38363 46420 47578 54145 56060 59363 66952 68062 81110 144106
1011 1107 2949 3150 3219 4133 6189 8226 11719 11797 11911 12423 13069 15821 17584 18212 19161 20443 21326 27123 28599 29037 29359 31523 34710 36862 41865 43559 44353 45950 54859 56127 58369 91609 131019
255 899 1576 1703 1788 1968 2895 3274 4622 5745 6180 7926 12608 13846 14000 15082 16114 17381 19036 20441 21430 22133 27437 28877 29921 33587 33661 36164 38278 58388 78674 88409 92083 107134 129241
590 2651 2888 4603 4861 6790 6985 7628 8241 10299 10321 10514 14214 14622 14681 15167 16803 19144 24242 24322 24641 25789 26121 26372 26496 27385 29069 33593 43276 43517 50957 67293 72991 128619 140238
1396 1518 3225 4605 4947 5414 6574 7006 7647 8455 8789 9255 9554 9715 15198 16258 18793 19279 25952 27012 29946 31179 35264 36105 37249 41355 44122 48163 52812 55893 60458 62799 66006 78734 102144
2432 6079 6982 7632 7978 9114 9456 9566 10627 10703 11494 13103 15283 16066 17414 17449 19641 20276 20880 21863 26575 27345 38004 38775 39247 39319 43796 43922 44908 46738 48309 49941 62203 66141 121930
434 542 827 1286 1323 2382 2578 2866 2952 3690 6516 6552 7833 12140 13333 15155 15391 16552 19877 20877 26109 31634 35028 36370 41939 45934 53050 60363 63111 68289 68800 71340 71535 77383 90030
66 1445 1512 1863 2456 3846 4307 4408 5368 7036 7227 7915 7978 8416 12401 14650 15684 15838 24130 26869 27268 28007 28253 28749 29286 38186 46631 47592 49692 61085 76547 79792 80410 88824 107301
718 1390 1927 3182 3721 4123 4175 4940 5217 5517 7852 8881 10323 11399 11950 12385 12930 13234 18410 18564 20528 25436 25760 33301 41041 41534 50594 56400 64165 65033 65687 65808 81540 89975 99560
101 145 1682 2393 3201 4609 5486 5841 6473 8104 9325 12555 13379 13510 13703 15406 17590 18049 23190 24680 25084 27858 28669 29139 31415 32958 35091 38799 62739 64073 68850 81111 81112 85587 99375
1825 3068 3158 4061 4074 4225 5725 6521 7021 7255 7362 9570 10517 12659 13519 13806 15730 17527 18965 20969 25369 25732 26019 28235 33751 39943 41005 43158 58042 58234 64581 68927 88209 98242 100246
966 1355 2111 2698 3365 3715 5920 7405 9714 9936 12882 12899 13984 14991 18486 19452 19476 20219 20777 21860 25733 28222 31125 31777 32106 33549 34707 36238 37980 48837 60910 69887 73278 88895 136437
314 630 643 915 959 1220 1473 4078 4626 4864 4950 6354 6362 7250 8036 8201 10933 19378 20746 21390 22873 23052 23420 24594 28511 28947 29396 35237 41718 53765 75677 80093 95228 95568 195514
1041 3391 3484 3969 5490 6023 6288 7418 10105 10129 10175 10294 10302 10366 10448 11219 14458 15714 17740 20331 20611 21657 24081 24943 25307 25524 26314 26447 47234 55365 65470 91555 94807 116065 133959
37 62 1016 2115 2181 2945 6343 6355 6761 7324 7660 7706 7766 10995 13145 18021 18999 26037 26409 28237 28808 34975 35229 37241 41613 46767 47806 50317 50416 50643 51384 53832 75773 85838 95468
849 981 1619 1940 2416 5748 6192 7373 7717 8897 9922 10170 10879 12255 13111 13701 16799 16982 18996 19296 19810 22742 26487 33722 36521 37685 42527 44816 48335 50023 61445 68199 75819 76451 163347
535 1084 2639 3000 3249 3406 3990 6274 7204 7872 9911 9932 10432 11496 11638 12558 16866 18119 21773 24902 27237 27593 28553 29962 33777 37864 38862 39080 40778 51907 54032 71142 84027 106238 137030
261 356 670 2002 2651 3350 3727 5881 6072 6883 7310 10149 10705 11415 12206 12897 13632 15264 15656 15821 16223 19404 27814 38623 39032 41495 44744 46200 50334 54073 56872 90031 93181 96876 115350
