1000 16 9
9610 25452 29854 81475 85637 88628 129043 174942 178163
12480 25367 44732 48338 62524 66724 130586 168769 253356
1477 12826 34799 35937 39733 81254 134861 191825 297392
13742 41834 48683 63461 79564 88072 137897 143856 253038
8914 34949 39860 49347 71282 94586 99356 171407 208183
252 16082 31434 52067 55494 92825 99491 204149 226472
11459 15162 20552 46259 47507 86399 126192 234271 252687
5606 17135 59113 72016 72074 95432 142700 154615 164660
54 17667 23173 42479 105172 155126 159340 177305 201951
390 1215 16358 25254 52992 117719 124621 231570 273601
1175 13804 20776 54358 61811 62552 162035 173037 259201
5870 9211 23757 49474 51910 95939 134998 225122 231390
5511 10026 16452 22048 59561 99419 143668 162337 257403
544 20994 34353 52717 67378 75789 91163 190619 282256
2555 7329 13920 23900 58932 61381 151011 190607 386584
13303 17726 22253 41125 63210 87377 94310 192863 253917
