1000 28 5
12030 20678 57738 177649 561050
14741 52130 109644 112048 481011
24704 57037 108558 122722 439010
13188 63432 78643 213331 450470
20171 43652 118171 296257 332238
30705 53107 66689 226692 477714
51222 112698 170869 211384 324020
47231 67266 132659 245962 305931
51162 96325 110841 208078 325816
5988 27442 119032 211650 466267
17880 56632 210735 244148 289086
67999 132392 153029 200512 330729
52193 73266 108917 246178 289759
62500 131602 150382 184564 384496
105174 116543 121683 200238 262716
92459 110018 166265 181699 198652
10603 63511 129160 159041 519655
16312 106546 164305 206999 253584
39911 54179 206047 212402 258798
48012 83155 92055 290703 314612
42397 42747 81485 146233 477902
55751 96589 124353 179649 393985
10674 13145 35502 273485 562454
126115 150324 152857 211095 262551
30732 162559 211253 222100 256450
7737 29162 102374 236296 411695
26955 36809 166249 247887 278723
24527 57050 122918 197603 365883
