1000 35 30
26 1455 1751 3112 4381 4690 6096 8470 9933 10226 10698 11324 12725 24093 25563 29475 29958 37684 39879 40160 44136 44621 44689 50933 53421 63456 63935 67169 90713 117740
2696 7249 7914 8424 10813 11448 11482 12216 12749 14126 17094 18057 18405 18945 20971 28156 28965 34280 34339 35723 36316 42666 45087 47402 49746 52286 69114 71619 91582 93923
355 1081 1133 1165 1410 5794 6583 8478 8887 12924 15587 16478 16678 16869 17528 29072 29080 29561 33312 37654 40437 45564 46068 48601 49463 49920 55471 78244 89538 147752
1245 2929 3361 4564 6171 7989 9947 10330 10557 12176 14641 17453 18684 19031 19274 21628 26137 28267 28694 31979 38803 39002 39799 46046 51291 57145 66919 68787 128355 130259
297 1550 4018 4405 5091 5093 7648 8643 8735 9309 10563 10896 11774 12912 13223 15690 16034 19079 23733 35000 37452 44815 50566 55677 58915 69149 90549 98377 98811 124573
656 719 1598 3197 3340 3448 6329 7158 7180 10826 11241 12203 12352 13822 15939 16302 21676 22467 26008 29721 30828 34234 56719 60016 75219 75240 76663 80129 113025 127154
20 416 683 2334 2476 4951 8797 11355 14693 14921 15313 24173 24672 25185 25667 28175 29880 31705 40410 40655 41017 44860 45887 46169 46994 58251 62167 72159 102525 108961
1914 2650 2904 3314 3827 5958 6342 6645 7769 10130 12646 12984 13563 16081 16963 17152 17246 19409 21625 23576 24354 26385 45021 51742 61003 68353 73441 97881 123962 137252
1288 1465 3141 3519 5047 5297 7761 10037 15270 16605 17843 18000 18358 18892 19607 20053 22411 28902 31629 33895 34216 42597 45127 50246 61339 72208 79634 84097 87355 116629
373 384 1918 2580 3207 3308 5817 5854 8042 9527 11044 11130 12598 13133 13688 13796 19792 27732 30230 31636 47194 50328 50670 51723 61580 73679 91298 91377 93259 123693
2198 3808 7849 8341 8868 9188 9957 10549 14512 14567 15532 17558 17730 19672 20576 20663 23520 25216 29137 29784 34366 40224 41837 45968 52352 57657 87633 96007 101046 101372
1013 1144 1505 1976 3430 4068 8729 10929 11798 12821 13275 14247 15265 15799 16526 18381 22312 23614 24325 29468 37916 43970 44243 52735 56862 59639 63014 95710 100371 130534
330 490 518 653 4339 5019 5967 7848 12365 12371 12493 12993 20090 22352 23064 24251 25423 25801 31185 31317 31801 33854 40468 47292 50028 54058 83730 95179 109852 130051
413 2313 4528 6129 7188 7612 8053 8242 8671 11557 13007 15312 18118 19572 20771 21252 28330 32830 34642 37334 41077 43354 46807 50139 60301 64644 64787 85602 89471 105463
296 2469 2969 3779 4471 5080 6539 7543 8394 10181 10726 11809 13473 15862 16698 20564 24545 24758 27885 31246 37381 42514 48963 61780 69506 74369 76382 76863 99860 101308
104 598 668 1717 3871 5586 7547 9729 9761 10055 12459 12588 15205 16686 16777 21515 23121 23969 28455 32756 35031 38769 44218 45496 47784 62623 70060 100163 101957 129861
1282 1516 2121 2581 3751 4335 4857 9322 11284 12324 12442 14617 14855 15674 18709 19005 22925 23561 24315 25590 30694 40689 51142 56767 57760 68940 87349 92819 100511 107671
289 3382 3597 4493 6004 6517 7253 9035 9389 10483 12317 16964 17791 18216 23193 28243 29344 29803 30095 41848 41983 44733 49847 51632 52458 62680 63396 74553 91092 128591
4211 4976 5464 6956 7482 8637 9523 15346 15469 17221 17631 19902 20947 22021 22535 23095 25942 26857 39663 40868 44848 47252 49228 49454 55566 58905 68507 71492 75604 77951
129 601 759 1518 1965 4663 4944 5214 8876 9572 10117 10925 14634 14804 17619 19013 23853 32567 32668 34306 34588 37850 49278 53742 54135 56952 60899 80769 132329 165580
2957 3741 3827 5976 10000 12471 13679 13942 14291 15820 16952 19201 20808 23235 25412 26151 26496 28982 30790 33100 36023 40917 41227 41505 56158 58013 66274 85835 93174 94873
567 848 2538 6041 6242 7017 10064 10119 14057 14959 15008 15791 16147 20920 24140 28060 30203 32144 32744 40561 40952 44954 48390 50518 51338 58352 59560 64688 92626 133352
434 1352 2406 2798 3821 4141 4881 5556 6182 9196 10177 10258 13986 17782 22696 25197 27102 27636 30651 31720 41394 48030 51319 53790 64169 72647 72957 76801 78562 115232
3729 4044 4302 4345 4710 7929 10121 10221 10706 11914 13798 15919 16174 17391 21281 22364 25889 27196 28322 29347 32994 36454 40113 46356 50802 51510 61331 91277 114835 125916
4112 4336 4765 7602 9086 9931 10394 11159 12746 13666 15729 16320 16509 16781 17715 21803 22123 24991 26321 31242 40927 46771 52992 53070 54285 60960 75720 76124 96500 97710
566 1982 2044 2370 5795 6355 6666 10124 13864 15964 17433 17962 18678 19716 21067 21535 28934 31068 36069 36188 37064 37490 44753 53937 53965 58941 59105 73529 80402 160605
964 2275 2847 7124 8401 8716 10961 11498 11928 12528 12659 13407 14928 17706 17723 19288 22964 24775 25445 29739 31371 33283 37576 41317 44001 47728 55596 59578 100795 205454
819 1862 3252 3921 4056 5097 6198 10300 11367 12924 13306 13409 14291 17088 19117 24624 27177 30622 32497 36137 39056 42497 47590 52370 62372 63498 78706 83718 88344 96943
2386 3096 3669 5562 5890 6445 7350 9169 9667 10658 12393 13660 14277 15708 18404 22387 25833 26094 31574 32789 39246 41253 49759 55278 63687 65309 66322 67808 74763 146161
98 1976 2009 2011 3253 4065 6858 8863 11430 11774 18335 19138 20905 22126 22164 22287 23742 25195 25213 26685 29074 30041 33490 46562 48821 52386 63012 89378 124236 154155
350 1225 1531 3962 6097 8231 10210 13629 13910 14699 15089 15305 17748 22514 23845 24590 26500 27424 30470 34389 37471 37884 46485 50486 53143 55269 56975 69202 82016 161079
2427 3285 4671 5394 6525 9351 9955 14713 15582 16994 18382 19212 21056 21616 22487 22835 23790 28585 29090 30391 31603 36534 37669 44172 52381 57549 68238 69533 86808 146740
712 752 1821 2171 4215 7483 9663 9763 9969 12778 12970 15728 17651 19007 21016 24338 24618 33723 33838 34156 36917 39684 41992 42776 43762 49472 61324 79327 132059 136574
107 1278 2330 4320 7987 9740 11117 13996 14455 16308 17512 18661 18895 19198 19419 19523 24610 26042 26316 26347 27397 32977 34654 35767 45149 59016 60257 77214 114393 159572
679 1954 2679 3038 4033 5896 8231 11789 12183 13647 14412 18721 20382 21746 21965 22211 23528 30680 34143 35419 35631 36466 37247 43443 52253 52628 75522 81870 99636 145178
