1000 49 9
1693 70524 81151 84788 92153 98324 146956 171855 250446
14528 37133 79149 81201 83082 101757 146965 203991 249859
30406 39652 59432 62188 70568 97156 120123 163636 354619
4834 17457 18218 19085 48444 98044 110791 129147 551120
9731 23577 35033 83332 110705 137672 176012 190100 231172
212 21631 35030 69677 86389 104667 172873 178546 327388
31324 40225 56592 86493 120906 152336 157709 163847 188649
5171 8691 9743 30137 46925 86691 131471 279464 397963
6274 7231 10458 11327 17699 26311 88803 316037 512058
25074 39284 40302 46717 72506 138145 184906 187715 262201
15024 33330 63535 78654 125486 125639 167383 173494 214188
3033 5537 19428 50099 56766 106889 185784 211470 359261
2239 15845 57650 76947 82122 109593 125180 249818 276737
3466 17422 23486 35533 57912 59420 130778 245406 424822
22434 24243 57484 67668 74384 125514 203809 204160 217582
20843 49244 51543 66015 93216 114246 149924 157824 294289
1092 25667 46825 52235 52782 58619 98241 269774 391680
5733 6051 30110 49561 58281 88514 92482 223479 443162
8916 20531 21462 66231 82571 83403 108145 182231 423973
24341 36782 37884 49528 51422 98257 109833 157157 433053
43932 73753 85731 90309 96026 106060 110654 170383 221159
1434 20727 44539 56958 63339 151038 185937 223881 250710
22828 31166 47155 57955 85902 96042 161688 229896 265311
6127 8646 16203 38609 51008 79977 82020 337001 378720
24805 36779 44893 53687 75246 94218 115176 248444 305190
1631 77135 90124 93358 102590 144070 145197 163844 178125
1727 21919 43357 67578 85005 105426 212144 213149 246247
26102 30418 37005 37536 87995 91985 128227 224287 333983
15194 34407 36067 40933 80967 81469 155413 180152 373680
3753 9281 23507 28209 40927 97790 135540 186775 472477
36211 38924 46479 50120 55656 113661 125113 262078 268505
13796 27577 38324 38997 92513 97377 172473 195232 319817
15511 16438 23248 27257 64536 72384 127736 149288 499769
180 3609 10623 22091 78336 165720 202637 255064 259991
15971 16734 29977 100825 120902 139163 179460 194542 200006
19020 31583 50593 57404 70688 90859 110105 275260 291808
15233 17256 18841 55743 59869 107635 176830 178946 365988
4820 23770 28970 58543 143218 148546 155290 184299 250238
8760 40484 43034 48812 132379 132442 166463 201677 223763
21735 54762 69374 70897 72542 89938 146946 235144 236368
514 26466 34929 59010 61288 95761 165855 223147 330298
2241 13118 18669 79036 88453 115861 168813 223629 286860
13253 41430 43379 70703 72368 138233 149793 224361 244652
29274 52707 55347 84042 96373 146643 161086 182767 188226
34218 42067 46060 69772 99938 150239 178122 185898 191830
23591 52935 61802 75506 114397 129715 137359 186275 215805
2201 15834 26582 43279 46035 136124 164151 219874 343106
12546 23698 41844 106712 118127 136750 166509 184618 206571
7637 10013 44756 65163 108085 172929 176057 200747 212797
