1000 49 39
872 1286 1405 3162 4595 4618 4654 5200 5232 5608 8127 9739 10184 11175 11548 14779 16405 16600 16700 17188 17726 18515 20640 21366 24137 24585 25614 26442 28431 33087 34131 38483 38756 45107 50299 54022 61646 117975 139910
435 1334 1929 2231 2393 2452 2497 2967 4242 4678 7434 7967 8286 10522 11360 14577 16742 16896 17262 18510 21552 22030 24103 26129 29070 29649 31817 32102 32710 38727 40202 49859 51985 52616 53439 55724 70551 83151 91320
471 676 743 1458 2229 2292 3894 4206 4960 8136 8963 8997 9109 10789 12675 14312 14765 15240 15641 18048 18063 18836 21826 22372 22405 24576 26743 28738 35820 36301 39529 48578 50370 56822 59475 61120 71101 72650 111790
914 1299 1889 2069 2324 2773 5224 6155 6492 8234 8259 10739 10792 12443 13091 13101 13188 18020 20554 21121 21675 23226 23460 24129 27683 29986 32908 35269 35578 38622 40028 45104 53614 55919 57938 60903 65407 68145 70604
57 766 1285 2437 2443 2652 3665 5685 6678 7261 7767 8774 8790 8823 11557 13667 14570 15821 16218 18053 19793 23040 24519 26211 27277 28838 29526 33839 35601 40510 42187 45754 53573 55848 57692 60138 65235 72034 92476
161 2150 2591 2707 2932 3145 5351 8856 9156 9167 10547 11351 11610 11962 12249 13245 13391 14598 15606 15877 17340 19571 21082 23707 24164 26180 29348 30156 32574 33399 38866 45552 49983 54746 65690 70011 74909 75172 78952
965 1349 1517 2838 3464 4254 5212 5725 5938 6546 7864 9728 10730 12117 12630 14293 16229 17627 17895 19919 22191 22275 23549 23937 24372 25853 26486 29538 30049 30441 33353 36142 44844 54398 64128 73686 74780 80158 83294
559 670 1719 1797 2469 2726 2988 3008 3017 3700 7745 7805 8560 10232 10251 11145 11450 15115 15290 15450 15993 16042 17935 20879 21769 24576 24918 26506 27991 35191 37277 38185 42004 44449 54562 70128 105204 107326 114227
4 2287 2837 3063 3263 3408 3770 4687 5625 8451 8920 9352 12671 13127 18817 19088 19832 19849 19890 22298 22985 23859 23951 27642 28325 29404 29678 30954 31173 35898 40019 44211 44780 45892 47257 54856 63444 74740 84195
724 899 2194 2725 4272 4551 5214 5623 6543 7891 8051 8582 10982 10995 12144 12740 13333 15505 16549 22055 23149 23431 24545 27572 28126 30320 30403 36855 38836 39135 39802 41366 41748 44854 49389 51567 57299 79537 102592
53 382 1340 1433 1638 3329 3747 4418 5278 5916 8585 9053 10453 11154 11321 13513 13860 17430 17887 18105 19559 19706 22185 23260 23428 25387 27650 28082 31639 33312 45815 47158 48759 55020 62942 64503 76390 79038 97422
366 410 437 602 778 1490 2626 3422 5653 6159 6755 8241 8503 9300 9354 9760 13033 15404 16762 18709 23329 23696 25536 26573 26777 27931 35628 38251 38852 39839 43514 51360 52159 55038 59082 63486 66915 73071 74395
114 404 1572 2903 3017 4476 4623 5527 5758 5813 6165 6738 8165 9088 9218 9414 13216 14884 15836 16457 18824 21556 31695 33458 35019 35416 37683 39902 40750 41604 43452 46277 46916 47353 47562 51439 55534 72537 88875
1068 2435 3621 4110 4350 4628 5898 5932 6469 6895 8185 8294 8449 9171 9474 10014 10180 10486 11517 13555 14972 15157 20669 22526 26710 31283 31706 36490 37259 37281 37351 42973 45980 54325 55065 63245 68637 83624 121116
96 216 1631 1699 2373 2863 3460 6383 6408 7364 8357 8726 10164 11105 12193 12644 13218 15697 15874 19728 20169 21961 22340 26119 27318 32568 32678 32829 35644 37505 38180 42162 44741 48062 52023 68485 74826 77040 93721
224 423 1029 2731 3197 3271 3498 8300 8523 8774 10171 10485 11090 11448 11535 11812 12606 14354 17399 17760 18125 20560 20900 21083 24823 28149 29749 40375 40421 41964 43373 45148 52014 54267 54634 55401 63319 79345 82242
93 705 1918 2500 3524 3572 7299 7401 8480 8995 9719 10426 10863 10864 12079 15911 17590 17811 21471 22192 25692 26184 27232 27933 28494 28766 30910 32384 34881 36231 37136 37458 42783 45121 46931 56138 70731 72146 92257
184 1149 1464 4767 5518 6822 7641 8018 8153 8771 9443 10039 10752 10753 13330 13930 15179 17297 17748 18587 21633 22860 23403 25354 25881 28236 28710 29624 36629 37671 38387 39434 50564 58848 58853 62568 62949 71339 73435
772 785 3257 3557 3916 4801 6620 7889 8155 9167 9891 10063 10907 12661 13551 14879 15346 15564 16940 19749 20129 25724 26352 31220 31567 31855 32418 32670 32725 33136 37347 37763 38171 41185 43612 51275 60897 79937 111376
713 1356 2108 2857 3362 4133 4239 4364 5202 7684 7753 9359 9719 11859 12921 13078 14044 16146 16390 17442 18143 21304 25803 27068 27525 31392 38345 39142 39858 40175 42959 44280 45623 50326 57435 57761 60484 67647 85353
1481 1505 1899 2647 3220 4092 4150 7557 8182 8932 10885 12871 14336 14353 14634 14869 15702 16193 16296 16414 18376 18997 22400 26574 30814 31184 36287 36639 39231 44234 45142 46722 49405 49872 54663 55069 58259 62783 66809
1603 2744 3388 3797 3914 8537 10069 10830 12937 13584 14663 14765 14797 15064 15507 15639 17711 19511 20487 20883 21490 22006 23037 23982 28387 28902 29601 29764 32468 33203 35377 35519 37353 39723 50691 63493 64227 71550 79384
1056 1134 1427 1628 2130 2574 3543 3772 3868 4150 4314 4372 4436 5272 5552 7216 8836 10950 12440 14230 16933 17646 19104 21356 24303 25992 27166 27901 28393 30862 37089 48285 48750 63343 70389 77266 92490 93911 116657
482 2165 2272 5341 5768 6449 6726 7107 8764 9691 10361 12414 12776 14374 15050 17010 19008 19384 19849 21963 22472 23051 24688 24869 25350 26645 26754 30076 31173 33843 35665 45444 45887 46813 47481 51514 70808 72673 88602
56 801 897 1248 2541 2607 3418 5966 7138 7419 8024 9396 9651 10471 10896 11019 13516 13892 22007 23926 24929 25372 25412 27123 27504 29669 32425 33263 33601 36446 37119 39366 42126 43554 45475 50629 65155 72403 135854
952 1997 2467 3715 4193 6040 6841 6853 8779 9730 10205 11943 13493 13646 17091 17634 18065 18401 18929 18991 20969 23324 25268 25339 27944 29453 29956 31872 32490 33977 35333 36016 43286 46350 51007 54959 58278 77292 89368
632 1124 2190 3040 3918 4435 5872 6057 6249 8597 10431 11606 11660 12250 12536 14169 15332 15562 16219 17365 18697 20785 21507 21567 23656 27925 29464 30660 36034 38210 41317 44679 48725 48803 50561 58392 82795 83813 85806
591 2455 2575 4093 4621 5076 6241 6439 6493 6892 7375 7916 8207 9128 9182 10024 11766 13357 13690 13870 13899 16316 18136 18729 19255 23048 28813 28922 30221 32000 35568 36147 38764 43370 43584 48876 89373 97354 171909
252 1705 3374 4131 5746 5930 6424 7123 8076 9924 10249 10335 10664 11142 11997 12272 12496 13343 14863 15906 18370 18381 19085 19587 19735 21304 24294 24612 32073 33540 37843 43955 47126 60954 62474 65837 71443 92642 95787
49 786 1242 2686 3003 3211 3238 3249 4732 5291 6091 7651 7653 7692 9218 10496 12312 13793 14487 18363 20229 20270 23618 27889 28486 28833 29266 30100 30479 31094 39125 42387 48637 57099 58201 60577 81035 84595 108545
201 207 1976 2252 2692 2896 3053 4027 4092 5229 5849 6038 7563 7643 7678 8764 9544 10908 12721 13165 20516 22051 23010 23591 27438 27671 27897 28238 28619 31215 37903 42358 43183 47128 51872 55102 57979 100221 179231
888 1185 1238 2207 2390 3179 3446 3967 4049 4870 5255 5980 7391 8141 11420 11498 15062 15517 16650 16766 17140 20283 21649 21670 22399 24267 26221 30182 30280 34762 38546 41874 51258 57753 60727 69040 72209 74780 136666
241 330 947 1084 1482 1924 1934 2371 4585 5265 7110 7211 9221 9913 11405 14460 14760 15143 15270 20098 20267 20484 27432 27986 28968 29887 29962 36479 37356 37710 37757 42071 43219 48589 52102 53521 55537 103848 114029
59 207 1081 1942 2249 3798 3798 5040 6367 7003 7389 7739 8388 8587 9999 10498 12864 13026 14589 14719 17424 17789 18486 18947 20575 20807 21815 23469 24255 35962 38419 45607 50204 59024 64946 65424 79295 96910 125977
796 845 957 1482 1666 2225 2525 2536 2812 2879 2923 4232 4363 5307 5355 6366 7720 9538 10434 11940 14110 14452 15108 16035 17266 20893 25546 25820 26680 29159 35730 44507 48913 61009 69734 70857 96474 96733 173046
737 2098 2343 3576 3890 5856 6048 6353 6784 7998 8759 9695 10315 10426 11260 12942 14677 15389 16038 17132 18972 20430 20688 21759 22198 23049 23491 24633 27417 33344 35240 49501 51914 56782 64830 66360 71132 77360 103176
760 1373 1593 2952 3876 4921 5475 5887 6741 6893 7644 9848 10020 10022 10286 12750 13959 15567 15892 17163 17210 18069 18472 19633 20420 23018 24340 27209 27742 28177 36436 36894 37634 49122 61078 71801 74984 93862 140133
661 969 1427 1590 1710 2283 4289 4351 5036 6194 8058 8865 10666 11653 13333 14379 15506 16005 17253 17654 19435 23464 24641 26068 26249 26341 27331 33243 34213 39212 41414 42605 47653 48618 58360 58855 61954 68926 119522
1427 3180 5282 7015 7819 8019 8592 8724 9456 10615 12531 13420 13632 13775 14672 16393 17036 17553 18268 18525 21977 23159 23898 26843 27017 29069 30114 31273 36836 38154 39586 40242 41316 49068 52650 58358 59330 63709 69412
16 365 721 1195 1494 1500 2252 2770 3693 5720 7034 7047 7960 8918 10607 11154 12542 13600 15287 15751 17524 18302 18961 20117 21813 26885 29417 29481 31095 36844 37283 45668 51799 65241 67836 69403 73533 81830 111126
432 646 753 1037 1093 1202 1306 2279 3178 3189 3745 4862 6213 7538 7654 9328 10286 12281 15021 16334 18277 23119 25503 28475 35717 37746 38422 39539 40859 41332 49314 50883 53894 59301 60551 61328 63792 71690 74515
169 2579 2965 3905 4414 4764 5426 5747 5962 6600 8946 9528 11490 12204 14896 15476 15565 16262 17218 18161 18331 18915 19570 20327 22482 25870 25910 26757 28137 28797 32216 34934 43766 50159 59956 65826 70916 103393 110321
1524 2304 2905 3954 4028 4254 4330 4422 4612 6079 6756 7372 9008 9354 9729 10383 11493 11948 12666 13143 13523 15523 16468 19300 19994 24018 25496 28530 28622 40868 44357 51671 51682 51807 54805 66718 83224 99889 107665
476 676 1556 1929 1932 1944 2430 6387 6501 6733 7924 8314 9102 9512 10444 10464 10884 11712 14253 14832 16147 16337 16596 16728 17220 24092 26054 27409 28360 35865 47084 49853 53093 54809 67821 83033 84827 85574 100094
572 1529 1746 1946 3541 3700 4247 4267 4311 4705 5513 6835 7276 8389 8633 9446 9571 12276 12738 13835 14541 15519 15536 20707 20973 23771 29207 30803 31212 31408 35388 36374 39287 54674 58907 71545 72967 77832 185421
761 883 1114 1493 2268 2850 3822 4614 5498 7399 7720 8020 9569 11039 11860 12013 12427 12720 13024 13618 14693 17246 18037 18371 23760 26116 27275 27835 33547 34206 38574 40858 53709 55798 59968 63107 76576 104448 109242
731 2150 2319 3817 3895 5091 5197 5788 6947 9105 9120 11576 12351 12575 13805 14437 16646 17136 17238 20006 20314 20793 22095 25046 26092 26860 28155 33110 34032 34444 37242 42376 45946 48443 55151 55453 66554 83424 90921
624 1605 2060 2671 4484 4517 4603 5970 6588 6965 7465 7689 9297 9331 12120 13046 18159 19074 20134 20804 22062 23930 27013 29969 32197 33523 36401 37412 40006 44132 44541 45107 47315 47369 50641 51469 55640 56792 81991
1781 2628 4437 4462 5798 6241 8282 8636 10279 10373 11444 11549 11776 13131 15077 15347 15608 16577 18026 18966 20031 21530 23387 23807 29080 29509 29514 30480 32477 32718 38155 38543 39696 41455 42894 49518 62576 93885 94098
