1000 17 26
1950 6491 8508 8639 10694 12741 13898 14095 15273 15504 16269 17083 17351 22095 22217 33157 34094 41107 46727 48499 56946 63336 79593 95747 96890 121015
164 3400 5755 5990 7297 7745 9029 11855 12314 16402 16427 16968 18622 27150 27890 30543 31220 33808 38824 47443 51118 59452 60506 71031 101220 111413
1553 2914 6948 7081 7105 9139 9508 11688 11727 17439 20825 22524 22612 28760 36612 40490 42786 46416 48433 55052 55508 55980 62369 69187 70823 82165
719 1767 3165 4820 5314 9180 9439 10015 16911 17414 18397 20131 22397 31066 37794 41573 44266 44491 45893 47487 47533 48368 56849 58559 59549 126330
210 3882 5291 6534 7371 7516 8464 8815 11859 14936 16103 16737 24938 26129 28241 28494 32820 35941 37875 39731 42768 49486 54760 86571 108189 195239
83 885 4017 8179 8390 8829 9228 9312 10909 12277 12568 13722 15540 17074 22975 28437 43808 47532 50153 59934 64608 71688 79751 82298 92903 152149
1991 2717 4480 4613 6117 8758 9870 11850 12529 13535 13639 15087 17109 17783 28888 30097 35469 35733 49326 49564 58133 62694 64414 68995 73719 135685
4174 5035 6061 8145 10005 10498 12437 13323 17723 19208 22283 26001 27528 31977 33471 35822 36133 40550 45991 49102 50164 69495 72717 72815 73647 112065
559 1318 4978 5145 6958 8158 8541 10654 11114 12942 13009 13418 27143 33061 35188 40346 41768 42558 47852 52939 53816 55605 58076 88882 91233 101005
300 544 791 939 3154 7928 8026 10068 11693 11958 15886 25678 26287 28379 28459 30001 31646 49128 50091 53605 55158 81373 83273 86444 91200 93050
421 2049 3674 6354 7255 8087 8827 10927 15286 17393 21695 23108 23127 27591 31567 32354 34295 38240 39929 45601 45997 58839 96147 101931 104046 115635
1536 1922 2059 2694 2793 2803 4132 9033 9540 9810 12351 12987 13063 17777 18010 18948 35105 39319 40888 41582 42300 53811 81176 85702 97683 152543
1491 3851 4738 4788 8645 8703 10746 12591 13185 14824 17837 19335 23014 26286 31004 33803 40173 42934 49007 49288 50493 51686 65598 85364 112843 117927
673 2966 4247 6792 11027 14459 15071 15237 15527 17619 18324 20508 20886 22274 25900 26542 27416 42118 42534 51303 53949 54575 57702 59377 119290 130712
1841 3486 3763 5237 5939 7789 9730 11218 12132 13043 15078 17066 17092 20902 23892 25387 31431 37229 41293 43399 55929 57339 57582 62444 63672 191176
1161 5362 6776 7188 8843 10490 11210 12427 13043 19014 22302 26348 28864 32486 33619 38428 38884 41832 42434 51517 66123 66640 68587 79611 88709 101226
66 1639 2956 3613 4434 4994 5850 6345 7096 8676 12951 14189 19112 26013 28778 30358 31332 35402 36594 42545 70132 81243 83805 89979 93354 123897
