1000 23 26
1403 2245 4288 5172 7819 8616 11040 12272 12742 14901 15058 15075 16118 21528 29581 34420 39830 44079 47190 48894 50714 51901 52713 91123 118291 179868
299 1254 2391 3128 3642 5064 5191 5264 7886 8075 8546 10004 14483 20373 24719 25208 30129 44909 51886 56382 74902 81615 83507 93687 98371 108719
623 1474 2595 4011 10913 11278 12068 13039 15578 16554 16769 19570 25695 27587 31746 35558 36745 38005 46378 53322 53616 61996 63877 64232 74081 141004
1646 1936 3846 4428 5248 5545 6090 9463 10069 16633 17275 18334 19203 20987 21066 28918 29589 41261 42185 43047 52273 64733 82843 97538 106933 166764
1986 5727 6013 7805 8123 9172 11854 13040 15550 16297 18030 35339 37260 37847 39128 41625 42191 48883 49922 50891 53993 65001 65600 77106 78006 85575
2456 2674 3383 4932 7403 8260 12045 20685 22463 23511 28345 28448 28786 29931 31920 38674 42439 43323 48799 52805 59713 61904 65549 70293 71881 111516
3155 3915 5033 5114 5779 8009 8365 9272 11909 12039 12124 16648 19563 22379 23061 24648 32563 35998 36241 37262 41985 42139 68450 99796 151874 166550
1156 3108 4446 6259 6681 8058 10153 12481 15178 18975 22913 26614 26859 27617 28500 30568 31682 32000 33928 49447 50643 50768 57627 79826 134555 147142
3856 6384 8169 9822 10073 10643 12925 13029 18756 21211 21387 23781 28605 31477 33541 33921 40208 49387 51610 58639 58681 61651 66172 70870 75542 99726
227 271 721 869 4834 6831 7586 12182 12486 18622 21568 26860 37328 38892 41689 43454 44808 50895 56597 57541 58043 64210 72296 73206 79476 104820
986 1227 1366 3746 5654 12643 12910 15081 17879 18805 19110 20676 23485 29204 32967 35269 39599 42646 59063 61126 63256 68141 69307 73539 78015 110688
495 2264 3245 5276 6601 7448 7857 10393 12795 14934 18696 20781 23522 24576 26817 30190 31287 31442 35903 47272 61915 71539 73033 75826 84910 168700
448 813 1482 3346 4148 6231 8043 11407 12583 14602 15012 15196 19089 23868 25584 34793 34834 40927 44568 44792 47368 74251 75428 86116 106520 111656
2388 2662 5086 5181 8527 10707 11220 14005 15800 18735 22975 23403 25304 27119 28801 33191 33321 36136 38925 46707 54130 57652 59626 64823 74635 130930
348 1454 1832 2546 7764 8969 9561 12113 15422 20022 20304 28489 30678 32939 33056 33605 36663 40369 41780 46661 47887 56191 61530 68377 113072 151522
2617 5186 7523 9051 9955 14019 14380 16026 17665 19204 19777 20497 21911 22627 26384 29224 37616 40610 42519 42617 44651 48174 50646 87409 108514 115047
1382 4434 5124 5870 10044 10633 10958 14039 14597 18525 20177 21215 22544 28777 32110 33525 37016 41915 42000 46308 53564 56678 62541 71151 72156 122925
1311 2664 5792 7513 8913 11311 15494 16769 17841 23688 24097 26211 30311 32708 37668 37835 38479 44244 45281 47336 52421 54968 69136 69202 100097 107335
988 1575 2441 3119 4408 11100 11697 12589 14845 16720 18200 18540 18698 18823 19581 26894 33184 33415 33827 41223 46780 62514 72456 100358 136453 162573
1148 1652 3466 4037 7810 10665 11307 14503 14912 16428 17232 19429 20975 21076 22404 24663 35676 36262 37713 39140 48824 64007 77449 83137 95790 121841
864 1156 1740 4202 8952 9693 11244 13788 16846 19369 28933 29644 30495 30743 33115 34291 36626 39066 44565 47318 48009 49944 53088 55149 97866 120000
1278 3593 5669 8614 8855 9854 9992 11546 15266 15930 17182 19405 21025 24692 28331 30231 34155 38223 57320 58167 65018 72444 74123 78181 97129 121167
172 279 452 887 1172 1798 2144 3701 9965 13261 15845 16219 23839 26392 30388 34884 36156 42512 49889 49927 54517 57228 66428 71738 76645 190617
