1000 22 21
556 577 1113 17876 21237 25871 26027 30128 32121 39630 44196 52167 55058 56224 56584 57655 62325 65239 72113 79997 119559
3271 8402 8771 10028 19877 22356 23547 25948 27191 27617 34135 35667 35839 35888 43901 58619 68731 72620 100411 113770 157200
7009 7716 9738 12665 13478 14921 16699 18455 23143 28043 32017 32418 42916 43251 52326 60087 65569 72403 83311 103371 119361
2557 6142 7940 8587 8650 9755 18163 18327 21522 24528 25304 29476 32884 53286 56757 66214 69061 72196 101735 114304 119373
340 1515 5981 12577 12750 22710 24509 27102 33875 38740 41172 43499 48544 60048 60509 67944 69220 71381 78913 80322 138520
114 840 2328 4832 7717 9184 15804 23714 25043 28278 31079 37534 37732 41976 65120 74454 81284 88731 99149 99503 111822
2909 6926 10452 10515 12404 18190 26474 30625 31280 38122 43058 45357 46400 50954 56020 64197 69555 71809 78836 82231 106700
2224 5728 8355 10664 17302 17759 18412 20092 20386 23926 26645 40201 44008 48738 53584 55519 61011 65546 90639 100801 144677
1801 2926 3931 5402 7972 21053 25370 30092 30594 41083 43107 46760 51341 56773 57797 59117 60251 71006 71111 92831 105967
4320 4911 7626 9381 9541 16697 22521 23334 23548 25406 31787 34003 37346 41479 60205 60641 68413 71806 100900 129723 160920
3811 6290 8060 9987 11274 12811 19573 24524 27602 28141 35147 35596 49234 53975 56189 63109 66310 90505 109052 109612 121106
4030 10484 12575 15720 16509 18055 20247 22138 22477 27217 29799 30147 32071 33297 36270 47972 50405 64671 82323 103489 182041
1596 3743 6950 8336 11832 12144 15186 20192 27849 29777 33807 38582 49961 50864 53804 55200 56408 59715 68889 142636 199401
1314 2865 5494 9892 14054 24248 28142 29007 29477 30796 32282 35081 41562 47227 48286 74882 77178 82944 88813 114864 116023
581 3656 4306 5969 6380 7003 7388 8645 9133 12701 15063 19404 26081 37356 37641 49204 53318 72505 145673 156240 189096
1125 5135 8188 12761 13013 16802 17510 20648 25335 28743 30521 32704 38534 40064 50436 50652 53598 65284 87216 125962 173608
748 3367 4573 5367 9367 13412 17344 24637 25101 34312 34992 38639 41301 49907 51757 70051 73400 88602 89403 94345 108937
371 4723 5994 6349 9259 15901 16702 16998 21662 27406 36365 39056 40280 45109 49571 51312 54007 69602 87895 92086 160727
3027 6028 6262 7231 8120 10284 14725 16136 28228 31460 37432 39581 49231 49695 55826 67001 67991 74013 76011 80785 141165
706 4162 4494 5799 6428 6751 7028 7177 8679 11862 13480 29723 36281 41301 42633 68366 68697 97847 115090 127201 154385
2016 7741 10907 13612 18298 19434 20059 21621 24692 31071 40896 40976 42176 47260 49983 57981 63540 70450 74794 87527 122272
1404 4882 4927 7475 8317 9943 14620 18859 20553 21595 21647 24892 27068 55320 56253 67260 78387 88252 95043 95553 177304
