1000 39 11
3299 10751 12014 16055 71864 93505 95536 97374 148319 193780 205379
5527 13485 25240 33266 51797 63472 63865 69267 77792 277636 278208
1374 6870 27154 42898 46316 59802 67178 86777 149540 162718 287032
4764 30394 32512 35883 46030 99770 109191 110884 115080 143326 220627
9963 11200 14176 19674 20755 28528 63116 70669 186681 195585 302056
3533 6059 23313 50966 51316 55331 69056 98017 167772 171959 241854
4171 4230 11172 12016 37245 51707 78857 106593 154081 197710 259203
11432 18549 37498 76960 85417 98835 100024 112572 113430 126940 139141
7385 15367 16016 28656 52834 59037 61680 89463 154145 233159 233837
5464 12783 13467 35218 59119 66879 91475 109595 143608 208371 216709
4323 6053 14295 39972 46765 47751 66091 91768 153017 217808 240212
4876 6381 11781 19835 29427 71874 80905 91809 100724 146092 390384
13035 14884 19926 40475 46695 48407 64865 110724 181510 189131 202462
132 2333 7247 28837 46020 48854 101651 119792 166144 188435 258784
8652 20167 23678 27870 28029 56810 60272 108886 166169 223056 229808
390 10149 31091 49521 78876 79968 107501 125342 128300 158244 193200
24809 32061 38866 48591 56617 70413 71686 74241 75104 121859 302573
1751 9433 12391 35065 39501 60036 117654 130943 136931 145111 275066
11686 42266 42728 57005 60974 67055 75512 86466 101955 139759 240784
12242 22774 27859 31328 32948 38834 41684 53047 187116 228717 255336
289 20386 39751 61058 64252 76552 85691 116569 121155 175098 197285
8613 8937 20140 23639 25929 29507 60804 105190 106578 139899 399688
6550 11500 21410 22542 56034 57839 87951 112242 133787 154516 284894
17975 21625 34760 54780 62247 65798 67247 103734 122961 169468 194798
2265 2432 20615 29667 47932 50464 71764 117791 143746 184590 281227
6592 19294 38021 45966 58462 62924 92065 106003 128885 168221 239849
3669 7919 17999 26003 27949 30061 39558 60749 69650 127460 534473
2777 8836 11372 24318 29455 36505 71338 108812 118695 173691 332653
4728 11541 20828 24063 32806 50311 87210 102747 124441 161029 327999
10295 18602 23191 34214 35934 39131 105181 137961 156581 174456 181860
2964 13396 25943 36318 48443 83284 102167 109121 143478 169558 196706
2232 2835 11442 37539 44186 53483 66350 123989 141980 192702 282376
11766 14482 22451 48055 50485 63764 86676 105793 111743 146649 296242
9497 21035 35216 47207 54751 63512 85491 93342 109635 184887 225817
384 12235 18052 27667 59498 68275 108203 132903 143819 163678 233780
10324 14677 31505 36748 48709 68535 101281 101874 143205 182328 229895
7074 16647 29385 30249 62011 68180 85213 125666 156948 167626 183781
6726 8095 17272 39826 48946 49846 51298 82114 111520 127061 395482
5900 7816 19801 28711 35815 85875 95065 105547 112452 210159 235227
