1000 42 33
496 1152 1892 2005 2831 3642 6192 6276 6881 7709 8337 8970 9441 11971 12998 13054 13482 15855 17893 18205 18436 19204 19733 19905 24031 30791 32852 45485 45738 47701 57266 84075 92864
2231 3177 3778 5070 5132 5584 6430 7446 8073 8871 10152 10732 11551 12239 12384 12694 13090 13394 14552 15744 16953 17993 19730 22198 25864 25973 27910 30249 34969 43812 70811 92195 121310
752 1700 1742 5722 6520 6757 7890 8384 8571 9205 9321 11675 12006 13534 14346 14563 18205 19812 23303 25247 25964 32347 33925 34047 34711 37702 38244 39870 40949 46143 47907 51887 66821
768 770 1919 2040 4886 8125 8309 8615 9303 9498 10282 10447 11582 11951 14910 17191 17484 19503 22288 23855 30484 33116 33173 36944 37976 39977 42966 43089 45023 58246 58473 60493 80900
657 965 1707 3701 4280 6888 7908 8850 10122 10761 11786 12076 12095 15569 16953 18805 18833 18953 19807 21932 22669 24543 24791 27184 29178 29941 33658 42244 42611 48528 56763 84593 136595
256 321 4617 5367 6326 8638 9444 9528 9808 10336 12472 14126 14253 14724 17229 17839 18045 18171 18873 19741 20611 21638 24803 31944 34564 36570 38974 49650 52963 56232 56893 68861 77399
138 1046 2101 3588 3843 4161 4936 6209 7885 9333 10373 10828 11248 11839 13874 16874 17791 19753 28207 30135 31340 34078 35654 37189 37795 38446 38996 42918 47690 50897 57187 76038 79625
1200 1875 1955 3800 4121 4503 5592 6842 7090 8038 8170 9399 9553 9672 11879 16607 17220 17443 18317 22207 23185 23364 26741 28064 31060 32138 40278 44168 49521 49883 55019 56018 69021
631 1009 1268 2467 3747 4463 5718 7897 7962 8052 9520 10490 11488 13378 13502 13969 17865 19394 19691 20979 23250 27341 28805 29521 31268 36948 39199 39779 48075 51793 95126 98373 100381
321 849 1028 1584 1918 3065 5067 7997 8570 8639 8652 9508 11559 12353 12736 12859 14101 15785 16064 17023 17282 17488 23757 29644 31056 32289 32318 43113 59889 70811 72016 73952 114002
406 587 1131 1956 2111 3384 4210 4960 7393 7775 8056 8925 10240 14813 16171 16589 16817 17305 17545 22536 26760 27516 30312 32775 33329 34292 36297 38012 38642 41673 60687 80429 100328
548 1080 1531 1766 1787 2142 2588 3011 6898 11004 16263 16615 17406 17627 18804 22739 23057 23676 25075 26433 26672 26851 26983 27489 30045 30169 36434 40090 40622 41697 43658 50057 69475
274 290 698 957 1893 2122 2608 2992 8263 8818 8823 12916 15084 15502 17148 17298 19235 23060 23309 24376 24491 29104 29499 30614 30832 39601 42315 48068 51173 53772 65394 73417 159756
1090 1320 1879 2263 2607 4958 5817 6378 7589 7659 8251 9749 10620 12752 12919 12937 13392 15252 22405 23918 25095 28587 29443 29754 29821 30343 32887 33398 33876 38327 50253 71225 90715
858 2388 2574 3089 3371 4855 5073 5266 6402 6981 8827 10342 10787 10826 12045 12418 12451 15436 17146 17555 18944 19039 20912 25307 27593 29016 33014 34007 40951 48610 65831 71524 146241
745 2773 3053 3754 6192 7229 7463 7699 8014 9724 10626 11107 13288 13521 14925 16121 18167 18375 18509 22933 25032 25639 25728 26065 27651 27847 42390 43815 46622 56439 61678 95057 97538
1177 2321 2707 2904 3236 6526 8244 12589 12690 13413 14194 14570 14617 14848 16464 17843 18051 19301 19695 21646 22725 24036 26340 26470 27456 27879 28907 44605 58821 63284 68817 69908 110380
485 611 2577 3870 4626 5496 5754 6260 7725 11053 12937 12964 12987 14214 14669 16994 17641 17858 18468 19700 21582 27641 32426 34754 34922 40688 41680 51074 56496 58396 60487 62075 79100
522 1333 2152 2413 2622 2725 3257 3357 3379 5143 6860 7269 10266 11942 13550 15376 16538 17359 17560 19262 22070 22615 26369 26598 27336 37595 39792 43722 51279 60002 68110 75422 89677
302 2424 2428 3338 3358 3396 5854 7305 7426 8089 9350 9761 10249 11051 11248 12624 13392 13740 17336 23298 23359 25484 26573 30625 35426 42754 43337 57231 64757 64853 80596 82084 112258
1443 2066 3680 5843 6753 7541 8413 8915 10494 14097 14198 14212 14776 21375 21853 22005 22613 22676 23145 25353 26645 29844 30687 30800 31948 35995 39490 40562 41155 51097 61967 65167 87408
267 820 883 933 1506 2265 3584 4144 5218 5743 9139 10306 11178 11386 12722 13918 14739 17400 22223 26913 28243 32250 33924 36349 37391 39445 44895 54946 60389 60409 60907 90329 91184
2093 2381 3429 4183 4216 4331 4604 5017 9837 9904 10205 10328 10459 11598 12266 12658 13846 16222 16660 16867 18101 18133 19042 21899 29200 41911 43522 45342 50927 52392 58912 82230 86211
211 530 2502 4348 4750 5036 5781 5931 6164 6190 7679 8149 8447 9992 10379 12982 14387 16357 17015 25713 26518 29026 30039 30613 34032 35919 41270 45666 45729 47315 53631 90230 137393
199 378 1109 3211 3942 4771 5475 7562 7833 9516 9868 10213 10254 11954 15808 16279 18565 21317 22657 23866 23980 24756 26390 30235 30507 35923 39797 41679 50656 50683 53846 54730 90094
40 151 324 1138 1905 1959 4227 4359 4616 4858 5275 7054 7658 11771 12492 13036 15433 16013 18631 18904 19449 24204 31329 32613 33481 34913 35606 44079 44474 61042 79025 86594 94613
162 216 274 898 1803 2258 2846 3441 3993 4604 5591 6128 9004 9631 10245 15320 16549 17295 20248 21610 23507 24533 27489 31793 33041 34015 41045 42317 46152 69938 77321 88396 99527
270 482 733 1341 1798 2081 2321 2655 3639 3871 6727 8412 11719 14191 16939 20934 23422 24061 24192 24481 27486 29344 33975 35508 35696 39782 41068 42780 49481 52749 59404 101329 155593
1916 3281 3587 3754 4467 5133 5556 7685 8819 8895 9322 10336 10343 12273 12552 13906 15449 15938 16924 18308 18884 19111 19979 25064 30797 33855 34339 48113 51241 53042 59295 61510 142302
665 2256 2538 2949 3224 3544 3566 3742 4708 4965 5087 7266 7438 10692 13591 14565 16631 16942 20520 22562 22779 24140 25395 40826 46690 47907 52370 54350 57762 61542 73919 79969 83155
615 2514 4661 5310 5351 6843 7263 7722 8249 8430 8860 9158 9251 9605 10729 12721 13707 16904 17379 18028 25197 27430 28030 29643 29692 31988 39272 43809 52897 62436 68610 87756 101624
183 554 2978 3957 4017 4282 4876 6575 6644 10829 10831 11242 11374 15101 15914 15920 16800 27034 28470 28786 32014 32290 32489 32733 33150 33693 35232 35710 44367 44875 53571 61124 65909
1322 1936 3241 4031 4620 6529 7463 8432 9118 10278 10360 10586 13019 13917 18269 18983 21683 23483 27442 29968 30247 30628 35707 38340 38715 40878 43701 47932 48149 48657 67712 67903 80473
28 88 545 1274 1988 1993 2691 4941 5065 5868 6386 10855 11856 12556 12601 15028 18544 21714 22326 30703 31553 33020 33387 34463 37079 37614 42779 44645 46261 52494 55594 78870 105677
227 321 1223 1699 1893 3966 4000 5364 6873 6908 8738 11814 12327 13207 13860 16097 19950 21595 22794 23431 23975 24306 25185 27153 28220 33139 36159 42857 48822 50198 67780 73646 76326
115 2782 3640 3912 4499 7345 8605 8988 9340 10461 11264 12949 13319 15576 15940 17437 19873 20982 21552 27581 30070 31506 38154 38573 42440 43438 44332 47321 56293 56932 56949 80994 81432
404 1013 1446 1669 2314 3759 4854 5384 5527 5756 7715 9116 9397 9817 11301 12658 13333 15064 16594 16921 18783 19609 20530 32687 36514 39019 44630 45713 50133 55670 61293 61680 77672
249 727 1769 2629 2677 2967 4334 6901 6905 7142 8350 9358 10250 10316 11521 13573 14535 16907 17721 20563 21862 25971 26741 27386 34132 35984 38791 51164 61088 61549 64701 74766 81862
287 1193 1759 2984 3956 8215 8885 8945 9646 9958 10816 11181 11860 12960 13147 13337 14007 14753 15066 16328 17732 17792 18139 23078 24440 28300 30182 34081 35403 39530 52354 62688 183487
97 1487 2814 3284 4052 4336 4658 5756 6280 6900 9262 9582 10129 10879 12268 14254 14740 15811 16475 18707 19489 23782 29046 31260 38879 40372 45122 46563 48617 49311 52602 73861 79947
21 615 2578 4281 4812 4837 4870 5550 6458 8896 9112 9148 9896 10789 12630 13425 13677 14265 23392 26946 27872 27995 35730 35754 37383 39978 41909 44816 51818 54882 56579 61279 88058
57 1570 1791 2731 2937 3586 4117 5996 7026 7176 9157 9927 11878 12132 16205 19353 19567 21681 21969 22277 23188 23708 24591 24802 30199 34645 41283 55334 58059 58635 60167 61882 75776
