1000 18 43
57 462 1445 1803 1928 3300 3654 3671 4118 6089 6118 6280 6285 8003 8426 8924 9282 11116 12385 12627 12640 12852 14805 15353 18663 22099 22145 22259 26321 28601 29449 30006 31682 32484 32496 32723 35239 36103 51025 52226 64755 65107 88559
189 375 735 1662 1675 2071 2326 5807 5815 6302 6427 7591 7848 11283 13031 13400 15726 16181 16960 17389 17523 18029 19346 20035 20041 20831 22476 23856 23907 24019 24199 24383 24480 26414 30355 31369 36519 37389 39050 44340 49278 78483 128277
527 1658 2447 2611 2705 3294 3531 3615 5201 5388 7286 7676 8591 9997 11338 11394 11652 11665 12346 12888 13522 14933 15141 16198 18304 22428 22921 24392 24467 27609 30534 30664 31943 35109 35732 36737 39441 44907 56264 59890 59963 68707 69928
1086 2198 2388 2960 3489 4130 4945 4946 6303 6768 7175 8370 9117 10168 10698 11923 12655 13324 15045 15237 16062 17899 18671 19136 20631 20686 21240 21813 23699 25359 25410 26712 28011 30239 33377 35701 37352 38999 44583 56039 59643 61170 61854
247 553 1320 1339 2074 2935 3090 4518 6552 8143 9650 10064 10814 11782 12248 12592 12977 13907 16381 18602 20217 22278 22458 23242 23300 23627 24281 26222 26472 26543 27413 30669 31688 31874 33082 39598 42741 43263 44646 47675 47741 60039 77191
399 742 986 1199 1617 2467 2487 3445 3789 4176 4182 5495 6100 10215 11267 11489 12726 13270 13358 18080 19117 20192 20243 23277 24826 27297 27581 28627 29204 29302 29470 32073 32841 38330 39675 40757 41477 45339 46453 47203 51187 53214 53777
483 514 1312 1343 2341 2674 2914 3236 3472 5402 6299 6414 6745 7923 8823 10223 11195 11318 12778 14019 14743 14795 15034 15666 15679 16798 17067 17929 17943 18232 19270 20400 29840 32011 33562 36030 48266 51253 53947 61131 69516 89133 119679
661 1134 1142 1292 1353 1663 2462 2782 2820 2981 3044 3670 4980 5040 5229 6003 6334 6723 7968 8319 9660 10509 12251 12897 14525 16438 20444 22398 24407 28862 34014 35988 37888 40058 46040 47222 50569 51566 54428 61666 63544 65486 68229
677 1674 1941 2264 2452 2994 4748 5575 6341 6564 7298 8355 8689 8882 9615 11269 12298 12744 12835 14357 15343 15938 17651 18140 19616 20909 24386 25015 25169 26112 27017 28227 30716 31550 32023 33477 36684 38050 39029 40292 53367 102250 109513
233 252 1615 1661 1697 1797 2178 3006 3049 3063 3093 6822 7258 8401 8799 9058 9238 9376 9817 10057 12954 13788 13940 15076 16950 19755 20337 22493 24148 24722 24944 25643 25696 26401 29627 29677 42138 47076 60827 69317 72050 73485 75732
1763 2040 3378 3398 4546 4781 4899 5664 5814 5882 7481 8417 8575 8769 9123 10113 11013 11135 11704 12391 12947 15128 15634 18027 18494 21256 21514 22040 22666 23070 23643 25080 25359 25705 29564 38335 43293 45487 50920 51018 51692 57624 119094
898 1247 1380 2267 3699 4089 4875 5208 6271 6957 7357 9432 10433 10681 11915 12797 13161 13419 13845 16259 17092 17789 18712 20141 22193 22238 23494 23735 23752 30895 31609 33221 34513 37046 37773 39303 39477 44461 46574 51403 52701 54494 62475
57 391 1637 1923 2186 2249 3559 3689 4577 4991 6521 7624 7822 8037 8809 12918 13568 14127 14791 17035 17422 18847 18921 20559 20738 21802 22429 23037 24175 25106 25905 26827 30880 31527 31554 31870 33190 41100 44896 46837 52408 66738 77514
1899 2058 2494 2624 3504 3610 4032 4098 5556 5816 6994 8060 9542 10830 11884 11973 12282 12418 13028 13102 13210 13369 14708 15165 16001 16420 18801 19303 19502 21297 26746 27000 27812 28037 28966 32658 35665 48223 63982 64186 66047 91082 94699
766 1120 1140 2050 2464 3499 3534 3841 3845 4420 5149 5220 5900 7683 8591 10790 11971 13292 14064 14165 14485 16533 17244 17648 18264 18759 19563 22027 26176 26356 29676 30647 31096 31728 35116 36030 38949 39187 39773 61583 63036 88392 101906
326 655 999 1203 2370 3028 3202 4537 6218 6738 7276 7878 7888 7891 8199 9194 9289 10390 11162 11675 12273 13555 14321 14506 14882 15913 17662 19964 20578 23738 26939 27130 29536 34273 35449 40016 40948 41717 42120 43213 46114 54214 152415
470 1281 2147 2642 2819 3085 3088 3319 4325 5364 5967 6115 6206 7530 7897 8140 10805 10828 11773 13153 13320 13438 16097 18393 20711 24078 24231 24781 26252 26469 27582 28395 29003 29246 29724 35921 38105 39961 41184 58619 59442 68940 77286
916 982 1254 1258 1570 3933 3970 4160 4191 4672 4961 5344 5910 6625 7790 9737 10385 12997 14537 15496 15682 15904 17191 18867 19056 19420 19870 21166 22933 25786 30280 30374 32346 32615 36418 36526 40310 41610 42115 61441 65159 82664 84751
