1000 16 48
40 123 270 859 1070 1410 1839 2548 2573 2941 3438 3500 4149 4524 4802 5721 6239 6308 7741 9474 10198 11473 14541 16669 16696 18263 18434 18576 19159 19709 22840 23001 23276 26406 27274 27322 27887 34301 38876 41444 42304 45417 47413 56189 59041 60305 71111 71266
191 1555 1916 3140 3329 3425 3499 3638 6066 7175 7387 7446 7490 7653 7771 8508 8589 8700 8907 9041 10054 10378 10520 11326 11775 12596 12970 15942 17610 18406 20364 22174 25043 25198 31980 33606 35457 36712 38760 39568 43310 46996 47121 47328 51907 54930 66365 66630
144 675 731 805 1627 1752 2716 2913 2929 3702 4814 4979 5052 5339 5759 5762 6954 7022 7408 8763 9111 9235 9574 9610 10602 11446 12344 14106 17211 17996 18859 20096 23758 26203 27517 32126 32521 33721 34162 39666 41851 49432 51643 54559 54970 61209 79651 107725
50 71 830 1130 1874 2398 2456 2762 3739 5069 5498 5509 6037 6651 6861 6876 6934 8376 8523 10179 10947 11799 12053 13079 13426 15492 15639 16129 17042 17456 18746 20121 23942 26921 28266 28360 31184 31466 32300 38051 38919 44307 48245 51589 52806 74392 75642 80104
840 1861 2116 2203 2829 2872 3143 3279 3954 4667 5391 6609 7354 7360 7773 7966 8762 9693 10003 11945 12772 13127 15733 15759 17200 20729 21019 22451 23162 23595 23898 24869 26091 29240 29550 33488 33673 34528 35028 37022 40125 40590 41444 44945 49085 51024 52926 67810
1117 1453 3102 4016 4959 4963 4965 5266 5638 6357 6769 6797 7194 8328 9082 9606 12058 12122 13121 13377 13985 14539 14635 15518 17736 18152 19947 21064 21500 23301 24864 27583 28160 28503 28951 29146 31243 31771 32807 34857 36334 42742 43395 44083 45705 48126 48481 61656
403 548 768 978 1253 1394 1608 2256 2497 2561 2690 3530 5106 6258 8149 8825 9043 9059 10749 11313 13768 16122 16399 18219 18918 19085 19440 19614 20301 21984 24362 25202 26313 26649 28426 28883 30200 30751 34351 38372 39699 40385 41065 48418 49840 54404 65822 75197
127 142 367 2584 3541 4222 4345 6486 6699 7970 8118 9643 10778 11636 13707 13913 15088 15182 15217 16366 16572 17416 17770 17942 18320 18452 21505 21544 21815 22688 22726 22903 24108 26804 27223 28639 29484 30424 31524 32603 35124 37491 40717 41649 43157 43437 44469 69229
359 1184 1221 1365 1432 1596 1840 2343 2953 3245 4972 5942 6562 6831 6886 7259 7962 8118 8183 8723 12112 13385 13503 14302 16557 18316 19034 19364 20221 21185 23074 23537 23833 23879 24096 25586 26064 27826 27838 34098 36817 41122 42264 53765 54523 80077 80360 81101
264 571 661 1027 1324 1805 1898 2537 3892 4328 4452 5424 5477 6074 7270 7840 9551 9606 10551 10855 11442 11628 13496 14328 14766 14939 19139 20121 21447 23857 25188 25475 26160 28165 28240 29571 29822 33781 34062 35936 37789 40206 40350 41571 42145 46060 71526 114285
51 253 318 1216 2160 2400 2862 3152 3802 4117 4273 4615 5025 7229 7565 7912 9440 10639 10691 11034 12274 14509 14537 16184 16729 16795 16949 17807 18597 18715 20053 21256 23016 25994 31388 32459 33431 33862 35766 37661 37975 38837 39314 40611 41487 43758 91639 97700
350 378 880 1019 1060 1444 2037 2145 2455 2834 2892 3461 4472 4769 5778 5829 7574 7812 8271 8747 9475 9582 12023 12959 14081 14286 16934 17136 17864 20311 20406 24698 26510 27163 30245 31328 32196 38048 38127 42030 42903 49280 51252 53479 56847 59225 69047 77486
235 289 1230 1493 1617 2068 2336 2840 3396 3747 3748 3765 4029 5382 6150 6459 6707 7521 11020 11672 12309 13205 13554 13848 14802 15079 15505 15588 16954 19417 22406 24145 24485 28670 28951 29480 32048 32866 33751 34362 37830 39297 53915 54338 56865 65947 71182 81708
74 203 576 1266 1513 2065 2913 3038 3152 4081 4251 4511 4907 5201 5830 6160 6433 6792 6881 7848 9418 9922 10136 10548 11301 14122 14590 15077 16651 16936 17796 18083 20491 21097 22991 23515 25150 30055 33697 34462 34686 36834 58170 63932 64213 82698 94727 99860
200 300 376 663 783 2012 2707 3303 3334 4016 4128 8948 9273 9434 9541 9561 9969 10161 12167 13384 13611 15240 15539 15552 17352 17701 18355 18651 19357 20123 20407 21216 22908 24407 26618 26966 29581 34639 35880 38175 42192 43752 44262 46950 51189 51955 62923 78936
1097 1221 1445 2214 2794 3333 3445 3899 5924 6361 7032 7299 7665 7839 8292 8847 9155 9794 10556 11226 12422 12819 13970 15127 15161 16860 19037 21822 22876 23310 23468 23995 24455 25813 27547 27728 31786 32744 33019 34791 34805 36024 38868 39153 39880 40839 46116 131268
