1000 18 43
631 715 771 1123 1254 3261 3597 3666 3969 5253 6424 7083 7865 8099 9377 10418 14764 15066 16115 16346 16560 18363 19251 19413 20675 20934 21127 22771 24784 26608 26946 30790 31737 31885 35458 41834 41891 41893 43237 52810 67714 95845 106424
66 254 440 629 1139 1680 2496 3165 4180 4462 6018 7253 7586 7718 8209 8708 9235 13797 14865 15137 15765 15866 16666 19847 20127 20723 21990 22885 23286 29324 30347 30637 33863 35718 36709 41692 43513 44079 48585 56286 74210 91288 101157
400 974 1982 2518 3012 4109 4891 5068 5084 6577 8176 8338 8347 9015 10076 10358 10933 11586 12051 12238 14153 14660 15156 16669 17637 17640 21743 23626 24635 27033 27433 29406 32356 37122 37942 38165 41951 47739 58137 62982 69503 79453 102132
75 817 1334 2139 2268 2478 2654 3796 3968 4362 5087 5314 5399 5477 5596 6459 7640 8703 10876 13168 13568 13752 14228 16088 17218 18538 19804 21663 22981 30564 31168 37435 45272 47152 47508 49481 55556 55972 56583 59975 65148 69666 84368
277 667 1943 2757 2889 2914 3714 3880 4771 5838 6439 6663 6785 7537 9977 10149 10197 11107 12524 14956 15191 16083 16871 17525 19552 20489 22830 23161 29807 30613 30779 31879 32668 33934 34128 36544 36875 36876 42536 53240 68342 76764 135491
627 1125 1264 1293 2101 2351 2563 4865 5285 6063 7258 7629 7856 8176 9971 11097 11830 12888 15172 17333 17513 18767 19577 19746 23208 26310 26376 26481 28513 29007 30070 30571 32807 33588 36339 38609 40221 42553 47036 57406 59203 82918 87297
164 165 223 1135 1277 1939 2322 2432 2855 3110 3701 6537 7757 8638 9483 9631 9779 10138 10353 12046 12434 12637 15134 15573 18249 18300 19288 19691 22342 24906 28914 29010 34736 38866 39200 41763 44088 44747 53675 61095 69798 75061 146569
143 212 806 1428 1905 2297 2344 2459 2858 3345 3929 3940 4572 4797 8997 9575 11309 11381 15430 16191 16454 17014 17544 17709 17830 24554 24563 25014 32188 37008 37449 39389 40506 41897 42514 43177 44428 45201 45405 52419 56513 67577 92293
352 2466 2470 3029 3515 3784 4150 4177 4362 6175 6869 7354 7599 7625 8210 10234 10745 11143 11544 13045 15277 16619 16767 18323 18494 18725 19268 19514 21441 22240 26199 27646 27732 32273 33025 40714 42225 45021 45261 50971 56650 82073 167625
804 1012 1110 1631 2258 2415 2728 2985 3807 4334 4589 4869 5156 8347 8753 9289 10002 10040 11316 11634 12303 14979 17534 19413 20000 21748 25338 25921 27055 28487 29288 29659 35655 35978 37672 48660 49908 51397 59073 61637 63028 66322 97803
4055 4874 5227 6145 7068 7835 8096 8866 9848 10258 10314 11095 11884 11942 12079 12451 13866 15639 15880 16600 16959 17609 17750 18448 19478 20639 20765 22521 23378 23884 24316 26358 27377 29226 36196 38252 44388 46969 51535 52286 57783 61196 86106
81 100 162 713 875 1166 1269 1299 2481 2790 2883 3626 4384 5695 6080 9166 12197 13426 14752 15929 17151 19121 19629 21303 21444 23917 24234 24394 25971 26859 27520 30358 32335 37217 41733 43827 46195 46762 50769 61959 74444 78950 97682
111 127 526 2670 3910 3957 4202 4953 7218 7659 8388 9062 9571 9624 10320 10740 11356 11697 13686 14496 14611 18399 19021 19423 19837 20095 21811 22541 23429 24775 26102 26868 29241 33048 42544 43648 43669 47655 52674 53067 66007 87120 90739
144 1000 1202 1772 1840 2411 2573 3008 3022 3546 3627 3629 4601 5812 9326 9537 10490 11730 11872 11894 15297 17014 19265 21423 22123 22733 22850 22888 25365 32532 32787 34034 36664 39162 42391 44289 52006 55501 55559 59059 64297 64638 81394
498 1198 1875 2659 2731 2815 3366 5747 7400 7773 7784 8470 9364 10021 10024 11063 11912 12528 14587 14658 15121 16699 16901 19297 19432 19992 22737 25173 27858 28276 30133 30654 32434 35077 35120 37709 41945 43998 45506 61010 63501 80732 96104
168 254 301 514 1209 2618 2662 2984 3567 3739 5056 5152 5249 5481 5676 6570 7335 7717 8818 9210 9371 9497 10054 11583 13486 14446 14768 16547 18149 22206 25145 28457 35369 38344 49126 49719 54292 62918 66584 67730 89852 90400 108069
90 277 1705 1767 1772 1968 2403 3671 4611 5741 6227 6645 6920 7190 7660 7660 9002 12802 13586 13624 19574 20029 20653 21925 22888 23583 23789 24780 24866 25920 28031 28431 28589 29822 33116 34190 38144 38497 40398 43371 51591 119229 129296
23 952 1568 2289 2874 4222 4845 5547 6927 7785 9520 11275 11959 12033 13864 13890 14840 14982 15431 15464 16124 16501 16527 18019 18334 18633 19031 19559 20123 25157 27764 29523 29694 29828 31643 48649 49592 50748 53807 55871 58786 80767 87644
