1000 28 24
1980 3922 9009 9673 9969 10204 11015 11095 14359 14954 20381 23923 24261 32347 32402 36604 47823 50117 51943 61952 83645 109953 155863 162692
1599 2578 4034 4202 4865 5031 9569 11626 14905 17461 17749 19800 22308 24934 35276 38535 51360 57207 60681 63090 89956 104957 121707 207677
220 1081 1371 1414 1653 7246 8451 20016 23971 24804 27187 28650 32135 32725 40172 47919 48165 55202 55495 70084 83143 101575 121477 154232
759 3740 3902 7977 8122 9258 11902 13623 16145 16253 17141 19390 21546 23117 39524 42379 68111 79083 80683 87570 88774 95328 107211 131954
278 463 4469 4915 5189 8091 8486 9192 11424 11679 15210 22565 30093 31810 34918 44231 49654 66357 70861 75295 78355 103846 149284 156591
17 438 4928 13103 13687 15825 16482 17258 17692 20690 24847 28243 31255 32170 37294 49125 53173 59931 60653 60756 71232 110463 116271 136925
1661 2787 4829 9564 15574 17028 21326 24385 24881 26318 27110 28281 30548 31016 35052 38639 39851 47656 53797 55771 63442 102354 115226 172661
820 1392 1857 2270 6317 6985 10995 11355 21168 22149 23408 26708 27354 29149 32955 36825 40289 43506 48373 53170 71934 118680 134178 219947
2531 2638 3118 3629 8263 8665 13377 14360 16344 16569 18332 20456 22532 29788 30403 30938 40498 47951 48799 59969 70374 133499 144328 207526
2974 3145 3363 5997 7355 7388 10832 12876 14546 15731 17643 18700 25242 29193 35738 36804 39396 45713 66822 82044 117142 119024 120459 149891
413 5882 6005 6226 8989 9654 9751 12905 13247 13465 16734 18030 19155 23986 24583 49091 55279 72206 73787 74782 75171 80363 127440 196071
846 2013 3396 8852 9602 9900 16190 21291 22670 26512 34800 35663 39186 47181 50413 50650 54815 59896 66528 67555 69453 72850 85432 134015
680 1109 1193 5693 8221 10191 17865 19886 20875 21443 23177 23590 28307 30110 38761 46945 50863 55475 61753 73492 78901 107353 116173 151603
201 2555 4384 4536 6513 7014 7164 11367 13805 20332 20425 24390 28148 29023 39164 43269 54040 60917 69506 75063 99353 112230 114726 141110
1793 2742 3740 5473 7215 10013 13535 16116 18727 22431 25286 29686 36635 37420 45199 59087 62024 66831 71977 72212 73028 78205 108111 119736
2588 4819 6189 7300 8608 9361 15778 15978 20293 21978 25494 28103 30136 36056 37540 38996 40608 46900 60390 74381 85156 91234 94590 185272
3528 4083 8259 8679 9266 11586 12447 13479 14493 15182 17502 24668 25374 26246 26947 34276 46915 49909 57129 75392 81284 96314 146447 182702
2007 6226 6876 7515 13888 13973 15381 15824 16081 17319 18927 19455 19910 23699 27433 54275 60281 70491 75844 76645 84621 97611 99198 147584
497 3541 4839 4997 5133 5610 5684 6779 13637 16518 16716 16849 32777 38584 38910 48417 49378 49889 79372 89779 105969 115992 121193 121926
2972 4248 4454 5587 7835 10266 11839 13496 14043 29696 31645 32573 35964 36270 36553 39190 40286 55197 66365 69778 71703 111071 114215 145308
4735 4911 6945 9257 9903 11972 14059 15900 22638 23213 27247 40409 40950 42674 48075 56795 58173 58409 65091 73722 79281 82727 97958 100474
1023 1798 2908 3792 3869 4914 7090 10378 10880 11812 14776 14839 25780 26959 29976 53133 56108 65684 66185 74216 100404 126963 129464 145200
882 1684 2266 2347 5937 7640 8042 8849 10215 15520 18252 23268 27277 31910 36695 56790 56967 60942 61682 82575 88225 99321 99527 188443
5146 6672 9180 9331 9362 9622 9672 10449 13405 14113 14543 23884 25233 33110 34220 34616 36597 39583 48115 73728 79713 86234 163104 205856
800 1249 2703 11750 15784 16413 18216 18263 20675 21185 23426 26306 30979 33631 41057 42888 53194 57206 69199 75451 76830 94542 95237 146619
1956 2580 4088 5000 5506 5605 6134 15400 17937 18384 20500 21593 24142 24384 33006 33265 41333 45794 48271 86716 87258 105473 135652 205272
312 2036 3854 8730 11508 12077 12520 12866 13030 13328 16002 18530 32292 33869 39299 60073 60850 69330 72769 73619 96428 96863 99424 130923
548 899 1446 6744 9940 11334 11439 14490 17627 18243 19886 24095 25059 26970 28457 34787 37680 55300 73202 75055 87418 106447 127665 179845
