1000 44 31
12 1825 2405 4864 5052 5375 6618 8932 10193 10536 13386 17687 18628 20845 22486 22887 25622 29634 36129 38190 39420 41326 43494 44489 47550 48576 52366 57347 63379 82102 139253
7 18 1905 2123 3500 4926 5464 6702 7934 7960 8725 10835 11280 16163 17156 22658 23372 33798 33844 37435 38336 45021 46823 50772 54324 55050 65938 70308 80544 83279 96330
1063 4777 7934 8247 8268 9430 10559 10903 11712 12224 12420 15204 16800 17663 21978 22310 25737 26560 27460 29122 31535 34670 36146 40207 44507 48571 57699 77029 85031 95548 106614
66 524 3261 3667 4784 4902 5855 6773 8308 8424 9912 10666 14782 20616 22314 24653 29631 31031 31940 35645 35798 37800 40170 42553 44236 46955 68262 71385 80675 83667 101550
1 102 223 251 1748 2071 2977 4493 6070 8502 8869 8923 9137 9625 12694 18677 23512 23989 25924 27001 30191 32635 34221 51152 51325 56128 56250 63309 93646 138348 157496
467 1413 2406 2857 4268 4357 8422 8803 9914 10307 11035 11150 11977 13816 16960 17048 20285 21739 24697 31529 31953 32338 32365 33634 35525 59415 61418 64092 69399 122484 168407
4089 4822 5038 6176 8449 9217 9373 11733 11850 14666 14852 15588 15687 20475 21005 25248 25509 25670 26811 28510 29698 30099 33856 33879 41709 45497 47715 54170 83250 87053 138946
766 1502 2390 4022 5713 6141 7037 7570 9494 9653 9801 10050 12885 13062 13556 14145 14497 17586 18601 20088 27816 32720 42201 53829 57987 59240 60905 85064 86779 94840 143803
690 2973 3086 4686 5347 5749 8325 9221 9491 10204 12912 12986 13062 14150 14358 14890 15230 19706 21359 21913 23098 23698 29978 31530 33004 38939 50519 59522 98318 159006 163070
215 1045 2874 3802 6855 7592 9311 11527 11556 12303 12500 13093 13881 13952 19183 20010 21455 21802 24416 24914 26290 27336 30285 31132 38827 47034 49844 57294 74989 126754 179611
1223 2851 3119 4909 8672 11387 12325 13243 13841 14347 14369 15876 16003 16456 16904 17879 18003 20263 22232 22275 30980 34982 40293 49906 54305 66062 67249 69708 72774 96623 114709
377 3050 4204 4382 5137 6629 8270 13347 14996 16698 16910 17043 18936 20538 20903 21333 24478 24747 25684 28755 33836 34327 35379 42585 50674 50936 51927 53806 86210 109170 128536
1018 1156 1730 3299 4693 5638 7261 7581 9769 10677 11052 12202 12501 13911 15971 17865 19220 19369 20866 20930 20970 26336 29534 32388 33683 39875 50883 67535 128720 142665 154198
1922 3167 3730 6075 6418 6965 11200 11290 12503 13700 14732 17685 20266 21807 22880 24623 24747 26313 28323 31809 33696 37252 39886 41330 44745 51324 51479 71368 88089 88362 92888
698 855 1554 5769 5975 7701 8273 10695 12255 12843 14257 14688 14734 18566 20678 26636 27565 29170 30911 31725 35120 36859 41650 48251 53181 53959 58412 64366 76253 90037 92459
1320 2371 3363 4925 5335 7707 8032 8225 10314 11379 12167 13872 16839 17647 18075 19896 21258 23982 39292 40359 41550 42029 44963 44965 49994 51565 52288 67129 79807 83495 88089
460 589 2805 3097 4925 6345 8454 10789 13533 14901 17893 20505 20892 26359 28573 28637 31218 32093 32348 33912 35866 36010 36323 41270 49543 55091 55548 63414 67610 74360 102650
139 580 582 3109 4012 8105 8125 9824 10073 10460 11369 11671 13813 14976 19879 28955 39839 41350 42647 43491 46054 47125 48951 49000 49653 51054 54832 60520 72141 75169 94182
656 1279 1516 2365 2407 7168 8524 10932 12056 12074 12100 12901 13618 13897 14631 15595 16342 20635 23489 24409 25103 35375 35418 45657 46192 46738 50210 50945 93905 103693 200780
363 2275 2852 8682 9290 9921 10863 13297 13749 13759 14262 14902 18966 19494 21372 22656 26861 28509 28842 32183 35685 39955 43751 43853 47561 51287 51712 51863 58891 75126 127669
89 1098 2059 2660 2968 4512 4606 5133 5184 7229 9574 10482 11308 12140 13222 14955 18819 24158 30629 31696 31932 33643 34265 34573 47349 51631 71930 80931 89601 121931 121982
1369 1902 2239 3086 8111 8733 10908 16451 17858 18168 18680 19415 20374 22415 23216 26019 27040 27110 30591 33082 33796 34522 38537 45955 46529 49489 53460 63566 65638 69258 108705
1421 2242 3242 3976 5354 6255 10000 11395 12193 14197 15572 19093 20367 22895 24519 25972 27067 28043 29992 37879 38373 38513 39778 46294 48640 49616 51360 56992 70520 79248 119257
2240 3089 3787 5040 6012 6798 6973 10228 11649 13374 15669 17424 19043 19650 20272 22678 23515 24599 26649 31489 34486 36754 38275 39966 40324 49441 49513 70888 77991 84841 142894
1958 2213 4876 6553 6903 8451 9690 10216 11208 11502 12136 15382 16687 18645 22323 26818 29489 31505 31708 31943 33470 35548 35786 37863 40391 43217 49227 68867 70617 90640 116786
913 915 1504 1623 6755 9991 10345 10592 17163 17494 20048 20690 23574 23873 24969 25297 34226 37100 37873 40233 40431 40494 44324 47828 50025 54753 55511 57321 60431 62661 96863
116 123 648 933 2386 3926 6129 8096 8760 9534 10636 14012 16151 17343 19969 23483 24412 26507 28035 31141 40817 43342 50995 56488 57833 65618 67734 69243 75234 91097 100202
3607 3682 4353 4564 5476 6339 8099 9164 16271 16377 16941 17414 18396 19400 20150 20839 22416 25431 25514 28850 29034 40503 44688 49274 55426 62605 65117 65219 66955 67972 91096
102 855 1257 3772 4048 4096 4888 5183 5486 6728 7259 7683 10024 10423 10868 11446 23136 27141 27724 28170 30378 32142 34977 40246 44392 47175 52873 74875 80204 103246 195507
345 1852 2568 2648 4316 4905 5565 6809 6991 9899 11361 11473 12437 12972 15318 15566 16849 20589 21478 21927 22000 22251 28857 41833 57893 61760 62962 82942 99551 129070 129827
1042 2041 3485 4726 6439 7244 7399 7928 8070 10019 10351 10419 10621 12429 13359 13905 17921 24830 27521 30092 35650 41846 50758 51985 54226 57510 61740 66293 86464 96436 110661
3169 4282 5916 6190 6235 8307 8661 8976 9731 12962 14477 14889 15862 17955 19214 21744 23543 24613 25114 26312 27311 31312 34081 35376 36239 55296 63507 73581 83946 96531 143639
8 2722 4245 4350 4354 4982 5141 5179 5379 5507 10909 13976 17751 23135 23576 24023 25726 26578 26888 27385 39575 41954 47786 52413 54273 61091 66110 70167 71277 76364 114722
1021 1557 2061 5933 6570 8062 10171 11292 12450 12691 13873 16275 17286 17893 19104 21637 21892 22199 32113 32345 35803 44350 49235 53560 54439 56358 62395 66911 70382 88490 106196
2693 4487 5370 5785 6834 6898 9480 10153 11323 11956 12059 13250 13694 16402 17004 24276 24296 25212 25372 26741 39958 41420 43567 45751 46508 62045 64211 64672 67163 76196 128549
434 4624 4793 6421 7733 8656 10716 12920 14493 15813 15871 16736 20057 24954 26769 29041 30371 30890 31871 32355 32648 40308 41179 41285 46958 54204 56302 62165 64881 86555 87125
278 1283 1890 2587 3667 4173 4223 5858 6561 6696 7133 7666 8187 9037 10594 12554 12859 13421 19499 19674 19724 27983 34163 54542 56369 57700 83106 92034 122148 125870 136541
602 866 1209 1979 2166 2627 3945 4098 5413 12388 13397 19021 19032 20076 27344 32684 34629 35864 37531 39104 43916 46960 47101 48577 48931 54045 56918 58908 72974 84764 92403
718 2415 2926 5555 6545 7357 8458 12202 13308 15958 16125 16915 17210 17608 21222 22699 26086 26280 26820 35998 36373 39154 39425 53748 58112 60259 60753 63083 64221 66848 97491
69 1963 3768 4055 4888 6143 7641 7952 10204 10473 10815 11219 12809 15438 18859 20255 24115 25241 25325 27558 33523 34327 38466 43699 43794 47265 57946 89750 92379 94454 133610
228 595 1815 2565 2869 6652 7776 10256 11404 12284 13673 17602 17914 18957 21217 22926 23532 23965 28243 33761 35763 38078 40289 44518 46922 50995 50999 58606 77308 96487 115262
1057 1916 3677 4264 4303 9257 9300 11310 13450 14652 14685 15847 16329 16332 17265 18080 19443 25892 31666 31854 37086 37540 44077 56906 57593 71547 73979 74901 75861 76088 85532
2703 3071 4333 10391 11141 11483 11785 12158 12710 12964 13013 14835 16972 17283 18551 24664 26477 26995 27132 29582 30387 33043 33892 36240 38687 43796 44231 63804 76870 113505 135469
2209 2276 3072 4668 5088 5639 6137 9188 9518 10025 12463 16771 18793 19009 22544 26182 27759 27902 29283 32737 33014 38848 47243 58376 61731 65344 65450 70481 72080 73395 86754
