1000 39 11
2118 23267 28984 34542 35500 54634 72489 148841 150323 185919 219217
21156 23580 28858 57461 65780 85483 109959 115593 140807 142189 156937
11495 14195 19659 40637 41013 67662 105887 121427 140802 181985 212389
7797 17460 18141 21845 67235 67727 114162 116405 118517 131845 223873
22556 23691 32211 37637 40334 61321 68343 93261 126217 189992 250578
3119 11397 20921 33245 70302 88661 92606 101580 121496 144428 234286
6155 13407 25433 26235 36852 62309 70007 98175 105589 168101 339025
18168 18273 32439 44087 66903 70364 100028 103945 131151 162479 174969
2912 5337 24968 27032 32624 45519 74404 108250 162402 199534 242971
6189 12793 19992 25212 29874 43620 51760 104666 112523 254382 271055
18455 20457 23409 56605 72371 83301 116392 120355 131710 147500 168742
7491 10550 27589 28301 32493 40945 65438 143498 152379 174013 221807
3370 25456 27498 34377 48525 62402 96375 115426 135638 161845 218309
1759 6753 6953 14593 15846 66103 66237 96770 148162 203849 302606
5047 12221 13272 19205 30328 37193 40323 48373 209755 213864 285257
17094 32319 36790 38253 39619 45051 45983 61759 93101 97140 419857
7304 13679 31798 33026 59568 75433 102121 103693 122763 139636 216113
21274 30006 40484 53352 62758 75327 83268 92434 122114 174279 197317
599 1149 6223 23371 48269 73003 99891 112927 146021 214618 236841
395 22377 22671 25141 40578 42327 69604 144108 147424 149221 245331
8240 20415 20742 25178 72462 74248 92898 96656 114056 152136 268272
389 1363 16328 21667 34229 34937 44481 45377 166865 264485 284820
2874 6671 19047 20816 50030 72781 78336 80006 86612 199707 346595
6324 8324 10356 19759 33575 56313 82891 83880 100372 233155 310247
1010 18093 18604 40692 64697 75640 83835 124617 131694 132989 227431
2824 9373 40206 57273 69693 92003 98848 101532 103976 143955 191057
14911 24892 29530 40435 63260 65727 72658 101476 132468 157077 215181
11093 22016 24706 37780 53152 55817 80137 121327 135661 135713 231004
5301 6714 37307 38903 49999 56363 62593 94824 95554 189764 282356
11454 25039 30099 30980 64223 80299 92540 104963 119745 140586 233213
8532 22871 24088 34126 41935 66672 82048 89864 107177 197195 292598
13580 13922 16683 20683 31063 42871 96078 112738 155954 164261 284471
12051 14202 29350 30870 37469 57754 61991 86792 183373 191216 206414
8515 15608 18724 28171 48478 81530 93283 124409 155528 162699 170017
3444 10933 60750 61926 64466 77684 99667 103540 110655 125347 206305
2757 10668 42815 44460 52079 71620 77823 107364 130446 158809 204396
7532 12501 24767 32896 48485 66047 79018 108215 126308 214333 217782
3013 14034 16603 53358 65981 78350 103011 103180 150182 158958 164539
2691 9445 19824 31349 39970 53565 74244 100468 142925 177004 258618
