1000 41 9
17284 30804 38928 39134 57821 60808 117224 154587 180365
11716 25971 29735 35995 48333 81195 161380 163761 218137
4894 57969 60777 91734 97293 103857 137254 144746 155160
9644 10358 11447 15778 47727 73732 112133 114445 281032
12710 33282 34207 47180 49943 109774 125676 175020 176279
22741 25786 26191 36962 38456 48084 108380 160198 306806
707 21746 25857 29639 39481 46267 209712 221007 242321
3332 15566 51477 58039 67124 86512 128538 171058 209791
24036 30001 37939 62357 93713 94281 104500 111584 148745
12123 19038 22107 31132 125139 127156 140365 191453 203507
17232 36370 37036 44988 84823 130171 148170 164459 190697
4612 12683 33488 34052 38067 77067 132259 173648 224112
7015 18358 38628 48537 71866 101590 102746 152741 296766
20964 30875 57865 61044 67199 102927 127302 162641 206304
6410 32639 81088 91886 94767 116707 128955 138185 143192
7494 10992 15443 40328 44343 106312 126265 173070 203993
9049 23991 31286 55490 78384 90505 97169 115524 231527
6215 6356 11526 24961 44975 49517 110949 183358 251925
6414 20877 22717 34571 44030 64126 117236 122824 262623
9966 31126 36297 37822 76011 84625 120529 134724 185327
1036 10436 29553 48688 63893 136769 161869 164742 177847
8125 8692 44806 49188 63957 93687 113959 153050 274044
12703 23048 41536 71259 94991 112662 137152 147961 149419
15972 16715 20621 87987 94547 100207 106140 122994 274135
4698 27664 50052 56963 59355 73575 96689 102812 239015
10436 38601 39759 50284 56148 63134 114735 122925 219545
908 26812 27509 46483 74688 74947 117074 128876 277726
8566 8890 15408 37672 66497 68638 75510 83526 404785
14627 20447 55640 64262 71734 112693 128010 131366 190708
16917 29618 43998 63353 76363 77024 149806 167205 220191
7586 13923 39334 42231 82249 85029 107850 132359 195931
4000 13145 44016 44866 70185 76737 89047 123079 321080
5098 14071 16484 27330 50910 122202 153148 174224 240404
8064 40157 54933 72037 96177 106262 116422 116495 137747
15898 23233 64018 68881 79643 117271 135204 164351 188333
5480 27525 45081 54635 67458 88476 125507 139543 186672
13824 34185 38662 51763 52555 73817 82038 191432 216092
10542 12331 35515 68988 75552 101848 103021 133432 182160
4062 5769 20585 20835 47322 87048 135678 180075 181925
5581 37478 40097 93257 106106 107865 120458 153909 166169
14042 30025 36775 44757 59098 82673 110545 140360 184045
