1000 29 20
365 3977 8331 9796 9920 11463 12130 16093 20232 22161 24282 35284 35710 36676 37613 41358 68764 108602 139184 237046
2606 4071 4244 4361 5121 8646 16297 19524 20762 21557 23055 32277 33997 35611 40087 45426 80860 117544 122764 251725
643 3934 5507 7964 8140 11324 16189 16661 24915 25419 27133 27196 28491 30897 33819 45147 63890 64442 81343 213851
332 2100 2305 4442 4797 5836 6288 7054 7968 9340 11178 13777 13788 14468 49693 64021 77631 92331 171479 192391
299 1296 6017 8071 10295 10948 21526 22081 24905 29451 29859 30662 30765 32341 34474 37274 66218 78331 113538 183091
4535 6516 10292 10437 11399 13748 24033 30157 31328 31560 44373 45311 48584 50069 55656 71930 74382 74678 90451 99571
1186 2032 3845 4490 9049 13831 23407 25260 27592 27845 37505 38502 53032 62840 64358 74634 76111 83480 109320 161183
4607 10375 11398 11406 13688 16523 18198 20725 26950 27039 27144 35263 38731 39448 40528 44785 57379 124857 150337 158020
4443 10059 10147 11767 13517 14438 17628 21136 21914 23195 25250 32994 36056 48200 48240 57118 59752 77150 109497 150637
4396 6502 8556 11033 12036 15912 16367 18654 20783 24665 29107 34591 34955 44805 51387 54266 84854 87955 94723 136867
5451 5625 6617 7305 16467 17154 18482 26455 33222 34525 36077 39692 43181 45378 47210 49198 51811 55733 59251 200746
1389 1961 10288 12988 14893 24003 26706 27309 31156 35392 37549 37561 39879 40730 42732 57055 60033 86334 92529 128558
466 6512 6547 10966 13081 15227 19182 19328 19635 26603 35054 36003 56098 56847 64768 83430 87140 92014 92853 104613
2851 3311 3633 4569 8625 11766 15845 18750 23338 25654 27635 28205 28622 33998 36268 70130 79696 95536 99486 112565
4117 8564 8640 12517 14312 15523 18333 20621 31639 33540 34060 47539 48127 49263 50308 52481 53906 71654 115390 130702
442 1877 5080 6842 10697 20416 20733 24388 30706 30883 34097 34820 35531 40981 41593 42293 69671 72940 83980 143326
1970 5547 6037 7202 16388 23875 23918 24866 28382 29061 31019 32338 33003 39611 42309 52756 74178 87342 88424 146023
1707 7033 11173 15324 16625 17862 17987 19407 23664 31541 33419 43727 46738 46748 51725 63539 76142 83053 118379 121682
778 6452 8606 11019 15711 16306 20143 21264 25552 26626 31798 33982 36810 39967 53829 78475 99163 101336 116640 122750
3307 3356 3635 5274 6746 9446 19278 24009 25977 30080 36523 49032 50642 57425 58052 71728 72851 73296 104411 130281
8874 9153 10438 12028 14716 20612 22112 28801 32666 33437 35928 36072 37545 44947 44997 46095 49797 77834 113118 136774
5637 8900 9038 9743 11358 13286 13919 19397 20507 27089 27866 28440 29546 38360 47879 55691 60119 65156 126679 156539
2410 4179 6100 7365 7896 14294 21860 22798 27713 36435 37605 38334 44651 47203 49726 51074 53085 61295 94930 184560
2019 3676 4791 7549 9820 11044 11124 16249 20942 34226 37905 47032 71246 74925 75855 80916 84630 91672 101231 116522
3049 6526 9150 11837 12053 12129 13859 17440 22214 31949 33411 43603 47651 47726 50443 63553 97288 100278 127059 152744
1419 1847 2348 3312 5308 13773 17262 19052 20763 21117 28974 30275 35976 49716 58696 74141 77799 88785 106974 244592
1060 7570 8056 8415 12565 15215 15257 17970 26488 29251 29757 29869 31694 32061 54426 56519 90279 95873 105795 114007
3397 4109 4685 14216 15056 19920 27942 28414 30558 32334 38267 39492 44098 53582 58176 59473 65709 86612 121359 129992
3088 4372 5209 7606 7847 12385 14790 15148 17071 17254 19934 31783 36985 39145 39256 55038 70315 93673 116552 137313
