1000 12 31
4904 4906 5157 5286 5398 5866 6876 7324 10596 10724 13985 15768 17036 20967 21680 22102 25204 26890 32690 33879 40328 41545 44926 45115 54096 59550 61832 72432 85904 92199 101465
1043 3559 3714 5402 6325 7813 8532 10892 11324 13114 18711 20270 20615 20929 22471 23336 24950 26187 26513 30205 30721 37065 43806 45360 47867 49920 55315 58444 87847 105823 128986
393 1567 2235 4978 8736 13725 15483 16323 20869 21747 22001 22867 23395 23833 24980 25065 25418 27171 32708 37584 39182 40505 41394 41807 46840 49082 50013 54172 68982 76873 118256
226 775 2067 2573 3287 5448 6565 6649 6752 9422 12785 13746 14938 15690 16767 17655 19198 20260 20492 23270 23542 28829 30602 32879 34089 41750 46411 56601 72450 162212 250162
1115 1325 1644 3117 5486 5693 6882 7687 8534 14289 19256 19759 20480 21843 22174 22222 22275 23645 26783 32542 33430 36263 38916 47585 50756 54728 58070 58186 68121 109476 154041
692 2373 4616 5524 6377 7715 7810 8583 12471 16751 17584 18185 20383 22558 22803 25912 26670 28363 30482 31923 37464 38197 38714 40435 41035 49868 54897 66047 80366 107231 125455
1653 5108 7516 8066 9742 9747 9966 10993 11760 13772 14915 17973 22790 23881 25446 26137 26562 26920 28753 29067 36463 39480 43112 43925 44891 48995 56067 67118 87559 88359 110906
358 2477 4157 5310 8092 9378 9767 11614 13134 14676 14854 17324 21832 22294 24143 30108 31210 35311 36838 37390 44100 46793 47189 50932 52316 52690 55118 63194 70621 71719 92631
362 1036 3026 3191 4082 8115 8156 10514 15115 15261 15376 17759 19465 24249 26891 32005 35597 37226 38357 38788 38962 39129 40859 41625 49157 52514 53177 53198 86155 86537 100826
1423 6470 6786 9023 9386 9555 10031 12086 13512 14098 15818 19693 20393 21652 21927 23371 23595 24068 26557 33088 35192 38783 40113 44997 50315 50959 60988 71665 83988 97836 99304
3975 4017 5531 6608 8198 8577 9168 10276 11078 11205 11818 12207 14765 17929 18170 18594 19607 20676 21711 21903 22605 25062 30396 32513 55250 56657 70978 76897 78856 101878 190811
1051 1387 1939 3686 4453 6781 7546 10322 10674 11546 12132 14761 15168 15576 20313 23839 30785 30930 32875 36519 37276 39145 41897 42253 43814 47037 49100 58745 61526 72075 212359
