1000 26 42
112 2153 3250 3911 4016 4046 4427 5436 6893 7285 7509 8484 8584 9712 9807 10669 11204 19741 19810 19931 20051 20196 20886 20945 21841 23676 24582 25596 26326 28698 29014 30480 33410 34127 34848 40055 40071 40275 44074 61143 72295 125564
319 795 802 888 907 2000 3903 6073 6173 6697 6826 7106 9280 9610 10168 10627 10951 12169 13310 13634 15010 15668 16003 16534 18498 23502 25063 26871 30647 31714 33714 34460 35373 37617 37685 41230 50219 56375 58828 62911 64826 125243
460 757 1787 2328 4304 4402 5763 6692 6911 7442 7872 8246 8264 9386 10384 10397 10580 10957 11661 12202 15290 17094 17563 18335 18585 19860 20654 21732 24297 26567 30120 31651 34868 39279 44424 45525 52357 54509 57460 70687 86196 100786
25 1726 2266 2743 2882 3183 5608 5774 6248 6919 7529 9909 9938 11705 12289 15937 15977 16512 17377 17384 18599 18709 19775 22451 23442 23508 24827 25476 28595 30544 36113 36440 37524 40743 46679 47711 50046 52218 52828 57015 60066 63140
83 136 404 432 1497 1730 2068 2545 3041 4076 5021 7511 8786 9463 11037 13108 15722 16833 17012 17040 17048 20165 20307 23041 23130 24821 29608 29763 31649 32196 37416 37527 38177 41306 45236 46354 47510 52405 61544 62610 64088 67301
405 2218 3041 3274 4267 4461 4680 4685 5138 5370 6120 7428 7644 10596 11629 12029 15297 15404 15975 16493 18350 19217 19594 19625 19628 19856 22015 22063 24127 25474 26400 27002 34758 36939 38582 41447 49062 60025 63153 70131 73604 98993
147 471 523 1298 1347 2474 2695 4893 4905 5288 5501 6207 7114 8261 8573 9398 11655 11837 13178 15214 15748 18218 20201 21385 25184 25251 26535 29591 30708 32789 32894 33361 33532 34039 44163 51363 53301 55195 57300 58479 81248 90304
535 2396 2927 2943 3666 4400 4673 5026 5634 7008 7371 8148 9383 9722 10339 13138 13774 15560 16386 16399 17487 17617 18101 21709 23632 24925 25276 25928 28085 28226 28970 29352 32973 34930 39111 40250 42852 43623 66873 70307 79845 95313
51 1521 1593 1649 1924 2319 2855 4454 5043 6654 7376 7989 8818 8899 10694 11646 12148 12443 14065 14961 16070 17851 19551 20152 24080 24209 24727 25467 26011 27131 28838 30612 32724 38494 38737 40230 41584 48308 51472 59883 67634 148401
1346 1464 1815 2009 2913 4741 5605 6985 7188 7432 7717 7857 7959 8783 8936 10480 13741 15767 16304 17162 18102 18469 18659 20700 22194 23856 24413 25727 26025 27158 28365 30907 33434 38086 40118 46255 54898 58663 63329 63791 74730 76472
3 187 426 2973 3129 3696 6081 6923 8412 8499 8896 9079 9712 11784 11940 12227 12486 13681 14310 15055 15401 15668 16509 17176 17555 21101 21377 25930 26619 27718 28339 28960 29940 30126 31025 35958 44704 45235 52134 62976 97899 135156
415 1823 2904 3776 4514 5232 5812 6916 6970 8170 8550 10101 10326 10448 12202 12229 12233 13375 14010 14411 15659 15816 18162 20551 21317 21351 23403 23537 27739 28275 29603 34657 38640 40041 46757 47484 53695 55421 56719 60803 63563 84641
25 50 1710 2491 2836 3128 3270 3826 4319 5863 6280 8016 8103 8368 9053 9447 10714 10964 11191 11314 11401 11922 18788 19071 20662 21932 22126 23100 25672 32231 37691 38992 39934 42117 46366 51577 51750 53378 56538 72018 74459 100750
339 550 569 1684 1861 1879 2267 3098 3791 4902 5887 6387 6583 7267 8047 8184 8631 8681 9308 11244 12500 13531 14753 16194 16723 16760 18225 20740 22695 23490 24181 29131 30151 36396 39503 40132 46126 58293 68017 71573 128205 138043
737 1542 2216 2318 3437 3897 4240 4338 5769 5832 6088 6591 7698 7748 8179 8470 11049 11298 13239 13403 15583 17325 17863 17952 18346 19752 19876 20936 22633 26803 26866 29918 33857 36044 44054 46772 49861 53637 75299 79858 86528 97886
814 1348 1583 2172 2900 3070 3571 3864 4078 7128 7343 8775 8799 8898 9934 10525 11048 11231 12496 14206 14418 14469 17968 19876 19979 20211 24188 27292 31974 32399 32711 33542 34284 35852 43575 45270 46094 48759 50211 51970 71985 139658
324 578 1258 2534 3188 4573 4899 5183 7385 7406 7779 12713 13295 13837 16132 17233 17624 17646 18763 19478 19741 20528 21802 22026 25338 27297 29061 29403 31295 32245 33024 33849 35072 35220 37949 38188 38720 42502 44572 52294 54382 89325
996 2224 2894 4049 4242 4411 5384 5662 7347 8183 8481 8805 9318 11504 15406 15498 15531 15945 16713 17159 20749 21186 21816 22244 22376 23112 23516 23885 25995 26798 27174 27205 29304 30821 41601 45308 46349 47144 58460 58686 59013 111824
268 359 2102 2496 3320 3373 3937 5771 5784 6162 6269 6803 8133 8982 9143 10707 10800 11876 13044 14583 16330 17156 17944 18187 19388 22792 26480 28381 29517 30148 31607 34986 35852 43387 44885 46401 49762 58608 60341 65112 73308 83325
748 866 936 1702 2225 2268 3102 3180 3494 4067 4582 5515 5683 6345 6778 6821 8436 9491 9843 15287 15504 17887 19205 19282 19531 21016 22605 23659 29817 31779 32541 33866 35658 37981 41721 42854 48299 49406 57332 72975 93079 126964
256 968 1496 1802 2218 2507 3138 3185 6249 7655 8084 8481 8513 9709 10644 11182 11476 11487 13666 14212 16993 17801 20769 21444 22667 22834 24565 24782 24982 31801 32447 34693 35027 36926 39170 39438 51999 52612 52656 60953 91362 99830
1073 1346 1638 2585 3366 3514 3751 4106 4285 6193 8360 9031 10575 11081 12623 14347 15805 15851 16761 17452 19781 20099 20138 21225 21998 23345 25897 27373 28442 28482 28537 29106 30111 31736 33360 37957 38308 40794 42458 55954 102422 119206
545 1447 1889 2002 2197 2686 3728 3856 5192 5364 5928 6150 6420 6420 6428 7266 7740 7969 8744 8930 9555 12085 15010 15160 15897 20388 22249 25295 26656 26700 30196 30945 32122 33673 39334 42903 48012 52540 76992 94349 97238 123944
66 129 389 3887 4020 4673 4956 5942 6128 6628 6725 7274 7314 7727 10808 10994 11042 13680 14904 15467 18668 20481 21233 21892 24527 25374 25818 26883 27863 29407 29510 30670 32432 34431 38453 40210 44799 44817 50479 64417 72552 117903
866 1418 1428 1895 2128 2429 2450 3907 3949 8255 9220 9326 9674 12672 13775 13858 14503 15881 16282 17018 17323 18323 20031 20145 21007 22110 26747 26791 27469 27519 27802 28116 29108 32979 37640 40835 47957 51537 58414 60750 64565 117049
596 2427 2593 2711 3086 3832 7072 7172 8468 11395 12173 13814 14086 15733 15985 16341 16706 16855 17139 17399 17569 18320 19007 19835 20381 24882 26206 26290 26523 28152 30353 31313 32236 32496 34868 38784 40504 43763 51899 55632 80000 86002
