1000 50 37
817 1592 2900 3697 3936 4485 4643 6039 6222 7019 7021 8107 8915 8995 10588 11281 12842 14909 16178 16648 17489 17664 22821 22861 23605 27313 28777 30755 32954 41487 45444 46311 46676 57875 63090 76001 173328
374 521 1520 1580 5207 5286 9198 9544 10061 10431 10851 11731 12454 13365 13923 14956 15047 15356 17921 19643 19741 19916 20794 21656 22273 24194 29398 30098 37497 42222 42677 45895 47263 51072 56743 75123 88073
1513 1953 1990 3137 3599 3825 3934 4760 6100 6557 6655 6865 6889 8932 9882 11371 12868 13762 18359 18812 20743 21288 22565 28951 29038 31318 35727 36134 36318 36380 36895 52491 55027 60720 75696 85781 95105
587 1574 2915 4484 4885 6237 6349 7201 7676 10049 11762 13424 13977 14293 16379 16628 17484 18224 18525 20003 20492 20538 21187 24295 24812 27309 29111 30407 31149 31699 33338 38963 44281 46677 50424 79069 97377
154 723 1043 1736 3387 3395 3502 4015 6354 6661 6748 7344 8423 9181 9685 10768 11722 12840 13083 17749 18234 21347 22892 23697 25248 30123 31021 31339 31975 46182 47015 52307 53954 54486 54583 62716 118407
458 872 1622 2250 2472 2541 2719 2839 4068 4439 5211 5864 6101 7226 8851 13348 13598 15633 17874 18572 20723 21252 21779 23859 26129 30909 44570 46650 47216 51686 52279 53392 57708 57784 60225 61716 83561
137 1411 1518 1694 3113 3247 4303 4784 5134 5872 5896 6447 6811 7349 7423 9575 10879 11648 11759 12450 14067 15654 16227 17081 21072 22580 22815 24722 24863 28133 35638 40747 55286 74431 92283 100980 162644
138 867 971 975 1027 1898 2479 3020 4715 4978 5088 7031 7991 10212 11205 11306 11436 11898 12036 15656 18120 21149 21495 23968 27309 32144 38117 43553 47397 48342 52475 54671 55383 55897 71116 71227 82015
2477 2617 4482 5544 7150 8045 8855 10186 10398 10905 10954 11494 12209 13276 13778 15571 16379 18540 19968 19972 20763 20962 22702 25269 28310 29694 29977 32203 33888 34831 42324 43196 51136 58108 62372 70102 72750
620 1288 1424 1644 3578 3713 4108 4330 5699 5700 8148 9039 11320 11943 13659 13690 14242 14294 17702 21055 22009 23817 24501 25730 26540 29082 34720 35763 36318 36718 43674 44030 48521 57170 62155 73159 100906
288 492 831 886 1544 2593 4256 5557 5802 6760 8062 9194 10428 11502 11704 14484 15413 15648 16857 19680 20045 20056 20066 22887 23824 29799 30631 32745 34570 37437 38553 44861 46932 62093 72337 72815 111672
2592 2885 3837 5813 6106 6704 6848 7915 9534 11245 12826 13593 14345 14759 14859 15023 15919 16350 16403 17022 21619 21759 23735 24424 28209 29552 29653 30134 31574 32125 35705 36755 38088 44937 52399 71416 132434
970 1002 1475 1546 2080 2742 3782 3962 4005 4138 5463 5656 5672 6455 7533 9268 10425 15783 19495 20370 23745 27802 27963 28033 29403 29761 30394 31681 33926 44414 44637 52531 54454 55950 56135 59584 74802
2839 2983 3147 6297 6362 6696 8430 9756 9870 10834 11950 12883 13464 14663 14759 15228 16644 16768 17961 19601 19703 20218 20462 21101 21552 22276 24989 25255 28947 30310 31764 32368 34875 41677 57797 64620 112125
536 2555 3382 3819 4123 4951 5794 6211 6789 7914 8349 10351 10597 12123 15173 15240 17657 18689 19896 20571 20874 23216 26761 28182 28293 28930 30693 31775 34004 37844 38462 40630 42026 56761 72529 78907 99637
341 478 798 1158 1752 1781 2374 2571 3390 5284 5847 6549 7107 7545 9919 12524 14347 14540 15011 16621 20528 20801 23090 24536 24901 29333 29980 30087 31618 34192 38632 51241 59305 61893 91715 115080 118358
716 1013 1078 1532 2329 4449 4971 7250 8059 10211 10544 10851 13152 13292 16132 16320 16433 17548 21889 22099 22649 23348 23566 26433 29964 30340 30387 31728 31953 32034 32060 32466 42231 43764 47809 90615 168705
172 1608 1821 2052 2874 3084 10070 11183 13989 14175 14226 14941 15389 15789 17595 18038 18389 18987 19016 19435 21845 22013 22198 23194 26637 26918 27047 28963 29092 30436 32457 33017 34937 43704 63035 84725 157496
785 1531 1958 2061 2445 2593 3268 3789 4230 4289 4447 7191 9029 9319 9649 10381 11188 14254 15507 18832 19090 21365 22905 26367 27876 28325 32569 35622 39991 40960 43894 44308 46163 51181 73836 78323 86017
12 1715 3170 3836 4248 4418 4510 5041 5378 5511 7350 8100 9702 12294 13449 15650 16023 17060 18043 18352 18792 21110 23712 24103 24770 27979 31841 32490 40405 40524 41711 43219 46132 56454 61806 67124 70749
131 401 503 809 3169 3777 3899 4547 4595 8930 9105 12043 12363 12719 17174 17455 18206 21107 21117 21471 22210 24246 25861 26570 29516 29623 31836 32926 34292 35093 35274 41069 41518 48258 63933 83481 128104
2096 3987 5802 6020 6356 7091 7257 8540 8807 9105 9855 10194 10546 11420 13554 15561 16419 17006 17127 18332 18415 22428 23323 23360 23650 24171 26456 28841 29825 30221 35651 36991 46870 49232 50736 80447 102062
1107 1180 2383 2455 2787 3774 4327 5538 7630 7922 7950 8017 8172 8275 8913 9894 10866 10918 11817 14594 15654 17758 23417 25113 25623 27136 35918 39421 48969 53293 54534 57407 61162 61615 62176 68071 85344
203 1045 1093 3636 3965 4136 5990 6614 6920 11378 11530 12081 13564 14085 14587 16355 17157 17685 18124 18616 20030 24541 27377 28408 30301 31950 33358 36619 36749 37602 37617 41012 42320 44353 48860 64841 95891
2074 3699 3762 4660 4762 5346 6053 6301 6460 8285 9312 10189 10975 11047 12211 13186 13214 15447 17942 19954 25007 25274 25639 27795 29638 30554 31636 32384 36558 38971 47251 49599 49936 56204 70785 74473 90087
579 1206 1825 3239 3312 6013 6052 6189 6702 8085 9244 9651 9658 9876 10157 10671 11623 12282 15449 15672 17867 21080 21813 22466 23340 30979 32324 36798 39776 45929 49546 49598 50220 62630 63086 71046 78429
209 713 793 976 3245 3313 5368 6400 6570 6907 7119 9162 11228 13455 14963 16239 16279 18789 18832 18898 20779 21482 22968 23033 27972 28601 29127 29897 32437 32579 39370 41486 43327 46920 68305 100040 148680
175 1351 2032 2445 2564 4342 4448 7233 7459 7515 8893 8901 9892 10356 10687 11739 12446 12717 14890 16471 16891 17005 19271 21670 22319 25170 30145 30820 32827 47168 51982 55846 56527 57923 71384 71974 93288
780 1960 2884 3626 3899 4028 4710 5441 6062 6595 7613 8266 8296 8773 9238 9866 10922 11459 13620 13739 13783 15213 15709 17917 20203 24675 26510 30459 31734 36863 50027 55202 60481 64431 66977 79231 128307
378 1431 1707 3091 4004 4669 4960 6382 8521 10923 11137 12640 15174 15917 16411 16688 18927 20475 21505 21742 22420 26038 26810 27796 28310 28572 32406 34194 35311 36813 45091 48393 49476 51223 54722 60348 66022
970 2858 3832 4554 4703 6753 8366 8428 9104 9295 10423 10998 13118 14134 14402 15167 15639 16310 18379 19018 19352 20505 20892 20952 23314 23678 24240 27161 27360 28106 30765 42100 43411 47905 64549 75097 91265
69 381 1021 1761 1858 3250 4639 5435 5919 6239 7178 7383 7746 8245 9398 10154 10282 10298 10608 11596 15110 22880 23718 25718 26544 36000 36007 36456 38762 40963 42655 50110 60068 61327 61899 63909 70858
487 1125 1564 1580 1623 2159 3374 4009 4774 5155 6932 8756 10540 10664 12506 16056 17652 18639 19213 20248 24894 25539 26090 27181 28302 31760 36736 37065 39346 42142 45691 48641 49698 50339 50686 59518 84138
2062 2235 3431 4203 4927 5098 5241 6681 6706 6720 7216 8734 8973 10338 10674 11188 11851 12512 13691 14003 14367 15145 18376 23684 24294 27866 28158 35295 38440 39688 41480 43898 51386 67581 68211 72040 111767
651 1030 1470 1828 1911 2354 2585 2643 2686 2814 3517 4962 6574 6839 8219 8439 10932 12534 14707 15180 22359 24396 24897 30943 32051 32993 35998 37649 37865 40717 47057 57235 57842 64755 66905 81232 92245
1189 2083 3063 3200 3365 3782 3798 4879 5913 6165 8961 10855 12456 12599 12770 13472 15467 16700 16914 17466 18783 20924 22747 24408 26211 27781 31238 36453 38503 40681 54760 55636 60936 62745 65698 71641 96459
551 1290 1593 1597 2396 3029 3659 4374 5209 5457 5626 5693 6061 6169 6645 7202 8750 10957 12181 14311 14436 17661 18460 24730 29063 29377 30978 32935 36201 38497 42356 45532 51214 52344 52421 81279 128240
893 1428 3530 5281 5590 6166 6204 7354 10905 12397 12449 13348 15100 15128 15276 15573 17035 18189 20350 20678 22675 22831 25109 26803 30146 34538 36877 37639 39177 40244 41972 42857 44453 45859 46226 78195 79748
316 745 1466 1555 1978 2416 2649 3664 3710 3808 4069 4188 4954 6479 6495 8360 13913 18785 19522 19815 21426 22712 24089 27957 28749 28842 29317 33618 35078 35206 37687 40920 54234 57572 65526 79132 104165
2363 2812 3061 3353 3553 4904 5491 6123 6825 8207 8340 9433 9989 12594 13723 15137 16710 16759 17379 18818 19385 21061 22483 24033 24730 25517 26039 26571 29566 33631 34781 35377 40496 41402 42768 64063 153732
374 759 1588 1653 3291 3860 5512 7479 8770 8848 10066 11328 11660 13147 13472 13619 14429 14991 17083 18422 21430 24842 25216 25801 26075 26729 28584 30826 31044 34814 36997 37505 52649 66410 73799 75819 96467
600 1528 1984 2918 3183 5404 6276 6808 6959 7013 9188 9839 10771 13586 13926 15238 16579 20212 21665 21892 22248 22496 27429 30443 31741 36036 36196 36279 39294 40556 41830 42282 43647 48074 50400 55791 80992
2193 2196 2514 3268 3721 4856 5165 5947 6028 6723 7143 9029 9669 10067 10744 10905 11458 13468 14250 17478 20374 23372 23692 24133 24348 25540 27462 27898 31697 38881 42727 59799 63086 70883 73453 78438 78838
11 1446 1703 2479 2815 3522 3793 5255 6579 7104 10543 11234 12504 13775 13881 15262 15691 18656 19953 20956 22265 23939 24188 25246 28181 30139 32442 34282 38959 42414 48312 53821 57600 60376 62347 65121 102750
182 534 772 832 1551 2703 3514 3597 4640 6233 7900 7979 10565 10880 14517 15814 16237 16651 16708 17334 19554 20191 25334 28915 29076 32195 34570 34725 34866 37210 37825 40361 41865 61304 62469 81756 138818
459 531 1272 3491 4210 4275 6106 6411 7055 7493 9520 9949 10446 11128 11747 13701 14169 14434 16966 17504 18366 20648 21758 22870 23571 23976 29460 30241 33240 36101 36442 42679 44598 60547 69740 72245 75347
215 754 1780 2468 2671 3294 4508 7987 11125 11549 11788 12337 13591 14073 16309 19358 19590 19833 19980 20761 21337 22062 24990 30868 32053 33202 33276 35707 35928 36006 38475 40496 46560 48564 75061 76047 78843
2279 3446 4346 5093 5702 7240 7800 8048 8184 8293 11192 12567 13584 13930 16671 16846 17096 17248 17337 17378 17475 17620 18331 19347 21585 21915 22477 27169 32645 34313 36350 40837 45416 53319 62269 69554 84866
433 539 1197 1636 2298 2619 3691 4343 5121 5352 5911 6091 6854 6878 8515 8679 11550 15324 16705 16969 20202 20599 20792 25990 28484 28766 31107 31950 32225 38762 39502 46888 49649 55187 59509 108670 114374
114 504 2036 2496 3545 3982 4006 6965 7555 9895 11300 12360 13736 16944 17042 17073 18277 18284 20641 21193 21678 21921 22094 28213 28398 28581 30115 31983 33334 33426 33962 34918 38360 42291 42841 70086 81181
