1000 19 41
373 803 1720 4001 4563 5335 7496 7807 8462 8929 9381 9754 9897 10432 10724 12625 13103 13545 13731 14539 15670 17825 20213 20763 21046 21184 21555 21689 24258 24469 25912 29250 32277 33122 36353 38074 44096 50675 54180 63805 65021
21 950 2749 3812 4570 4882 5595 5788 5971 6094 6455 6987 7732 7778 7915 7974 8822 10884 11075 11861 12880 12915 13133 17465 18395 21458 22809 23551 24731 24913 25923 26280 32798 44223 44469 50427 52472 65777 68999 94698 106193
160 225 1759 1928 2722 3606 4726 5411 5473 6004 6103 6997 7789 8817 11049 12681 13210 13328 13530 13786 14744 15611 16536 17224 17304 18174 18812 19894 22160 23729 25449 30894 33257 33341 33891 42430 48709 59168 77128 83028 104109
47 138 288 508 1449 1527 4421 4524 5029 5257 5786 7928 9785 10017 10073 10521 10580 11331 11517 12136 12928 15827 16564 17088 18665 21914 22959 23922 27317 28641 32456 33624 39101 41989 44912 50644 55326 62799 65658 72911 111226
54 913 1250 2203 2308 4273 4898 6384 6666 6782 6789 7222 8468 8915 9125 11312 11652 12808 13018 16266 16383 16575 17080 19961 21515 21815 23226 25383 25395 25488 32811 32820 37417 40415 42587 46986 50088 56063 57056 75085 85250
278 386 789 1584 1660 1720 2390 3241 4925 6705 6725 9424 10139 10223 11180 12381 12451 14131 15172 15809 16795 20074 22125 24110 25166 25934 26202 27865 28462 32344 35116 35952 38535 42436 43206 51700 52926 55207 56229 60827 61305
154 664 909 1350 2342 2632 2723 2751 3017 3819 3826 4088 4151 4255 4968 5183 7418 7524 9024 10141 11560 14255 17510 18898 19184 19675 23094 25660 26914 28281 38376 41669 43675 44666 45785 49832 52024 52085 57076 61918 114718
259 1142 1214 2500 3144 3308 3620 3692 4044 4376 4612 5657 5839 6518 7901 8127 9345 9931 11575 12326 13553 13766 14220 14762 14904 14988 15827 17688 22411 24152 26675 27532 28063 30313 33722 36240 54302 64098 83089 92013 128130
1145 1210 1423 2469 3906 7644 7670 7711 7822 8243 8524 8617 9336 9980 10101 10441 11718 12102 12110 12397 12843 14602 18595 18733 19284 19300 19606 21102 23426 24794 26731 28868 29488 30519 32139 33703 35720 48609 56529 69451 125349
487 1143 1442 1710 2128 2255 3771 5583 6892 7367 7482 8319 9028 9168 11402 11924 12480 12957 12977 13409 15062 15427 17738 18375 23439 25093 30178 32565 32784 33371 33575 36697 38404 40075 41211 41336 50801 54908 56268 65943 80797
613 1394 2203 2621 3560 3867 4550 4867 5447 5945 6055 6513 6774 7036 8223 11644 11861 13366 13872 14541 14590 16276 16303 16358 19342 20832 22897 24082 25184 25286 26238 27058 31424 33520 52835 54472 55842 57973 59559 67909 74028
202 256 649 1483 2158 2442 2508 3338 4859 4885 5191 7390 10309 11058 12036 12041 12684 13653 14038 14080 17685 18237 20232 21311 21457 21596 23558 23559 24893 25860 26507 33605 34425 38922 41688 42375 56785 61228 66538 86925 99661
789 2869 3656 4145 4211 4751 4846 4901 7852 8729 9265 10362 11831 11955 13769 15253 15317 16098 17674 18109 18830 19863 20748 20861 24302 25074 25476 26061 26760 27687 28180 29260 30532 31570 32260 41371 42588 46281 47434 49180 77710
27 1035 1167 1672 2196 3148 3494 4854 5385 5464 5551 5827 5864 9809 10232 10516 10715 15064 15087 15591 16791 17955 18284 18688 23190 24952 25435 26314 26548 27804 28935 36274 36667 41910 46908 48691 48883 52221 55988 65140 103264
137 2282 2573 2591 3279 3926 4326 5288 5530 6348 7618 8276 9503 10397 10605 10677 12142 12355 12503 13671 14665 15275 16246 16646 18427 22279 25147 25367 27871 29472 34208 38553 47887 49254 51328 53160 54351 54853 58539 63056 82268
465 621 796 1404 2846 3665 3901 4237 4901 5224 5765 5930 6697 7825 8361 9095 9756 10069 11340 12572 13534 14575 17194 17657 20128 22690 23176 24368 27211 29379 33032 34441 34963 35967 37572 42267 42405 42597 52023 78799 88733
1036 3011 3093 3217 3979 4064 4404 4405 4657 5729 7002 8418 12787 12988 13107 13552 13615 14401 15625 16071 17799 18106 20454 20736 21091 24396 25589 26585 26733 27625 27872 31298 31331 34300 34839 43143 59336 64018 65146 65504 72837
312 447 628 2947 4445 5720 5893 7068 7236 7861 7955 8579 9245 9426 9565 9887 11175 13540 14727 15505 15598 16773 17087 20276 21817 24488 24576 27713 28964 29695 34352 37363 38186 39240 39536 44529 52973 58664 62216 67359 73797
630 1364 2149 2564 2602 3247 3624 4670 5638 7234 8538 9188 10188 11075 11370 14095 15146 17294 17710 21132 21217 21942 28311 31414 31630 31687 33227 33516 34068 35827 36168 36412 36579 36881 37116 37334 45386 49285 51178 51232 51423
