1000 18 30
39 1595 6624 10059 11094 11929 11951 13484 16143 16405 16551 16906 16942 21484 21498 22799 24169 24660 25826 30019 30336 32749 33134 40376 45095 45458 54657 104654 109251 114859
803 2236 4226 6506 7449 7490 8359 8831 9504 9668 10767 13017 16198 17886 18273 18430 19684 24056 25254 31845 33826 42101 42526 42765 46738 47847 52214 83840 107537 136731
318 2803 3015 5262 5742 6344 6824 7212 10556 12329 13769 16035 18428 20671 21789 23998 24194 25098 27455 30133 30409 43423 44012 53358 55052 56025 63570 88281 89702 114449
136 809 828 1390 3508 5100 5801 6151 6766 7556 7968 14199 15483 16282 19294 19320 23387 25588 28681 33246 34461 38772 42904 43387 43998 44518 66726 71550 85780 115417
333 1126 2224 2304 5609 5948 7935 11310 11370 13024 13444 13548 13651 14966 16781 17625 19332 23101 23619 29607 31797 34517 45194 47322 48291 48916 69789 71914 91046 156832
5 229 1459 1723 2452 3618 5219 5444 7536 9207 9676 10267 10728 11465 13368 17182 18009 19170 19490 20434 24367 25803 25884 27048 58721 61455 72857 80583 142417 153978
54 363 2211 3187 3269 5104 5210 5345 6719 6981 7497 8033 8522 10554 13996 14344 23500 25135 25290 29592 34435 36682 41711 43930 53170 55470 60712 63089 77393 210693
1192 1647 4242 5324 5689 5837 6498 7691 10176 11957 13825 17565 17880 21791 22281 27196 28501 30585 35496 36325 37993 39012 41939 51629 57280 60725 62506 70920 76896 98826
1023 3139 3653 3726 5444 5743 10852 12519 15605 16041 16054 16426 17172 17216 18101 19742 24690 30355 32278 32996 36355 39813 41692 41888 42159 46911 47888 63384 66378 122770
1686 1844 1868 2078 4674 6026 7353 9157 9207 9664 11337 12414 15583 16766 17204 22887 23974 25645 26384 26497 27505 27868 32798 46183 53673 63643 71616 86012 113391 137672
656 4722 4740 4979 6126 6438 7290 8043 8046 8936 9255 12234 14874 15374 17121 19084 21421 27420 32392 33067 33691 35183 36254 45735 54432 54622 72600 95877 98053 127415
636 2477 5042 7366 7419 7992 10923 11373 14624 15324 15474 15532 15851 17057 20028 22793 23343 25996 28538 29287 30968 33561 35976 37730 39017 57896 59404 65959 104936 112787
108 642 1367 7302 9592 10750 15190 16580 17701 18013 18189 20081 21577 22908 25112 25499 25905 28554 31872 32455 35305 37316 42846 42981 44079 49394 53670 57612 58678 102966
926 2130 3832 4249 4328 5677 5948 6696 8134 11263 12781 13515 13897 21095 23178 23756 29645 30730 32937 33206 36212 36821 38927 41482 46466 50511 64690 80469 95964 119005
48 94 1092 1580 1768 2274 2557 5792 6629 7108 12946 13433 15752 16323 16557 17047 17590 17612 19077 23282 28389 29119 30490 34283 44074 48150 69910 100234 116168 164150
134 186 697 4927 8415 8830 9098 9699 13631 14085 15293 15576 16178 17667 21080 22388 24831 27204 31419 33720 33968 37875 40760 41992 42273 42341 47520 70994 72826 82322
631 643 1244 2207 2663 3854 4605 4836 4910 4960 6179 7499 10710 12505 19856 20484 22374 27835 29891 32883 35075 35160 41800 41865 48797 54777 63263 70829 89881 141868
761 1910 2189 2648 2741 3459 4840 5464 6944 8731 9144 10479 11537 14049 14437 14993 25179 25937 26066 26524 26978 44468 55581 56359 58930 71695 78960 81285 87272 142366
