1000 34 19
548 9791 13145 16502 17543 17588 20975 23983 24226 26281 28519 31993 53681 58600 59185 90528 113960 126755 131661
126 2571 4031 6329 12469 14647 14867 16119 23954 26328 31342 50030 53160 55675 69914 103001 124040 129193 170143
1649 1822 2884 7918 10661 11531 15848 27302 34523 41219 41616 45425 51433 55788 56695 65836 80659 91449 227481
2400 2906 2976 4057 5591 12024 18668 20054 33323 35314 36954 48566 62813 75260 78248 90229 93918 99593 178279
1734 4945 6365 10104 14720 17549 18074 19462 28636 33960 35483 48808 56571 82076 84004 87730 103146 108570 116702
2862 4382 4904 6586 8447 10552 11946 12328 13864 20947 23521 23818 38086 57854 66035 86533 106329 114051 191042
1018 4624 9494 12281 17249 25081 28615 33544 34124 45277 47441 47967 49063 52221 59609 79457 84790 91365 109219
427 3570 4151 4794 12920 14145 15213 19207 20061 27050 31942 34949 40269 50114 55781 104550 106379 111353 142885
4832 8654 11035 15197 21174 21820 25951 31418 32110 35718 36346 36446 42261 59429 67788 67875 88381 106656 122550
2351 2796 3839 5670 6333 19913 22719 25674 27729 28313 41524 43818 47914 52695 56538 65491 88077 91236 198268
738 2983 3298 7675 14137 15551 21518 23789 29119 30159 33990 35343 40636 53302 76660 84280 84327 94230 170803
3235 8765 9539 9887 10276 15221 17817 17975 20059 35006 41628 50479 56690 63710 69152 88435 105238 114507 132163
2967 5790 7882 8888 10476 13459 20791 24986 33913 37764 45089 47059 51238 64537 70566 81227 82044 84828 128887
431 1332 4648 5323 12691 17237 21684 27574 31296 37208 50220 60328 62412 75032 77885 81117 83893 112529 119497
275 2923 4677 12614 14557 15299 18277 19097 26197 31166 32515 38562 48413 62052 66376 80681 123000 152748 155916
9270 9943 10434 10838 18434 20334 21617 24083 25370 29368 38534 48388 50036 58876 68841 77706 80407 108890 205158
1238 12274 13002 14804 17675 19208 28065 36774 37520 40532 40910 43121 46138 64406 65079 66405 73349 137341 159197
2276 9320 16737 18117 19110 19504 23396 29715 29945 32519 48165 57511 67847 72505 74227 81010 89062 92112 107479
2562 4417 9151 17296 20192 29598 32572 32674 34210 37417 38112 46445 51280 55137 61291 95964 105175 116485 140972
128 2675 2839 4045 12565 24142 32352 36859 39355 44886 46120 46209 50035 55178 60288 63846 68291 139998 188132
2639 8566 11955 14918 18034 19962 27152 28579 37786 46032 51196 52708 56854 70365 71809 76916 81581 90265 100308
701 5538 8832 9062 13397 14848 18248 18594 23504 34347 43880 52753 53654 57610 70539 70640 110645 134960 159267
7804 10942 11483 12999 13662 18507 26948 27217 30047 35601 51754 58742 65100 65218 67326 68416 96700 117010 118538
3017 4813 5100 10152 18003 19246 19273 20741 23453 24674 25349 25523 32971 35553 36744 50534 59658 139539 256609
2583 4150 4994 11923 16126 16673 19220 21871 26473 38870 39717 51726 57344 60086 68286 79117 95211 111173 150461
862 8987 9914 12466 16156 23846 27687 32321 37684 43690 44640 46458 47884 50645 54675 71951 73480 100976 117222
186 1862 2698 7006 9261 10983 14245 20209 20213 41950 55490 55739 56107 58484 78924 81217 99200 116143 120150
159 258 270 303 542 7715 10830 13191 14173 14581 31340 32710 45443 53620 74161 86287 145683 152767 192312
3339 6980 8810 12065 12514 12716 29840 32894 35064 39584 44212 44633 50367 51463 59283 70586 74753 104324 189870
8860 9432 16094 17135 19837 24999 29798 37914 41680 46820 55347 57728 58015 63400 70433 73496 81773 87552 97299
1981 7582 8275 10934 16789 16914 21406 22327 33636 37011 38547 41362 44833 48603 59114 67272 79585 89363 162040
1528 4276 10664 14887 16517 31909 31954 43242 43753 46012 46326 50719 56289 56988 62061 68169 73346 105122 121312
1102 9189 9365 9702 9984 13516 14726 16424 23861 29938 31429 40894 43532 46605 55657 80490 87347 138399 192352
2792 4074 4107 8736 11488 12338 13307 13697 20515 23294 34873 35009 52251 53686 60981 83729 93592 144095 200744
