1000 33 9
11991 25970 56011 67377 71249 87479 148077 154616 287401
1407 21990 31716 56422 88000 97385 100433 131881 378086
28941 30219 45000 71145 98840 103187 109637 186494 286532
6068 19388 36450 44529 79007 133034 136640 155589 291594
2099 7774 30286 80275 101819 121860 136886 145926 290902
10979 17897 42192 73309 75850 133447 148560 183409 239782
6105 14937 20818 45544 62539 109708 153490 167872 322623
63403 69832 82983 102660 110539 112543 127523 137291 149615
31375 39434 53663 63608 78559 80193 82792 122912 339740
4931 7748 56215 105911 126084 133338 137660 165695 204551
23776 30773 59158 82791 108498 117895 127823 182569 200126
14628 37953 54943 62890 63755 133950 147806 167084 243727
8785 12019 36991 67338 72855 91039 109136 140304 377304
11657 15090 86087 89747 101017 118218 153579 155572 191007
9011 40597 43064 56073 64776 91852 154425 192663 306781
15462 23526 49694 60031 84169 92242 105409 119919 345899
6274 8194 29565 44692 55628 87609 193397 234786 276631
2133 29845 33985 46774 62428 127924 162718 177678 311766
17794 28161 49368 86211 108793 113991 133012 175220 205912
15711 26865 38087 40442 110439 124179 136219 194303 277127
21512 30656 50239 50349 60963 87599 121136 248053 258898
5045 19744 29166 81287 109148 172532 174749 180507 189060
21689 30269 33106 41185 52702 88398 143827 188805 348678
843 3598 24546 46196 67797 93928 138282 259211 294404
20026 39927 42648 43611 78688 112093 137748 137764 317094
11296 22697 37325 83890 87049 106368 139291 187068 237121
2 7076 11975 35434 57026 70761 123416 270560 345423
13341 27056 62567 73391 76923 88890 112550 126309 324903
13851 20893 25075 32719 80569 85666 101507 142698 396802
7629 12276 18839 37803 46646 64254 162193 233871 369966
30153 38807 42807 44459 67855 86796 95997 189676 318416
19057 26414 31474 40325 71020 107305 167199 202969 259249
2947 7524 21971 54536 76755 115542 163106 199130 302780
