1000 14 37
385 479 863 926 1607 3038 4219 5259 5757 6027 7292 7709 11065 14045 14716 15030 16441 18314 18445 18691 20570 21037 21882 23430 26054 28858 30123 30889 36373 39365 43003 46996 61758 66528 84872 85468 135821
1386 3133 3306 3588 4370 6478 7964 8746 10059 12049 12313 13244 13535 14923 16008 16337 16773 16889 18289 18540 21544 29760 31279 31449 31539 33030 36060 38661 39385 42584 53588 55039 55326 58720 59350 60193 76868
596 737 805 1284 2002 2406 2430 2437 6157 6838 6870 8969 11571 13014 14882 15892 16841 18296 20942 21097 22564 24107 27444 28821 30300 30672 32077 32499 36565 38329 55267 55505 56373 57179 68780 88744 105992
2488 2682 3685 3809 3945 4351 6484 7094 7493 8841 9994 11862 12191 13032 13757 14339 14387 16387 17196 21057 27975 31611 32419 32484 38359 40252 40504 42554 42692 43692 43864 45279 46437 46488 51858 53251 109664
546 2257 3623 4047 4101 4141 4213 4876 5724 6572 7529 8000 11215 14460 14470 16072 16868 18016 20129 21665 21712 25606 25640 28642 31722 33734 34278 36061 45811 46037 51723 53663 59642 64425 67285 72050 98377
57 642 1410 2694 3023 3424 3813 4795 6593 7687 9372 11201 11514 11729 11840 12381 12796 15329 18125 19230 19557 19948 20224 20614 21581 24182 24657 27401 37242 38567 45930 46326 46973 65459 79324 81293 182742
1694 2144 2717 2742 2753 2793 5116 5427 5867 6349 7423 9325 10070 12156 12476 14333 14830 17280 19859 20025 21343 22043 24687 26458 27110 27936 35589 35596 39867 42121 59164 64983 66798 72766 75726 76463 89059
55 587 1226 2301 5375 6034 6713 7256 8109 9187 10266 10467 10600 11771 12216 13318 19507 20756 20879 20940 22518 22594 23382 24716 27088 28162 36004 42476 47923 50363 54786 56964 58786 61013 70826 76508 80315
56 472 650 705 1727 2532 2763 4452 4638 5390 5713 8420 9016 11764 12011 12365 14064 15629 19613 21703 22326 22410 26452 28363 32226 35506 35990 36069 40194 52496 55545 58041 58322 74407 75832 80913 94267
1459 1914 2669 3512 6330 6506 6974 8446 9812 10862 13050 13738 14804 15099 15297 15723 15835 16795 17075 17415 20436 24305 27209 28875 31159 31372 32111 34058 34928 37643 41033 46494 57821 61993 65684 76324 103653
921 1135 2084 2593 4391 5158 6150 6691 8557 8946 9616 9730 10472 12195 12803 13807 13818 14125 16162 17084 18954 20899 25128 25582 25892 25989 27485 29268 39934 42747 44502 48706 52123 64147 85717 103217 119308
1138 2639 3093 3455 3854 4712 4772 6489 6867 7188 8867 8875 11285 12396 12791 19375 21223 21454 21819 21847 23620 24988 25105 25289 25423 25427 27667 28741 35097 35174 45705 45820 67372 72881 78267 92863 94355
615 1971 3000 3075 3654 3704 4702 5696 6362 8406 9141 11628 13227 15961 16979 17350 17426 19227 21214 21476 23256 23464 23823 24507 28063 28943 29144 30694 40410 45291 46932 51500 60928 61045 63626 78458 115055
57 462 1212 2264 2344 2643 2667 6998 8074 9690 10278 10406 10896 12033 14616 15840 16086 16792 20399 20893 22830 24248 27633 28307 28767 29037 31935 32832 37959 39199 39474 40931 62690 63147 72120 73208 125341
