1000 38 33
140 251 3889 4317 5653 6842 7286 7389 8565 9021 9196 9641 9868 10279 10528 11435 15223 16869 19266 20994 21882 24414 35265 49319 52137 55403 55433 57043 58692 72316 74072 108614 144798
507 752 5662 6001 9699 10063 10807 11213 11903 12804 14833 14865 16420 16512 21409 23208 25966 27504 27930 28239 31373 32028 32326 37524 39673 41767 46463 49729 51105 60747 67975 87971 121945
1145 2149 3449 4027 4591 4888 5018 6089 6405 8882 10258 10772 11631 11959 13248 14100 14630 16447 17452 19102 19799 19901 20274 30476 32214 37174 38078 45838 88537 96911 104329 136343 138110
712 1941 3575 4394 5594 6104 6682 8449 9279 9884 10582 12165 12516 15317 16873 17022 17637 21044 30961 31383 33351 39346 39486 39795 43971 44108 44525 46423 54132 60335 86190 100648 121674
1191 1673 1886 3114 6432 7189 7480 8486 9382 9866 11219 11294 12999 14398 16813 19089 19787 19822 21307 24983 26588 27514 30932 35313 43081 45324 46004 58817 60801 62837 91014 109255 129522
137 535 2985 3337 3603 5058 8173 9784 10570 11136 12329 13126 13139 14051 15354 15719 16384 16789 19247 20767 20796 23181 23513 25685 26091 29498 30564 42919 53990 84104 107666 116193 198627
69 611 1116 3187 3997 6357 6730 7375 7380 7886 9014 14527 14625 15690 16536 18025 18661 19128 20671 24057 25827 32411 34667 38470 42426 51291 51891 54198 57701 67054 69483 92011 161353
291 797 905 1204 2514 3565 4141 5593 6806 7793 8657 15772 17605 19376 20701 23279 23847 24756 25731 28032 28243 33000 37522 39253 39556 45645 47901 58414 61315 73520 79339 101735 110093
258 1840 1915 2129 4140 5926 6314 10596 12085 12212 12462 13012 13311 15994 16854 17247 19081 21462 26470 28067 35524 36283 39216 41125 41986 43491 58888 60627 67788 75017 79733 79749 94598
2057 2407 3064 3488 4921 8375 9375 9649 9738 10098 10242 12417 13410 18505 21257 21823 23157 23993 25212 26785 28389 29394 29639 29978 35139 51700 53078 61198 65938 71297 90671 94001 96927
335 2221 3686 4517 7158 7499 7796 9396 11248 13268 13788 15413 16186 16561 20469 20966 21758 23303 26235 28242 29486 32293 34536 44393 50983 51861 59762 59893 67068 68915 71236 73412 82299
436 1371 1840 2013 2382 3954 5174 5473 8640 11191 11981 16623 16655 19476 19693 20239 23455 24647 27559 28783 31626 39090 40453 43929 45784 49708 50526 52699 53666 60828 65999 68511 141031
561 851 2570 3054 3087 3718 4913 5991 9917 11641 11699 15031 15747 16244 20832 27299 30650 31656 33094 35489 36155 43283 44471 45267 46693 46731 48888 49987 52559 63951 64727 77646 89293
890 1694 3003 4979 5176 6228 7367 8587 10015 10614 10976 10992 12409 14548 16236 17494 21978 23083 27551 27776 31445 35179 40550 48615 51589 53375 57067 66046 66630 67692 68776 83017 83539
1598 2970 3073 3359 4140 4514 6971 7344 8261 9025 10634 10819 11766 11910 14944 15580 17886 21466 23790 25102 26385 29757 35700 38162 45132 52717 52813 56194 64060 74376 98289 100597 107130
146 2503 4498 4586 5086 6522 6707 8183 11204 12270 12823 13455 13884 14571 14840 15117 19061 19842 21564 23291 25637 27270 32260 33505 37698 40448 45349 63888 66588 77958 88124 97349 128635
1694 1695 1704 4230 7399 7492 10033 11156 12952 13480 14793 16238 17491 18568 19423 22677 24387 26232 26490 28991 29689 30606 34635 35015 35370 38112 41572 43377 44170 62953 85944 98880 127920
31 3094 4003 4139 6207 6810 8027 9019 10961 11993 13048 17171 17207 18572 22239 23375 25572 26482 27105 29670 34281 35792 36297 36731 46744 47257 51082 53217 53990 58160 58490 86667 111845
656 1328 1949 5150 7645 8548 9843 10061 10611 13563 14992 15323 16108 16449 16683 18211 18479 20647 22423 23068 26539 27779 33846 35551 36856 39200 41665 45121 68212 75581 80871 102130 132501
459 2300 3182 3346 6504 6757 7879 8516 9841 10148 11821 12611 12934 13473 14608 18761 18958 20037 23705 25926 32099 33359 42902 43976 46614 53917 55774 59904 68958 76740 77895 78181 95327
31 657 672 1136 1164 1554 2315 2893 4874 5341 8648 9671 13385 17197 18449 20994 21529 21766 28609 29108 30982 32939 34450 35447 36500 42669 48267 56358 61453 69668 77430 99395 160420
211 1568 3032 3217 4952 6282 6832 10778 12827 17667 17784 18514 22419 22473 23846 24645 25072 25893 25899 28170 28310 29617 30487 30736 31451 31767 36467 39408 40161 45748 65149 124369 158154
713 1222 4532 4788 6027 8604 10410 10432 11882 12046 12218 13233 14244 17554 20107 21477 22344 24752 25392 29766 30793 32332 36678 41858 47693 52707 59773 63647 63932 65795 67760 68190 90898
2374 2407 4612 6661 7797 8045 10021 10591 12144 14323 17048 18592 19523 20246 20262 21084 21337 22770 24505 25039 25185 25367 25429 32082 34096 34864 39599 40141 50454 68999 101351 109907 119600
581 1141 3269 3530 4393 6478 6629 8238 9039 9373 11717 12415 12620 12833 14466 15982 17191 20863 20984 21157 29368 32244 41213 42349 45347 48160 51985 63883 70102 71373 78606 92013 114139
235 1699 3444 3732 5087 6786 8349 9548 10846 11772 12820 13070 14051 22598 25216 25521 26521 27085 27460 27468 27634 28586 30519 33044 34301 43637 45203 50339 60638 74557 77832 94805 112836
118 2933 4225 4798 7349 10849 11614 12362 12415 12978 13382 14623 14990 15244 15272 16110 21619 22505 24334 24684 26534 26794 30658 37028 38275 39369 44503 49532 50617 63739 75986 112000 138659
3134 7728 8182 8915 9582 9599 10117 10418 11503 13193 13812 15563 17354 18485 20121 20516 21004 21532 21562 22240 26203 26234 27110 27728 31884 32410 34554 43041 47719 50868 96012 98769 167313
1250 2555 3663 3722 3736 4225 5691 6172 9616 10479 13740 13825 19666 21229 24255 27677 29045 34564 36970 37982 38018 38905 42094 42630 49756 50091 50467 51853 54552 59422 66421 67305 74385
1022 1539 2838 2880 3496 4463 4772 5320 8234 8855 9208 9844 9933 10657 19551 19835 26881 29414 29788 33783 34118 34581 35507 37933 42033 42739 44064 52241 64522 73021 74495 88449 127828
1746 2038 2143 3476 7570 7627 8286 9467 10149 10972 11838 12763 13782 14002 14387 16836 17290 22880 23481 30042 30315 32886 35441 39899 42795 43920 53371 58356 59515 65727 82648 92990 115089
1335 4280 4595 5398 6105 6868 7913 8068 8235 9112 9750 10323 10400 14911 18260 18951 20521 22016 22859 24744 32307 36066 37112 43217 48819 50115 53752 56402 58858 64176 85850 87273 105832
2873 3803 5667 7434 9685 13550 14793 15029 16107 16587 19613 20606 20817 20874 22422 25932 26819 28271 29184 30814 31438 32711 32760 35716 37345 37596 39707 40465 42627 59816 81898 82749 87869
159 688 866 2790 3635 4106 4867 5354 6538 7353 8565 9928 12657 13397 15192 16783 17456 18065 18201 23873 30323 34983 36366 42192 44923 54138 56290 59794 67383 69032 71708 81779 156026
504 587 960 1001 1502 1598 1910 1925 3866 3934 4929 5729 6005 7767 8053 12913 17437 20733 25418 27960 35910 37918 38327 40900 51978 54643 60529 64713 66203 74560 96072 99300 121460
411 1247 1652 2341 3585 4179 4705 8048 8050 8661 9480 11801 12928 13707 14438 14667 16771 24887 27444 29492 29774 33230 35608 36056 42414 45141 48752 63211 68569 78110 79932 84526 131052
645 675 1894 2077 3855 3940 4275 5944 7088 9901 19045 21720 23775 24072 24817 26281 29321 30512 30833 31542 33009 38010 38402 38507 39313 49741 50346 57204 60431 64239 69840 70397 85446
1306 1355 3575 4355 4410 4563 5849 6420 6502 7200 7846 8921 9613 10796 14850 16372 18606 18690 18731 20065 31927 41091 41106 47299 47331 48787 53608 54417 63389 64107 93157 100400 121001
