1000 28 17
10754 11224 17589 17657 19179 20967 30128 31348 35514 45414 52380 64741 76454 77901 79210 91439 147519
3468 6351 11505 12876 13234 13396 15478 22779 34110 34475 44373 45788 74787 75171 127700 130467 165945
728 1729 2586 13860 14704 15804 17352 17382 22746 23726 41745 50715 54754 65097 65862 137479 206559
115 2458 6594 8486 10828 14372 17714 17799 35016 38284 40037 51043 58217 93712 102684 123125 207279
2884 9505 13558 16453 18143 21306 31947 34229 35108 37244 41205 45086 59523 89891 101798 118740 127138
6069 10467 13454 14637 18273 18411 28255 37021 41832 43125 45696 53976 56283 59844 84333 85529 100290
500 5292 6805 8733 10268 15838 22879 27172 34387 46022 61762 61817 64894 70539 101881 104089 118736
3200 7744 9283 11693 13254 13302 18183 22096 25953 37291 46320 46836 51523 56138 57671 85645 205246
548 662 4333 7895 9081 10760 23143 23995 26818 31808 34174 35304 48487 51440 105196 145469 181828
3346 7092 10715 15802 21580 26088 27206 29395 40256 44194 54020 59492 60500 85390 91892 134008 167881
4813 5017 12287 13191 14453 19505 23619 26481 32236 39395 41391 58046 65294 70456 90930 147052 182782
3718 3786 6400 6802 8808 11546 27176 51449 54308 59466 61039 64773 70145 71961 87507 88260 154005
1264 10945 12376 12691 20655 23171 24419 26836 28147 42948 51074 56121 58886 65100 65892 82906 167460
3559 4347 6425 8649 13178 15927 19007 30640 32231 34579 39440 67479 68092 95724 110793 134307 143424
5320 8103 17627 22813 23987 25302 32745 39916 44628 49469 49642 50750 54009 71652 77735 102518 114864
6297 11881 19048 20486 20677 21513 31142 34993 37029 38987 42418 48270 55056 65541 101454 129876 214709
7598 14801 29595 31659 38202 39604 40509 43136 46062 52305 56432 58350 59293 64534 76657 80214 123990
985 1089 10365 28130 31073 32169 33840 40765 50907 52997 59539 65879 70074 77890 84855 119120 132141
2893 11049 11364 27003 28586 34844 36248 40040 43764 52304 53668 61562 66359 88984 92994 107181 119238
1568 1693 2086 2660 9569 14342 17337 20571 21667 34995 35340 51124 105060 120518 128013 136242 190499
61 2458 9174 9633 17719 23221 25722 36641 37463 39532 41831 42262 53883 79629 100933 105844 123209
3739 3758 8920 10356 12106 12510 17999 20955 28827 30471 33370 60631 79517 88273 91172 181991 199004
1297 5022 7057 7156 7804 10575 11345 18212 27750 37121 42813 94746 95541 102117 105604 134034 184923
10018 12743 17162 17544 18270 22632 24501 25970 26957 31460 35090 43857 45040 50371 63634 209108 211407
3597 5572 6364 22200 22920 25270 27154 36963 40480 49766 49810 54384 56994 77600 84112 97888 118061
1467 1899 6059 9286 11861 15007 17468 25394 36175 53318 53881 58911 60371 71416 106757 107846 111211
721 4897 7938 8131 8861 9253 17532 18822 26037 35006 38142 53802 69704 73270 105674 113323 170646
5302 6519 8799 8890 12309 12890 23821 26742 37952 40859 55673 58930 62363 74944 99845 100538 104306
