1000 33 8
8111 11041 22971 24084 65447 141079 194508 310017
12752 14222 33967 58412 76965 118343 155086 312515
18222 38016 71917 75585 80523 89946 99706 213383
29134 39966 69953 77749 87271 88116 104950 307962
10756 37447 55533 91062 95423 116337 127342 219818
17295 25801 29629 45137 60364 97590 190535 356885
3589 27665 69255 85850 124921 148296 151491 282456
9464 24669 35101 69855 77229 99187 188975 247592
12393 18470 24107 26497 55278 90921 253791 350472
25730 29861 53435 58770 66968 72872 77672 298968
31940 58853 79860 86959 91613 118789 127800 250778
8723 16524 27241 57655 62751 147095 196472 216192
5638 32605 54748 59437 85535 133987 140061 276037
8254 10095 29974 55242 58520 104511 113161 328638
24742 38346 72616 72628 106987 131300 193925 206535
692 49098 51847 78502 131805 142989 161708 165099
9256 28268 41745 90256 102554 111426 147218 166952
18149 26608 38724 61784 66394 137499 223760 249574
883 9419 11289 38285 102671 160597 245799 322126
14944 44216 61159 61933 96174 104531 106126 217618
658 10910 32293 53787 120392 142085 211491 222242
7385 15797 36434 46353 71340 138244 150391 265281
23355 31191 57203 58773 101683 128705 188579 200779
562 17036 34789 69077 89894 91635 200190 329509
16009 21866 45075 60984 86418 87290 108217 459542
20003 36397 37410 38555 89028 102441 187056 215671
2616 18909 24767 44631 153797 179248 215855 218304
11215 20549 51257 53366 55556 77210 210561 253334
49545 75416 80524 88369 97264 114645 147027 188792
5287 5437 23682 73220 88461 98212 194685 363600
35183 38302 41760 75977 82961 112521 127978 331859
3199 3995 55452 102257 111991 122800 144403 237030
17449 64099 64790 72011 91804 148253 207515 216394
