1000 42 23
288 1612 7757 9116 14323 15812 15965 16805 17885 18066 19662 20582 21891 27804 32084 37303 45272 52021 58128 70844 74945 76575 100957
1016 2977 9240 10722 11382 12645 16757 16811 26075 27371 28317 28881 29413 31320 32143 36706 36847 46484 68593 69522 69608 110034 111916
3762 4954 5658 6946 10930 12137 17723 21709 21767 23860 24823 29687 31636 32465 38394 48161 49164 49716 57823 64248 65687 76416 150811
5202 7213 8618 8677 10163 14910 15750 18583 21601 24322 26931 27755 32689 34915 35177 36885 37499 40759 47205 54422 65254 102923 133504
105 1832 2300 4694 8759 9267 10020 10812 14305 20490 21531 22667 24164 29376 30963 46267 46462 46637 52467 61619 64215 85731 106345
1507 3206 3371 3457 4327 7595 8244 8497 10707 12398 12535 21973 22963 23262 24470 24652 25842 27587 36227 58522 82472 119944 185501
2739 7064 7275 10976 11005 11844 14178 21414 23194 27462 28095 29071 29095 34088 34903 37593 41182 43206 50006 54956 60764 64752 107578
2528 2655 5422 5641 11574 12046 14208 14561 15554 19793 27159 29439 31881 33919 34729 37934 53880 54251 58368 82348 85777 97191 104953
5697 6162 8177 8638 13871 14210 18585 19968 20368 25463 26488 26995 31236 40231 40847 43993 49225 52922 68629 69631 80481 88068 111265
863 1060 4013 4458 4799 6485 7710 9895 11625 12468 12664 14240 19083 19593 45557 45571 55918 58112 58397 78966 79783 89708 115555
57 1112 2436 3166 3226 7779 8655 13042 15791 16157 16861 17777 24637 29323 29548 33697 35390 53963 55680 59653 64452 109001 179375
884 2181 3023 3475 7392 9387 12006 13201 13497 15345 18183 23333 31791 32557 33274 34691 35348 47620 56802 64089 71636 102850 158369
139 746 5907 7013 7423 10274 10490 13249 13640 14348 16844 18180 18426 20386 22703 23141 25000 25629 32201 70068 70517 85790 191465
506 1776 6454 7082 7162 10539 11081 14177 19819 21060 22735 27353 27604 30713 31240 35626 35894 50811 52837 74557 85084 86753 96715
244 1901 4254 8459 9536 12034 15312 21413 21692 23600 23757 25751 26995 33839 43756 43770 44302 45087 53560 60538 62552 74217 104743
488 2401 3094 7535 7718 8077 9245 12663 14031 15376 16925 21014 23860 27327 28472 39807 42597 44684 56438 73041 77927 88691 95465
2525 6337 6911 7558 8009 10023 10035 12484 12946 16130 18028 19444 20304 20700 27442 35795 44535 56612 58425 76716 82987 92397 185508
2019 2868 3103 3416 6832 7753 9970 11465 11655 13565 14488 17304 28732 29714 34153 40165 41088 55412 64267 66975 85457 87111 134613
48 3101 3973 6824 8260 10807 12151 12824 12896 15928 16523 18817 21127 22135 24634 26149 27289 32344 40140 49936 68731 88820 229397
288 3411 4268 9458 10824 13216 13773 16292 16667 16878 17270 17686 18975 20697 21051 24103 27536 29568 48409 113127 118447 121698 126180
2221 2480 4064 4718 5742 11474 11780 13630 14095 14784 16494 22239 25221 30813 31451 32341 33046 40155 41756 61931 64055 79291 160716
1045 2716 2970 3940 6962 11063 12149 13902 15109 21124 23452 23561 33838 37275 39735 51600 53167 60854 69703 74301 92073 92513 101962
5905 6009 7562 8856 10646 12062 12652 15564 18275 18385 20258 25383 25638 30674 31842 43499 48325 48571 54858 55092 69158 83408 157303
221 1624 3646 4870 6942 10633 11143 13027 13462 14750 16420 21640 22255 24437 30681 34148 56924 62395 63741 74784 94468 118095 172641
1205 2280 3457 3936 4484 4942 5458 5521 8615 11560 11763 18709 19002 20108 31154 32952 54120 57923 58976 71089 81044 102361 133523
66 798 2276 6982 9147 19110 20739 22968 24369 32520 33340 35806 35859 37053 41953 44994 45854 46514 48613 52682 69898 80412 96159
1340 4702 10161 12079 12216 17233 18764 19469 20004 27381 27773 28149 29033 31757 43652 44923 51858 65789 67700 68553 71196 75384 100622
1655 3376 8392 10205 12131 12218 12741 15227 19279 19376 19438 20246 25582 29819 34173 36934 38805 38971 48887 48945 58567 63882 157907
693 1774 2197 2907 4666 5506 7500 10080 16234 16990 20375 23088 24406 26557 29879 35632 45550 48113 54535 56605 63785 112664 137529
294 434 3828 5318 7077 8520 11536 14807 15000 18753 29852 32093 33157 33523 42455 45101 48224 61033 65356 67196 70742 82056 135465
1448 2097 3174 5678 7323 8540 12023 12148 15556 21048 23456 29289 29638 32485 33508 33710 37938 38516 41273 43683 69922 85330 138058
1899 2534 3711 3831 4239 4818 5217 6345 9945 11445 12613 14626 34207 36941 38723 40261 40600 49941 56423 60629 69489 81870 118485
406 6913 9536 10101 11162 12095 12927 13369 16069 17212 17369 22075 23994 25949 27911 35127 41741 48859 55462 67215 83516 89910 108049
3206 4565 5071 7111 7419 12792 18105 19514 25005 25103 25664 28817 31920 34584 37292 37941 42564 45611 53110 58075 82615 101349 111768
3696 3708 5005 5388 7895 12869 13686 13982 16421 26560 26795 28046 28252 28688 30297 39228 48524 60801 69811 70515 72270 77052 100983
1412 1938 4016 4579 6391 8122 11649 11830 11906 12598 18187 22300 22543 29860 31506 35471 43126 62059 66976 95666 98585 107432 117696
1597 5441 6317 7317 7835 8555 10220 16123 16226 16993 20489 23742 26440 27719 28885 36016 38300 60261 86682 92526 94642 94689 96160
32 472 2391 3863 6081 6235 6719 7589 9785 14302 14454 17990 20627 35940 43617 44948 49973 54309 58605 63549 66420 99975 167276
22 1193 2499 4486 6890 8076 13067 13488 18307 20105 21282 24434 24699 27973 38338 42802 46916 57563 60017 62297 96635 99802 164208
376 1023 2868 3096 3518 4188 6791 7580 12224 14307 15721 24648 26940 28838 29126 36298 43077 56587 78376 81414 105186 109206 182761
1069 2729 5577 6992 7492 25524 25798 26609 27027 27545 29393 34737 36205 37671 41561 45354 46014 53994 56509 64569 75438 88050 96157
8214 9999 10566 13044 14808 16306 17323 19727 20835 21961 22227 22545 24734 27379 31633 35171 39492 50888 55876 58879 76372 84026 133760
