1000 23 27
169 1235 1879 1893 2016 3018 6101 7335 10621 14464 15802 17979 18480 18641 20126 21238 23037 25866 26850 80168 80977 81338 84369 95719 103134 108468 124475
256 1151 4527 4600 7198 9978 13515 14080 15757 16012 20071 20701 23715 31335 31538 33563 35625 35677 46260 46353 56458 58063 72583 87058 92702 96511 122074
633 3438 5912 6670 9031 9152 9251 9378 10230 11135 12449 12516 18184 22238 22287 26628 33989 37917 40539 41129 45349 46967 50910 67439 95132 114138 235085
323 593 1125 1590 1713 2659 3075 5532 9176 16995 20846 21587 21816 21892 22519 28227 31988 32872 39913 42614 46215 60881 76240 87117 91842 149788 157889
168 365 698 2883 5997 8872 9482 12399 13008 15790 17223 21840 22595 23491 24611 28621 29415 30694 39528 40303 45975 47208 82011 89646 115417 133711 133733
826 3166 8685 9807 9892 10390 14475 18894 19851 24992 25719 25900 26091 28153 32929 33378 36565 39687 39914 45119 48612 49579 63830 80197 80930 109587 110583
525 704 5281 5318 9014 13537 14165 14507 17834 19074 19505 22247 22966 38861 40441 40674 41784 41821 46101 47036 51354 52406 55101 82952 94373 96578 102802
1249 1416 1777 4082 5521 6673 9246 10855 13644 16081 18297 25204 25341 26398 26638 30970 36771 44739 46004 46062 46945 53998 63924 88358 96650 117547 133516
2786 2792 3348 3575 8049 9156 12944 14088 16301 18861 23354 26523 27109 30736 33796 35021 44414 47083 54673 55641 55852 56716 59652 73901 74453 94788 111931
1134 1195 2626 5435 5595 6061 6560 7797 11543 12187 16888 17328 19858 20744 26421 26948 33428 36040 52307 55623 67670 72258 84538 88402 91268 101993 123544
678 1182 4103 8540 9495 10873 10895 13776 16203 16207 16969 17249 17350 21839 27187 34891 37191 37496 51864 57977 62423 70066 72905 73343 92695 103991 110022
134 1959 2131 2255 5179 9864 15583 16190 17441 20451 21928 25954 26817 27359 30264 30516 33953 40716 42436 46904 54450 55388 71358 93960 94914 99603 108825
558 2149 2254 2559 6819 6890 7225 9070 11785 15357 16969 19370 20847 23172 26363 27020 32079 41042 49616 55037 59518 60437 71627 99428 99650 108161 121804
2304 6999 7055 7183 8548 9078 10173 11008 13252 13920 15012 17150 18677 20300 23346 24109 34290 36274 37389 47887 51377 63292 68777 70008 73209 107938 199484
876 1407 4606 5616 5676 8172 14108 15872 16352 17874 21622 22983 23701 24801 26777 28838 36117 41489 43115 44963 51098 54408 56032 60680 71151 118207 179900
459 465 1886 2432 3446 5788 7135 8185 8211 10053 13890 19909 20514 29880 33655 40216 41625 43298 46624 54722 57091 58042 61019 65317 89223 127050 145540
819 1303 4696 4996 5712 6684 11763 15297 16077 16813 20751 32584 33787 34670 37427 37816 43031 46203 48530 49935 50965 53003 53904 65771 82139 100908 122173
191 1889 3577 7979 10788 11186 16124 18531 20400 22530 22844 23658 23933 29299 32737 43902 46684 48007 51634 53387 56529 56871 59442 69431 69945 84661 111811
136 561 1021 3250 4196 5698 7483 8148 8566 10970 15312 16385 16570 16817 19306 23380 28597 38435 40508 48918 48974 74159 76954 96162 96501 103343 187571
2212 3114 3329 5299 6308 7410 7613 9280 9905 10196 12259 12678 15370 17366 17366 19466 26846 29035 31722 44617 51979 69395 70078 91232 98214 133094 192483
6207 6790 11114 11808 12180 13326 13889 14130 14895 18922 28235 28525 34995 35078 38075 41316 41317 42554 46374 46545 48440 51458 60176 63674 77531 92581 97901
409 5477 6870 7840 8014 8648 9863 14235 16100 16858 17273 18214 19319 20336 20942 24661 36045 39768 40104 49044 51333 62455 68103 76717 106747 112322 139811
110 2370 6453 6907 10766 13461 14432 16037 17732 19131 20002 21817 24322 34447 36004 37546 39777 40261 43814 44795 46204 51409 61589 68276 89284 100006 128057
