1000 34 42
414 1348 1641 2183 2708 3205 3243 3311 3743 4994 5217 6307 6966 8115 9042 9131 9722 10024 11905 11937 12168 12720 13416 13852 15332 17557 17694 20473 21340 21427 22809 25910 27012 31363 33833 34200 35828 37129 47964 52128 64611 67984
460 964 2265 2415 2679 3189 3496 3806 3856 3893 4264 4896 7154 8874 8902 9251 9310 10232 11585 11631 11700 12196 12672 13847 14577 14824 15267 15358 17114 18201 19050 20361 20952 21683 22203 26933 32478 42315 55415 55616 58606 67156
365 379 629 666 1087 2572 3853 3942 4718 4894 5116 5565 5880 6191 7318 7547 9114 11654 14387 14410 15625 15635 16259 16450 16593 17347 18364 19011 19288 21841 22845 23626 24133 24663 24803 25741 26705 33343 35071 35774 57615 99742
7 59 1398 2296 3498 3663 4486 4941 5154 5664 6142 6508 7087 7489 7639 8049 9278 10976 11620 11683 13864 14333 15231 15952 16590 19135 20721 20935 22606 24765 25043 26106 28984 30220 32536 36014 36920 42083 44297 49640 63933 144202
43 443 1436 1733 1880 1892 3496 4463 4695 5760 6080 6180 8602 9217 9907 10955 11800 11804 12630 14087 14332 16774 17033 17065 17310 17732 17745 18447 19773 20578 23581 25124 26676 27630 30189 32227 33691 38444 38672 38771 38968 54543
584 696 1017 1802 2084 2344 4879 5663 6255 7081 7703 7897 8496 8562 10163 11448 11520 11658 12195 12306 13143 13173 13237 13784 13847 15947 16307 16429 16781 18388 19496 21116 21890 25141 26080 28420 32378 35806 45591 45898 61867 66691
309 1210 1464 1599 1879 2100 2563 3083 3321 3417 3442 5956 6023 6683 7690 9280 9991 11436 12275 13564 14861 15744 15763 16396 17757 18609 18919 19508 20787 21231 23836 26733 29838 30030 35140 38853 38965 39765 46971 50368 53487 59801
1101 1558 2746 2908 3142 3155 3361 3588 4111 4117 4537 5133 5506 5613 5747 6686 6917 7606 7618 8941 9604 10705 11111 11191 12085 13141 13503 14463 16826 18187 18993 20761 22272 24278 24911 25718 28637 31209 37034 73026 74240 82697
486 1970 2896 3400 4100 4128 4682 6386 6736 6749 7561 7570 8791 9227 9554 9780 10265 10590 10671 12198 14095 15589 15953 17273 17879 19736 21482 21817 23401 24608 25238 25683 28783 29896 36573 40454 41828 46199 55172 60345 71703 78498
247 1134 1645 1739 2034 2577 2644 2681 2745 3013 3276 3514 4195 5008 5808 5985 7706 7751 7755 8669 8835 10092 10404 10478 11237 11611 13441 13945 18313 19088 20366 20995 25627 28142 29542 33204 39477 48119 48637 54793 60593 80094
507 612 1971 2189 3836 4048 4546 5174 5769 6189 6317 6342 6764 6830 7968 8134 8523 8838 9805 10723 11063 12881 13053 13896 14514 17214 18094 18920 19962 20244 20689 20904 21038 25252 25533 30036 30431 34720 39666 42270 45815 53402
297 2193 2501 2563 3314 3571 4155 4974 5429 6004 6205 6558 8317 8317 8432 8617 9660 9915 10328 11539 12815 13382 13677 13868 14674 16362 17964 20718 21200 23470 26300 28083 30559 33072 33350 38509 47076 52651 54141 59403 61848 91181
95 106 923 1669 2004 3348 3517 4066 4317 5330 5440 5577 5863 6085 6254 6650 6724 7782 7841 7965 8273 8666 9216 12060 15055 17378 18359 18580 24351 24647 27027 27207 28985 29046 34460 37116 38122 41753 44138 53472 57749 59748
455 708 856 920 2901 2968 3372 3581 5225 5392 5849 6225 7743 8082 8530 9240 9382 9964 10044 11337 11616 12204 12635 14314 14952 15090 15338 15594 16710 17620 18047 18671 18873 19499 24435 26260 26490 28213 28877 49276 57521 66476
1271 1647 2227 2309 2468 2624 2756 3122 4341 4550 4966 5364 5846 6636 6992 7708 8282 8664 8751 9874 10866 11328 11480 13170 14339 15168 16159 17364 17936 18470 22205 22337 22879 24941 29454 33590 37233 37423 40960 43856 62663 67670
276 340 343 451 1313 2374 2418 3192 3343 4795 5640 5763 5844 6926 8287 8849 10529 10657 13401 14524 15982 17095 17438 17842 18771 22921 22924 23206 25767 26883 30126 32650 33543 36656 36828 38253 39541 39550 44892 50457 54523 61223
93 396 1319 1350 1492 1767 2356 2416 2434 2664 3735 6224 6903 7057 7488 8377 8827 9333 9826 11451 11788 12222 12475 13123 13536 14586 15064 16978 17717 18898 22131 24185 26860 31215 33673 36189 36651 38710 42371 44079 53984 68112
360 632 1388 2314 2428 2778 3138 3920 4202 4566 5413 6230 7113 7346 8101 8575 9188 10527 12429 13013 13036 13235 15692 17443 18719 20046 27699 29266 29284 29893 30276 32004 32286 34346 39070 39497 39647 40131 46196 50239 57215 79768
751 1889 1900 2203 2259 2784 3151 3412 3860 4275 4878 5785 6276 6553 7977 9001 9436 10309 10420 11053 11639 12866 13070 14315 17993 18686 19162 20674 21328 22042 23931 27711 28111 33840 34430 35079 35301 35676 40349 47223 48813 49038
264 789 808 1500 1945 2750 3026 3335 3617 3878 5170 5429 6786 6828 7667 7796 8913 8916 8952 8976 9747 10907 11133 12258 13512 15383 16131 18605 18979 21151 22194 24595 24740 30541 30845 31843 32229 42138 42558 43427 55351 63021
38 692 1278 2025 2742 3034 3419 4440 5779 5882 7641 8546 8687 8976 10564 11200 11592 11699 11951 12895 13069 14720 14977 15585 16046 16978 18616 21083 23182 24944 28544 29107 32396 35792 39029 42037 42400 48424 48501 49901 59708 67126
38 522 1267 2601 3362 3586 3810 3826 4529 4661 4830 4950 5006 5104 5863 7327 8055 10479 10754 12198 13522 14353 14853 16525 16975 17595 17678 17920 18248 22794 23292 23298 25342 25375 29656 31399 32319 38602 41409 45405 55090 64129
746 904 1105 1331 1971 2648 3511 4019 4442 5480 5918 5970 7360 9265 9405 9842 9884 10091 12044 13013 13194 13781 14597 15546 15737 17603 17860 18074 18282 18311 21221 24231 25892 33381 36137 36781 44457 45229 47907 47932 56691 114320
212 336 436 989 1061 2253 3174 3262 3313 4578 5020 5068 5136 6294 6298 6455 6710 8635 9184 10011 11035 11267 12473 15570 17552 19921 21215 22046 22550 24989 25888 25947 26752 30830 31231 36153 39907 43014 52804 57444 69658 79980
35 437 973 1264 1534 1976 2957 3573 3724 4244 4270 7221 7408 8321 8404 8640 9473 9497 12626 13584 13879 15044 16234 16446 18224 19421 22350 23219 23562 23663 31989 32099 33955 36908 38227 39961 44735 44811 47353 54259 59608 83878
438 452 588 762 1889 2449 2464 2673 4581 4680 5274 5317 5329 5826 6469 6540 7664 7844 8567 8633 9552 9974 10292 10627 13147 17807 17997 21650 26017 26109 27016 27704 28578 30791 30814 32281 34795 40927 51259 58327 63480 72392
75 2451 2932 4087 4347 4418 4938 5006 7016 7539 7610 7924 8355 8575 9226 11299 12589 14663 14893 15704 16249 16462 16638 16782 18486 19845 20056 21821 22882 22897 23013 23479 27535 29294 32947 33837 35158 38643 44668 46069 54446 56943
30 1275 1367 1618 1964 2540 2662 3256 3713 3756 4991 5731 5895 6071 6920 7397 9983 10214 12245 12906 15667 16908 18371 18500 18819 19886 20623 21310 21415 26078 27845 28079 30766 32531 32576 33261 38689 40620 41276 48328 54130 71013
17 153 525 1082 1260 1925 2480 2520 3743 3852 4682 5553 6483 6698 7440 8022 8970 9513 10652 12011 12613 13887 15172 15196 15392 15849 16666 17483 18283 18981 19535 20149 20440 26355 28218 30992 31138 35613 37778 50964 50986 58246
190 408 895 913 1179 1399 2185 2791 2792 4895 5769 5800 7033 7616 7632 7698 7966 8488 9769 9781 10218 11128 12351 12455 13471 13879 14722 15474 15772 17956 20584 20940 22517 23169 27207 28059 29534 31075 33352 37821 46073 89313
600 1097 1672 2043 2626 2688 3376 4306 6400 6702 7648 7752 8386 10754 11689 12791 13128 14029 15381 15530 15693 17788 18718 20942 21721 23201 23503 23886 23996 24382 24521 24825 25698 25719 27030 29831 32998 33004 33825 57486 67589 82818
1334 1628 2759 2860 3959 4605 5038 5304 5887 6690 6739 6915 7092 7643 8270 9302 10260 10614 10928 11109 11898 12029 12088 12157 12332 12842 15826 16253 21804 22411 24681 24691 25748 26452 30008 34227 34474 42059 43834 45009 61479 89000
224 1106 1138 1314 2157 3087 3120 3192 3513 4280 4512 4573 4661 7805 9547 9692 10510 10862 11161 11620 12157 13661 16903 17063 18041 18352 18472 19142 19515 19877 22182 22595 23355 23968 25112 26937 28943 30759 31956 38290 46632 149550
1067 1374 1603 1936 2526 3033 3671 4539 4564 4647 5145 5510 5536 6540 7836 8980 10156 10458 10848 11535 12397 12440 12777 13018 13716 14778 15069 15960 17748 19266 19322 24385 25967 28405 29502 29690 34869 42115 48591 53941 66597 73961
