1000 42 43
271 276 2408 2643 2655 3494 3603 3755 4626 4702 4922 4985 5855 6843 7467 9022 9146 11143 11192 14247 14785 15823 15882 16074 17825 19950 20323 22547 24020 24491 25371 28131 33928 39803 42154 43024 43730 43968 47769 49148 55585 59127 136597
231 1175 2204 2642 2964 3843 4014 4671 4812 5890 5942 6842 7013 8040 9481 10153 11153 11692 14142 14601 15259 15702 18917 19290 21493 21709 22109 22519 24464 25760 26531 33308 33652 34466 34816 35105 36926 39132 45273 48535 57597 60721 65583
426 664 830 969 2423 3457 4042 4857 4936 5775 6556 7343 7432 9445 10427 10910 10955 11319 11599 12204 12206 12546 14086 14928 17777 19973 19976 23491 25195 25267 26184 29036 30065 31216 36577 41022 42353 48730 50871 52570 54888 60691 84501
191 285 503 549 776 1274 1305 2146 2563 6606 6948 7979 8173 9914 10871 11098 11120 11776 12662 12807 15730 17978 18032 18703 19477 19701 20820 22662 25921 26345 27676 32649 34764 35915 38421 40755 41267 41759 43360 54275 62040 86940 92502
86 807 1943 2214 2436 3169 3820 4697 4885 5010 6400 6545 7504 7823 7910 8344 10140 10272 10566 12537 13775 17223 18364 18432 18947 20878 21298 23067 25618 27055 32307 32712 33257 38746 39531 44115 47288 49844 53108 53896 55011 67293 83215
595 944 1348 1750 2285 3157 3306 4684 5182 5493 5612 5619 5816 8666 8733 9354 10518 10705 11062 14103 14231 14601 14881 16215 16953 18167 19100 25207 25831 29090 29847 33200 35172 35678 41174 42517 43888 44414 45115 51181 57182 66032 82148
59 1817 2009 2351 3275 3400 4737 5658 6364 6572 7022 7390 7809 9172 9579 11408 11519 12128 15102 15727 17197 18148 18602 19513 19514 19751 19832 20004 22866 25783 26428 27426 32149 34771 35237 38236 43974 46216 46336 46512 50931 52951 62230
469 651 749 1061 2808 3419 3671 3791 4070 4236 5584 5971 6173 6786 6953 6986 9221 10288 10766 13191 13814 14284 16201 16544 18475 19229 20695 20923 21828 22287 22437 22626 23691 26675 33533 39062 50085 56651 60408 63896 70203 79185 95987
1425 2325 2411 3034 3139 3730 4975 5155 6254 6370 6957 7483 7505 7991 8731 8756 8946 9831 10100 10826 11542 12989 14425 14491 15668 17464 18590 23466 23724 24123 24132 24461 27213 27804 29113 30743 31981 36830 41946 48734 78502 108578 141007
981 1084 1086 1975 2583 3936 5011 5414 5452 5813 6719 6876 8001 8881 9039 9070 9592 9657 10086 12243 12298 12636 12952 16155 16976 17448 18478 19269 21022 23445 23795 25399 28030 31307 32416 36544 36969 39214 46658 47792 71621 79874 124919
609 672 1416 1432 2369 2375 3264 4784 5621 5667 6045 6209 6329 6668 6921 7021 10441 10937 11369 12010 12988 13353 13746 16066 18595 19729 19827 20311 22037 22467 23560 24841 27296 27641 36586 36984 43438 45156 46175 47207 72798 75916 100464
105 346 1834 1841 2483 2969 3664 3684 5733 6372 7226 7418 7723 9384 9889 10006 10397 11059 11722 12040 12246 14521 15074 15679 15821 19185 19693 19721 20979 21927 23798 24855 29974 35768 38327 39983 41073 44822 46130 46536 49635 74229 103622
418 851 1074 1226 1370 1418 1637 2865 3277 3379 3634 3675 4068 4907 4970 5555 5714 6105 7215 7223 9890 10642 10760 13052 17559 17728 21592 21824 22328 22878 24424 24528 35459 38953 46834 50411 55212 57501 61285 62332 72089 74693 106078
53 402 1252 1281 1424 1943 2116 2783 3222 3650 4482 4581 5574 5820 6645 8720 8756 9405 9508 9558 13689 15226 15639 15878 16750 17531 18873 19927 21294 22144 22402 22438 27602 29949 30490 30869 42993 52406 52480 58904 67015 72259 109142
254 721 787 873 937 1162 1948 2663 3068 3624 3657 6195 7209 7216 8650 9829 9898 13347 16544 17425 17895 17974 18701 19577 19580 19795 21429 22006 22277 22716 25357 26813 29605 31803 39591 45072 48817 54273 56999 61113 63113 68009 75525
1906 2781 3070 3132 3694 3997 4030 4181 4669 4853 5309 7449 7566 8856 9884 10162 10500 10649 11199 13518 14001 15086 15136 15453 16236 17066 18462 19902 20110 20794 23035 26560 26742 28288 28536 29780 31807 33298 40514 62596 80473 91035 103780
91 424 951 1278 2972 3563 4508 5414 5986 5996 6228 6243 6964 7603 7800 10926 11062 11511 12184 12944 13728 16781 17854 19426 20187 20262 20890 22526 22791 22807 23064 26313 26662 29867 31569 40077 40783 48405 57563 58260 59697 62255 67344
618 1831 1997 2279 2922 3609 3645 3841 5077 5136 5293 5514 6369 6386 7172 10096 10161 10600 10835 11108 13010 14834 15911 18198 18851 19533 20170 20636 23012 24330 25239 25261 28851 32474 39163 39348 42108 45984 53234 54617 58713 68061 69084
73 373 957 1786 2155 3598 3803 5222 5453 5591 5704 7957 8100 8742 10572 10988 11146 11881 13879 14041 14304 14615 15032 17117 21290 22903 24893 25090 25816 25933 26693 27434 29428 30842 31354 32365 34417 40101 41238 41654 55818 70862 74701
159 208 726 1069 2422 2781 4182 5310 5754 6692 8303 8663 8967 9145 9660 10588 10729 12585 15942 16436 16502 16673 17101 17530 17795 18174 21052 21254 27441 27574 34173 34370 36310 36663 37702 38414 42582 43604 45710 46756 48137 49657 61534
59 663 666 877 1233 1668 1668 3471 4992 5673 6198 7427 7505 8152 9309 12247 13910 15051 17611 17632 17827 18949 20117 20339 22499 22630 23720 25095 25231 26760 27390 27840 28359 35485 37123 43110 45157 47698 48001 49560 51689 58219 60700
392 1467 1763 3332 4164 4478 4817 5288 5374 5450 5747 7061 7678 7905 8294 8396 9677 10514 10748 11992 14551 19161 20234 20270 20815 22531 23065 23428 23732 24075 24246 28408 29930 31428 32361 33392 35269 37972 42249 51898 61343 67312 75041
350 429 460 667 1558 1884 2465 2510 2802 5393 5682 5954 6530 6839 7734 7886 9064 9963 12778 14930 15524 17294 20355 22568 22574 22650 25207 26107 28519 29210 32221 33970 33974 35889 38217 40364 40619 44247 48058 52082 52306 74277 93882
26 677 752 1619 1767 1858 1994 2379 2675 3179 4835 4995 5136 6095 7803 8767 9738 13209 13567 13782 16742 18553 19303 20693 22349 22361 23245 24239 24898 25728 26947 28885 31373 35873 37385 38340 44116 44365 44558 44732 55706 66395 76841
106 290 1077 1495 3391 4271 5046 5208 5268 6383 7725 7987 8046 8252 11481 11495 11967 12021 12880 13042 13948 14648 15899 16613 17780 18027 20080 20704 21924 23211 25397 26357 31253 34631 37451 37898 39465 41744 44724 48948 66976 77587 84805
458 748 1192 1240 1280 1288 1611 3164 3348 3799 4356 4756 5543 5615 5832 6188 6585 8866 9815 10629 13214 13288 13611 13703 14461 15001 18193 19481 22413 22791 26785 35299 35935 36104 38511 38514 38862 39256 45533 50618 52249 84855 116920
104 187 241 577 929 2158 4170 4374 4422 4764 5321 5504 5717 6578 7437 7796 8211 9457 9489 10427 10805 12277 13934 19010 19369 21117 21969 22717 23480 23668 26526 26970 28114 28426 29134 29305 38933 42154 46404 50863 86525 91159 100016
7 139 539 1834 1914 2756 3478 3766 4669 5135 6136 6385 7661 7993 8013 8603 9312 9321 9555 11225 11810 12601 14710 15131 18847 18897 19157 20599 21807 24303 25419 27365 30689 36130 39713 42436 44719 46973 52749 55590 61972 72267 110544
230 882 998 1127 1360 2200 2366 3902 5112 5395 6205 9921 12705 15473 17353 19247 20738 20782 21015 22121 22390 22429 24013 24772 24873 25595 26161 26248 27369 27926 27926 28548 28599 31090 32394 33085 35563 37143 38726 41379 41523 44839 54138
272 375 390 655 1101 1327 1579 1752 2530 2624 2649 3344 3846 4045 4192 4992 5094 5169 6543 8078 8477 12176 13910 16122 17973 25210 25433 26012 26490 26981 28877 29782 32339 34893 36616 37185 39778 52431 61183 66392 72512 96401 102192
535 2877 3178 3357 3562 3723 4604 4878 5425 5630 6286 7339 7829 8215 8983 9019 9305 9316 9811 14622 15376 15943 16077 17199 22486 23571 23767 24567 26346 29681 32868 33033 33296 33479 33490 35000 39583 41113 45525 51622 53095 76285 99948
308 1065 1436 1513 2335 2428 2606 2748 2856 3047 3416 3628 4043 5863 6198 6342 7086 7496 7741 8951 9237 9247 9597 9687 11074 15012 17706 19367 19724 20271 23775 24905 25783 31001 32057 43146 43687 48894 52149 75921 76207 101508 108530
393 582 1320 1375 2266 2809 3035 3884 5458 5715 6055 6545 6586 6996 7779 7782 7811 7852 8199 8717 11335 11356 11931 15437 15904 17121 17881 17936 19538 19860 19897 28086 36037 36576 36740 37977 43386 57788 63679 71904 73158 82112 103029
487 539 1040 1309 1366 2573 4045 4480 4876 5142 6946 8565 8976 9156 13627 13794 13895 14930 15008 15495 17844 20313 20603 22909 23235 23451 23472 23758 23806 28538 28593 29061 29082 29764 35585 38776 40123 42597 42964 50396 51803 61485 62601
287 518 585 743 1103 1189 1282 2120 2201 3170 3862 6049 6064 8783 9027 12389 14903 19746 19767 20063 20767 21434 25478 26661 26896 27144 28415 29213 29917 30747 31674 31857 33636 36195 36588 37386 39324 42691 43510 52741 55146 56783 58732
975 1047 2340 2767 2834 3469 3989 4823 6518 7164 7242 7251 7277 7304 9175 9903 11662 13094 13713 15610 15783 15931 16549 16841 20034 20248 21765 25551 25559 28309 28882 30026 30301 32658 35874 35908 36120 40244 45781 57100 59911 59967 109025
421 2110 2309 2991 3361 3608 3831 5773 6025 6680 6966 6993 8675 8843 9282 10664 12170 13699 13839 14359 14506 14902 15731 16080 18535 20465 22655 22736 23468 25447 27637 28739 29388 29728 35784 36623 40055 40116 40758 46684 49419 51872 98725
788 813 1319 2988 3112 3638 3988 5397 5476 6896 6921 7349 7578 7631 8574 8577 9202 9456 9556 9576 13244 15716 16767 17629 17753 18341 18507 20997 21245 22216 28398 29465 30964 32234 34500 37321 39512 44808 56596 58770 69330 70500 83246
19 488 1668 3973 4096 4185 5203 5644 5747 5960 5960 7040 8986 9012 10043 11272 11745 12903 12983 14247 14269 14660 15977 16294 20145 20820 22197 23977 26381 29507 31121 32273 33270 36331 37515 38938 39531 40060 42461 48164 53759 56695 74404
350 553 697 2075 2078 4836 4860 5557 5888 6185 6188 6696 7150 7313 7806 9213 9840 9977 10728 11286 12118 12202 14940 15631 17605 17920 20690 20814 20993 24499 26640 35845 36544 36674 37190 38682 43661 43809 45479 53725 61065 78847 82857
23 253 306 411 778 791 880 1641 1801 1829 2162 4131 4789 5338 9229 11355 13067 13240 13495 16057 16171 19700 20033 20338 21321 22169 23762 24437 27135 30307 31624 35069 35558 36955 41267 42092 42936 46783 46872 46915 60200 78576 78973
149 1210 1480 1664 2781 3889 4111 4986 5635 6096 6119 7811 8966 9273 10079 10327 10485 11641 13616 13912 13943 14372 18173 19101 19606 19897 24743 24883 25359 25393 26152 30132 30485 31150 38516 39204 39800 41952 45205 49844 50433 72873 80040
