1000 14 47
189 650 1281 1341 1385 1645 1839 1850 3243 3471 3864 4154 4173 5177 5188 5298 5445 6776 7179 7653 8530 8539 8740 9584 10166 10898 13148 14157 14324 15485 17223 19401 20280 20469 21262 23456 23938 26195 28231 29234 30004 34903 45250 51593 70021 92639 104994
45 1172 1512 1789 1806 2022 2038 2811 2875 3062 3229 3871 4132 4246 4809 6108 6420 6430 6503 7115 7820 7993 10733 10999 11803 13239 13837 16371 17796 18775 18838 19505 20648 20836 21692 21766 21984 24001 32858 33893 37428 38821 41680 44869 55396 58153 62609
365 1089 1441 1604 1824 1966 2388 2462 2582 2626 2872 3189 3233 3906 4474 4480 4984 5157 5295 5734 8306 8340 8759 9465 10061 10919 11272 13695 14138 14587 15283 15541 16870 17174 17944 19064 21765 24310 27696 28601 28740 34081 34901 50041 56797 80758 148983
1678 2021 2238 2986 3158 3228 4426 4597 4631 4669 4733 5973 6475 6671 7224 7832 7851 8047 8270 8671 9137 9261 10952 12478 13530 15118 18169 18612 18918 19333 19476 19804 20172 21349 21701 22893 25389 25561 26050 28566 31056 33057 38107 39160 50121 50752 54192
114 147 529 585 1509 2701 3239 3703 4226 4598 5385 5899 6039 6115 6129 6227 7374 7923 8025 8146 8324 9398 9939 11777 12449 14467 16823 17321 19739 19819 19878 21011 21256 24333 25530 27960 28601 30008 31187 33950 38327 42266 47209 48929 60970 67067 68436
263 293 1234 1639 1649 3150 3986 4333 4744 5071 5107 5472 5774 5852 6852 6954 7309 7801 7947 8203 8995 9552 11077 11108 11117 11396 12115 14200 15746 16719 17397 18819 19867 21195 21913 23604 24910 26227 26570 28487 38539 44631 44716 46146 53453 58922 97522
44 200 275 397 1522 1591 3096 3131 3165 3190 3259 3329 4329 5081 5755 6376 7397 7441 8032 9180 9433 10510 11516 13777 14204 14947 16298 16406 17425 18778 21301 21376 22086 24296 24674 24768 28168 28284 30190 30409 30950 32781 33856 37490 50473 56584 61857
1627 1950 2228 2499 2705 2831 3518 3867 4146 4196 4347 5171 5576 5739 6042 6173 7135 7688 7860 7941 9873 10457 13556 14177 15468 16851 17998 18882 19748 20849 22093 23302 23346 25063 25899 26035 28467 30238 31130 31268 33108 33252 38297 43847 53917 67076 68398
490 1129 1194 1371 1963 2143 2306 2927 3051 3647 3914 3956 4670 4927 5715 6353 6595 7861 7957 8144 9000 9692 11081 12090 12360 12468 13570 14402 14857 16350 17799 22016 25387 26236 26411 30898 31532 34132 35920 36130 36291 36700 39314 40154 46068 54136 60777
63 1254 1396 1499 1615 1918 2031 2827 3484 4705 5586 5741 6020 6196 8166 8378 9779 10613 10988 11219 11562 11565 11949 14865 17230 17569 17660 17804 17936 18753 19052 21048 21548 25099 25142 25897 26239 26755 28200 29196 29409 31652 35875 52476 53062 55390 58860
87 144 162 277 692 792 1151 2002 2002 2169 2372 2930 3633 4246 4787 6010 7560 8515 8552 8831 11522 11680 13615 14424 18197 18227 18842 19108 21020 21773 21822 21921 24699 25582 26291 26977 27233 28388 28436 34169 34338 37135 38602 39218 50497 50774 66170
117 118 905 1004 1677 2727 2744 2978 3330 3484 3755 3804 4702 5433 5867 5930 7581 7999 8137 8451 9304 9493 9794 9984 11101 11289 12072 12270 12959 13799 16749 17844 18052 21294 21474 23230 23394 24370 25665 37208 37402 41720 49888 58986 64634 81393 107882
503 699 707 975 1187 1232 1448 1663 1843 2963 3167 3189 3526 3724 4428 4435 5771 6032 6079 6481 7397 8284 8753 8929 9198 10294 10358 10671 12359 13153 19439 23602 23939 24536 25003 28009 28327 29624 30925 32823 33310 43844 49650 52338 60681 64962 93717
108 443 868 1002 1105 1106 1596 2082 2153 2426 3436 3849 3977 3990 4520 7225 7323 7933 9229 9273 9566 10853 11026 11442 11965 15838 16794 17395 18077 18887 19436 20440 21151 22511 24399 24603 26832 27935 29241 33911 36269 43437 44844 48689 56816 57306 73132
