1000 16 6
16208 30322 108124 179381 195798 321625
88356 102060 104281 109973 140902 350907
10361 67486 80124 134865 251080 393359
13718 21233 34435 170095 189452 407525
10639 18638 33311 37342 316454 443399
58940 88159 89771 151284 180034 328349
1065 59804 68670 143035 249883 334893
4324 23497 79954 153193 225880 373046
69704 77235 81869 118410 130279 357970
1146 80294 87623 140376 228402 338914
62949 94681 120668 148598 188946 278803
25267 59285 94535 123694 137442 413126
4540 32224 50475 69312 280306 467593
48029 88541 156474 159099 178430 292942
40632 60670 67871 83979 180397 494017
21168 66307 83449 149208 289769 327737
