1000 31 39
183 714 863 1485 3557 3919 4670 4983 5148 5764 6161 7739 7846 8032 9253 11549 14020 14212 17072 17449 17969 19790 20385 20974 24580 25085 25833 26833 31858 33405 33496 36410 37559 40353 40555 47496 54559 55108 95464
239 554 993 2025 2274 2326 2906 3092 3425 3476 3593 4393 4495 5682 6048 6554 9155 9417 11473 12797 13193 14116 16318 18368 22584 23404 24471 26378 28700 29587 33580 39853 40826 41985 50582 50628 56866 75160 101614
803 2478 2538 3316 3531 3735 3858 4186 4224 5031 5532 5833 6591 8113 8173 8325 12013 12749 12891 14853 15412 15903 18362 21062 22666 23861 24495 27436 27524 28333 29751 31293 35822 36236 37514 45643 47855 49774 52881
1321 1412 2687 3480 3825 5714 5879 6821 7210 7316 7328 7431 7544 8332 10621 12160 12214 14251 14257 17749 18922 18942 18999 19484 19759 20985 21181 22349 22948 23922 27611 36986 39667 40472 43245 48021 54081 56007 87117
130 634 1969 3244 3980 4358 4537 4669 5960 6075 6483 10283 10749 11457 11589 11770 15214 15390 15649 16483 18647 19384 19733 23664 24460 26076 26751 28212 29710 30259 30515 32848 33231 39571 45770 46154 50950 58127 76350
1768 2148 2533 2716 2741 3797 4444 4724 4887 6374 6488 6766 6841 8733 9332 9730 10283 10371 10421 11305 11382 11455 13890 16469 16675 17322 17622 19312 19470 20350 23871 39922 44021 45965 49367 53582 63477 115522 157280
455 1487 2279 2353 2520 2576 3808 4277 6185 6287 7122 7138 7199 7736 8191 9383 9512 9704 10048 10484 14364 14524 15188 16922 17192 18449 18686 19613 21146 21384 24411 25969 29793 34225 37273 40018 67589 73291 123739
1166 1387 1400 1495 1792 3298 4772 4939 5305 5962 6976 7199 8803 10364 11376 11424 11859 12295 12519 13909 14954 17399 17702 20513 20922 21448 23208 23629 27121 28918 29154 32935 36098 38810 39664 45852 50998 58363 78038
1972 2178 2270 2563 2719 3365 3372 3467 4493 5432 5674 5903 6921 8316 8621 10603 11094 11825 11826 12158 15412 17215 18451 19148 19427 21271 21730 24400 25508 27361 27885 30058 30728 32538 36173 40999 44845 76575 83946
189 1109 2970 4906 6234 8300 8411 8493 8534 8784 9380 10971 11414 12513 13992 14834 16671 17115 18554 21416 21908 22184 22603 23203 23939 26943 27319 28889 29989 32433 33025 34097 37958 41950 42674 50686 53347 57740 64463
782 864 2247 2491 3008 3184 3843 4704 6270 6725 7226 7316 7444 7512 8320 8468 10818 12866 12966 13414 14698 16558 16898 17422 17487 17669 18765 22101 23236 26416 28290 38664 38989 41540 44692 49150 63181 65526 146986
151 368 542 809 1654 2167 3076 3376 3719 6905 6908 8014 8090 9171 9199 11854 12997 14269 15258 15655 16847 17253 20139 21745 23061 25835 26717 27397 30517 33664 35810 37717 37754 43632 49172 49758 53825 59976 80286
412 2476 3339 4245 6090 6732 7361 8137 8973 9728 10383 10860 10974 11493 12152 12294 12651 12683 13141 17782 18313 18989 19150 19470 21837 23555 24568 28429 28701 29265 29310 30494 30586 31539 46315 65074 68164 76511 76702
1348 1495 1666 2214 2579 3500 4113 4799 5006 6023 8272 8775 11033 11266 11772 13960 15535 16094 16241 16380 16390 17294 18933 19509 21771 22112 22156 23269 23305 28108 37226 40286 41650 46379 47672 53683 57647 64325 123186
100 312 362 679 1496 3592 3744 4054 4199 4513 6053 7151 7532 10383 10944 12148 12420 13921 15003 16275 17243 17600 18170 18616 21865 22693 25113 25662 26062 26160 35124 38958 40115 40554 41568 44239 49804 56211 85042
254 434 893 2502 3415 4173 4907 4912 5501 6504 7622 8956 10459 11072 11752 12485 12689 12834 13531 13989 14071 15499 16590 17176 17670 20197 20852 24194 26232 30468 30563 39272 43670 56953 61263 62102 69654 71201 72795
86 364 1008 1105 4527 4577 4612 4998 5279 6231 6303 6541 6662 6746 6851 6896 7484 7885 8464 9462 9664 15397 16444 16838 18038 20138 24264 27450 27967 29866 29977 39302 45009 47545 48948 56837 75028 86048 102304
305 563 1623 2551 2732 3046 3673 3914 4008 4081 4250 6378 6854 7208 8052 9693 10945 11015 12511 12515 13956 16141 18102 18961 22101 25815 27182 28040 31057 32455 40564 41029 42652 48792 49443 50417 61580 62819 70206
549 813 934 2208 2613 2761 4247 5494 5561 5672 5857 5940 6214 6450 7687 8183 8798 9802 10442 10905 12611 14412 15629 18757 18815 22048 22479 23236 28666 29328 29728 32316 33030 34585 42135 45004 45157 55309 69376
2184 2233 2659 2912 3444 3524 3685 4040 4296 4654 4947 4977 5492 5832 5984 8619 9735 10479 12771 13053 13837 14295 15656 15790 15870 17329 18532 20930 21527 26708 27588 28535 30501 32087 35451 43374 50272 52449 90777
417 787 830 1223 2638 3325 3593 4655 4667 4879 5459 7361 9553 10924 11142 11150 12409 12686 13262 13816 14029 17087 17920 21316 21803 26987 28318 28702 29582 29762 34421 35289 39387 43989 51359 51969 58557 94940 96239
705 1114 2221 2343 2460 3165 4400 4541 5064 5499 5737 8373 8703 9527 9899 10022 10488 11762 12693 13001 13511 14892 14989 16106 25446 26544 27832 29949 32419 34516 36011 36881 39543 44367 55888 59851 64513 66308 83494
434 1229 1280 1365 1474 1774 3587 3714 3764 5036 5281 5890 7424 7849 10057 10424 10586 10757 13377 14300 15709 16172 17836 18562 21459 22826 24205 25633 26588 26787 27179 27888 29786 37198 37682 44377 45104 46069 61861
139 232 253 1205 1269 2400 2981 3674 4209 5778 5850 7529 8400 9003 9757 9857 12725 13267 13300 13631 14206 15991 17233 19830 19889 27420 28232 37893 39048 39590 40811 47849 47873 48997 49489 50802 56557 62328 92873
117 901 996 1345 2221 3511 4444 5595 6229 7749 8102 9767 11326 11814 11971 12057 13110 14107 15186 15533 15783 15900 15905 19052 20799 21768 26259 32938 37399 37936 38041 39061 39557 39766 42443 46581 49389 74694 107296
160 567 598 726 1379 2199 2352 2428 2528 2790 2879 3600 5101 6046 6352 7825 7913 8494 9498 10015 10519 10838 11064 11733 12067 13948 15883 18811 20306 23635 28460 28526 35978 43878 44075 45960 58699 82123 92165
198 1475 3451 4410 4444 5699 6207 7619 7652 7821 8267 8305 9289 9418 9906 9967 10517 10619 12305 12361 12837 13489 14526 15247 18558 18925 19460 19700 21832 21905 24901 36585 44883 46289 48018 53223 57582 75301 98253
233 700 860 1618 2054 3049 4078 4708 5231 6102 7694 8409 10114 11307 11385 11625 12569 13349 13570 16480 16761 17055 21790 23184 25996 28437 28637 33163 34362 34480 37577 41693 45072 45327 47815 47863 54830 56373 67021
56 664 1272 1614 1999 2555 3169 4290 4631 5278 5715 6127 6307 7269 8064 8097 10915 11033 11732 11792 14055 14258 15008 15103 18633 20064 21490 21739 22037 22776 25596 26210 29451 34273 38329 39020 45100 69393 73040
215 819 863 926 1528 2185 2395 3969 4140 5126 6576 7355 7919 8449 10290 11045 11472 11482 11732 16661 18502 19380 20879 20969 21374 22586 28090 30261 30899 32845 32873 34519 36225 39502 43818 53415 55763 72898 77361
218 411 623 1230 1381 2204 2456 2647 2656 2853 3262 3674 5200 7331 7402 7825 9718 9958 10098 10207 11335 11504 13018 13115 13780 17523 19790 22122 24314 28309 31637 32775 38475 40076 43536 45070 45123 48541 96061
