1000 30 49
900 1692 2175 2529 3028 3591 3682 4062 5656 6429 6873 6982 8427 8751 8763 9024 10450 10539 12379 12453 14195 14957 15223 16276 16424 18152 19183 19252 21170 21838 22993 23132 23789 23799 23944 24545 28758 28774 29716 32967 33481 34869 37563 38741 40724 49054 57206 61816 64190
610 647 940 1023 1448 1694 1829 2355 2401 2465 2770 3334 3739 3765 5246 5885 7083 7827 10322 10539 10855 10855 10888 11422 13372 13519 16200 18199 20702 21832 22336 23322 23974 24008 24728 25013 25898 25996 28781 29737 30730 31864 33110 34872 49207 58897 74656 89123 96382
219 676 965 1904 2195 2289 3452 3640 4060 5315 5350 5748 5833 5837 6115 6935 7457 7725 7738 9449 11599 12152 12638 13812 13905 14116 14377 14558 14925 15560 15762 15873 16464 16733 17345 18329 18939 21312 21414 28248 33625 37670 50196 60976 63620 69420 73267 84654 90634
207 720 1345 2659 2841 2949 3001 3464 4085 4298 5564 6059 6218 6692 8652 9480 9545 10595 11155 11320 11397 11635 12318 12684 12779 13490 14602 15409 15561 16065 17861 19700 22758 23232 25351 26510 30160 30270 31150 35964 36613 38556 40266 42880 45878 47779 52396 75204 91608
389 579 836 900 958 1338 4001 4260 5428 5726 5816 6067 6306 7558 8505 8768 9479 9987 10087 10337 10855 11325 11517 11662 12175 12512 13787 15992 17793 19607 21036 21197 22781 23365 23775 26765 27187 29216 29622 34971 36421 39461 41546 47702 52773 53908 55746 70531 78914
202 344 397 495 2887 3651 3721 3779 4010 5203 5316 6549 6997 7020 7600 8390 8622 9039 9349 9756 12068 12454 13915 15277 15527 15818 16485 17121 18355 21371 21876 24446 25201 26778 27563 28807 28843 31632 34763 35408 35503 35942 36829 40833 44258 44602 45566 53142 95215
324 1635 2590 3485 3903 4565 4906 5519 5852 6108 6536 7649 7709 8013 8682 8879 9448 9520 10409 11032 11514 12091 12271 13605 13838 15492 17334 17786 18304 19509 21735 23751 24985 25292 26621 27348 28447 28842 29232 31065 32813 34365 34760 38088 39643 50259 57816 72936 79034
157 1652 1719 2281 2452 2640 3199 3730 4657 5030 5139 5667 5711 6340 6909 8473 8480 9140 9313 10049 11539 11857 12509 12578 13454 14053 14196 16358 17719 19292 20522 22248 22661 22745 23139 24842 26343 27723 28338 32893 34415 36977 38633 42244 45819 48957 62982 66051 101539
1021 4282 4782 4901 6405 6650 7112 7750 7990 8155 8557 9211 9272 9762 10490 11476 12265 12318 12822 13872 14468 14971 15578 16352 16528 16707 17594 18157 20591 20894 21180 21527 22280 22624 22874 23308 23607 24018 24212 26807 27560 28279 28285 36191 37715 43075 50640 58925 95060
718 998 2213 2484 2486 2887 3047 3622 4073 4099 4501 5369 5430 6736 7542 7658 8297 9778 10577 10891 11314 13994 15729 16035 16762 16898 17339 18578 19545 20241 21803 23336 25572 25728 28130 28684 29759 31998 32375 33922 36958 38505 39333 39771 40265 55908 56661 59517 59571
92 596 902 1557 1655 1902 2713 2895 6519 6569 7012 8360 8762 8798 8817 9653 10021 10175 12322 12507 13188 14012 14171 15102 15665 16213 17230 19233 19629 19920 20108 21538 22219 23790 23880 24488 26930 27817 28255 31983 34937 35540 38862 41250 47418 49615 49945 59710 91449
892 1458 1472 2002 2450 2599 3061 4182 5139 5234 5531 6049 7316 8406 8503 9050 9670 11285 11439 13110 13293 14105 14656 15006 15222 15856 16298 16385 17619 17805 20959 22544 24248 27185 27461 29801 31291 31552 33849 34010 36150 39127 39428 41380 44081 48390 56576 58498 63514
926 1010 1323 1323 1463 1521 1905 2262 2291 3217 3797 4201 4967 5164 6845 6870 7578 8803 9048 10628 11180 11576 11613 11735 12348 12749 13036 15229 16741 18247 19094 19672 20192 20671 20701 21403 21489 21661 22175 24456 28793 34028 34041 34901 70934 71847 81765 86786 103663
283 531 1637 1665 1976 1989 2002 2011 2314 3125 3612 3622 4258 4951 5389 6207 6476 7346 10401 11101 11795 13193 13968 15664 16291 16370 16458 16584 17476 20203 23057 23510 25015 26139 26175 26311 27987 33427 36253 36290 37584 37781 38321 38680 55749 56450 57592 71012 73277
1 1347 1814 2000 2190 2770 4187 4355 4483 5668 5879 6327 7218 7774 8753 9083 9737 10106 10461 10723 10767 11448 11629 14277 14504 14998 15424 15924 16267 17879 18347 19675 20016 20572 21982 23539 25290 27354 28781 39499 40520 40998 46273 46445 50978 52293 57186 70701 76801
148 464 1184 1191 1416 1427 1666 1899 1902 2172 3238 3604 4720 5444 5751 6381 6811 7571 8464 8664 9770 10030 11442 11627 11962 12215 14624 15920 15983 18357 23649 24179 25814 28498 28808 29216 29388 29812 31110 35219 35479 39473 41021 41401 45579 47175 52644 88165 99209
319 886 942 1522 2724 3101 3639 3918 4378 4492 4812 5036 5246 5352 5661 6589 9661 9691 10228 10517 10537 10775 11268 12022 13705 13906 15166 15236 15918 16359 17324 18746 19722 20634 24321 25897 26242 26390 28498 29371 33111 35200 38732 44617 47054 62972 75222 86954 95011
52 79 1717 2662 2864 3052 3561 3994 4271 4524 4962 5063 6263 6410 6739 8371 8791 9626 9839 10807 11177 11735 11877 12005 12913 14476 17030 18473 19142 20514 22453 24225 24895 25216 27980 29522 30177 31004 31425 32422 36911 43670 46006 48067 48089 52364 53201 54719 62490
14 481 556 1183 1522 1627 2293 3086 3275 3717 3848 4161 4287 4629 4731 4902 5001 5394 5673 6294 6479 7179 7306 8442 8610 11165 12652 13214 14290 15819 18580 19947 22154 22817 24759 25878 29994 30506 32488 33662 35647 37608 44094 46760 46842 53073 73095 99820 107911
176 233 541 1979 2779 3012 3211 4104 4206 4602 4905 4907 5688 7225 7487 7628 8398 9351 9502 10651 10932 13297 13885 15419 17538 18507 18765 18843 22242 23653 23847 23963 24500 25021 25502 28000 28700 28982 29719 30064 31092 34248 35992 39880 43790 50035 50718 52394 104222
134 964 1118 1133 1942 3068 3331 3845 5003 5308 5323 5614 6299 6606 6734 6762 6837 7441 7627 9206 9903 10371 10556 10757 11011 11506 12233 13228 13753 15166 16487 18310 19145 19551 20560 21363 21365 22110 28899 29959 39858 44653 54316 56923 58305 60161 62049 75120 96876
328 823 833 979 2450 4611 5710 6095 6250 6801 7173 7895 8115 8683 8863 8901 10260 10751 10786 10857 11366 11464 11539 12344 13185 13258 16085 16378 16596 21227 22162 23693 23950 24011 25778 27231 27792 31869 37436 37709 40135 40358 40402 42490 45965 48871 49856 55142 71877
185 342 454 575 903 1384 1397 1429 1534 1756 1901 2012 2311 3315 3427 3529 3715 4028 5208 7554 8462 9643 9706 10731 10990 11344 12244 13886 15084 15878 16052 17637 18202 19501 23353 24183 25151 28383 30242 36723 44736 49569 54360 61144 65460 69433 70067 77167 80144
772 894 3186 3450 3622 3847 4093 5081 5558 6243 6968 7503 7671 7972 8944 9287 9294 10131 10795 11263 11579 12946 15388 15852 16451 16561 17616 18389 18866 19248 20612 22129 24598 25157 25686 26734 27328 28355 29340 31491 35002 36056 37274 41327 43683 46276 60542 61548 66449
554 1739 2059 2712 2950 4130 5276 5290 5403 5786 5805 8096 8505 9153 9939 9949 10978 11886 12330 12373 14408 14508 14787 15069 15785 17354 17400 17645 17806 18009 18745 19708 20276 21180 21975 22819 24085 25473 27286 29794 30147 33690 35363 45294 45837 46062 57331 68842 85110
1375 1434 1701 1768 1839 2172 2637 3309 3957 4558 5470 5608 6173 6862 7174 7624 8082 8542 8847 9442 9661 10304 10382 12833 13123 13633 15770 15930 16337 17102 18553 19076 20024 20443 21128 25062 26545 26855 33781 33996 35252 37373 38044 42243 45417 65731 70530 72649 101856
327 821 948 1257 2057 2457 3908 4191 5123 5548 6815 6864 7219 7366 8261 8382 8515 8578 9105 10688 11020 11069 11146 11516 12110 13018 13945 14403 15297 15813 18172 19168 21738 23940 25471 25714 25777 27900 30801 34721 38001 38604 40271 50314 50903 57630 59201 63238 95408
8 896 2262 2379 2596 2729 2807 3228 7012 8619 8935 9810 10431 10911 11213 11489 12191 12239 14266 14415 14927 15165 15337 16052 17414 17858 19190 19478 19751 20243 20691 21746 23812 25822 26169 28731 29401 30190 30381 30592 31383 34901 36066 36808 45759 46957 49088 50577 53668
503 948 986 1188 1479 1723 2917 2997 3100 3294 4569 5441 5516 6655 9042 9148 9344 9897 10035 11661 12022 13527 13677 13733 14339 14534 14857 15189 15314 15767 16866 19456 19642 20198 20799 23895 24306 25639 25763 26488 34459 40405 40966 44178 54814 63798 69846 80751 81070
189 1123 1742 2273 3321 4307 5465 5721 5909 6140 7414 8054 8426 8439 9002 9619 9739 10503 12561 12579 13000 13108 13547 14160 16716 16861 17025 17193 17213 18235 19651 19745 20852 20863 22590 25941 27818 30092 33681 33739 34511 40058 42656 44031 45574 50101 54692 60699 62073
