1000 38 42
564 1754 1826 3795 4224 4732 4781 7245 7986 9548 11879 12437 12471 13032 14164 14656 15944 16058 16850 19630 20009 20222 21635 21705 22800 24389 25865 27137 29178 29889 30251 32242 32965 33029 35461 37175 40212 44120 47263 50512 55639 91082
234 628 834 1080 1523 1964 3233 3593 4685 5978 6790 7252 8590 9524 10464 10586 12068 12379 15756 16017 16276 16882 17538 18605 20430 20872 22736 23182 27542 28923 31911 32247 35407 36191 37800 42373 43086 45995 47666 69677 69717 86670
96 169 557 3145 3413 4488 5146 5208 8392 10151 10217 10529 10541 10815 10844 10902 11371 12028 14158 14703 14719 15288 15747 16659 16822 17748 19218 19599 21192 22641 23434 23756 24780 31728 35444 39168 47693 50944 59898 73348 86125 95521
64 683 785 1222 2228 3718 4441 4538 5100 5281 6434 9322 10040 11757 11922 12808 13334 15535 17309 18354 19393 19489 19877 20133 20676 21395 21800 22301 24345 25602 26546 27479 29267 31525 32295 32628 33244 42544 45637 56263 57246 132419
851 1202 1437 1854 2367 2802 3883 4842 4902 6182 7280 7460 7820 8214 10474 11226 11669 11756 12494 13343 14709 15058 17185 18658 19449 20599 20997 22176 22462 25776 25900 26051 33250 40133 41488 44629 45402 51158 57220 70470 85425 88181
35 548 869 1434 1984 2265 2487 2789 3819 4650 4845 7393 7427 7573 7591 7922 8064 9260 11048 11271 13358 13440 13886 14063 16260 16537 20489 21522 22559 24878 24949 28654 30467 31459 35393 47651 51776 52547 64128 70405 89955 109049
35 72 179 189 307 3113 3673 3977 4388 4879 7599 9614 10630 10950 12161 12696 12859 13147 14533 14872 15545 15938 17009 17142 18372 20047 20257 20296 22357 25057 25351 25723 25898 27843 36126 39177 44484 46494 48401 69782 77704 164829
178 195 1382 1913 3324 3719 4367 5085 5292 5880 6421 6664 7690 7881 8049 9454 11402 11575 13769 15403 16525 16784 17497 18652 19134 20868 21267 21341 24618 25379 28261 32593 37555 39979 40460 42189 46007 55999 56105 58011 69299 79206
464 479 865 2024 2228 2946 3335 4113 4585 6394 7100 7630 9350 9786 9868 10370 10461 11283 11942 12402 16363 17055 17400 17412 17815 20104 23164 23549 24303 27695 33886 36319 36449 43415 43573 44121 48614 56859 58114 64993 78385 83301
240 551 962 1717 3398 4137 5283 5557 5711 7212 7913 9909 10593 11229 11724 11838 12185 12292 13463 15308 16035 16933 17367 19488 23089 23130 23928 24115 25012 28613 30379 30381 31420 34794 36350 39591 45231 47741 53549 54959 72716 82349
1918 1921 2664 2930 4270 4831 5596 5688 6089 6599 6909 7017 7846 8634 8745 9873 11828 14213 14244 15099 17096 17702 18303 22331 22422 23233 25939 28039 29333 31598 32563 32750 34358 35786 39521 47065 49292 49606 50181 51071 65905 89690
947 1003 1181 1376 1501 4106 4348 4684 5215 5626 5684 6651 8599 8670 8779 9933 11330 11675 13339 13385 14244 14420 15213 15464 15917 16074 23130 25442 26841 28193 28692 29134 30699 34270 41311 43838 47563 49956 53689 60412 75288 112961
521 653 706 1058 3802 4019 5090 6537 6609 9248 9494 10620 11023 11843 12366 12389 14314 15916 16470 17490 17586 18512 18624 20871 22110 24042 27654 27692 30924 34102 34579 35020 35050 35586 36099 37652 40131 40294 40904 52627 66032 79107
948 1273 1511 1745 1888 3017 3180 3695 3830 6015 7025 7365 9003 9031 10427 10808 13049 14136 15030 15434 16689 17387 18020 19965 19975 23464 23620 24251 27059 29774 33539 34081 34958 35522 37069 43891 46369 52332 56451 62335 69958 75473
724 1100 1287 1550 1892 1933 2297 2687 3052 3289 4405 6160 7751 8820 9408 9448 10198 11692 15860 17440 17673 21409 22320 23691 24028 24690 25518 25653 26072 27147 29520 32838 34195 34879 38913 44424 47842 48352 51202 53826 66982 73384
775 1504 1919 2066 2193 2774 3915 4868 5057 6596 7670 8165 8493 9164 13388 14403 14533 14570 15865 16342 16634 17640 17962 19828 20188 20702 21790 22274 23732 24072 28835 30476 36027 41669 41675 45746 47049 51271 53501 59818 64809 96408
912 1241 1341 1586 2180 2279 2706 3374 3669 7447 7659 8244 8600 8955 10209 11005 11268 11525 11589 13856 14783 15953 16112 16385 16716 20002 21084 22878 24585 28530 29048 33545 37521 41043 44378 49287 52846 54505 56458 63991 88823 92568
278 545 660 1530 1582 1991 2623 3907 4407 4937 5854 6993 7703 7811 9234 9261 9477 9494 10218 11467 12881 16914 17004 17721 17904 18734 21880 23038 26150 26215 28272 28838 29078 30481 35152 35676 48781 53387 54555 79220 91621 93724
422 1425 1905 1920 2124 2411 4059 5771 6591 6939 8199 8483 8626 9319 9695 10875 10896 11402 12961 13354 14434 16420 16687 17406 19019 21029 22901 23869 24525 24610 25001 34598 38845 44544 45146 50642 53542 55240 56641 61329 71430 79340
27 174 2017 2480 2891 3964 6688 6836 7769 10803 10886 11631 11874 13291 13839 13889 15055 15212 15841 16498 16510 17101 18620 19746 21217 22649 22707 23339 23500 24070 25024 33380 35845 36291 37796 41094 41659 44139 44815 47127 49797 91521
254 1425 1630 2536 4274 4338 4431 4461 5891 6106 7385 9249 9918 10216 10264 10452 12251 13230 15364 15961 16145 16173 16310 17665 17767 17783 18782 20876 22755 32508 34068 36052 36072 37631 37664 39040 40037 42735 46110 48467 79329 134085
930 1284 1808 1956 2455 5325 5526 6127 6587 6974 8066 8899 9580 10643 10874 11124 11511 12870 13297 13384 13979 14344 17551 18026 18163 18987 19545 19808 21510 23273 24264 25425 29047 34825 34828 36399 37455 42502 44228 67710 104643 138269
473 565 820 1886 2585 3235 3832 4036 5158 5524 5663 6142 6586 6870 7557 8632 9853 10373 10422 10570 10956 14559 14770 16679 16945 18672 21904 26980 33153 33276 34676 39383 40322 44471 48105 49430 53852 54659 56191 64774 71026 73901
3157 3206 4396 4722 5070 6380 6427 6925 7211 7291 8786 9154 9305 9708 9879 10067 10269 10520 11727 11751 13050 14534 14576 17524 18275 18455 19195 19974 22273 22525 25679 29644 30133 31492 32992 33706 39481 43078 81217 84462 92611 94326
145 432 850 1382 1413 2971 3000 3335 5812 6239 8144 8733 9155 9398 10102 10462 12053 13314 13642 13921 14482 14964 16096 16288 16408 16541 19222 19480 19831 24083 25470 32768 32947 34027 34495 42131 46796 47330 49567 55113 66514 140337
2059 2264 2340 3449 5121 6688 6959 7072 7959 9554 10536 10808 11512 12326 12570 12836 13269 13736 13951 14987 17548 18403 18721 20977 21038 21719 22073 22656 24362 27626 28563 29575 29794 30636 38020 39747 40653 42285 45330 53131 80150 101692
1132 1225 1389 1575 1711 2003 2303 3589 5407 5482 6015 6747 7551 8045 8051 8550 9417 10610 10979 11599 12589 15605 16835 19110 19974 20213 20221 22115 23922 24065 24440 24835 30859 32473 32848 34242 34258 46227 49329 60844 117505 128948
459 3216 4392 4789 5155 5444 5882 5977 6516 7240 8505 9763 9868 10051 10135 10915 11857 11898 11915 12587 13839 14803 15041 15052 15416 17163 18016 18527 21058 23966 27426 29077 33682 37036 40318 44267 44873 55269 68699 71514 74503 82684
161 451 2959 3075 3624 5568 6103 6594 7015 7410 7457 7954 8341 8946 9454 10859 12096 12984 13440 16401 16980 18003 21220 24480 26273 26879 27559 30326 33157 33668 34335 34919 35718 36135 38130 42310 42567 44520 46838 47851 48100 88202
123 1097 1530 3661 4068 4230 5235 5771 5786 6040 6206 7643 7795 7819 7916 9193 11476 11513 15058 16296 18136 19431 19682 20704 20796 21111 21368 23907 26850 28501 29103 33975 39517 42412 43063 46865 47396 50079 55056 62847 66066 93734
96 360 434 1079 1127 2256 2454 2891 4339 5066 5204 5679 7039 7945 8113 9450 10517 10924 11164 13177 13928 15973 16279 16846 18738 19265 19511 20508 25847 28264 30059 32241 35202 36624 37211 39314 55154 56977 65763 66854 80240 96181
449 1269 1825 1914 3217 3251 4241 4538 5656 5819 6330 8012 9571 12792 13424 13837 15732 16539 17946 18583 19372 19666 19859 19964 21358 23125 23248 24948 25137 27310 27654 27710 31597 33057 35374 39248 41564 45648 47743 53872 54033 90662
80 2921 4979 5872 6280 7225 7439 7631 8709 8743 8928 9553 10269 10574 10584 12283 12482 12830 12861 13568 15515 15889 18258 18289 19854 20451 20601 21501 23947 24077 27806 27875 31102 37150 37377 41445 41623 55037 55192 56716 57854 87036
16 31 62 208 1364 2424 4454 4608 4950 6215 7638 10393 11172 12144 12561 12923 14232 15653 16100 16266 16561 17135 19325 19512 20689 20925 21205 21669 28724 31940 35091 35970 36450 38428 39984 41128 51715 52602 54609 55230 57572 67602
673 1040 1254 1398 1801 2025 2784 3163 3251 3631 4545 4752 5146 7908 8214 8405 10601 10858 11322 11616 12743 15568 16684 17658 18111 19467 20334 26071 27397 31114 32630 32683 34241 35081 40198 40687 54796 54869 56282 69274 80931 115043
219 224 1394 1418 1442 2412 2533 3913 4772 5509 6755 6766 7098 7745 7901 8269 9563 9883 10562 11046 11423 16968 18185 19742 20121 20721 22816 23481 24305 28818 29199 33560 37647 38334 39531 52960 57583 57644 66190 66752 68156 82632
300 1309 1993 3067 5050 5407 6060 6079 6201 8069 9156 9734 10720 12843 13036 16131 16537 18164 19266 19645 20351 20524 20905 22256 23037 23297 24892 26098 26184 29727 31470 32056 34616 37799 38453 38808 40016 41316 45752 46387 55557 62316
249 379 890 2024 2242 2612 3414 4031 4159 4289 5277 5439 5444 6693 8302 8432 9450 11712 11764 12382 12986 17326 18202 18673 18828 20590 22820 26624 27500 30220 30403 31601 34871 35211 35250 36379 41964 61201 61213 62052 86974 95032
