1000 21 35
742 1497 1534 1717 2980 3749 4879 4929 6170 6194 7378 7394 7497 8997 11319 17621 17825 17832 20085 21923 23673 25514 34137 35767 39231 39236 42707 44322 55024 55216 59493 73564 80955 92035 122851
300 532 1727 2081 3080 3349 3707 3749 4013 4294 4539 5187 8949 8973 12410 13452 13994 17110 19251 21277 29644 30046 31525 35087 35241 41911 42178 46462 59390 64402 66035 67214 82670 92137 122449
1967 2305 3562 4091 4930 8568 9497 9568 11340 11784 13688 13968 14070 14444 16208 16516 16600 18982 19128 19402 19689 32179 34379 34787 37870 40914 41835 46213 47155 54774 58390 59574 64709 65991 127285
1876 1920 4817 4895 5150 5406 5553 5656 5903 6161 6908 7675 7906 11004 11229 11722 13917 17087 19740 24323 24805 29242 29581 35033 36523 38338 40882 43808 47217 56303 71441 73934 76172 88555 125366
314 1184 1397 2913 3581 4740 4948 5620 6663 9240 10772 10919 11403 11571 16873 18533 19317 21725 24658 25183 30197 34547 35257 35599 37155 37935 38709 42581 42643 43207 47568 63996 89058 98105 110113
602 1729 2404 4105 5501 6087 6727 7356 9721 10698 11453 12011 12108 13825 14049 17199 18188 19967 21119 22090 22932 25542 26258 30245 31916 36190 37544 38244 43535 46871 56559 62813 67889 68853 185219
785 1811 3231 3647 4735 5319 6832 7344 7941 12527 14122 19504 20787 21055 25685 27250 27263 27783 28175 28418 28605 29928 33283 34556 34774 36225 40207 43379 44009 44642 50079 55389 65914 75655 86846
1105 2337 2551 4203 4834 6275 6276 7623 7692 8847 9394 10438 11814 12170 12309 12712 15987 16192 17797 21706 22497 23135 28471 31347 32183 34336 40818 50409 64427 64578 68894 71826 74848 90746 106307
873 1468 3655 3678 4406 6523 7020 7529 8112 10211 11128 11819 12813 13029 15017 15592 15723 17728 19854 21240 25219 27812 32865 34581 34627 35113 36618 40174 41350 58280 63920 64181 73394 103707 117033
138 834 1304 2621 3629 4245 4457 5348 5559 7587 10023 10388 12117 12365 15786 18138 18690 19577 19924 27304 27375 28245 33510 37412 43001 43244 44297 44758 55992 56730 60166 66703 69093 70805 116681
532 1574 1699 2514 3485 5256 6260 8944 11175 11531 12716 13141 13922 16119 16129 17609 18017 19480 19972 24762 25290 26491 31351 32887 32888 43126 44890 49872 50312 50618 60127 60914 74297 81862 106892
255 991 3340 4018 5365 6714 6842 7695 7937 8296 8564 11091 11611 12755 13234 15159 15708 17277 22648 24048 24892 26391 28775 32522 37877 38492 39298 40658 43485 43981 48749 51205 53149 69087 214046
1143 1954 2201 2231 4231 7774 7831 10112 10325 12169 13064 13094 14750 15429 18607 19114 20124 22511 22728 24521 25532 27267 34080 35733 38845 39581 39787 42826 44788 46362 48175 53249 86529 94331 95286
209 1801 1834 3515 3562 4732 6739 8092 8389 8697 8981 9738 9805 10117 12524 14590 19096 19437 19466 19560 24004 24410 24601 25111 25730 31836 34433 36247 39698 54973 58482 74104 80003 99446 173304
569 741 3509 3943 4143 4613 5598 6447 7079 7590 8550 9039 13175 13886 17239 18887 20467 20661 21542 22499 22735 24263 27376 27698 28159 28684 31294 36257 43312 50654 57207 61061 65683 109863 172805
37 2229 2858 4283 5839 5909 7521 8747 10647 11346 12890 15280 16718 20001 22149 22460 22859 24957 25725 27263 31562 34008 35428 36492 38022 40538 41768 42187 42443 45932 46815 50430 67534 75544 99090
511 533 1065 2009 2241 2969 3347 4290 4639 9820 9834 10278 10353 11801 13117 15971 17522 18448 22776 25872 27447 28319 30680 30870 32185 33950 38624 48147 48470 53497 58750 65018 84284 93141 135522
163 236 874 1529 1864 4423 5766 7739 10803 11676 13121 17079 17221 18024 18383 18441 19795 19827 20092 20443 20801 23065 25560 26458 29991 38247 40550 41718 44437 53369 65155 68659 82804 102562 106314
445 1164 2883 2998 3954 4620 5777 7478 8531 9875 10221 11823 13786 17605 19483 20394 20885 21813 25634 25782 29518 30532 34602 34876 36429 38551 38925 39666 48601 48633 50474 58354 83117 92120 97668
1780 1781 1915 2432 2625 3063 3701 6074 6202 7219 8638 8942 9879 13081 19187 19936 20649 21040 23164 28319 28763 29313 33668 34794 36565 41931 43492 49782 50185 52882 60788 66780 75721 84748 98463
92 286 1319 1352 2103 2187 3709 4706 4853 6076 6731 8475 15259 15795 16016 22164 23745 23777 23898 24499 30051 30554 31558 33801 33900 43932 46700 47360 49359 50431 52093 57951 59018 72309 150177
