1000 33 43
985 1616 1638 1902 3033 4079 4352 4512 5199 6671 7098 7870 8376 8379 9759 10385 10953 11178 11958 12443 15535 15929 15971 20212 20787 21335 22135 22764 27189 27199 31212 31792 35685 38658 40395 41115 42234 43763 46513 48811 60573 66593 95382
206 557 1093 1300 1848 2236 2250 3968 5219 5261 5572 6893 8028 8207 9626 10312 11177 11524 11706 12662 13023 13839 16205 18598 22624 22722 23102 25664 29398 29966 30261 30582 33168 42897 44613 47062 48185 50005 54078 55478 60494 60878 75351
654 882 2979 3232 3297 4704 4973 5128 5237 6175 7643 7665 8183 9738 9837 11342 11915 12457 13121 15056 16150 17224 17308 18690 19591 21227 21576 25780 26631 27524 28484 32165 32574 38528 42034 42416 45897 49801 51413 58663 64452 70421 71942
157 243 3676 4263 5544 7483 8229 8474 8485 8675 11119 11431 11609 11832 12674 13890 13923 16094 16108 16897 17234 17963 18044 19777 20338 20557 20591 21454 23125 25831 28414 29906 32073 32858 39358 39963 45356 46016 47358 51297 53906 55521 63236
1558 1995 2053 2202 3603 4566 7492 7765 8033 8470 8480 8924 8935 9176 9732 10376 11148 11158 13079 13621 13674 13795 14444 16807 17094 18591 19296 20681 24507 27599 27646 27738 39574 43626 45968 46039 46334 47664 48930 54905 63410 65207 77171
45 145 575 992 1331 1402 1770 2500 5128 5513 10252 10325 10505 11206 11566 11850 12355 12391 12518 13503 14098 14110 15065 18855 18921 20683 21533 21818 24414 30497 31017 32711 32957 34116 37566 38697 45181 47472 47971 50584 66072 70151 85228
610 711 1114 1946 3068 4543 4621 5169 6610 6670 6968 7458 7709 8055 8320 8996 12204 13165 14021 14286 14490 14666 15029 16369 17603 19598 21469 21860 22468 24894 24907 25116 31266 34327 34601 42273 45422 51214 51613 53366 61159 72449 122813
157 1227 1501 2802 3308 3612 3970 3971 4697 5229 5856 6254 6263 7509 7813 9252 10062 10183 11077 12068 12353 13606 16230 17039 17966 17992 18641 18767 18888 20616 22415 25188 26356 27383 40862 43311 47267 55008 59053 60738 74916 96561 107807
739 1515 2209 5001 5827 6446 7141 7230 7421 7575 8189 8546 8727 9855 10052 10753 13952 14546 15277 15467 19213 19338 19616 20873 21644 21981 22022 24144 25438 27538 30271 33426 34846 37406 37743 40293 41436 41958 42187 42554 43274 65988 87924
567 1804 2376 3301 4416 5271 5291 5955 6956 7298 7884 9503 11035 11102 12333 12817 12931 13059 14284 16536 17636 17845 18178 18862 19535 20825 21133 26218 26941 27437 31042 31759 32300 32503 34164 34424 34741 38982 43606 50846 51682 79617 93632
47 505 1011 1538 1694 2110 2818 3812 4067 4738 6213 7222 7593 8241 9865 9883 11705 12221 12353 12975 14568 14910 17473 18942 19269 19878 20156 21045 21978 22843 24115 25220 28792 31459 42598 43012 56291 57056 59191 65106 73216 73258 90784
183 398 709 854 2310 2554 3348 3701 6033 6327 6963 8014 8433 8552 9108 9431 10266 10367 10937 11079 11139 13828 14087 14879 14888 15054 17901 18326 20442 23105 25108 25538 25561 25711 26167 33575 40298 46699 47696 59027 65363 95194 169354
1 162 875 1203 1889 2267 2496 2667 3270 3482 4866 5527 6605 7729 8378 10980 11893 11944 12874 13730 14115 15542 16185 16389 16539 16548 20039 22991 29949 30255 31269 31711 33321 37815 37876 49374 50917 52077 52444 63036 66559 69857 80832
36 1017 1166 2013 2233 2352 2465 2876 3145 4989 8022 8151 8798 10724 11396 11682 11863 11985 13602 13999 18523 18624 19332 19368 19552 20188 20470 20750 22025 24533 28641 30786 30902 35904 39415 40022 40493 40917 57378 58100 61545 73022 91270
249 963 1328 1570 1917 2053 2413 2893 2900 3786 4731 5878 6117 7139 8627 8661 9077 9725 9985 10037 10583 10712 11097 12501 13923 14348 17539 18893 22270 24393 29564 30967 31161 33934 36614 41997 46126 55521 61233 64405 92861 94407 96731
34 282 856 1419 1673 1728 2229 2626 3219 3874 4373 4519 4651 5195 7211 7344 7386 7787 10707 11789 13270 14761 16408 18331 18961 19069 19234 20695 21349 27276 30813 31063 32128 37592 38440 47947 49423 50800 60890 62586 64354 83489 102610
378 517 611 1570 1692 2063 2071 3103 3308 3380 3840 4939 5156 7276 7638 8291 8577 8682 10057 11665 12452 12805 14184 15489 17361 23951 24427 25022 26832 26978 30717 32725 34140 39538 41932 42513 49164 49417 51821 63572 69503 70913 102310
1750 3238 3927 4743 5246 5264 5571 6601 7016 7107 8553 8758 8879 9425 10079 12530 13257 14555 14894 15701 15750 15773 16444 18190 18834 20754 21165 23883 24493 30385 30591 30924 32210 32848 37358 37359 40562 41217 42032 44246 58496 64059 95301
383 1043 2322 3188 3389 3475 3544 4200 6420 6610 7041 7430 7664 8713 9095 9592 10872 12384 12576 12695 13249 15935 16486 18367 18774 19476 23405 25887 26000 27563 29503 34007 41492 41793 43133 45810 46134 46735 51188 51265 61146 61719 65038
391 1195 1299 1530 3095 4080 4175 4788 5216 5339 5769 6003 6357 6564 8989 10487 11977 12926 13658 14657 15050 15134 17250 17459 20221 21572 21967 22160 22873 22899 22955 24254 36750 37019 39077 40440 42253 48633 52515 56833 60921 72030 106543
570 773 795 1310 1337 1764 2049 2416 2529 2657 3485 4173 4221 4314 6861 7677 8170 8697 10442 12110 13237 15056 15147 15486 17541 18930 21726 24926 27774 28382 29249 33504 34333 35410 36233 36736 39365 45462 47348 49645 71061 111040 111473
284 295 448 617 799 1000 2930 3266 3304 5162 6488 8254 9284 10044 10082 10989 11631 12711 13298 13726 13822 13884 15199 15655 17077 18703 21320 21926 22048 26022 27098 27487 28199 29114 31214 33551 36381 38393 52350 69836 85646 91831 111563
106 900 918 1046 1098 1594 2477 6392 6884 7226 8073 8884 9209 9363 9805 10303 10900 12505 13516 13942 14252 14949 14987 17608 18277 18284 18769 20912 21822 22602 26190 28310 29307 30975 31942 44093 44500 46379 46492 55736 57325 58283 163379
508 739 754 899 945 1515 1803 1824 1878 2771 3357 4767 5422 6402 8620 8999 9105 11006 11185 11802 13945 18602 19215 21371 21764 22937 23846 26312 27673 27877 28614 30675 32382 37620 40241 42361 47498 52132 57635 57658 65609 81643 92740
386 1457 1863 2112 4151 4370 5221 5684 5944 8895 9175 9376 10280 11580 12279 12373 12496 13717 14059 16599 16708 19158 19175 21023 22834 24989 25593 26802 27509 31700 32826 38017 38375 39385 39644 39896 42131 42253 44021 44469 56792 59827 62427
179 190 369 839 1113 1386 2011 3628 4403 4973 5875 6881 7291 8276 8497 9281 9413 11557 11744 12384 13661 13988 15084 16761 17033 24612 25634 27734 29306 30947 31039 31796 32602 32840 37190 37366 38359 38619 44819 47428 52849 54964 168779
369 400 1133 1755 2785 2822 4571 4895 5161 5206 5639 7050 7577 8523 9857 10168 10937 12721 14606 15339 16966 18268 18643 19197 19831 20305 20553 21252 23517 25280 26744 28122 29524 30909 32333 36140 41866 43299 44215 46774 63259 73729 144226
324 467 1455 1757 3125 4216 4247 4283 4865 4919 6327 6515 7333 8561 9034 11605 12601 12685 13717 14299 14932 15297 18417 19164 20332 21388 22219 23955 28247 28850 31751 33704 34902 35988 36231 40236 40760 43589 47644 51512 53456 77372 100335
77 1250 2237 3819 4084 4570 5021 5114 5233 5962 6214 6228 8638 8965 9246 9872 9874 9904 10433 11280 11728 13638 15635 21929 23052 24316 26248 26497 27703 29643 31237 32749 33217 33808 35258 38151 40031 47320 47878 50838 53160 87015 100315
256 311 429 777 1463 3441 3541 4147 5771 8157 10166 11611 11808 12160 12603 15403 16093 17764 18274 18968 20993 21139 22251 23442 24191 25196 25370 26087 26432 27085 27505 27519 28181 28532 28790 29979 35062 41653 49793 49906 53218 53584 115238
1925 3288 4694 4814 5313 5340 5380 5562 6862 7603 7706 8251 8536 10600 14151 14876 15838 16428 16524 16635 18730 19932 20146 20878 24616 24627 24687 25498 25675 28304 29207 30507 31108 33746 33957 34626 34708 37954 42265 56581 56826 68091 72201
1214 1350 2046 2812 2881 2917 3029 3391 3913 4778 4955 5231 5574 6225 7335 7546 8493 9445 9649 9673 10880 11299 12463 12561 13503 15769 19543 20287 21909 22493 23608 25363 30295 34073 42064 47898 53279 55922 65039 65423 69849 92369 94945
1066 1142 1593 2099 2450 4057 4907 5863 6847 7725 8447 10059 10592 11780 12420 12609 13287 13478 15047 16022 16039 16173 19218 19990 22633 23100 25750 27183 27736 30316 30641 31390 33943 35449 36301 38897 41524 44360 48049 53775 54916 60022 60124
