1000 37 10
3672 7047 12020 12825 28803 45439 72066 80449 238437 253944
1015 3191 12665 16900 22204 37175 52055 88884 148079 374339
2865 8254 8429 16020 17954 62666 110202 116433 143558 227488
8697 50029 56146 56246 60378 60868 83279 86434 92203 227585
5742 14820 16863 60390 75942 89067 90165 97092 171869 184622
9071 12650 16622 50479 70699 87199 88393 113555 126310 130971
5019 20589 27574 46463 48108 81435 85377 90762 191810 196747
533 4885 14061 29056 33208 44318 49682 69752 237602 240378
6899 18889 29793 36875 45132 45968 72385 86835 98120 234964
16081 17859 24830 29123 31378 37427 37777 205313 213479 258388
4362 7166 11798 69366 83929 89012 90260 96533 108883 156274
2886 8062 17461 18043 31711 38132 43926 62030 196584 227982
5309 8158 12276 32216 35440 41835 60075 134443 176152 189746
10211 11567 26761 39721 46563 84974 94140 126283 133074 141220
2583 25149 27501 57974 62572 74561 96321 105893 107138 135408
1715 6188 41408 52343 67025 82077 83350 106393 106622 236389
10654 10795 22829 52766 77575 83384 91466 118526 126386 280726
9718 14008 17644 22395 26153 28549 59105 176943 197091 219678
4282 25267 26081 31923 35980 51420 87206 115679 176055 199256
12229 12563 17585 25864 42330 63090 83590 126081 168161 299276
3445 5864 17391 20970 89592 98306 106716 135925 141023 205307
239 8823 26302 36183 55848 56799 58728 105737 153719 295354
6767 12984 23125 36272 36517 73697 75289 134884 158397 166460
7879 17403 41434 60978 63060 64862 113752 126267 166615 190297
6241 7804 17283 25295 28850 92525 101681 116167 141271 271143
5911 10400 14712 18666 24276 24789 82220 160777 208448 255291
4997 5765 14937 19914 47772 63864 70308 134207 214058 271790
11827 15248 31110 47542 50991 69028 91901 96255 142309 182518
5155 7304 21636 25764 55713 65955 72513 140774 170277 199927
1493 6999 7519 17737 43364 45729 64595 163137 183750 310726
6238 8130 8326 9622 52244 60089 104311 123057 137639 207790
8641 15969 27193 38106 40958 53071 97367 98175 130994 152638
2080 5889 7460 11645 21091 23877 90281 117174 201307 269815
5829 15853 22358 28968 30778 30963 55663 86044 122808 297375
3454 17091 29531 36228 43432 47744 48397 133660 136432 173495
3179 15362 16348 17185 20957 25236 60406 100988 187024 220759
1219 1242 5028 15252 39094 67516 99585 123099 191424 313646
