1000 19 10
5667 6225 7468 13010 44863 73973 80134 109759 233771 300159
3091 11338 15547 26454 34275 37921 39140 50752 141572 582079
6598 16002 41923 51278 83323 93207 104228 119408 124629 239185
14948 36068 68480 70148 72459 94031 102306 127934 165391 187858
7611 10167 22284 52386 53707 57500 94618 127412 177326 253193
4085 8838 29558 36594 56119 77954 89273 117748 189567 288087
12678 14616 27619 41429 57227 63043 131028 153879 185051 186073
2322 10952 29083 35678 45482 72215 109996 144240 201504 267173
22253 37586 38250 61779 68095 84181 104736 109407 139097 284449
2909 12940 15130 29630 70904 76086 82636 121504 227626 245644
3635 19823 47810 85404 87699 95843 97049 120142 126303 168867
47386 62035 70281 71436 74303 98151 98550 106783 144938 160722
4394 16031 21812 31231 40216 43171 109978 144755 178746 279810
22586 26482 42080 58634 69711 98999 113498 144439 148706 149460
13873 19121 23669 71002 72812 90579 111682 169866 172443 177550
526 6065 30940 40386 46748 103160 104274 166028 183687 186441
10187 27622 65358 68015 73594 81594 102420 139061 159755 167032
1388 14556 19461 39869 52642 104944 112602 160413 166353 226099
9438 18365 39789 46943 62646 94670 112284 131172 174203 227052
