1000 25 16
3191 6852 7995 8072 17234 27521 42054 46292 49958 61312 73795 87050 90871 91799 96917 185932
2659 3827 4583 8965 11864 14461 31103 36244 39285 42983 49069 52933 57537 105591 147037 302346
2891 6773 13489 20901 28388 30140 32042 32152 33856 49271 51459 100633 104765 106333 130645 181992
1813 1886 5183 9801 10749 14877 33432 44396 46624 60855 63887 65759 85722 112713 181643 202275
15378 15662 19958 24460 28584 33054 33279 38758 49348 61255 69965 73804 92479 105529 111875 144866
2120 13781 16678 21574 26255 32723 46442 52121 54173 59544 61288 68235 102079 115330 117062 132708
1408 8304 9083 21643 35664 37499 41912 42490 44767 49584 56687 58473 72452 115203 137434 226513
1411 3151 6551 7763 9564 16868 43061 48825 52092 53893 90793 94338 96769 113859 135359 140258
9172 17770 18158 31102 32738 36678 38893 42511 46144 49601 56980 58164 78648 122481 128115 164221
3056 7712 15383 17160 32375 35541 36206 51128 51442 68062 70305 72276 85653 118913 129462 168429
6430 9731 13557 14495 14609 22420 24412 25030 41434 53396 61759 75917 85041 125086 157868 192576
867 11509 12445 19811 22023 29091 29381 30321 43899 60162 78829 79996 85726 87547 120281 212282
8399 13012 13494 15168 19946 20233 21851 23269 33601 39086 49105 76814 90604 113926 121076 256660
4294 7861 13425 16687 19745 32724 32848 35641 65919 71835 73421 90187 109484 113219 119374 123661
2682 5942 18091 26203 32192 35832 36847 40630 49111 50297 57519 68701 81568 82579 151827 191915
4634 10916 12938 16392 23165 29987 35211 35463 43248 76774 82819 83645 85552 86180 125875 166935
930 1377 4269 7912 11661 18429 19570 44741 48465 57690 60057 86567 102028 127379 129547 182305
11891 14314 14919 23301 26810 28950 32417 45952 51429 54173 56953 59039 91466 115852 120228 173585
6221 8219 9067 11647 29031 31762 35316 42555 56872 64364 65056 78191 104872 112007 126372 149463
2230 2464 5896 8917 15425 20352 21931 29434 56652 58893 64960 77624 91067 98570 104389 304325
967 3967 10825 17645 19110 19122 19381 24126 38185 45016 55919 80083 113249 129459 146291 195056
747 4822 6973 9505 34269 34777 37327 46000 56602 59633 62528 86325 112875 123609 128933 135779
2461 3225 10450 10874 16276 39485 40802 55225 60782 63041 65445 80428 80821 101430 132003 174341
150 331 8546 15297 16090 21369 35622 39783 45241 55073 56444 69439 89807 133978 167362 188212
4238 7363 12356 14234 20972 22243 26429 36761 44899 50737 70162 70708 88027 107012 142430 211986
