1000 26 46
238 586 1182 1389 2028 2495 3091 4086 4741 4893 5073 5416 5423 7165 9120 9286 9335 9399 10102 10422 12820 13204 13289 13790 14159 15140 16116 17957 18266 18559 18829 21245 22452 24160 24534 30088 35402 40425 41533 47718 47884 51576 53197 55809 62598 68491
1537 1723 2289 2304 3213 3243 3663 3826 3987 4518 4788 6386 6865 7319 7331 7599 8804 9085 9292 10136 10581 11449 11470 14833 16496 18192 20895 23016 24635 26379 27636 31705 32409 33046 33423 33586 34500 37701 38652 38945 39169 39466 42052 43890 50550 67962
490 1153 1601 1649 2216 2462 3412 3929 4014 4260 4265 4313 5538 8646 8759 8797 9943 10393 10620 10648 11459 11709 12414 12906 13387 14519 15329 17147 17298 17352 17770 20251 20991 22099 23780 24699 27300 27652 30180 32094 41769 42145 48273 62058 66529 93268
23 201 265 274 1011 1272 1738 1874 1944 2013 2143 2496 4601 5044 5581 5919 6328 7093 7502 7736 9299 12436 13177 13580 13990 15027 15213 15573 17181 19253 22523 23620 25143 25489 27747 28873 29239 36249 37515 43111 43764 45639 65161 66915 69203 81340
515 1512 1839 2435 2540 3265 3366 4897 6308 6331 6387 6610 7330 7645 8660 9703 10221 10245 10366 11037 11085 11474 12084 12198 14814 15198 15266 15447 17719 18653 19299 20651 22198 22808 25439 29592 39168 41045 41296 42263 45655 50065 52784 53567 53973 78034
60 981 1540 2140 2171 2388 2552 2941 2971 3566 3638 4898 5887 6832 7138 7506 7853 8513 9430 9944 10514 11577 11893 12284 14260 14749 16056 17084 18198 20004 20649 23021 23068 24606 28190 28482 29469 30691 34050 34924 41672 46800 56470 61286 89379 101095
174 1233 1519 1736 2026 2081 2533 2537 3032 3110 3583 3701 3747 3934 4677 5269 5808 8056 10540 10751 11989 13916 14574 18114 18442 18540 18830 19399 20918 21250 22958 28683 29101 29722 32322 32367 36795 37004 37874 42055 42795 42835 44929 62145 71264 87603
371 1352 1915 3023 3959 4607 5900 5902 6288 7239 7485 8640 8764 8951 10289 10561 11339 11840 12291 12937 13010 13644 15250 15348 16380 16510 17197 19318 20439 20467 20609 22887 24433 27327 28573 29631 30208 30769 31325 32904 41296 44733 48043 53665 56223 59142
149 274 358 666 1193 1266 1448 1470 2613 3070 3740 3829 4247 4527 5415 5887 6253 8481 8820 8948 9839 10012 10290 10485 11780 11936 12660 16895 19549 22309 23478 24113 26955 27336 31635 33353 36759 37407 37822 43640 48581 48703 49129 52784 56896 113694
260 520 526 945 1095 1258 4119 5430 6035 6241 6625 7061 7147 7950 8804 8874 9232 9885 10094 10320 10545 10851 10929 12496 12777 15423 15481 15485 19679 22228 24294 25514 26410 26449 27359 27639 28971 30800 32435 32955 42849 43150 45423 56066 57747 84408
146 1202 2150 2170 4896 5308 6208 6952 6984 7836 7936 8449 8533 8673 9227 9569 9720 9871 11014 11069 11682 11701 11941 13606 13995 14236 15717 16243 16853 17549 17574 18398 18503 18584 22968 24037 26133 28564 33435 39692 40998 42116 44244 62977 75058 100489
283 1506 1737 2833 4372 4961 4971 5182 5210 5305 5514 6239 6499 7150 8520 9591 9699 9838 10210 10610 11662 12172 12838 13313 13607 13883 15560 16796 18001 18149 18927 21302 21924 22085 22607 24324 26555 29806 30629 33031 36859 40423 41421 53262 58613 80716
818 1580 1686 1710 1936 1943 2149 4670 4966 5306 7170 8274 8548 8669 9743 10927 12005 12819 13945 14491 14828 15848 16076 16573 16811 16881 20334 21848 22025 23128 23489 24015 24551 25189 25709 28772 32824 32906 34577 35314 37211 37373 43386 50279 55585 67410
414 1448 1874 2292 2525 3008 4237 4494 5685 6235 6287 6833 7185 7520 7614 7804 7915 8542 8600 8751 10523 11126 11281 12061 12146 14183 15999 17278 17685 19187 23915 24398 26070 26261 27648 28671 29048 29894 37061 39905 45726 60086 63988 69676 73081 74443
63 453 1475 3193 3404 3442 3450 5980 7320 8866 9093 9667 9670 9679 9940 11198 11286 12285 12395 12454 13714 14943 15028 15222 15240 16081 16141 17621 17807 17909 18665 20316 20644 24100 25438 27674 32865 33008 35316 37080 38517 41473 50901 52538 56793 71118
938 1409 1693 2129 2259 2817 2997 3306 3588 3718 4863 5090 5126 5429 5445 6732 6872 8087 8167 8465 9702 9792 9828 11340 12424 12626 12927 15199 15699 17964 18505 19891 20507 21366 22928 29705 32722 33107 34926 38803 41124 46375 60725 66259 69772 114975
359 555 709 1847 1948 3451 3509 4007 5130 5576 6276 6456 6919 9684 9718 10524 11846 12074 12097 12352 12612 12759 13354 14377 16427 16509 19030 19234 19732 20398 20792 21323 21651 23026 25290 32608 39168 40898 41870 42720 48886 49994 50294 51639 52649 56734
24 954 1504 1615 1926 2942 3133 3284 3386 3827 3883 4704 6295 6788 7483 7956 8193 8492 9914 11599 12067 12181 12576 12736 13419 14342 15216 17014 17088 19507 20310 21849 24660 25138 26585 27627 28065 30116 30589 38388 41741 45111 51689 55825 58854 98251
152 301 415 557 752 1544 2416 2619 4005 4570 5434 6310 6659 7749 8015 9460 10074 10640 12245 12344 13084 13819 16341 16399 18064 18236 18275 19916 20293 20633 20736 23046 23149 24189 25833 27638 28701 31034 32097 35747 37172 40020 41650 41991 59790 84225
17 182 1120 1444 1494 2274 2340 2466 3475 4106 4630 5442 5516 5996 7378 7643 9620 9823 10567 11858 12127 12896 13491 14200 15040 15508 16764 17307 17457 17753 18483 18885 21618 22209 22545 22884 25614 26058 35001 36233 36870 50201 71758 78433 79572 92582
592 592 758 916 1018 1057 1365 1376 1518 1701 2236 3085 5294 6237 6389 6720 7117 7186 7208 7331 8348 9096 9569 9598 10055 11826 11921 15203 15458 16176 16550 20464 22426 24478 26421 26429 27346 29514 37004 41539 65443 66890 70049 74722 76678 79414
76 784 2074 2209 2594 2892 3856 4356 4941 5549 5696 5883 6500 6950 7289 7487 7846 8296 9387 9536 9718 10951 11453 11866 13539 17000 17125 17830 19537 21961 22419 22512 25689 26798 28232 28627 28794 35204 36546 37491 48148 49471 58343 59278 61534 61894
83 1012 1593 1680 1991 1997 2074 2175 2727 3536 4565 5071 5432 5638 5965 6586 6836 7291 7683 8369 9580 10214 11966 13125 13327 15894 16844 17426 19626 23553 23888 24649 24945 26906 27374 28585 28605 32336 35572 36266 37192 42094 53260 62771 62937 65223
498 641 770 1299 1692 1973 2433 2704 2775 2856 3000 3069 3274 3664 3846 4021 5675 6219 6980 7424 8365 9197 10139 10579 13171 14358 14896 18378 19756 20612 22668 26029 26791 28055 28381 30998 34035 39173 40171 40881 45679 53396 66302 76450 80487 83895
87 91 406 2052 2879 3256 3277 3804 3842 4695 5985 6704 7145 7342 7544 8825 8851 9623 10319 11327 11370 14616 17645 18794 18964 19468 21887 22128 22574 23997 24943 25110 26437 27736 28107 29169 31954 32464 33335 39833 44438 51810 51961 56155 62825 69695
54 162 584 1167 1263 1884 2373 2800 5117 5461 6221 6648 7266 7406 7728 7970 8769 9677 9991 10135 10527 10933 11405 15671 16088 16942 17592 18320 20734 20953 21954 21975 22712 23070 28375 28946 31224 33109 35978 42203 47521 47838 51007 54859 56532 90141
