1000 33 41
1189 3351 3396 3638 5096 5245 5914 6410 6410 6720 7118 7696 8961 9139 11410 12021 14775 15397 16425 16498 19973 20243 20461 20821 23557 24954 26213 27695 28985 31661 34343 35982 36449 37717 41345 41630 42638 51891 53033 60871 88211
21 2020 2527 3581 3772 3950 3996 5447 5776 6320 7019 7108 7820 8856 9230 10880 11168 11415 11915 12850 13364 15282 15792 17638 18699 21161 24362 26890 26914 27451 27563 35170 35379 35433 43476 47518 49531 52638 53105 64060 115775
2656 3117 3378 5420 6086 6439 6566 7785 8091 8165 8556 8660 9508 9764 10958 11938 12492 13009 14027 14972 16154 17085 18961 19921 20704 21577 22239 22260 22401 25943 26549 31489 34706 36042 37078 43121 46579 47448 48372 55843 59796
733 979 1787 2325 3178 3857 4811 4908 5627 6086 6715 7014 8080 9790 11645 12070 12118 12392 12847 14270 14460 14796 15916 17244 17769 20274 22353 23133 25847 29074 30507 30577 33653 36019 38307 39153 39618 41153 58190 78255 79462
323 992 1854 2392 3580 3999 4014 4341 4655 4707 5396 7055 7618 9810 10136 10213 11353 11474 15723 15938 16964 17306 18346 19350 21971 22382 22655 23773 27854 30270 31949 32630 38048 38638 39950 49426 62172 64557 65841 76273 76498
563 668 1395 1586 1798 2342 2548 3052 4577 5016 5704 7641 7661 8221 8781 9088 10234 10561 11693 11977 12706 13047 13386 14490 15081 16874 18719 19481 21651 25088 27418 31753 34435 39208 39375 50018 52246 53384 58296 72918 103189
149 399 1214 1601 1859 1880 2479 5016 6752 8180 8294 9697 11782 12096 12345 12352 12655 13049 13114 13367 13534 13607 14878 16065 17707 18490 20840 26147 28829 29068 34776 36239 37324 39632 42784 48338 50594 62850 66401 70862 91513
525 963 1062 1767 1976 2853 3272 3926 4665 5045 6173 6450 7609 9444 11032 11878 12851 13340 14002 15269 18621 21202 22205 22451 24102 24122 25588 25815 29144 30298 34395 35174 36674 37582 38560 41553 41724 43249 46292 50169 62415
1310 1747 3029 3418 3665 3817 4153 4271 6150 6280 8448 8597 8842 9106 9572 9640 9869 9969 10293 10685 11474 11741 13157 13742 14441 16106 16574 18337 20838 21534 24386 24714 27691 28880 49831 61373 63315 71170 71257 71627 82544
1302 1900 2799 3642 5415 6369 6487 6947 8247 8676 9283 10069 10154 11344 11898 12536 12788 13117 14647 15163 15723 19975 20207 20243 20412 20725 20985 22061 23257 23436 23664 24475 28201 29412 32042 52238 52259 52457 63515 70583 97995
260 805 1414 3723 4220 4272 4338 4508 5038 5910 6037 7231 8578 8652 10059 10582 10768 11935 14735 15195 16694 21291 21331 21478 23152 24077 26555 27252 27379 27994 32471 33447 34754 35099 39270 43995 45811 46150 46909 60272 134211
268 389 3213 3413 3965 5580 5973 6195 6363 6445 6888 7263 8909 9112 9130 10549 11157 13328 13411 16236 16254 16605 17248 18393 19306 19986 23825 24654 25493 26296 29163 29517 30318 39781 39890 41744 53524 56142 57339 58235 88183
560 809 1792 2637 3762 5120 5455 5495 5764 6487 7169 7593 7615 9999 10342 10977 11115 11421 11707 14218 16604 17470 18400 18862 18939 23896 24132 24383 24726 25108 27284 31293 38048 38250 39803 44537 51197 54380 60076 64441 74335
83 673 1012 1028 1184 1661 5591 5827 6036 6639 7356 9358 10351 11649 11788 12218 12550 13142 13895 14090 14255 14292 16713 18078 20048 22216 25300 25608 26352 31502 32857 35107 35382 35837 37615 40600 43269 50059 50460 55108 68842
330 919 1230 1693 1921 3260 3739 6341 6358 7312 7771 8503 8583 8715 9709 10260 11592 13084 14749 15692 17106 17370 18833 23729 24535 25017 25348 25766 28343 28953 31073 31753 33217 35346 36599 40129 42853 50697 54587 65049 79691
321 599 757 1152 1200 1810 2180 2493 2904 3983 4109 6153 6824 6954 7217 9959 10908 11016 12193 12955 14581 15928 16162 16253 16478 20538 21110 23433 27216 35703 37604 38208 38901 40419 41937 42551 45560 47338 53315 66503 106697
927 1416 1555 3101 3253 3847 4093 4402 4976 5340 6074 8940 9122 9176 10293 11690 13077 13174 13219 15717 16130 17382 22130 22661 22767 23211 23630 24042 25507 27989 31353 35322 36874 43085 43662 45056 45092 45710 56707 59722 64844
88 528 2056 2079 3391 3672 4063 4181 4415 5114 5514 5651 7826 7955 11100 11705 12073 12778 13460 13767 16931 17681 18211 20175 20433 21027 21044 21262 23530 25228 26639 31329 34392 37217 39346 47056 47141 47653 48476 93849 97425
2658 2664 2829 3832 4019 4447 4819 6105 6129 6749 7238 8040 8717 9464 9744 12124 13095 13200 13793 14602 14989 17936 19230 19237 20365 20667 21664 25332 29220 29807 31308 32146 33620 34472 39991 43086 44236 44722 61661 85118 90124
552 658 1038 1042 2665 3705 4914 5181 5589 6399 6620 7054 7398 7787 7791 7799 8244 8923 11349 11701 15641 15958 17193 18985 19433 21290 21675 25810 26094 27266 28974 30442 39564 45685 48263 52320 56557 58406 63013 75812 97879
322 1110 1731 2753 2833 3286 3375 4263 4495 4753 5708 6303 6772 7352 7553 8310 8420 8818 9467 10250 13545 15297 19556 19836 20028 21165 22640 25186 26880 28939 29236 36651 38890 42420 44332 48844 57026 57481 58901 63127 73679
305 1075 1604 2170 2983 3624 3818 3919 4477 6176 6936 6948 8140 9716 9818 11374 11818 12617 13308 13351 14291 14483 15023 15068 15935 17960 21804 22669 23580 23619 23626 28495 39337 42028 47765 48242 51884 52631 53843 54470 98685
25 1307 1704 3022 3897 4367 4878 5057 5715 6164 6554 6587 7556 9098 10796 11899 13282 13860 14049 16198 17754 18004 21851 22894 23439 24043 24670 25358 29436 32008 33540 37477 38542 39072 40133 40902 42912 43219 45870 63155 73076
1587 2726 3635 3661 3934 5418 5929 6836 7279 8893 12660 13825 13942 14476 14712 14848 15150 15226 16234 16493 17055 19188 19520 20074 20078 21511 22838 22847 27149 27287 27367 34034 34377 37798 39263 48310 48498 49592 55792 61674 62659
1005 1257 1309 1837 2009 2813 3373 3530 4495 4839 4911 5485 6222 8842 10107 10765 11115 13103 13459 13704 13740 15955 19414 19904 20648 21931 22293 22728 23550 25330 27745 29126 30130 36014 38449 42272 44470 53688 81041 90156 93836
320 710 1055 1445 1730 3764 3891 3995 5038 5501 5634 7043 7314 9373 9471 9651 10609 12680 14638 15335 15574 16562 16972 17159 19558 20280 21544 23024 23494 26380 26860 27454 28657 36110 37002 45676 56295 68505 71806 75827 95932
11 305 1851 2922 3707 5943 6411 6863 6866 7283 7870 8849 9079 9523 10201 11621 12501 13251 15552 15878 17257 18777 20766 21478 21998 24152 24532 25002 25111 30542 31085 32141 33755 34520 39039 42231 42734 43270 55071 65050 111455
31 779 1047 1258 1319 1442 1878 1897 2392 2486 2618 3038 4034 4147 4588 4794 5909 6511 7424 9956 12636 12836 16445 17850 21006 21693 25182 27434 29991 30788 32218 33312 35428 38836 41785 42546 53750 54911 58948 62936 109407
263 284 350 635 1450 1925 2143 2253 2920 3826 4553 6448 6783 7436 7742 7848 8614 8789 9320 9763 9804 10070 10667 11453 17772 18421 19770 21276 21772 24708 27997 28866 29814 33903 50432 52358 55481 73209 75749 78223 87549
8 225 502 1641 2550 3920 4879 6725 6930 7322 7630 8423 8628 8756 9077 9157 9519 9592 11050 12649 14697 14798 16234 16944 17822 18087 20153 21494 24825 25010 26182 28315 31901 36662 38056 43425 45971 59023 67316 73536 87393
150 178 876 1003 2398 2919 3090 3109 3905 6429 7829 9004 9813 10636 10897 10901 12652 14443 15645 16577 17596 18179 20140 21659 23088 23141 27093 27217 29497 30787 31759 32244 34581 40226 42296 42527 43310 49491 51302 80103 103231
1575 2552 2770 5737 6832 6862 7048 7176 7865 8229 8466 9081 9726 10393 12320 13632 13855 14288 15426 15512 16036 16145 16639 17573 19150 19299 19795 23781 25754 26477 29548 32571 33055 41043 41596 43270 48291 54783 58210 60331 85663
3 740 1055 1907 2205 2797 3539 4335 4589 6677 8491 8571 9261 9972 10382 11551 12064 14889 16799 16848 19456 19614 19836 20112 22540 22982 25845 25900 26000 27304 29668 30153 30257 34197 36361 36617 43396 46225 52362 59395 78178
