1000 40 49
374 507 723 1917 2024 2219 2950 2961 3190 3581 3699 3749 3770 4163 4197 4304 4421 4957 5520 5961 6094 6492 7224 7432 7759 7964 8778 8916 9180 9804 10735 11026 11630 13072 13826 15004 15810 16377 17125 17559 21061 40542 41877 46889 50843 51742 67231 77630 83037
111 283 414 1192 1485 2055 2091 3137 3329 3355 3408 3929 4864 5666 6069 6629 7636 7818 8007 8860 8969 9095 10995 13740 14010 14981 15399 15671 16149 16368 17832 18712 19346 19770 20350 20486 20626 21368 21921 22060 22726 23160 27951 28625 28876 41643 42639 53581 62654
36 47 284 483 1174 1546 2954 3407 3690 3702 3919 4323 5586 6596 7119 7342 8001 8636 9716 9905 9954 9995 11153 12185 14346 15203 15267 15978 16138 17257 17524 17710 18415 18698 18773 18947 20918 21420 23935 24519 25814 27661 30926 32528 34257 35035 36470 42612 77117
117 991 1064 1519 1528 1538 1759 1956 3048 3288 3317 3982 4424 4764 5153 5903 6398 6462 6632 7673 8355 9019 10148 10782 10870 11452 12050 13426 13691 16406 18004 20161 21835 22706 22753 24072 26553 29593 31299 32823 32947 34725 43629 43706 46199 46406 59731 64353 86829
54 309 561 973 1468 1522 1917 2191 2445 2510 2569 2793 3735 3800 3846 4769 6191 6451 7512 8481 9068 9468 9972 11107 11245 12199 12321 12441 13075 13230 16170 16475 16592 17668 19997 22319 22786 24227 28639 29433 32991 34022 35540 42449 43136 47905 54157 58582 82298
353 483 910 1108 1654 2007 2342 2461 2536 2921 3274 4858 6308 6647 7210 7249 8318 8523 9213 9259 11219 13813 13874 14963 15735 15937 16146 17100 18042 18934 18989 19507 22622 23129 23310 24883 25489 25694 25996 28943 29708 32865 35356 35513 35614 43209 44843 57333 67342
336 668 1000 1083 1227 1354 1416 1426 1850 1943 2505 3450 4147 4337 5631 6331 7271 7460 8587 8999 10179 10294 10583 12012 12163 12975 13077 13162 14027 15576 15610 16336 16585 16917 18328 20990 20994 22140 22217 22381 24991 25692 30104 36821 37304 37415 39072 74887 76106
61 162 649 775 1100 1133 2042 2603 2789 2933 2947 3146 3312 4600 5061 5548 5704 5837 6341 6454 7534 8815 9127 9155 9254 9280 9732 10548 10736 11246 11366 11722 13729 15108 16944 18141 21453 27262 27634 29086 30856 33507 35548 38352 45222 47196 52161 52357 57078
200 1058 1605 1668 1748 2153 3248 3760 4234 5535 6759 7596 7877 8231 9032 9107 9333 9604 9686 10040 10042 10379 10429 10622 10654 11408 11470 11801 12307 13605 14301 14381 15334 17371 20676 21692 24494 25170 25348 25580 27255 27440 29176 32476 35697 38396 58398 64383 82905
166 614 1964 1983 2082 2177 2221 2509 3083 3120 3245 3276 4840 5131 5624 5932 6230 6537 6537 6594 6704 7114 7295 7853 8796 8875 10214 10408 10552 10834 11781 13287 13516 14274 15876 15984 17431 21202 24672 26667 27443 33244 36209 37755 39012 43841 46576 61105 98681
93 133 476 972 1301 1535 1647 2733 3049 3080 3128 3134 3948 3948 4320 5212 7520 8814 9323 10272 11003 11416 13000 13866 13926 14193 14785 16432 17775 18451 21343 21607 23074 24715 26845 29029 30465 31507 32121 32989 34765 36158 38450 42416 43591 43987 44520 49146 68012
73 539 611 1525 1942 2849 4019 4344 4601 4611 5246 5516 5878 5883 6547 7016 7326 8390 8484 10065 10093 10120 10804 11589 11724 11762 12817 13065 15991 17559 17863 18252 18829 20661 22813 23145 23307 23663 24029 24925 29656 29766 31539 33148 37841 42298 42534 87672 96881
48 297 356 763 1057 1194 1311 3514 4099 4599 4940 4966 5051 5119 5683 5833 6012 6070 6177 7487 8432 10969 12806 13207 13822 13894 14073 14165 14165 14255 15095 15229 17536 17832 17871 18531 19691 21756 22974 23243 25011 26648 30328 30418 36047 42467 48775 55098 80120
878 1053 1117 1336 1841 1917 2879 2914 4524 5067 5312 5611 5758 5924 6695 6806 7256 7731 7865 8504 8817 11549 11999 12263 12611 12629 14418 16520 16913 16962 17118 18825 19070 19559 21922 24275 24888 25130 27742 31794 32155 33098 39298 41173 41857 43215 43261 45194 49701
329 344 634 727 1441 1733 1852 2532 2871 3634 4790 5260 5326 6472 6716 6738 7719 8203 9308 9974 10063 10458 10722 10762 10888 11994 12001 13338 14226 14439 15398 15649 16910 17021 18832 20282 20995 21672 21819 25167 25330 25411 25868 30456 36340 37023 41804 49113 90724
33 360 645 1168 1546 1668 1866 2052 2143 2274 2777 3165 4001 4166 4361 4742 5336 5526 5568 6420 6536 8043 8237 9750 9782 9962 10248 10368 12444 13000 13064 14416 15461 16730 16831 21710 21918 23379 23972 25212 26567 28496 29789 39785 39925 43918 47908 70911 78675
354 1226 1427 3101 3136 4054 6053 6078 6396 6497 6564 6683 7100 8092 8667 8934 9410 10217 10379 10429 10474 10775 10788 11108 11521 11538 12178 12578 13116 13803 15110 16345 18444 19262 19752 19937 20465 20636 22919 27019 32026 34642 38641 39165 45437 47479 48265 61749 66256
178 230 451 805 1559 2927 3184 3579 3738 3974 4390 4643 4863 5211 5473 5588 6320 6486 6663 6765 8152 8538 9020 9124 9496 10514 10664 11390 11823 12233 14732 14771 15691 21534 22573 22706 23693 23724 24069 26586 30574 31088 35516 39900 42240 50416 54685 66392 69524
989 2009 2363 2740 3705 5003 5096 6688 7079 7351 7754 8732 9030 9086 9130 9192 9215 10086 10110 10324 12008 12909 13924 15307 15359 16598 17280 17457 17485 18775 19828 20250 23060 24673 25442 26013 26209 26636 27516 27659 27784 27876 28330 28445 28632 31912 35834 40107 56694
692 778 1316 1766 2062 2250 2269 2646 3368 4109 4621 5219 5766 6102 6196 6758 6809 7485 8300 8657 9712 9787 11022 11388 11762 11968 12309 13009 13050 14773 14778 16366 17466 18459 20008 22265 24587 24686 25737 27754 29311 33229 34909 37628 41321 43221 49454 56036 68815
752 791 897 1362 1801 2828 2831 2847 3028 3300 3305 3327 3331 3666 4896 5136 6246 6577 9824 11372 12045 12051 12142 12311 12721 13079 13178 14593 14868 16085 17219 17306 17409 17446 17836 18678 20548 20568 24032 26120 26370 31211 31359 32775 36498 36536 41878 48644 52953
1188 1356 1813 1871 2176 3602 4125 4617 4748 4951 5801 6109 6350 7570 7714 8365 8496 9107 9248 9337 11212 11220 11441 11575 11743 13011 14280 14957 16680 17447 17455 20022 21897 21987 23037 23677 23702 25253 25763 27218 29076 29420 30080 35199 42496 45631 48707 52183 80443
24 432 764 1359 1428 1646 2265 2624 3034 3896 4316 5176 5176 5428 5632 5835 6483 7005 7123 7129 7149 7479 7845 8516 10769 11234 11817 11893 15285 16051 17537 17543 18989 19508 22329 22809 23981 24769 25137 30492 32123 32500 32851 38923 42471 44354 45320 61949 72893
297 676 1884 2003 2474 2666 3531 3573 3592 3718 3785 3818 4155 5391 5602 6107 6896 6981 7225 8722 9796 9885 11732 12503 13672 14010 14243 15287 15325 15357 17912 19912 20066 20472 20917 21223 22812 25232 25420 26473 27802 28785 29650 34945 35068 36517 38978 39185 39473
107 385 649 716 1532 1564 1598 1729 1830 1973 2266 2384 2455 2958 3401 3622 3646 3992 4647 4943 6198 6540 7154 10062 11126 11303 12576 12706 13451 13547 13740 17274 18728 22337 24812 27622 30929 31160 31314 32448 35456 35476 37125 40716 41219 52468 58365 58732 87352
482 785 954 1007 1232 1859 2512 2600 3039 3376 3758 4389 4491 4817 5719 6157 6383 6722 6749 6930 7225 8606 8779 8950 11255 11591 11669 12035 12445 12859 12871 13805 15014 16222 16856 18409 19092 20113 21810 24632 25104 25343 30902 37798 41681 47595 55849 70467 78078
521 1105 1801 1809 1818 2609 2826 3158 3451 4313 4826 5773 6473 7603 8797 10045 10844 10877 11905 12181 12351 12503 12625 12625 13242 13828 15070 15321 16291 17146 18433 18497 19143 19575 21400 21652 22272 25424 25677 32364 32613 32941 34309 34974 40030 44127 48046 55503 89944
292 394 979 1288 1718 2959 3075 3162 3596 3728 3933 4250 4487 4739 5421 5515 6026 6445 6782 8161 8421 10061 10276 14541 16801 17387 18258 19907 21816 22949 23248 23284 23286 23350 24098 26844 28191 29330 29469 29829 32287 32889 33262 37038 37233 43276 46064 61183 66475
522 989 1015 1077 1438 2032 2264 2409 2492 2517 3569 3605 4459 4621 4702 4790 5926 6041 7176 7437 8118 8212 8242 11446 12377 13257 14153 14629 15334 16194 17790 18339 19437 20476 20892 20942 22794 25002 28232 33179 33654 34709 37069 43382 53862 57369 59367 66432 67536
1030 1087 2619 2647 3859 4313 4640 5400 5633 6034 6516 6779 6997 7651 7710 9834 10540 10598 11012 12148 13744 13785 14201 14902 15710 15960 16705 16724 17065 17823 18858 18946 19994 20172 20550 22191 24681 29643 30691 30950 34359 35323 35456 35963 37332 39105 42110 55834 60478
343 1680 2283 2902 2922 3106 3163 3484 3641 4467 4865 6013 6165 7603 7943 8842 9418 9761 11083 11780 12254 12278 12484 13718 15438 15829 16468 18065 18683 18920 18942 19026 20420 20478 21120 24291 27227 27484 30042 30211 30881 36510 36677 37875 38066 42580 48059 56130 76801
338 423 694 1077 1405 1638 2638 3206 3339 3384 4088 4281 4371 5173 6092 6206 7675 7994 8376 8735 11308 12042 12228 12698 12878 13598 13636 13715 13943 15516 15719 16349 18452 18877 20486 21872 22697 23978 24724 26380 26390 26445 40242 47093 50780 53212 55164 63169 66764
143 422 684 740 1053 1306 1334 2267 2408 3911 4298 4380 5144 5687 6851 7404 8031 8402 8612 8728 9889 10165 11856 13062 13223 13557 14179 14331 15427 15672 17706 19221 19611 24641 25467 27168 27787 28964 29874 30908 32428 34120 35246 37418 40834 41819 42969 46391 53113
483 550 1372 1498 1549 2004 2743 3511 3600 4508 4848 4899 6044 7124 7138 7145 7377 7993 8098 8570 9107 9384 12216 13835 14124 15339 15736 15784 16123 17862 21373 21413 21531 22469 22891 23795 24643 27346 27848 28744 29471 37586 40706 41090 44713 44915 50388 52053 86584
499 933 1361 1389 1390 1699 1797 2532 3257 3471 3969 4430 4671 4798 5210 5548 6117 6142 6485 6544 6550 7403 7619 11684 11913 12321 12942 14369 15912 16210 16210 16488 16674 16675 17067 17372 19703 20343 32517 34308 34642 35396 35407 36747 48835 56711 56880 57050 57474
113 588 3366 3761 3932 4149 5170 5791 5866 6635 7309 7311 7388 7551 8227 8452 10078 10103 10170 10671 11145 11512 11669 12173 14194 14765 14938 15194 16269 17020 17237 19410 19985 23815 23975 25385 25728 26603 26986 28849 32447 32644 35660 36063 38638 40469 41176 47183 69421
468 1297 1332 1490 1709 1802 2227 2653 2722 3633 3670 4179 4632 5892 6179 6187 7030 8751 9175 9273 12067 12597 12697 13520 14158 14187 14312 15146 17264 17365 17490 19881 20604 21450 23286 24284 24489 25181 26280 26796 28236 32729 32974 40645 45135 46829 51878 73120 102124
278 1530 1626 2040 5777 6074 6328 6475 8192 8306 8361 8573 8580 8777 8922 9044 9351 9588 11254 11921 12057 13311 13366 13988 15136 15140 16066 16342 17389 17756 17920 19204 20507 20526 20812 20825 21135 21506 21895 22251 25796 30872 30878 34091 39471 42594 46823 52978 66303
367 371 576 695 840 863 1794 1877 1914 1933 1985 2093 2184 2410 2593 5727 6226 6330 6337 6379 6539 6579 8126 10294 11140 11627 11770 13091 15162 15916 16002 17348 20731 21299 23854 24413 24521 25898 25994 26300 27071 27551 33664 40210 53901 54840 59990 61889 64978
30 192 331 486 966 1240 1609 1672 1849 2671 3226 3320 4485 5416 5588 5758 5916 6310 7450 8236 8743 10758 11403 13155 15166 15412 16039 16431 16750 17689 19081 19628 20108 20135 20287 22520 23074 24224 24500 25305 25371 29142 29161 29495 29689 30299 34650 40998 81142
