1000 45 8
4777 10709 40229 46631 119380 151479 226784 255737
12845 22264 81636 85692 99067 129376 234682 284571
12139 99713 110435 120949 125416 132530 144771 187798
904 22305 31223 88384 113946 183810 200966 280266
17256 37321 59755 62113 73731 95744 258789 326918
24875 29283 64250 84414 89636 123960 209934 230074
4099 24355 39460 43730 43916 135202 191949 395006
1411 10681 16677 72695 75932 133860 271803 276850
8137 39667 50533 67410 111673 133436 253521 255298
32094 32125 56049 61695 142026 169350 189228 240378
39773 41548 68853 93711 97424 107875 215947 280552
38245 66658 72607 80111 106189 125016 169336 200781
6562 43655 53940 73020 110585 136210 141158 340503
12371 13615 56398 58005 126334 132595 201317 335221
18116 34409 51854 76207 149946 150860 165310 268469
18052 26283 81828 85909 88571 105041 230811 275345
15100 48091 63885 90789 126680 146650 190320 201658
25486 58321 67573 71807 89891 157396 200951 231295
9366 28674 41513 76641 84205 157432 206784 260917
5975 25659 35541 81043 119687 122894 195640 286089
9509 11242 20398 32971 130124 138189 244595 279813
16442 53213 58499 91324 115875 147927 170286 235770
14283 20612 39469 46731 124732 131241 172149 304066
3000 6651 16101 35474 68104 91056 159043 494814
16987 19910 36416 67273 116726 143734 158600 390014
11284 64454 93447 105349 105382 127122 165184 186780
9565 57514 64506 85798 133583 138742 210692 221161
9212 16056 35918 51757 128795 149315 208602 347029
39 32788 77717 114758 140333 141370 162205 276525
17818 20554 43141 74887 155008 161989 187200 220110
7669 7840 60407 69016 87797 99223 180903 419854
12401 36550 41872 76743 80578 165840 194986 267082
10348 12413 29835 66491 90372 201172 243658 258775
7588 14348 27853 83284 150459 182815 191362 199105
17631 79307 79814 85305 88145 162546 165081 177829
16236 16545 19497 109362 119783 160080 220785 232747
15006 40844 76763 88925 138180 151508 167227 181874
1891 5107 15006 17869 72345 74935 316446 366468
11272 42060 63245 74682 104567 145628 155977 289858
55054 58976 87086 89307 110134 119222 183637 188738
62604 66440 68741 77273 101189 102554 193373 231978
3479 21570 29515 55960 72204 132111 221326 388533
2332 3042 12256 98165 112023 122841 156645 353810
32936 39266 80155 106263 133242 144585 165918 243471
10696 14246 17361 49751 58137 142932 197130 425805
