1000 41 46
275 549 1086 1362 2178 2237 2331 3430 3587 3722 3761 3804 5434 5608 5882 5910 6412 6597 7717 7742 7773 8579 8650 9025 11028 11830 12078 16420 16650 20629 21683 22379 25916 28040 28248 32048 37093 42176 42317 48523 49781 50245 53308 70103 73504 132236
359 1107 1466 1775 1905 2025 2255 2265 2302 2335 2682 3879 3917 4011 4507 5527 6314 6363 7995 9034 10277 11030 14185 16105 17277 17674 17969 18176 18237 19910 23414 25289 25391 35693 36056 36214 37701 37980 39267 41175 49549 50095 56714 57335 71435 73499
759 935 955 1619 1748 2116 2275 2942 3273 5625 7566 7903 8588 8978 9111 9326 9674 10400 10578 10702 11419 12825 14755 14988 16480 17586 17948 18766 21929 24464 25235 25675 26629 29162 31068 31211 33812 37532 37865 40999 41837 44653 56869 63613 68808 74171
55 310 412 1003 1995 2380 2521 2638 2729 4433 4533 5317 5774 6336 6552 6624 6823 7614 7756 8110 9399 10489 10727 11751 12208 14797 15912 16292 17368 17798 21169 21262 23818 25055 26102 30070 31890 39034 39679 50552 55003 59808 60584 61357 61501 100868
726 952 1286 3051 3569 3627 4128 4284 4655 5762 6943 7505 7577 8057 8082 8305 8825 8912 9421 13130 13196 13736 14005 15766 16172 17216 17550 18586 19871 20186 20563 20990 23336 24384 24772 27221 28725 32336 32717 36822 36850 47242 57824 61596 81594 99362
6 1436 1612 2931 3154 3797 3805 3996 4662 4764 4968 6493 6847 6861 6862 7700 8422 9199 10164 10186 11493 12602 13879 15416 16845 16900 18967 20565 21427 22119 22324 22742 22998 24205 24484 24866 24992 31904 37896 40321 45333 46135 51468 52998 62476 128907
352 439 1383 1526 2462 3109 3208 3783 4160 4251 5192 5885 6784 7893 8842 9797 11482 13362 13917 14439 15002 17391 17612 21096 21694 21847 22834 23637 23742 25914 26807 26939 27017 27513 28830 29105 30536 31227 32215 33871 36834 38179 47660 56107 72163 86723
528 733 1147 1496 1525 2152 2957 3657 3816 3983 4203 5063 5346 7231 7642 8636 8698 9998 10322 11540 12859 13415 13913 14150 15092 18542 19427 20817 23762 25062 26179 26706 27316 27527 29430 29872 30059 31033 31748 37689 39777 41396 46167 49355 82178 107079
439 652 965 1961 2433 2609 2703 3230 3338 3476 4314 4590 5276 6061 8068 8317 8653 9472 10231 10381 11865 12463 12503 12853 13391 15608 15685 15969 16332 16453 17214 17385 22226 22884 24047 25235 26172 33935 36214 38740 51425 51506 57103 61288 68672 152641
95 566 808 1148 2211 2464 3186 4045 4148 6309 6488 7554 8050 8213 9272 9282 9896 10964 11333 13967 14071 15274 16632 18292 18772 20848 21673 21895 22006 23937 24199 24872 28292 30841 31204 32263 33322 35539 39147 39792 41656 41743 41745 42968 43807 80266
250 477 1556 1722 1981 2078 3012 3836 4313 4774 6116 6200 6523 7149 7804 7953 8776 11085 11352 14552 14620 14798 15103 15822 15869 17865 18274 18550 18788 22020 22132 23252 24394 27139 28328 29233 29726 34462 35087 36260 39558 41022 51433 64366 73506 94755
391 843 1702 2983 3228 3271 3499 3760 4934 5114 5390 5791 5792 6155 7293 8102 8879 8890 8981 10355 13157 14163 14387 14549 15172 20105 20426 22388 23757 24311 24477 24570 25001 25610 27950 28449 29681 31785 33364 34878 39003 46443 46746 51773 64549 116370
346 1307 1446 1941 2439 2452 2745 2949 3180 3440 3444 5244 5380 6098 7775 10749 11342 12117 12348 12493 13234 13289 13857 14218 15134 15774 16291 17217 17628 18591 19401 19746 20976 21249 27877 31613 32177 32924 40490 41520 42278 50645 53041 53562 68008 125588
21 404 713 865 1348 1515 1533 1735 1789 2072 2301 3110 3205 3514 3947 4702 4753 6596 12511 12567 12615 13119 13851 14345 20110 20231 20315 20497 21281 23818 24030 24825 27757 28188 31919 32649 33860 36868 37080 37646 42603 46883 56158 65198 73001 75939
189 318 1577 2093 2488 3511 4038 4045 4353 4420 4570 5156 5641 6695 7095 7615 7648 9075 9235 11486 13331 15611 18090 18250 20611 20728 22468 22762 23322 24457 24641 24773 25529 25708 28598 31185 32502 32933 35350 35469 36138 46653 58184 58209 70666 85703
368 1015 1054 2316 3253 3499 4061 4279 4589 6245 6602 6639 7319 7367 7562 9016 10745 10822 12281 12311 13074 14074 14773 15037 15802 16624 16725 18332 18696 19489 19783 20127 21870 23850 24952 28377 28455 32332 32867 34883 41273 48407 50309 50790 89728 94512
120 252 369 490 1008 1653 2018 3910 5326 7292 7374 7582 8733 8894 9845 10909 11171 12576 13027 14383 14501 14560 15320 15400 16894 17684 18120 18952 19970 21885 22872 25331 27141 29513 29826 31071 32149 33707 34174 36653 38539 39938 42015 42331 81459 100032
96 236 476 1292 1996 2777 3320 4454 4770 7823 8007 9485 10109 10932 11162 12051 12276 12932 13289 15062 15133 15866 18471 19548 21089 22099 22264 23849 24611 25238 25426 26418 26871 27097 27365 28025 31229 37673 38612 39131 39738 44542 45202 47361 59521 76995
390 502 958 1126 1432 2121 3875 4243 5356 6234 6385 6761 7300 7499 7539 9321 9534 10083 11855 13918 14125 14306 15999 16147 17229 18555 18925 20013 21024 21222 21779 23018 28294 29060 29130 30783 32946 33760 39766 41392 44329 45617 47088 55092 79975 92617
83 148 513 799 1316 1900 7220 8354 9086 9497 9528 9966 10850 10889 11201 11558 11618 11862 12020 12029 12959 13568 14303 14379 14958 16555 17624 18482 19599 20270 20474 20929 24056 24449 24862 25677 28844 30759 30838 34186 34822 42410 55084 55673 73926 108484
190 451 807 1345 1370 1476 2230 2634 2724 3021 3408 4158 4288 4614 4850 5413 5754 8099 8197 8922 9199 9928 10385 11367 12675 14702 15698 16132 16719 17634 18485 19752 20906 23524 23879 24978 30570 32709 32751 38023 38400 40270 46139 54719 120372 157433
156 762 1243 1253 1284 1461 2552 2884 2891 3416 3511 4774 6031 7186 8030 8161 8302 8420 8871 10373 10470 10936 12561 13176 15074 18564 18955 21004 22748 24350 25918 28713 32261 32672 34155 34214 35960 36423 41289 41368 42486 50166 52197 52928 56384 71619
1462 2052 2395 4354 4407 4742 5289 5778 7478 7771 8021 8332 8542 8649 8884 9792 12111 12459 12645 13257 13381 15010 15651 16386 16509 17481 17565 19857 20017 21261 23667 23760 23865 25798 27274 27790 27922 28040 35485 35496 43337 43862 50005 50414 69621 79593
405 412 838 1103 1191 1700 1919 2637 3269 3556 4025 4049 4783 5453 5713 6353 6473 6948 7203 7699 9230 13273 13474 15322 17322 17451 18105 18205 19549 19803 21702 21815 23123 23435 27689 29324 33320 38209 38539 41275 41458 48037 81542 85033 85885 88954
372 1516 1732 2949 3022 3131 4742 4872 6031 6896 6964 7043 7126 7383 8541 10581 11318 12089 12314 12787 14050 14328 14810 17436 17970 19812 20576 20924 20965 22042 22646 25877 26057 28629 30560 31409 32663 36286 38555 40344 41481 47762 48838 50823 54431 61225
117 469 778 1770 2581 2883 3233 3423 3446 3977 4107 5170 5519 6375 6859 8896 9792 10302 10999 11336 13130 13215 13444 14100 14163 14317 14441 14825 15080 15381 15774 16029 19834 20377 21091 32268 39859 42210 45709 46057 55847 56426 57205 59423 60710 92358
243 651 827 2619 4135 4664 5016 5017 5031 5049 5589 6001 6740 7490 9310 10501 10641 10870 10963 10979 11179 11227 11384 11964 14164 15421 15512 16154 17914 18493 20403 20600 26736 27963 29492 31653 32503 32662 32682 37301 39977 49973 54546 57315 74599 98599
587 1259 1524 2291 4556 5340 6514 6794 7691 9446 10452 10788 11262 11430 12248 12374 12702 13326 13328 13897 14464 14980 16637 16811 17497 18026 18070 18985 20221 23785 23908 24092 24202 25294 25780 29373 30389 34254 36486 39293 40738 42623 49803 52121 52186 76936
1312 1381 1548 1632 2147 2356 3123 3160 3545 4794 4840 4946 5119 5360 7628 7892 8734 10631 10644 11113 12350 12882 14186 15298 16036 16818 18183 18938 19529 21046 21149 21318 23252 23285 24036 24465 29574 29812 35166 36612 43007 43720 57720 67032 90868 97923
605 785 883 951 987 1410 2321 2878 3206 3439 3583 3637 4332 5002 5532 5584 6098 6588 6787 7715 9537 9978 12053 18237 18535 18900 20797 21293 22334 23632 24836 24846 25708 27919 30839 32401 34562 34634 36130 36299 42847 57314 57491 68156 70637 79595
675 942 984 1584 1730 2527 3595 5190 5705 5985 6076 6397 7225 8089 8993 9246 9402 9434 9784 11551 13746 14046 15349 15713 17556 17889 18500 19048 20348 21172 21925 25094 28220 29729 30746 32513 33425 33760 34405 35221 42834 46070 51070 60255 68699 103219
1006 1765 1911 3305 3547 4546 5156 5253 5437 5456 5643 6490 7523 7819 8977 9432 9822 10026 10463 10471 10666 12054 12382 13837 13954 15210 15461 17661 19321 21211 21427 21748 23470 23654 25302 25383 28096 33473 34204 37002 45272 46682 50693 72105 74217 104337
81 261 274 299 619 1022 2325 2727 2978 3498 4193 4599 5047 6363 6847 7761 7902 8472 10090 10865 13081 14387 14415 15046 16236 16408 16867 17172 17797 19382 19567 20457 24637 31282 34130 35085 37549 40789 42535 44552 44864 45890 52438 55411 55545 116635
341 1668 1880 2191 2447 2462 2640 4970 5136 5807 6242 6580 6979 7490 8778 8989 9016 9544 10226 10687 11762 13021 14986 16405 18067 18696 20548 21132 22331 23794 27879 27984 29297 30499 32950 36382 37232 37286 39854 39856 41339 44448 47805 52470 55627 73048
6 745 1262 1330 1336 1374 1851 2298 2701 3263 4361 4538 4880 5459 6321 6324 6479 7247 7473 11123 13002 13305 14669 14754 15913 17026 17031 17413 17794 19322 21903 22163 24017 24349 27295 27516 30665 31630 39511 44308 46977 57432 61592 64736 67481 100408
235 901 1636 1917 2760 2902 3326 4333 4931 5107 7565 7822 7954 8155 8203 8263 8796 8835 9582 9807 10448 11445 15473 15595 15783 16087 16900 17246 17293 17819 18167 18686 19187 24568 33175 34063 37079 37346 39945 41483 51092 52202 54620 60988 79914 90737
998 1503 2196 2498 2582 2894 4590 4875 5247 5494 6029 6409 7625 7997 8735 8973 10127 10919 11021 12192 13128 14026 14482 15118 15293 15375 16571 16608 17005 18499 18683 18691 22434 27317 28505 29564 30400 30654 32737 34073 36629 39318 39458 44104 48640 173229
50 1196 1306 2459 3702 4107 4112 4400 4690 5837 6064 6066 6801 7015 8629 10538 10720 12429 12479 12602 14076 14405 15224 15880 16692 19025 19829 20012 20485 20702 21535 22899 23842 25051 26652 26757 28162 32847 34803 36287 40563 41792 45169 52883 53503 133171
404 446 1018 1018 1216 1476 1495 2086 2292 2689 2884 4208 4433 5318 5697 6225 6610 7063 8102 8567 9911 10388 11543 11814 13279 13421 17475 18994 19746 23476 23681 23966 26074 31544 31610 32890 35223 37355 39841 40799 41635 51358 54946 74822 85802 92777
1700 1720 2140 2267 2351 2671 3196 3376 3462 3787 3873 4699 5453 6306 7007 7895 7926 8755 10526 11383 11817 11848 12356 13216 13841 14312 14430 18822 19140 21039 22066 22103 22118 22181 22400 22842 26461 26869 31709 36734 51736 52603 57702 68445 89073 105975
638 972 1763 2361 2606 3199 3600 3953 4142 4318 4332 4491 4837 4852 5901 7132 8552 8750 9014 9543 9930 10379 11449 11657 12773 12774 13015 15773 21057 22764 23981 24448 26176 27169 27801 30836 34085 41934 43395 44976 46011 50381 55706 57399 57570 95168
