1000 28 14
3616 3779 23666 25742 29521 40352 43289 46215 69521 80826 81489 95215 145167 157180
1928 16607 17320 18246 20322 23416 25397 34629 70297 82555 93552 95776 134702 254203
5739 11275 24256 28788 29791 36504 41575 44310 48811 53622 78486 83103 89129 239537
7519 14139 18868 22979 24393 36372 38265 48557 67548 77707 125674 127749 136823 164788
6672 21467 21801 36383 45944 47701 57632 60370 81074 83455 85443 89359 98595 162032
6896 11450 15973 20523 42007 56324 60920 62342 63923 65526 71111 96891 100183 125840
4555 16881 17731 25358 26116 33510 35396 45362 57235 66203 74633 87635 151186 168006
13814 14903 17647 27850 48425 48526 57262 62544 66492 72548 84335 86386 96349 133564
5038 7439 7648 11459 13241 14294 19407 40183 46186 48530 48985 68454 130055 346396
2704 4371 12474 16507 27680 34841 44468 51498 71324 89764 90115 110481 129674 172516
5619 20473 25650 28928 33513 41658 60799 71744 73185 75191 77448 90250 108282 116883
5473 8805 21127 28269 35626 48454 53259 54271 73408 85395 115291 121122 126626 147626
2632 3501 7196 14438 18778 28385 44694 49921 60628 83699 87353 105112 120386 214584
3467 15828 16225 16582 24777 27050 35598 50002 60989 95776 97192 101701 124371 192775
3735 11274 14481 14639 25953 29680 30198 48871 67068 100709 104189 109306 110155 138160
1756 7877 11522 14286 18577 29554 30195 31108 31516 47481 101495 106620 157153 319237
1950 2889 14585 15161 18299 35126 49886 64046 90936 94721 94985 95829 126864 170694
3059 3226 10124 12401 13016 26521 43624 46439 51795 86611 118615 133001 149974 188452
3350 4176 10190 16645 22421 32825 37456 53681 55611 57600 69611 97004 132217 284267
9304 11822 12536 25966 32006 35901 36459 48823 60503 70015 95707 152553 155788 161091
9280 9620 13958 20573 26521 26813 43498 46619 53533 56151 68235 95004 179779 186477
2437 2693 4125 11780 16870 23149 32428 33309 38426 49262 68222 86840 103568 387666
5054 10951 18702 26472 36893 43636 47119 64297 73183 74270 84873 121468 122620 179689
8682 12063 14543 26857 38594 57616 59193 65027 72188 75485 89050 97671 116405 128466
1085 11326 16138 24050 36332 41046 49335 54424 55497 66004 102858 117599 142513 153696
8412 11155 16525 18145 20391 25463 29825 31552 60047 83205 94061 96155 97721 224101
7275 8027 15090 22063 28177 39617 44507 46005 51737 52857 55508 57705 155470 265534
5961 9240 14126 14868 19217 28582 44736 54764 62076 68808 77980 87959 170628 204003
