1000 30 27
2797 3688 6998 12354 13384 13616 17025 18446 18771 20926 21231 21810 23560 24336 25354 26303 30680 33156 33736 39888 40735 53146 53990 61714 67804 72688 238165
585 3817 6946 6996 7541 9281 10973 16516 18912 19094 25690 25991 27750 28138 29382 30548 36930 39355 39513 41082 49823 51743 58853 73804 90960 114768 128739
504 3553 4265 4410 7458 7912 9121 10507 12179 12499 12725 13216 14708 21852 24238 24282 24596 33162 51086 52623 54999 61604 62491 94749 99347 120545 157789
323 812 1806 2897 3473 5321 12272 14141 14950 15576 16321 20994 24613 26727 27665 32337 33147 36770 43880 49004 61515 65510 66541 74854 77939 80037 182027
1168 5693 9532 11248 11909 13189 13889 15248 15355 19686 20736 20936 23640 23702 25538 26622 27255 29256 37078 43735 44562 47796 55813 71309 92543 120053 163574
417 1602 2491 3020 6291 7183 7246 9531 13491 14912 18089 23734 27813 27936 40005 40885 45593 45786 50931 51242 54556 58457 63889 68668 74742 90187 145473
4454 5327 6613 8491 15856 16442 17681 19299 19601 21714 23813 26197 27255 29064 29758 30168 32049 40594 40990 44056 54924 59125 61270 74419 76716 77977 132095
3392 4912 5335 6381 6420 7196 7621 8551 9943 13828 15573 17958 19094 20966 24387 25919 26048 34331 43378 44541 50941 55789 87815 94903 99799 117590 143602
737 2837 4977 10039 12855 13534 15565 16142 17987 19960 19977 21984 26034 26484 28669 30662 33719 35228 41674 44054 45405 48609 49068 52365 73946 122405 178834
39 295 3004 3183 3362 3799 6001 7491 22720 24050 27119 31908 34068 38779 39290 41138 41239 41866 54355 54458 55830 57390 67097 74197 76458 88993 96500
369 6572 6940 8289 8513 8674 10174 12905 15536 15990 16172 16403 17618 18026 27358 30886 31789 40217 49072 52462 57122 57848 75102 76858 99400 106294 127912
2627 2912 4914 5560 8014 12933 18253 19694 20837 20918 25422 26368 27605 32160 32551 32717 35113 36504 40276 43145 43705 46647 80134 84942 87702 95073 106466
364 681 3090 3485 8703 9717 11112 14789 17941 19218 19813 21343 23451 24853 27699 40729 43098 50642 60433 60778 64180 68178 69091 70346 72670 80793 103331
3167 4481 5153 5863 7212 8324 11308 12473 14185 14853 16358 16850 21501 22761 30449 35060 36287 43582 45371 47604 56721 59586 69867 70344 79561 114826 142565
1705 2675 5349 6932 8674 9347 9586 9787 11997 17881 20088 22084 24741 25035 27683 29395 29429 31825 32650 33117 37772 41007 56451 58759 70113 171748 194643
1616 2332 3592 3598 4355 4364 4976 6860 7177 8604 14532 16283 26211 30923 31821 38340 41199 41745 44533 63103 71890 71944 78787 82037 88864 93875 111758
176 2461 4118 5593 9678 11012 12346 13684 15120 15705 18362 20044 20150 20659 20931 27119 37760 45285 47543 53016 58733 62568 68170 89845 92122 106024 112767
184 3598 4423 6730 6908 7034 7203 11404 11654 13371 16062 22445 24660 24679 25968 36177 36576 41473 45935 51370 52872 67716 81068 86637 87997 108206 112220
1734 3590 5101 8316 8941 13271 14722 15073 17092 17168 17419 17587 23411 28719 28801 28816 29293 30890 33839 43806 47927 51181 51321 56196 102004 147656 152360
3089 3427 3987 4106 4785 4878 9806 10008 11199 12314 17805 20590 20926 21282 27036 28681 28973 47605 53823 54134 55147 55622 59267 66767 85255 94018 188382
2622 3060 4670 5494 6280 6284 6527 7305 7616 8462 8900 9367 15824 17628 18470 21060 22396 26662 27371 30391 36530 50863 57210 86903 109297 160318 235072
903 1033 1179 4049 5027 6203 6468 7877 8180 8836 10879 12806 14482 21441 21598 21786 31766 33791 43418 49654 51679 56572 66194 76526 116620 150935 163611
49 49 1632 3092 4440 5358 5864 7452 15381 19957 20463 21060 21559 21771 21778 25511 28786 30686 34037 37830 41410 42960 46847 50531 62855 177504 246773
727 796 2060 4285 4939 7865 11172 11301 11999 14157 17216 21421 29363 31049 33427 36115 41631 42713 48097 48640 52050 57450 71989 74432 87400 100727 131780
1839 1952 2029 3019 4735 4837 7583 8574 12220 21118 21787 22434 27501 27512 28815 29990 35822 38799 44133 48619 56235 61487 74102 78275 78919 119949 131461
578 3261 3319 7574 8289 8696 10992 11920 13927 22143 25210 28207 28774 29871 30002 34425 35447 41410 44768 49238 50333 51027 53110 53302 83560 114698 148866
2742 3495 3600 3684 4711 9162 9518 9704 9910 14692 14764 16497 18755 19011 21590 22159 27697 33145 53642 65332 69316 73177 73603 79336 98684 117347 120061
1588 4024 4840 12640 13803 15141 15281 21583 22479 24893 28641 31532 31914 32214 34113 38805 42118 44730 47394 48671 50965 52187 53658 64783 65742 81841 108165
3149 4394 5873 6058 6572 12844 13095 14578 20174 20454 20810 28558 30837 33789 33981 36049 37667 40346 40482 40690 43275 49009 59256 79168 80249 108825 122098
1171 3558 4428 4807 4963 5107 6717 8181 9709 17268 19602 19934 20338 24608 32693 34115 35484 36392 38692 41206 45515 53959 63591 80152 80314 106102 196951
