1000 32 34
432 1312 9060 10286 10556 11779 11867 12416 13263 13564 13789 14067 14182 15242 15325 17145 20047 20328 23989 24785 25138 29941 30684 33021 34182 34765 36385 40791 45618 46985 61409 62620 75810 143224
536 823 1576 1648 2096 3203 6255 6740 7503 8130 9123 9433 9837 10956 11785 12735 15372 15767 16335 16512 22207 23776 24361 29069 35321 44812 52062 52127 59797 75216 81813 86085 90860 93340
416 1305 1340 2257 3827 5039 5131 7719 7759 10838 11525 11537 13950 15480 15823 18148 19136 19328 20130 22084 23068 31001 34013 36025 39011 47399 48604 48933 54045 54895 55371 83779 96152 105691
644 737 922 2896 3344 5704 6382 7952 7955 8821 9150 9308 11369 19383 19904 22231 22582 23725 25486 28642 29693 31331 37041 37329 38421 45089 45980 47163 52131 60676 64540 72787 81297 85040
1038 1412 4472 4853 4887 5335 6881 11329 11485 12602 13111 15038 15324 15329 15477 15926 17839 18415 18529 22703 28094 29841 33922 35031 36106 42299 46059 50594 52391 60497 69561 72534 75441 84066
440 445 1929 3886 5527 6423 7308 9420 9746 11287 11394 11481 13043 13598 13739 14311 18027 18435 18997 22268 22374 23861 28937 29073 40931 41330 41577 43255 60280 60899 82702 87365 97345 105203
54 621 3261 3498 4239 4591 7039 7435 7695 9882 11773 12402 13983 14846 15925 18172 19907 21954 26673 26860 28401 32848 33313 34953 35177 41376 42342 48099 53928 56705 59007 77392 80623 104105
941 1061 1283 1511 4559 5018 5252 6619 6823 8624 8723 11225 11819 15274 18091 18345 21326 21547 24405 25250 25459 29311 30402 35652 38707 44671 48102 48592 50846 53471 56558 82607 85767 108768
946 1616 2962 5028 5077 5538 7807 8127 9167 9368 9754 10825 12149 15972 17260 18572 19190 22843 29273 31041 31145 34535 38570 38913 39435 40953 45521 45563 46471 53333 58385 67440 73408 99753
958 2752 3172 3820 5162 6370 8259 11672 12230 13485 13644 15313 15771 15976 18228 18697 20162 24028 28497 28674 32192 34789 36640 37412 39371 43839 46797 47344 51699 53525 53633 56061 67759 76761
559 1793 2996 3012 3085 4094 4235 4482 6226 6566 7367 7405 7568 9420 9801 10077 11523 13809 14215 15906 17719 18263 19065 21814 24917 28403 33821 52136 58972 78527 96874 113550 128900 132841
538 1238 1588 2473 5367 5890 5976 5990 6305 7029 8385 9895 12131 12458 14266 14711 16923 17477 17871 22263 28034 28459 32594 33816 36790 36844 40365 55852 57772 63336 76081 87262 91610 93400
725 740 1639 2410 2773 4563 5922 7226 8289 10740 12321 15142 16138 16961 17351 18125 22966 23091 23522 24735 27801 29559 30760 32705 42727 43552 48529 48648 52466 53834 63178 70858 75675 114184
881 1210 1841 2603 3373 4053 4252 4379 6097 7503 9145 11071 13556 13987 18807 19742 21084 24418 30134 32536 32935 33231 33715 33717 34568 40850 45683 55879 58614 58769 64588 69190 71112 72373
1895 3735 5538 6078 6180 6206 7516 8287 10854 13631 18184 19882 21235 21366 21802 25418 25644 26159 27144 28539 31395 33243 35016 37296 37873 38494 39269 42407 50963 51933 52364 57887 68550 77379
401 420 1494 2399 2840 2950 4313 6180 6233 11786 11903 14821 15503 16449 17925 19365 19761 20259 25785 26007 33594 34642 40095 40139 45886 51479 54360 54432 56731 57184 68574 68633 68877 72545
2133 2158 2380 3395 3785 5265 6323 6863 7915 7946 16805 17290 20342 21684 22858 23222 24331 26869 31146 32361 32769 33013 33286 34161 34431 38768 40271 42948 46800 50052 56024 62664 67473 116690
1544 2317 2757 3265 5331 5480 5687 5721 5856 9032 10971 11222 13573 14599 14824 16177 17714 17812 17899 19479 21349 21594 23074 26420 27653 31505 31842 55141 66334 75197 81306 94029 99393 101857
487 1225 2630 3209 3592 4083 5339 5583 9690 10788 12246 13020 13061 15647 16988 17232 21004 21717 21776 22781 22910 24063 26585 30761 37628 47806 48034 55256 62746 67605 71824 72478 72502 76105
81 271 767 1284 1624 3770 4657 5260 5508 5890 9051 13298 13638 17213 18059 20944 22052 24010 24265 25473 26919 27006 30314 31986 39045 44895 50202 55070 55383 58910 60291 68582 80547 108466
482 600 2701 3915 4240 5816 6886 8248 8792 9364 10791 10938 11194 11864 12821 13273 13314 16317 17375 17607 18088 18165 19081 19634 33098 33860 40015 48039 49950 50796 52663 54490 159917 160261
951 1509 1863 2623 3374 3390 4479 5064 7000 8172 8673 8695 9189 13069 13923 19057 20514 21903 23313 23337 25062 27541 28903 31536 33203 36217 39744 41398 49375 56366 63907 76199 86537 157517
219 220 2341 3080 3169 5641 6327 6853 11433 11571 12053 14022 14869 16348 17936 19903 21775 23676 24015 24558 25607 25797 31325 34006 35851 37070 40063 40832 45427 50384 75503 78856 89211 121462
463 2021 4969 6453 8433 14510 14722 15042 15229 15526 15635 16433 17237 18244 18564 19231 20065 20737 24357 24893 25966 28378 32966 36457 39138 47186 47354 48926 52108 52201 52622 57196 61594 74409
57 226 281 3188 3217 5833 5919 6027 6608 7399 12878 12906 12961 12992 13971 18013 22169 22880 23178 23912 24003 24094 25529 30441 33081 33896 44562 49158 50641 55507 61889 62423 69650 187769
844 1011 1109 2443 2486 5410 6100 7191 7761 7970 14096 14472 14694 17011 17170 18409 21685 24619 25670 28700 30928 33642 34201 35108 36304 37522 40105 46150 50112 51418 56026 67163 92044 110752
505 1109 1638 3879 4644 5145 5608 6865 9879 9917 14799 14972 16433 17504 17911 18320 18426 18735 19660 20859 22430 26732 31684 33132 33359 37537 42866 44101 52679 62360 77383 83997 84706 96198
1337 1531 1585 1706 1855 2226 3659 5752 6196 7276 8235 9259 10012 10886 13704 14573 23195 23295 23864 25806 28632 34702 37298 37925 38298 39333 44721 47789 53034 73961 76063 81348 83997 93742
2627 3370 3960 4732 4765 5056 7316 7502 7971 8144 9256 9575 10575 10639 11922 12139 13376 22622 23162 31618 33618 34022 36727 39521 43099 44027 46645 48131 53553 57891 63600 65266 73630 87756
2299 3458 5708 6237 6728 8272 10079 11094 11475 11640 13142 13439 13965 17137 17943 18016 19127 25488 27759 27907 28068 29855 33393 37808 42317 43234 44349 46586 46719 47610 53895 65055 70673 81867
60 1167 1795 2614 3629 4851 5110 6660 7367 7591 8822 11364 11846 13355 15157 16842 17998 23308 23972 26657 28802 31192 32216 38849 43915 44242 45344 46871 49925 55284 60157 65517 83538 107425
225 1066 1877 2347 2558 2927 4442 4871 6857 8213 9165 9263 9452 13072 13112 13366 14684 16475 18189 21025 23142 27994 29945 32422 32726 36118 50580 52236 57256 62343 76629 92247 98220 115643
