1000 38 50
80 223 1461 1472 1771 1842 2288 2485 4274 4381 5044 5045 6336 7086 7152 7637 8996 9676 9704 10556 10796 11042 11537 11847 13675 14192 14278 15691 17507 17680 18469 18654 19122 19287 19912 19989 25553 25854 30008 30469 31891 33011 33710 40334 42107 42157 44847 45632 56485 83526
156 324 1133 1255 1257 1499 1947 2626 2678 3819 3959 4251 4527 4538 5099 5327 5587 5632 5648 5912 6462 8660 11184 11250 11489 11708 12522 15477 15937 16172 17791 19442 20240 22503 24418 24840 26069 27372 27965 28150 31839 35886 36477 38158 40552 44633 45450 57788 73439 81230
439 1574 1801 2155 2367 2414 2461 2625 3575 4168 4909 4940 5191 5727 6594 6907 7465 9363 10544 10694 10938 11303 11370 11713 12908 12936 13004 13534 14782 15773 16564 17975 20423 20890 21377 22260 23603 24452 26753 28855 31182 31441 31606 34193 36428 44418 47441 65017 67670 70414
930 1023 1591 2199 2388 2582 2800 2845 2875 2888 4385 6378 7333 8453 8734 8917 10213 10495 10587 10680 10905 11953 12075 13308 15040 15549 15871 16715 16818 17188 18230 18652 18985 20400 21466 21554 25418 25744 25802 25810 29770 32664 33498 36447 41252 43088 43814 50173 64865 72087
521 1584 1787 2043 2256 2395 2887 3208 3842 3978 4059 5110 5620 7077 7668 7839 11170 11559 11718 12013 12779 13096 13678 13877 14081 14472 15112 15850 16089 17103 18582 20080 20283 20553 23242 23962 23985 24446 25757 26008 32565 33400 35877 38338 40352 45805 46505 57362 58493 90622
66 141 1376 2125 2289 3260 3935 4280 5302 5417 5784 5798 5869 7631 8671 9451 10259 10372 10489 10543 10661 10980 11113 12267 12871 13147 13834 16306 16410 16543 16798 17666 18777 19105 21337 22439 24940 25396 26047 26415 34951 37362 38037 38208 40239 41439 42812 48086 61785 92930
136 551 1042 1053 1511 2113 3426 3513 3807 3977 4271 4977 5100 5153 5192 5541 5932 7760 7948 8175 8772 9284 9468 9790 10868 12593 13350 13643 14432 15492 15538 15581 16409 17217 21515 22510 26576 27863 29606 30081 31923 33102 34968 37425 38045 42897 52670 80617 83970 92856
172 548 1502 2040 2780 2824 2874 3059 3320 3897 4880 5120 6150 6188 6513 7466 8891 9012 9569 9705 9797 10052 10359 10387 10875 11735 12105 12550 12845 14097 15483 15829 16499 16589 17944 20654 23354 25321 26011 26939 28982 30450 33249 36167 49265 52703 66332 66740 70893 93001
34 321 1720 2198 3917 4366 4474 4536 4550 4577 5472 5496 7173 7406 7509 7698 7875 8313 8378 8931 8982 9017 10599 11251 12149 12445 13021 13543 15643 15956 15961 16081 16680 17354 18190 20100 21418 26444 29659 30028 33423 33814 37737 39502 42116 49394 55830 63638 65670 87625
898 1484 2713 2789 2939 3131 3322 4121 5050 5697 5762 6180 6736 6787 7008 8191 8808 9463 9827 10305 10795 10921 13092 13150 13318 14487 15314 16972 18694 19821 20176 20180 20354 21115 23442 23644 24940 27253 27479 27489 33168 33404 36741 36756 37260 41728 42745 44738 47849 76613
291 768 900 1083 1594 2407 3361 3704 3728 4032 4364 4656 5126 5152 6135 8045 8224 8284 9082 9247 9707 9826 10036 10382 10836 13084 13183 15318 16270 16565 16724 17397 18124 19072 19151 21753 22223 22260 25452 27169 37201 38166 39643 39903 41763 43984 46873 47000 58637 92291
276 320 428 1321 1603 1897 2175 2428 2838 4879 6883 8268 8397 8508 9002 9003 9082 9800 12697 13121 13196 13282 13360 13428 14457 14872 15067 16201 16560 17391 17453 18078 18666 20814 22140 23017 23750 24667 25216 30464 34155 35782 36919 37920 39305 40950 42406 45245 66686 77303
358 942 1259 1661 1810 1908 2002 2476 2728 2820 2825 3220 3486 5120 5396 5627 5806 5924 6272 6883 7043 9368 9501 10949 11710 11850 12874 13783 16564 18146 19877 20452 20889 22314 23564 23783 25488 27523 31322 32599 35116 37065 38532 38951 39492 41885 47776 57229 64950 87251
42 125 657 687 1218 1804 2074 2219 3044 3712 3775 3793 3974 4161 4575 4881 5555 5585 6882 7285 7837 7920 9809 10179 10817 10975 11604 13481 15690 16493 17009 17260 20384 21115 21850 23255 24704 29238 29945 30119 30242 31059 34665 40307 40942 42913 45580 64488 72668 93313
1000 1289 1391 2160 2445 3686 3831 3911 4668 5131 5267 6166 7297 7311 7359 7528 7651 7665 7893 8141 9849 9936 10770 11834 11938 12043 12690 12873 14319 14991 15827 15998 17560 18632 19199 19610 21254 25122 29377 33197 37283 38297 40463 41787 44428 49351 52944 53162 56845 59238
12 203 1794 1830 1839 2903 3255 3425 3870 4317 5134 6027 6030 6551 7674 7889 8639 8647 9541 9892 10318 10515 11148 11279 12254 13745 14980 15100 15836 16160 16629 20109 20155 21190 23247 23583 24394 25621 26649 30249 32168 32359 37652 42492 43421 44298 44528 52670 74204 78894
152 445 870 1519 2050 4546 4611 5174 5358 5714 6106 7243 7369 7697 8192 8623 8952 8962 9647 10493 11450 12371 13094 13806 15061 15414 15540 16898 16970 17676 17942 18446 19207 19579 19952 20277 20866 22908 22961 25118 27371 28221 29555 34631 40232 60258 61578 62308 69457 74239
911 1670 1901 3420 4294 4454 4641 4693 4845 5338 5486 5649 5970 6333 6614 7724 8212 9633 9804 10041 11292 11668 12116 12355 13741 17125 17616 17797 18282 18329 19216 19647 19758 22678 22846 23136 23652 24882 28097 28397 29942 30698 31480 31544 39747 41151 45058 45950 61438 108032
195 513 691 939 1086 1899 2354 2397 2418 3060 3308 3655 3924 4062 4509 6157 6374 7106 8396 8525 8707 8938 10715 10755 10908 12384 13724 13988 15317 16059 16356 20640 21530 21968 22224 25281 25334 25931 26478 26548 32044 33872 35981 37012 38484 46249 54071 57546 65876 86327
583 690 769 954 1311 1762 2600 2727 3924 4277 4764 5533 5650 5669 5929 6036 6502 6668 7229 10702 10724 10819 11098 11268 13306 14021 16242 17115 17344 17621 18460 18585 21546 22289 24369 25889 26870 27977 28057 28244 30561 34228 37204 39954 44205 44979 45367 48175 49524 66807
881 1264 1890 2547 2773 2908 3044 4371 5090 6024 6751 7429 7986 8542 8770 9711 10328 10664 10752 10951 11387 11613 12491 13063 13288 13327 15115 16065 16205 16412 17640 17934 18758 18874 20564 21002 22491 22884 26233 29629 29737 30246 30681 41129 42996 45294 50300 59231 63012 80410
136 286 570 773 883 1708 1818 3318 4124 4675 5464 6937 7348 8276 8340 8690 8827 9488 9533 11451 11895 12108 12264 12785 13366 13406 13573 14811 15213 15243 15892 17148 17421 17506 18173 21175 22629 23349 25401 25609 26039 27440 29433 29893 35541 36121 42615 43924 45888 194984
388 1540 1628 1696 2039 2141 3795 5236 5385 6461 6916 7311 7666 8913 9029 10103 10579 10648 10796 12960 13535 14060 14342 14804 14866 15130 15392 15643 15975 18980 20187 20419 22910 23155 23516 24718 25619 26176 31033 31141 32766 34963 35805 36680 40990 41823 43378 44157 52711 59805
584 1318 1395 1440 1813 2479 2724 2973 3628 4305 4679 4835 5085 5435 6163 6229 6970 8050 8404 8493 8751 8752 8849 9234 10189 10298 10435 10839 11584 11635 15453 15469 18481 18732 19306 26195 28253 28702 30560 32857 32882 34208 34869 37189 38969 48499 56224 70934 77783 106441
2559 2674 2745 2960 3231 3356 3422 3440 3489 3680 3751 4242 4543 5086 5820 6412 6532 6767 6768 7184 7298 7345 7476 8260 8310 9484 10534 11109 11136 11358 13884 15822 17730 18415 18570 21757 25136 26180 26438 31322 37124 37980 38775 40290 45904 48846 53625 68719 85502 86868
31 641 790 837 899 1068 1556 1910 2099 2372 2645 3335 3380 3674 4021 4108 5871 6558 6767 6944 8306 8932 10257 11115 12217 12728 13926 14036 14708 14822 15644 16688 16893 18327 19366 20834 22265 24428 25853 30496 35441 36127 36186 39901 43150 44204 49633 67064 68537 139189
516 1648 1839 2532 2981 3130 3497 4321 4461 4530 4780 4781 5602 6007 6120 6732 6916 7878 8801 8953 9030 10158 10635 12325 13638 15784 16361 17845 18282 18408 19362 20261 20704 20754 21924 22484 23559 26400 29459 30508 30527 35859 36158 36321 37977 38481 42211 45197 49980 103462
335 489 714 1371 1590 1687 1716 2943 2960 4504 5065 5219 6094 6443 8023 8079 8893 8979 9311 9537 9847 11032 11693 11835 11861 12067 13380 13708 14142 15060 18347 19353 20596 25365 25415 26560 26782 27111 29008 30249 31316 37327 40119 42251 43179 44327 47273 49138 49247 55846
109 1784 2478 2919 2962 3617 3865 4232 4258 4470 4681 4843 5758 5900 6297 6920 7151 7380 7495 8928 9049 11718 12823 13378 14429 14555 14764 14793 18450 18881 19734 20704 22151 25880 26042 28284 28681 28802 29045 31692 32168 36163 37018 38094 38686 38961 45426 47666 57057 61172
148 885 927 1035 1569 2047 2266 3135 3920 4745 5301 6120 6248 6491 6690 6786 7471 7717 8587 9340 10322 11087 13606 14078 14161 14333 14355 14476 14962 15213 15470 16110 16835 16857 20307 20400 21232 21656 22182 27258 30139 30334 30629 39977 45538 48137 49073 58583 78679 91005
319 501 963 1101 1787 1818 2716 2888 3516 4848 5338 5402 5630 5996 6015 6340 6622 8120 8213 8768 9080 11849 11968 12127 12531 13262 13666 14204 14688 15379 15769 16660 17224 19326 25194 25555 25603 26491 27650 27776 28262 35873 36870 37238 47234 50897 53846 55212 57399 65614
11 539 874 1057 1262 2113 2677 2727 2913 4054 4082 4512 5689 5702 5961 6581 7200 7825 7853 8005 9955 11736 12609 13254 15706 16721 18797 19785 21180 21305 22394 22564 24643 25582 25892 26329 29488 30455 31543 32571 33705 34330 35612 35753 36929 39020 42829 43923 52988 71387
347 555 1612 1966 2393 2978 3195 3209 3443 3713 4398 5239 5324 5739 6036 6988 7256 7335 7470 7645 7646 8087 8320 8467 8642 8974 10349 11132 11158 11378 12636 12714 16370 18350 21183 22710 23521 24518 29180 31294 32053 34455 42106 43582 45875 56903 58414 62915 68864 75292
499 557 742 813 1083 1093 1128 1390 1909 2249 2435 2491 5247 5253 5520 5579 7320 7456 9075 9561 9865 10023 10486 12616 13824 13934 14645 14677 14844 15133 15377 16501 18811 19699 20029 23490 23820 23915 25367 30292 32977 38804 42420 42713 46039 46864 48740 51851 73609 74404
11 739 1510 1948 2717 2766 3446 3810 3864 5032 5171 5383 5536 6541 6707 6807 7299 7901 8168 11049 11436 11708 12544 12551 13279 14246 15190 17296 17749 17950 19651 21720 22411 22802 25493 27073 27189 27673 28719 28994 29647 32710 33549 33884 36791 39468 42249 46851 52125 85405
426 1296 1319 1815 1835 2396 2792 5766 5822 7221 7634 7712 7758 8328 9482 9661 9700 9852 9861 10314 11047 11581 12231 12317 13576 13775 15675 16199 16250 16389 16876 17091 17218 17346 18913 19429 21087 21373 24018 25752 28855 29950 31023 38516 44773 45304 51694 56712 68629 76050
206 615 735 1822 2503 2651 3396 3515 3812 4172 5191 5265 6069 6345 6837 8015 9519 9546 9816 9953 10555 10678 12258 13409 14089 14117 15926 16017 18750 19590 19594 20181 22062 22341 24082 25024 25189 26417 28302 29243 31273 31821 35217 39994 43405 47972 50172 50524 59640 68736
11 156 514 552 729 1289 2900 3190 3605 4225 5869 5887 6376 6393 6590 7108 7205 7212 7321 8813 9662 10950 12379 12590 16353 18095 19117 19903 20093 20761 22343 22662 23917 24559 24953 28199 29618 29702 30921 31287 33619 34452 34788 35136 38226 38327 40744 41833 48839 79747
