1000 41 17
2112 3373 8626 12933 30166 30674 31308 37338 46430 52869 70865 74398 86197 86640 101372 102334 213408
9561 10629 16271 29042 33498 37137 38549 42591 48686 54114 56022 67842 73433 74483 93166 131590 172379
5235 19764 28787 34271 40704 41376 46464 53671 56582 57061 58448 59583 65763 82205 97270 98349 147753
6664 14526 16385 17874 26338 27111 31906 34715 36975 41180 61684 68154 96766 100663 102310 102863 207572
2009 4910 7231 14811 15829 24604 26643 35926 39162 45318 62817 75941 78570 95531 122231 137588 205218
1828 1892 5683 15906 19169 23564 25668 26266 27397 39181 58398 63966 77676 141959 143193 156321 167257
4908 6423 15105 19684 20512 27027 27443 35851 45794 52171 67621 68682 105722 112079 112869 118540 148043
11379 24793 26046 28094 28849 29116 29264 31391 32891 40380 41746 43087 61556 81974 118239 172716 192429
7064 10669 12012 19222 20079 22966 23843 24405 45730 51906 67392 76836 79064 87971 97380 116765 228857
3063 6192 8387 16314 29689 32137 32976 35294 36414 37206 37673 51446 73401 84997 136416 168204 203041
7212 8253 9311 12064 15543 19584 21680 23297 31038 47764 57074 70452 73078 130952 133313 156293 178861
3090 9565 10129 22719 28836 31205 35652 37677 37720 56665 58959 66733 71289 85645 104262 119228 211302
4085 5089 6845 7866 9035 10078 12211 19440 39601 42619 54597 58391 89946 94173 104572 165880 269836
1983 3294 4164 5285 9662 11642 16939 35831 52539 65582 72343 77667 83879 101128 106566 118999 221717
549 1646 7674 14988 17571 21309 33956 38037 39307 46297 52987 60821 83562 85534 98810 155024 233761
73 802 12511 15845 16717 22502 26631 28778 48971 56590 58740 60386 78928 99536 112045 126722 228086
710 3614 16380 19941 24647 28109 32083 33833 37920 51840 57039 68257 70198 115089 119662 121217 192762
2202 3374 4146 8268 20926 23027 28137 29837 45818 46115 47164 56892 71751 82561 109890 153725 260503
8508 10446 12645 15681 18148 25777 26755 29772 32168 38497 50054 74021 98493 121841 130112 149799 151490
2068 3951 5155 6779 9494 10642 35634 39198 57027 59831 71020 80214 82792 84504 126857 156908 158260
594 1262 3212 3546 5341 8924 15592 16363 21892 33659 35782 64627 70891 124175 124243 181287 277025
742 2544 6066 8431 11993 16389 21697 26323 27963 33127 35273 61905 71169 131206 156812 190356 191184
891 2497 3882 6890 26581 31552 33126 37423 58422 61715 71008 73637 85565 91864 92586 115173 200540
1768 7871 8681 12350 14255 18907 26538 33888 35278 44839 51661 54812 59863 71847 102560 160734 285849
5424 5525 9649 12358 13128 13340 19472 23032 23448 50662 56360 57884 67648 88818 157870 167955 222563
24 4060 6687 11658 16268 24108 30303 36434 38761 45836 49582 50282 89598 101476 120799 124968 241650
283 5911 6830 27243 29425 31365 35982 36503 41009 53580 64797 74995 75905 90522 106310 119441 194007
3769 5893 6095 14227 27729 31671 34170 36747 39464 47838 49659 55881 77376 98220 107401 139300 216515
2182 13583 14674 14711 18896 21405 22208 25633 31864 32379 32937 37091 37243 147379 149113 170608 218900
366 1470 12631 12743 12895 16006 38677 39076 44618 60056 64139 69273 78562 128264 131678 138967 145681
5577 8367 13895 27839 31577 33297 34398 36350 43307 51540 52404 52719 62894 91824 121814 147140 173618
2509 8097 8731 12894 17333 22257 27959 34872 37255 43665 48270 72014 81772 114981 144776 158891 158954
2582 11354 29643 37778 40998 43708 48004 49073 55677 57664 59210 64749 68776 70572 84789 123963 141779
173 7340 9716 10551 14695 19706 26596 31333 34479 44510 57335 71822 94254 100130 134035 151435 179916
369 11630 13912 22927 39322 42463 42740 62118 62298 66277 72692 75876 78700 83579 92670 102425 121282
4478 10721 10837 11544 14017 14201 20133 24632 49323 52148 56913 60893 75960 123803 131147 156774 170241
514 5510 10964 17834 19162 23513 24114 37288 42182 51121 60965 71566 76982 79427 96469 138144 239846
1368 14887 16013 19137 21517 27306 27333 28664 29073 29661 31697 51669 56852 82386 127404 200238 226323
530 5830 7840 8219 19250 19497 28618 30275 36662 41443 51988 61962 63401 74354 97245 148640 296603
3589 11271 13733 15277 15573 23189 24644 25610 31355 38643 46273 52136 62971 74087 137830 200009 215449
7152 14257 16689 23389 32989 34984 37384 39466 41772 47971 62230 68882 78186 90588 118739 125405 154050
