1000 49 25
1051 2196 2292 2383 2647 3137 4089 8272 9874 10653 11683 12813 21539 23475 24746 31387 45002 48515 60720 64793 66621 69943 84179 104366 179664
1352 5341 7391 9459 11232 12823 12869 13170 15864 18586 25793 26037 29486 33775 34760 42700 45072 47857 51958 58406 60769 67359 68957 75089 110825
2781 2835 4715 5390 7644 11716 12289 12852 16008 17279 18550 19559 26921 27155 32081 33460 35086 41446 51134 57038 75440 77572 84587 85979 152617
1673 1910 3592 4799 6302 8375 9658 10049 10657 11044 12490 12876 13952 15908 20742 23834 30603 38967 52669 66118 66662 84642 103932 127033 158412
10 449 1163 4612 5012 5072 5584 6139 12880 19714 21402 26702 30849 32830 33567 36262 38842 41939 45436 46315 50416 66167 66168 92724 134214
1504 3736 3749 3775 5570 10386 11898 13906 16572 17349 21156 25940 31757 32936 33294 33772 37915 43948 45485 46753 48357 62349 91337 97083 99669
639 4097 4438 5371 6190 6493 10665 11048 12213 12740 13643 15456 25763 25871 27771 28816 29587 33836 33876 35951 64795 71436 74890 94894 255845
2572 4652 5083 6187 6783 7166 7699 8216 14486 14675 15990 16779 27644 28001 30849 31566 34491 37354 40550 44540 52089 89081 90600 104682 128900
3849 5666 5956 6695 7954 9540 15867 16057 16810 18900 19454 21289 23137 25472 34754 38336 49109 49216 50794 59281 62512 66702 76252 77308 79311
526 5287 6779 7964 9704 9740 9981 10048 10519 10878 13470 14917 18022 23538 26107 29777 32959 41588 44879 46681 62428 69875 71004 94584 148015
170 2341 6023 7614 7827 7995 11962 17011 18750 19415 21150 22414 28788 36985 38840 39443 40863 42418 44783 47730 48570 55686 56585 70324 150514
3293 4463 4610 6893 7013 8156 11496 11572 13915 19812 21753 26294 31045 33867 34640 34786 42393 45200 48953 51329 53950 55940 65560 73403 110969
215 2577 5855 6805 6858 8083 8818 12828 14433 16208 20192 20804 24498 25299 25465 26940 29744 32585 51267 51665 70182 70556 79604 116472 121223
2041 5364 5489 7141 9123 9123 9223 9465 10963 15501 18448 22724 36388 37266 39738 43677 44216 47396 49607 51677 58507 59115 86535 109214 125497
1428 1679 2321 3220 6848 7578 9141 13673 15107 16159 16172 16664 17847 19077 23035 26499 42429 45796 49897 68063 72248 77988 81273 110827 117579
650 2568 2763 5176 5825 8640 9751 11162 14018 16536 17158 19360 21344 25749 32927 36793 38344 38638 51916 55114 62995 67812 75274 97772 155409
1319 1726 2863 4491 8935 9079 9752 10447 22553 24277 25578 26459 27604 27913 29009 29537 34086 34719 35843 37304 57424 61007 80496 90363 182315
661 4222 5726 8266 9697 12518 14994 15424 16418 17386 21779 21972 22301 25262 37028 37196 39389 40955 42829 52923 54732 80250 80675 81561 82911
5469 7266 8209 8741 9411 11082 14436 15594 19166 22327 22842 23560 24069 25047 25641 26807 27941 35215 44174 46437 58903 83230 86367 93002 150485
641 3432 4407 5554 6541 7472 9875 11277 11679 11952 21489 24573 27024 31281 31660 35926 42190 45587 53107 59348 72857 78154 81230 83502 112168
945 963 3154 4770 5238 7708 8811 13307 15324 17299 18111 22595 24160 25855 26059 30043 31820 37389 37931 39492 42150 64385 78901 121732 155942
732 1841 2711 3562 4719 7186 7933 11692 12705 15089 15399 16475 19404 19752 29061 35440 41682 50667 53238 70120 70473 74478 83128 85507 85545
841 1675 1737 2945 4113 8008 8121 8417 11015 11465 13913 14996 16243 16394 16733 17789 19529 21761 47173 50390 64209 64813 83896 153080 181958
64 2022 4320 4734 6292 11116 11897 12934 14542 24141 26598 26960 32677 39354 49148 51260 53377 56655 61791 63871 65719 65781 69219 72519 78861
9838 10082 10845 11265 14223 18327 18350 21410 24248 24296 28898 31359 31742 31863 34070 38113 38427 43718 43837 45783 50584 51213 71286 81155 85856
519 1452 3740 3877 7318 7605 9120 9713 9805 25248 25677 28291 28414 29797 35117 40664 42244 45147 47025 49993 51841 52653 78842 95647 104851
879 2550 3013 3516 4669 6664 8037 13615 16854 17157 24041 24493 26343 29456 38735 43205 46922 51727 55558 58730 60550 64050 80832 82125 104644
1699 1787 2001 2281 3057 9677 10848 11110 13036 19650 22879 23479 23543 26946 33314 33984 34954 35918 45179 54617 57604 81516 98989 109604 174552
98 2841 4208 10843 11249 12116 13239 16379 17515 18991 22868 23286 25434 31229 34400 37719 38876 44716 52374 52552 73602 78515 79799 81519 93732
115 4217 4368 6690 6737 7678 14700 16364 18404 18989 21740 22102 24959 28359 34396 41967 42151 54531 55994 56444 62604 66916 68784 88087 135954
953 999 1398 2903 4178 5110 7117 8120 11534 15213 24817 25078 26491 28073 28422 30294 39703 43120 51922 58961 64728 67294 75216 77656 114710
676 797 1746 2923 4280 4711 8149 9290 12694 18358 21438 24062 27410 31056 31720 35613 36374 40566 41721 59898 67754 72588 91930 101039 142140
2114 5517 6968 7545 9319 11397 11511 11747 11876 17181 17964 18176 21190 23234 23344 34073 35400 36142 44740 52072 64687 65787 79191 89652 124564
2917 3100 3999 6770 10986 12838 13027 14152 17850 19409 22255 23039 23990 29604 33743 41356 44222 51639 59693 60693 67915 82232 91329 92860 93180
262 412 3017 3139 5575 6198 6389 9950 11481 19955 22878 25738 28109 28433 30083 32539 38612 40424 47471 49733 51169 67721 88166 88781 210534
1063 1247 1505 1813 2536 4782 12255 18137 19617 20966 22623 23014 25013 25150 25648 30163 31473 36652 44145 61573 63934 67808 68348 100434 113497
108 700 5500 7663 9050 10508 12799 16293 16447 19625 19774 20715 22297 24564 29023 35716 37606 37845 42762 47538 53054 68302 88701 103935 109735
4082 7482 8235 9877 9943 10305 13859 13890 15815 26944 28104 30800 30840 32477 33823 35847 40391 41948 47746 50215 51500 55979 58084 79693 161721
1810 3734 5081 10183 11024 11538 15672 16519 17409 21167 21680 23099 23386 25029 28179 29720 32872 48862 49174 49269 51854 56625 79342 109676 182622
247 1647 1912 2002 7353 12696 12758 17054 19410 19708 23419 24654 27832 28200 28547 32807 39201 40071 45374 51062 51296 70390 85143 88083 95326
742 895 965 3495 4041 4575 8297 12947 13144 15231 16288 17607 18405 19675 30687 32013 39587 40195 41016 41673 47157 68180 79055 84621 192898
732 1397 7151 9057 11847 15624 16477 16800 19012 19106 19563 27483 27486 32651 33394 34697 40042 41057 41118 46946 53083 59132 77175 86449 126128
1304 1680 2968 3400 4194 4564 6824 8688 9078 9140 9818 12819 14072 17937 21470 26406 36851 44375 50224 57719 59559 98935 101328 109419 151617
909 2718 3464 5752 11353 11944 12895 14111 15384 17544 18444 20298 20485 20631 27740 34592 41032 44154 44673 57265 63604 81465 91729 109374 138915
461 2528 4086 6339 7766 10412 11178 12984 13100 15221 15973 16535 18050 26622 27690 32162 38994 53812 54213 74692 77431 87295 102238 102749 106119
597 1107 2890 7887 8799 9608 11720 13340 13382 14811 15334 17431 24957 27949 36524 37090 40559 50889 53909 58923 59329 79751 94493 96160 98065
1052 1100 2243 3205 3410 5907 9257 10340 10967 18792 21110 21598 23900 35627 39119 42176 43825 45535 46062 51455 60393 64347 84335 115027 117073
1022 1028 1224 3258 4949 5498 6913 8077 9033 9443 10498 16443 17232 17915 25721 34666 35662 36278 40935 45688 48940 52564 80997 119750 200575
1056 3038 3486 4297 4499 16679 18762 22136 23022 23264 27020 31283 31792 32441 32526 35619 36220 37499 39905 59481 69216 74562 77370 79846 103735
