1000 24 8
7771 9004 49638 69338 74631 119828 121055 296671
12792 14414 88014 100203 101246 143782 193108 204529
2690 15865 16947 28378 38452 92622 248148 338346
13977 24734 60303 86069 95229 103996 141685 222401
9287 32027 33306 66921 81918 121143 189028 199423
3675 53138 55382 71404 73495 82834 98237 400415
3464 4352 30477 37716 97049 115174 176555 331640
785 31640 53498 82313 126258 128265 145989 148489
12722 36439 36510 64019 70133 72592 95801 348530
8945 35928 47745 81360 91691 98057 154928 323251
2178 11448 16976 38032 52305 133501 204371 370156
4790 5385 51644 63500 77182 104532 144436 264394
8640 22748 49061 60552 72176 93388 102176 404539
13767 43664 62523 74203 113174 136986 180128 240515
2497 2559 9801 12915 88074 226929 230748 315879
12576 13307 13730 14468 60445 132261 276480 371088
12516 15865 32346 35295 35559 84926 222317 269596
14888 43165 69359 73643 74624 142239 145393 160238
1572 2658 50547 85051 110877 115538 141200 356688
16090 25530 25729 47968 87364 149458 176856 191205
12128 17297 34631 74193 102991 119974 161744 255448
14267 31499 34580 69240 106432 125993 172375 297064
5820 7199 12295 12302 32054 81958 269073 321542
9974 19470 31605 49903 76447 81096 187092 335009
