1000 30 7
35786 91788 92432 99150 146383 157177 190907
5441 54587 56232 84867 159752 170614 300316
8195 27917 74764 84852 135450 157539 382991
28616 84265 87740 89996 152615 211830 228254
2797 41997 89159 116227 165693 179891 237600
46193 62010 102320 145083 163906 178376 180971
18240 45089 59065 98251 152100 203844 220534
48572 68408 113808 126929 149169 150241 259558
9748 13512 39991 67366 88986 283539 293391
14538 39344 48070 86601 92201 278081 348064
37870 62138 77613 122927 156119 168700 216557
66954 71709 93409 110043 145579 151989 255665
26800 37478 49292 116277 148929 228897 285936
1645 13113 13323 51858 154225 253527 306585
10333 26192 81721 98917 184833 188353 250688
12551 13378 111182 112501 160329 173565 328790
21868 23486 87519 108268 124273 216590 307656
12522 35414 64880 121976 125741 210626 225050
26991 73008 77750 106077 108940 142994 345274
19474 30871 120268 132962 142659 153802 323456
223 46219 49702 138927 189286 242482 242680
65220 81274 116346 125054 125629 169454 193417
17112 24979 72684 95708 147265 206424 246892
18176 42347 62197 77865 125623 224798 283653
39250 49079 59526 61553 115300 128492 424816
16737 29855 67031 71784 118816 199361 367926
28593 50282 61095 70172 176392 228547 260161
36696 37567 118953 127246 155408 161459 231595
18047 56887 79856 82321 90446 247401 256225
20191 49563 85074 85113 99647 253502 310522
