1000 20 33
1 18 98 169 730 6123 6811 11662 11704 13324 16487 18789 19223 20569 21097 23266 24832 26341 28644 29291 30866 31268 32221 32912 32938 33232 34101 38256 41896 58083 73639 89349 106535
2171 2959 3459 5726 6142 6637 7214 7812 10730 14389 17996 19056 19408 20384 21378 22107 23449 25554 26393 29829 34184 37051 37119 39462 39729 44687 48574 53041 56691 57315 58393 60395 73426
915 2561 2879 3647 3781 3988 6284 6986 7198 8033 8141 11915 13116 17108 17424 17629 24102 24308 24881 25578 27378 29707 31658 33759 36590 49050 49433 51238 53452 53694 61794 70283 150452
1793 4423 7234 7945 8231 9914 10454 11400 11495 11505 12052 13996 17906 18726 19530 20257 21651 24761 27377 28482 29459 31123 33497 34517 34674 35436 41704 50614 52439 64934 73400 81370 87268
1135 1617 1735 1750 1985 5302 7652 8477 9758 9883 11058 11972 13501 14335 14729 14946 15791 17562 19118 19264 22943 23377 29768 39927 42088 46179 47759 50297 65686 75192 75590 96065 112198
348 2171 2517 3039 3639 3946 4266 5379 5726 7190 7972 10312 10862 10926 11734 12524 13697 13946 15012 23394 24524 30852 36043 37971 47643 52033 54579 55218 60266 65160 68184 103831 142779
906 1359 1972 2956 3425 5224 5821 6648 8348 10998 12722 15897 17412 18861 24467 25913 27419 27664 29461 31269 33246 34087 38322 40453 40617 40986 41406 42732 43019 47732 55220 72225 111362
476 586 1446 5808 5837 6324 6527 6716 7291 9408 9782 12910 13376 13688 17306 17872 22459 23982 25317 28676 29199 30319 33518 34001 36892 41456 57495 60235 63685 65750 79492 86485 86882
75 840 1882 2499 2513 2971 3604 5351 6078 7043 9026 9807 10337 11217 15140 17217 19095 22733 25224 27132 34156 34969 35395 35632 36913 39919 45430 45512 48678 63771 89702 94481 120736
441 2568 2871 3053 3587 5356 6154 7043 7294 7437 7958 14753 15743 18155 19099 23318 23584 24837 26282 29437 31074 32015 33211 34118 35683 44057 47034 55550 56021 61699 63552 70805 112064
6 11 602 4062 4237 6929 7020 9137 10589 12937 14178 14952 17529 18396 22764 23536 26427 28191 28488 29630 29860 30789 31130 33247 38293 40162 43324 52992 58341 59402 72054 73136 104860
2129 2260 3293 3683 4494 6275 8715 9190 11537 12917 13245 17687 17752 18489 19701 20725 21701 21882 23797 25255 25275 31941 34264 36079 40491 41714 45230 48051 48403 66495 79797 81090 100669
80 2646 2648 3232 3239 4101 4283 6193 6441 6522 7695 10349 10885 13231 13648 14143 15647 16172 20924 27075 30322 32236 33614 38982 41762 46098 47648 58882 67392 83104 84032 88263 119217
55 861 1933 2712 2809 3033 4356 5077 7026 7736 10877 12326 12648 14898 15971 16451 16948 22378 23076 27606 31344 32213 35183 35797 35918 38619 47108 50741 51452 68161 78077 85637 146669
1614 2782 4902 7832 8131 10281 10933 12120 12482 12559 14103 14103 17255 19362 19517 19826 20191 22107 23553 25639 26252 28057 31690 33981 34360 37681 40524 41432 44271 58983 71910 76136 100784
170 473 3126 3739 4270 4380 5226 5331 7359 8353 8682 9628 12327 14855 14991 15074 16287 21438 21684 21709 21964 22121 24076 34404 37539 56761 59611 60379 63793 69728 73373 80803 107874
1477 1590 2193 3494 3592 3770 4442 4936 5230 7614 7794 8380 8980 10413 10948 13386 18737 23369 23945 25665 28790 31047 35074 36732 44050 48425 51403 53975 57516 63209 67224 92212 105254
500 645 649 1362 3700 5540 5815 7125 7944 11320 11681 11977 12121 12486 12715 15663 17911 25116 26645 27033 27067 31544 31653 33106 36964 39586 43956 44705 50862 63881 80908 84334 123423
987 4958 5593 7182 8189 9014 9094 9847 10250 10869 14315 14649 17093 17591 18610 21482 21866 22022 23998 24362 26736 29695 32442 35386 42045 48357 48769 51305 51663 54472 55636 70294 86655
740 3610 3691 4597 5687 6404 6543 8318 8874 10961 11271 16196 16914 18122 20394 21228 21497 23262 23640 23652 25186 28019 35370 35659 37977 45269 52105 53949 57380 61532 63420 65355 90508
