1000 47 32
2485 4909 5087 5403 7100 8578 8587 10332 10919 12935 19006 19292 20760 22407 23476 24287 27674 28053 28686 30905 33330 36719 36768 38962 39697 44022 48349 49113 49787 52356 55432 83448
1514 1642 1936 3804 3877 5595 7535 7700 8033 8630 9065 9393 11035 13135 13844 14082 15106 16626 18130 20790 21506 23040 29587 35260 36153 36385 37947 46324 51384 59909 60555 150521
358 683 1308 1542 2414 2999 4123 6779 8967 9683 10169 12228 12892 13354 15537 15830 16041 17989 22245 25121 25328 25712 27743 28768 40903 47444 59608 65172 75878 84270 84278 91449
10 72 1610 2132 2424 4667 4878 10199 10375 10709 12074 12575 14915 15022 15468 16233 23312 23421 23562 25055 27371 30240 30914 33090 34558 35478 36143 41757 48136 60025 61477 92411
297 2525 3247 3673 4902 5002 6517 7291 9477 11552 13355 14529 14731 18396 19508 20564 20884 22355 22423 24653 28209 33849 41214 41543 44240 46882 53093 57640 64299 69693 84324 85104
1661 1845 2408 2899 3153 5501 5623 6463 6640 9738 12153 13657 15848 20106 20958 20976 21268 22464 24574 25049 25394 25703 30602 32311 32655 37428 39298 43263 44078 46410 71089 128065
878 3202 3786 3837 7064 7091 7333 8472 8586 9120 9363 9625 10173 10207 10470 11068 11839 15051 16258 19380 22808 24135 26249 37339 38289 38769 40429 58263 67947 69095 81016 91405
1960 5058 5972 7146 8342 8678 9853 11042 11156 11685 14269 14608 14772 15136 15372 16253 21838 25311 29016 29536 31992 33041 33159 37243 38220 47384 52788 60331 63003 65344 68846 98425
1174 1336 1941 3992 4664 4835 5366 5824 8221 8507 9318 11208 14863 14999 15875 16140 17917 22247 22711 23395 24089 27479 30222 43522 47602 54318 64069 67640 69025 76424 79105 84035
1371 2389 2791 3374 4452 5118 5699 5947 9744 12010 13044 15426 16010 16837 25540 27677 27741 28406 29789 30637 31073 34224 35535 38622 40581 47167 47188 47543 52234 56288 61311 72470
237 423 2198 2606 3829 3992 4636 4906 8437 9677 10182 13198 13834 13902 18688 18972 20713 23125 25970 29433 29837 30741 38967 41738 44402 47925 48984 49045 52549 56656 57025 84970
1344 1866 1975 2743 2926 3680 3814 3970 4454 5159 5491 8148 8709 8788 9017 10229 11498 15050 16988 21139 25941 26550 34248 44547 45997 50190 56154 58670 61685 63780 66028 112148
714 846 869 1445 1531 3237 6895 6978 8598 10474 10974 12818 13230 16038 19213 19989 23908 27901 29501 29676 30534 32859 35335 38237 41240 45933 56621 60909 67710 68836 74277 78399
653 997 2276 2653 5983 7117 7513 10475 10917 11440 12664 13274 13376 13689 15159 16027 17468 18962 19168 31642 32415 37603 37668 42707 43790 53519 58711 59789 70783 76568 79429 88238
174 763 1177 1627 1673 3205 3238 3319 5581 6041 6139 7655 9587 9815 9849 10979 14503 16218 16769 21064 24602 32650 34424 34642 35674 36350 36479 39770 46434 79860 97012 114569
70 1949 2997 4958 6505 6885 9884 10369 11274 11859 12129 13057 15167 18058 19625 22012 26285 26391 27847 30413 33026 38406 39001 44076 46881 51337 52472 54404 55971 63908 68476 69885
94 882 1423 1721 3062 6698 8903 10297 10754 13433 14905 14981 16210 16306 16817 17862 19887 24782 25508 28371 28510 29587 31122 32285 33583 34929 39924 43140 53643 60559 64617 72355
561 1546 2507 3689 4817 5336 6777 7858 7950 8882 9204 9482 10325 12938 14231 14496 16398 19407 19682 20430 21778 22107 32112 33489 33762 36825 43919 58138 61500 63519 72893 96360
1038 1584 1893 2757 2990 3300 5782 6574 8187 8374 10466 12399 13620 16292 16350 18064 19456 19540 22751 23107 23405 24627 29523 33889 38071 43822 47123 53558 70570 86571 95738 99508
12 1449 1537 2563 2977 3637 4432 5175 6099 6291 7180 8601 8628 8929 12775 18797 22280 23568 24260 28245 28952 30908 37957 39180 41089 41309 43023 54287 63109 69607 71192 84838
149 1094 1202 4231 4611 5022 7436 7984 8170 9214 9391 11467 11629 11672 14391 15536 17821 18581 20176 21576 24643 25756 28110 31804 35840 39492 43452 48809 51680 57178 82162 136372
474 932 1587 2317 2942 4566 7116 7894 8521 9367 11021 11065 12047 12230 12408 17037 20248 21259 23822 31137 35085 36293 38852 39178 42789 43052 46850 48249 51760 52812 54031 104994
80 743 1856 2472 3982 4581 6231 6770 9857 10203 11058 11768 12542 15087 16604 18093 19431 22442 22750 23905 29094 33712 36361 41170 42252 42704 45869 48674 54594 71031 79682 112252
639 1237 2060 4556 5006 5035 5547 5633 5764 7155 7462 7715 9590 15028 15582 17370 21318 21837 22586 23321 25403 28300 29166 29451 31278 32973 48297 54814 60746 67882 71243 86962
104 247 407 629 1159 2020 2353 3137 3773 5028 5804 7473 8144 8988 14705 15439 19612 20273 21263 24179 28588 29283 35473 39906 40311 41126 43683 45387 46163 61036 80621 91404
780 867 1790 1802 1995 4549 5506 6599 10981 11954 11984 12776 14336 15531 16874 17191 18862 19777 21123 23897 24039 30022 30150 32003 33733 40041 42950 43906 50292 56913 77238 78238
256 299 1531 1569 1959 4678 7364 8697 8882 8951 10195 10550 12111 14450 14691 16414 17116 18347 19055 20108 20805 25314 29772 29954 38867 39700 45603 46084 48250 50151 94673 102143
226 1765 2918 4652 5305 8176 8704 8864 10948 12087 12142 14671 16022 16563 16599 18541 18550 18853 21700 21965 23282 24046 29502 31385 41288 41608 44036 53430 58683 61573 81315 100392
2419 2473 2475 2775 2927 3862 5454 7709 8747 9650 11611 16141 16560 17021 18011 18029 18652 19589 19804 23054 25849 25872 30860 33801 34012 37359 40950 49950 68310 78452 80245 83193
1374 2102 4954 4989 5161 7423 12635 16994 17602 18934 19956 22682 23046 23895 24623 25554 25632 25656 28650 29462 31507 32426 34752 36386 37999 39913 43320 45691 46086 58973 62444 89650
103 134 339 2732 4061 4900 7431 7730 8140 9490 9969 11701 11912 12276 13836 15285 15962 17822 18176 21608 26663 32078 32829 33636 40158 45292 49677 57029 58186 63562 79083 122418
1259 3349 3656 5058 5915 6555 6863 9442 9957 10181 12936 15378 16027 16888 16954 17669 17773 18666 20313 24279 26623 30458 31284 34927 36323 38050 47031 48078 51311 62016 78454 94572
95 545 2753 2928 6546 7978 7995 8944 9296 10990 12112 13249 14337 14616 15464 15469 19330 19386 27187 27348 33876 35678 42984 44980 46814 51875 53893 65955 68671 68831 72992 84797
1708 3567 3674 4409 5174 5770 7617 8347 11516 11555 12281 12559 12671 12996 13876 14649 15949 19365 19915 20020 26102 30007 31478 33365 34699 40820 40901 44047 50334 51444 88244 97846
1100 1171 1758 3544 4932 4968 5010 7037 8556 9954 10072 11141 11524 11817 13592 16637 16777 20706 20719 21085 23615 23714 26404 28338 34028 37007 40887 42428 43153 47909 93758 106566
60 1774 2832 3647 3695 5324 5699 5752 8800 10444 10599 10834 11639 12728 12777 14507 15462 17777 21916 26495 26838 28015 28789 31735 32826 32953 40683 41064 49389 69004 112077 127652
1569 2176 2258 2438 2797 4364 5947 6917 9476 11949 12142 12473 14932 14948 20824 20915 21884 22033 24805 24998 25634 29662 35568 36718 39925 41362 51856 52359 60511 69408 73343 132941
467 667 1729 3446 3757 4080 4595 5169 5602 7936 9136 9472 9673 10969 12054 12367 13427 15703 17591 17944 19043 21540 26140 29181 32553 33197 55391 55601 73853 86109 110309 113567
607 3095 3487 4000 4166 5851 6831 7148 7858 9403 10662 12333 12835 13572 14714 15454 15765 22206 22392 25009 28303 31359 31801 33254 33886 45894 56006 56539 58391 65746 71758 73587
816 1951 2476 5301 8073 8956 9434 11509 12079 13956 16026 16353 16525 18518 20061 21124 21160 22667 23384 24531 24604 30551 32144 34798 36028 36174 41004 55865 59511 71997 90007 107630
2017 2295 5762 7053 7134 7889 8493 9435 11998 12187 12886 13324 13964 15026 16678 17132 17408 17793 18206 19896 20131 20737 21242 23730 24037 24840 29136 49694 73054 75511 91201 94446
119 904 2650 4631 4680 5546 5997 7603 9510 11131 12157 12447 13042 15453 16298 18757 21672 22863 23176 23466 23813 27572 30926 31608 32194 37345 43038 57432 57577 66331 69032 138937
502 1654 2610 4403 4829 7482 8326 8436 9144 11700 13449 13749 14564 17511 17885 19609 19745 21367 24530 26312 29778 30397 35682 39524 40005 41968 42693 46540 62915 67075 95670 104621
276 316 1267 3184 3890 7964 7966 8223 8569 10025 10037 11164 12380 13014 13392 15650 19106 20484 25234 25921 28348 30180 32806 36742 37096 41156 42440 48607 54579 61579 74965 106169
890 1492 2597 2762 4571 5438 5480 6325 6339 6666 7431 8791 9574 10155 10530 10625 15910 16329 24300 24659 28484 30571 31053 33143 33572 39318 47738 49933 56639 71224 78721 136671
2455 3902 4635 6607 8482 8493 8578 9162 10643 10903 10980 14189 15618 15929 16424 16937 17050 17304 17986 18577 19315 19542 20503 21791 30121 30962 32698 38178 44993 75440 121427 131063
1993 3496 4908 5250 5340 5868 6938 6996 7010 10322 11680 13705 13912 14267 16832 18399 21421 23259 23511 24228 25937 27318 28728 31801 39047 41335 44206 49870 53616 54496 76486 113364
