1000 32 9
25990 39507 50636 68416 85467 92986 97505 156751 252279
12133 14338 14394 56025 66071 93035 96113 213437 238993
1829 9204 20265 20338 40266 64223 113014 247676 381642
7706 36236 36259 51940 80411 80917 174847 209955 218557
14752 16367 31757 42398 55717 121816 135336 157617 258215
4698 10155 35279 35366 46969 99545 169983 203882 206089
5741 44391 44844 44924 60203 70957 113770 197632 275089
9885 11306 52415 74135 97433 130229 135636 190013 228125
26437 70217 73768 87381 94101 96059 105005 146783 178188
1260 13399 46578 56483 91022 101139 101389 172102 253482
6410 7733 10530 17022 27215 91076 226184 228375 308627
22843 25035 33927 41222 63714 72190 118533 178301 330321
4966 23397 23421 45990 60589 91539 132992 152849 357815
23246 24183 48582 59134 59724 69363 105565 147697 307596
17967 29172 37751 60203 68967 144223 144915 200667 215450
356 8829 9456 51208 52469 64660 107760 134254 434230
20864 21821 32672 35688 59198 67119 137898 210171 223241
5937 31389 39693 55932 62661 74161 125543 149586 328438
3387 8198 13921 23842 29479 84400 98436 103774 492155
14238 20023 25858 63524 85131 94743 167184 208204 244822
18274 34321 35912 61027 111426 120293 123569 127484 190149
6668 25143 32810 50833 67034 67985 118104 167061 333859
7718 16641 43548 93569 105454 111529 114728 131222 250060
10431 31677 45708 78447 83903 102776 142287 142879 194374
878 24498 33216 54013 60061 76379 82413 180521 299037
26590 46007 89372 91121 95926 99178 147200 162752 171363
4800 12090 19992 52327 57707 85507 94158 103452 441288
13316 15432 20456 38977 46627 58518 110979 207101 384551
26523 28363 55182 62795 86218 86565 105937 172161 221268
8223 9595 20076 54853 83229 85396 153491 211651 217148
2145 20744 46379 57055 79908 100450 151765 182914 214265
3740 37381 52543 61745 76537 100759 145060 177896 195492
