1000 49 46
97 886 954 1601 2134 2350 2796 3151 5252 6194 7167 7197 7380 8115 9680 11989 12520 12560 13355 14269 14427 14519 14584 16580 16785 17235 17260 19265 19936 22264 23987 25790 28367 28492 30478 32412 35877 38500 40845 43349 46090 46868 55005 62971 64112 92184
899 1303 1568 1737 1928 2284 3894 3912 4625 4991 6716 6718 6915 7153 7400 8217 8903 9521 9707 11642 12300 12545 13459 13832 13860 15010 15034 15470 17076 18182 21484 22773 23042 23971 25977 30147 30301 33882 34644 39913 49389 52077 57936 86227 95460 113539
310 761 856 1047 1167 1201 2108 3103 3370 3860 4828 6540 7349 8196 8437 8540 9258 9817 10718 11610 13164 14124 15478 17500 19012 20816 21372 21813 21938 23039 24022 25615 26882 29255 29607 29771 33519 34121 37853 46751 48545 49280 57218 63776 73323 94647
246 497 879 1040 1809 1955 3714 3881 4585 4665 5041 5510 6086 6745 7206 7919 9444 9908 11065 11170 13044 14635 15516 16156 16551 16642 22190 23621 24284 24636 25048 25247 25458 25590 30289 30335 31148 34013 37158 39906 50038 50714 51362 68409 69972 110995
194 316 328 1041 1752 2755 3649 4590 4805 6429 6595 6678 6731 7608 10241 11205 11473 12210 12260 14847 14865 16106 16162 16314 16763 17608 18388 18876 22421 24646 24788 25691 26052 26082 28067 29888 32058 35843 40801 41787 42618 44534 55632 70449 81703 82911
272 709 1084 1135 1740 1951 1962 3368 3502 4855 6292 10244 11613 11837 13033 13827 14042 14871 15066 15082 15532 15893 18720 18777 19817 22150 23177 23917 24586 24700 24834 25465 26472 26575 29143 30025 32232 32975 35742 37421 39875 43236 44852 49777 74945 88481
158 1467 1526 1574 1678 1807 2170 3081 4872 5364 5403 5829 5907 6712 6724 7039 7186 8152 9168 13709 17391 18188 19340 21008 22274 22345 23096 23733 24158 24654 24864 26739 27859 29903 31478 31712 33484 34093 36141 40271 51487 53903 57839 58230 64306 79395
1619 2261 3262 3544 4221 5114 6507 6952 7136 8784 9251 9868 10048 10992 11838 12333 12387 13283 15126 15601 17587 18040 19959 20089 20845 21836 22039 24545 24646 24650 24655 25440 27079 27417 27540 27575 27662 27705 29155 29682 35695 47883 50624 60007 66649 76858
32 98 180 748 1843 1910 3336 4124 4280 4963 6398 7537 8154 8527 9883 10219 10492 12264 12384 12476 13329 13877 14721 18220 19005 19292 20016 20080 20818 25580 27328 27513 27898 29009 29489 31177 36630 37519 37875 43251 51114 51242 51437 55974 63951 90510
632 984 1433 1803 2059 2692 3018 3634 4108 4301 4394 4563 4630 4883 5080 6616 6851 10583 13006 13575 15176 16038 16233 17951 19071 19688 19984 20181 20828 20853 22024 22049 22113 24607 28690 28969 30730 39177 42559 46143 49384 59440 60940 64885 77845 91174
5 231 594 1051 1291 1669 2956 3438 3529 3988 4985 4994 4998 5647 6574 6790 8064 10286 10470 11471 11551 13032 13430 15163 15393 15491 17014 17989 19658 20108 20592 23354 25671 25972 37576 38883 43740 45945 46925 47003 47614 61757 64020 67765 68642 78159
226 528 765 821 1080 3141 3349 3491 3868 4461 4568 4791 5049 5071 5957 6088 6491 7053 7054 7060 9559 10765 10782 12039 13423 13534 14433 16997 17068 19761 24770 25000 29202 34169 36553 36672 37587 40132 43027 44772 47321 56176 64038 71559 88331 96989
149 864 2466 2919 3123 3466 4084 4165 4166 5398 5621 6018 7379 8647 9409 9598 10694 11622 11709 12100 12424 12462 13182 15900 16393 17100 17298 17303 17725 19979 20513 21298 28074 28951 30001 30704 31344 35136 35330 35791 42959 44763 47783 93701 94068 94611
1023 1137 1295 1545 1885 2011 2359 2403 5075 5103 5347 5453 6934 6979 7229 7246 7424 7577 7586 7933 8286 8975 13243 13936 14236 14406 15260 18265 18995 21431 22983 23275 23663 26663 30058 31940 38520 39348 40428 43943 61308 62562 65862 69357 74360 102599
469 779 1157 1680 2121 2540 3139 4765 5097 6343 7591 8506 9856 10220 12284 12355 12715 13513 13805 14498 14777 15525 16655 16687 18764 19024 20356 21333 21936 24719 25498 26856 27166 29286 29549 30053 31583 33534 39161 39284 44459 54365 56063 61520 64394 71221
164 1325 1390 1859 2138 2156 2888 3019 3595 3645 3709 4202 4519 5923 6184 6294 6331 6586 8598 10452 13168 13935 14593 14944 15280 15772 16024 18081 22567 24935 25718 26016 29044 30713 33227 33612 36576 36610 43881 48812 55089 55530 62603 67842 74236 84042
664 893 986 1789 3008 3285 4249 5126 5815 5910 6123 6348 8071 8633 8864 9558 9710 11077 11978 12022 14783 15249 16824 17651 18634 19388 19467 19767 21193 21254 22016 26076 26669 27806 29745 31637 34432 37382 37942 43491 45672 53954 61842 64315 71097 73954
1246 1320 1842 2286 2484 2701 2771 3520 4537 4612 6040 6209 6665 7624 9152 10009 10539 10967 11864 13825 14876 15848 15940 16048 16854 18166 18595 19784 23833 25423 25751 26597 27688 28892 31730 32604 33659 36264 43737 48347 48354 51670 56290 56748 62060 81646
469 531 1125 1550 1997 2744 2764 3237 3246 3282 3450 3627 5718 7450 7874 9451 9860 11591 12209 12839 14908 15024 17150 19536 19772 20222 21074 22480 23371 26067 27596 28111 29281 30103 31740 31797 32735 33648 36070 36272 39756 42023 59358 66901 80823 85771
314 737 1693 2195 2737 3441 5336 5945 6072 7000 8354 8845 9002 9295 9370 11154 11255 11946 12160 13650 14175 14758 15274 16830 16886 18104 18501 19397 19418 20812 23260 23686 31369 32024 34444 34494 40733 41362 42624 43315 46325 48399 50517 51474 64393 74278
283 544 1144 1334 1799 1831 1866 2303 3946 4010 4479 4937 5267 5584 7312 8270 8595 9013 9492 9527 10878 13017 14277 14630 16032 18826 21170 21257 21292 21335 21475 21672 22696 25648 29285 30460 31071 36130 41380 49083 50197 61678 70098 71911 73307 96001
457 813 829 1647 1671 1793 2097 2150 3054 3115 4058 4696 5079 5715 6085 8870 9851 10001 12159 12216 13293 14678 15144 15816 16086 17812 19880 21883 23409 23874 24504 24537 26616 28522 28837 30233 30341 33078 35157 37555 37762 44337 50941 53768 81674 150001
160 266 577 842 1732 2188 2631 3234 3370 3981 4528 4597 4811 5401 7116 7120 7544 7568 7732 8693 9622 11098 13360 13632 16724 18693 21078 21737 23872 25591 27147 28816 31598 31872 33859 38694 40254 41037 43197 43785 43841 48636 51288 51890 89703 92598
331 1378 1650 1746 1759 3607 3626 5285 5863 6180 6783 7520 8041 8759 9041 9082 9375 9498 9737 10073 10468 10826 11999 13524 13812 13851 15129 17015 19569 20089 20191 23578 24415 24676 28028 31051 35404 36240 36468 44643 53177 55098 56333 69853 91887 100771
189 1170 2031 3018 3223 3489 4686 5128 5717 5744 6337 6733 8426 9584 10363 10874 11025 11390 11494 11534 12375 13375 14564 16150 16734 16846 16987 19849 21087 22184 23519 24297 24463 26333 26576 28559 29961 32428 36517 36740 36957 53748 63429 73366 83167 95101
623 1120 1357 1362 1395 1566 1697 2908 2960 3263 4747 6108 6285 6428 7194 7357 8787 9744 10997 11851 11916 13666 13895 16782 17575 18351 24516 24719 25536 27348 27478 29827 30322 33648 34325 37090 38461 41218 44018 45349 45744 46551 46583 50834 59581 93679
453 572 866 1366 1906 2103 2256 2616 2669 3252 3549 4230 4730 4817 7384 7556 9108 9502 10753 12191 13248 13354 13428 14197 14485 15652 15682 16084 17294 18724 19556 22026 23244 24510 24943 26075 26440 28657 39879 41149 49766 54078 55614 103115 104228 108586
1735 2382 3107 3877 5608 6630 6883 6973 6984 7214 7404 7709 8478 9238 11168 11712 11749 13429 13448 13719 13910 14066 15824 17097 17284 19596 22383 22459 23815 24278 25246 26777 27040 27075 27985 28342 30911 31036 39154 39615 40101 47894 48593 51828 54226 101740
904 2078 2234 2528 2581 2641 2727 3649 4763 7254 8072 8652 8661 9507 9715 9782 10050 10360 10911 11137 11679 11866 12007 12409 12684 16565 22089 23027 23148 25371 26464 26477 26690 26931 27866 29565 32792 34700 36658 51264 55980 57512 63058 65210 68235 68584
413 1465 1669 1758 1772 2813 4304 4419 4740 5509 6308 8271 8864 8939 10416 11045 13281 13338 13694 14183 14209 16378 16595 16704 17607 19625 20295 20373 20623 20716 22161 25102 25712 27767 31621 34237 34866 36133 37803 38201 40595 47741 55448 57053 60048 102524
141 160 353 991 1117 1540 3862 4064 4850 5789 6101 6319 7502 7720 8302 8945 9126 9509 10161 10327 11149 11150 13698 14002 14366 14987 15071 15769 17042 19207 19401 19724 27135 29688 33417 36029 37199 41240 47599 47894 48203 49180 56370 57769 61913 130807
189 195 238 645 900 2406 2901 3141 4124 5752 5833 6134 6534 6675 7547 9392 9441 9832 10047 10212 10618 11341 13809 14102 14239 14856 15585 15844 18883 19339 22398 22752 24188 25104 25521 31716 32297 33120 34872 35783 37429 43398 55370 63444 121208 136417
936 1479 1672 4017 4666 4704 5151 5575 5597 5856 5957 6976 7579 7725 7893 9377 10755 11331 13194 13245 13681 13770 13898 14594 17286 17884 19599 20022 20552 23462 24477 26208 27045 29042 29417 32802 32926 34380 38414 40514 42924 45222 48545 66834 67936 101043
518 655 773 1086 2099 3623 3747 4391 4397 4597 5146 6137 6429 6565 6653 7466 10174 10440 12531 13563 14427 14780 15190 16668 17092 18612 19503 19920 22652 25234 27496 30739 32088 32209 32290 32569 34739 35128 36150 39330 46373 50224 54664 64554 74385 78446
172 581 1058 1340 2242 2805 2984 3181 3330 3704 4328 4350 4395 4798 5254 6556 8412 8963 9040 9412 10499 11119 14861 15952 17937 18385 19115 19942 23665 24664 24997 26902 27102 28994 32227 33488 35560 40068 44159 52561 53483 53761 55186 55591 56892 114283
272 470 848 1356 1364 1524 2262 2339 4230 4323 5024 5209 5424 6124 8479 8651 8702 9133 9892 10539 10674 13749 14156 14417 14589 15512 15855 17300 20028 24112 25855 27469 27672 29882 31235 36097 38033 39488 40087 45996 50451 53999 59840 62294 77174 93352
613 1559 2220 2570 2842 3555 4059 4230 4826 5024 5045 5140 5764 5838 5903 7063 7585 7697 8396 8518 9537 10286 11976 13452 15782 17234 17399 18824 20211 20998 23010 23739 24153 24666 26004 26899 34514 36271 36324 36992 40776 42528 49981 68021 80961 167916
325 699 866 1009 1010 1084 1136 1194 1779 1936 2724 2781 3588 3632 6344 6512 7951 7971 9501 11079 11818 12160 12536 13468 13516 13998 14517 14977 15360 16321 17093 20567 22354 29760 33896 34827 40684 40710 45355 47122 49317 65389 70561 71922 91729 104535
190 1167 1341 1403 1665 3272 3330 3720 4024 4425 4587 4612 7443 7533 8012 8265 10301 10413 10986 12061 12593 13372 14364 15727 17641 21961 23058 26297 26536 28584 28989 32723 33206 33249 34270 38555 39616 40291 40901 45470 47596 50250 53180 55494 55535 59814
150 1425 1677 1778 2776 3681 3711 6692 7065 7310 7837 8479 8612 8614 9119 9142 9186 9835 9842 11349 12765 13100 13287 13589 14463 15552 16042 19279 19405 19949 21851 24418 25347 28018 29561 31034 34225 35178 36804 48119 49216 50984 56019 59346 66317 114828
741 922 1404 2451 3810 4102 4671 5976 6316 7052 7458 8320 8385 10150 10554 10918 11290 11821 11823 12021 14900 15859 15910 16375 17191 17994 18520 23706 25090 25895 26117 29458 32402 33304 34077 34962 35028 35807 37548 38380 41086 41385 55094 55714 59162 75114
297 426 548 768 1711 2377 3108 3192 3521 3861 4323 4704 4798 5047 6861 7865 7958 8032 8191 9800 9990 11077 11928 14015 15232 16182 17299 21423 22386 22593 26082 26191 27725 32813 33733 34168 35034 35260 35905 43679 51599 63261 65743 73749 74469 87820
53 166 549 1001 1062 1242 1429 1696 1898 3530 5135 5655 6843 7149 7686 8399 8740 8901 9350 11788 12427 12552 13336 13510 16106 16886 18788 19039 21298 22845 24383 24666 28021 28900 30112 31582 38701 39380 39522 41042 53194 55868 72409 72640 73334 82878
193 860 1357 1695 3218 3420 3567 3664 4362 4608 5146 5488 6604 6814 7316 7883 7896 10328 11042 12382 12973 13336 14547 15651 15776 16616 17617 18090 18519 19601 21866 24237 28192 29567 31240 31714 33560 38725 44213 47046 55529 62528 62614 65194 70355 78344
91 823 2215 2567 2984 2986 3458 3866 4065 4709 4845 5135 5149 5706 6752 7239 9350 9720 10630 11844 12233 12374 12595 13537 14238 15260 16071 16915 17034 18415 18587 18636 19911 20432 20787 26139 31266 38153 43276 43495 44426 46952 51698 87977 109635 122843
1082 1326 1836 1978 2146 2616 2771 2833 3690 3786 4347 4461 4513 6839 6966 7020 7232 7479 8568 8968 9269 9441 10047 10218 11088 13044 15029 15908 17822 18436 18537 19483 21105 21198 34128 36392 41735 42111 44022 46313 54517 56811 56880 82657 84263 117051
284 297 1322 1471 1538 1850 2193 3756 3803 5323 5654 5758 6480 6648 6842 7353 7628 8661 8859 9612 10617 10764 11756 12186 13036 15584 15739 18806 19279 19482 23648 25417 26148 29480 29768 34230 37766 40177 41140 43220 55349 59962 60176 66628 76913 105433
690 769 901 1171 1429 2364 2751 3298 3607 3945 4090 5021 5165 5601 6436 7021 7530 7697 8905 10102 10280 10419 13812 16432 16472 17639 18466 19558 19580 19757 19811 20891 33902 34020 34175 34187 37245 42086 46575 51315 52551 52948 56711 61093 62533 105019
269 823 1279 2616 2694 2898 3012 3354 3394 3419 3604 3636 3816 4097 7549 7779 7878 8476 9815 10786 11349 14798 15993 16736 19071 20119 24308 27272 29391 29556 29570 31150 31664 33658 34457 36206 38514 39767 42879 43434 46939 47169 54565 55463 62485 69915
