1000 46 34
395 1442 2611 3028 4572 6076 6759 8649 8898 11148 12317 13467 14568 15479 15513 16851 17335 19992 23850 23867 25267 27340 32737 33262 38773 41069 45391 46755 47850 59381 60293 68942 81294 111198
54 98 588 1750 2543 3363 3389 3597 4369 5786 5956 6236 6685 12339 15144 15734 16157 17814 22675 25572 27799 32713 35041 35338 36177 37472 38340 50170 51742 58591 60802 67289 79728 141373
917 4374 5205 5817 6433 7013 8591 9128 9758 10163 11624 12523 15023 17150 17434 17456 20424 21195 21662 22831 23128 24160 27997 33067 36330 36830 39941 40072 43774 50632 50938 58394 68140 105603
531 1549 1710 2579 2830 5213 6089 9291 10289 10582 11632 11905 12251 12302 12874 14989 16066 16624 23988 24711 25300 27033 27380 34513 36980 47069 47404 56562 56668 56718 65116 66719 98514 100048
593 1423 2106 2582 2627 3368 4801 5965 6893 7102 7411 8614 9786 13712 17998 19415 20445 21816 23506 27898 30105 30993 33571 34049 43079 43500 44345 48744 51490 57398 58320 63225 88597 90476
1084 1251 1685 1688 4670 4818 5810 6125 6732 6942 7234 7377 7647 7818 8338 13425 13945 16024 17748 19512 21008 21944 25908 29154 32730 39886 47910 49433 50639 65289 68875 71435 82443 117204
112 623 899 1676 2772 3114 3966 4491 6203 7840 8515 8631 9072 10957 13265 17261 19815 20185 20551 22288 25355 26959 27479 27573 34380 35237 35422 40682 44926 47846 65501 98690 111756 116258
147 223 437 1831 1863 2153 2174 3861 3927 4370 5490 5652 8172 9521 11991 15505 15958 16493 23858 23878 25467 26615 26874 26915 28329 33300 36275 44937 53019 59974 75298 84381 99752 133014
569 1380 2155 2497 3072 4141 4668 5920 6633 7250 8450 9055 11099 14783 15371 17739 17742 19184 19447 21080 22902 23371 23458 23497 30960 34400 40138 46859 48366 56312 73387 90391 90908 120363
637 804 2402 3794 4997 5150 5291 10141 11469 11569 11640 12425 15477 15783 17979 24477 26314 26673 26705 31905 34350 34443 35713 36615 39264 41727 47991 48279 49538 52066 53750 60438 65992 72560
510 1447 1925 2262 2536 2721 2989 5033 5497 6032 7424 7607 7838 14865 15105 15172 15241 16930 22517 23307 24284 25676 31811 33132 34379 37396 42629 43574 52853 53633 83036 91457 96590 98713
640 3156 4851 5113 5782 6427 6432 8881 10135 11775 12485 13902 15371 17957 18289 18451 20940 21900 25019 27134 27791 31145 33180 38506 39602 41215 41870 42503 43621 46154 46655 49409 66291 90054
639 1659 1837 1869 2727 4207 6025 6561 6842 9971 12845 14330 16446 17243 17319 17333 19713 19724 21052 28043 30058 30353 30690 32132 33019 37269 40323 43804 49368 66643 73687 80775 90778 91828
1137 1158 1505 2369 3364 3423 4708 6827 9617 9710 10039 13661 15731 16782 16864 17358 18619 19654 20737 21944 22168 23704 27028 27302 27779 45299 47654 49922 50525 56502 60169 62306 71392 110674
417 665 732 1407 2582 4264 5200 5275 6259 9348 9846 10219 13882 14040 14472 16404 16552 17178 18470 21691 26090 29366 32787 33404 34465 41118 42336 43316 43601 53151 53472 57738 108723 112889
550 1575 2973 5807 6470 6602 10217 10501 10608 11392 11472 11570 13333 13479 13586 15849 19531 20255 21393 22034 22606 26974 27875 28242 29012 29248 33546 36000 37022 57713 69620 79438 82798 95101
625 722 1964 2917 3413 3531 5496 5648 6004 8798 8886 9960 10547 11570 13199 14942 15615 18950 19140 20609 21235 22106 23344 27104 27143 28538 38012 43301 51021 68924 80828 82297 101493 138865
111 1107 1887 2035 2682 3815 3825 5378 5495 8030 9801 10577 10960 10983 11639 12954 14367 16183 17360 17380 21893 28299 30294 33015 36433 37374 37855 39835 49501 54153 69533 77730 88163 122074
437 2225 4810 4879 5095 5624 5754 7317 7676 10058 10279 11845 14386 14813 15191 17197 21332 22012 22592 23661 25582 30911 31430 32005 32508 34126 39353 41680 43163 61547 68220 74655 80298 87154
138 519 1462 4969 5808 6395 9981 10931 11426 11719 11915 12084 14120 14969 15025 16056 16460 18931 19114 19358 20859 23335 25149 29645 30501 30963 32148 33908 39539 48335 73400 77205 99213 115091
184 674 1576 1932 3612 3864 3914 4246 7061 7199 7243 7347 9085 10031 11863 12340 12516 16446 16999 21373 23369 24175 34281 34657 38054 40005 40920 47069 49712 50673 52492 99443 102542 158142
13 830 2377 2874 3362 4086 4246 5260 5421 5567 7603 10939 12690 13292 15232 18842 19029 19322 20433 20718 23569 23813 24442 27789 30527 43230 46495 57374 57862 63818 66262 70324 72571 118942
662 3570 3619 4077 4783 6623 6821 7256 8365 10115 10450 11062 11354 13685 14449 14936 16261 20058 21246 23274 26380 29660 29886 32022 35133 35311 35403 41392 62349 63137 70843 78214 80231 122172
1334 1765 1800 2098 2441 2582 4304 5257 8860 9348 10034 13319 16112 19215 19266 20558 22737 23355 23705 24027 24901 25498 25636 26307 31173 33748 37245 38908 44336 45654 48272 67563 95946 142925
558 1805 2413 3655 4068 4903 5448 5817 5924 7512 8726 9722 9839 11456 11836 13775 14675 15144 15623 19856 21438 22953 25269 26188 32102 32675 40201 45635 45784 46933 49352 80698 127537 141753
362 1070 1300 4129 5035 5289 6145 8183 8512 11311 11316 12343 13516 14368 14552 16117 16910 20615 23096 24374 24668 30365 31698 37449 41842 42003 44323 47827 50497 50950 59932 61536 63065 74054
104 557 597 938 1336 3022 3752 3905 4560 5870 7537 8675 11332 13138 14008 15090 15301 16867 19669 20649 28344 31175 31545 32525 32868 36669 38449 43449 45338 54491 56368 66057 97903 134803
77 890 1976 2018 2699 3135 6819 7704 8428 12798 13010 14366 14970 15143 16827 17625 18640 21870 23503 25781 26573 28244 30603 34904 37552 37567 39838 46513 47881 54350 56066 59688 72754 95015
359 2470 2546 3977 4174 5049 5564 6474 7732 7841 8009 8779 11369 11816 12653 16013 21804 25220 26545 30076 31205 34559 36338 37042 37054 40980 41745 44866 46261 54354 59098 62624 67318 85474
1015 2559 4178 5399 5761 6561 7198 7371 7681 8609 13210 13771 14148 14370 16544 16778 16828 17557 22254 22295 22792 23863 24048 27534 33717 37963 46631 49450 52898 56876 60727 64613 72163 89389
623 1695 2556 2621 3648 4857 5847 5943 8267 8688 9205 9216 12620 13309 14200 16260 17273 19200 19318 22401 24773 27575 31093 36143 39844 42363 49939 50327 54502 55168 62558 64529 81132 107821
251 2984 3118 3422 3536 3965 4356 4569 6825 10806 11875 11959 13759 15543 16318 18697 21386 23911 28340 30296 31497 33102 34597 35649 39197 41878 47702 48595 53199 55615 61388 72669 73958 81078
385 615 1221 2056 2984 3158 3485 4356 5076 5716 5920 6706 7459 7498 8816 12084 13928 13948 13959 20213 22221 25743 28482 28538 32347 35553 35967 46981 57887 69393 90454 97207 107838 133757
3192 3524 3909 4532 6760 7490 8969 10194 10339 10358 13511 14248 15427 15490 16150 20489 20544 21314 24034 27246 29906 30553 31352 33149 33781 34644 36462 38575 38660 41594 55484 56524 67878 142846
3 1956 2032 3582 4593 5104 5614 6435 7669 8605 8686 10392 10626 11460 12644 13988 14988 15626 16407 18355 28361 29063 35843 37251 40211 42524 46091 51580 61387 61977 69483 85492 87415 97271
2994 5083 5724 6822 8750 9814 10258 10908 10993 12589 12877 14409 14449 15979 17156 18562 18824 20477 21272 21452 27301 28044 30275 34149 37057 37454 43103 46675 46880 60774 62952 69473 69785 81979
1177 2071 3300 3643 6112 6254 7321 9098 9617 9800 10078 10263 10264 10707 11249 11466 12174 14838 16790 17263 17830 20789 25467 27909 29510 32661 36161 45124 48405 61247 65122 87126 87436 122767
450 1347 1972 2509 2725 7412 7992 8261 9464 9693 11247 11650 11914 13958 16148 16155 18945 22033 22550 24527 26281 26518 28512 32295 35574 40246 47526 48838 54482 59605 62958 66134 76751 80063
458 1097 1175 2359 2636 3056 3417 5400 5626 6574 8529 11077 12826 15991 16743 17012 19234 19597 21277 22515 24503 24677 25393 27403 32738 35195 36282 39821 49030 49965 59472 94278 103068 105747
117 580 1051 1771 1983 2973 3526 3571 4443 5186 5914 8434 8817 15869 16733 17590 17630 18266 18420 19980 20175 20435 21360 22049 25592 26315 27739 31843 54597 64601 89410 93440 93891 155045
436 1029 3414 3714 4249 6184 6245 7603 8140 8497 8691 13461 14706 18483 18706 19579 23851 26930 28027 28906 29245 30064 31626 33822 35350 35400 40658 48145 48156 52163 57899 66354 70001 98315
1872 1950 2974 4029 5041 5520 5566 8705 10537 11717 11801 12049 12196 13239 15426 15470 18050 20408 20424 23323 24789 32539 33187 33481 38007 38042 45837 47752 50786 56437 70496 72057 75809 92418
514 1650 2032 2403 2921 3759 5570 6271 7195 7803 10277 11091 12062 12075 12923 14041 16045 20299 21431 25333 29647 30294 30378 30819 41800 41917 43492 43951 44481 53243 71260 72971 82249 136637
969 1023 1992 2278 2842 3513 7484 7544 10175 11112 12237 13803 15587 16342 16383 18276 18541 19446 24537 27747 30061 30543 31176 35141 37037 38987 40590 41001 41391 41784 59554 59948 66509 100644
1471 3374 4316 4834 5304 5323 6385 7639 8933 9762 9786 10631 11985 13158 14633 16430 16636 18422 21082 22361 23747 25234 25493 28210 32972 34168 36632 44694 55934 56173 58514 70436 73596 115429
754 1135 1736 2234 3869 4087 4174 7557 10073 10282 11018 11431 13960 14645 14765 14983 15728 16993 18049 19930 21607 22817 24555 25120 27138 33405 41277 48224 48969 53015 63460 69223 83484 117016
