1000 27 24
457 2602 3415 3647 5817 7364 7482 7486 8305 9488 11592 12925 13363 15471 16891 18647 25909 27431 40124 77863 113342 134139 170477 190975
226 360 1222 5816 7522 7844 10904 11121 11592 20103 26476 31437 32438 33673 34560 38755 42812 43367 43816 53792 73878 107610 125324 128941
1914 3414 4858 7280 9160 13764 16492 16993 18715 22046 26383 26861 32544 32627 38223 46208 54449 58849 73219 73538 88718 98062 98609 99620
1820 2833 4127 9731 11178 12198 12543 19556 20491 22667 26556 27793 28731 41643 43310 50689 54820 55363 59153 67139 75946 86673 89057 102506
1691 2164 3419 6106 10744 12288 14288 17030 20588 21902 22902 26661 34069 38132 40442 41435 43086 47458 49332 57376 77590 85552 123535 125889
2857 3697 6623 7845 13629 13788 16460 19458 24838 25227 25578 29140 30759 36650 39663 43660 52060 54723 58978 59531 74822 84287 91269 106044
524 2835 4780 4794 6390 7456 12846 19853 20436 21930 22849 24162 34121 41578 48171 54811 56585 59542 66780 70756 72032 72272 91568 141915
596 836 4450 8648 9773 17356 21570 21603 22612 26596 29044 31021 32221 32394 34017 42488 45096 45461 50262 50624 58208 60311 78356 174453
1243 4451 5451 7310 8225 10435 10464 18250 19028 19694 27417 27550 30879 33073 38237 38615 39412 44862 63571 72491 75275 97487 111811 121659
1077 1088 4786 8268 9242 10183 12283 15154 20212 20967 25624 28303 33293 37563 39989 47670 54611 61430 61712 67894 77590 79853 81783 158550
1971 5122 14968 15496 15824 15946 16910 18558 27191 27263 27708 36021 37790 40019 41221 45067 50396 52828 56516 58222 59924 65081 77719 139923
1956 3758 4515 12189 14115 14179 15914 16457 21417 25405 25745 26393 36797 38133 38753 39455 46176 58918 59055 67499 75526 81676 91564 115421
1236 4015 7584 10012 10099 12038 13116 13411 15324 17251 17475 25819 35801 36396 43542 48314 50560 64555 66075 70993 92946 95158 95590 105164
1515 4889 6422 10266 15131 15318 20618 25253 25823 29341 29629 30562 30898 31640 37152 37902 42587 43040 56903 58658 67259 68851 107726 146329
1089 1966 3941 5959 7220 7547 10329 10687 10826 12439 14772 23800 25544 31470 45558 53941 61563 62028 62970 73713 79194 81849 119002 129348
580 620 4119 7796 10615 11280 18051 18288 19300 23538 24900 33768 39300 40153 44319 44447 47375 54884 56367 56688 57570 66659 92437 185835
2 1005 1137 1860 3078 8911 11608 12230 19207 21437 21683 26008 29665 29839 31261 33631 52719 54905 62074 68499 79857 103143 124370 152842
104 3697 4997 5875 6823 8158 11950 18520 26775 27757 33997 38987 42735 50605 53378 55465 59176 60448 61865 62265 65651 72824 75487 106156
483 2360 5360 6785 6842 8517 9753 17930 18901 19137 19496 19759 21079 32244 33288 35351 45214 46611 66864 72466 79006 95999 103501 160474
3049 3569 5201 5394 9106 12265 12494 13000 21290 21741 22477 22887 36657 39658 39738 43128 45632 46429 61991 64849 67440 76201 94005 155561
32 3577 4743 4991 10974 12311 15183 18759 19276 22054 25581 27446 28495 31132 33853 41059 45859 50418 52940 58179 85172 90270 90737 181804
1566 2712 5305 6103 7089 12632 13405 16850 17952 18546 21508 22215 23372 25832 38387 39970 64262 70039 78597 80306 89457 94983 95824 102385
1425 6413 7283 7706 7746 8072 9895 11467 21416 23538 25975 26177 28631 29682 32808 35317 48045 52593 68638 72737 80116 105045 105587 134910
400 2449 2784 3106 4563 6243 12132 12956 16071 16724 20577 21286 22780 30955 31199 33526 48736 54291 73103 73373 89331 98084 111367 173402
1134 2098 2374 2700 2730 5443 7042 13119 14612 16275 24074 34101 38208 38647 39267 42583 46403 50888 65184 75544 75812 97079 112589 131624
3185 4407 6739 11073 11376 15279 18860 21848 22585 24897 25511 25672 27289 28516 30578 42693 45757 58080 68652 70751 74300 75812 88447 99480
556 1119 1777 2104 2198 2212 3158 5100 12408 17153 18046 24529 26685 27910 40584 43822 49665 53189 74129 92256 93538 100047 106324 133568
