1000 43 6
61355 106033 114366 119531 245881 277175
15250 53167 83553 148548 184861 354761
13559 112026 114975 162472 175034 220697
35458 52787 80114 142354 209624 291203
20870 36581 57015 108883 158087 422015
737 61938 127857 183446 216127 318665
13911 42516 47869 99736 186819 454172
4888 77170 79653 172004 238025 292030
5559 40970 55585 95640 263528 339686
18928 55282 82049 160921 191559 396099
184 34314 70185 148277 240973 351443
27363 34259 71015 168860 239738 259713
46025 56198 128922 169261 204393 225060
48590 58044 120792 180589 200193 206494
6240 17470 72382 140153 162545 479816
24521 30551 48350 51015 192468 504175
29120 83547 97370 159281 213354 334915
2128 25764 118896 120376 128139 433669
5170 44204 87939 122632 289402 337862
2259 47982 128346 172330 174113 304237
4229 7202 25587 145772 262224 399453
1281 25773 44255 126923 162179 564593
23285 30986 66440 113451 181489 476030
18465 93657 96329 136988 173549 393968
20362 42280 49053 103314 178341 487344
25700 28384 113035 124446 261106 363662
5237 17377 68662 177983 259556 273577
50189 51564 73688 127818 210067 380781
16390 31386 33581 209684 268205 324631
7616 16975 28722 73757 109140 598943
26622 85093 126340 169489 217928 286454
49331 70848 92891 185846 199263 261264
22088 22562 115881 121905 129076 417159
47674 54692 67623 78779 256533 331866
8275 8287 24050 90332 125175 546998
55910 72211 150650 152828 165899 247528
62413 72905 105490 109901 126513 340074
35021 62095 62190 112888 127037 496573
8281 8673 21952 96490 229901 528155
6226 14313 71001 201100 222078 329796
49695 54011 78591 94952 178051 398077
9644 124344 129544 152351 172016 223296
19756 23058 110972 113310 284700 311405
