1000 11 46
51 261 1105 1209 1269 1846 2096 2348 2380 2896 2960 4664 5002 5486 6144 6541 7121 7977 8045 10146 11297 12330 12690 13716 16797 17292 18304 21705 22158 22426 23760 24756 24957 29338 33506 33927 34858 35729 38716 39482 49570 49797 57352 60713 67029 71905
250 905 1844 2537 3044 3116 3339 3849 4046 5441 6537 7075 7217 7419 7807 7837 8642 8752 9313 9641 10150 11507 11782 12725 12913 12965 13289 13675 14651 14974 15607 16196 16919 19916 20961 25124 27387 29493 35115 35894 47052 63384 66846 67061 103152 133522
27 909 1157 1819 2342 3306 3307 4126 4373 4798 4823 5119 5196 5243 5564 6410 6946 7865 8580 10298 11003 16214 17140 17655 19005 20050 20133 20641 21529 22532 26364 28439 30226 31682 33822 35157 35562 37198 39051 40083 41545 46891 53181 53443 58969 70187
247 1688 2901 3486 3922 4291 4766 5796 6897 7400 7612 8217 8349 8520 10317 10565 12458 12671 13567 13724 14118 14560 15062 16157 16488 16504 17072 17227 17807 18102 19145 19988 21157 21845 25784 29222 29336 30803 31201 31777 31950 36679 54151 62564 74517 84786
1007 1410 2258 2325 2558 2727 3010 3436 5267 5312 5488 7167 7379 7424 8705 9637 10891 11440 11465 12353 13116 15732 16117 16837 17373 18108 18824 18840 20552 20727 21333 22575 22620 24210 26099 27092 28116 30784 31606 34729 43212 43439 53667 56462 78293 110109
123 1082 1375 1497 1840 2376 2535 3414 3625 4558 5070 5968 7131 7637 7679 7848 9372 9404 9679 11183 11445 11726 15611 15882 17567 17997 19193 20850 21642 26620 27331 27992 29188 29321 35401 37987 41142 41578 42301 47003 48784 51170 52517 54442 54624 54939
359 385 1321 1354 1412 2373 2670 3060 3729 3849 5664 6263 6503 6965 7067 7108 8003 10399 10409 10428 11176 11680 13116 14236 15311 17275 17681 17851 17987 23174 24065 24109 25995 26223 26376 28417 29456 30232 31146 33804 37158 47691 56020 68481 72149 90120
65 300 321 664 1080 1621 1703 2018 3209 4184 5080 5533 5566 6823 7115 7377 7802 8628 9082 10268 10707 11850 11947 12585 13340 15576 15976 16941 18182 18376 20009 20310 21941 22155 29872 33530 35346 37007 40228 45293 48804 53183 54130 61299 63950 104324
227 1496 2113 2645 2790 3545 3669 3971 4788 5293 6153 6697 8830 9026 9643 9779 10594 12256 12676 12736 13238 13754 15107 16151 16343 17795 17989 18092 18438 18979 19051 20876 25014 25469 25839 27562 28692 32130 33374 38537 40249 41017 42148 59421 70964 98750
985 1763 2381 2398 2635 3840 3958 4112 4276 4571 4830 5405 5847 6047 6646 8759 10111 12532 12694 13848 13863 14211 14794 15091 16637 16884 17060 17847 20049 21296 21974 26795 28262 28627 31574 31637 32049 35028 40447 40809 41171 41360 44011 44981 58495 82118
316 1139 1513 1714 1894 2407 3737 4239 5779 6183 6935 7758 8049 8192 8481 8542 8773 9238 11288 13339 13889 14320 14376 14644 16237 16366 18291 19510 19581 20607 20681 21927 23330 23705 24553 25069 28178 30810 31176 37982 43147 48348 48838 58021 61176 133669
