1000 34 6
32045 52165 83867 199012 263563 359697
2915 41516 62186 63089 144364 681193
50249 88715 89317 140567 254847 363943
45865 47371 181724 200590 220817 291239
37649 41684 57863 270482 285717 297185
6817 11772 36327 121536 208928 601459
62771 81500 91471 208527 266628 276945
50716 55295 64073 154408 166260 500300
25784 51422 85504 99809 246739 478309
19281 40993 68197 212240 231631 414778
61137 73605 126431 140732 204897 388498
29066 52626 132803 139584 279738 360720
6381 11679 55426 70843 260193 583929
3737 25110 65390 211967 325810 358177
56637 67198 79522 133995 178132 474841
34150 87908 147114 149338 153353 419689
26465 86357 165285 219464 239713 250053
14046 27079 93513 108706 131263 617060
18680 61550 141041 205688 262293 301065
36753 85331 139096 216395 256439 257437
1584 17102 208569 209111 234255 318919
17869 27634 59239 90512 115311 680608
21738 78704 89187 122227 203672 475833
1711 52734 103954 257158 274351 303351
7944 8267 74834 102396 252874 547052
1350 9270 53616 79718 394481 449515
10211 81230 137812 140132 196988 422565
11384 43767 81473 251475 251946 349098
28281 133400 151522 186956 211830 280193
55046 83533 92014 165028 222049 373760
44963 48356 110497 130279 320043 336786
39914 57015 68408 167939 259738 397715
11711 29981 69703 88823 253498 539734
22265 53686 71039 148549 181589 511400
