1000 19 13
2327 8291 18568 25428 43224 50250 58215 67300 100074 106493 112600 124697 193346
6648 12194 13519 13890 22970 39732 47437 52997 54550 92320 120772 168060 196552
4747 13333 14761 25668 27288 51810 54033 58255 82723 100937 117468 155489 158085
7409 8117 11325 42914 45333 46685 62831 63256 71470 71707 125611 130910 228206
1125 13892 15860 21122 26718 29043 35859 41533 75645 90468 127525 136483 217154
499 3608 19470 29639 29934 55201 56903 64845 67103 74347 77219 134691 301912
521 8042 16653 24493 35483 35617 45978 47922 69571 79848 101923 199339 256972
3372 13322 16704 18296 22549 30341 35683 40930 85442 99895 123195 135139 184693
6769 14726 17954 18060 53679 54082 61581 68958 88632 97067 99815 159569 178162
6485 10861 14843 24285 41921 42263 47091 64247 69419 83401 107470 164383 204068
4252 27603 29098 48181 52101 63346 68218 69433 69622 70236 72018 171013 184602
2891 6801 9733 12151 15876 28827 32823 84707 94048 96065 108677 173609 217199
2106 10848 21654 21703 27383 50399 64022 75714 84191 96952 106687 152842 179544
27744 30917 35068 35690 53487 69550 76417 77136 77506 97714 99274 103565 121964
10055 16191 29656 38867 42573 48657 53216 56323 93028 115836 130351 136361 139050
2178 3952 6501 9916 21847 26184 38701 56582 76013 105922 109598 114894 264247
12505 13912 20039 25415 33389 43367 66695 87055 93565 109857 114792 125207 174630
9688 13767 19653 25632 29896 50668 55911 57956 79650 102973 113341 121124 171302
1429 8006 21662 26711 26902 50754 68392 80621 84630 89401 89782 90677 172500
