1000 15 39
1914 2652 3324 5213 5251 5959 6322 6374 7152 10028 10184 10294 10703 11490 12107 13909 14092 14094 15710 17243 21072 21091 21880 21936 23740 25932 28911 40941 42948 43610 44044 45754 48964 51712 52993 59233 59606 71628 71783
348 367 1852 2717 5160 5165 5465 6191 6259 6354 8251 8566 8913 9589 9962 12353 13479 13705 13924 14194 14575 14712 19438 20914 22390 25321 28532 35193 37378 38186 39206 40346 41769 49041 54956 69315 70360 79467 122817
364 447 896 1659 2406 2866 2928 3467 4953 6756 7209 9072 9674 11522 11558 11826 13479 14837 15025 15418 16364 16418 17137 17207 18811 19190 21703 22040 29519 30608 34254 42319 46675 49054 59561 76229 91953 94448 130259
417 1244 2425 3814 3878 5685 6197 6739 8453 9309 10064 11365 11420 13067 13288 13476 16570 16946 17542 23042 23470 23808 24860 26072 27336 28542 29470 30604 36450 39590 40182 47458 48785 49925 51904 55481 57931 60167 93516
231 566 3276 3822 4482 4544 5154 5773 6283 6349 6796 7113 7121 7895 8242 9757 15801 16000 17173 17325 17391 17748 19554 21126 21505 22262 27499 28371 30603 31085 31276 37629 48420 56385 61013 64129 79021 81637 130486
427 3255 4480 5265 6033 6903 8276 9396 9801 10571 11229 11297 11784 12908 14432 15107 15267 15777 16382 17209 17237 18998 21374 22584 23693 24002 26668 31017 32940 33234 36144 36795 40025 41558 51074 61023 65938 83074 103340
1702 1766 1864 2693 2702 3308 3757 5133 5848 6885 7114 9461 9777 10862 11003 11212 11760 12282 15253 16872 19842 19931 20244 26838 27646 29256 29652 33974 35466 35559 37906 38134 43039 46528 46910 54286 65341 82139 142094
193 579 706 996 1368 2516 3679 4307 4396 5498 5749 5786 7446 7455 7903 9094 13261 13272 13847 18197 20393 23118 25574 26882 28344 28705 36656 36934 38395 40321 41535 43319 44502 45946 58348 65101 79234 87429 89067
118 851 1254 2271 3238 3665 5322 5886 7812 7827 10019 10595 10640 11253 12860 13971 15485 15715 18091 20261 22033 25226 27251 28185 28237 28542 33080 35960 36808 41375 41806 42914 49379 50622 52145 55596 59039 59649 87025
481 1817 2185 2862 3102 4633 4951 6312 7058 8293 8379 9268 9469 9647 10567 11668 11856 12770 19846 20227 21086 25450 27107 27320 28164 32929 36614 36626 40836 44824 45064 45089 45338 46365 48118 50703 58049 81284 83087
405 976 1261 2303 2378 2409 3421 5564 5719 7116 7806 9859 9870 11037 11797 12047 12786 12913 13814 13984 17168 19625 20949 23839 25262 28478 28793 34301 37869 39184 39537 40806 41789 47604 57526 63808 70091 93221 106979
207 1188 1343 1625 1999 2090 3293 3739 4171 6625 7193 7373 8541 9055 9167 11565 12477 16860 17134 18165 18292 18499 24824 25096 25934 28895 32166 33624 35164 36286 38577 41358 41679 42691 43312 49432 51257 114001 133655
4 208 1764 2311 3234 5688 5822 6740 7746 9101 9140 9971 10489 10748 11244 11918 12378 13580 13839 14088 16181 17239 17441 21619 27428 28556 28636 29200 29309 33610 35582 43367 43516 52349 57322 74035 82340 85932 95006
1150 1456 1514 2032 2213 3584 4232 4480 4735 6043 7091 7559 8460 10889 12870 13764 14229 17219 20246 20469 22762 23616 23720 24642 25543 25576 30007 35988 37208 42876 46621 47070 47232 51570 56943 62138 64661 68518 86881
348 624 1505 1978 2261 2413 2567 3548 3861 4761 5404 5558 7646 7864 7886 8738 8859 9476 10211 12444 12949 16646 16987 17553 17891 19281 30255 31322 34372 36110 40121 44030 47916 57022 69461 71932 73755 76050 156417
