1000 43 32
3773 4159 4421 5050 5447 6000 6065 6142 7457 10111 11685 12441 13722 14009 16649 17434 18297 18928 20347 21636 22883 23366 24311 27213 28335 28408 34040 34194 36304 40061 43047 110863
994 1493 2642 2786 4400 6959 8126 8885 11169 11476 13245 14730 16046 16385 18676 21173 22753 23890 27295 32343 34422 34940 35327 36463 37804 38596 47564 53555 57074 64275 65083 71119
698 2523 2886 3260 3765 4089 4754 4911 5061 8183 8432 8720 9095 9297 10014 17021 17146 18738 19684 20425 22917 23150 26250 28475 29312 40663 40851 40967 42628 55301 77695 107404
614 928 2660 4099 8378 9022 10736 10798 11292 12032 12568 12568 12584 12890 13301 16451 18942 21190 21277 23062 26370 26583 32243 32743 32855 33184 34310 35323 36864 44325 50704 75365
424 479 1054 1717 1918 2578 3466 4802 5894 6849 6951 8543 8784 8903 10731 10929 12187 17851 18095 18189 22277 23144 25845 31372 33488 33890 36483 39465 54535 70996 71267 91590
185 675 3699 4813 5828 6535 6870 7889 8163 8165 8275 9814 11812 11862 16186 18677 18720 19467 19502 20707 24059 26267 29166 31359 36445 40716 42621 43181 45938 46493 50998 81059
342 729 1939 2355 2486 3075 3387 3935 3958 6487 6981 10861 11010 12382 14718 16852 21730 29370 31636 35256 36004 36079 36622 41631 42965 44755 49188 50797 56091 60771 62609 68826
599 1159 1873 2255 2508 3306 4888 5233 5622 7495 7917 8241 8393 8856 9240 12356 15012 19281 20673 21269 24221 26611 27931 29011 31053 39158 40311 40369 55594 61643 73445 118620
259 367 437 651 1515 1825 2499 4339 4389 4474 4830 5590 5896 7830 11623 15602 16544 16668 25471 26663 29427 32094 39412 40253 40533 42935 44014 46748 53905 66575 72238 101342
912 1138 1205 1212 1662 2027 2592 2704 3408 5279 5785 5991 7161 8508 8933 10592 11159 11369 16411 17162 20581 20678 21588 24904 25617 31310 40787 44616 45373 49571 93590 238375
764 2023 2395 3073 3391 7175 7237 8151 8668 8919 9685 13289 14102 15949 16470 17207 17610 19841 20990 21984 22682 22954 23624 24911 30867 33862 41364 45071 54828 67134 68438 118716
329 2192 2522 3671 4267 6765 7358 10409 10497 12681 12686 12808 13549 14414 14684 15683 16263 17211 18548 21821 21988 25970 32489 32600 36361 39573 42632 44448 46362 51793 56578 80658
1979 2129 2293 2853 6983 7018 8098 8680 9901 10567 11093 11216 11899 13382 13897 13960 16388 16542 18901 19517 21748 25960 33974 34716 39976 43446 53885 60451 73069 75748 82375 91928
2051 4380 5648 7132 7479 7486 7848 8388 9128 10415 10595 14807 15768 16837 18664 18731 21011 21988 22678 25289 28144 29850 30646 33819 35009 35453 42207 59351 65885 66633 75642 92562
702 1076 1238 1576 1632 2560 3431 3598 7464 7777 7914 9955 11891 13508 13978 15389 16600 17355 20249 21914 22201 22522 24290 31456 31745 35500 40044 42902 48291 52414 56874 66673
39 1254 1809 1965 2404 3018 5015 5044 6264 6534 7384 8881 9362 11922 13274 13923 14616 15901 15987 17701 20578 20922 23499 28724 30606 30709 31591 36029 49151 54727 86464 133979
2204 2492 5546 6098 8543 8801 9940 10917 12006 12182 12284 12916 13247 15601 16828 17809 18418 19162 19548 19744 20090 22059 23333 30077 35037 36828 36997 45901 46395 52524 69818 80726
653 713 1495 2451 4972 5856 6756 7720 8616 8630 9541 9605 9856 12163 12791 16190 16996 18166 21319 21959 26310 26426 27295 29356 30842 31530 37638 43869 45329 74859 114661 137751
934 1967 2391 3615 4151 5039 5074 5433 5544 7585 7896 8022 9064 9258 9347 9391 9769 14773 16572 17435 20373 21133 27205 27558 28577 42665 59715 69532 70587 71209 79938 104927
568 1810 2818 2931 3430 4564 5091 6173 7935 9065 10235 10536 10980 11670 12029 12364 14884 18994 19784 21112 25522 29623 35729 36492 40239 41119 46004 53509 67795 76412 89742 99017
92 1159 1726 4459 5471 6323 8094 8808 9665 11473 12854 13686 13928 14090 16393 22074 22923 23972 26723 26804 27635 28561 30625 31200 31224 44272 49288 59753 71705 72285 76366 104804
310 1158 1727 2201 2224 3974 4694 4963 5472 6120 6594 9033 9062 11232 12144 12859 14628 14803 16084 17462 24516 26206 30542 31952 38933 40591 43927 48134 63468 71371 100904 103565
652 2049 2976 4360 4626 5492 6130 6453 6819 6972 7393 7601 7631 9220 11114 16151 20057 20384 21478 25905 29239 30918 32152 33166 33701 40113 41108 44069 47121 48122 49942 54842
27 1547 2812 3592 4561 4892 7671 9010 9397 11049 12011 13483 14548 14750 15043 15765 17150 18641 21122 24176 24918 25988 29532 30300 30824 32288 35760 40271 40363 43508 55109 84143
361 429 1297 1405 1797 2449 3653 4398 4499 4817 6898 9496 12651 12839 15363 15371 19725 20838 23141 23155 25326 26312 26939 28228 35890 49756 55638 68245 71006 74583 82015 151666
293 542 621 959 5953 6271 6318 6348 7146 7719 8426 8683 9810 12681 12836 13069 13914 14057 14118 15510 15664 17480 20681 26027 40371 41553 42148 45416 53057 71428 104241 131434
191 578 972 1136 1296 2773 3131 3576 4306 5664 7351 12230 14779 16493 17405 18189 22160 23051 24457 25227 28168 29679 31003 31248 32240 35455 35666 45733 51604 55751 61078 90679
1435 1662 3461 3784 5712 7276 11367 12323 12335 12604 13102 13525 14480 16239 16548 17630 17758 17878 19555 19833 20950 21982 23830 24104 27002 37488 40031 44059 52485 74975 76213 103090
740 1010 1217 1429 1475 2430 2632 3261 4197 6103 6589 6681 7501 9372 10017 14614 18634 24110 24882 25574 27150 28038 28453 31090 31306 36083 37479 43855 48758 52875 58434 107583
288 1477 1823 2985 3346 5544 6728 7022 7395 7652 8753 9226 10231 11104 12045 16201 18257 24749 30051 31420 32569 33579 35332 39954 45266 46126 49144 49512 50790 59568 75224 134342
651 766 2384 3255 4419 5109 5135 6426 7153 9690 10076 10102 11161 11715 15493 16795 17713 17836 17966 19450 21648 24070 25210 26696 29484 29767 31897 36578 47257 61352 65013 76398
338 1461 1584 2417 3765 4291 7805 9798 9822 9944 11564 16494 16823 17185 21494 21923 22123 25144 26123 27042 27156 29928 30381 31404 38764 40759 41071 45407 45980 46197 52576 93581
798 1831 2152 2545 3248 3624 5225 7253 9741 10833 11109 13278 17455 17745 17959 20307 20689 21591 21892 23526 24096 27627 27903 28864 30031 30261 33243 38288 42406 45404 56747 73414
299 562 1861 3644 3658 3870 3971 4090 4953 9753 15922 15945 16216 18642 19140 20772 21435 22796 23141 23654 24852 25139 26796 26810 34113 46629 46924 49183 68811 88855 91894 116729
203 350 764 825 2212 2898 4433 4622 5159 5236 7918 8647 11686 11831 13169 14636 18467 20554 23674 24099 24615 26847 29184 32762 34837 39699 40793 43659 47250 60920 86674 89067
2677 3910 5009 5025 6731 9419 9756 10065 10309 11280 11545 11754 13090 14326 14546 16655 17926 19983 20509 20821 25770 27123 30001 31195 35754 43772 47269 47555 51312 77202 78096 145832
598 682 725 1132 2279 3562 3580 4396 9648 10445 11303 12086 12104 14197 15462 16260 18064 26834 27147 31475 31859 32472 33182 34926 42309 43843 46375 51069 55322 55555 55901 84753
572 923 1137 1240 4172 4306 4644 5258 6637 7115 7238 8120 9833 10708 10927 14280 14716 16255 16870 17867 18347 19662 19927 26397 31619 35890 41246 42892 51892 59526 77734 78734
77 1145 2655 4175 4454 5362 6698 7207 7514 8344 9046 9527 10636 11490 15252 16116 17059 18660 22833 24339 24408 26665 27787 28297 29649 30032 33228 33269 42255 43976 143227 143978
972 1769 3212 3433 7922 8842 9106 9558 11336 12166 12212 12237 13428 13471 13570 18680 19322 19446 19508 24264 29544 29998 31826 33791 36480 38462 46863 47009 71121 73873 78658 116881
1574 1619 2619 3837 6027 6854 6855 7795 9449 9471 9894 12718 15387 16116 16836 17267 17436 20278 22452 23833 24550 25807 26557 35794 38914 43229 53055 54635 66023 75097 78318 107538
726 997 5013 5040 6056 8696 9348 10808 10848 15497 17230 17295 18109 19314 19598 20254 20345 21861 23042 25077 27238 29360 31101 31116 38845 40207 43818 46155 46883 54282 85700 117747
1182 1343 1643 4671 5046 6790 7884 8272 8394 8550 8701 9905 10823 11937 16530 21281 22025 22122 23137 24873 25768 26968 27404 28191 31082 33054 35695 36191 39208 53946 57195 60304
