1000 35 25
1292 3545 6540 7305 11506 14164 14843 17338 18212 19538 20117 21833 24883 26036 28819 35976 49166 51435 53008 60596 62397 70348 91013 111343 115905
1947 2534 3078 3150 8018 12058 12100 15687 17814 20257 20395 21062 24661 31456 32681 46326 46492 49754 62239 62606 68455 78664 97045 98507 101616
607 750 1901 2624 7283 11974 12327 12922 13122 13385 17601 17741 28167 34663 38428 38617 46832 53749 56262 63118 78862 81469 100163 101678 105264
207 260 534 2029 7343 7530 8403 8620 9271 15098 18406 20734 21531 23600 23859 32894 35111 46228 69920 76927 78463 90407 106373 110438 135825
271 3123 3827 7749 12734 15489 19762 21848 22344 24937 27664 28720 31827 32411 37260 39142 44238 50041 50842 65472 65573 71316 71378 73129 117730
744 1447 3454 4773 5215 6839 7573 13937 18206 18752 24072 26499 32093 36263 36697 38505 43535 50811 53793 57094 65159 65680 82377 100343 132322
4119 4464 7310 7379 8218 9412 9491 10757 15574 15757 17101 17346 18150 25289 35520 36952 37208 43140 59478 71691 77895 82123 94191 107591 109307
467 1608 1685 1879 5658 9400 12814 13992 17139 22982 23160 25188 27135 35217 37995 38387 46918 47912 54022 57434 62470 72767 97258 102529 116963
3298 4498 7583 9344 10159 13800 18010 20089 21159 22105 27542 29318 33015 33107 34623 34920 46867 51617 59027 64338 65001 67980 73328 84962 85873
2427 5569 7163 7637 8569 13236 14952 15040 17827 22190 24521 24733 25440 26084 32497 37480 45136 47457 50137 56215 59484 75551 75757 94921 142310
1474 4873 5661 6508 7368 8757 11051 11997 13952 16227 24644 27255 28110 33444 35038 43930 44998 52514 55722 59114 60750 62552 76409 91417 152728
2822 7238 8707 10784 12555 13532 17644 21507 23517 24672 26891 27353 27631 30403 31212 32017 33034 42845 43950 43981 64755 68574 97648 100922 110611
1296 1434 4599 4901 6294 7196 7841 9688 10957 16439 16706 17975 21940 25445 26594 27804 28203 28998 31792 34633 80003 90018 102293 104772 240369
1522 4848 7875 8173 10562 10923 12572 12758 18816 19159 23795 23908 28984 33208 45681 45715 52067 52502 58801 60504 61268 78149 78706 92478 97463
597 1249 1719 3132 6464 7617 7822 9291 12547 12567 17203 20318 20381 30767 32602 33935 42606 49225 66850 68449 69638 70528 77326 88635 177936
1904 8472 8742 10399 10622 11485 13429 15453 16181 17381 23958 25310 25988 26002 40395 44743 45602 50765 51607 54497 59940 61508 63564 118914 150381
524 1550 3289 3862 4378 4469 9944 10506 11203 12193 12298 20218 20892 22114 27065 32549 36946 37677 42562 57799 68995 74814 79062 128132 211301
2299 3245 7058 7705 8056 12127 13294 13812 16138 16297 17941 18356 18800 21622 23427 25138 29280 36126 39725 52767 72300 77826 82854 133382 180646
266 2432 3904 4161 5769 7560 8109 13217 13813 15051 16749 20285 20291 25513 28381 37556 38641 41477 45983 69606 72246 93755 97749 111273 131047
766 1500 2529 2884 4157 4975 5268 5335 9385 11843 17960 18178 18302 18751 31917 32224 36884 43435 47353 68234 69421 72620 100375 154214 158959
21 1794 3124 3344 5285 7153 7850 11889 13428 16363 16947 24867 26853 28449 29209 30785 37418 41105 63767 64966 66905 93098 96965 113029 113250
4405 6920 18094 18998 19697 21021 21159 22497 24064 25022 27969 30301 31972 34833 35945 37149 42426 45753 53091 60319 63642 64330 67140 69365 71985
1449 3577 4937 5623 6478 7594 9763 10282 10458 11426 13536 15981 17458 22251 24489 27044 38508 41215 42014 47164 62934 71696 119331 135515 179084
311 1100 2852 5142 5536 8287 8862 9268 18740 23818 25683 26375 27217 29619 31127 33624 34202 39345 48778 49182 51619 58187 62015 79554 255660
1090 1125 1356 4020 7192 12297 13145 13603 20315 26536 26874 31987 32011 35670 36822 43716 45090 54191 56005 59430 64234 74452 77797 78367 109663
797 1740 2748 2790 3197 3960 11196 12152 17037 17670 20125 21886 21921 22028 22807 33070 33304 35503 41997 42900 45764 48287 120457 131672 200750
546 556 729 2295 2470 4341 4902 7305 7612 10506 12180 13682 13929 18291 19894 29833 33008 44753 47066 50716 97051 99482 111429 118265 181012
1539 1614 2604 3192 3627 5579 7354 11053 11261 12235 18244 24266 24625 33414 35504 40522 49222 52886 57707 66765 70447 88442 88977 99928 142742
483 1836 1857 4085 5220 8846 10532 10588 11462 12499 14769 18187 20926 23615 28350 29342 37300 40256 40532 53688 70934 110029 112172 117797 139214
1066 1233 1592 3666 5234 9980 10872 11030 13692 15868 16524 16857 17206 24391 27910 30813 38378 58288 59137 59699 66096 89934 108028 115537 132661
2408 2823 4569 6734 6967 7416 10822 19946 24095 24355 24686 26416 29750 35149 41029 48353 51023 56323 59449 63058 75508 77458 81646 86014 104261
1472 3671 6928 7836 9618 10402 10517 12301 13428 15881 16747 18883 25685 30908 41123 41839 44465 47194 51551 57516 73993 77090 78904 101764 161029
1029 3091 3556 6512 6797 8491 8496 10269 17837 21772 23866 24489 26774 28948 37744 39130 40023 43145 47706 52155 61187 62233 99425 104695 168704
778 1651 2007 4891 5223 7146 8187 11081 20266 22452 25607 27044 28931 29070 31001 31744 33767 49406 61682 64387 69574 74656 91331 96755 162344
3403 4831 7394 9778 9932 11302 13963 15473 16138 17486 19773 21706 23355 26291 26664 30199 39658 45009 47952 53717 68840 72636 106830 118827 121299
