1000 14 33
1518 3080 3859 4077 7914 9921 10166 10194 10643 11825 12053 12409 13454 17748 22407 23456 24933 25016 27062 28299 33735 37507 39300 39998 43895 45134 50939 51111 62053 64692 70091 80752 98640
898 2682 3047 3345 7529 7726 9274 11108 11406 11697 11746 12039 16617 16684 19048 19846 21317 22522 23030 24858 25387 32750 36808 40904 41082 45732 47904 50910 52129 55823 84561 105076 121602
61 109 1708 1909 2412 3234 7462 7768 10781 11427 11894 11982 12006 14232 14470 15573 15645 16813 18371 24434 25762 32537 39034 39327 47716 48691 53244 55494 59591 63034 67939 129630 131692
329 742 1142 1636 2438 2465 3006 3982 4878 6219 6437 7841 7984 8667 9153 10548 11953 14921 15169 15348 20619 22884 30543 33885 45660 49518 54254 67200 69632 76848 91134 147645 150873
2155 4063 4630 6320 8664 9819 9914 10907 11970 12635 13223 16367 17095 17856 19085 19751 20443 20721 21344 22757 29276 34550 35192 35596 47361 49774 51073 51756 54711 66328 75916 77249 117521
3383 5096 5198 5555 5610 6020 6913 10265 11603 12523 13012 14589 15588 16472 17809 20403 24787 25369 25728 25890 29476 30476 31344 38278 38773 39284 49408 51204 60606 64640 69837 107256 113979
1766 2761 2965 4103 7713 8668 9660 10025 11479 12031 13780 13835 14139 15080 17111 17245 18252 23706 26228 26767 27190 29828 30207 32705 50701 50828 62850 67476 67591 68777 71879 87374 92971
625 984 2309 2938 4221 4246 5245 5430 5953 7668 10934 12836 15626 16010 17435 19404 22554 22807 27650 28451 31044 31568 37010 45183 45667 47094 50491 52329 58247 83462 84208 96265 101918
2145 3185 3229 3638 3986 5069 5387 8502 10184 10238 11838 12267 12864 12987 13912 15536 15980 23277 23370 25445 34335 36009 40162 41390 41702 44217 44740 50158 54975 68047 72015 112493 134559
1061 1685 3137 3353 4465 5072 5272 9568 9635 10098 10589 12680 14854 17285 17996 19825 21483 21501 22205 24099 26224 26579 28482 33620 34541 37430 41343 71640 72427 74232 94039 109868 111294
735 1623 3177 3304 3388 4006 5971 6416 7768 8056 12352 12660 15261 15996 16181 17549 18040 18628 18985 19703 23655 24940 26349 32421 34600 45172 65878 65892 66389 74159 76394 102065 147054
815 1942 2842 4163 5343 8266 10240 10844 16273 16870 16921 17422 17605 18498 19176 21787 22842 26650 27498 28773 29276 30855 31083 32277 34074 37463 47687 54691 60011 66675 70439 85535 121905
643 2934 3724 4612 4875 9585 11580 12732 13205 13259 14200 15228 17968 20682 20778 22900 24530 25543 26108 27058 29833 34018 34993 39884 41598 43535 45778 49102 58354 59030 67715 74766 125964
188 1926 2431 3447 3919 4556 5147 5456 10342 11359 11801 12928 13534 14284 15671 16295 16313 18338 18345 20408 21408 22706 23281 29148 30513 35449 44885 46517 68477 78095 95599 100479 193447
