1000 21 36
1151 1819 2251 2601 3665 3863 5149 6456 6481 7079 9555 11117 11658 12570 12722 13592 14623 15088 17230 17869 18203 18754 18827 23442 23453 25806 33582 34413 38933 42077 42184 50955 71296 72106 85363 174895
442 1341 1500 1580 1881 5019 5355 7483 7523 8040 8968 10025 11061 11324 14299 15505 16952 18191 18922 19376 20454 21444 25571 26682 29924 30775 31649 31775 44290 45061 45439 49215 61186 87468 101247 114879
448 550 1504 3271 3315 7051 9566 10664 11325 11748 11777 12274 13470 13704 15406 16062 16725 17140 18542 21135 21968 24090 24694 25674 27321 34507 35379 35695 39067 43196 50375 51020 53183 66988 67859 107399
1402 1652 1725 2515 2802 2919 3741 4884 6773 7027 8112 9251 10673 11828 13253 15476 17125 17669 19565 22982 23439 24209 24398 27421 28938 33821 36254 37941 42313 49675 50421 61984 63147 72741 76350 87798
665 968 2936 3221 4623 5358 6861 8303 8704 9284 10129 10160 11279 11494 12853 16727 18170 19937 23702 24335 24565 26191 27608 28606 30886 31252 33478 34901 35256 39442 45675 47718 48716 59161 94765 126125
1708 3889 4250 6099 7375 9471 9620 9904 12235 12962 13100 13861 14113 14262 17038 17337 17599 18179 18310 18637 18660 18881 19246 23654 23958 24035 26096 27242 37904 40663 40736 46709 54289 68058 91887 101841
2165 3156 3972 4609 5282 5485 8755 9068 9551 10157 10960 11489 11730 12764 14734 15027 16585 18445 18689 19172 19563 19756 19944 29866 30895 32029 33067 34063 36160 37655 40085 45732 47204 76356 92129 99453
1002 1278 1523 1542 3334 4104 4620 4911 5375 5416 5877 6962 6975 7810 11364 11365 11387 13133 15164 15301 17677 19840 20275 22243 22539 29026 34441 47243 54717 57246 65566 70177 78175 82259 85997 91151
746 787 2685 3362 3568 4577 4968 5067 7234 7474 12204 14731 14806 15239 15512 15630 17132 19143 20329 20748 27255 27472 28163 28317 29051 29475 29961 32024 35543 50625 53317 54642 58031 72191 73505 103286
94 1129 2226 2559 4161 5532 5540 6054 6519 7510 8141 8158 8737 8973 10019 10449 12591 15456 18156 18542 21694 29087 29616 30094 30555 41725 43319 45181 52528 54782 57568 65806 70117 75229 75262 77978
1423 1998 2048 2463 3437 4576 4673 5091 5155 5514 5609 6024 7227 7745 8549 9395 9651 11293 14960 23707 27504 29810 35738 39953 44008 45515 47231 47626 47752 48239 50814 55814 55956 59214 59550 110782
832 3109 3112 4310 4763 5305 5933 6552 8514 9518 9666 9708 11613 12105 12885 13285 14305 16473 17313 18647 19054 23609 29820 30424 31731 32417 35472 37831 46069 48064 52284 55591 59641 64876 80877 105251
38 445 2561 2637 3112 4126 6196 7120 7504 8046 10560 11005 12365 12615 14123 14433 15038 15162 15666 27815 28466 30453 31123 31505 32273 35431 35868 36481 41811 42757 47036 54383 55383 62923 67016 85866
1905 2101 3428 5845 7418 7993 8355 9057 9716 11495 14112 14793 16561 17144 19153 19369 19571 20026 20078 22000 23041 23467 24601 24632 25513 29805 32531 35395 37711 42365 48816 50196 52453 60290 74509 77122
452 2266 2494 2758 2971 3129 4391 4815 5144 7684 8263 8633 10401 13570 16989 17012 17193 17330 18334 18414 21069 23270 24041 30805 32485 34181 36565 36647 39446 49558 54580 65935 71122 72073 73815 82234
1050 1376 1405 2786 3590 3815 4090 4373 4735 5227 5967 6206 6440 6858 8642 10533 10774 10861 10919 11863 16228 22159 24664 28545 31824 38524 39062 48381 48754 49057 52932 56289 56327 61967 110165 123032
930 1074 1461 2639 3429 5236 5734 7727 7854 8209 8357 9479 9538 9882 12219 15028 16458 18063 18817 21673 23242 25893 26455 28064 31927 32132 34088 34977 49750 52240 54970 61455 64544 67423 78700 80301
2023 2483 3086 3692 4621 5286 5991 6194 6846 6980 8208 9559 9847 10346 11921 13053 13954 14165 15165 15350 20356 20849 22183 23883 25834 27684 28461 31954 38056 45578 45817 50958 78717 90195 100959 134576
392 739 836 1494 2502 2570 4098 4939 5751 6399 7975 9547 11041 15558 16056 16927 17585 18060 18299 22903 24730 27626 28227 28518 32198 34528 38445 43199 49283 51114 59723 60522 63081 66439 74845 96682
303 610 2568 2784 2970 5023 5581 7851 8881 9160 10525 12054 16647 17584 18569 18843 20465 21168 23286 25387 29481 30124 31894 32716 33609 34166 35231 35383 36262 37267 37404 39072 43384 44179 62854 131682
1 1430 1529 2489 4022 6665 6817 8249 9032 9366 10192 10818 13438 14076 14906 15444 16801 16888 17004 19571 20238 25478 28681 36346 39457 39815 40234 41487 44647 46713 51357 55485 57334 64313 76832 93930
