1000 40 5
32846 44573 126015 230939 561761
42936 118806 127360 213058 493397
22608 49905 121442 397125 403393
104963 130135 166428 290889 303223
24142 121108 128752 294851 425061
3758 10723 46532 46723 887085
6045 16711 23874 136544 811727
37283 46609 133426 329292 449429
69733 154025 168111 233105 369056
26435 110397 157569 186473 514663
93501 96994 243114 263494 295736
5831 19284 192270 194474 582947
1997 5038 44543 253347 687813
3479 59646 204814 218282 508465
61124 138936 179920 219925 396901
71412 159488 180648 184887 398781
57158 63855 125306 280229 469706
14354 118989 136894 270618 453654
29075 32906 64903 231276 634877
1185 48939 199765 337132 408068
26400 91462 235402 301301 337882
33823 34309 230469 310555 384453
9498 59144 212333 318883 394485
18589 92671 175656 193346 516490
20019 69916 240805 268588 396954
32097 72103 232762 293562 366056
15741 80051 121516 175871 602934
5397 34079 74039 242315 641011
21362 153303 160785 250717 408272
47317 54254 136890 253132 504844
45820 116628 147357 332461 351867
43330 154524 241654 249784 304615
4210 41749 55305 318200 576276
126181 154968 162630 209428 339809
11229 30496 87349 420009 448114
66780 163989 167226 180768 415728
34915 58907 137727 171483 592018
44733 58722 93348 123336 676784
6749 101572 232012 286945 367369
34062 64337 75749 258149 561455
