1000 34 20
1116 3772 6082 10491 16092 17027 17035 24268 27174 29675 41576 46646 49842 54523 58511 60566 60969 70550 71588 135848
1211 1347 2049 2372 2871 4231 5162 6610 9790 14563 14680 18229 25911 30547 31743 70656 93804 96459 135850 220781
1210 6456 10511 14275 16779 17594 21586 25103 26151 27536 34894 48120 49586 50684 53169 67035 73414 82248 105987 120067
193 1154 11451 16643 16825 16833 20262 21063 23294 23946 28266 30811 40109 46384 64287 73543 78522 81067 106708 142139
1363 7196 12246 13588 15657 22255 22592 23483 26124 39500 39535 44655 50835 54933 58538 61664 76082 80462 117350 153268
1609 1652 4480 4998 14373 14825 18247 19138 20156 22172 22637 29308 31815 34906 50189 70339 72884 75831 113869 164003
1497 2511 4064 7749 8088 9243 9564 12428 13160 25940 33902 39212 46614 49396 58656 70456 71461 71836 73699 162057
1649 1977 4538 7665 10990 11024 13440 18700 20798 21749 23053 25198 36783 43977 47601 53519 58066 81280 118737 203092
757 3037 3272 4728 6941 7040 8508 23037 25828 27905 40691 44572 49791 52231 52789 65289 86912 89244 110881 158443
415 641 4496 6103 8104 8148 10695 12176 19440 27936 28737 35141 40139 57798 74495 75309 76666 87556 109134 153990
606 6221 8100 13243 14420 17577 20437 21421 21904 30770 35759 39198 39321 41846 42824 54771 60781 87378 120258 243475
2444 5560 16049 17019 18627 19553 21552 21612 23681 24202 24412 28205 38127 42238 61865 73316 79920 85390 101416 128919
3556 5610 7467 11549 12248 16131 17893 20146 21911 27486 28592 31082 36861 45476 47813 51413 71930 73932 160894 163890
2104 3987 4531 5611 10871 18649 20972 21761 21934 23761 34884 42627 46721 51258 56934 69037 74045 78083 104852 164638
8101 10235 11567 16214 19904 20570 25568 27758 29272 32070 32556 41075 43243 43403 49337 52842 62442 73154 85626 102407
3998 6823 7490 8139 10746 11227 14161 19256 21420 27905 29348 38261 44271 47049 47272 49251 53126 53785 78093 276970
669 839 4833 9901 12838 13375 13624 14573 21641 23320 24628 27889 27964 29388 39615 72981 80725 100142 122674 166375
2788 3524 4531 4988 7786 8805 19317 20488 26008 26661 32160 35729 38047 46742 49479 87537 91378 92039 125685 134901
1044 4169 4579 9806 10494 13345 14397 32218 34695 36382 37093 38165 40351 44387 45518 47106 47780 51891 55894 289953
456 1087 2231 6123 7062 7499 7742 8122 8168 13461 15743 17045 32172 43162 57960 59076 107813 119974 136000 211028
2966 4584 8073 8094 10043 17879 20076 20504 20980 34291 34421 37241 37316 48352 51893 56998 59228 75683 86800 197635
4391 4608 6967 7175 9444 16303 17519 20426 28689 28991 29234 31558 33331 41314 43206 43870 61065 79682 109727 271480
403 732 958 3428 3630 4598 7951 9735 21989 26406 28775 37631 53215 54191 62727 79142 81119 87335 101373 131453
416 529 10771 12856 13130 13890 13995 14324 15018 18020 29460 40744 48074 61959 68138 73337 77351 87090 103868 111104
500 1317 1916 2763 3621 5798 6714 12613 18981 20092 20195 34643 41203 47954 67307 83885 93255 103853 106678 128655
2179 2507 3087 6577 7732 9954 14576 18710 20496 22208 28342 33507 37423 37708 54446 83391 85379 117337 138988 179831
1269 2598 3335 3527 3907 5407 9404 9713 14091 15242 26574 28922 39570 45319 88358 92144 106093 108171 122171 172293
2127 2480 9520 12766 15699 16898 18638 19033 27225 27503 28091 28344 32429 35387 54776 67860 76174 87699 99017 173921
4750 7666 9107 14330 18548 22390 23535 24475 26587 29259 30865 35242 42892 45281 51296 51681 59066 76511 90531 115209
2848 4744 6160 13711 13851 15023 17905 24693 26338 26349 27235 33345 39435 44227 44918 47629 51462 52557 60511 242931
1347 7776 11747 19804 21560 23319 23360 24555 26466 34754 35021 43854 45030 46243 49281 54151 57915 66183 69109 140213
458 1969 3608 3763 6863 9278 9597 10347 11260 30985 35062 37218 44996 61192 67181 78217 109863 111786 115770 121449
3079 4147 5281 10033 10531 12995 15969 20015 20312 20764 27916 31121 33460 42519 49804 52517 68695 90593 107376 163881
51 5136 6456 9336 16390 21952 23907 26175 28920 31509 35191 40575 45081 70903 71633 76729 84055 86017 87727 101176
