1000 13 47
1559 1994 2351 2949 3185 3828 3868 4861 5233 6827 6828 6923 8714 9077 9181 9350 9364 11559 12107 12881 12918 13375 13407 15187 15939 16760 17914 19098 20033 22605 22954 23869 25282 25660 29679 29738 30676 32264 33533 34074 39273 40523 41756 43628 49210 52857 93352
615 1189 1340 1481 1492 1729 2166 2810 3044 3654 5992 6216 6293 6300 7602 7832 8648 11101 11293 11351 12297 12380 16648 17612 18269 19594 20713 22006 23124 23675 26112 26334 26565 28541 29220 29941 30254 32214 34051 38345 39284 44934 51383 51533 55041 60421 60812
1113 1233 1412 1490 1596 2156 3278 3530 3746 4514 4819 5466 6088 6166 7078 7585 8714 9248 10537 11948 13500 13550 14760 16018 17228 17669 18101 18721 18810 24889 26247 26465 29604 29930 32001 32107 34572 35686 37617 39806 41453 42845 44968 53368 55084 57862 62982
543 592 1319 1394 2194 2789 3846 3850 4591 4599 4799 4805 4891 5754 6329 8662 9395 9543 11400 11904 12859 13032 14557 15471 15847 16378 17486 17665 17691 21433 22010 25118 26586 27385 28311 30274 31305 34744 34796 38286 40734 40855 43674 44763 63756 66784 91778
538 824 865 2482 3637 4373 4582 5143 5377 5728 5893 6080 6682 7284 7630 8880 10477 11394 12841 13046 15562 15793 15811 15933 16159 17003 17163 17672 18099 18987 19874 20431 23317 24875 25699 25831 28028 29390 33016 37017 40078 40579 43243 46415 55797 64955 80502
588 973 1967 2151 2175 3150 3418 3451 3866 3883 4311 4429 4998 5416 5572 5862 6491 6558 7257 8039 8546 9124 9929 10689 12221 13193 14679 17227 19733 20151 22993 23877 26066 27443 28130 29119 32173 33544 33974 41685 43860 45555 54576 55689 70047 72188 75948
1548 1826 1837 1917 2170 2625 3296 3416 5653 6835 8066 8212 8254 8351 9116 9752 10116 10218 10519 11277 11287 12511 15094 16198 16852 17475 18996 19610 19614 21097 22219 22463 23720 24930 28656 30041 30893 33117 33722 36884 41655 41809 43431 44226 57380 78214 84416
615 711 1347 1508 1865 2589 2817 3986 4833 5191 5794 5967 6567 6828 9122 9429 10283 10557 10960 11565 11751 11985 12122 12734 15987 17631 18175 18868 20251 20547 22003 22345 24745 25336 25395 26345 26781 27190 28318 29101 36869 40534 45041 51796 54827 78421 125285
425 1090 1269 1513 2557 2859 5138 5210 5387 6595 6838 6925 7166 7473 7937 8314 8469 8694 8897 8997 9814 9915 10839 10972 11747 11844 13236 15379 15614 15692 22816 24756 26914 27242 28671 30630 30694 36001 36730 37285 37711 44417 49148 49710 60307 88406 93760
710 743 1007 1110 1217 1287 3050 3821 5739 6030 6477 7232 7535 8816 8853 8863 9274 9427 10399 10563 10637 10915 11186 12648 13925 14395 15228 15286 15412 16479 18559 20886 21934 30711 32537 32697 33430 33771 38915 42352 46620 48065 50327 56082 59308 66201 92351
48 254 1201 1307 2199 2298 3571 4257 4586 4876 5677 5806 7549 7729 7752 7978 9130 10522 10803 11922 12024 12397 12467 15027 15854 17626 18006 21644 22059 23535 23963 25778 25971 27970 28334 28929 29164 34958 37489 38868 39766 41429 42978 48682 62085 71461 83727
162 213 423 740 1293 1332 1358 1970 4190 4535 5531 5912 6967 7967 8240 8533 9883 10356 10690 11087 12195 12898 13782 14141 20248 21848 21848 24286 24366 24740 25648 26376 26572 28045 28194 28348 29168 30433 40104 41422 44307 45377 49713 50344 55529 56686 56756
559 884 2944 3344 3797 3898 4269 5019 5676 5907 7327 7330 7656 7858 8186 8461 8918 9320 9713 9795 9904 10581 12856 13222 13676 14477 14748 16841 17238 18424 19710 21448 24065 25692 25734 26839 29746 32130 32232 39527 39558 42001 45043 48712 55570 83984 88782
