1000 38 14
2420 5035 23354 30598 31632 32261 34362 43280 51117 52613 82881 150335 163803 244405
12587 14731 17958 25712 34739 35354 44673 49952 51295 57129 69659 83761 96725 352356
10869 12569 17200 23821 37707 39397 46522 56990 60820 80838 89193 108652 154817 159643
1441 8855 31960 36252 43817 45954 49439 54552 56199 59932 65902 75521 93890 287976
3493 5596 5853 6383 6736 20054 20505 24425 25389 68031 126967 165422 197053 257344
1216 8751 16449 27096 28216 29971 34256 44130 52630 89556 94298 134404 150988 176129
220 2309 7733 8865 16392 28727 55341 75383 76947 99195 109198 124584 130878 210820
10537 12952 19982 23063 26114 31689 36563 37517 51823 75059 83745 88075 131481 282114
5137 6326 12582 14197 19534 24759 32768 49567 81788 101112 102236 124259 134855 158679
4433 7948 11898 12834 22019 26103 38059 39650 48581 51341 58967 108277 136060 353875
735 16694 31493 38406 40279 42607 43976 52846 62770 63366 99184 104870 122023 225713
5010 7324 11644 13387 13407 13856 40736 47736 63696 66683 116995 140011 144006 220319
18086 24338 24508 25899 35950 48835 54562 66204 74013 92339 93006 99917 102878 137996
8547 10000 30023 30420 35818 44797 48643 52582 62063 75532 85103 121248 149547 181854
153 909 2806 4587 7505 17332 17714 32301 74995 91918 113185 125494 140131 279749
2692 4919 6944 13473 15911 25084 34076 36274 52450 55694 86795 111296 152038 289128
1107 7453 14494 14670 24512 46981 54013 58064 95406 96350 98712 102107 113186 143996
3057 7376 10690 16564 20479 22927 25893 40991 47660 59593 79590 111363 146527 295320
2839 13188 14020 22313 29385 34538 44015 47828 51922 64144 67946 141285 152458 191788
1595 8263 10535 13527 23052 24300 38773 39720 61266 61747 133100 146512 163051 167042
6296 7732 8193 8352 18690 25310 26634 39261 54325 86282 144190 144454 176890 180551
260 13306 19218 28403 50038 50885 52367 53683 72885 88626 95694 102844 104708 147489
14776 18677 20126 27015 37736 41840 48236 57793 68568 96873 97042 101402 126844 144341
6065 11871 19775 19801 34148 35218 38932 61868 68774 83536 88469 121975 126894 213391
2970 6197 10005 15714 22146 34287 42819 45019 54482 62207 68098 72527 107248 353685
5163 7070 10274 13716 29752 32844 44077 56516 74532 82204 84798 117335 158239 231222
2076 5836 8805 13320 33867 34869 39138 40804 52546 59337 62600 110645 216973 255254
10112 11308 18835 20171 21960 31483 40446 45374 53319 60984 61764 77000 105294 391561
5903 9017 10303 11435 27369 28281 32604 35425 40791 95516 118453 136320 158979 173210
6180 7397 18004 25396 26270 29211 33788 63428 80023 87392 104196 105535 111007 191516
2993 9839 16905 17831 28002 38679 39598 60678 69127 91323 104871 116662 133141 157649
3473 9119 10973 17364 24275 24781 27958 28978 31656 92872 95819 96443 206724 212336
6710 9544 13695 18314 21072 26907 35165 42307 62219 68862 125257 158670 163070 191331
1434 3310 16631 18959 25040 37033 43859 46173 51144 58940 128592 141079 152147 170960
12217 21938 26161 28659 34462 36277 45051 52604 53168 65343 65743 122601 172002 185996
7887 14882 19674 20195 31069 33211 40791 46058 49845 73169 105105 126962 136024 206308
4700 7860 13174 21722 27499 31812 32535 35913 43197 59409 88453 96694 163888 249136
754 6141 17829 17861 19756 20293 30558 45712 68564 85118 106316 107401 201972 208806
