1000 17 21
8308 8357 8746 9144 10231 11339 17326 22455 33510 39158 42258 45665 47385 48413 48475 48872 58951 66309 79829 110340 130246
3424 6364 7439 8922 11753 11805 14204 30785 33981 37109 40601 42186 45577 46446 64338 64455 65177 66704 72518 74028 76581
2032 3065 3479 3997 5137 6911 7089 7672 12713 13312 17098 20163 32271 37778 47791 67433 67485 84582 89429 105844 181323
4008 6551 13249 16803 17496 17652 22348 22590 23077 23523 27797 33105 33874 40322 43601 56597 74918 76058 80856 128878 131619
1328 1720 5519 7465 9403 9944 10633 10938 12480 12943 20552 24453 38145 42718 46283 46837 51042 55115 98368 143689 195816
1579 2063 3178 8306 8314 15881 17021 18913 19306 23344 24798 26294 26416 27880 29726 40825 46489 56183 74480 128099 165359
1231 3388 3851 5018 5763 6880 19496 21900 24027 28408 28564 35607 36470 39779 41909 42559 47361 76136 81777 107222 149778
631 2706 4358 6127 9894 14861 15449 16457 18646 21297 23900 25223 28489 31213 39889 44323 45022 51846 67716 83592 173273
1881 6732 7410 8057 12473 15379 16829 20675 21544 22675 26291 29843 36804 36888 44260 53513 61707 64272 98863 115010 123291
2533 7955 10935 11454 14091 20437 23188 23834 25162 30878 31678 32433 37715 38605 41040 52332 79387 79601 84209 89771 114636
869 3462 4207 4730 8878 10851 11646 17375 27010 28330 33884 34341 34478 45804 53539 60745 67320 82755 84547 93986 104826
3967 4030 16095 20005 21976 23126 24238 24832 25188 26861 32839 35641 36379 39805 39894 45513 61185 74996 79520 85681 85820
543 2235 2604 3336 5900 7681 10679 13641 18852 24831 30774 36476 36499 40670 44237 47978 55614 66393 81759 94799 126518
1459 4487 5115 5842 7648 11358 11463 15219 19088 20237 26399 27996 31896 38827 40527 43718 47258 72324 99769 125764 213969
3633 7596 18132 18701 19238 25289 26316 28402 30529 32133 41720 44376 44474 44676 44938 53726 65233 69918 74287 74408 87696
5363 5503 11849 12024 14106 19875 24938 28829 30720 31607 32463 38570 39058 39501 48401 56767 70801 80824 83243 87966 92713
566 8147 11882 16889 17623 17998 19848 25097 25752 32096 37815 44414 55018 56753 59968 62906 63247 63735 69251 70309 82179
