1000 34 16
1037 3231 6255 6310 10819 11583 26080 36344 40207 45144 46703 74854 100148 116945 162816 270107
6142 14764 15172 20761 26732 27693 34347 44654 45738 60358 63598 67942 72836 124008 129172 204303
1153 4771 10547 12475 23886 24716 38795 45690 58971 63506 75075 81235 93971 119788 120087 163823
2414 2839 6563 17425 25572 30616 32410 36672 41316 46764 52960 80065 81638 88038 154065 272831
2843 2873 5852 12388 13336 21515 25047 33692 34542 36279 65487 97098 111789 128307 176384 197702
3209 4594 4992 7694 7945 16272 19291 22212 54931 57712 62448 66300 75792 132414 181066 229643
24591 28895 28897 28900 37432 39587 39996 44592 45127 54848 59158 75256 78558 84228 121649 158550
482 1969 5206 19866 20846 22977 26547 27002 45629 47029 50140 68591 109831 122023 169895 230985
10097 12601 22213 24232 32829 43363 61134 61556 61625 64571 65084 67074 79906 83811 114229 140873
4643 17158 19021 22855 24257 26742 35902 36638 37558 38412 50765 97446 97872 135187 140611 146876
7133 8487 13109 21184 23836 37306 39982 43161 54227 65656 81406 94162 99137 100726 111291 138798
425 7335 13783 17155 21591 35309 38757 39899 46216 52207 53026 93011 102834 117384 144097 148467
4472 8841 9126 11000 13003 21385 32357 35773 45849 66707 71220 81781 94522 117596 159524 173601
12269 14794 17609 22541 27277 35785 38117 45481 47711 69244 73770 75625 85378 113491 126454 143953
5306 9713 11468 20526 22055 25773 32877 34311 39075 40824 64159 64373 81319 107084 152326 220648
742 4259 5599 9997 10186 55002 55081 55377 60757 70768 86579 95918 98593 102846 103650 108355
7692 8488 9548 14465 25512 28044 30228 42456 46108 49654 53699 77828 116844 140225 144131 168348
5767 11816 18367 20344 26164 28890 29525 48722 53684 55740 61642 67832 69105 111849 163481 176230
121 1280 2469 9924 18986 20439 21862 26324 29134 34807 52248 53041 70153 185109 214626 223371
2124 4310 4398 8156 29481 30894 36499 39020 39711 51395 60272 77706 105477 149249 160390 165562
5240 8652 15193 24745 32149 51505 55937 62849 70124 70417 73599 78598 89857 95413 102794 119992
9852 14816 17548 20647 25003 28835 28948 30607 46937 53277 60347 64520 70605 72758 89870 287631
3735 4742 6233 12914 13617 22032 24231 28449 40547 50862 69375 70413 103377 130835 179703 181982
1262 5466 13529 21127 32194 40709 40884 48430 61062 70468 71593 91279 91933 95854 104691 139573
811 3246 3543 5294 6023 6902 16626 19301 23952 31304 61187 103061 123100 133973 172645 224728
2706 8345 10450 17172 18608 23427 24017 27351 42120 49918 54268 113223 123969 130485 157024 167715
1872 3584 4858 6071 11188 11943 30006 30724 40078 54242 57358 66654 72075 117289 140703 293418
386 9923 10045 10731 11222 16188 18308 20495 25722 30709 64450 74058 91858 157675 162149 248847
1032 1931 4757 7798 9770 17125 24505 42024 43417 48202 71757 109990 116244 121539 133754 173522
6914 11472 13472 13919 20222 26342 35098 35997 36877 41304 59097 119389 123281 127001 138350 154845
4827 9100 13411 18956 21211 22521 31352 33357 48243 49171 75361 79691 84950 112168 151135 195707
2496 3739 5136 7104 10438 14085 28862 36609 37796 86931 94728 96155 105313 108670 126876 187534
1138 1158 5793 14010 15888 19411 33303 42270 53059 60313 64883 68917 81696 117694 119727 226610
2820 4313 11333 12844 17604 21095 32188 48438 62184 71726 75863 80691 88778 118172 125827 186320
