1000 20 33
938 2084 2541 3059 6289 6497 8162 9641 10194 10257 11485 14407 15190 15971 18992 21099 21966 22092 24337 27005 27015 31012 35678 40743 41073 41427 42770 45464 47261 47585 54860 76060 84016
603 1060 1323 3618 4413 5204 5613 5930 6500 7373 8010 8992 10237 10790 11339 11805 12676 12774 13028 13690 18333 21552 22322 30251 33023 39466 45089 53047 53704 61189 76938 114722 117365
300 509 2157 2260 3143 4082 4326 6116 7417 8097 9204 12269 14681 15497 17507 18432 19948 22211 23077 26483 27415 28193 28723 33521 34464 38229 40717 44636 46401 52096 64557 85918 149034
48 2094 2400 2445 3373 3575 4321 4608 5365 7718 7852 8697 9245 9653 10868 12469 14412 15273 16109 17222 17327 21685 23877 32260 38405 44757 46488 49637 52676 57021 58664 79689 84030
1731 2413 3985 4224 7688 8720 8895 8955 9531 9555 9749 10536 10725 11825 14685 14910 14929 17372 20158 20569 21983 24330 26769 31347 34956 36261 37104 39505 59832 60816 65943 93283 105638
426 602 1962 2109 3580 7343 8470 9483 11295 11656 11715 13077 13262 13365 13778 14008 16789 16925 19001 19042 28303 29922 31673 32084 35578 36292 37193 44877 49859 53599 63654 73834 77975
441 688 1379 1538 2169 5084 8220 9142 14729 15012 17690 18958 21779 23097 24906 24923 25260 30509 33076 35285 35925 36250 36570 37315 37367 37814 38848 43251 48757 48827 49974 50161 75071
1620 2894 3027 3305 3671 4135 4689 4882 5006 5650 8321 8387 8562 9455 10155 11765 13625 14717 19462 22623 24214 24422 25413 25799 26493 26592 41121 46147 48209 53221 56569 83765 130966
1501 1870 2336 3563 4363 6125 7034 7087 7918 8228 9239 10299 12459 14317 14506 14761 15505 17004 20061 20378 21259 22688 23595 27297 28955 37871 43074 43084 50072 52527 56451 78805 124571
410 471 522 631 837 3215 3602 3891 4765 4922 5373 7068 8127 11280 11628 11749 16638 17006 19364 19976 23881 25558 28809 33385 34671 39866 43529 54539 55400 58715 61697 73320 83133
434 2455 2560 2687 3203 4031 4113 6077 6165 6651 7496 7530 8586 11248 13416 15970 17445 18263 18349 18536 23445 23837 26809 28838 39061 39285 50096 51794 52565 52959 66980 109486 118977
965 1357 2695 3938 4158 5017 5030 6005 7479 7706 7963 10384 11799 12094 13559 17326 17880 22297 24282 24328 25506 29340 29520 29704 30700 37952 40880 43508 46228 51670 54979 61302 71795
74 2420 2637 3568 6063 6649 7562 8118 8526 9202 10643 11913 12318 12707 13620 18174 21087 21633 22239 26534 27029 30431 33567 37313 37458 37531 44968 45244 47289 51901 57759 65666 79537
257 858 1952 4239 5038 7323 8046 8622 8816 9259 10955 11114 12304 13049 13314 13775 15968 20342 20871 21490 24943 25799 27321 30706 31793 44923 49917 54566 56648 59407 64373 65552 126436
397 587 666 1564 3444 3788 5038 5265 5400 8413 10196 12611 13440 15587 20638 20970 21613 23223 24774 26524 27914 28222 28310 28925 29430 32707 33085 35688 43349 53841 58178 97188 103613
639 672 894 1736 2675 3114 6065 7580 8113 8459 10556 10729 13946 14294 15735 15845 17425 18039 18085 18291 19202 20689 21917 22212 28477 29911 30109 32157 45374 51307 64691 64878 196577
1225 1422 3177 4287 4695 5062 6490 7779 8181 8376 8933 12353 12950 13432 14102 14794 15425 17157 17747 19785 21659 23749 24634 24783 25371 29837 38972 42499 45829 47055 55538 95453 201481
109 752 1704 2604 3190 4180 4285 4726 4922 6516 7065 8493 9514 10588 12466 13981 14805 14990 18338 21021 28892 29649 30339 30731 32923 37612 45950 46278 47568 76063 78633 113050 128159
112 648 1535 4219 5265 5816 7050 7117 9235 9261 11278 11417 11486 11598 15996 22215 22256 22974 23425 24087 24236 26338 26785 29046 29119 30046 30363 33017 48394 54982 56060 58276 82877
1507 1632 1726 2388 4472 4510 4567 5341 7689 7747 13969 14491 14941 14960 15126 15971 17819 17979 18271 18556 23280 25563 27300 28386 29972 45966 49539 63762 64858 65458 74133 79873 100965
