1000 25 24
1404 3663 11033 11441 11466 11946 12201 19519 20000 21514 21915 24624 27640 28787 30807 35689 38020 58426 65003 72675 86333 94166 106734 148503
153 420 4547 5984 6541 6546 8763 9471 11085 11940 12288 13365 32893 38037 42005 42445 50226 54684 55998 62171 70969 94892 137758 205624
656 1580 3180 5404 7305 9022 9849 13583 20944 20966 22051 26882 30786 36841 47950 48382 56976 60365 61156 67922 75291 80990 91519 161084
2030 2768 3887 4794 7668 7918 10138 13362 15652 26141 27713 30360 33168 38829 39526 43320 45130 68968 70418 71420 71902 73310 80878 166542
228 5971 7527 9331 9591 11558 13170 14428 16679 22162 24040 24591 35409 36338 39303 40569 42286 50772 52500 57228 60022 70986 143613 169401
977 2008 3955 5341 6021 7049 8033 8157 8582 12270 15016 21696 21725 21832 28891 36637 39111 40780 78644 83380 100543 111217 117948 171907
1341 2747 5009 5957 6379 8011 10077 11025 12668 18600 21822 24793 32363 34780 36351 36997 38992 55216 67612 72735 75713 106150 136949 152162
1234 2849 8462 9658 12321 13453 14838 15183 22332 22838 23069 23446 26465 26797 35559 40584 42108 46443 49310 53177 103578 105271 113669 140690
718 1602 2511 2603 4732 5615 5840 5857 6352 10202 14378 17136 22889 24169 27611 29510 32094 52719 66154 66199 99663 111397 163483 193375
500 948 2629 2802 4792 5658 5868 8585 12380 13789 20907 22961 25288 29561 32353 43842 44640 52167 62629 73202 94029 97709 139466 154689
4316 8483 8766 13826 14622 18340 26205 27021 27618 27632 33124 33154 33739 35005 36035 38266 38443 40169 40801 40904 80482 81622 124312 148709
1522 2585 3900 8644 10282 12090 12972 14702 16275 20405 20657 21970 33893 35481 38247 45265 56832 59598 62011 71490 86077 91911 124470 126488
1394 1688 3233 5624 7164 8614 11027 11837 13831 16082 16396 24153 26201 26875 30451 35922 43916 59690 69486 84469 105158 108856 117476 152558
518 1735 2536 3342 4493 9007 9764 15780 17166 18047 20579 23600 31391 33891 37689 39609 48697 53405 53813 72146 81046 105337 112477 170388
1564 2240 2920 4078 5267 5570 6870 8576 10463 17995 19755 21181 28920 39115 49220 50420 53440 57917 59588 64243 64427 76841 92108 238937
1050 8369 9743 14393 16693 22784 24987 26194 26354 28830 31227 31592 33236 35283 37889 37958 39863 40911 47362 76406 79174 84163 89930 120340
1354 1911 3316 3487 4513 5159 5307 7926 10172 10260 11541 22371 28531 35629 43814 49274 60545 61083 64526 73923 74094 79660 112883 202045
4423 7008 7775 7915 8778 12290 14732 14900 15742 20902 20943 24006 26797 27863 35418 43017 44915 45798 54288 57433 62392 95950 118795 177762
7596 9320 9764 9967 12343 16550 16977 17877 19900 27183 29300 31802 32223 43178 45086 47801 49937 52939 54113 67898 75684 76104 86153 135124
1311 2697 7487 8451 9736 9847 15526 16534 25257 25266 27305 28764 35783 35948 40543 44631 47264 51210 54025 67331 73353 87489 87998 151063
706 2251 4509 7921 8694 9642 11501 15843 19071 19075 19719 22866 22866 34008 37643 38724 42028 53080 65298 65827 76615 81000 148748 162123
2147 3674 8786 8900 10874 17618 19667 19978 23223 25010 25106 25233 26430 32503 37183 40457 47454 49952 59307 62610 75303 89630 111751 142205
481 2248 2356 10128 12815 13277 13803 18538 20304 20730 21823 32784 33308 40402 40782 42409 42480 52219 55281 61242 71782 74672 142365 156745
2233 3096 6146 7439 8822 9974 10493 10535 10914 15073 15467 21724 24597 27193 30787 37782 39296 40477 41000 65087 92964 121786 135440 183724
3819 6002 9388 14557 18132 18771 21494 22007 25059 25126 28508 32586 36742 38494 43020 43894 44216 45238 47588 51941 68171 69890 98820 169194
