1000 38 21
207 5582 9425 10221 12422 15602 18386 19264 21064 23384 28571 29291 29435 33212 46402 57826 75401 82743 95166 149864 190927
1834 2379 4406 11387 23287 24466 25799 26468 34632 36305 40365 43677 48523 57578 68095 68838 70855 86296 89368 96499 104452
1232 5829 6166 6623 7720 13015 15768 16628 18284 18829 19202 23336 24750 33846 65336 66037 67172 116389 120494 131094 184165
1157 2082 3543 4753 6733 7928 8925 9281 13988 16887 24854 28429 32772 35147 38033 42153 54883 127582 131062 161409 221417
835 1404 1639 6157 7931 15573 17104 21887 27483 36423 44460 56638 56833 59251 65329 67613 82666 83139 83277 86278 158315
2787 7823 9446 10221 10927 11413 12952 13410 17181 25158 25163 32437 46394 58354 73724 75730 78036 78252 113557 118073 129182
2273 7223 9468 11374 14044 16389 16430 18000 18291 20044 20328 20707 28532 43445 52493 55730 58735 64621 68024 139314 284467
1654 7958 15036 16798 17566 20340 20565 23726 25929 25972 27108 34223 51065 57041 60937 64138 72396 73939 87590 113475 148104
1855 2132 3610 3725 4820 13877 29691 42424 42648 46307 46989 49405 54245 57985 61091 67459 69748 85086 90966 97620 108397
2710 9612 14450 16611 17168 19711 20829 25049 26749 27312 28616 33851 36511 38267 43074 63197 80107 90917 96163 117323 168562
5632 11490 13491 14059 16356 18528 23847 25116 29121 33027 36927 37533 37545 39557 40787 61906 67219 73151 89084 124481 176440
47 407 2808 5072 7698 7844 8542 12177 15574 16453 25266 25621 31416 37927 38626 53224 57772 64593 158674 188845 199362
448 2489 2568 4981 11866 12606 19038 21814 25270 32329 39191 41301 50556 53929 59955 61391 64875 72422 77907 122125 182180
6235 7653 8473 13586 14683 14711 15119 19746 21780 25721 29413 33257 34043 42463 43165 56148 79832 82226 98158 117546 200521
5920 8006 13089 14193 15078 16350 18178 19689 19692 23705 28377 31817 37743 63722 65434 76972 83218 86085 89133 124875 127429
52 4736 6789 10927 12224 13169 17704 30070 33333 35841 35928 47897 50274 51123 51250 58800 60262 87748 94142 101149 164747
836 2341 6630 7040 18492 19161 21044 24684 26151 26766 34757 36289 52069 52898 64909 68213 69768 72081 78063 112504 184612
705 5332 9818 15153 21818 22525 24218 28151 32946 39708 44707 46685 61679 66413 70132 73543 74542 74797 82777 86230 87315
800 1409 2558 6205 6841 13281 13415 18644 19093 21617 25187 27435 35556 36389 59127 59552 59671 63666 125445 135924 231520
1401 1664 3508 4017 6080 9627 13069 14622 15541 19257 30736 31179 37835 43218 63107 67363 79974 86182 96144 139664 193315
3977 4679 6342 10913 12551 15208 15665 15928 15930 18725 22505 23963 39521 44938 62269 69717 74752 75177 100195 121673 194081
474 792 1509 1596 3640 6327 17074 18264 18550 19778 29190 29667 41585 46550 47765 48956 71885 74341 75418 134908 269496
128 4792 5286 11834 11923 12655 12745 13451 14559 15935 18143 20445 43239 47943 57317 69634 79843 97383 125672 126782 162062
55 1553 7044 11812 15194 16015 16232 16840 17961 30589 37747 43001 44395 47993 48628 67225 71907 83550 103683 139746 147005
2457 3175 4071 5465 10393 12272 14917 16011 26637 37905 37972 38070 41006 61395 62853 64749 72907 74571 86059 110298 169864
504 2575 5067 7385 11500 13629 20597 21744 22315 29058 31189 33880 37755 50747 85688 87029 89306 90698 100786 104372 109784
7474 8470 8746 9816 10032 16098 21417 22082 23890 25529 31785 34219 51618 51692 53351 53807 56086 86316 87419 142037 176377
3224 9646 10827 11261 13202 13757 15182 22563 27721 30114 33504 34498 47557 47744 48052 50553 56905 90892 107991 111736 179943
1239 3634 7033 11915 14329 17564 19551 24306 30648 31226 33487 33561 36336 49621 51573 58203 76009 86358 114019 114437 142999
1979 3530 4204 5669 6377 15657 16654 18318 22174 22727 26471 29289 29525 29790 58177 74809 85628 99602 102711 147984 166057
1430 2231 14634 15589 16199 16479 19419 21697 26695 33557 34823 38291 39756 41111 49412 60133 64472 80043 101226 129034 167168
1220 2517 8574 9003 10066 11968 12174 16993 34250 34615 43207 44390 55742 64944 67111 73185 83175 84702 95862 100295 120425
6694 7344 7596 10671 11431 12095 17134 20931 26088 27248 28946 40880 42033 43559 44690 81279 91201 93072 100263 109136 152731
5102 6911 9153 9682 13721 23050 24964 26827 27380 27742 30143 33715 36926 44331 53655 57780 61963 63620 72093 170714 170840
1856 1988 2650 7972 8685 11122 18978 19513 20706 31256 45454 45931 50043 52765 58292 61162 61878 70754 93946 126165 190950
1319 1857 11040 11454 14639 15538 16219 17086 18455 19022 19679 35918 43564 63534 75437 76010 82607 90234 96737 99231 142210
134 474 2523 3508 5688 10377 11190 17923 27113 27429 33427 35630 47627 53768 57818 62455 79895 81988 113266 130066 150828
3318 3658 9829 10307 13548 14153 14631 16316 19746 20246 22621 52185 55645 57194 57933 59319 62510 88334 91235 95317 181481
