1000 13 29
27 2217 2782 2784 6832 10660 10749 11978 12042 13981 14463 15803 15915 25778 26637 27038 28864 30821 33368 37325 41228 44023 45415 49027 56225 57547 67080 75142 175244
154 1139 4139 4274 4453 6233 7230 8540 13172 13814 15526 19467 21014 23044 24862 25799 28731 29393 30149 34579 34758 36781 52832 62057 62572 78063 82016 88408 89826
1016 1273 2126 2148 5168 5850 6138 6800 9201 9629 10865 11016 11152 11666 13394 20573 21511 23772 23901 30634 38174 42419 46154 57785 59832 82044 85515 106602 137890
518 855 2249 2370 4398 5281 12488 14027 15014 17838 18066 19269 22521 23174 24455 25462 29039 29471 30096 31899 32673 33184 34102 41691 51241 63672 80068 81693 125362
232 672 918 2820 3161 3703 4099 4373 9139 12287 14442 15563 19010 22123 30528 31608 33167 39327 39851 39855 46655 47504 52121 52348 70554 72683 75657 81156 102968
876 3376 5576 7625 8837 9397 11183 12052 12124 14141 14754 15536 15575 15851 18941 22742 27808 38240 40768 41484 46826 48737 49105 49380 50092 65342 66864 84507 113756
1132 2125 3199 7659 8196 9580 10518 10761 13023 13518 17341 17770 18726 20324 21274 23256 25574 27838 30667 31240 31309 39136 43876 52735 64328 65436 88325 97055 111833
2952 4523 5254 5575 6214 6327 10421 10668 13194 15581 16383 17345 23988 28983 29928 30261 32383 36159 39743 42187 45890 48516 49150 55053 62314 66460 75305 76109 80147
1573 1824 3313 4344 4728 9549 10407 10804 10813 10960 15139 15420 15829 16844 17319 18062 18240 23576 23581 24401 25672 36155 39378 40860 55523 79506 83023 105119 158934
1221 2239 2446 2785 3902 3992 5350 5660 6332 8755 9702 15812 17188 20229 21911 24675 25049 28652 30115 35668 43144 44630 50682 55978 69001 69855 82065 82521 137893
201 494 2552 3202 4286 4474 6454 8939 9139 9544 10546 11001 11018 13721 15010 15129 17016 17167 17505 21741 27147 28908 49525 53325 53631 55185 98550 127651 210669
2422 2579 3074 3503 4355 4381 5611 6264 7755 9292 9842 16439 17139 17464 18858 19815 21874 28537 32498 35524 49543 52372 56022 59464 65084 68116 86832 106569 120755
3357 3768 5054 7322 8388 9012 10159 10879 11353 12011 12098 12847 13738 18762 21146 25446 25678 26784 26795 28594 35290 38160 48528 69394 70725 77748 78188 79316 91430
