1000 35 50
402 895 1077 1191 2760 2873 2899 3076 4044 4350 5621 5746 6488 6741 6896 6982 7214 7601 9146 9406 9509 9700 11579 11729 12220 12677 12943 13541 14260 14419 15501 16971 17536 22577 22770 24557 25978 26380 27368 27952 29258 30905 31823 36494 37947 43925 44238 45149 51586 76002
210 1380 1924 2014 2348 2446 2736 3590 4340 4714 4953 5086 5493 5642 5719 5983 5990 5993 6090 6289 6701 7725 8082 8239 8968 9765 10831 11831 14634 15633 15677 15876 18019 18095 20684 22632 22894 23082 24734 25094 26246 27972 31210 31425 34201 38717 41381 49256 57369 75204
54 61 97 469 1175 2010 2267 2855 3027 3030 3035 3330 4396 5519 6378 6857 7430 8035 8059 8175 8652 8845 9469 9875 9934 10008 10552 10843 10850 11814 11947 12836 16140 16887 18424 18944 19207 19818 21007 21441 21552 22871 23353 24669 24839 37484 39705 43143 47946 73655
233 383 520 553 766 832 1022 1784 2176 2363 3190 4104 4439 5328 5791 6508 7166 7458 7615 7913 7923 8724 8858 9541 10649 10754 12507 14294 15049 16227 16580 16962 17180 17805 18449 18919 20213 21775 29005 31354 34120 34413 37092 44901 45473 47624 53389 61417 68183 71955
13 143 170 445 1112 1133 1264 1828 2151 2935 3247 3383 3425 4132 4816 4985 5606 6174 6302 7280 7418 8102 8128 9707 10027 10832 11354 13176 13467 13636 13638 13670 17374 17747 18511 19640 19898 19978 21903 23184 23293 24177 25898 26690 30638 40656 41305 44204 53113 68284
430 1933 2287 3693 5008 5051 5813 5852 6091 6332 6427 6456 6628 8038 8138 8326 8365 8558 8728 8860 10181 10565 11265 11456 12328 12836 14620 15557 15642 15828 16667 17698 18629 18918 18918 20190 21007 24452 24586 25975 29899 31204 33709 35974 36885 41896 42152 55836 58339 60740
49 94 422 662 708 1792 1962 1967 2348 2506 2538 2991 3505 3557 3732 3848 4235 5456 5654 6143 6238 6531 6685 7707 8487 9081 10772 11305 11841 12138 13118 13386 13987 16197 17165 18142 18298 19705 20281 27463 28746 29498 29588 31603 32698 35237 42577 45857 46117 56234
8 31 509 1341 1712 1860 1969 2117 2336 2344 2354 3171 3243 3559 3562 3708 3868 4641 4924 7401 7618 8436 8608 8674 9454 9830 11147 11598 13085 14767 15089 18668 18845 20883 21128 21630 21859 23873 24092 24137 24652 25106 26349 27707 28561 33372 36939 36941 47919 58002
489 830 1208 1740 1883 2519 2627 2645 2686 2857 2987 3989 5547 6165 6224 6280 6407 7156 7517 8095 8978 10446 11119 14597 14772 14808 15915 16899 17204 17368 17866 18819 19863 20029 22069 22194 22506 24392 25293 26295 26947 27311 28949 32476 33121 35737 36179 36978 39110 42735
321 493 748 843 1054 1548 2202 3875 4268 4693 5529 5959 6235 6375 6568 6692 7070 7548 7559 7616 8357 8566 8586 9271 9646 10875 10889 11135 11577 11768 15611 17319 17397 18440 18515 20232 20911 22577 22849 23425 26347 26927 27348 31511 33095 33500 34886 37826 38683 53074
500 637 943 1499 1864 2468 2835 2874 3633 3800 4545 4616 5077 5251 5598 5831 6222 6266 6416 6859 6918 7511 8360 8700 9002 9104 9243 9289 10207 10219 10679 11704 11794 13652 14558 18344 19259 19679 20102 20142 20286 25151 28929 28935 29135 32109 32269 45730 67143 80024
356 633 669 1474 1581 1588 2026 2680 2853 2878 3328 3635 3639 4214 4338 4562 5441 6850 7220 8578 8960 9062 9339 9624 10029 10426 11086 11146 11594 11994 12097 13838 13976 15606 16783 19794 23007 25451 25541 27450 28293 28582 28958 29406 31164 31541 35844 40785 44407 49809
531 611 1869 1957 2322 4460 4553 4629 4743 4841 5021 5840 5855 5951 5969 6529 7686 8060 8252 8560 8855 9545 9739 10634 11151 12017 12243 12439 13087 14797 14848 15034 17334 17588 18751 19192 19195 19563 20354 23531 23970 26486 31697 31997 34614 35356 36552 44727 51376 65440
116 269 402 1751 1766 2138 2674 2706 2981 3819 3871 4341 4520 5603 5665 6489 7741 9154 9596 10141 10441 10470 10653 11790 11991 12180 12437 14390 14688 14915 15635 15752 16145 16254 16301 18402 19169 21477 29418 30918 33700 38044 38576 38699 38916 40055 47539 52996 69581 83842
225 556 562 744 1253 1467 1733 1835 2587 2798 3665 4086 4855 5603 6448 6869 7181 8633 10146 10159 10512 10595 10697 10916 11260 12321 12561 12789 12831 13625 14113 14235 14281 14774 16696 19128 20415 21716 22157 22318 23049 23067 23574 26146 27217 29475 51268 51391 57643 67387
47 102 1220 1275 1401 1844 2074 2214 2521 2543 2827 2899 3276 3551 3643 3884 4571 6286 7329 9073 9288 9327 9450 10036 10481 10736 11209 11898 12363 12468 12553 12682 14593 18316 18920 20024 21537 22465 23292 24613 26298 27082 32408 33778 36195 43389 44801 60549 81775 92748
119 202 248 425 908 1136 1768 2394 3426 3555 3628 3871 4347 4490 4670 4744 5329 6256 6332 6557 6795 7113 8011 8089 8099 9119 10790 12032 12071 13151 13169 13444 13648 15313 16895 18982 21911 22032 22042 23802 24029 24427 27214 28431 29453 30771 40945 70572 90762 93887
6 193 215 423 621 796 1225 2044 2133 2453 2668 3146 4784 4928 5080 5334 5612 5616 7305 7435 7908 8775 9653 12105 12130 13548 14315 14855 15165 15520 16278 16351 16587 17301 17795 17798 17924 19328 19584 19833 20645 23485 23692 28826 32724 41036 41959 51392 54259 57412
452 603 625 1260 1375 2369 3044 3074 3973 4022 4274 4285 4494 5270 6889 7178 8655 8708 9586 10056 10255 10370 10502 11110 11822 11982 12222 15043 15477 15764 17893 17907 18457 18741 19042 20799 21522 21760 21896 26054 26840 29376 30641 30708 34605 36258 42135 56334 58722 72063
1396 1557 1846 2085 2095 3174 3285 3311 3668 3773 4005 4277 5033 5557 6334 6765 6914 7472 8334 8379 8484 10744 11027 12006 12006 12443 12700 12764 13087 14240 14738 14982 15395 15709 16292 17158 20078 20289 21277 21544 22507 25109 25208 25725 27927 29208 30020 39065 51680 83151
170 247 816 1215 1262 1393 1811 1936 2010 2078 2232 2400 2841 2881 3482 4228 4458 5705 6241 6371 8245 8876 10014 10418 10440 11784 12367 14665 14717 15208 16707 17018 18057 19046 19149 20197 21328 22114 22151 23465 24362 24653 25705 26580 30967 32079 33488 42082 63287 69272
190 463 1161 1717 1730 2271 2333 2930 3539 3762 4623 4759 4964 5341 6565 7228 7337 7417 7543 8546 8830 8988 9045 10353 11803 12637 13328 13722 13739 15315 15543 16544 17010 18170 18600 19514 20101 20474 22130 24484 27352 29910 30504 33170 40013 43187 45467 46011 47573 50626
316 1658 1780 2502 2529 2912 2946 3316 3362 3426 3456 4094 4406 4964 5152 5366 5499 5561 7007 7613 7696 8026 9327 11826 12705 13081 13326 13380 14476 18918 19031 19422 19657 21351 21859 22308 23433 24890 24916 25634 26246 29647 30922 37952 38104 39341 45195 68838 69554 78124
64 379 437 540 804 988 1441 2028 2037 2403 3164 3172 4115 4465 4621 5707 5837 6341 6749 8513 8997 9571 9606 9874 9919 10508 11837 12395 12497 12933 14198 16633 17109 17710 17828 19275 19333 20630 21360 22101 22222 23344 25245 25966 32966 37611 41170 45043 60284 94151
77 186 358 1057 1244 1827 1883 1941 2511 2621 2695 3262 4713 4850 5075 5214 5722 5834 7439 7839 8657 8959 9850 10272 10338 11420 11786 11973 12266 12362 12510 12759 13161 14668 22546 22850 23081 26070 29486 31432 32128 36802 38017 39464 41686 42381 47403 47882 79003 85253
123 125 294 558 565 736 838 1617 1644 1723 1854 3058 3261 3917 3949 4943 5793 6018 6149 7757 8483 9249 10078 10527 10870 10920 11116 11970 12936 15127 15677 16070 16505 17225 19066 19895 20800 23836 24533 25252 25506 25568 26071 26314 30882 34328 35626 38633 47910 54503
136 204 1895 2368 2621 2727 4809 5586 5693 6357 7350 7377 7779 7997 8032 8369 8745 8819 8881 9138 9381 9697 10806 11772 13155 13183 14796 15125 17232 17287 17470 18872 18898 18939 22310 22483 22526 22658 23456 23904 25158 25299 25651 27003 32013 35560 38517 38968 45232 51676
1 647 983 1106 1359 1773 1822 1925 3168 3176 3200 3706 4054 4140 4997 5624 8183 8304 8752 9257 9915 11171 12908 14508 14757 15463 15508 15758 15813 16614 16835 18585 18866 20662 21391 21635 22327 25445 25446 28767 30193 31450 31953 32520 35327 44641 51465 55222 63864 67467
34 264 301 378 384 463 842 1405 1449 2061 2415 2463 2584 2624 2748 4487 4757 5150 5713 7425 7547 10154 10364 10417 10933 11170 11260 12304 12948 16597 17145 17217 17398 18490 21227 21466 22233 22556 24244 24561 27058 29101 30661 31897 35010 36830 39076 39185 58037 65419
47 404 473 538 652 740 988 1332 1495 1599 2087 2266 3209 3586 4548 4821 5002 5553 7571 7891 7909 7922 8391 10067 10491 11851 13450 13804 14184 14635 15931 16460 17211 18800 19991 20134 25692 26210 26468 29929 30473 30990 32414 32732 32866 36129 54324 56063 65398 118776
85 156 317 1472 1580 2447 2902 3104 3604 3812 3986 4025 4399 4937 4982 5575 6486 7434 7488 8107 9259 9864 10030 11022 11060 11166 14265 15113 15457 16334 17614 18846 20347 20415 21174 21527 22251 22636 24801 25466 27239 29543 32946 39644 40208 43115 43253 48150 48681 54631
22 490 555 861 2087 2283 3432 3511 3557 3838 3917 4767 4863 5224 5366 5956 6364 7645 7773 8337 8656 9896 10133 10321 11751 12462 13200 15527 17217 17452 17740 18098 18116 18806 22316 22556 25041 26244 28668 29041 34923 35738 36586 36972 39865 44295 46723 47544 49384 56330
833 857 867 1362 1828 2929 3639 3793 3978 4017 4455 4833 5978 6289 6525 6778 6782 7199 7267 7735 7965 8683 11042 11229 11290 12035 13780 14354 15860 16407 17243 19062 19122 20342 20509 20686 20926 23480 23864 26844 28419 30139 32058 33018 35334 35856 43036 43573 79370 90849
171 461 1036 1184 1435 1528 1841 2002 2362 2694 2997 3734 3783 3938 3986 4346 4759 4774 6105 6688 6765 7103 7198 7902 8409 9322 9371 10555 11508 13212 16155 17664 17888 18892 19975 20596 21152 21347 21874 24048 26302 27379 31133 35081 39014 39693 45729 47688 64271 65787
136 274 1495 2021 2353 3168 3378 3420 3811 3847 4108 4970 5174 6105 6864 7518 7744 7786 8440 8864 8933 8963 9170 10056 11156 13000 13789 13823 14440 14994 15339 15580 16758 17515 18097 18804 19278 19799 20057 22248 23876 26355 27896 36330 40364 43082 43565 46553 46773 48563
