1000 17 6
18376 63357 85051 197268 256694 328121
19465 83923 91292 103864 217191 415015
37199 43562 69238 76772 273514 457874
9267 19124 25171 163558 314740 410629
4479 6502 11752 14803 204170 668088
17199 24615 91701 109442 349317 370213
48036 61300 80604 127788 210026 418179
33042 61363 99196 177477 208718 324732
31378 93819 109424 165526 230879 271772
94930 98515 139739 155507 177737 230225
74439 75864 100265 170248 214572 272464
18591 59847 143877 187259 218031 288315
20114 73856 112642 114142 214118 373102
45636 56657 109073 177385 186448 356052
4598 13638 67612 202951 222829 442213
20106 51812 92632 161753 278513 356550
16317 19178 106216 166035 191576 401233
