1000 18 8
1396 16486 19350 63418 88436 112305 161801 252472
12788 16802 21277 48503 94518 144348 213578 260485
5941 22477 34020 46123 58256 118479 242729 318738
11040 24407 46794 56643 90534 128403 158275 227595
37432 51007 91690 92976 107593 131548 141146 199665
2585 6005 6773 31564 68371 92332 136436 380889
2909 20573 21060 52884 105241 139948 144318 310056
26674 36064 36800 49927 67272 152118 247162 256146
9269 20509 24916 28725 75170 75416 102338 422077
8596 33328 41557 61517 81245 118361 139490 238191
20223 22334 46769 75930 89040 100506 109168 219158
21939 28725 39344 44852 56294 71778 76438 337891
26912 58587 67145 95607 99893 117915 162644 195417
9433 21296 41825 74252 76539 92091 152746 229712
4593 18756 38763 43181 46727 185438 235468 266916
31186 42064 71135 71887 88475 97142 99321 135345
1603 3754 5427 62014 124581 148022 169580 292477
10437 10763 13586 115631 127014 151513 165292 235129
