1000 34 6
35886 64616 121477 124029 204835 233332
2708 72058 72514 188575 201861 316911
12165 21322 45984 56562 243679 356371
5811 7005 35608 40447 222841 560458
45399 59743 60255 63109 174618 424411
28820 35875 127492 138292 179128 262443
78191 82822 90254 142116 149708 272978
19131 55272 169433 185374 200698 202448
24050 84857 85899 128228 205590 312038
54920 55010 66056 141419 225350 342402
21542 58326 93865 159909 170473 317020
7147 83179 141036 156670 190747 258771
5443 13021 82108 119629 124971 376195
20578 22638 70615 149354 194934 294516
82044 96330 101597 125818 128081 244827
18106 63403 134875 152044 202390 250023
13597 14501 95445 155992 237663 348052
2531 52760 59685 79477 249707 255724
3740 51025 129678 154564 185103 273739
4822 19728 128134 196250 243450 293671
6675 13233 71475 75490 118929 521933
7576 41202 97501 104096 125202 326925
16112 25125 36111 61349 76532 526830
9654 36193 75127 89800 286246 340785
13378 13536 57774 78146 163803 368673
28287 65037 114852 136301 190708 252774
13201 43505 65032 121921 204078 295887
43912 76149 123354 129245 245554 261833
108667 117517 120998 140517 160633 163902
4917 58453 60516 143142 198649 331341
17399 27348 31195 126690 241860 315099
25979 32962 39377 217847 237095 316494
14257 43067 117076 180355 205582 245066
10220 39207 47059 66747 74749 647720
