1000 33 25
2578 2769 3303 4802 7060 8199 17228 17616 18295 22282 22594 22883 23267 24882 25643 27639 35567 35579 37490 55144 56222 62557 87302 104852 134695
817 1992 3485 4173 5685 5834 5967 6693 9234 14152 16280 18737 18897 21887 23652 23830 24042 34834 44098 57811 59177 67416 79380 96034 165043
200 4883 5976 7620 8270 8738 9846 13548 15304 16999 17458 22017 28181 30538 31149 31462 33306 34381 42092 44651 51076 57648 68951 102252 129197
81 1053 3375 3808 6767 8536 8885 12970 15505 20149 22827 24856 26224 28457 32829 34851 35636 35757 36691 38289 57957 70451 83065 102660 122535
1279 1960 2728 6817 7679 9231 10558 10787 13993 17554 21693 21790 24462 24900 31516 32396 35982 38270 42765 52824 63101 68353 74038 109964 131449
970 1115 1253 2672 3878 4146 6736 8139 9749 10971 12523 16076 16739 19353 24998 31882 45767 56023 59057 61576 65251 78185 80714 100915 132366
1721 1730 2199 5107 7086 7889 9422 15556 16056 17024 17813 23358 23985 30392 33008 37250 43862 45540 45572 48944 49555 56643 73661 84151 129057
2334 4659 5262 6374 7858 11932 12516 16217 16280 23309 23826 25825 27991 33864 38496 39605 45181 45970 47069 48153 49726 59993 60648 70400 83634
958 1522 1769 4723 5182 8042 8079 8388 10565 11482 12077 13002 18190 24973 29564 39568 41896 49671 50790 65955 71406 77684 86549 89584 107331
558 1124 3872 3892 6426 7472 9637 11635 11795 13145 13594 16133 16559 22417 27136 33605 42103 44380 55339 59196 61954 69529 77916 83575 102967
5844 6649 6656 10722 13500 13901 16854 20280 20681 22967 24876 25893 26192 29025 32729 35785 36256 39553 42904 49329 55021 59532 82774 85755 101267
4020 7676 8188 10201 11221 13339 14365 16756 17056 17663 17918 19067 19244 26769 27112 28420 30501 36840 48776 52712 60455 73446 74464 117024 122146
7 2946 5709 6087 7910 8929 10461 13847 13968 14534 15533 17991 19359 23272 24602 26952 32973 34353 39812 47171 51549 55526 78741 104777 136724
166 619 1229 2200 3296 3340 4225 4230 6073 6994 7947 8988 10590 12820 26212 33156 36055 39838 41206 48693 53587 54868 69745 88053 210287
2716 3151 3237 4913 5967 8262 8757 11222 16392 19888 23539 24424 25775 28188 29407 31866 33098 33830 39037 53997 56955 81631 88170 100572 187437
44 1856 2922 4748 6132 10522 11325 13707 13722 15298 18492 22478 22507 29389 30394 33779 39659 42577 45658 48660 55397 61136 80850 83529 94382
3389 5930 6142 6542 9293 9718 12641 13236 13364 17026 21680 21910 24093 29920 33454 33648 41742 42752 52013 53900 72863 78161 81826 89224 113207
491 1178 2285 2582 4609 5717 10011 11968 14138 15538 16550 18713 28779 30075 30162 32203 33433 35168 35722 47153 56035 89659 91232 99721 156599
79 2336 3077 4115 7795 9091 9097 10320 10422 14125 15916 16518 17836 17838 19521 23748 25042 27129 32157 50562 62044 77645 101982 112397 135623
2849 2864 2960 6743 9551 9642 10248 12240 13217 13497 14290 14507 17336 21362 26782 30696 55167 60825 65008 72798 74447 76881 77104 100184 118991
7560 7829 8495 11227 11351 11627 12142 12787 15973 17251 20071 20512 21761 23552 24464 27330 31220 32216 37542 45201 52749 65796 72782 80992 173075
1867 2276 2303 2353 2620 4183 4702 5100 6330 10494 21898 24945 26610 28796 31238 33721 34519 38672 45862 48636 49326 64094 65901 109428 153493
48 1285 2140 2502 4309 5271 5475 5794 6835 10709 11669 13171 14019 14782 16862 18339 20267 24872 27357 58633 73459 88273 91019 101605 162029
2100 3364 3949 4973 7871 9864 9983 14282 16697 17109 18300 20313 26548 27709 27757 30130 34855 40243 44992 48404 61564 67312 78858 79763 82011
570 1111 1256 10328 10866 10935 12006 17352 19540 21548 21802 24057 32545 33218 34011 34937 35687 45654 50383 51831 52948 64610 86888 87224 100994
978 1321 1490 1612 8295 12638 14353 20695 25797 27945 29191 29727 38390 40819 45642 46652 48429 50747 50908 52888 54332 61619 66962 69290 74929
374 594 1940 4410 6504 7053 7842 10433 11569 13190 13490 21459 22526 24291 24995 27694 31653 33463 36636 37736 55702 63282 94649 101036 140593
403 1055 1347 3594 3741 3842 5859 8558 8752 8834 9423 11993 24885 43520 45945 58166 59599 62861 63154 63775 64482 73556 78995 80981 89776
241 1481 1623 1981 2747 6820 10386 11472 12888 13133 25641 26941 30312 30704 31023 31911 36951 42119 44077 47887 56052 57859 85538 120028 136164
1487 5142 6430 7234 8312 9540 13630 16441 18739 19940 20688 22637 22883 23500 24857 25717 33448 40716 41417 41861 47858 52454 64501 100691 111505
53 615 1047 1662 4480 5332 7267 8671 9115 12331 12338 15512 15940 16641 18980 19188 22236 23050 33242 59750 63633 76796 78976 96060 250772
525 5645 6578 9403 11931 13783 17877 18082 18917 21346 22532 22706 23179 25596 26852 27742 28585 30744 42783 43388 60680 69013 70084 78653 148896
1044 1936 2519 7274 8416 10235 11032 15789 17540 18869 21849 24146 26396 27807 32778 33284 40146 44938 48540 64048 64556 66090 69258 76293 131957
