1000 17 20
2159 2535 3258 9495 13780 14014 22827 27596 31628 32213 34510 35888 37695 41311 52394 88890 91690 95638 150364 183485
894 1394 1692 3357 4788 4973 12899 14221 19177 21667 37924 42014 56182 71224 75751 83655 91437 92131 159350 168508
185 6123 14605 21010 22737 25697 27890 29036 32033 35696 36820 41001 51555 52632 56809 66109 73740 77965 78446 219577
2158 3682 3815 4785 5095 6959 15523 25571 27336 31830 32361 38135 39806 40779 43978 49831 79133 148779 156486 197888
241 2954 3276 5411 8361 9011 11740 18373 20123 24198 33672 48800 69627 72746 83097 90365 94281 112778 113994 156082
1724 2161 5755 8894 13330 14190 17597 27005 31959 32046 35570 42726 51804 57766 75306 84266 97133 110912 125940 134538
99 1818 3147 6504 14155 15186 30879 33791 34897 41643 42570 43610 45140 54709 61421 73877 80365 87894 131517 138215
1673 1796 6706 7044 10876 14120 15038 24084 32943 36478 37147 41810 45482 55156 65617 67494 72246 96561 148216 164547
2014 2469 8007 8997 13925 13994 15194 17543 28045 29705 32912 43587 44897 49454 54875 63845 83276 116428 126041 196680
253 2852 9380 13786 18057 20476 23364 23555 26161 26268 27772 33419 39570 52042 73293 95164 100811 105831 112148 163719
4016 17057 20343 24860 27251 29329 30493 34474 35913 37733 38271 42187 49331 60405 62016 63943 76849 93859 101842 119089
7306 9253 9409 17969 20977 21359 44318 47188 50408 52375 53531 54780 58186 63918 64409 65305 74871 75188 75617 90510
1505 1877 3459 4188 11274 11978 16389 20296 20648 26353 34358 51069 58969 60332 64902 69768 86068 93808 134301 170811
679 4039 6096 10688 14607 14742 15137 26168 27843 31694 34757 38116 47642 65778 72335 73330 78106 84083 101193 202820
3096 4416 6395 12751 13105 14088 17261 19267 36600 38120 40020 42744 44822 47745 55494 78402 79949 83267 144347 179308
3659 5381 9068 10388 12198 13923 19502 21423 26574 28203 30171 36368 46715 49014 50025 50605 55482 132516 171403 192523
4302 5957 9524 9752 10489 11005 15588 18791 19270 20223 30488 47477 50858 55911 62059 64063 93790 100250 154140 193157
