1000 49 11
5713 9612 18034 39316 72194 75965 89367 89982 99442 112630 217375
130 20386 30480 36531 51038 55486 66450 80336 88059 93721 255346
1617 2200 21968 28124 36131 50832 73783 82918 90288 117260 134826
2623 5093 11872 26725 30149 48792 86637 112947 135701 163809 248825
748 2211 16435 17292 50266 55755 56523 90756 92940 144547 208925
3581 16400 18036 22722 30043 32091 32532 65256 67133 131137 323769
12138 24039 26964 40390 55267 60518 62088 62694 69415 73867 168650
18055 22244 31096 37199 52168 64871 70155 70341 79561 100166 223211
2908 17357 19141 22250 24244 27928 31485 36416 95532 100631 255474
4560 9684 11224 24581 39640 66243 72033 96096 119619 135747 155390
2783 3649 13270 31397 36845 46917 51978 55976 79919 161240 266777
943 5160 8898 18899 28401 39256 44611 152010 156877 166348 200308
9552 18866 27652 29808 31317 37011 37196 41988 73561 93927 334944
8800 22257 29797 29883 55333 64119 71532 76803 78871 82817 130846
17582 21421 25186 25898 31347 82601 87604 107304 138099 141223 143290
4290 8406 12478 21546 26786 30904 70421 91783 102881 150323 157229
203 8010 15986 18877 28969 51975 77531 122046 155834 171393 186291
7369 8983 25683 33007 36839 43657 46893 64583 93243 122043 238035
2549 14300 25341 29250 42061 50395 55299 89336 91303 113988 126062
2885 6297 15705 20347 26417 34530 65512 69150 108106 139766 161115
2901 14169 15242 25221 32297 58419 78079 82757 99422 121389 136214
935 16156 27656 35309 41544 50787 66389 71785 111059 123568 172486
1354 12815 20579 29708 45302 48401 78050 88203 89691 120643 159425
1318 2403 5191 6830 23357 38360 54800 67259 144053 149704 318826
1367 3072 8275 18597 25563 27833 49584 78794 104884 140793 174671
5933 10442 21023 22868 35886 55801 64615 117331 140986 145384 199021
7474 20287 20319 25476 32080 67016 92392 97338 102147 151662 235759
7860 10200 21373 25450 27901 30233 67372 87436 102461 199946 213689
4629 14126 16790 33144 44055 44438 92867 114890 122795 159650 205927
7340 9891 14981 22722 34030 42956 95156 101236 112731 117380 157203
4185 4337 21457 23935 31830 42296 109210 127972 161067 162977 180004
2051 8352 22354 25065 29364 50939 84977 119732 131074 159551 220861
1811 2184 19707 27512 39164 41710 68374 77918 108888 129291 261169
3448 4061 9415 47678 60055 73991 77256 80159 102306 186990 228156
9127 15173 20085 39034 44874 49935 59062 61026 95539 114484 165816
3864 11310 35900 40083 41159 72372 73982 86310 86323 97400 122804
19345 21657 25700 31790 47877 54352 62141 98226 98385 113926 189640
4251 15592 21586 23395 39088 65629 81565 98940 128759 145026 172871
2062 4377 25508 34015 44635 46221 56400 64915 96085 120906 154424
5070 11550 21225 26551 29422 39742 57696 63990 146360 150750 156393
8132 11932 12347 16264 36490 52128 85166 85756 86726 119693 211942
13085 26743 31665 32097 47131 49630 61949 108925 122327 133891 191189
5110 9349 20743 26505 33356 49461 59628 90811 100410 143592 247858
6870 27324 27527 33047 44394 54211 63500 69755 89339 116010 155580
13662 22623 23060 29405 33208 38376 47437 56261 63491 98171 208176
2892 6155 14992 53274 60438 61976 67906 89150 131172 137206 142412
5341 21820 22886 42502 47515 51182 74601 76671 111486 125184 138736
995 15299 20104 25429 30842 42114 70634 109903 145306 196710 210743
3745 8895 10812 12224 15038 26642 27052 95412 110455 120667 265396
