1000 43 36
27 1701 1903 2072 2292 3772 4403 4733 5790 6260 7409 7562 8216 8578 8999 9073 10298 12054 13115 13518 13588 15920 19541 20285 20868 22142 26414 31519 37574 41848 47516 65197 85748 94839 105809 110007
914 1253 2086 2208 2407 4323 4900 5740 6361 7666 11204 11563 11708 12412 12622 15380 17262 18041 18913 20733 20773 21518 23601 24974 26397 26753 27604 33759 34977 35824 38449 39499 39500 53532 56625 241536
572 1483 3539 5862 5922 6498 6790 7666 8024 8194 8532 8783 8852 9358 10527 10837 10993 11171 18041 19544 24303 28859 29319 30154 32022 35290 36612 40152 47476 49326 56767 61669 61797 64527 67828 81992
816 1308 1923 2144 2454 4884 5921 6523 7539 7728 8118 8124 8579 9495 9540 11212 15097 15275 15596 18464 19158 20322 20936 22514 23044 24441 25841 26224 33000 38517 39265 58953 74264 87831 114332 138266
195 336 375 710 1602 1815 2186 2461 3715 3823 4477 5470 5993 6760 9531 11627 12171 13083 17526 18304 22519 27224 27451 33156 34989 36022 38153 40350 41815 42121 45218 51856 71676 83225 91742 115144
742 1255 2428 3193 4161 4456 4473 4704 5955 9388 10370 12157 12217 15411 15493 17494 24300 24440 26003 27292 27781 28788 29096 29644 29929 29955 32082 32775 34984 39375 44894 47047 48535 64378 73500 74596
1927 3195 6653 6741 7388 8653 8840 9361 9367 9624 11003 11342 12235 13493 13601 14079 16296 17541 17839 18053 19659 22557 23653 24013 24109 28128 30099 30309 34561 37084 39498 54406 57196 76590 91930 115129
8 709 904 1685 1906 2678 2685 3935 4492 4893 6869 9088 11012 12349 16056 18205 18769 19609 20570 21012 21903 23172 24535 25340 25402 26988 27427 28516 31472 32854 43496 44958 51541 57226 136696 145545
272 1122 1296 2537 2541 2571 4567 4599 4885 6168 6240 10240 10281 12332 12854 12985 13631 15400 15464 15512 16487 19196 20572 22735 26161 28846 29894 34888 36704 43636 45898 57384 73875 84410 85369 101586
383 423 993 3003 3791 4058 4282 5774 6761 6973 8067 8515 8665 10909 14142 15176 15594 15611 17162 17742 17985 18789 19625 23636 27536 27552 29796 30210 30221 37473 38448 54494 58182 58346 77557 137810
517 678 810 1038 2374 3142 3579 3813 6544 10029 11265 12916 13117 13932 14122 14168 17055 17840 18768 19402 21239 21394 22336 26623 28700 29999 36673 36678 38575 40705 40819 47081 54703 79592 97975 107044
263 425 1135 2413 2959 4543 4760 6350 7161 7723 7914 10999 11902 15482 20211 20256 20752 22140 23308 24790 25914 27956 27979 32438 32963 33459 33546 34423 37281 38785 43546 44176 51082 54906 75632 86836
76 514 2112 3531 4936 5157 6551 6726 6808 7677 8011 9938 11568 12715 13458 14366 14431 17261 18215 23954 25306 26619 28328 28772 32193 33859 34478 35980 36452 37722 38244 54527 64554 73686 75910 108810
356 923 1531 3999 5787 5875 6228 7702 9115 9430 9714 10094 10684 11514 11751 12149 13912 14508 16710 17597 21280 21352 21769 24212 35404 42206 45133 45695 46806 48712 49754 53496 55818 63232 71770 118856
657 723 1501 1606 1721 2128 2593 2805 3565 5685 6580 6708 6838 7978 8678 9917 12408 16007 17154 17217 17922 18170 20279 24394 28660 30654 37894 41294 52167 57003 60561 64444 71279 81664 85117 122834
17 163 286 2558 2746 3120 4788 8894 9615 10501 11427 11710 13623 15533 16120 16146 18945 19542 20929 21574 22340 24271 27974 29924 30529 31980 41836 43539 46690 48776 49658 49998 53376 57239 59471 59734
2293 2632 2917 3498 3518 4907 7469 7770 8053 9031 9525 9570 9582 10025 11748 12573 13268 14446 14640 19340 19910 21081 22151 23250 24355 25290 26205 26539 33990 36655 37524 45104 67441 83194 120787 153025
2768 2988 3816 3923 4744 5452 6340 6732 8861 9553 9625 11267 11373 11543 13367 16459 16650 17508 18742 18776 19184 19510 21832 25902 29269 30486 38079 38997 39042 42917 46946 50815 59789 63986 80750 88870
497 629 1118 2199 2360 3856 4236 4824 5183 6046 7122 7576 8525 10900 11411 12290 15550 17086 22572 24381 24878 31077 31081 31387 32556 33427 33622 35877 35992 41561 43823 48806 59670 64301 76372 127243
890 1419 1794 2018 2450 2632 3085 3511 4380 5802 7197 8156 9147 9390 9496 10674 12632 13379 13589 13754 15725 16384 21357 24755 25636 29076 33445 36552 44174 49601 52425 56357 69629 72280 86337 89858
427 508 793 1745 3243 3305 4217 7090 7381 7557 9724 10452 10991 12007 12941 13215 17486 17989 20585 20909 21705 22109 23375 26574 27457 29315 29714 29738 33229 33528 42825 64176 64661 83544 91141 92793
1684 3309 4007 4210 5077 5755 6482 7058 7293 7719 8725 9627 11109 12142 12803 15207 15383 15466 18193 23083 24979 27566 30139 30799 33000 33039 40096 40146 43231 43239 44958 47142 57718 66386 68190 93113
1087 1123 1289 1351 1644 3244 5311 7865 7890 8633 9111 10357 10383 12879 14164 14220 18380 18741 19027 20213 22540 24475 25965 27919 30273 30447 33176 35859 36519 36672 38979 42361 52799 54855 61632 117424
393 770 2926 3152 3346 3915 4019 4939 5184 5557 5721 6634 7296 7718 8569 8642 9566 11102 13468 14349 17059 18272 19483 19763 25975 28396 32047 32518 38624 41837 45299 51890 56330 57016 76751 168154
1336 1467 5311 5555 5858 5993 7028 7903 10004 12590 13329 14650 15096 15584 17915 17927 19290 19816 20941 21352 23889 25451 25561 27718 28921 29896 32804 32882 34094 36885 41099 44377 50373 51766 75659 100480
735 856 3529 3853 3909 3974 4755 5281 5656 5850 6530 6739 7582 8207 11409 12775 13521 14325 15544 15757 16573 17692 18067 18629 22488 30821 32631 37215 38651 53746 57632 60426 61134 79597 81574 130325
975 1202 1372 1598 1897 1978 3205 4588 5166 6243 7279 9784 11377 11708 12109 14990 16288 16924 17942 17993 18605 20733 21403 22001 32705 38851 40670 42308 42760 46388 50418 56894 57084 80356 84274 92742
316 391 746 1957 2278 2802 2984 3115 3181 3484 6311 6563 8888 9835 10303 11097 11300 13232 13851 16470 18105 21596 27062 28393 30502 30731 35642 37521 38587 49137 54638 63471 64583 76822 101156 112119
463 2425 3288 4344 5985 6435 6837 8619 8689 8774 11270 12538 13786 13861 15239 15305 15322 15584 17128 17162 18907 20501 21542 21974 22521 23213 23531 24075 27427 44597 54231 54922 64576 80894 87743 96228
1408 1450 1487 1554 2558 3334 4501 5098 6166 13124 13195 15782 16287 16623 17356 17859 18806 20804 21201 23911 25628 27403 28270 29280 29944 31765 38809 38969 40059 43430 45768 49935 50464 77618 83236 83333
490 894 1172 3286 3315 3544 4132 4703 4725 4781 5393 5713 6664 7796 8196 9214 9595 10448 10701 13231 14535 17408 20021 20676 24735 30527 34502 35497 41078 41221 50758 61952 72742 82096 121482 153909
77 807 2269 2539 2640 3500 6102 7559 7791 8246 8792 9127 9349 10947 13633 13964 14237 15529 18526 19139 19804 20228 20733 24757 25749 33941 37531 41631 45164 48972 50434 52295 54129 61068 61421 105905
109 1344 1398 1994 2663 2909 3504 4832 5199 6398 6969 7203 8209 10100 10603 14192 16401 20577 22752 23687 25193 25836 27132 27926 28251 33961 34456 42752 47591 47686 49105 63117 63744 77025 80135 103368
1301 2139 3235 4708 5594 5625 6700 7615 8664 10203 10241 10660 11032 11384 12349 12714 13241 13564 13655 14202 15189 21389 21450 22828 23001 30236 30510 31193 31815 42745 43929 46525 48165 85942 125145 136590
1634 1677 2331 4594 4763 4844 6183 6979 8789 8849 9541 10916 12666 12903 13402 14067 14391 16876 16924 18336 19737 20166 20575 22223 22762 24033 24770 26100 30318 37763 38463 43517 61757 77949 83872 142930
475 789 1067 1641 1934 2199 2579 4046 4122 4860 5291 5399 5686 5687 6079 8985 9346 9383 13167 14221 17435 18248 18858 28009 28726 32151 38576 38768 42487 43857 45334 51161 78501 83388 83901 101335
749 1550 1638 2241 5619 6862 7512 7942 7956 8831 9325 9912 10513 10544 11922 12489 12963 14951 15022 16550 16689 20227 24161 25408 26270 27375 29690 30316 36274 43452 43722 45182 49107 51830 83329 145875
674 1122 2150 2384 2744 3635 3867 5112 7502 8782 10887 12184 12416 12865 13190 14275 19373 20365 21015 21429 21688 22916 24806 26418 29035 29420 29664 34119 36555 48149 51284 59433 69529 69769 84193 88497
586 793 958 2323 2387 2572 3696 3929 5057 7853 8267 9757 10040 11622 14774 14824 15285 17451 22649 22721 23055 25437 26247 26302 27169 32442 35601 36750 38666 42780 43189 48221 50745 68280 80890 92533
748 967 1605 2269 2539 5370 7012 8245 9557 10118 10868 11381 14560 15729 15939 16170 17181 18333 19391 20962 23060 25196 27909 28016 31281 35764 36656 38332 42172 44099 45220 50132 61219 61376 76391 101768
1465 1560 1747 1963 3072 7300 7847 9353 9406 12714 13867 14709 15303 15512 18344 19476 19707 20802 24218 25410 26095 28250 32746 35700 35955 36452 39810 40941 42530 43767 47465 49899 51760 58522 60690 74316
371 560 1627 4070 4629 4910 5710 7029 7090 7870 10673 11608 11673 12544 12824 13815 15249 15251 18035 18607 19565 19989 24526 29099 33080 36971 37379 38879 39886 40398 50260 51983 56118 63465 69720 91906
1673 3159 3897 4127 4176 4216 4919 9676 9851 10484 11625 12285 12751 14071 15440 16391 21952 22133 22226 22398 23732 25658 25942 26977 29587 31599 37692 39748 42154 49060 52930 53526 58519 60237 62549 73036
