1000 20 12
3102 6533 7047 17369 35404 42535 47648 49017 62124 145672 189085 219614
248 15562 16118 16865 23387 25295 46230 107454 113990 118916 120475 139573
12493 13358 27094 27917 30102 43350 62665 63240 77998 94864 127898 182998
2830 4388 10613 11485 11875 14274 40293 53744 90498 162520 192209 239670
6646 7913 10630 17280 29427 35470 36816 39717 83624 109913 162825 256866
3647 13269 15865 17628 22668 35817 40365 47669 48187 108442 113486 389478
984 2053 11209 23299 40537 49978 60257 70762 110375 117112 140065 278353
744 7143 18810 20510 26739 31533 39957 60295 77734 85549 181162 193871
3926 8110 17288 19098 33374 43356 61726 71518 75517 84941 105002 303129
4800 10704 15728 24467 26745 35008 39039 48821 73064 121917 123183 251804
3445 18084 19049 20533 25828 40153 46925 77143 82308 104038 193174 195603
5098 9153 12952 14273 22106 46958 55644 67345 68148 111676 189338 228702
14417 15690 23442 32183 32252 39915 45860 77071 78548 105349 152351 189218
7812 10827 33145 44027 45388 49541 53549 73585 81354 106833 116483 167716
4942 5438 10681 32918 43769 60048 63735 89138 90764 92227 127608 153519
6722 8267 11492 31290 35467 44930 61357 61920 68749 111551 118998 226210
10150 15896 23429 24791 26303 49022 61516 62701 73907 75521 148313 259835
1601 5627 9679 9875 29312 47450 51191 54631 106219 125545 162334 287632
7804 14516 19644 23785 41202 46141 48233 53835 111291 128957 154998 206167
7829 22026 23440 46610 48639 49143 67269 73428 76178 101673 104776 122542
