1000 10 10
16023 38853 40091 90703 91789 105399 124003 129641 141536 191508
5906 12232 15630 28160 79047 125716 126640 134820 151519 284262
19788 28814 40755 41783 58742 68290 82724 86486 145084 363197
4683 11489 11829 13227 17068 41648 68961 91290 302456 382187
1519 3537 22000 29506 97466 103995 108461 155457 218032 221427
6464 31281 34344 44277 80650 86750 101630 146919 190665 192211
781 1896 13236 15947 58710 63425 91593 164710 170927 352219
22636 28691 43071 51290 77408 84614 120256 120304 176655 236648
5467 10854 22122 32056 58342 96398 99095 135644 152809 346392
6297 8222 24658 26272 38652 42290 75336 86205 216755 446456
