15 3 0.07
24 0 1 0 2 1 1 1 2 2 2 2 5 2 7 2 8 3 2 3 3 3 4 3 5 3 6 3 7 4 0 4 1 4 2 4 3 4 4 5 2 5 3 5 4 6 3 6 4
25 0 4 1 2 1 4 1 5 1 6 2 2 2 3 2 4 2 5 3 0 3 1 3 2 3 3 3 4 3 5 3 6 4 1 4 2 4 3 4 4 4 6 5 4 5 5 5 6 6 4
27 0 2 1 2 2 0 2 2 3 0 3 1 3 2 3 4 4 1 4 2 4 3 4 4 5 1 5 2 5 3 5 4 5 5 6 1 6 2 6 4 7 0 7 1 7 2 8 2 9 2 9 3 10 2
6 1
7 8
3 0
0 0 0 0 0 0 0 0 0 0 0 0 0 0 0
0 0 0 0 0 0 0 0 0 0 0 0 0 0 0
0 0 0 0 0 0 0 0 0 0 0 0 0 0 0
0 0 1 0 0 0 0 0 0 0 0 0 0 0 0
0 0 1 0 0 0 0 0 0 0 0 0 0 0 0
1 0 1 0 0 0 0 0 0 0 0 0 0 0 0
1 1 2 1 1 0 0 0 0 0 0 0 0 0 0
0 1 2 2 1 0 0 0 0 0 0 0 1 0 0
0 1 1 2 1 1 1 0 1 1 1 0 1 1 1
0 1 1 1 2 1 1 1 1 0 1 1 1 1 0
1 2 2 1 1 1 0 0 1 1 1 1 1 1 1
0 0 1 1 1 1 0 0 0 1 1 1 1 0 1
0 0 1 1 1 1 0 0 0 0 0 0 1 1 1
0 0 1 0 0 0 0 0 0 0 0 0 1 0 0
0 0 0 0 0 0 0 0 0 0 0 0 0 0 0
0.6948990497
0.0400458227
-0.5595008890
-1.3434690346
0.0237482890
-0.1423565423
1.0957514057
-1.1187611206
0.5618672565
-0.3753858147
0.8217427301
-0.9584113302
1.1537960262
0.5679055803
0.5215474445
1.3556190898
-1.1951405650
0.3375047682
-0.6559676150
0.1289828047
-0.7163048333
0.0642425523
-2.4155885976
0.4297788772
-0.7454640422
0.3661262399
1.5589661447
3.1790818782
0.9055154937
0.4125158515
-0.1341559337
0.9949930818
-1.4522116262
-0.2673031306
1.1351815311
0.6095494552
0.8555928102
-1.0610346293
-2.0797364625
-0.5278642843
0.1220583165
0.2764002483
-0.5199581547
0.4870083542
-0.1077075300
-0.5843746803
0.5557963470
-0.0205459516
0.3204533215
-0.5275955906
0.6114038083
-0.6452248928
0.3989666376
0.4619606063
0.8727870101
-0.6928538692
1.9968451199
0.4099051339
-0.1059902894
1.6245857009
-1.4560108821
0.6032142934
2.3168974742
-0.0486364401
0.4678159261
-0.6363038267
-0.2534050691
-2.5312979099
-0.7658325244
1.6688662930
0.3871352398
-0.8830466389
-0.0378026502
-0.3161420403
-0.6377545404
0.8710397860
0.8810116428
1.1005342009
-0.4968892032
0.0806502057
0.1020045286
1.7011391216
-1.6006895449
-0.6431873462
0.9123674249
-1.0929536013
0.5750774412
0.6821138695
0.2389595330
1.3597852843
0.6226870343
-0.3603968627
-1.2107971009
0.6908658901
-1.9621217777
-1.2240732283
-0.2035205319
0.5705549441
0.5157126903
0.9433520688
-0.8829226256
-0.4821956468
0.0763494866
0.1971838346
-0.6081338043
-0.8253493969
0.4798801212
-0.7583502215
-0.0069696617
0.2364311364
-0.5418942679
-1.4313218224
-1.1507067412
0.1354384942
0.8578558586
-0.1132649042
-1.1188172964
1.3310790033
-1.6047859701
0.6842671057
-0.9343568969
0.4472722902
1.3750208918
0.0011367054
2.0694782899
-1.3255642129
-0.7875142671
-0.3046766766
0.1238307209
-1.6863712928
-0.9771257282
0.0333379613
0.2338535879
-2.3862595188
0.6470130945
1.1176547241
0.9876943104
0.2845910220
0.1891035121
-1.1902010867
1.3776089664
-1.8567003846
-0.3218927267
0.6219256748
-1.6683858524
1.2804448534
0.6074840836
-0.6922900474
-0.0184021578
-0.0785657225
0.0699349751
0.1434023399
1.1200554525
-0.1813955068
-1.9938949077
-0.9406963759
0.1785351238
0.5276134216
0.5840720817
0.3463834209
0.9789119793
0.4556263745
0.6180894501
0.4334867227
0.0502880710
-0.0538211022
0.3080326063
-0.2580146201
-0.4966880323
-1.9996073850
2.6890468130
-0.9024979043
-0.0279582091
1.2846507753
0.2807402810
-1.2261692613
2.2957504301
0.5290088260
0.3257829341
0.4139211982
-0.7716837585
0.1576918777
0.6057206431
-0.8639135304
-0.9052282259
-1.5245732606
0.1484006130
-0.8544576642
0.6126056912
1.6763874567
0.9245657410
0.1873970840
2.3051344019
0.6286874194
-1.0078872858
0.0599144880
0.4657293098
0.5478195817
-1.0194925044
-0.1089901299
0.1654283844
0.9301923617
-0.0196017513
0.3625344696
-0.1697585066
0.1815209860
-0.4700634229
-0.6598836371
-0.4425912892
1.5710149161
1.0596479048
-0.6564627223
-1.1870384680
-0.5598214457
0.6530301681
-0.2667383640
1.7547559052
0.1309648783
-1.1861965823
-1.2262820967
-0.3805988201
-0.9762116998
-0.9923699021
0.4342145428
0.8030509943
-0.3563796558
1.0267602781
-1.3403595790
1.3038748079
-0.1245413266
-1.2148206088
0.2024195240
0.0253513403
-0.0588387838
0.4737984958
-0.4762337717
-0.6342239038
1.0097509534
-0.8387888831
-1.5555710449
0.5651207015
0.2485256069
-0.1090436073
0.7447760827
0.5165269326
0.7974201129
0.8387872626
-0.0033376200
-1.5170239482
-0.7570089273
-2.0507994341
0.4443541102
-0.7548066768
-0.4609917991
2.4614235796
-0.8610762249
0.0749990189
-0.0081944592
-0.6504939088
-0.9339624932
1.2873633424
0.5376556373
1.1159456440
0.6424593595
1.0291635295
-0.7592323500
-1.0796864239
-0.5859374346
0.4800613391
0.2299682077
-1.4992854186
-1.1692037982
0.1786769800
-0.4116950934
1.7865508583
1.5266645045
-0.5926541082
-0.6822802079
1.5427641224
0.0737536052
1.0074239903
0.5355922735
1.2886368612
-0.4614057952
0.1472932614
-0.7655184124
0.5854264305
0.3875428406
1.2123811176
0.0808691047
0.2213676759
0.0776787475
0.7566014401
-1.0150121205
-0.4117623069
-1.1614608694
-0.6422215583
-1.3393302519
-0.7674201741
1.0960067423
0.3473276856
0.2991976042
-0.5145884416
-0.3947829558
-0.2949234885
0.1949457880
-1.3778539980
0.2470896318
-0.0311473018
0.9677440528
-0.1851244700
0.6962764444
-1.3897393549
0.5632969563
0.7481018862
-0.4647909335
-1.8765496502
0.7391099555
1.6391306039
-0.9772751929
0.8733044396
0.7710401283
0.0959641996
0.3103957978
0.9249921959
1.6416828362
0.1486248298
-1.2551140408
0.0855618740
0.7678210506
1.3555363797
0.3778341726
0.0798516309
-1.2079343357
-0.3971208705
-0.9262543927
2.0644337129
0.6799122756
1.0262374294
-1.3855780285
-0.4728036777
1.0603804190
-0.8019444381
0.0740487372
-0.7502274194
-1.2971457854
-0.5923652033
0.0601507775
0.9815332391
0.6953282802
0.3348680889
1.6090394995
1.1579794901
-0.9623202958
0.8043546893
-0.6659976521
0.7033965985
0.1747806124
0.6005413166
-1.6267346527
-0.9853971254
-1.2752387584
1.3780684179
0.0870871275
-1.2349573370
0.0313210928
0.5407754420
-0.2720064237
1.7971947058
-0.2703631079
-0.0369656945
-0.1157175751
1.9891226023
-0.3648526085
-0.0778336354
-0.1023345320
0.1119356812
1.5863399041
-0.7708683373
0.5148603194
1.0060208254
0.6106769974
2.8368643793
-0.7693384552
-0.5634175947
-0.2271220147
0.0042569822
-0.2537895562
0.7269495820
0.6546181841
-1.9356233396
0.4180656002
-3.3941935052
-0.6866611760
0.5712183705
0.4347942345
1.4080993206
0.3969658011
-0.8924442450
2.5280852869
-0.5938487121
0.7601404089
-0.7669575834
0.8053443524
1.7243972899
2.0913435429
0.8712604228
-0.9891438140
1.0775439237
0.6130641644
-0.0908430257
0.3878421230
0.2612008272
1.3682793136
-0.1414353834
2.8992728953
1.1445192921
0.9625721284
0.1032250996
2.1077061661
-0.6487508724
-1.9448731242
0.0640964170
1.1874856112
0.1865357467
-0.4338874367
1.6521913382
0.6647579284
0.3044882884
-1.7340786413
0.7736103868
0.0172062158
-0.2365439973
-0.2965920284
0.1412086475
0.1569348428
1.2160799880
0.6539732335
-0.2350066796
-0.8587278127
0.9377009063
0.3179315537
0.1403655386
2.8789998580
-2.6702160167
-0.5389294641
-1.6663767738
0.5224715641
-2.2340548471
0.0069239402
