15 3 0.20
23 0 0 0 1 0 2 1 1 1 2 1 3 1 5 2 1 2 3 2 4 2 5 3 0 3 1 3 2 3 3 3 4 3 5 3 6 4 2 4 3 5 2 5 3 6 3
36 0 5 1 2 1 3 1 5 2 2 2 3 2 4 2 5 2 6 3 0 3 1 3 2 3 3 3 4 3 5 3 6 3 7 4 2 4 3 4 4 4 5 4 6 4 7 5 0 5 1 5 2 5 3 5 4 5 5 6 0 6 1 6 3 6 4 7 4 7 5 8 4
13 0 1 1 0 1 1 1 2 1 3 1 4 2 2 2 3 2 4 3 2 3 4 4 3 4 4
1 1
6 3
8 0
0 0 0 0 0 0 0 0 0 0 0 0 0 0 0
0 1 1 1 0 0 0 0 0 0 0 0 0 0 0
0 0 1 1 1 0 1 0 0 0 0 0 0 0 0
0 0 1 0 1 1 1 0 0 0 0 0 0 0 0
0 1 1 1 1 1 1 1 0 0 0 0 0 0 0
0 0 0 1 1 0 0 0 0 0 0 0 0 0 0
0 0 0 1 1 0 0 0 1 0 0 0 0 0 0
0 0 0 0 1 1 1 0 1 0 0 0 0 0 0
0 1 0 0 0 1 1 1 1 1 0 0 0 0 0
1 1 1 2 2 1 1 1 1 1 1 0 0 0 0
0 0 1 1 1 1 1 1 1 1 1 0 0 0 0
0 0 1 1 2 1 1 1 1 0 0 0 0 0 0
0 0 0 2 2 0 1 1 0 0 0 0 0 0 0
0 0 0 0 0 0 0 1 1 0 0 0 0 0 0
0 0 0 0 0 0 0 1 0 0 0 0 0 0 0
-0.6898069594
0.2266807874
0.8663806520
-0.1856569520
-1.2909354779
-0.0446429768
-0.7101767629
-0.5442702158
-0.6306104447
-0.3081601503
0.5408425419
-0.6147447377
1.9123447318
-0.7468725291
-0.6393083479
-1.8114620086
-0.9736220613
-0.3548654600
-0.2371713517
1.0507700422
1.2815154691
-2.1495793422
1.3974656901
2.0978013887
-0.2949466487
0.1210138503
-0.8925708524
-1.2510754132
-0.5654938104
0.7552658646
2.9858237645
1.3375532233
2.9809114448
-0.5735292653
0.5160446139
-0.5445194323
-2.1807432863
-0.3283306419
-0.8075478757
0.6477045887
0.0267020854
-0.1434111583
1.1032808323
-0.5987595894
-0.4576071148
-0.2208152417
-0.0728336849
-1.7472145730
-0.9326965074
1.8738714628
0.7223657342
-2.6711944524
1.4861673471
0.6683496909
1.2147423263
0.5056114451
-0.8249164541
-0.2808596911
-2.0069333037
-0.3721411651
1.7629378994
0.1718582176
1.0279053598
-0.6194042351
0.8423053236
-1.3656796347
-0.2239430204
1.0768722801
0.8578659690
-1.0181050127
-1.2160885983
1.4709841715
-1.1944619257
0.5389725954
-0.9666200563
-0.9370635322
0.3233586701
1.1659379757
0.3842844609
-0.1350178036
0.1621421988
-0.2050657700
1.6153416416
-0.5701391636
0.2421215125
-0.3483998617
-1.2475500330
-0.5172079064
-0.2762135912
0.0960926506
0.7992766531
1.2968815223
0.2676155708
0.0462855432
0.5355363326
0.9952553384
-1.2460838330
-0.0202593103
0.5702137554
-0.5865089743
1.2886902559
-0.9520298949
-1.0648933488
-1.1497818426
1.0819464640
2.3882331821
-0.2999282561
0.4453639504
-0.9981121657
1.2844581035
-0.2019881606
-1.1288300757
-0.8343637664
-0.6839838307
-1.0781520711
-1.6051610192
-0.4072421722
1.3606374450
-0.5722459204
0.9331535995
0.8343860850
-0.2477747755
-1.1331988596
0.9582015314
-1.4614002606
0.0274297153
0.8701937528
-1.1405507047
0.7185740366
-0.5884448653
0.4008347794
1.3418276136
0.6329523261
1.8891122850
0.2928692948
1.3634508735
-2.8238285970
-0.9093644261
-0.1065986571
1.3376203505
0.7173744837
0.5018484454
0.0570923289
0.2176380845
1.9321330623
1.2733600454
-1.8011510686
0.4799385610
2.3110018568
-0.0355528985
-0.2093676827
0.3253327404
0.5216228809
0.3124457033
0.8687476403
-0.7693435262
-0.8566173449
-0.2293286120
0.7222507610
1.3065705227
1.2448963672
1.2381407038
0.2052423971
-1.0337115127
-1.3869692819
-0.6956368095
0.3574656521
-0.4359773520
-1.8842929331
1.4916353382
-0.0357688553
0.1856489165
-0.8902475269
0.7098575986
-1.1305097698
-0.7335733655
0.4737677918
0.4457993026
-0.5103130456
-1.5653129633
0.2990698566
1.3465257507
0.5448669221
1.5648684706
0.2085047462
1.6755302057
-0.4302062420
0.5708623668
0.2631717873
1.8235282189
-0.0524744397
-0.6760973877
-1.2329123297
0.1215940371
0.6053844912
0.2943929497
0.4186740078
1.2061258168
-0.5171422002
0.3154483345
0.4362932851
-1.1633913655
0.6846389682
-0.3422451657
-0.7576304731
-0.2297620528
-1.2588338575
-0.7495557315
0.0987101690
0.9453550041
-0.5343526694
1.7860866230
-0.5681623759
0.7671108757
-0.8545624919
0.3241005969
-2.0621562791
-0.1251305172
1.0577681437
1.3848812135
-0.2738728650
0.9660160343
0.4631263001
0.5653582450
0.7727668821
1.7445953951
-1.6530822065
1.1070548482
0.2904444480
-2.1659862063
0.9136865009
-0.4489240315
-0.8065254501
-0.5984132182
-0.3267855268
1.6195543895
-1.8968623685
-1.4787953234
-0.5082644365
0.7507625257
-0.5106031073
-0.6777680145
1.1252089048
1.0333812671
-0.9003096018
-0.9014436959
-0.6281044478
0.0693264639
-0.3516361247
-0.2546956608
-0.7438879720
-1.8933404005
-0.6158488575
0.5863007978
-1.0309381782
-0.2288612485
-0.3486530143
0.5270016213
3.4135548778
-0.3816638483
-0.3353173858
1.9592549076
0.9899957752
1.7656724038
-0.5668406385
0.7794113430
0.1228060603
0.7467747421
-0.1235347459
-0.7524781576
0.0252162763
0.2063981496
-0.3800460665
-0.8162340724
0.9905420578
-1.1082679366
-0.4726820508
-1.1538651608
-0.7245384668
-0.2873544058
0.1932414121
-0.1522291534
0.0747887546
0.0341799776
-1.2583029468
-1.7702651843
0.0877469113
0.7369639549
1.5422875154
-0.2901310645
-0.0847895384
0.9472896306
-1.5049598604
-0.5207092011
-0.9896374589
0.9895970645
1.0960599703
1.7959550192
0.7772278424
0.9791189715
0.5247566402
0.0270456078
0.3765230553
0.7048580090
0.9010489855
-0.4070439364
1.7018343323
1.5888044546
-0.5698436012
-0.8367428495
-0.8757901566
-0.4065464529
1.3357741932
0.4490779196
0.0538279252
-0.0791377208
0.1615945645
0.5998050524
-0.3820640551
0.3340738710
-0.5813002164
-0.0467033563
-0.5724087702
-0.9432289646
-0.6827620246
-0.0907462276
-0.4238847852
-0.2713726532
0.3976476295
-0.3179889047
-0.0913246950
-1.4313505206
-1.2776194901
-0.2048017760
-0.0068373475
0.0030571762
-3.2807717718
-0.1411207828
1.0532930121
0.6446057147
0.9027264782
0.0421940228
0.7418462497
2.2910114841
0.8154859495
0.9700100029
0.1587286013
-0.1457190848
-1.0504568348
0.0637356503
-0.1506518455
-0.3433494539
0.0913148981
-0.9324606271
1.5046358428
-1.8641056180
0.0000949808
0.6503794852
0.9963312686
0.5063835060
1.6979555095
-0.1622390791
0.3773978539
-1.4810406963
-1.5936082751
1.0281450663
-1.0424041355
-0.7066714880
-0.3002830236
1.5081504971
1.1811781381
-0.7569180635
-0.7822498520
-1.0798291647
-1.4407649642
0.3053380264
-0.6721400199
0.0821923480
0.6011069473
-0.3581761031
0.0445212263
0.8653393789
-0.1226696428
0.4800817571
-1.1117608430
-0.4414883579
0.3389237699
1.8980553774
-1.5897898253
-0.2848254498
0.7666334414
1.0045968566
-0.0255946859
-0.8286358894
0.6895340423
-2.6092616349
0.5990392905
-0.3959635320
0.5465232555
-0.6020463242
-1.0688601991
-0.2078861236
0.6266814385
1.6784299207
-0.0740555340
0.2446577348
0.9108669376
1.1843347872
1.5157227536
-1.0474662491
0.0445203260
0.4011719128
-0.0145514828
0.8734322530
-0.3614854642
-0.1709039771
0.3479158059
-0.9586460260
-0.4016101813
0.2741402595
-0.3134405883
0.5839562512
0.5707840829
0.6006428476
1.2382433880
1.1743203988
0.9876993538
0.8465300224
-0.9869073716
0.6645323918
-1.6028528397
-0.4042682676
0.8603655262
-0.8395287480
-0.9523506175
-0.2921617424
-0.5845205929
1.9326310405
0.0892413690
-1.9193278286
0.7855994818
-0.5036975260
1.7209825390
-0.9666488988
-0.2544620465
-0.8637015383
1.7530029609
-0.4919969487
-0.5490778040
0.4627843911
