15 3 0.04
24 0 4 1 3 1 4 2 3 2 4 2 5 2 7 3 2 3 3 3 4 3 5 3 6 3 7 4 3 4 4 4 6 4 7 5 0 5 1 5 2 5 3 5 4 6 3 6 4
26 0 4 1 2 1 3 1 4 2 2 3 1 3 2 3 3 3 4 3 5 4 1 4 2 4 3 4 5 4 6 5 0 5 1 5 2 5 3 5 4 5 5 6 4 6 5 7 5 8 5 9 5
15 0 1 1 1 1 3 1 5 1 6 2 0 2 1 2 2 2 3 2 4 2 5 2 6 3 2 3 3 4 2
4 6
2 4
4 2
0 0 0 0 0 0 0 0 0 0 0 0 0 0 0
0 0 0 0 0 0 0 0 0 0 0 0 0 0 0
0 0 0 0 0 0 0 0 1 0 0 0 0 0 0
0 0 0 0 0 0 1 1 1 0 0 0 0 0 0
0 0 0 1 0 0 1 0 0 0 1 0 0 0 0
0 0 0 1 0 2 1 2 2 2 1 0 0 0 0
0 0 1 1 1 2 2 2 1 2 2 1 0 1 0
0 0 0 0 2 2 1 1 2 2 1 1 1 1 0
0 0 0 0 1 0 0 0 1 2 1 0 1 1 0
0 0 0 0 0 0 1 1 1 2 1 0 0 0 0
0 0 0 0 0 0 0 0 0 2 1 0 0 0 0
0 0 0 0 0 0 0 0 0 1 0 0 0 0 0
0 0 0 0 0 0 0 0 0 0 0 0 0 0 0
0 0 0 0 0 0 0 0 0 0 0 0 0 0 0
0 0 0 0 0 0 0 0 0 0 0 0 0 0 0
-0.4172504867
-1.3353609709
0.8355866328
-1.2864031748
-0.4175756812
-0.1684368455
0.5513837540
0.0763968335
0.2927150085
-0.8763429139
0.3148741173
0.1240183907
0.1910329190
-0.4141070476
2.1089113029
0.3749112676
-0.2623046778
1.4753983424
0.1048552527
0.3109826647
-1.7887684901
-1.3130664001
-0.2984015791
0.4829769330
0.7120773089
-0.3666063966
-0.2258574004
1.4537511169
-1.5964421280
0.2004273553
0.9314078912
0.4574540625
-1.7644454862
-0.9934671117
-1.3681559421
0.1233832232
-1.5489554741
-1.2384447017
-0.1432156587
-0.4359401141
-0.2180599395
2.4692154130
1.2591338422
1.1444269248
0.0972444652
-0.7327214738
0.0447792995
0.6852975805
0.3195925971
-0.8966073211
-1.7715946819
0.1822118661
-0.6890978187
2.0140286274
-1.1344683695
-1.8313593789
-0.8679536309
-1.2520879042
0.1088055451
-0.8450938544
-0.4211351278
0.7135616737
0.2695759480
-0.0895904165
0.4774359241
0.0339302636
-0.8878197222
-2.5054252246
-0.0659921539
-0.7149765101
-0.4310803410
0.6186761204
0.6410419981
-0.6846576897
2.1339536182
-0.2013220598
0.2532542908
0.2338176874
-0.8956538212
-0.2243085599
-0.6170753498
0.5407768732
-0.1368313406
-0.7271807304
-1.6307458494
0.4396512204
-0.1762670018
-1.1520747405
0.9911186491
0.6008269878
1.3269250720
-0.2492825649
0.9131105867
1.0134611544
-0.0348139667
0.2394798098
-0.7641564646
0.3897164174
0.9733619175
1.8865522991
-0.7460294466
-0.6964252552
-0.0026050380
0.6124753857
0.5792328010
-1.1613328796
-0.0052178503
-0.0826197049
1.6694470129
1.6414819390
0.1590248393
-0.1556613811
-0.3225644711
-0.0947310829
-0.8034044380
-0.2532089088
-0.9608816396
-0.4059180864
0.5005336599
1.8623563458
-0.0990052532
2.6204300633
-0.7969570170
1.9426780768
-0.0067201317
1.2780005185
1.8019723368
-0.8433005231
1.7841213023
-1.0072584892
1.8982089322
-0.5038518550
0.1530541247
-1.1679866304
-0.7239494004
-0.0189006790
-1.1918351873
-0.2972724554
-1.0372132310
-1.4153564974
0.2445615375
0.8849320905
1.3136824947
0.7653649501
1.0342004918
-0.1003250686
-1.4965638662
0.5338145900
-0.6220785333
0.2905971904
-0.3367208263
0.8147392686
0.2965415953
-0.0198739199
0.7359744316
0.2935308386
-0.2632293620
0.9356843207
-0.2929694867
-0.7559277804
0.0084325707
-0.1023995758
0.7760723192
2.2086586418
1.4187051049
-0.9713517966
-0.6032162246
0.9009640883
-0.5143202634
0.6075254174
-0.0510706920
0.2771875313
-0.0452829346
-1.2096228320
0.3098459825
0.9636139893
-1.4234008001
-1.5632530505
0.5217355444
-0.9403971597
-1.8171735360
-0.2455593091
-1.2033272809
-0.9715181147
-0.2157347556
-0.4034151224
0.8493263300
0.1287398374
1.4721889174
-0.3344691711
-0.1942258943
-0.9720664297
0.4383404360
0.1521465677
-1.3277802418
-1.3485537301
-1.1407874140
0.9256336082
-1.4912034353
-0.0986676677
0.3851231040
1.1205043743
-0.6918210941
-0.6798761550
0.4869824108
0.4071667356
-1.2861237546
0.0111594192
0.5064673629
1.1862557770
-0.3040430208
0.4891795172
-2.1163515719
-1.9570949718
0.0084376142
0.0586680910
-2.2196423466
0.7498404311
1.5217032892
-0.4413096111
-1.4208690595
0.5200619156
-0.0670986152
-0.9180546805
-0.4910546069
0.2763176334
-0.1615533714
-0.9282135198
0.0499250256
-0.2323927061
-0.6438764233
-2.9490529031
-0.3718149902
0.2750281487
1.0570504562
1.5718146058
0.2928392828
0.9081146633
0.4331099006
-0.9846895564
0.6085796881
0.5399770735
1.1152022493
3.0662383674
0.4817968571
0.8623446588
-1.0728928502
-0.0741029026
0.4344382188
-1.1793139215
0.6716290919
1.0771581876
1.1004379582
-0.3282191087
1.4283208266
-0.4954220208
-0.8277355070
0.7570394983
-1.6269064204
1.3598740958
0.2526283776
-0.9829191544
-1.6758916331
0.1143803224
-1.4109275724
0.2672006845
1.4433241407
0.6819546706
-1.3979529496
-1.4443297890
0.3241490921
1.4059037296
-0.5500393183
2.1986181421
-0.4378652194
-0.8085818811
-1.8871269270
-0.9676235855
0.1700822895
1.8524202478
0.1380317807
-0.1951357532
-0.0638598406
-1.1262635367
0.6446299346
1.3112098809
-0.1479357862
2.0732311482
-0.6763656889
0.1006230440
-1.4383648509
-0.5119152138
0.7351606520
-0.0864480757
1.7528502722
0.2368522255
2.0215650142
-0.4387438243
-1.5562834231
0.2309276368
0.6882754092
0.4253183654
0.4632885884
-0.8606628177
0.9070672632
-0.8374601917
0.2690145014
0.9219908885
-0.2254468680
1.0682450632
0.5591077065
1.3377616237
0.0395897259
-0.0128883760
0.1043169605
-0.3043683781
0.9045235045
-2.0788907868
1.4818982220
-0.5951977542
0.3964299008
1.6513329623
1.1376737664
0.3420495924
0.8198200118
1.1481828932
0.1484811750
-0.0012031665
-0.1826741522
-0.2697163209
-0.6831347126
0.2047483088
-1.0943686629
0.0726083793
0.7031368068
1.8404478503
0.8686292735
0.7025128715
-0.0210919006
-0.1059932882
2.0851773292
-0.6439803669
-0.9267376895
-0.9690617519
-1.1307026450
0.2228713897
0.5335300516
-0.3509763945
-0.9047852265
-0.1587832783
-2.0388096259
0.3972760291
-1.1428805778
0.9477713832
0.9093949375
0.4660670889
-0.4728333703
-1.1058699625
0.1812136564
0.0637383536
-0.1184067189
0.9819231084
1.6113712665
1.6625955940
0.4937284342
-0.0099958756
-1.4683191525
-1.3112919174
0.5249204474
0.2187683619
0.1101028356
0.0620480351
0.8204455625
-0.4684575128
0.9735853778
0.3967166032
-0.6247143740
-1.7843128315
0.7484272167
-0.4132779420
-0.0551563737
-1.1658018911
-1.0059576178
-0.2485477016
-0.1550410802
-0.6179790458
-1.6247751168
0.7609949635
0.7394816318
-0.6351144408
1.4463905152
0.8371669579
-0.2495697898
1.2006328875
1.7682251526
0.7342770572
-1.7795280563
-0.2126884459
-0.2162680480
-2.0788393922
-0.1002895694
0.3514487278
-0.5990886375
-0.8879889255
3.0298717792
0.2308679035
-1.0089610900
0.2675460961
0.4199982747
1.6102792101
0.3173280098
1.2165432937
1.0199768560
-0.5720109773
-2.2223860748
-0.1171007972
1.5644366082
2.3949205197
-1.2906051587
-0.1257525446
-0.0956762856
0.5945645010
1.0231921096
0.0332235762
-0.3265042145
1.8060317736
0.8248866324
-1.5562978788
1.3744079017
0.1367601415
1.1590761583
-2.4487735736
-0.4974827589
0.3306767613
0.7817366841
1.0624809959
1.7179619666
0.8932806752
-0.0478193707
1.4226383482
1.0411811511
-0.3949834203
-0.5527610009
0.6003242452
-0.6427168991
-0.6092572590
0.8808834790
0.5337022917
0.8904990373
-0.1539038419
