15 3 0.14
11 0 0 1 0 1 1 1 2 1 3 2 0 2 1 2 2 2 3 2 4 3 4
41 0 4 1 4 1 5 2 3 2 4 2 5 3 2 3 3 3 4 4 1 4 2 4 3 4 4 4 5 5 2 5 3 5 4 5 5 6 0 6 1 6 2 6 3 6 4 6 5 7 2 7 3 7 4 7 5 7 6 8 1 8 2 8 3 9 0 9 1 9 2 9 3 9 4 10 0 10 2 10 3 10 4
43 0 4 0 7 0 8 1 2 1 3 1 4 1 7 2 2 2 3 2 4 2 5 2 7 2 8 3 3 3 4 3 5 3 6 3 7 3 8 4 3 4 5 4 6 4 7 4 8 5 1 5 2 5 3 5 5 5 6 5 7 5 8 6 1 6 2 6 3 6 4 6 5 6 7 7 0 7 1 7 2 7 5 7 6 8 2
2 10
4 5
6 2
0 0 0 0 0 0 0 0 0 0 0 0 0 0 0
0 0 0 0 0 0 0 0 0 0 0 0 0 0 0
0 0 0 0 0 0 0 0 0 0 1 0 0 0 0
0 0 0 0 0 0 0 0 0 0 1 1 1 1 0
0 0 0 0 0 0 0 0 0 1 1 1 1 1 1
0 0 0 0 0 0 0 0 0 1 1 0 0 0 1
0 0 0 0 0 0 1 0 1 2 2 0 0 0 0
0 0 0 0 1 1 1 1 1 2 0 0 0 0 0
0 0 0 0 1 1 2 2 1 2 2 0 0 0 0
0 0 0 0 0 1 1 2 2 2 2 0 0 0 0
0 0 0 0 0 2 1 2 2 2 2 0 0 0 0
0 0 0 1 1 1 0 2 2 2 2 1 0 0 0
0 0 0 1 1 1 2 2 1 1 0 0 0 0 0
0 0 1 1 1 1 1 2 2 1 0 0 0 0 0
0 0 0 0 1 1 0 1 1 1 0 0 0 0 0
-0.0807745107
1.5959711498
-0.3484164051
0.8523025682
-0.1978778604
1.2068952075
1.5687298144
0.5411415475
0.5272011358
-1.5326551418
-0.2842064191
-1.0629692833
0.6836187015
0.0945506722
-0.2207400802
1.0770285660
-0.8053634078
1.0044046235
-0.7364331991
-1.4962339367
-0.0781344931
-0.3579498604
0.5281565314
-0.5363896266
-0.3151316709
0.8484252686
1.1561040650
-1.2800241360
-1.2905123868
-0.5201545884
0.2843310585
0.1437846934
0.3510409717
-0.4318656107
-0.1525721497
0.7129516709
-0.8558247864
0.3143026861
-0.2441541710
1.2388515339
-2.6223454188
0.3667827105
-0.4554263088
-1.2030519031
-0.3472741546
1.3933836130
0.8496387671
0.0886986052
-0.6604839346
2.0486983418
-0.0095049457
0.8415802784
0.1560551878
-0.7978637894
-1.9928052157
-2.3369017064
1.3304987495
-0.6232695491
0.1030693909
0.1180708467
0.5855741706
1.6764953924
0.8960572985
-1.0626325639
-0.8001858734
-0.4136842618
0.6214617967
-0.2395635517
0.6241473005
-0.1680368565
-0.1483323324
0.5287997948
1.5763356965
-1.4972402331
0.4399591619
0.3476564554
0.4895696669
0.1956108119
0.1927836940
0.2465060628
0.8975249769
1.4449750429
-0.1705265788
1.5382276564
0.0194971552
0.3613011800
0.4276500605
-1.2379051636
0.7634880830
-1.2894048978
0.1686682268
-0.1454268053
1.4567460474
0.6199615923
0.0491894981
-0.5774438939
-1.2313192548
-0.9317222504
1.5073332287
0.3208238373
2.5181836137
-1.1694727552
-0.3599823557
-0.2773967401
-0.7304442974
1.5614861217
0.6634877707
1.4283957272
-0.8633500876
-1.0337804088
0.9547848269
-0.3166615423
-1.6675201592
0.4457822204
2.4359325328
0.6179134212
-0.3957512324
-1.7609668007
1.7362472763
0.1333848423
0.5426680415
-0.6193289189
0.6725629560
0.9901132750
-0.6208421030
-0.7645849508
-1.1529124513
1.5450418263
-2.4014155927
-1.1141284274
-0.4274842468
0.1649426063
0.5736528403
-1.0507589563
-0.6978692679
-0.0428510432
-0.0196466923
-0.8062744701
0.7844411037
0.3681547105
1.3830757977
0.6070587481
-0.5846313302
-1.2807898258
-2.0568492669
-0.8377748678
1.5551783638
-0.8993308560
-1.3968002517
0.3218148386
-0.3181258087
-0.4682125738
-0.0856705472
0.1915339649
0.7914595323
-0.8499284653
-0.2671459184
-2.0255263069
-1.3615621746
-1.6870719088
-0.7158490205
-1.5261152126
-0.1037625612
1.4918491633
-1.7478651044
0.6951947803
-0.2669495639
1.8054341166
-0.3886809265
0.7164905799
0.7249023280
-0.0337826618
1.1371747893
0.0521117018
0.4056978183
0.2762700277
2.3283058836
-0.9689091280
-0.6539666421
0.1958575443
0.7795388402
0.3995715051
0.5336415401
-0.1573873099
0.1458228774
-1.2875911891
-0.2767811191
-0.2440812060
0.4161035213
-0.8332784102
0.2470112963
-1.2014725571
-2.0235132100
-1.3188293163
1.4713797751
0.3162840465
0.9686004897
0.0694082692
-0.5521698172
0.1817308774
-0.8932981744
-0.4479864611
-1.3118637170
0.1474506221
-1.1776373492
1.7728794266
0.6934297421
-0.9296330426
-0.8193864425
-0.2315417868
0.3802290824
-1.2002630346
-1.2757757123
-0.3972251519
0.8657407608
-1.9360908879
0.3104952470
-0.0122796065
-0.1061282924
0.1437340321
0.1826303852
-1.0287630327
1.1313880143
-0.3791300142
0.1564742051
-1.0915488940
0.4954021544
0.7053705706
-1.0547431721
0.8170305689
-1.3921669207
0.5890407488
-1.6280244560
0.0736466116
0.5235380383
-0.1769201856
-0.4004750881
0.0811755736
-1.7295793234
-0.7827199495
-0.3318692660
-1.1851434739
-0.6146005913
0.7506485714
-1.4693714220
0.6496213003
-0.4615510347
-0.6132030591
-0.7541517412
0.9503714310
-1.8335871268
1.6296078358
1.1949126193
1.1043335444
-1.1975913396
-0.1474783714
0.0537232489
1.0816546756
-0.9238773008
-0.3341577160
1.4043919540
1.1748324830
-1.3536968231
-0.3461104676
1.1285986015
0.6955321032
-0.9063720161
-0.9468083558
1.6474064451
-0.4858126794
0.9861901878
-0.4948443990
1.1274389735
-0.2312689897
-1.0958215629
-0.9378234138
-0.1100709073
-0.2346960531
-1.1504564508
0.8264996853
-1.5625987290
0.5120909200
-2.2555651287
0.1026370114
-1.8547122638
-0.7877148825
-0.3178559474
-0.3017783893
-1.4679720344
0.0730588644
-0.3966119411
-2.0230441307
-0.4375729725
0.2273599486
0.7086620963
0.8347182966
1.4165351240
-2.0594009341
-0.4164324908
1.5530174042
-1.6583437805
-0.0196069817
-0.9749421018
-0.1006357013
-1.3617208945
2.6519043480
-0.6066992241
0.2572787956
-0.5318723973
1.2095328280
0.9017544659
1.0420171477
-0.8608435908
-0.0153615544
0.8132113929
-0.7348522030
0.6103645516
-1.4238886093
-2.3065590554
0.8626782519
-1.4486625136
0.7536150108
-0.3066721600
0.1671846762
0.1651355645
1.4786754260
0.8877142123
-0.3886545981
-0.4513807120
-0.2204251498
-0.5220892382
-1.2836092259
0.6196864257
-0.4148622383
0.2617698586
-0.0605602425
-1.6737857705
0.6069997079
1.1221054418
-0.1017585327
1.6260357020
-2.1123519072
-1.6498795215
-0.8650838074
-0.8413644100
0.3216747217
-0.6673588298
0.2037324406
1.0755514470
0.6237531967
0.9196221278
0.1972347600
0.2394379164
0.6047955637
-0.9401042271
0.7545204310
-0.2930887447
-1.3170723929
-0.2739865854
-0.8557225583
1.0947133015
0.4295153037
-0.4608589934
0.5814248770
0.8703110878
-0.6955819486
0.5185567586
0.4156466142
3.4013958506
-0.8983696585
-0.9707154699
-0.2387174342
0.2868808867
0.3836438577
1.1208488173
0.1311393966
-0.0415045397
-1.2705876882
0.2284918058
1.2734913361
-1.6805269493
0.8471331888
1.3172770597
-0.2004643034
-0.0767325721
-0.5902116468
1.4953534410
0.0045393511
-0.3762158442
0.1055410408
-0.8581625013
0.0917154225
1.9947767948
0.6709782579
-0.3796482024
-0.6223823104
1.1504803198
0.9736440757
1.3932723171
-0.5535958880
-1.5174530908
-0.1044484910
0.1566375933
1.4559040265
-0.8309601763
-0.1292033184
-1.0954861280
-1.2036235090
0.6086344374
0.8319430572
-0.8809057344
-0.1426579155
2.0096767756
0.5822399787
0.2132484649
0.3875292222
-0.8279955013
-0.6696078117
-1.3222093838
0.0363572431
0.7025315374
-0.9367991168
0.1600242917
-1.8494886806
-0.5840583504
1.4568284903
0.9345209298
-0.7027118919
1.1191775822
0.3328932261
0.5238072800
1.4741234303
0.7026580706
1.4474651285
1.9329669531
0.2304005041
-0.7529093966
0.6965656643
-0.8425359099
-0.4992256893
-0.4761955365
-0.1138425022
-3.1979013438
-1.5110171834
0.5081057658
-0.4023008567
-0.7891654738
0.3519397874
0.5682086182
0.7589301606
