15 3 0.19
27 0 4 1 3 1 4 2 4 2 5 3 0 3 3 3 4 3 5 3 6 3 8 4 0 4 1 4 2 4 3 4 4 4 5 4 6 4 7 4 8 5 0 5 1 5 2 5 3 5 4 5 5 6 3
30 0 2 0 3 1 0 1 1 1 2 1 3 1 4 2 0 2 1 2 2 2 3 2 4 2 5 2 6 3 0 3 1 3 2 3 3 3 4 3 5 3 6 3 7 3 8 4 3 4 4 4 5 4 6 5 4 5 5 5 6
33 0 2 1 2 2 2 2 3 2 5 3 2 3 3 3 4 3 5 4 0 4 1 4 2 4 3 4 4 4 5 5 1 5 2 5 3 5 4 5 5 5 6 5 7 6 1 6 2 6 4 6 5 7 3 7 4 7 5 8 3 8 5 8 6 9 5
1 0
0 5
2 7
0 0 0 0 0 0 0 1 1 0 0 0 0 0 0
0 0 0 0 1 1 1 1 1 1 0 0 0 0 0
0 0 0 1 1 1 1 1 1 2 1 1 0 0 0
0 0 0 0 1 2 1 1 1 2 1 1 1 1 0
1 0 0 1 1 1 1 0 2 2 2 1 1 0 0
1 1 1 1 1 1 1 1 1 2 2 2 1 0 0
1 1 1 1 1 1 0 1 1 1 1 1 1 0 0
0 0 0 1 0 0 0 0 1 1 1 1 1 1 1
0 0 0 0 0 0 0 0 1 1 0 1 1 0 0
0 0 0 0 0 0 0 0 0 0 1 1 1 0 0
0 0 0 0 0 0 0 0 0 0 1 0 1 1 0
0 0 0 0 0 0 0 0 0 0 0 0 1 0 0
0 0 0 0 0 0 0 0 0 0 0 0 0 0 0
0 0 0 0 0 0 0 0 0 0 0 0 0 0 0
0 0 0 0 0 0 0 0 0 0 0 0 0 0 0
-0.4796339250
-1.1246133060
1.4496857781
-0.2163080233
0.0964961319
0.8953616946
-0.8500855166
1.4288576917
2.7062500672
-0.2714588366
-0.0337197084
-0.2300334526
-1.0039662357
0.3839100430
-0.7079546554
0.3632476496
0.3253187385
0.1707869770
2.0894683140
1.7402096639
0.4977792452
-1.2615306232
-0.3364532409
-0.2379054406
0.1733625070
-0.6818688657
-0.2608638611
0.5404913804
1.1531652444
-0.4265840763
-1.2339324730
-0.3019135755
0.1619451416
-0.2892716401
2.8222128029
0.0470890607
-0.4464623643
-0.3782102271
1.0632021365
-0.2950558454
0.4850530092
-0.0144453878
0.6366496906
0.4967290959
-0.5535664494
-0.6246761974
-0.4316286936
1.6937443782
-0.2134506935
0.7780758459
0.6599307760
0.0804784453
-0.2409104585
-0.6612955821
0.2996224171
1.5730714303
0.4925560686
0.3307514128
0.1840244153
-0.2982516316
0.5972043965
-0.3206663960
1.0982834287
0.4583525679
-0.8058907410
0.1922013983
-0.1650678736
1.1236388733
0.6049725456
0.5615919975
0.1135224752
0.9641460540
-1.2040902003
-0.7980910596
0.6437972655
-0.1274927341
-0.8830240051
-1.6558334044
0.3147140365
1.1802510654
-1.1002110869
-1.3346405100
-0.9133561059
1.3008766559
-1.4247741591
1.6633322850
-0.6473729256
-0.0417150760
-2.7743702628
1.1190162360
1.1129259457
-0.3045736790
1.0870569610
0.4176937721
-0.4251408842
-0.2959217314
-0.3778522783
0.1296452008
1.4558410008
-0.1638808981
0.9527160048
0.2432733748
-0.0647897449
-0.4893320691
-1.7546091856
1.0606905587
1.7372471477
0.4581698691
0.5341899291
-0.8724465510
-0.6450734287
0.6254611848
0.5467183257
0.0825532753
1.2313472967
-1.4888871949
0.9473517348
-0.0063452199
1.0745135879
0.7993292200
0.3569660948
-2.1620251662
-0.4256049699
1.1936272397
0.1998389312
1.3994012303
0.2283132216
-0.0716241711
-0.3786213550
-0.0340350381
0.8296305172
0.1408697541
0.6158454453
-1.0117209359
0.6619211197
0.3844583280
-0.2961042223
-0.1344163296
-0.6639428048
-0.7887091079
1.3463492989
-1.0929989355
1.7345249637
-0.2257811037
-1.1001215374
-0.0416475015
-0.0496543868
-1.9567339123
-0.4145903223
-0.8438517161
1.1940694003
-0.3650855132
-0.1165728646
0.5495627858
-0.6198744820
-0.5567890116
-0.8551858230
-1.0494505685
0.0363278778
1.7353645511
-0.3124024609
0.8636246542
0.1659392514
-0.6748197289
0.4495804409
-1.9576407429
-0.7552621856
-1.9376076822
-0.1940899874
-0.5006883974
-1.1280818701
-0.7822666866
1.8294484535
1.9941009898
0.5351204694
1.2647514884
-1.0500515423
0.6812633477
-2.0589196129
-1.0171942323
0.2111980741
-0.8107467654
0.0128126401
1.7194085852
-0.2214413948
-0.7046762717
-0.7347000972
0.6956515909
-0.4179520361
-0.7752593791
0.7346534739
0.6865805958
-0.1452630819
0.7044049593
0.8296655831
-1.0555580241
0.3613912614
-0.5047670070
-1.1194165813
0.6671143145
-0.2321751833
0.6420084833
0.6007995063
-1.2191350416
1.1763067361
-3.0088355700
-0.2615071510
0.8805509029
1.2522955191
1.6943569100
1.2004730341
-0.8550730617
0.2311477550
1.6998055968
-1.5684216545
-0.4989824231
1.0907693290
1.2217960982
-0.9249626316
0.3755584535
0.3757062102
-0.3144479346
-0.6739125420
-2.1072411117
0.3051108165
-0.1088409547
1.0253873795
-0.2869654268
-0.8193261525
-0.5290745808
0.5976466027
-0.3755624270
0.0541553302
0.4816190711
0.4903574649
1.5119273818
-0.9422830845
0.6190356301
-1.5110148213
2.0316153554
0.4097284128
0.6730585982
2.2987268917
1.5732680033
0.0661297846
-0.5715604953
1.1115904705
2.0291139452
-0.2371766499
-1.3897872739
0.0429821742
-1.7648612569
0.6270699037
-0.4795801852
0.1265191168
-0.7017526769
-0.0896663243
-0.1832772754
-1.5711412524
-0.0186535594
0.1760880487
-0.2840969128
-1.0580105026
0.0313694342
-0.6834423958
0.2552117389
0.2767904775
-0.1235342695
0.2805876552
0.4333304012
-0.9178431111
-0.8570638013
0.7437792097
-0.8549811905
-0.2470829556
-1.1053696359
0.4430246830
1.4910820372
0.6176477152
-0.1810301198
0.4856744100
-0.8830059243
0.5796682296
0.3028113266
0.6944424448
-0.2720089288
-0.8926180063
0.4264241936
-0.9293628380
1.3115699532
0.0031002106
-0.7255088948
1.7062440504
0.1473473972
0.2120160092
0.4411185113
-1.2526169005
0.0413107060
-0.9359229775
0.1288597271
0.2488054493
-1.4853507814
1.5522406813
0.8321012613
0.9716229897
-0.7331156767
0.6023753675
2.1706594187
-0.5543554263
0.5104182658
-1.1764519476
-1.4538786343
-0.6911845367
1.3164017337
0.3233057279
0.1671629285
-0.7097449285
0.2254914615
-1.0664005416
-0.8170975365
1.4258798328
-0.1391968897
0.6035406401
-0.7082326306
0.3736026427
1.1772535570
2.6334438657
-0.7175930276
-0.7123307047
-0.7791505389
-0.3122872626
-0.0069114397
-0.6335558683
0.5007715348
-0.6615402724
0.9008118129
-0.2491779325
-0.9334362785
-1.4333689597
-0.6310421335
0.6365645412
-1.2104271266
0.6052112856
0.7285536250
1.3176786434
0.9564454529
-1.0903471103
1.8714214476
-1.2614470229
0.5738443319
0.3218209852
-0.9493316452
0.7193513876
-0.6633288971
-0.7815110032
-1.1828160508
0.7748654371
0.1207208881
-0.3830912992
0.0442062004
0.7020951670
0.3967840788
-0.4471717421
0.9482282939
0.0713150730
-2.1337212186
-1.0900177795
-0.5939674865
0.7721550353
-0.3707004288
0.7114348488
-0.3128292131
0.2830157155
0.3600957886
0.1161306938
-0.9800416380
0.6772561869
-0.1021077910
-0.5470777148
1.5643819544
0.9424778839
0.9186778561
-0.3677863567
-0.3664549868
0.9694118752
0.3862080123
-0.2111284140
0.7335669497
0.0988174241
-0.6693963622
1.1323975339
1.2526140100
0.7049991769
0.0559786912
0.6215453115
1.0102845260
-1.7454620387
-0.3103120833
0.4953907831
0.4318917605
0.4324458300
0.1881587309
-1.7898665964
1.5282993663
0.3897512985
1.6906857692
0.2365244761
1.4057017034
1.7033652525
0.1975306681
-0.4175472393
-0.4505210210
-0.6825502383
1.0319715187
-0.6175285375
0.2699191516
1.2566898819
0.1726672814
-0.4630713072
0.1442223836
-0.6950246915
0.5216924032
-0.1723329706
1.2332990890
-2.1163131989
0.6482759576
-0.8918081714
-0.2935469924
0.1839355374
-1.8167368126
0.9230248887
-1.5035067648
-1.2867366434
-0.1614906770
-3.1438529932
-0.6703101446
-0.3104193301
0.5050060307
0.7461450849
1.0071161118
-0.4327359534
-0.6715262772
-0.7231357555
-0.3797596408
-0.2331163356
1.5143568463
2.9555337746
0.5827518161
-1.4329796511
0.0956230483
