15 3 0.03
31 0 1 0 2 1 1 1 2 2 0 2 2 2 3 2 4 3 0 3 1 3 2 3 3 3 4 3 6 4 1 4 2 4 3 4 4 4 5 4 6 5 2 5 3 6 1 6 2 6 3 6 4 6 5 7 2 7 3 8 2 9 2
31 0 1 1 1 1 2 1 3 1 4 1 5 2 0 2 1 2 2 2 3 2 4 2 5 2 6 2 7 2 8 3 2 3 3 3 4 3 5 3 6 3 7 3 8 4 1 4 2 4 3 4 4 4 5 4 6 4 8 5 3 5 5
29 0 6 0 7 1 1 1 2 1 3 1 4 1 5 1 6 2 1 2 2 2 3 2 4 2 5 3 0 3 2 3 3 3 4 3 5 3 6 4 0 4 1 4 2 4 3 4 4 4 5 5 2 5 3 5 5 6 5
1 6
5 1
0 4
0 0 0 0 0 0 0 0 0 0 1 1 0 0 0
0 0 0 0 0 1 1 2 2 1 1 0 0 0 0
0 0 0 0 0 1 1 2 2 1 0 0 0 0 0
0 0 0 0 1 0 2 1 2 2 2 0 0 0 0
0 0 0 0 1 1 2 2 2 2 1 0 1 0 0
0 0 1 0 0 0 1 2 1 2 1 1 1 0 0
0 0 1 1 1 1 1 0 1 2 0 0 0 0 0
0 1 1 1 1 1 1 2 2 2 1 1 0 0 0
0 0 0 1 1 1 1 1 2 2 0 0 0 0 0
0 0 1 1 1 1 1 1 1 1 0 0 0 0 0
0 0 0 0 1 0 1 0 1 0 0 0 0 0 0
0 0 0 0 0 0 0 0 0 0 0 0 0 0 0
0 0 0 0 0 0 0 0 0 0 0 0 0 0 0
0 0 0 0 0 0 0 0 0 0 0 0 0 0 0
0 0 0 0 0 0 0 0 0 0 0 0 0 0 0
-1.4124773576
0.0256757991
-1.4936558048
0.1475974547
-0.2471193658
-0.5908473230
-0.2896492526
2.8123733444
0.1674573588
-1.0275104965
0.9470244571
0.6388562303
-0.2333518644
0.6048724385
0.1850484855
0.5768985512
-1.4779095819
-2.0277789106
0.1266304618
1.5514697780
-0.6381718632
-0.0397640634
0.6101540647
-1.6803647711
0.8817901579
0.5900029343
1.5229242032
1.8379893971
-0.6680519337
0.9287096996
-1.3194002426
0.0378371272
0.0507052111
0.3447821774
0.5600013382
0.8427208301
-0.3017365114
-1.3523884779
-0.0017888088
0.4649891822
-1.2582223719
0.3913512938
1.4762241958
-2.0786071168
-0.7495777166
0.5519995896
0.0198849631
0.3543736550
-1.4273980762
1.1219180548
-0.7997100572
-0.8566397547
-1.2299151932
0.7943097185
-0.1919350983
-0.9889172054
1.0222611177
-1.3282882135
0.7322849846
1.6928388169
0.1889318854
-0.2154739411
-0.2306931777
1.5692714684
0.2154817910
0.6055542656
-0.9794675969
0.9562493598
0.4750948435
-1.5823857444
-0.9022161170
0.6300275220
0.7171474664
-0.3605678400
-1.9489147001
1.6530705400
-0.5095346768
-0.2303741245
0.8075939191
0.6425330678
-0.0156609335
-0.1116515020
0.9206564136
-0.3936193084
1.4198862792
-2.0893287878
-0.1498135349
-0.5085560537
-0.6029314694
2.4271943038
0.2031780106
1.8712985991
-1.8538814390
-0.8481144309
0.1448739420
0.2433824841
0.7719935731
0.6725078120
0.4171125983
1.4046594057
1.4490247098
3.2374097185
-0.9515921138
-0.5170994070
1.7406910716
0.8581360703
0.1617740030
1.3010445150
-0.5086970693
-0.4767399321
-0.5105722495
-0.4023276791
0.2646100482
-1.1103105248
-0.5726358674
-0.3709944420
-1.7220908480
0.6764674890
1.0306649263
-0.7540472796
0.4513586678
-0.0755006431
-0.8400536066
0.5308616102
0.4434787115
-1.1049050764
-1.3230468183
-0.6276499700
-1.4968596597
-0.0111419996
0.4978472242
-1.0128657156
0.0736336864
1.3159317781
0.8134278961
-1.3079815898
0.6122809512
-0.5970615548
0.8287970057
0.7270521345
-0.5280183418
-0.1574148222
0.6212742872
1.2682993674
-1.2025339635
-0.2862343815
-0.3121425639
1.2739177818
0.1892190476
-0.8555263925
-1.6542065042
-0.9291845828
-0.0721636826
1.0649512612
-0.6339425846
-0.4958290452
1.2024543242
0.4911411254
-1.2065065315
-0.0927062107
1.0006672653
0.5549618192
0.8386065313
-1.3548603462
-0.1562930332
0.2869963699
2.4735556457
-1.2907778006
0.0832335504
-0.3658144946
-0.1427047145
1.3099081067
0.3755423642
2.1346010783
0.8600402701
1.4832336177
-1.0273251315
-0.3118164054
0.6404115774
1.7897117077
-0.6550968390
-0.7739006158
-0.0678252398
0.0907450891
0.4500218560
-3.0756829118
0.1678721289
0.5389712501
1.2289782579
1.9351230201
0.1316730536
-0.8797546612
0.4213670980
0.4311482086
-0.5099035899
0.3673557093
-0.6953115974
-0.1207824607
1.0962677148
0.4975923475
1.1912789041
1.5495227708
-0.2470068806
1.1584354318
0.1824556551
-0.0424966936
0.7949866529
0.2834559326
0.3339601779
-0.3090669185
0.0052536368
-1.7456404265
-0.2491478496
0.4292307380
0.9075438649
0.0949551161
-1.1825816984
-1.7436762622
-1.9529580847
-1.3676194807
1.2776881953
-1.2193346892
0.9142587567
0.5714817832
-0.9302645202
-0.5272407568
0.3314696007
0.7149724423
-0.9923504176
-1.2495234906
0.2531987563
-1.1968149180
-1.4654087563
0.1890957673
-0.3472711863
0.2557030356
-1.1597116162
-2.3438991768
0.0507569799
-0.6302249623
-0.3480727268
0.8936676104
-1.2775229916
0.2510715719
-0.1405460972
1.0421114895
0.0505540416
1.4325050824
0.4739328246
1.0071374908
1.7978672684
-0.2883459290
-1.2607698376
-1.0544454813
0.4573830722
-1.0047670902
-1.1707879384
1.7642404262
0.9279962615
0.9130252239
0.8598460702
-0.7399485397
-0.9949336868
-0.1054906657
0.7215186600
-1.4301790904
-1.5338205104
-0.7549267260
0.1453309281
-0.4563413423
1.0001313604
0.0035363114
1.4186520827
-1.0960194264
-0.9215139712
0.2530765653
0.8543666413
0.1746032311
0.4802866480
-0.0469784825
0.3271733256
-1.8004766967
1.1637482946
0.0012942136
-1.1758538498
-0.6650381980
0.1948694017
2.4013569966
-0.5065481850
-1.7317350508
0.1411966016
0.6957964675
0.1613321811
1.9777006448
0.3385438352
0.8695822582
1.2782816278
-0.4006304037
-0.2466285706
-0.2491711012
0.5214227510
-1.2458917018
-1.3980377139
-0.5430646606
-1.3704575636
-0.4659430168
-0.6775415552
0.5146456412
-0.6948633656
2.6391039375
-1.7352927677
-0.4724138125
1.4145573630
-0.2029143230
-0.5997841584
0.6789707755
-0.3811739209
-0.8729557617
-0.3705742191
1.2662383665
0.9329761515
-1.3107228144
0.0849813899
0.2259959156
1.2028964152
0.1630211956
-0.6833176800
0.6686609319
0.5687209432
2.4913764392
-1.2802051572
1.0237168709
1.3050322649
-0.8070330778
0.4187748120
1.0913069033
-0.7927482243
-0.0653289385
1.1192162146
-0.3916359373
0.1545794516
-1.5012871524
-0.7594694252
-1.3211924211
0.7190771178
-0.7200530406
0.9537027241
2.4960392465
0.6674211731
1.0633767381
-0.9894098645
2.1739472086
-0.3795076128
1.2888365097
-0.5935028629
-1.1515931574
1.0073908143
0.9244159572
-0.6418052025
-0.5704964483
-1.8619690734
0.9569632655
-0.6847724789
-0.8737172751
1.1736737531
-0.2429054733
-1.6851578671
0.0524916644
0.2699286621
0.2211430490
1.0408951804
0.3301384410
-0.7598966713
0.1080951606
-1.4013563681
-0.1029823139
0.5574328416
-0.3303914659
-2.3130340021
1.0649925357
1.5413512523
1.5819247417
1.4011894366
-0.0521660831
-0.2988640032
1.0284264758
-0.3365051428
-1.1623497783
0.4316961166
0.3353769232
-1.2371667191
0.2996984189
-0.7132298252
-0.7098967986
1.5867900205
0.6873956077
0.9149548472
0.1344284966
0.8874262487
-1.6332828525
-0.7486342818
0.6982663846
-0.7950058519
0.3403328293
1.3360156153
-0.1043569626
-1.0314399563
0.9169310859
0.4646727766
-0.2303453514
-1.1370458589
0.1135059237
0.4198731776
0.1304098882
-1.0573382201
-0.1351550474
-0.2580785829
0.2660316518
-0.1896573114
0.0152129441
0.2175037045
-1.4531702431
2.1200924783
-1.9659577629
0.0524527180
-1.0874857380
-1.6903751439
-0.4704643114
0.6178983622
-2.5546087849
-1.1786941430
0.9345276255
0.1160857137
1.3107020544
-0.7883830935
-0.2289895965
1.4343506667
-0.3637865204
-0.6588170371
-1.1256796105
-0.5336403271
-1.0375390627
0.3650896870
-0.8672675371
-1.5710453852
0.3419279758
0.9542996870
1.4612975765
-1.3854549607
-0.2083276137
