15 3 0.06
17 0 1 1 0 1 1 1 3 1 4 1 5 2 1 2 2 2 3 2 4 2 5 3 2 3 4 3 5 4 1 4 2 4 5
20 0 1 0 2 0 3 1 2 1 3 1 7 2 2 2 3 2 4 2 5 2 6 2 7 3 1 3 2 3 4 4 2 5 2 6 0 6 1 6 2
18 0 1 0 2 0 3 0 4 0 6 1 0 1 1 1 2 1 3 1 4 1 5 1 6 1 7 2 1 2 3 2 5 2 7 3 5
6 3
6 5
2 0
0 0 0 0 0 0 0 0 0 0 0 0 0 0 0
0 0 0 0 0 0 0 0 0 0 0 0 0 0 0
0 1 1 1 1 0 1 0 0 0 0 0 0 0 0
1 1 1 1 1 1 1 1 0 0 0 0 0 0 0
0 1 0 1 0 1 0 1 0 0 0 0 0 0 0
0 0 0 0 0 1 0 0 0 0 0 0 0 0 0
0 0 0 0 1 0 1 1 1 0 0 0 0 0 0
0 0 0 1 1 0 1 2 2 0 0 0 1 0 0
0 0 0 0 1 1 1 2 2 1 1 1 1 0 0
0 0 0 0 0 1 1 2 1 1 0 0 0 0 0
0 0 0 0 1 1 0 1 1 0 0 0 0 0 0
0 0 0 0 0 0 0 1 0 0 0 0 0 0 0
0 0 0 0 0 1 1 1 0 0 0 0 0 0 0
0 0 0 0 0 0 0 0 0 0 0 0 0 0 0
0 0 0 0 0 0 0 0 0 0 0 0 0 0 0
-1.1879753508
0.6144844830
-0.4706775446
0.0445264926
1.1943948063
0.7552078452
-1.0401859628
-0.6647601166
2.3526412299
-0.5687708344
-0.5169138647
0.4730437636
-0.3937906789
-0.4953515631
-1.1229703095
-0.6101110640
-0.9866492992
1.1232192733
0.5402926082
0.4903545236
1.0912972374
-0.7960406341
-0.9517651971
1.2548295308
-0.0044102003
-0.6245238213
-1.5817923127
1.0343062018
-0.5485503532
-1.2359896936
-1.4708099680
-0.1293124705
0.6265175916
0.2972606632
0.9569151286
0.8130581876
-1.1657451173
1.6862468362
-0.6553488803
1.9522084386
0.2004509587
-0.9308244779
-0.2795074141
-0.8734940112
-1.1621187102
1.0711569592
0.0674275126
-0.5948010939
1.1106214668
-0.6886582972
-0.9086805236
0.2727219704
0.4051328289
0.0023318593
-1.3555190357
-0.5147853589
1.3472299297
-0.2728140024
1.5147898726
-1.3676750964
-1.1622460646
-0.7111790545
0.6351661193
-0.8855339450
-0.5971058537
0.1839384827
1.5763230368
-1.0442662664
0.9792610284
-0.0740193062
1.1971091122
0.8530711231
-0.5117289624
-2.0724037097
0.8392205715
1.2146488180
0.2191362799
-1.6601990050
-0.8430261392
-2.6464757048
-0.1106289097
-0.6903368537
-1.6141022219
1.3339734368
-0.8882199878
0.4607198368
0.4164567958
-1.7166815192
-1.6703524391
1.5652055928
1.1448694895
-1.6118044765
-1.1198195444
0.5065636121
-0.9529877374
-1.4973358047
0.5969918826
-0.4703493172
-0.2949676424
1.1832547540
-0.9032441044
0.5616209283
0.7031845526
1.6843819238
-0.8391906300
0.2052910495
1.0230030212
0.2341634690
-0.0167243460
0.1097010232
-0.3903352870
0.6429210585
-1.2326456508
-0.0381065668
0.1422015913
0.1634586341
-0.3232425652
0.1045824157
-0.5963127211
-0.8628372608
-1.8119254601
1.4357890749
-0.3771303021
-1.9774225205
0.9956000122
-0.1795866498
-0.0477957044
-0.5191330143
0.2407173863
0.4036828635
1.5065303781
-1.7937986027
0.5702623409
0.4422682281
-0.6686367147
-0.2695306080
0.3765530992
0.2269424715
-0.9140595135
0.0414292722
1.3444385947
-0.0495481530
-0.1857458709
-0.7799148033
1.0947180730
-0.3084375523
-0.4805634551
-2.0382431625
-1.6952859374
0.4391374683
-0.3349303059
0.1925154990
-0.6541382137
1.0906345951
-1.7449543041
-0.0948419690
0.3499057111
-0.1642470391
-0.8583457817
0.7677767134
0.5370305514
0.2882108307
-0.5982273956
-0.2719131376
-0.6403567657
1.4503690137
-1.5195850930
-0.7683226385
0.4477910549
0.9031724549
0.5863830867
-0.9040161268
0.6425924352
-0.2622184146
0.9217450278
0.2599759888
-0.5984129489
-0.0919493085
0.3296168007
-0.7076737101
0.9794813417
0.0243150929
0.3643232947
1.8244916859
0.5412433242
1.3312083979
-1.0863919486
-0.3510253050
1.0846062526
1.7326302428
-1.7481710004
-0.7783409368
-1.1697680950
-0.9897050229
0.0013399887
0.5787829541
0.6115687808
0.8701544214
0.5176304154
-0.2391089952
2.3989673973
-0.1945685068
1.3395833541
2.0746415965
-0.1681920929
0.0767397612
0.8619149593
-0.0780273780
-1.1630649741
-0.9643393914
-0.4087199478
0.3738228297
-0.5654535867
-0.0912846619
0.9643283652
-1.3255941006
-0.5931511338
0.3834539756
0.7625518479
0.5712916782
0.8719577403
-0.1899237671
-1.3004912213
-0.6998655757
0.3434439007
0.5354648548
0.5230023344
-1.5661469145
-0.7023506874
-0.5587637537
0.3377710055
-0.9114019686
0.6715198265
-0.7632681583
-1.7937891759
0.7740660344
1.0539796049
-0.9961749067
-0.3215048468
1.3683581111
-1.1167328529
0.4368441685
0.2366614597
0.5769620538
-0.0356491534
0.4215031160
0.3917949344
0.0915632456
0.6749337961
0.6067481634
-1.4105868386
-0.7049181561
2.1524790007
0.8413138669
-0.1253643356
-1.7028938063
-1.1043698482
0.5219954701
-0.5213605224
0.3398587159
0.1433075499
0.3885292998
1.8617227474
-0.3301104306
-0.3707222078
1.3688485052
0.1728638447
0.7044101342
1.5587183336
-0.5421107008
0.8149163530
0.4314695652
1.7053310409
-1.0365201256
-0.6531721911
-0.6826101785
0.0280505874
-2.3307201940
0.2380640819
0.3024156844
-1.5756331085
-1.1382386769
1.3619696581
0.4751365043
1.5413391056
-0.5817129962
2.7230571444
-0.1857463695
1.0825715683
-0.4150018566
-1.0110099870
-2.7207245573
-0.3229255543
1.0633757212
-0.3597584908
1.2917432261
0.6339730775
0.1852911115
-1.0103534369
0.2845803678
-0.1631087970
0.9461953528
-0.0187841363
-1.2656515953
0.6399925231
-0.8866230408
-0.1800667817
0.5615614474
0.1811189356
0.5843358017
0.2833796694
-0.0196251791
-0.6307438901
0.6309981448
1.6306496378
-0.5873938777
2.6343892109
-0.4809446169
-0.0077748367
-1.0473537205
-0.0301422283
1.5583512550
-0.2658113745
-0.5226021281
-1.8430233291
-0.2851034334
1.4054703153
-0.2586738652
0.8648816130
-2.1388215609
-0.8142046511
0.4830045526
-0.9697070004
-0.7981211650
-0.7740133411
-0.2111593492
1.3331285267
-0.7888381673
0.3646418386
0.7826011547
-0.0506675303
-0.5607472764
0.0910164569
0.4497908084
-0.5835373687
-0.3596386550
-0.0864459337
-0.3257806484
-2.1202134411
0.1636093610
-0.4612468185
0.4445796674
-0.1587046160
0.2350719067
0.1460434321
-1.1110701402
0.5232007588
0.3809553641
0.9696654470
-1.1703416053
-0.1132509726
-1.3070987894
-0.5545263693
1.7832970577
-1.5363907984
0.5005289584
0.4137539062
-1.3593510451
1.4107776456
-0.0458053380
-1.2834771857
-0.5620021006
0.4232669288
-0.6470662825
-0.0376648239
-0.5235664191
-0.0405877470
-0.4762464339
1.2539478335
-0.3865222302
0.8391328700
1.5218638019
0.9282080809
0.7640856532
0.9232875468
-0.4805929869
-1.3550713108
0.9165658349
0.1150841430
0.0146527957
0.8081328234
0.1880594354
-0.8775430892
-1.1943287878
-0.4848611754
1.7638787203
0.3294295005
-0.8860554461
-0.4912225164
0.1959114862
-0.5540156259
-1.2618803924
2.3798734474
1.8020791133
-0.2282155074
2.1685219828
-0.2892714304
-2.1783083016
-2.9168212510
-1.5978695774
-0.0134550198
-1.5896949536
-1.0801252206
1.0894666017
-1.2233629313
0.2316258340
0.0457498297
0.0229191628
0.9486138272
0.1337243800
0.5114672254
-0.1930498089
-0.4886584034
-1.1401108268
0.3332362854
1.3797245617
-0.6211854454
0.8347485428
0.3577141512
-0.8830724476
0.3783611325
-0.4453752027
-1.6477646112
-0.9144593869
-0.3031350039
0.0768734933
0.5110432424
0.3263389371
-0.0653723299
-0.3092551193
1.1559553061
-1.0406175584
2.6841143488
0.1953525908
0.5674592665
-0.4086768025
-0.6678335255
-1.2653396825
0.4705807561
-1.5086304560
