15 3 0.12
23 0 2 0 3 1 0 1 1 1 2 1 3 1 4 1 5 2 0 2 1 2 2 2 3 2 4 2 5 2 6 3 1 3 2 3 3 3 5 4 2 4 3 4 5 5 3
21 0 5 1 5 2 3 2 4 2 5 2 6 3 2 3 3 3 4 3 5 4 0 4 2 4 3 4 4 5 0 5 1 5 2 5 3 5 4 6 0 6 2
22 0 1 1 1 1 2 1 3 1 4 2 1 2 3 2 4 2 5 3 0 3 1 3 2 3 3 3 4 4 1 4 2 4 3 4 4 5 1 5 2 5 3 6 2
2 1
0 5
0 8
0 0 0 0 0 0 0 0 0 1 1 0 0 0 0
0 0 0 0 0 0 0 0 0 1 2 1 1 0 0
0 0 0 1 1 0 0 0 1 2 1 2 1 1 0
0 1 1 1 1 1 1 1 2 2 2 1 1 0 0
0 1 1 1 1 2 1 2 1 2 1 1 1 0 0
0 0 1 1 1 1 2 1 1 2 1 1 0 0 0
0 0 0 1 1 1 1 1 0 0 1 0 0 0 0
0 0 0 0 1 0 0 0 0 0 0 0 0 0 0
0 0 0 0 0 0 0 0 0 0 0 0 0 0 0
0 0 0 0 0 0 0 0 0 0 0 0 0 0 0
0 0 0 0 0 0 0 0 0 0 0 0 0 0 0
0 0 0 0 0 0 0 0 0 0 0 0 0 0 0
0 0 0 0 0 0 0 0 0 0 0 0 0 0 0
0 0 0 0 0 0 0 0 0 0 0 0 0 0 0
0 0 0 0 0 0 0 0 0 0 0 0 0 0 0
1.2534830563
0.5023171967
0.8649045622
0.9466108981
0.6391090961
0.6711879705
-0.1034166907
-0.3191065008
0.6599042469
1.2117416661
-1.3671664734
-0.7726373509
-0.4609751372
-0.8564758284
-1.7547808596
-0.2923109199
-0.2560103724
0.2618658218
0.8786489616
-0.5455613981
-0.7293364410
-1.4730592818
0.5513359480
-0.9223774979
-1.4105861381
0.5694817855
-0.3051744282
-0.1628513461
0.2715488500
0.5305893548
-0.3798495498
0.7566822537
-0.3808075612
-1.6605067496
-0.0353681307
-1.0597742223
-0.1278383999
-0.2518433058
-1.2342855889
-0.4798891018
0.8300897826
0.1129599252
-0.0978201247
0.6969598273
0.1505267763
-0.5577469516
1.2573459778
0.0793762974
0.3966290617
-0.8193929421
-1.2105652217
1.2301317540
1.3434404089
-3.0736152705
0.0385442655
-0.1150097684
-1.5316796136
-0.2381092320
0.0537827102
-0.6757385337
-0.3850350995
-0.1730723221
-0.6161968757
-1.1265452849
0.6190853815
0.4311376742
1.9794530642
-1.8645884481
-0.1800251783
0.2361298687
-0.6400552952
0.0768145626
-0.1177660975
1.5000002394
-1.1115426550
-0.0816632705
0.2404310211
0.7297263182
0.7471729045
-1.7397506609
-1.3737336033
-0.1344358842
-0.6415180069
0.0839885207
-0.5658653709
-0.8125219152
-0.1969752751
-0.4787404513
-0.7346711741
0.1684840001
-0.3527131677
1.9260272983
-0.1216169330
0.8045698953
1.7292923384
-1.5439037531
0.1921348262
0.1609990013
0.0103252806
0.9373491433
-0.9842996908
-0.2577721411
-0.0853152615
-1.0059882987
1.0327603381
0.7671677171
-0.3132784554
0.7171424823
-0.1741783234
0.0112681166
-1.4067196403
0.6117593718
0.8156358547
1.5537194531
-0.1452352565
-0.9829911369
0.2865965342
0.7397878601
0.4492953783
-0.3612552793
0.2575595377
0.9006241521
-1.2716964285
-0.2221835348
0.7055841879
-1.6926759310
0.1952628234
-0.2594154455
-0.7228886020
0.1130006768
-0.2844627085
-1.1504956875
-1.0173251284
-1.3015792943
1.4034338022
-1.0832658140
0.0946595730
1.2668551066
0.0640604995
0.2305705995
0.2487443265
1.4686778071
1.1151211600
-0.0635762679
0.2801741782
-0.7789774035
-0.4241571105
0.8277031892
1.2026796258
-0.1950155676
0.5048557142
0.4841353034
-0.3812020461
-0.8676278592
-0.2374862333
0.2477332913
-0.1362589560
-1.0817076822
-0.6374438548
0.0688143336
1.3519033933
-0.3436280240
-0.9276129434
0.7536346125
2.2739235135
-0.0734611369
-0.9079140305
1.8234484336
-1.3047751120
-0.8790920775
-0.9028621312
2.0636643715
1.4090112504
-1.3151444691
-1.0960357525
1.5681828702
-1.2789131755
0.1326736205
-0.0514117963
-0.3533578627
-0.9183150246
0.5416213320
0.3148909588
-0.6513082786
0.1991024087
1.1456785768
-0.0455859429
1.0193215905
-2.5326202719
-0.7826902264
0.6002176936
0.8138727816
0.3172982456
-0.3062593818
1.2618329891
-0.0629830725
-1.0266843105
-1.0902038058
-0.3970838757
1.2526011310
-2.0406174489
0.1794410466
1.5929932444
0.7722448157
0.8053095821
-0.3789264768
1.2536443423
1.2309929733
-1.0107232084
1.1229659786
-1.7409001946
0.3497462921
-0.8287296999
0.3186655762
-0.3183290401
0.2324861576
1.6937168354
0.7444130726
-0.3858676614
-0.3114141421
0.3644972508
-1.5348461540
-0.4781091043
1.5611867158
0.0171565307
-2.0691747241
1.6605826749
-1.8221761348
0.8677970605
-0.2446429925
-1.3592692587
-0.4448769177
-0.6593705659
-1.1459091752
-0.4523272809
0.9944852188
0.0879360483
-2.0220758584
0.5499902591
0.1871384877
0.4881350329
0.9878050667
-1.0920077673
-0.4206340533
1.1107279637
1.1669138268
0.4116269003
-0.8198821025
-1.9418350755
1.8324458225
0.2662988138
0.4417962156
0.9611164920
-0.4908342864
-1.9901636960
-0.9721898466
-0.4307457207
-0.0220117999
1.3089014247
0.4823892566
1.1806402695
0.3910678899
0.0590084761
0.5988103282
0.3080583089
-0.8788702165
-0.1279459946
0.7298977356
-0.2889641930
0.0549715286
1.9704962900
0.4392654666
0.4875879419
-2.5116556948
0.1043459254
-0.3042350873
1.3113902739
-0.9253160169
0.7100691862
-1.1494353107
-0.6587587358
0.9817614445
-0.0482341593
-0.2873013086
1.5200256416
-0.8156215559
-0.4302251155
-1.2266789503
3.5046190737
0.7748518134
1.1276684347
-0.4212058045
1.1294876537
0.5413331309
-0.1591237341
1.3917311962
0.2808433224
1.3994846083
-0.4343891752
1.6170270116
-1.3737390256
0.0555778114
-0.7424469560
-0.8919627490
1.5653492285
-0.3263121078
0.1548681315
0.9441130678
1.0292070364
-0.1973261884
-1.3638060656
0.8225784260
0.0941551393
-0.5512114792
-0.6953194846
1.8415326102
0.9758097126
-1.2592544036
0.1356045546
0.0582516109
-0.3673735202
-0.0409236670
0.1466153061
1.5613590270
0.5277211377
0.6903527456
0.1441485935
-1.4130034316
0.6478371944
-0.4903207313
0.8113394007
1.3304794175
0.0714103271
0.8401617589
-0.3365466615
-0.6541298413
1.3286446264
0.7022305556
-0.4578936656
1.1969100145
0.2572366297
1.7420588097
-0.8369679333
0.2453346291
1.4047825078
0.3819125711
0.9546509742
0.2371119656
0.6870116957
1.4602637415
0.8802220488
1.2815529224
-0.5177217417
0.6455700085
1.1792970840
-0.0054555049
-1.2032547540
0.3944764709
-0.8709858818
0.5756773873
0.4983015656
0.0174371343
0.5992934236
0.1911167273
0.1914505961
0.4466200268
0.0233284467
1.6219513983
0.2605218486
-0.2274028285
-0.1237602733
1.1718740859
0.8268097246
-0.5928064111
0.8117846336
-0.7245696103
-0.1863771102
2.3443057692
-1.0675775671
-0.9411873003
-0.6255767811
0.2380762607
-1.1370999681
-1.0448295895
-0.0896593842
-1.2261458557
0.0095361269
0.3726894780
-0.3146006958
0.2230283466
1.9151866513
1.9396352998
0.0101532326
-0.7725683825
0.3170750568
0.7219292996
0.6163605967
-1.6430223273
-0.1205653727
-0.3616419057
1.0086949916
1.6293721139
0.0212338355
-2.1691400549
1.2552359034
1.2175595829
0.3240859366
-0.1727931820
1.6148029611
1.0684315621
-0.8549491676
-0.5831988757
1.8632267138
-0.8198252579
0.2592951009
1.6829916523
1.9012416497
-0.8587219285
-0.9170645328
0.3495660897
0.1719642276
-0.3916936161
1.1050141679
-2.9734974024
0.6154391661
0.3903424231
0.3340127819
-0.1912793323
-0.8899707155
2.1776073199
1.0496435963
-0.3018890802
-1.8054582560
0.7453826818
0.3983703415
-0.7450709292
-1.6988133681
1.6693461198
-0.1157870651
-0.2923523506
1.4242811574
1.8161624191
-0.3276944054
-0.1927083476
-0.1117417329
0.0226396508
0.1493952815
1.8967406187
0.7327529046
-0.2548483646
