15 3 0.11
53 0 6 1 5 1 6 2 4 2 5 2 6 2 7 3 4 3 5 3 6 4 3 4 4 4 6 4 7 5 1 5 2 5 3 5 4 5 5 5 6 5 7 5 9 6 1 6 2 6 3 6 4 6 5 6 7 6 8 6 9 7 0 7 1 7 3 7 4 7 5 7 6 7 7 7 8 7 9 7 10 8 1 8 4 8 5 8 6 8 7 8 8 8 9 9 4 9 7 9 9 9 10 10 7 10 9
16 0 1 0 4 1 0 1 1 1 2 1 3 1 4 2 2 2 3 2 4 2 5 2 6 3 1 3 2 3 4 4 2
42 0 3 0 4 0 5 0 6 1 1 1 2 1 3 1 4 1 6 2 3 2 4 2 6 3 3 3 4 3 5 3 6 3 7 4 2 4 3 4 4 4 5 4 6 4 7 5 1 5 2 5 3 5 4 5 5 5 6 6 2 6 3 6 4 6 5 6 6 6 7 7 0 7 1 7 2 7 3 7 5 8 5 8 6
4 4
7 2
4 1
0 0 0 0 0 0 0 0 0 0 0 0 0 0 0
0 0 0 0 0 0 0 0 0 0 0 0 0 0 0
0 0 0 0 0 0 0 0 0 0 0 0 0 0 0
0 0 0 0 0 0 0 0 0 0 0 0 0 0 0
0 0 0 0 1 1 1 1 0 0 1 0 0 0 0
0 0 1 1 1 1 0 1 0 1 1 0 0 0 0
0 0 0 0 1 1 0 1 1 1 1 1 0 0 0
0 0 0 1 1 1 2 1 2 1 1 0 0 0 0
0 0 1 2 2 2 2 2 2 0 1 1 0 0 0
0 0 1 1 2 3 3 3 2 1 1 1 0 1 0
0 0 0 2 2 2 3 2 2 1 0 1 1 1 0
0 1 1 1 3 1 1 1 1 1 1 1 1 1 1
0 0 0 0 0 1 1 1 1 1 1 1 1 1 0
0 0 0 0 0 0 0 0 1 0 0 1 0 1 1
0 0 0 0 0 0 0 0 0 0 0 1 0 1 0
-0.0616931830
-1.7745084158
-1.2120931243
-0.3400834583
-0.6007071901
0.0231210081
0.5207783126
-1.0339159569
-1.1267796060
0.4802549452
0.0069398732
0.1618849532
1.3018172557
-0.9142286862
0.7575241964
0.1147793587
0.0987232465
0.5072605293
0.0683695482
-1.2954859428
-0.1370296362
-0.4262284932
-2.5348323674
-0.1226096174
0.0032373900
0.7721833123
-0.4673689791
-1.2804980689
0.6619216709
-1.8305810210
0.1061090396
0.1606617531
0.1257277631
-0.8539986877
-0.5808466349
0.1333748173
0.3254327870
-0.1053101973
1.1667064594
0.0103223843
-0.4818806552
-2.9250990128
-1.1237947180
-0.3365655964
0.2812307414
0.2826450006
0.6183514228
-0.7020337922
-2.8232718562
0.7957291579
0.9712989636
1.1768683887
0.9614142780
-0.9121752914
1.3527685272
0.4867475165
-0.0303214674
-0.8181988036
0.1158887595
3.1307317568
0.2781204256
-2.3914453574
-1.1176163044
-0.8693303818
-0.6448392307
-0.4437348258
-1.1678733222
-0.4258759576
0.3275086438
1.6761540275
0.6498376952
-0.7402880133
-0.1954941248
-1.1263795539
-0.6548196954
-0.0098619423
-0.3863894298
-0.5668356899
-1.7839594255
-1.1745408094
-3.0532968358
0.4726786300
-0.4663283467
0.9739794448
0.0001971642
-2.0157171602
-0.7437302800
-1.4176248560
1.0096419525
-0.2186503229
-0.5603370993
0.0616319368
-0.6214804455
-0.9589666208
-0.4453535390
-0.7168935814
-2.1951243172
2.1542998738
-0.6648149948
-1.0266562879
-0.4068903568
-1.7097810541
-0.3623298695
1.1493438528
0.6947234164
0.7007633623
0.7863230547
-1.2250345160
-0.6169176185
-0.5345544660
0.1472667686
0.3245786040
-0.0999337053
0.7409592639
-0.8526872276
1.6746537217
-0.2122290391
-0.2436048609
0.7937814354
-0.5500303509
0.9992463436
1.5686942949
0.1259280610
-0.6639653168
0.3529743210
-0.1990138958
0.6910745414
-1.4470946956
0.1530546053
-0.8175314203
-0.0103622955
-0.5856733624
0.4430173362
0.9201170006
-2.0667384114
-0.6842679714
0.7374106322
-0.9307949028
0.8900060347
-1.0228395590
0.2740634070
-0.7426975677
0.7593730724
-0.6800305678
-0.6545308703
1.0358689505
-1.0838053340
1.0882541422
0.2061956636
0.5802078052
2.7668696944
-0.2265626431
0.9559400959
-1.0387224645
0.6091125349
2.0941949677
0.8757247762
0.6509882249
-1.2299911749
0.1823870584
0.0020056473
-0.6380267040
-0.6714746017
0.7253424457
2.0405105979
-1.7621735161
1.2001615178
0.6880107702
-0.8049466565
0.9765460097
-1.1511431156
-0.0944598255
-0.8855179120
-0.3010091446
-0.7460597085
-0.0190294189
0.7507049648
0.0314093883
-0.9437385445
0.1674069300
0.1168972613
1.7554693885
-0.7129899252
0.8875392450
0.5087572498
-0.1736484467
0.0902462663
-0.2523247206
-1.1227481185
-0.1708187187
-0.7037234794
-1.7360055341
-1.3826689767
0.9275035421
-0.5194710990
0.0198492488
0.4902942757
0.3031188922
-0.1231619141
-0.9398630738
-0.9092244101
1.6644648379
0.5546022213
0.0930885036
0.8235201966
0.6726276600
-0.8549834763
-1.1442710287
0.9264654824
-0.9527141562
0.6814219326
0.9038046235
-0.1318432463
-0.3255533845
0.0547844235
0.6231648347
0.3529325144
0.3499783086
0.8801857912
2.1562009350
-1.6014255420
-0.0207837626
0.7828008473
-0.4224277996
1.0775622818
0.2483855996
-0.9484524544
-0.1054155078
0.0786575376
0.3093331331
-0.2756578497
0.5702508766
-2.8658326300
-1.5954364288
-0.4220671349
-0.4647123068
0.0431085928
0.3711163251
-0.7675392874
-0.8262460404
-1.6301220119
1.2606381369
-0.2241590103
1.9284460854
-1.4957489629
-1.3653712681
-0.2476259347
1.1252697507
0.4125451521
-1.5230694117
0.3565297153
0.2751042873
-0.9902709897
1.1058408718
0.4211789424
-1.0559512647
0.7424399918
-0.8741314927
0.9991329383
2.8692028221
-0.8541554674
1.5040738486
-1.0175479015
0.3956213013
1.1077449027
-0.8043956412
1.0887297441
-1.3012701460
-0.4276177998
-1.0482265549
-0.9496112612
0.0931419674
-1.3923380586
-1.2855111077
0.9202905794
-0.6600220421
-2.2692082454
0.4631510287
0.9781846696
-0.2541210196
0.0351782819
1.2644833850
0.0336886897
0.1653403216
-0.9121077451
0.1099781234
0.8781556744
-0.2926641132
-0.8137341871
0.0123458856
1.1747397017
-0.7533676448
0.7992433315
-0.0813033571
-1.0434880361
0.6565321546
0.0928911234
0.7637670423
-0.5813136966
-0.9486940529
-1.8396982850
0.6906481744
0.0217338594
0.8826460341
-0.0615168303
0.2879873267
0.8108122007
-0.1817831377
-0.1851105319
-0.1541218061
-1.1838641065
0.0511175684
0.6510697139
-0.3280517638
-0.9582330678
-1.2778325517
0.6073808130
0.5372756695
-1.0750018305
1.5591613271
-0.1597216976
-0.4020266818
-2.2106570212
-2.1111908910
-0.7828750051
0.8225529104
-3.2524553465
1.4078994778
-0.6683975918
0.6376101430
-0.6213170620
-2.0541524135
-0.6142731865
1.5453216263
0.1485444803
1.7715912027
-0.8416846552
2.3664126993
-0.5690338445
2.0763411364
-0.9642919538
-0.3382685794
-2.0781383563
-1.2519048199
0.6511964958
0.0393120302
0.9793125989
0.0273031754
0.5642662413
1.3079008974
-1.5362482139
-2.1584941109
0.4944995808
-2.9418371241
-1.3316187943
-2.0301343231
-0.4816661077
-2.3248597877
-1.1618098762
-0.3953190046
-0.9107883973
1.1906043759
0.5221576700
0.0485532565
0.0076306701
-1.6645945954
-1.3238050618
-1.4977539875
-1.5845423994
0.7701151434
-0.6815255225
0.9236534723
0.4157076606
-2.1491983889
0.8256206300
-0.4344253847
-0.3399649202
1.3217642488
-0.0465691688
-1.0952330355
-1.2941047152
-0.7302898013
-0.5990588193
-1.8201941619
0.0637002702
0.3595617822
-2.1794787040
1.0875002742
-0.6254117834
-0.9388461415
-0.8309707209
-0.0026293126
1.3424481972
1.5693360277
-0.4195373787
0.7706506620
-1.3735743824
-0.1643214343
0.2813503167
-0.0232292166
0.8824771276
-2.6363188134
0.4585542067
2.5169113924
-2.4191776905
0.1051375404
-0.6173947363
1.1448285640
-1.1466802321
-0.8652937189
-0.1396089777
-0.9730127547
-1.1579100866
-0.1122574072
-0.7877671597
0.4002843795
-0.6658311904
0.0072821216
-2.2310783806
-0.0263662197
1.3469121803
-0.5890561125
1.3832882466
-0.6122548186
0.2676817663
0.6504830106
-0.5242588919
-0.7851103745
-0.0298362156
0.0063228792
-0.4638801727
2.0497706006
-0.6971869281
-0.6017060900
0.5745595581
0.9344473284
0.1836994746
-0.5265725490
1.1178624160
0.8976114497
-0.0038343186
-1.0306980491
1.5157827970
0.1724260076
-1.9203847169
-0.9649933132
1.0066072789
0.7119988091
0.5990533881
-0.9833175141
