15 3 0.17
15 0 0 0 1 0 2 1 0 1 1 1 2 2 0 2 1 2 2 2 3 2 4 3 0 3 1 3 4 4 0
15 0 2 0 6 1 1 1 2 1 3 1 4 1 5 1 6 2 1 2 2 3 0 3 1 3 2 3 3 4 1
17 0 1 0 2 0 3 0 4 1 1 1 3 2 0 2 1 2 2 2 3 2 4 3 0 3 3 3 4 4 0 4 4 5 0
10 10
0 3
9 7
0 0 0 0 0 1 0 0 0 1 0 0 0 0 0
0 0 0 0 1 1 1 1 1 1 0 0 0 0 0
0 0 0 0 1 1 0 0 0 0 0 0 0 0 0
0 0 0 1 1 1 1 0 0 0 0 0 0 0 0
0 0 0 0 1 0 0 0 0 0 0 0 0 0 0
0 0 0 0 0 0 0 0 0 0 0 0 0 0 0
0 0 0 0 0 0 0 0 0 0 0 0 0 0 0
0 0 0 0 0 0 0 0 0 0 0 0 0 0 0
0 0 0 0 0 0 0 0 0 0 0 0 0 0 0
0 0 0 0 0 0 0 0 1 1 1 1 0 0 0
0 0 0 0 0 0 0 0 1 0 2 1 1 0 0
0 0 0 0 0 0 0 1 1 1 2 2 1 0 0
0 0 0 0 0 0 0 1 0 0 2 2 1 1 1
0 0 0 0 0 0 0 1 0 0 1 2 0 0 1
0 0 0 0 0 0 0 1 0 0 1 0 0 0 0
0.8388110048
0.4895085705
-0.1039503945
2.6884478317
0.7447161107
-0.9673510769
0.1861701218
0.5901954803
-0.0833612620
-1.9957928468
0.2758371857
0.5624753460
-1.2808976843
-1.4818575465
0.0735755551
-2.7123216957
-0.2619077079
0.5471426728
-1.7403390936
1.6054103927
1.3943994121
0.1504585479
-0.4286064078
0.4616863835
0.4395108766
0.6290857927
-0.6074833464
-0.0408438525
0.0812217262
-0.2383810202
0.8368572695
0.0315864734
1.2655805984
1.3347188174
-0.2370709175
0.5480638704
-0.1778896430
-0.1266111985
-0.0034795856
1.3753602529
0.5470406925
0.0956323508
0.1957421412
-0.9008346036
-0.7741971346
1.5239159503
0.9989921807
-1.6238376718
0.3549408520
0.1319919024
0.5950556982
1.3780849072
-0.1604170612
-0.3387263557
0.1163574686
-0.1121865756
-0.1325392075
0.6889387577
0.2736261573
0.8318491510
-0.2137453615
0.1539971987
0.7783917179
0.6185081615
0.1435945386
-0.6878623827
0.7578305370
-0.8730625987
1.7398259472
1.0539732065
-2.9290925206
2.3243344061
1.2359086363
-1.4669312656
-0.5728511841
0.9125055184
0.0702653873
-1.5252727377
0.0733419497
-0.4914306086
-0.2536636033
1.5427926810
-1.5361991894
1.2175314043
0.6305732638
-0.8559840260
0.6876501484
-0.5566758239
-0.2215237363
-0.7361821345
0.2330046360
-0.2502101113
-0.5092278028
0.1416299611
0.6038871762
-0.1657394116
-1.8047331123
-0.2098289128
-0.9319156705
2.7342304062
-0.8735584216
0.6906581893
-0.4646624596
0.6624566345
-0.8301175076
-1.8386328105
-0.6835544516
0.1994161347
-1.5060538547
-0.4366894286
-0.1693103543
-1.3993770349
0.8529564478
-1.0918453417
0.7907631042
-0.0941836629
-1.2609888339
-0.6596081636
0.7190769545
-0.1336195949
-0.2086217487
0.9336827573
-0.7131194388
0.2443881853
-0.5382754932
0.2563335569
-2.2981396658
-2.4498873074
1.1596873849
-2.1924477187
0.3559410548
-1.5882991062
-0.6502225175
-0.1207948675
-0.2096076039
-1.5615112321
0.5214785603
0.4218940060
0.3117166697
0.8253320838
-0.8820416862
-1.1048077812
-0.6859271443
-1.4088028195
-2.0121211628
1.2375784149
0.2484918209
0.8112859714
-0.6415186111
0.0364206954
-1.8247602808
0.9362853567
-0.0289498721
0.4637376539
0.4036311810
1.8836774851
1.3139417204
0.4062062458
0.1298391927
0.8314061233
0.4167077916
0.2978563699
-0.1778801688
2.1148252717
2.3783191673
-0.5890066153
0.2778423486
-1.0350378678
0.5927326153
-0.9079337410
-1.0253011288
-0.3287863289
-0.0088720988
-0.7913855245
-0.1045467651
-1.1558162365
-0.5750815229
0.7234352314
1.4558404024
-0.1034975241
0.3656021208
-0.0977762894
0.8094292985
0.4047215340
0.1289243977
-0.6555974700
1.0577838430
-0.5273943630
-1.0023761471
1.0718185914
-1.5919313485
0.9942896761
-0.3876648668
0.4832142047
0.6093212046
-1.6140665128
-1.2880308535
-1.5591112356
1.2133245644
-1.0106868748
-0.0291203654
-0.1879749604
-0.0151732698
-1.4810484265
1.4723442633
0.3047114521
-1.0530297023
-0.7350088240
-0.5413316323
-0.9888400560
-0.9394666252
0.1957367117
0.2332663931
-0.3051086105
-0.4580284988
0.5612307589
1.0258613664
0.4463966540
-1.0015453346
0.5011527529
-0.6541110783
-0.5909954931
-0.9275525592
1.6625244953
0.3071981887
0.4606305012
0.8665099264
0.0308787386
-1.2104242316
1.2444043608
0.2532535388
0.2668021660
1.0547991189
0.0046571346
-0.1280006027
-0.2703205590
1.1142051881
-0.6688932110
1.3634920538
0.5287808843
-0.6168569014
0.5875521444
1.4791097030
2.0047723845
1.1711023605
0.8394242819
-0.1717091609
1.0746728417
0.6005824485
0.6220770328
0.6168604813
-1.0823146377
1.9845168690
0.8340096091
-1.0150117352
-0.0751959188
0.4968865857
1.0508550490
-1.4979743489
-0.4956615541
0.3574370083
-0.1823644268
-1.0132778400
0.9519042952
0.4084238688
0.2881095281
0.2028282333
0.9362967144
-0.8061800964
-1.6731730283
1.2716412865
-1.3938255541
-0.3505806003
-0.2275068713
1.2629186035
0.1409040481
-0.0686917004
-0.3063044022
1.8682595403
0.3105443260
0.3947171119
-2.2405806552
-0.4577070953
-1.7590758959
-0.8146512810
-0.9129623595
1.3123434035
0.1099594920
0.4525610271
-0.1077149090
1.1626056378
0.1989637669
0.1139038328
0.7699118910
1.1246403635
-0.7993769314
1.2442236451
-0.5306663211
-0.5545437168
-0.0936389605
1.2596989002
-0.2021790531
-1.1631178370
1.0343997021
-0.4876821860
-0.1979574213
-1.2830063209
-0.5407429367
1.2428857614
-0.1314060288
-0.3725303719
0.2666551585
1.6751807290
-0.4178487981
-0.1195365768
0.4296996185
0.6769645889
-2.1291124447
0.8037007996
0.2647436576
2.1416477394
-1.1663860742
0.2230099626
0.0180497662
-0.9796361238
0.3821717674
-1.1679032358
2.2284341816
-0.1743288552
0.2580141073
-0.4130355366
-1.2698207529
0.8425884121
1.0050287984
-0.2341723637
-0.3447284255
-0.1107387647
-0.2962197868
-1.2557711086
0.9144172630
0.0806409476
1.6157632721
0.3658822205
0.1176645444
0.9433886861
0.4809977960
-1.0915078104
-1.2971993110
-0.0328685296
-0.7079779262
0.9293971528
0.3809391589
0.8041433707
1.9266118770
0.3614248417
-0.2322272521
1.5909698948
-0.5576122453
-0.1477190291
1.3392737020
1.9778858758
0.0627003130
-0.8821206665
-0.9365763454
-0.2726207931
-1.0166157504
-0.4976442067
-0.8488937955
-0.4990306807
-1.6437412413
1.4796585536
0.9029676333
0.0464634407
-1.9422936498
2.7095914981
0.1447833389
-0.2230084832
-1.4368105824
-0.6418673782
-0.0665919286
-0.2340595158
0.1801189041
0.1793954923
1.1164494088
0.1646265982
-1.4944157084
-0.1460079933
-0.4696611489
0.9680586998
-1.1009469831
-0.8432340158
-0.3122332523
0.7715084517
1.5753118037
0.0542049759
-0.1849817900
1.1497315843
-0.2297060734
-0.1231944277
0.9673268137
0.1941009219
0.7780579077
-1.0157188886
-1.1958418153
-0.1773486846
0.4813003748
0.1171956617
-1.7278635257
-1.4607679931
1.4996500388
0.8685120227
-1.8994209445
0.5671370794
0.2624643980
0.9338698956
0.7777919523
2.1571467729
0.2042574116
-0.2391598692
-0.5929727878
0.0241592791
0.6399493967
1.0579846857
1.0593763978
-0.0904644543
-1.4760072842
0.3559728390
1.2128390054
-0.1416479005
0.1949328819
-0.7829655421
0.7373836730
2.0502583884
0.0024633771
-0.0904740098
-1.0118671382
0.5934923781
-0.6296581077
0.8664144371
0.0432165399
0.2647500913
0.1702246920
-0.0801117079
-0.8572609964
-0.1596045516
0.2868261036
-0.4226912914
-1.2811819507
-0.3291889728
-0.0067424471
