15 3 0.04
41 0 5 1 1 1 2 1 3 1 4 1 5 1 6 2 2 2 3 2 4 2 5 2 6 3 0 3 1 3 2 3 3 3 4 3 5 3 6 3 7 4 0 4 1 4 3 4 4 4 5 4 6 4 7 4 8 5 1 5 2 5 3 5 4 5 5 5 6 6 0 6 1 6 2 6 3 7 0 7 1 7 2
50 0 4 0 7 0 8 1 4 1 5 1 7 1 8 2 4 2 5 2 6 2 7 2 8 3 4 3 5 3 6 3 7 3 8 3 9 3 10 4 2 4 3 4 4 4 5 4 6 4 7 4 8 5 1 5 2 5 3 5 4 5 5 5 6 5 7 5 8 6 0 6 1 6 2 6 3 6 5 6 6 7 2 7 3 7 6 7 7 8 5 8 6 8 7 9 5 9 6 10 5
27 0 3 0 4 1 3 2 3 2 4 2 5 3 3 3 4 3 5 4 0 4 1 4 2 4 3 5 1 5 2 5 3 5 4 5 6 5 7 6 2 6 3 6 4 6 5 6 6 7 4 7 6 7 7
2 2
1 3
0 7
0 0 0 0 0 0 0 0 0 0 1 1 0 0 0
0 0 0 0 0 0 0 1 0 0 2 1 0 0 0
0 0 0 0 0 0 0 2 1 0 2 2 1 0 0
0 0 0 1 1 1 1 2 2 1 2 2 1 0 0
0 0 0 0 1 1 1 3 3 2 2 1 1 1 0
0 0 1 1 1 2 2 2 3 3 2 2 0 1 1
0 0 1 1 1 2 2 2 2 3 3 2 1 1 0
0 0 0 2 2 2 2 1 2 1 0 1 0 1 1
0 0 1 1 1 2 1 0 0 1 1 0 0 0 0
0 0 1 1 1 0 0 0 1 1 1 0 0 0 0
0 0 0 0 0 0 0 0 1 1 0 0 0 0 0
0 0 0 0 0 0 0 0 1 0 0 0 0 0 0
0 0 0 0 0 0 0 0 0 0 0 0 0 0 0
0 0 0 0 0 0 0 0 0 0 0 0 0 0 0
0 0 0 0 0 0 0 0 0 0 0 0 0 0 0
-0.5195712002
-0.9820215620
-0.3044037591
0.1405456166
-0.8604447569
0.6977072859
0.7448976673
0.7702754579
-2.0202061307
-0.3570104058
1.3553434060
0.1514200831
-0.5534069384
0.9671833736
0.1509053006
-1.0341433510
0.1736324392
-1.0022394496
0.8561423955
-0.2087483715
1.5225219362
2.4356880602
-0.2583353094
-0.1327133102
-1.1471507788
0.2303711578
-0.2591415815
-0.1732839050
1.9126611758
-0.2363531730
-1.5752081056
-0.7622990956
-0.1006499478
0.6092332422
1.2494132661
0.2533911561
-0.0798933400
0.3755428707
-1.9224039543
0.5552070169
0.0517699322
0.0994446919
-1.5068557119
-1.2555555974
-0.1574801225
0.8484143051
-0.2719066486
-0.0104930394
-0.6486475440
-0.0076932511
1.6171382707
0.6060427315
2.3929580677
0.0442605007
-0.3034510381
-1.1268924564
-0.3787660981
0.7680387991
0.0423890107
-0.3129598068
0.3573830325
-1.7400110733
-1.1506992274
-0.3531052816
0.2407765752
-1.5358683926
-0.8088858066
0.0890077679
-0.6017803763
-0.2282861976
-0.2964156375
-1.0854001799
2.4428140673
-0.9676771856
-1.0030532403
0.4792292002
0.5601531424
-0.4561691066
1.0333495799
1.1143046372
1.6234397245
1.2399315647
0.5520536203
-1.6953148072
1.4374878152
-0.2106824725
-0.9872712220
0.6499618544
0.8462519787
0.0680276214
-0.0830070616
1.8740097504
0.6497919900
0.4392092615
-1.6084520959
1.1500965045
-0.5871617170
-0.0532065720
-0.9130212879
1.4980403321
1.3464777815
-0.8119318137
0.1834033152
0.4392345533
0.9350580790
-0.7353623594
-0.0542487279
1.0561579717
1.5215353159
-0.2567885246
-1.9202409009
0.4343689813
-0.1312862634
-0.8493407613
-1.1954658733
2.7142016581
0.5045780029
-0.2980989020
1.0670929758
0.2116258762
-0.2830241022
1.7058593913
1.4107653948
-1.0671502517
-2.1381898285
0.5529474930
0.2257252039
1.5263727920
0.8429198034
0.0454660697
-0.7261006998
1.9264994922
0.6438430063
-1.0493811059
-0.4411389656
-0.1754056216
0.4176098908
0.2124686358
-1.1672586839
0.1878005164
0.1597791104
-0.1539835879
0.0828294964
-0.0005633908
-0.2906400769
1.5749116021
0.0875939235
0.9661876470
-0.0735193611
1.5292716985
0.2966518239
-1.4233356915
-1.2375923747
-0.2614171554
1.9311336479
0.3039703591
1.5336028765
-0.6657283884
0.0700024104
-0.3896096695
0.0864654127
-0.7807541442
-1.6670543204
-1.1013539808
2.5219998397
0.3351668561
-0.1093425941
1.5680655795
-0.8858288973
0.9917828625
0.0248848643
-0.6375711054
-0.2782377512
1.3456044262
1.2440434078
0.6436440361
0.7601218364
-0.9795279169
-0.7051941836
0.2642896687
-0.3099577139
0.6433460276
0.6749901935
1.4872815262
-2.5908053241
-0.1279978546
-1.1245263055
-0.5819470393
0.9897116469
0.1959911196
0.8862660935
-0.1033995503
-0.4373464216
-0.7639189773
1.4827443301
0.3013862093
0.8551110369
0.2938305396
-1.0219090841
-0.4332076921
0.4539205395
-0.6784485602
0.2141998820
-1.4261907779
-0.0945715629
1.6498372058
-1.5670065200
0.8173561524
-0.6701479709
1.3869320558
-0.6127949350
0.5285723067
-0.1839689130
-0.1839595467
0.0401592637
-0.6428843368
0.3574570387
1.5754477949
-0.5381459229
-1.6231115210
0.2515874107
0.2424881413
1.7672364892
-0.9785503584
1.0229589218
0.6927292566
0.7561543841
-1.3745941307
1.8234951412
-0.0933564341
0.7691942560
0.1626081192
-1.5103711379
0.5518917991
0.2207443939
-0.2678467757
-0.2366256428
-0.4072467139
1.3536808761
0.5199524536
0.7915144374
0.7184363590
1.9103763820
-0.6967784974
0.2168887997
-1.0021870667
0.5765843211
1.3159875938
1.3554800835
-1.9026327630
-0.6446463704
-1.0789592190
0.3818668776
-0.7526483921
0.7362769140
1.1613157383
-0.7537406141
-1.0350409388
-0.8665755483
1.5829308706
-1.3417318143
0.8955360137
0.7615748404
-0.4363496599
0.4272554481
-1.8171717304
0.7354127096
0.9324895156
-0.1079659822
-2.0000623820
1.3656595576
2.5791460324
-1.5967938702
0.6704269471
-1.5347719779
-0.1401172066
-0.4095392136
0.8257130910
0.4130922744
0.4097486668
1.0952311117
0.5281652398
1.7250184892
0.0886330269
-0.0686997082
-1.9663004765
-0.3414061727
0.1074958080
0.6792101603
1.2647756697
0.7085891323
0.6103053966
1.3998653738
0.5214362747
0.0753341219
1.6743089700
0.5265849786
-0.7316851516
0.2215439612
-1.6491282317
-0.7892689110
2.3826332192
-0.2392869713
0.3803231117
-0.8428856094
-0.2119074697
-0.0435981568
1.5768791655
2.0457261913
-1.6709458001
2.3482955255
2.6498101236
-0.6906396946
-1.6692337905
0.1190755666
0.2528946688
-0.4203874709
0.4214507305
1.2184115550
-0.4276710132
0.0757463433
1.6037544624
-0.7704404032
0.2600798990
-1.9758792633
-0.6647373385
0.5757144849
-1.4325350948
0.7970244485
0.1642262630
0.7990616186
2.1620228295
-1.5254519873
0.4249290316
0.8454044438
-1.4980144725
0.6425126381
-0.4131638523
0.6729093688
0.6614355549
0.2136537343
-1.3956993541
-0.6642228938
0.8511481657
1.2134997524
1.3049975389
-1.1256141603
0.9644799036
-0.6814219832
0.3508130898
-1.0574418840
0.2494756717
0.2846489668
-0.1908548567
1.2605454719
0.6969531979
-0.6870761467
-0.2637374481
0.9140232186
-0.4713253845
0.4131289525
1.0254321328
-0.5777948187
0.5838469365
1.5978998671
0.5198121438
0.1724254176
0.4265425101
-1.1368101223
0.4093002084
-1.0069889636
-1.0879645324
-1.1865565287
-0.5561990292
0.9987869662
1.1466037612
1.3104289591
0.0356325546
-0.5646411887
-1.3936873725
-0.3612199471
0.8397929031
-2.2669010728
-0.4977264305
0.5875323235
-0.3414537173
-0.5256193201
-1.7957786661
0.5695074566
-1.4899761716
0.2948658239
-0.8339238865
-2.2233710321
0.3351262828
0.0764908686
0.9517499960
2.0557294506
0.3124306500
0.2725688486
0.4155784233
-0.3239541250
1.1844092054
1.3771858735
-0.2517046410
0.9669853608
-1.5087809641
-0.5621982359
-0.4736724167
-0.2636851466
-0.1391522270
1.0765974797
0.9338233808
-0.9998042574
-0.5306016452
-0.9250649251
-1.8426625022
-0.3657089456
0.3150040745
-1.2352585832
-0.2979995855
1.6320392155
0.8599681634
-1.9806775680
-0.4551394315
-0.8961332662
0.0681236742
-0.4125636957
-1.5819131720
0.1195937360
-0.0545017508
-0.3284249279
-0.2930834415
0.4420834114
0.6364189624
-2.2570266787
1.1780262531
-0.7766967556
-0.4815597399
0.2976967872
-1.2920515864
0.0480700158
0.7258698992
0.5647329420
0.3617013280
-0.6393639343
-0.4196105054
1.1949191575
-0.2424536730
1.3845637425
0.0825233333
