15 3 0.06
29 0 2 0 3 1 2 1 3 1 4 1 5 2 0 2 1 2 2 2 3 2 4 2 5 2 6 2 8 3 1 3 2 3 3 3 4 3 5 3 8 4 2 4 5 4 6 4 7 4 8 5 5 5 6 5 7 6 5
34 0 4 0 5 0 6 0 7 1 4 1 5 1 6 1 7 1 8 1 9 2 3 2 5 2 6 2 7 3 2 3 3 3 4 3 5 3 6 4 0 4 1 4 3 4 4 4 6 4 7 5 1 5 2 5 3 5 4 5 6 5 7 6 4 6 6 7 6
30 0 0 0 1 1 0 1 1 2 0 2 1 3 0 3 1 4 0 4 1 4 2 5 0 5 1 5 2 5 3 6 0 6 1 6 2 6 3 7 0 7 1 7 2 7 3 7 4 8 2 8 3 9 3 9 4 9 5 10 4
0 1
2 5
4 4
0 0 0 1 1 0 0 0 0 0 0 0 0 0 0
0 0 0 1 1 1 1 0 0 0 0 0 0 0 0
0 1 1 1 1 1 1 1 0 2 1 1 1 0 0
0 0 1 1 1 1 1 0 0 2 1 1 1 1 1
0 0 0 1 1 1 1 1 2 1 1 1 1 0 0
0 0 0 0 1 1 1 2 2 1 1 1 0 0 0
0 0 0 0 1 2 2 0 1 1 0 1 1 0 0
0 0 0 0 1 1 1 1 1 1 0 1 1 0 0
0 0 0 0 1 1 1 0 0 1 0 1 0 0 0
0 0 0 0 1 1 1 1 0 0 0 1 0 0 0
0 0 0 0 1 1 1 1 0 0 0 0 0 0 0
0 0 0 0 1 1 1 1 1 0 0 0 0 0 0
0 0 0 0 0 0 1 1 0 0 0 0 0 0 0
0 0 0 0 0 0 0 1 1 1 0 0 0 0 0
0 0 0 0 0 0 0 0 1 0 0 0 0 0 0
0.4839085458
-0.2721166931
0.6972844865
-0.0129540321
1.1492030569
0.2995455794
-0.7975488244
-0.4968079406
0.2291838878
0.7295103447
-0.4042379518
0.6009109933
0.8722910275
0.5654402684
2.6362851276
1.5230321840
-0.4001040117
-0.6417761671
0.2051705852
0.6515858629
-1.7451700474
-0.9545968087
0.5360794492
-1.0936816710
0.5463900079
-1.6499124316
1.3906522400
1.4155248742
0.0191900977
-0.4423563468
-0.0443675328
-0.1804293733
-0.2862376027
0.7294648749
1.2897812813
0.6631952064
-1.7067741732
1.2310188451
-0.6367417028
0.8422490402
1.0322689439
-0.0698231193
1.0437970914
0.2543145091
-1.2854163756
-0.3076094893
-0.5348430671
0.2493310818
0.4093318758
-0.6064883366
0.0611570790
-0.3981725885
0.0365446425
0.0379724606
-0.2820830884
-0.3185904335
-2.0691371148
0.1387283749
0.6066094503
1.2958341277
0.6895425337
-1.2722573424
0.6183936894
1.3208835799
0.6596412933
-1.5524602197
1.0944558358
-1.9710125175
1.1192795334
0.1208637305
1.7439298622
0.2086525919
0.4056253281
1.2765043463
0.0284037023
2.0648062616
0.6274218556
0.3082013884
-1.3790528748
-1.1466508425
0.6309555031
0.7313302542
2.0064974303
-1.3766452994
0.2273507564
0.6796178731
1.0153038151
0.3524305932
-0.1356468862
0.4527912225
1.2451629747
-0.2615417483
0.6138219754
1.4242342750
0.2984973168
0.5192332183
1.3968240064
-1.4936999933
2.0505979510
-2.1502032409
0.2856017442
-0.6270872101
0.2552779026
0.5358787000
-1.4337888258
0.0662371260
0.1262550672
-0.0692136172
0.3799532081
0.0723447737
0.7299119578
1.2926480375
-0.8107624982
-0.3889534188
0.0302067163
-1.6623533345
-1.0758243712
0.7427883754
0.6187396582
0.2539186733
-0.2695678066
2.0380096907
0.6902201215
-1.1105660022
0.5925724174
1.3333255518
1.7837240342
0.2372720094
1.4694007424
-0.0685435281
0.3679462592
0.8397735620
0.4882309170
0.0548280228
0.9896080903
-0.6471967094
0.4276240318
1.1607470794
-0.0504006148
0.1607138080
-1.2064017696
1.6888936477
1.4209418161
0.8607694855
0.4358980022
-0.0456077584
-0.6328006861
0.0702429820
-0.7842075785
-0.3820829704
0.6587828503
-1.1871222164
-1.8267164013
2.1161597830
-0.1394428607
-1.4338810742
0.0816452849
-0.9209010810
0.4558739224
1.6657494087
-1.8822222036
-0.1579337439
-0.9533890140
0.6156005677
-0.8033787835
0.8914441347
0.0504428668
0.4762417793
0.3143846430
-0.1911408612
-0.8019868025
0.7034672831
1.6757139955
-0.8277313806
0.8935063108
-0.3448120915
-0.3868553277
0.3747808907
-1.1571459933
0.4664185271
-0.1716365518
-0.1090426357
0.2932383912
2.0706864455
-0.5980835826
0.0361700249
0.8521022455
0.3241021838
-1.2319428216
0.9406941101
0.6727751788
-0.8895850705
-0.7970098309
-1.1765095070
0.7224340401
-0.5297368919
-0.0401638015
0.5531712967
1.3984848138
-0.7649100504
-0.8695766203
-1.5421372697
-0.4579919563
-0.3937641437
0.0503097095
0.0466743332
1.5920373508
0.2621533506
-0.2989733370
1.4060843116
-0.3681411602
0.5096698108
1.9384135323
0.2469439620
-0.6266075989
1.1194432745
-0.8788676944
-0.1174339945
1.0107446428
1.8457571173
0.5303603014
0.3642371945
0.0321570767
1.2195845244
0.9392369275
-0.8088723723
1.3986044390
0.0953718197
1.5658867336
0.6043587135
-0.2099464489
0.9378494988
0.2975038466
-0.5838940512
1.8599765027
-2.0523912153
0.3813064692
1.4436650778
0.1042467344
0.7535435654
0.1260715374
0.3181778661
0.0600942993
1.3337998821
-0.9635416283
-0.3310347370
-0.2475637592
-1.3067119412
2.2499515536
0.9561806514
-2.5130339868
-1.6448825832
0.4978115109
-1.6068200598
-0.2518975769
1.3335518835
-1.5437899676
0.0517040572
0.0648218337
-0.7565918027
0.5971265930
1.6730751854
3.5311610905
1.3286783710
0.4674521633
-2.1966485168
-1.6653024842
1.8092068490
-0.8479602411
0.1558227325
1.0161804520
0.2166238983
-2.5619191846
-0.2626590793
-1.0297399515
-0.2330738450
-1.8912836450
0.2404934629
-0.7532904881
0.3615610585
-1.0297350394
1.2213890781
-0.5576853220
-0.6674428511
0.7956889535
-0.0032264873
0.6613588470
-1.0082077435
-1.8377735470
0.3283431821
-0.0648051261
-0.6324601470
1.9060221437
0.3007973811
0.0823596639
0.1417519560
0.0031525197
-0.7790285422
-1.5218066737
-0.5209676886
0.1069622160
-0.1118079449
1.7137120497
-0.2778953857
-0.7389797313
-0.6921009978
-0.5438582274
0.3306454327
0.1014856165
-0.0456471754
-0.7607138397
0.6746544024
1.6945670799
1.2108870230
0.1672239399
-0.6013292474
0.7512425485
0.3809208478
1.1781151390
-1.0230789906
-1.4082690930
-0.3665731177
0.9331018555
0.3591836892
0.4184364881
-0.4176906642
0.1073126425
-0.4406191499
0.7437499561
1.1106442982
0.1673623413
1.7131860258
0.6776815539
-0.4604566332
-0.2836832354
-0.2355598952
-0.0757016850
-0.3279273065
-0.0909403145
0.3870229198
-0.2564640968
0.6416315468
-0.4437573184
0.6648022808
0.4965710559
-0.1394919135
0.0739144906
-0.3667305401
0.9671903077
0.6315278041
-0.7125283733
0.0488385780
1.1518202198
-0.3561269917
-0.2394333816
-0.8537121482
0.4698168221
-1.0085522960
-0.4578786934
-2.0990469509
0.2986672536
0.4286855672
1.7367306625
0.0376354606
-0.5091558231
-0.0230598411
0.1030597430
1.1717198863
-1.2548239348
0.2245283015
0.5523299939
0.8431475728
0.7588069335
-1.2130425355
0.9669333873
1.6392348859
-1.5304251965
0.0521326070
0.8688100599
-0.8426238235
-0.9655577254
1.3930147040
0.4614365453
-1.6354797614
-0.1162016001
-0.7949991657
-0.8247929820
0.9923088813
0.6269329647
-0.6271187454
0.7658069753
-0.1832397701
1.6024744028
-0.7150377129
-0.6762424331
0.9476415269
-1.2926237062
-1.9220505958
-1.0388406214
0.2154077366
-1.4637314751
-1.3377222209
1.0888669487
0.4900261497
-0.1281163549
0.7979577778
1.0634817358
-1.5066909898
1.3300609860
0.3786299516
-0.5394693625
1.1355197693
-2.1664816780
-0.3925716611
0.7400830158
0.2237463985
0.0668932720
1.0750653784
0.2543800243
-0.5788320431
0.0816035011
-1.0838050532
-0.2607140510
-0.2448424649
1.5782517472
0.9531105590
0.6631663375
-0.3057381613
0.1613283212
0.5764255677
0.0621647947
-0.3630758436
0.7966044414
0.7797528071
-0.4682137174
1.2941359566
0.3322700643
0.0382351217
-0.9750908530
0.6832537462
-0.9386381997
-1.1232302572
0.7397939314
1.4185165600
1.0191883416
0.6393149401
-0.0024868759
0.5360305736
1.2220088803
-1.7715189834
