15 3 0.10
20 0 2 1 1 1 2 2 2 2 3 2 4 3 0 3 2 3 3 4 0 4 1 4 2 4 3 4 4 5 0 5 1 5 3 5 4 6 1 6 2
26 0 1 0 3 0 4 1 1 1 2 1 3 2 3 2 4 3 0 3 1 3 2 3 3 3 4 3 5 3 6 3 7 4 3 4 4 4 5 4 6 4 7 4 8 5 3 5 4 5 5 5 7
25 0 0 0 2 0 3 0 4 1 0 1 1 1 2 1 3 1 4 1 5 2 0 2 1 2 2 2 4 2 5 3 0 3 1 3 2 4 0 4 1 4 2 5 1 5 2 6 1 6 2
5 9
3 6
3 2
0 0 0 0 0 0 0 0 0 0 0 0 0 0 0
0 0 0 0 0 0 0 0 0 0 0 0 0 0 0
0 0 0 0 0 0 0 0 0 0 0 0 0 0 0
0 0 1 0 1 1 1 1 0 1 1 0 0 0 0
0 0 1 1 1 1 1 2 1 1 0 0 0 0 0
0 0 1 1 1 0 1 1 0 1 1 1 0 0 0
0 0 1 1 1 0 1 1 1 1 2 2 1 1 0
0 0 1 1 1 0 0 0 0 1 1 2 2 2 1
0 0 0 1 1 0 0 0 0 2 1 2 1 1 0
0 0 0 1 1 0 0 0 0 1 1 1 1 1 0
0 0 0 0 0 0 0 0 0 1 1 0 1 1 0
0 0 0 0 0 0 0 0 0 0 1 1 0 0 0
0 0 0 0 0 0 0 0 0 0 0 0 0 0 0
0 0 0 0 0 0 0 0 0 0 0 0 0 0 0
0 0 0 0 0 0 0 0 0 0 0 0 0 0 0
-0.3173115098
1.8998401995
-0.8329247035
-0.0924473243
0.2006396210
0.2773747008
-0.4979144555
-1.2218907973
0.6872289748
1.0849061296
-1.0841247272
-1.1232140181
-0.2418896591
1.0162514475
-1.0345241918
0.1142383648
-0.4074207983
-0.9084206567
-1.0192231218
-0.9745387335
1.3727506318
-0.9136654949
-1.3426142125
1.4726000590
1.0786456130
-1.2706003948
1.4308153661
-0.0988402185
1.5321550895
-0.2888791763
-1.3057392317
1.6269915995
0.3429636664
-0.5496431360
0.1039546592
-1.0333358800
-0.8362979969
-0.8314788322
-1.1221559227
-1.0274587293
-1.1682610812
1.9154877780
-1.4726433045
0.5624263412
0.8581103850
1.3114831193
0.3928489248
-0.4987960792
0.6464685933
1.4294425912
-1.1549003540
-0.5446952136
-0.9371927225
-0.1436773527
-0.0278611109
-0.5589006347
0.4114247951
-2.3346308801
-0.2215394770
0.6164047735
0.5378024867
1.0061339147
-0.5299502830
-0.9268477900
0.4149920825
0.0622386680
-0.4530634709
-0.5081645623
1.0420144626
-1.2075594300
-0.7229863279
2.0709497045
-0.2541043418
1.8342361233
0.3850808770
0.6240934512
-0.1878153884
0.5716576210
-0.2285639162
0.4661791933
-2.5333104417
-0.0935756008
-0.5293683045
-0.4612605641
1.0573576996
1.6567800078
-0.4073562542
-0.0690385401
0.9941428956
-0.7141933769
0.2185279705
0.9595489532
-1.4831313155
1.1890285324
1.1362698725
0.1109493065
-0.1496298960
1.0352103259
-2.4396731485
1.0400303361
-1.0751075446
0.3977364374
-0.1449464766
0.2319803490
-1.3007839793
0.3742406909
0.7365499039
-1.0160393662
0.9881547264
-0.6605956241
-0.6093244929
0.7552843936
-0.4877028027
-0.3667767287
-1.1592696159
0.2447896796
-1.2277872510
-0.5500071672
-1.0940040504
0.2510988138
0.0142091855
-1.3551853307
0.7518901619
1.4922359006
0.4427043136
0.2207076518
1.7069533683
2.4082032801
0.6681509517
-1.1633227222
1.3338880020
0.5795687412
0.1310688178
0.5428334465
-0.5292275707
-0.3518627855
1.2418306929
-2.4889498123
0.5195469918
0.0418390466
-0.2515587541
-0.4368131098
0.4041825549
-0.9172899130
0.6115724575
1.2713768673
-0.3467769956
0.7822256089
0.4800100042
1.8522469928
-1.3313570644
-1.9136974637
-1.3417861945
1.1150287096
-0.5877885504
-0.2859131512
-0.4173155305
-0.5012416328
0.6733645433
0.4105904161
0.3878873206
0.9194308235
0.3467717472
-0.7857245382
1.6246442052
1.7212575363
0.7030815850
-0.3824374126
1.5707569511
0.4730238387
-2.2153385492
-0.8620588500
1.1200722671
0.9626439956
1.3520879612
0.4725909592
0.6573752464
0.2871726972
-0.8880306011
-0.1971592036
1.5317290340
-0.4522530204
0.1874325030
-1.3619426521
-0.9739657897
-1.1335051555
0.9879792266
-0.1710501036
0.7756596474
0.0539401894
-0.6249757591
-1.8247907465
-0.6203192435
0.6402274268
0.0572335275
-0.2873398966
1.1140701206
-0.6384322493
0.0692691769
-1.0102220827
-0.6398374313
0.0340334658
1.5450184713
-0.7070335445
-0.9365491178
-0.7279404026
-1.6614039803
-0.8516376335
-0.0658341556
0.8193895270
-0.9259427693
1.2408049920
-0.4577956666
0.6683600033
-0.7055850547
-1.6754348883
0.0887133124
0.0278217402
-1.0212674577
-0.1954636059
-0.2971468570
-0.0765801128
0.0005457241
-0.2877334872
0.3188301677
0.9901850357
0.0608575169
0.4687260866
0.3108116973
-1.0642345183
-1.1502063131
0.5266328835
0.0792822098
1.3766221909
-0.2120276060
1.5100513127
-0.0815845983
1.9095238827
0.8864645737
0.4798055140
-1.2657735423
-0.4121597120
0.9814092604
-0.6554919594
-0.9988567464
-0.6684120225
-0.4396504949
0.0060838391
-0.3208499610
-1.3497321183
-0.6900432274
-0.4248373167
0.0614746926
0.5112031838
-1.3327662891
1.9095826193
-1.0113655851
-1.4257495705
0.8503238597
1.4902115722
-0.1524501537
-1.3756018765
1.8276257782
-0.1843976153
0.4284877286
-3.0647194977
-0.8753585678
-1.1231035576
-1.3357561909
0.5116046162
1.3437438508
-0.9612630955
0.2502944814
-0.1870196222
-0.1684790106
-2.2352806267
-1.4398233442
-0.2463736257
0.4948569116
1.9012529167
0.7648224056
-0.9697515689
0.3477063884
0.3396449741
-1.5210103843
-0.5928523402
-0.2281840633
0.0559174534
-0.1247141443
0.8622218670
0.9193508425
-0.1690949482
-0.0981157733
1.2646287653
0.6805223930
0.3594456676
-0.0587102674
1.0378736233
1.5542291310
0.5823739432
0.3460266044
-1.4349430315
0.0445650734
0.1535418278
0.5587214681
0.6175291399
-0.8378617954
-0.4021409126
-0.2877931060
-2.7357669894
-0.1330861041
0.4431151836
1.0804156066
-0.5699881828
0.4670248497
0.1073368306
0.5546486805
1.4561645206
-0.2684036630
-0.2265484302
-0.1234329545
-0.6619165593
0.3120940936
-0.2535770111
-0.8007696321
2.6230533427
0.6798214282
-0.1769028151
0.1698738239
0.8372632314
-0.0923777983
-0.2165332393
-0.5731230043
-1.6278210487
-1.3131188626
1.6093880005
0.5598851830
-0.3074895025
-0.2309129695
-1.1282899466
-1.1026468183
0.6332613433
-3.0384124877
-0.7152981216
0.4493701461
1.1950402944
1.0355726418
0.2429949771
-0.1037243451
-0.0960588911
0.9665494083
-0.7793744827
-0.4496516207
1.8096467099
0.0755027199
1.7710916947
-0.5622500639
0.6731619337
-0.9580879183
-1.5699306787
-0.9917704620
-1.4248320522
1.1839813640
-0.1145424233
1.3697193329
1.6821037357
0.7410274970
-0.5542671805
1.0376674375
-0.3642220188
0.0399274869
-2.1370815981
-1.2306124443
0.1935728378
0.8112968557
-0.4786896679
-0.4184565861
1.1991294790
0.1974594157
-0.2379634711
1.2557982289
-0.9865653925
-2.4859821207
2.4094478984
-0.8449917829
0.9950727874
-0.7904990168
2.1749723464
0.9066856946
0.2165432660
-0.8472635538
-0.1918491997
-1.4259882366
0.7486312403
0.9414191538
-2.0140648822
1.0237536991
1.7168512861
0.8178036072
0.7729453414
0.8147581262
0.1881062714
0.3144090562
-0.4160775117
-0.2569251980
-0.4246514772
0.0763790696
-0.3129217039
0.3010467477
1.0273686919
0.3510870587
0.3928674907
-0.6331100797
0.0746443078
0.0207042957
-0.9362528496
2.2504663799
-0.8158991760
0.5859039870
0.1600116630
0.2154498305
1.8550704521
-0.2281851163
0.0563209347
0.9556163991
-0.2861039702
-1.7773777767
0.5362223720
-0.6261097096
-0.4108877295
0.3460727050
-0.8115743409
0.1943993722
1.4429988437
-0.0424343801
-0.0682946194
-0.5183900414
-0.1103099609
-0.2747423655
-0.5809547827
-1.4769406785
1.7291075188
1.3724074466
-0.5671163638
0.2790519658
-0.5647695516
0.7064059376
-0.3670940418
3.2367721541
-0.3224231961
