15 3 0.15
13 0 4 0 6 1 0 1 1 1 2 1 3 1 4 1 5 1 6 1 7 2 0 2 3 2 6
36 0 2 0 3 0 4 0 5 1 1 1 2 1 3 1 4 1 5 1 6 1 7 2 0 2 1 2 2 2 3 2 4 2 5 2 6 3 2 3 3 3 4 3 5 4 3 4 4 4 5 4 6 4 7 5 4 5 5 5 6 5 7 6 4 6 5 6 6 7 5 7 6
20 0 3 1 2 1 3 1 4 2 0 2 1 2 2 2 3 3 0 3 1 3 3 4 0 4 1 4 3 5 0 5 1 5 2 5 3 6 2 7 2
11 4
4 7
7 6
0 0 0 0 0 0 0 0 0 0 0 0 0 0 0
0 0 0 0 0 0 0 0 0 0 0 0 0 0 0
0 0 0 0 0 0 0 0 0 0 0 0 0 0 0
0 0 0 0 0 0 0 0 0 0 0 0 0 0 0
0 0 0 0 0 0 0 0 0 1 1 1 1 0 0
0 0 0 0 0 0 0 0 1 1 1 1 1 1 1
0 0 0 0 0 0 0 1 1 1 1 1 1 1 0
0 0 0 0 0 0 0 0 0 2 1 1 1 0 0
0 0 0 0 0 0 0 0 1 1 2 1 1 1 1
0 0 0 0 0 0 1 1 1 1 0 1 1 1 1
0 0 0 0 0 0 1 1 0 1 0 1 1 1 0
0 0 0 0 0 0 1 1 1 1 1 0 1 1 0
0 0 0 0 1 1 2 2 2 2 1 1 0 0 0
0 0 0 0 1 0 0 1 1 0 1 0 0 0 0
0 0 0 0 0 0 0 0 1 0 0 0 0 0 0
0.2954685165
-0.5171254132
-0.0686160137
1.6610283798
-0.9051819274
0.2324663647
0.0521906400
0.1114006627
-1.3716693570
-0.2367399859
1.5503407966
-1.7654802288
-0.0510820094
0.4115236808
-0.1863032002
0.4204756968
-0.9894779267
0.1669142052
-0.7166765964
-0.6046730877
-0.3733338002
-0.1073516723
-1.1026307786
0.3808803438
1.9958790513
0.1390580077
0.5880119682
0.2624716158
-1.5783065858
0.3943830995
-1.2550954245
-1.6431514669
0.3240688084
-1.3102842152
-2.2781558424
-1.2495088037
-0.1440567245
0.1186924207
-1.4402640702
0.3637149067
1.0879225858
-0.1040441146
2.0944036496
0.3380989438
1.1261852217
-1.8538804070
0.2807506527
0.3452674024
0.3470804742
-1.7475367366
-1.9274517264
1.5173751714
-1.4212424009
-1.2612184128
-0.5210225481
-0.4613659552
0.6203035418
0.0536329915
-1.6573008801
1.8504406067
0.7230196531
0.0014354063
-1.3532138484
-0.1949631536
-0.5762145207
-0.4286553775
-0.7899792482
-1.0324104408
-2.8488296324
-0.1672354719
-1.4885425518
1.0868874288
1.5185938275
0.4733762244
2.3933549807
-0.0089432277
0.2194859231
0.6413632461
-0.2782956157
0.7235895577
1.2353915655
-1.0301761043
0.9327883131
0.7809012753
1.2046442297
0.7585019114
-1.2903756962
1.7112133136
-0.0330876815
0.9647285726
-1.4204313139
1.1479206593
-0.1525419877
-0.4398971346
1.2771258077
0.2599996114
0.7258765185
1.4586434977
0.3066173860
1.2975390729
-0.6076984310
-0.1682863311
-1.5235980140
0.6744089520
-0.9002587619
0.0086002832
0.7412695829
0.0769222360
1.4207419908
-1.0059289607
0.9158837855
-0.3819110728
-1.4296343908
0.9107451023
1.5902805714
0.6280617755
-0.8348496284
-0.8900616420
-0.6053070004
-1.1637706957
-2.8301659822
0.0298472063
2.2182103515
-0.2142205924
0.6527257578
0.3394760747
-1.1184099598
-1.1113089631
-1.2376570722
2.1985877594
-0.9548573743
-0.2858287549
-2.3780890393
1.0014678375
-0.0802188288
0.4642743185
-2.1702642595
-0.7410536517
1.3732937037
1.1377235321
0.2880197956
1.3372497282
0.3045871167
0.1643252620
0.8499098837
-0.9527581518
0.9419779716
-1.3644032446
-1.5830753651
1.5989970004
-2.2500594662
0.2220841625
0.1241138397
0.7885020084
0.8894581034
0.3270024914
0.5667417570
-1.4268829733
0.4225425758
0.4988994474
-0.1117290536
0.4853535512
1.0080180186
0.5333195164
1.0756966782
0.6526184897
0.4896016643
-1.4577755127
1.2412229119
-0.4780287164
-0.2429541380
0.7171106389
0.7221077928
-0.0279125681
-0.3870032268
0.2501425501
2.1203619255
-0.3662666034
-0.4441985457
0.7589153545
-1.8466014609
-0.2899453425
-1.3088507976
-0.2167375099
1.9309027378
1.0837956726
0.9329708639
0.4956489351
-0.0659250715
0.6334207897
0.5634631501
0.1497707309
-0.7183399631
0.7475236955
0.8843178946
-1.1360977357
-1.3802952844
-0.9366089354
-0.6817300190
0.4471785976
0.4867789089
0.2965542084
-1.2512990359
-1.0907470963
-0.6460002046
0.8043825607
0.6518413947
-0.8749939504
0.0104475095
0.7490409802
1.0419571663
-0.7021738383
0.4271951026
-0.8143191640
-1.1473517071
-0.7613850093
-0.6366194353
1.0021656533
0.5930769607
0.6082303648
0.6191270700
0.0654208730
-1.0964668959
1.0894405772
0.4895340400
0.4960115747
-0.1959819132
0.3106319709
0.6751091575
-0.5156697303
2.2616197451
0.5430936560
-1.0390285341
0.9111776725
-1.3520905388
0.0028941449
-1.3006335536
0.9704385173
-0.0250860125
0.5750486968
-0.6611976240
-0.5295833600
1.6763780125
-1.0155320643
-0.4519786042
-0.1168231897
-0.0364915813
0.7765912137
1.8472305119
0.5770339118
0.5650324157
-1.5192055148
-0.6586319334
1.9977405680
-1.8499253434
1.4401695948
-0.9140688801
1.1099675903
-0.1053439146
-0.4700752935
-0.7430939205
-0.4113450752
1.8061922994
1.8799106636
1.7583372977
0.3652699888
0.3984013620
0.3612403851
-1.5887919856
0.9526433351
0.2930900349
-0.0115835502
-1.6386717380
0.3237820777
0.1445754414
1.3220473704
0.3982685062
0.8538375142
-0.5540661714
-0.3404868720
0.1904703719
2.2299960799
0.4813472066
-0.9842332302
0.1018324718
-0.2270725785
-1.4815709278
2.3201544642
-1.0808885265
0.3827746817
1.2914803458
1.1823406184
0.6348950277
-0.6816962732
-0.0259092693
-0.3031199860
0.2466737073
0.2447161987
-0.2309915391
0.3841593742
0.6294884271
0.3478810513
-0.0763115341
1.4494104109
-0.2665953534
-2.2030864304
0.0172594783
-0.0915895015
0.1848488343
0.6576977827
-1.2035441076
-0.6069037579
-0.8267917342
0.7935558590
-1.1466275320
0.5858939849
-1.2161316870
-2.0985891414
0.8239424846
0.4618539278
1.7693686002
1.3066714190
-0.5156361829
-0.3343976671
1.4299874396
-0.6082920959
-0.8028354769
0.5826541452
-0.2097246353
0.0079427392
-1.6726747760
3.1139307040
0.2547416591
-0.0326954886
0.3667382825
-0.3670804185
0.5394685066
-0.1257072667
-1.8074146236
0.0118288484
-1.0228783181
0.5027998242
-2.2236667966
-2.3603813301
-0.3352546113
0.3688346154
1.5622140892
-1.0318433261
-0.0430169423
0.5078519591
-1.6921350845
-0.5174126182
0.4042942767
0.1174234047
-0.0064503486
1.2346144995
1.6266810165
0.7012075805
-1.0951771697
0.2250130427
-0.5086720503
-0.6635232652
1.8314402578
-0.3295140904
0.6725698287
0.4695063441
-0.3599690743
-2.3809823477
0.7903421719
1.4305958342
-1.5297046813
-0.6380429662
-1.7555715780
1.4110083040
1.0565067908
-0.1626140926
0.2013963639
-1.6685710914
2.5269424939
-0.4507547206
0.1516930093
0.0438781784
1.4075218256
-1.1461505038
0.5508822341
0.0260853234
0.6189570008
0.5040225200
-1.2061285011
-0.9198695451
0.6345395698
-0.3654001564
-0.2283797699
0.3742013381
0.3504236939
-0.3518649406
-0.0502629065
-0.3712399361
-1.0926552188
0.2398415478
-1.3744534724
1.2041499860
0.1448705276
0.2202522272
-1.6816419731
0.1258986603
-0.5916716608
-1.3112204198
0.4831394737
0.0307708355
-0.0051419955
0.8144911194
1.4520196854
-0.0537569104
-0.8769957839
1.4582447882
1.4262538866
-1.1366370832
0.5577203258
0.3374578700
-1.8500224576
0.7736132291
-0.1024006841
-0.0969765673
-1.0789582954
0.1312968367
-0.0437562615
1.5823287132
-0.8741293664
-2.5187656678
-0.5158927960
0.9017504628
0.0327907282
1.0046578218
-1.5786722299
0.2986307812
-0.5831735827
0.9368698010
-0.5221186490
-0.3900711605
0.3780884530
-0.8200707915
-0.4026401790
-1.0570701993
-0.5713890004
-0.0461288537
-0.4693171851
1.2973768552
-0.3261946633
-1.4978117622
