15 3 0.07
37 0 1 1 0 1 1 1 2 1 5 2 0 2 1 2 2 2 3 2 4 2 5 3 0 3 1 3 2 3 3 3 4 3 5 3 6 4 1 4 2 4 3 4 4 4 5 5 1 5 2 5 3 5 4 5 5 6 3 6 4 6 5 6 6 7 3 7 4 7 5 7 6 8 5
25 0 4 1 2 1 3 1 4 1 5 2 2 2 3 2 4 2 5 3 1 3 2 3 3 3 4 4 0 4 1 4 2 4 3 4 4 5 2 5 3 6 0 6 1 6 2 6 3 7 1
37 0 1 0 2 0 3 0 4 1 0 1 1 1 2 1 3 1 4 1 6 2 0 2 1 2 2 2 4 2 5 2 6 3 0 3 1 3 2 3 3 3 4 3 6 3 7 4 1 4 2 4 4 4 6 5 1 5 2 5 3 5 4 5 5 5 6 6 1 6 2 6 3 7 2
3 7
2 4
2 1
0 0 0 0 0 0 0 0 0 0 0 0 0 0 0
0 0 0 0 0 0 0 0 0 0 0 0 0 0 0
0 0 1 1 1 1 0 0 1 0 0 0 0 0 0
0 1 1 1 1 1 1 2 2 1 0 0 0 0 0
0 1 1 1 0 1 2 3 2 2 0 0 1 0 0
0 1 1 1 1 2 1 3 3 1 1 1 1 0 0
0 0 1 1 1 2 1 3 2 1 1 1 1 1 0
0 0 1 1 1 1 2 2 1 1 1 1 1 0 0
0 0 1 1 2 1 1 1 1 1 1 1 1 0 0
0 0 0 1 0 1 0 0 0 0 1 1 1 1 0
0 0 0 0 0 0 0 0 0 0 1 1 1 1 0
0 0 0 0 0 0 0 0 0 0 0 0 1 0 0
0 0 0 0 0 0 0 0 0 0 0 0 0 0 0
0 0 0 0 0 0 0 0 0 0 0 0 0 0 0
0 0 0 0 0 0 0 0 0 0 0 0 0 0 0
-0.7311000691
0.4556698331
-1.0117077640
-0.2877558463
-0.8967687407
0.3950150595
-1.1751998661
-2.9436223434
0.9671159826
-0.7067872376
-0.7769961307
-1.0428665769
-0.2392278430
-1.4909120448
-0.9418809299
0.0185780666
-0.2081156283
-0.7701497877
-1.7898356597
0.2961277012
2.5326866073
1.3187113125
-0.5405020049
1.4757096245
-0.8655361060
-0.3742466493
2.1892369738
-0.2309631556
-1.2814853098
0.7216455284
0.3402173265
-0.5973733003
-1.7385723782
0.7136236192
1.5029939755
-1.1284856502
0.0410682739
-1.0644866308
-0.0313257785
0.0255240999
0.3995150264
-1.8257750741
-1.5396661341
0.0781048359
-0.8447677876
-1.1715309254
1.2916463279
0.2893982188
-1.6050560325
0.7080868781
-1.5846550965
0.4536959291
-0.0213214107
-1.4197879236
-0.2659284476
0.6922848348
1.2377291087
-0.2348476501
1.2517607425
0.0382650738
0.5715494875
1.2814437683
0.2839298847
-0.0429401466
-0.3089248908
0.4253219643
0.7917771389
-0.4213352221
-1.3376116663
1.4040329132
0.5728592806
-0.5704795697
0.8217565150
1.2561184413
-1.2652570151
-1.6734248808
-1.2141187907
1.1243264435
1.3103521843
0.1480799885
0.1379445932
-0.7235368671
1.0461142991
0.0367720753
-2.8195896579
-1.1339804653
0.0613847302
0.0180394768
-0.2885466943
2.2541752505
0.9435995395
0.3899980211
1.2870699738
0.3411665395
0.7580483429
0.1533934715
-1.0970447128
-0.2516236432
-0.3664879196
-0.9492045468
0.4794183131
-1.2444147297
0.4000701971
-0.1353589193
0.2809637079
-0.5764354466
0.4849299574
0.0922396134
-0.6088887209
0.3600984550
-0.9318919526
-0.7219554224
2.5197700302
0.0185141061
0.0202076222
1.1895008191
-1.1975275996
-0.1080836155
0.8378026556
-0.2945454254
-1.2281417212
0.2133315035
-0.0756280574
-0.9233867134
-0.5504807727
-0.9924289484
0.4020236028
-0.2365161350
-0.1135219043
-0.6887449728
-0.4217756279
0.0188220080
-0.1116050639
0.5681692613
0.8032547383
0.3739135921
-1.0281166833
-1.9409499882
-0.0347250404
-1.5720893657
0.9862512600
-1.7309373619
-1.0592408676
1.4944494436
-0.4219484911
-0.6182508522
-0.5503411801
0.4274783456
-0.7376317679
0.4165606257
0.1795562255
-0.5817858302
-0.2345462065
1.5335956949
-0.7011864880
1.0789691806
0.6116765080
-0.8353870690
-0.4197436686
0.3769516095
2.5440980367
0.0609233141
0.0297799826
-0.7891070597
-1.3665804260
-0.5197022699
0.9259608152
0.4859384229
0.0035828650
1.3564707358
-0.4853291310
-1.1068215207
0.5467309939
-0.8858660956
0.0277526880
-0.7278485239
1.2712981347
1.1707220317
0.9017765606
-0.9963862404
-1.0506569538
0.3396684801
-0.7648124489
0.6618326945
-1.7128585254
-0.4504040208
-0.4387157569
-0.3624037962
-0.7868232421
0.3553874050
-0.2351696436
1.4750635520
1.8616079467
-0.8157229345
-1.0975747284
-0.2555860534
-0.7371265064
-1.0454607026
0.2433315388
0.2474929958
1.2436171171
-0.7291084904
0.3791947353
-0.2682237817
0.5800480570
-0.6218836062
1.4080057702
0.0386303840
-0.3266878531
-0.0142286005
0.2172090811
-0.8030075918
0.5602115413
-1.6267549204
0.3869019932
-1.2849741294
-1.6945519407
0.2082497099
-0.3343288148
0.1647948111
-1.0202114370
-0.7656117250
0.7496785754
-0.6657135612
1.2059988970
1.2861379552
-1.8004050301
0.1156264846
-0.1236498861
1.3721581202
-0.7756024898
-1.4777787390
0.3927047453
-0.5624873269
1.1137319783
0.0716188435
-0.5982949695
1.9067361239
-0.7352690146
1.5525009314
-1.1654336400
-1.1458909878
1.6293592530
-0.0740040330
2.0323966132
1.0556980491
1.1734075366
-0.1228686812
0.8465693289
-0.6782539109
-0.0115555736
-0.4616977521
-0.9443146789
0.0903930192
0.2460915263
1.0348315439
0.6038027776
0.4673858953
-0.8872517964
-0.7731741965
0.2414342872
-0.0810086039
-0.6397503645
-0.9351730255
2.0262040279
1.7896923488
-0.4142376272
0.4211405260
1.0635787611
1.1091129081
0.8468427969
-0.3739767615
0.2823902906
0.1093247043
-1.2670468330
-0.5923327827
0.7925243215
-1.2407939770
1.8725037903
-0.5716791172
-0.9676444247
0.2737208950
-0.9294800313
0.0986744270
-0.0435318245
-2.4230791224
0.8648938611
0.9645608297
-0.4542055886
0.8810191791
-0.0639564827
1.2722739948
0.4988684682
0.5192972608
1.1192144025
0.9837206336
0.6836977504
-1.1580828902
-0.3979252740
0.1818373115
0.9407512709
-0.2418261631
0.9674203823
0.0557180664
-0.8573158769
-0.8081961403
0.0795640518
-0.1613260668
1.5935364569
0.6243405402
-0.5515327955
-0.4516274279
-0.8467847605
-1.9505192163
-1.3228627852
-0.6034592398
-1.8767452549
-0.3673354162
-0.6380713185
-0.1453530282
0.6011817892
-0.2000463109
-1.4115691520
-0.8939622030
-0.6866509937
0.8297474259
0.3334595701
-0.4059823490
0.0110426745
1.6420671902
2.0151120763
0.2544442123
0.4340354329
1.5145731280
0.8630524205
0.0633848226
1.0014639020
-1.2251584410
0.0736583023
-0.4356341470
-1.2283586779
0.7913624542
0.2987174478
-0.9495659322
-0.9528927632
-0.1949122884
0.1948084101
-0.1545105329
0.3885163629
-1.3828407629
-0.9142548062
0.1846474920
-0.7649918199
0.7471373021
1.1536789232
-0.2997670624
2.4969842033
0.4008668141
0.9589324597
-0.0130517258
-0.8885771711
-1.5668325479
-1.3135855681
1.2425520876
1.4851779941
1.3155754352
1.0946472864
0.3967398559
-0.1249644575
1.3426567261
0.3447384561
-1.3114185712
0.0124953907
1.3431827358
0.2485864878
0.4341835634
-0.9234739879
-0.2730253714
0.5295368800
0.7369611388
0.8187836690
1.8861435494
0.2169446755
-0.0089163920
0.9342854183
-0.8459235167
-2.8386571168
0.8296361525
-1.3289395447
1.3930261296
0.3866278105
-0.1365579798
0.6780422594
0.5515983874
-1.7770246168
-1.0007238871
-0.3981874297
0.3386558081
1.2285240978
1.7500681562
1.3614802912
0.2607080755
-0.6176689380
-0.9510154118
-1.3931024029
-2.1386847212
0.9426166345
0.1729059598
-0.9521801610
-1.5184281964
-1.2868903270
1.5989350946
0.6160076683
0.5303314858
-2.2427602390
1.3380986704
0.7765210721
0.7537381846
0.6744062246
0.0593695492
1.2718421238
1.6270832414
1.5923137913
-0.5031389241
0.0855235679
-1.9637825468
0.7425455394
-1.8642599505
-1.0855723623
3.1868201271
1.3502545633
0.3383107639
0.5175431258
0.8321707382
-0.5886402805
1.4339669031
0.1922883789
1.0900279911
0.9781469740
-0.7770496666
-0.3089881990
1.1782150412
-0.1010463484
-1.5815815609
0.5410024727
-0.1432275776
0.2363386989
2.0660250462
-0.5013811611
1.2626490932
