15 3 0.17
29 0 2 0 5 0 6 1 2 1 3 1 4 1 5 2 3 2 4 2 5 2 6 2 7 3 0 3 1 3 2 3 3 3 4 3 5 3 6 3 7 4 3 4 4 4 5 4 6 5 3 5 4 6 3 6 4 6 5
31 0 3 0 4 1 4 1 5 1 6 2 1 2 2 2 3 2 5 3 2 3 4 3 5 3 6 4 0 4 1 4 2 4 3 4 4 4 5 4 6 5 1 5 2 5 3 5 4 5 5 6 3 6 4 6 5 7 4 7 5 8 5
32 0 4 1 3 1 4 1 5 2 2 2 3 2 4 3 3 3 4 4 1 4 2 4 3 4 4 4 5 5 0 5 2 5 3 5 4 5 5 5 7 6 0 6 1 6 2 6 4 6 5 6 6 6 7 7 1 7 2 8 1 9 0 9 1
7 7
6 0
1 3
0 0 0 0 0 0 0 0 0 0 0 0 0 0 0
0 0 0 0 0 0 0 1 0 0 0 0 0 0 0
0 0 0 0 0 0 1 1 1 0 0 0 0 0 0
0 0 0 0 0 1 1 1 0 0 0 0 0 0 0
0 0 0 0 0 0 1 1 0 0 0 0 0 0 0
0 0 0 0 1 1 1 1 1 0 0 0 0 0 0
0 0 0 2 1 1 1 1 1 0 1 0 0 0 0
0 0 0 1 2 2 1 1 1 2 1 0 1 1 0
0 1 1 1 1 2 0 0 0 1 1 1 1 0 0
0 0 1 0 2 1 1 0 0 0 1 1 1 1 1
1 1 1 2 2 1 1 1 1 1 1 1 1 1 1
0 1 1 1 1 1 0 0 0 0 1 1 1 1 0
0 0 0 1 1 1 0 0 0 0 1 1 0 0 0
0 0 0 0 1 1 0 0 0 0 1 1 1 0 0
0 0 0 0 0 1 0 0 0 0 0 0 0 0 0
-1.4771711718
-0.4533500562
-0.1490613809
0.6681691539
-1.0811859257
-0.9511529936
-0.2426888005
-0.7599046067
-0.1932762150
-0.8671165509
-0.0397264589
1.9207429206
2.1512403200
0.2206285268
0.9716258806
-0.7627849282
-0.7119487251
0.2586975175
0.5075424443
0.9950492910
1.2179511928
-0.9725153581
0.4006383199
-0.3102553627
-0.2509767252
1.9915037775
0.1866553590
-0.9214260924
2.1001682444
0.9728566463
-1.0109417327
-1.2818261957
-0.5687447047
-0.4909649859
-1.0072956156
0.2213523359
-0.7430107052
-0.7198892543
0.0383620600
-1.0850645722
1.2469401596
-1.0888521104
-1.0621254520
-0.2808474980
-0.7364528536
-1.8155853905
-0.0432326024
0.0026094532
-0.0424841547
-1.8567434125
-1.0111303183
0.7362413818
-2.1812239346
0.0989424639
-0.8160686442
-0.5739434411
-0.1509041397
-1.1201242188
1.5466619907
-0.5885748489
-0.8978076920
0.1849995800
1.5453697065
1.0392230334
1.0799792826
-0.7448719961
-1.2069810077
-0.0990709935
0.6474178770
-0.2403399660
0.2027364414
-0.2670454442
0.9610384859
0.3071917613
-1.0658340350
1.3507822961
1.3242426067
0.2968565592
0.0220734423
-0.4228843980
-1.4110426580
1.1224778501
-0.5639599221
-0.7541868515
-0.7874646666
1.4499265240
0.4927616643
1.0301760853
1.1363783679
0.1149363170
-1.2967116946
-0.5975135781
1.1963959907
-0.8581943428
-1.1930388412
-0.4012648025
-0.4634168424
-0.2967217823
0.5509403876
0.1881175093
-0.1662837029
0.6685711158
0.7386669331
0.0102529134
-1.2697911567
-1.3904243986
1.8317303554
-0.5337050951
-0.2654449053
-0.4740730308
-0.4835621814
1.3612514369
0.7682036507
0.2487318326
0.4460951560
-0.5914492446
1.2887833313
0.3322338366
-1.4045456305
-2.0814489774
1.7994503466
0.8248597551
-0.4622490120
0.3273519072
-1.5753685951
0.2147303060
1.8901834427
0.3306841660
1.0673692601
-1.0804181729
-0.1737377053
0.7587084279
-0.0722883649
1.0306579677
-1.9536931357
-0.4623569232
0.2978293118
0.8422034193
-1.6740222292
1.3335838226
0.0291596384
-0.9526228637
-0.4361163284
1.6200142669
-0.8443281423
-0.9585261535
0.0225752700
-0.3564985622
-0.3133761630
-0.1871644425
-0.0827269529
0.5242842232
-0.6667074966
-0.8082859507
-0.2897359571
0.5323521204
1.3088518492
0.6953167002
0.2526341212
0.2557286897
0.6596932340
-1.6781043018
-0.6455854585
0.5658237824
-0.0621357974
1.0952202338
0.0588731999
-0.3183803615
0.1090887560
1.5711820387
-1.2091288451
-1.8575970294
-0.6985174629
-0.1916924937
0.3117557495
-1.4596604831
-0.0202652855
0.3898379682
-1.2320133335
-0.3424760978
-0.7836974651
0.8802918303
-0.5039706870
-2.0859224784
2.5592388858
1.3516216548
-0.1868301595
-0.0765103277
0.4353516974
-1.7178243758
0.9717532650
2.6019396533
-0.0612966554
-0.2416007730
-0.3856039108
0.4035405790
-0.4420965410
1.4996258887
-0.1865801492
-0.0150039167
-0.8384115926
-1.3890123394
-0.2653465171
0.0995790252
-0.8073754323
1.8596017233
-0.7310365965
1.2674963301
-0.8496743135
-0.1403207876
0.1315686720
0.7641056515
-0.7049753743
-0.6032096689
1.3297973489
-0.9837571676
1.2754039137
1.5751544358
-0.7556247436
-0.0922676303
1.7582379909
0.8988059096
-0.1086668131
0.5702959903
1.7149659241
-1.8844473614
-0.2302720440
1.2723913060
0.1197692738
-0.5793139300
-0.0503145682
0.0181816263
-0.2844974163
-0.5581575787
-0.1665777524
0.2064285102
-0.8025006452
-0.2531479155
1.2104518939
-1.7005710111
-0.6077258970
0.3107106829
0.1343398175
-0.2249480861
-1.6699147820
-0.7342726334
0.1758071490
-1.2926949510
0.4388278302
1.6196994575
0.3230771797
0.3179595987
0.3165241363
-0.6146282964
1.5113706313
1.0112956373
-0.4493200730
0.3489283075
1.3263727916
1.1496908085
-0.4820381129
0.8533930737
0.0357606991
-0.2187020622
0.4201155566
-0.1143818676
0.8553811514
0.7391305849
-0.8440328985
-2.2240146961
-1.2525515023
0.5626823299
0.0926450722
0.2621460461
-0.0986964985
-1.7681643121
-0.1456548905
-0.8773027976
0.6990071631
-0.3817654787
-1.1494509807
-0.3921479530
0.1046618195
-1.0076674316
0.9296603451
-1.7154843737
-1.0741633945
-0.0982159235
1.6635679514
-0.9280402430
-1.2231876913
0.2258612508
-0.1190600770
0.2798667897
-1.8439347959
0.8194735175
1.2289812299
-0.0476931610
-0.5226804982
-0.4516581524
1.1564774412
-0.0082913443
-1.3266648992
0.3634553611
1.7129612335
2.4515661285
1.2576916191
-1.1643208201
0.1836096319
1.0244114580
0.5010824256
0.4086338342
-0.7639694290
-2.0765875577
-1.7263962948
-0.2717386071
2.1523999040
-2.1636464943
1.0452461075
0.9628614770
2.2063990299
-0.5309773714
0.6727537469
0.0351372749
1.0868354640
-0.8005220573
3.3818009014
-2.1943738166
-0.4786230055
2.2179464516
0.6312026801
0.3344646264
-0.6707138073
-1.3684205671
0.6950483378
1.2056557086
-0.9983025912
2.0345460272
0.7984417657
0.8188201055
-0.8761866000
0.0632732373
-0.4692653652
0.3595601342
-0.7615331975
0.2182076725
-0.2516413546
0.7852554623
-0.2372992659
0.2854621494
-0.7597677818
-1.3443506981
-0.1507983822
1.1706052374
0.1700637518
1.3926020775
-1.6682086266
0.1538315537
1.3757043422
0.0983338672
0.6987136148
-0.2926594235
-0.9772827944
0.9836582570
-0.1988219512
-0.2442077249
0.2499681165
-0.1573677630
0.9285476156
-0.1866362280
0.9701869408
1.7215928102
0.4999891284
0.6831593403
-2.1657233652
1.3592588460
-1.4309972801
0.0250504724
1.1374412959
-0.6661591927
-0.3669596786
1.8152045364
1.8926192781
1.1957994433
-0.1860172109
1.1667698355
1.5006540318
-1.0242050938
1.4043399577
1.1476514068
0.1997423113
0.2721362721
0.9054295684
0.8509516836
-0.0905047144
-0.3393536880
2.6180708153
-1.0621346812
0.8227022129
-0.2015977942
-2.2643982194
0.1151295655
-0.1887790984
0.8264203835
0.8155468156
0.2865700599
-1.2423108736
-0.7878061001
-0.5218617205
0.5280466042
-1.7115022056
0.0189992167
-0.7806851368
-0.6707619140
0.6684807794
-0.8321915575
0.3929092196
0.4735151649
-1.9412081635
-1.0448661361
-0.5050051216
-0.9176130974
1.4691748731
0.2672826689
-0.4824083991
-0.3897094380
-0.7862329987
-1.3568651938
-1.5537347159
-0.5087682940
-0.3703773665
-1.3545650960
0.2950477558
-0.2150145658
-1.4264375311
0.6090120483
-0.6887932523
-0.9877424806
0.1134663542
1.6434009493
-1.8898161442
0.6577045851
-1.7132821284
-1.2749211472
0.1371445184
-0.0811133413
-0.1750578753
-0.5335340101
1.9104703093
-1.1320060412
