15 3 0.03
31 0 2 1 1 1 2 2 2 2 3 3 1 3 2 4 0 4 1 4 2 4 3 5 0 5 1 5 2 5 3 5 4 5 5 6 3 6 4 6 5 7 0 7 1 7 2 7 3 7 4 7 5 7 6 8 2 8 3 8 5 9 3
28 0 0 0 2 0 3 1 0 1 2 1 3 2 0 2 1 2 2 2 3 2 5 2 6 3 2 3 3 3 4 3 5 3 6 4 1 4 2 4 4 4 6 5 2 5 4 5 6 6 2 7 1 7 2 8 2
27 0 3 0 4 1 3 2 1 2 2 2 3 2 4 2 5 2 6 3 0 3 1 3 2 3 3 3 5 3 6 4 2 4 3 4 4 4 5 5 4 5 5 5 6 6 5 6 6 7 5 7 6 7 7
2 1
3 5
6 3
0 0 0 0 0 0 0 0 0 0 0 0 0 0 0
0 0 0 0 0 0 0 0 0 0 0 0 0 0 0
0 0 0 1 0 0 0 0 0 0 0 0 0 0 0
0 0 1 1 0 1 0 1 1 0 0 0 0 0 0
0 0 0 1 1 1 0 1 1 0 0 0 0 0 0
0 0 1 1 0 1 1 1 1 0 1 1 0 0 0
0 1 1 1 1 0 1 2 1 1 1 1 0 0 0
0 1 1 1 1 1 3 1 0 1 0 1 0 0 0
0 0 0 0 2 2 2 2 1 2 0 1 0 0 0
0 1 1 2 2 2 2 2 1 1 0 0 0 0 0
0 0 0 1 1 1 3 2 1 0 0 0 0 0 0
0 0 0 0 1 0 0 2 1 1 0 0 0 0 0
0 0 0 0 0 0 0 0 1 1 0 0 0 0 0
0 0 0 0 0 0 0 0 1 1 1 0 0 0 0
0 0 0 0 0 0 0 0 0 0 0 0 0 0 0
0.1102713664
-0.1784635450
-0.5277968836
0.5445448691
1.0348601751
-1.1208680032
0.4752518478
0.5448495190
-0.3495193515
-0.0560215061
1.2450162043
-0.1961939664
0.2575880008
-0.4438270370
-0.5887100302
0.1024600326
-0.0717670466
-0.1644295451
0.7121823609
-1.6744140901
1.6577993089
-0.0891641139
-1.9045447649
0.5184249654
2.1746967034
3.4695563852
-0.6898672631
-0.3460499027
-0.3010619744
0.3141012792
1.5144896930
0.9286889772
0.6442654525
1.1683063958
1.2490809734
-1.7987970422
0.3277112664
0.5367881827
-0.1042115519
-0.6638412673
0.6060804505
1.0658494888
-1.2536358696
-2.3334728429
-2.0175328473
-2.1079190650
2.0894268973
-0.1457361295
-1.5907665040
0.1550238048
2.2051879145
-0.8898879745
-1.1540003706
-0.5863018783
0.6062594639
-0.8796874308
1.8281921727
-0.0532544611
0.2065808865
-0.1311019549
-1.1143079811
-1.9771290762
-2.3101481685
0.3405083324
-0.0523293114
0.2865772647
-1.3756197912
-0.8795722406
-0.1730492709
1.3291329845
-1.6048422319
-1.1218764770
0.5885864334
-0.8332697149
0.0651193682
-2.0260597863
-0.4065973164
0.9147418393
0.5738564557
0.2373141365
0.6494093268
0.4228246962
-0.0507096170
0.1909824325
-1.6173992068
1.1844715397
-0.8567966759
1.5712643543
-0.8343793549
1.1282548753
-0.6539814689
0.7152720031
-0.6447693951
-0.3383351596
0.0390779609
-0.4090527970
-0.3965685504
0.7516792333
-1.2657321167
0.2330076345
-0.9818611556
-0.0157199135
-0.1874182933
-0.6727584004
-0.3333178404
0.5247847174
-0.8546334945
-0.1164734226
-0.0178588192
0.2607316240
0.0467929348
1.0854064504
0.9565893103
0.3014393259
0.2063376094
0.7699281164
-0.9477019755
0.3623197833
-1.2994024258
1.0474581163
-1.3280790324
0.4026539123
1.3750444555
0.5943418246
-0.7701993819
1.2379605139
-1.0119872950
-0.4085733510
2.3630431841
-0.4254075933
1.8966794042
-0.0956497472
-1.6862614017
1.6996273972
1.4280313414
-1.0455458201
-1.5989134834
-0.6501028569
-1.1475965562
-0.5882376127
0.6653367274
1.0524847189
-1.6034552986
-1.2790795274
1.7226357709
-0.0282580252
0.5487911982
-0.6568098703
0.5723233839
-0.1953037359
1.5291968049
-0.1867490832
0.3437756195
-0.0058250974
-0.3111989308
0.3108668403
-0.3729692442
1.9515925515
0.4709409844
1.1530766043
-0.1326813547
-0.6578459864
-0.0302481140
-1.7952961231
-0.1091367924
0.0833885946
0.2991005326
-0.6034493208
-0.1164445373
-1.0189360391
0.2591773990
-0.8747213367
0.1788024659
-0.0987000109
-0.6707063678
-0.4452300567
-0.1775116504
0.0849266264
0.6802530389
-0.4399359877
-0.0720737320
-0.0261145073
-0.0262856732
-2.4150659481
-0.0565798072
-0.4971811741
0.9885967206
1.1294546055
0.5804784467
1.2484120409
0.4783404716
1.0401924054
-0.1135072140
1.5669703520
-0.0493712140
-1.9791571936
0.0463497103
-0.1070047399
0.6787124916
0.6592007128
-0.6396287826
-0.8300134526
0.1466598468
-0.8074816459
0.2251087389
1.0221575521
1.1365940673
-0.8339054942
-0.0729808288
0.1714941022
-1.2771616975
1.0181420427
-1.2815102002
1.4097684603
0.8445811420
-1.9644297826
-0.5525409080
-0.0137033157
-0.7429918561
-0.4655609419
-0.1294276133
-0.9300764097
-0.0207732253
0.2283364296
0.7852139562
-0.9486835291
-1.0832741990
-1.6168665624
0.0897611378
-1.6816134634
0.5635841213
-0.9003049843
0.0076260093
0.7644649398
0.3712078150
-1.6244731416
0.9654807702
1.2759911039
-1.2754736983
1.7729177846
-0.0805226801
-0.7168931752
0.3293619703
0.0379847694
0.9268714921
0.1605129529
-1.6776802179
-0.5239784574
-0.6260492838
-1.1403169121
-1.7946811248
-0.2718883346
0.9289222723
-0.3170970201
-1.2284665282
0.6390776424
-0.6507488339
0.4785580210
-1.9015588761
1.2153334871
-1.6930144726
1.4477005553
-0.8885168595
-0.9303232197
-0.2999626718
0.1457691932
0.2845321610
0.5352006116
0.1402766119
-0.9863131803
0.0096258495
1.7971128060
1.2485844819
1.2954903154
0.2022004985
1.1833328655
-2.0381682497
1.2930137992
-1.5427347829
0.9325930779
-1.3295288151
0.2408381729
-1.9132541730
0.4872287893
-0.1139205027
0.0172187465
-0.2953837368
-1.3590761609
-0.3452969240
-0.0944950568
1.1687159999
-2.0648165971
0.4025978310
0.6277521213
0.8156610916
1.3784415265
0.7127792001
1.2097445837
0.6468075855
-2.1913988546
-0.5320773338
-0.0596692444
1.0646748896
-1.1972208695
-0.8927403341
-0.0603582130
0.6743369703
-0.4617486860
-0.8370144618
-1.8643676892
-0.9655346967
-1.3376552056
0.2005107519
0.2779833652
-0.4875437418
-0.0049747614
1.0819920628
-1.9309612232
-0.5743390166
0.0455219484
0.0178431751
0.9124891993
0.8087625536
-0.2186919362
0.0931393165
0.4180497442
-0.2803930827
-0.0953669052
-1.0610598823
-0.4261696211
0.1814661197
0.5262150038
-0.0673629459
0.6175013451
1.1347485989
-0.9318108545
-0.3381168090
-1.2228689216
-0.2063743969
-0.2530493546
-0.1493986835
0.0736940099
0.4605673698
2.1594666287
-1.8776223224
2.0232470177
0.1368187417
1.2911037108
-2.5710370233
0.0675404753
-0.1742687095
-0.0144261158
0.0659392554
0.0586634275
0.5404663805
1.4520795999
-0.5113829918
0.1471997908
-1.2684700182
1.9285736214
0.2629857987
-0.1784848911
-0.5385604895
0.9311235741
-0.4935289797
-1.3646144948
0.1508757542
1.0022736272
-2.0614064225
-1.4312300522
0.9641850430
-0.4392341324
2.0353270007
-1.4800508646
0.1375089287
-1.6195427787
-0.7362050341
-0.9912705805
-0.0943678900
1.0758903003
1.1351404649
-1.4511279800
-0.2120616363
-1.5613159166
0.3925991653
0.8831385319
1.1104635068
2.0750067483
0.7386688612
0.8518798442
-0.6193700095
-1.2556403917
1.3415480107
0.4709141682
1.7644825365
-1.3209178795
0.4597730843
-1.4871030180
0.8685361188
0.3600256470
0.2050506863
1.0300909167
-0.8304682829
0.5364317786
-1.3104670877
0.3134001704
0.1815488815
0.0909720774
-0.1039771064
-1.4387090133
-1.2499782549
-1.1525907482
1.2309441621
-0.2629310601
0.7870367112
-1.0765015324
-0.1403738356
0.7219355077
0.3648310926
-0.3262918735
0.3632394586
-0.0942261855
1.0008046419
0.5183475333
1.2301743438
-0.6489543421
-0.2491423111
-1.2432170385
-1.1821446120
0.6652984179
0.1040852099
-0.8934624951
1.3370643289
0.4763346416
0.8815555680
0.9171098419
0.9042599201
-0.1482940546
-1.7527745484
-1.4424548043
1.9818460874
-0.5015982542
1.6104426264
0.8202847724
0.0951057673
-0.3197868468
-1.4618380551
0.5394255770
1.9070827421
-0.6632246555
