15 3 0.08
26 0 1 0 2 0 3 1 0 1 1 1 2 1 3 1 4 2 1 2 3 2 4 2 5 2 6 3 2 3 3 3 4 4 0 4 1 4 2 4 3 4 4 4 5 5 2 5 3 5 4 5 5
46 0 3 0 4 0 5 1 2 1 3 1 4 2 3 2 4 2 6 3 1 3 2 3 3 3 4 3 5 3 6 4 1 4 2 4 3 4 4 4 5 4 6 5 1 5 3 5 4 5 5 6 1 6 2 6 3 6 4 6 5 7 0 7 1 7 3 7 4 8 1 8 2 8 3 8 4 9 1 9 2 9 3 9 4 10 2 10 3 11 3 11 4
43 0 3 0 4 1 0 1 1 1 2 1 3 1 4 1 6 1 7 2 0 2 1 2 2 2 3 2 4 2 5 2 6 3 0 3 1 3 3 3 4 3 5 3 6 3 9 4 2 4 3 4 4 4 5 4 6 4 7 4 8 4 9 4 10 4 11 5 6 5 7 5 8 6 5 6 6 6 7 7 6 8 6 9 6 9 7
3 5
2 0
1 2
0 0 0 0 0 0 0 0 0 0 0 0 0 0 0
0 0 0 0 0 1 1 0 0 0 0 0 0 0 0
0 0 1 2 2 2 1 0 1 1 0 0 0 0 0
0 0 2 2 2 1 2 2 2 0 0 0 0 0 0
0 0 1 2 1 2 3 2 2 1 0 1 0 0 0
0 1 1 1 2 2 3 1 2 2 2 2 1 1 0
0 1 1 1 1 1 1 1 2 2 1 0 0 0 0
0 1 0 1 1 2 1 2 2 2 1 0 0 0 0
0 1 1 1 1 1 0 1 2 1 1 0 0 0 0
1 1 0 1 1 0 0 0 1 0 0 0 0 0 0
0 1 1 1 1 0 0 0 1 1 0 0 0 0 0
0 1 1 1 1 0 0 0 0 0 0 0 0 0 0
0 0 1 1 0 0 0 0 0 0 0 0 0 0 0
0 0 0 1 1 0 0 0 0 0 0 0 0 0 0
0 0 0 0 0 0 0 0 0 0 0 0 0 0 0
0.2970503102
-0.2494532196
-0.4970317997
0.2461878027
0.0991271886
0.8521608369
1.5223263834
0.3006022314
1.4252349164
-0.4999807553
-1.3277007953
0.6588304529
0.2987787631
0.8035330339
-1.6779067751
1.1442527168
-0.7856586767
-0.5499649230
0.6294590172
0.4732881583
-2.0842229902
1.8589467128
-0.0830450355
1.8123363120
-0.6314784433
1.1190131022
-0.8060301602
-0.3317930737
-2.1153457315
0.8259125065
-1.0253401639
1.1149748904
-0.4152675425
-1.4708620784
0.2338929586
-0.7337770711
0.2477258936
-0.6282215154
-0.4712313300
0.1633378036
1.2980758510
0.2324610031
0.0972439481
0.5890548446
1.2452589107
-2.4460922414
0.9668712648
-0.1789633764
0.1969887153
2.0254715445
-2.4902798484
-1.0340180447
-0.2208319486
1.5479090378
2.1604996381
-0.4762266670
0.6998164461
-1.8230625951
1.6932875670
-0.4059162486
-0.0530377575
0.0182592063
1.4754801842
-1.5006842748
0.7113758561
0.7563102172
-1.4363316338
-0.6077417075
-1.6232862169
0.5005722837
1.9106852810
-2.7423629161
-1.1722173652
-2.5429390202
0.5571028085
-2.1181045063
0.2109751057
-0.9898136151
-0.3645160929
0.4513532647
-1.8554845662
-1.8492201261
-0.7681122458
-1.3888904407
0.4296860229
-1.3556157921
1.0545357304
-1.1896926057
1.1684727910
0.5491096893
0.2227052591
0.2700339348
0.9066902651
0.3887343998
0.0169466952
-0.2300617074
-1.0902631116
0.2573517726
-0.3957513729
0.6334087583
0.7931733994
-0.2989034203
-0.1889285399
0.0538793795
0.1967543857
-1.1319039774
0.4996184268
1.0491090309
1.2558107884
0.6636921627
-2.5887659893
0.6043656805
0.4800733960
0.5085884265
0.2761780684
0.6415588546
0.6524437522
0.5282066818
-0.6751549646
0.8504912410
-0.6287345576
-0.1896964470
0.4934595259
-0.7667761979
-0.2708645290
-0.2835495749
-0.3769042786
0.3620103605
0.8222706545
0.3317405826
-2.4335481646
0.2939708641
0.4786064262
-3.0719797787
-2.3221730565
1.0705667355
1.0683014507
-1.9405037336
0.1183061925
-0.2667673957
-0.7994783307
0.3390720708
-2.5594490486
-0.2335392501
-0.5511719336
-0.1859088961
0.5314530859
-2.2749620770
1.5056009358
-0.7276005324
0.7656054970
0.0956524149
-1.7171643775
0.3205339032
0.3118758589
-1.2408804558
1.8868529311
-2.6451201364
0.8060553610
0.4876242359
0.2850853370
-1.1935988935
-0.1606906501
0.4451785858
0.2293372937
-0.3903699457
-0.3156402742
-0.0519651556
-1.5195759257
1.5551204760
1.0144586890
-1.1434461304
0.0100386247
-0.9475186051
-1.0242844482
0.5207563137
-1.8347564512
1.4704966955
-0.7358370646
1.4553035180
-0.2117375843
-0.4069406286
-0.4729622084
0.9494815002
0.1989172504
1.2527459408
0.0624121904
2.2892758103
-0.1454773396
-1.0134085245
0.6725572984
1.0940166824
-1.1535170274
-0.0415127727
0.7367672826
1.0194448161
-0.2714986217
-0.4748685292
-0.7998985570
0.2252559326
-0.7254817511
-0.5440511222
0.6815209238
0.8356654334
0.0690449720
0.0037790744
0.8234251342
-1.1145727957
-0.5941949661
0.3491488851
0.6239061219
1.9802947600
-0.1098992023
0.7029300175
0.0745606488
0.3882225719
0.4193673014
0.7983723371
0.8323296876
0.3736356526
-0.1330659726
0.8333448289
-2.5988706868
-1.1727547240
0.5354359795
1.0100549032
0.2584904834
-1.1501444870
-0.3433210942
1.0022047011
0.8375184034
0.9538753034
-0.0674400437
0.8381947271
-0.7841753427
-0.1191570197
-0.2606440666
-0.0644543531
-0.5946377753
-0.5220586370
-0.2848262265
-1.0300661685
-1.9452899601
-1.2512991122
-2.5912801702
-1.3345363234
0.2526563413
-0.7540112205
-0.5882131590
-0.3448014502
-0.3314896889
1.3807680933
0.5166406080
-0.2738153798
-0.3196079515
0.2959880385
1.3357213280
1.2923467468
-0.0664310153
1.1063301697
-0.3779563471
1.1968080285
-1.8556984509
0.6030273423
0.4549397243
0.1331690949
0.8189560904
-0.2789882890
-0.3124913436
1.3525527012
2.4836152489
2.1239519196
0.8993291923
-1.3747645457
0.8030658645
1.3982550456
0.0064144443
-0.3032234134
1.4785562108
0.0814834004
0.8962779388
-0.1464562031
1.0440928062
-0.5170055611
0.5319439548
0.2551234348
1.4327067983
-1.5020458759
-0.5497840663
0.0545750545
-1.1874943522
0.6987949509
1.5359557016
1.2520784146
0.1709528670
0.5460882093
1.1478428155
-0.2147564750
-0.1820411125
1.6486841679
-1.2279236854
0.0814971669
-0.7433887085
-0.6473898695
-0.2638184184
0.5555992382
0.0290577099
0.2399927204
0.7253122353
-0.3820434314
-1.2461213100
-0.0087293354
-0.6339783548
0.6828353881
0.2197002081
-1.3406581126
-0.5084846570
0.5481387642
-1.6441340493
-0.0288224833
-2.3322218460
-0.2084710002
-2.0247688103
0.1013285031
0.2507398904
0.8299301226
0.8603289932
0.6820199647
0.7863671556
0.5843195050
-2.2676499774
-0.5650007437
-0.5480554910
0.1325841472
1.6518235496
0.1657731384
-1.6221695394
0.0213916592
-0.4487683232
-0.6605092141
1.1595249506
0.5087914814
0.1196933089
0.1890745816
-0.3018492031
0.2900086413
1.2606215067
0.2963279642
0.3537729389
-0.0788246687
0.4873643246
-0.5092844192
0.4685703704
-0.9576679160
0.0768208120
0.3804978530
1.9045810160
-1.5908475298
0.3300581269
0.8127398402
-0.4032129453
-1.7934272852
-0.4471829546
-1.1207431173
-0.0911926982
0.7867497483
1.6343563031
0.1578780688
0.1243430735
2.0097438914
1.0979177521
-0.7078200398
0.5084247119
-0.0681042470
0.3004510318
-0.0516711621
-0.0097152783
0.2490993331
-0.2076906560
-1.4621771806
1.4698228390
0.6245879049
1.2268701519
0.4030183407
-0.8635902148
-0.9379607501
0.7735688020
0.5342678019
1.1958340826
1.6065589147
-0.1358753517
-1.8605190658
0.8155022648
-0.2254978092
0.7891941163
0.6975162910
1.1005126024
0.1309875035
0.7111144653
0.2190875173
-0.2152819471
-0.8970666622
1.3065083637
-1.7609164824
-0.0725671426
-0.9002824273
0.5541891033
-0.3087317616
-0.6444160982
1.7541899038
1.3003506665
0.7432952860
-0.4822988872
1.1872619620
0.9521125883
-1.0761634760
-0.6108654513
1.6078864456
1.2253328031
1.5392288379
1.0956497254
-1.2125038871
2.0393816837
0.4078784055
0.6367211351
0.4459079658
-0.4210645156
0.3994646179
-1.6011664752
0.5026664017
0.5974727616
-0.3177715697
-1.3183146810
0.9969778052
-0.9922165288
-0.5730912599
0.5845268678
1.0443866921
1.4427136914
-0.5951628328
0.0649361565
1.3564509116
1.0104661034
0.6145152237
-0.8849641813
-0.2448226266
-1.9216300019
0.6100346785
0.0998908528
0.9390978130
