15 3 0.17
35 0 5 1 2 1 3 1 4 1 5 2 2 2 3 2 4 2 5 2 6 3 2 3 3 3 4 3 6 3 7 3 8 4 2 4 3 4 4 4 6 5 4 5 5 5 6 5 7 6 0 6 1 6 2 6 3 6 4 6 5 7 5 7 6 8 5 8 6 9 6
39 0 5 1 5 2 5 2 6 3 3 3 4 3 5 3 6 3 7 4 0 4 1 4 2 4 3 4 4 4 5 4 6 5 3 5 4 5 5 5 6 5 7 6 2 6 3 6 4 6 5 6 6 7 2 7 3 7 4 7 5 7 6 7 7 8 2 8 3 8 5 8 6 9 2 9 3 10 3
34 0 3 0 4 1 2 1 3 1 4 1 5 1 6 2 0 2 1 2 2 2 3 2 4 2 5 2 6 3 1 3 2 3 3 3 4 3 5 4 1 4 2 4 3 4 4 4 5 4 6 5 1 5 2 5 3 5 4 5 5 5 6 6 1 6 2 6 6
5 4
1 2
5 4
0 0 0 0 0 0 0 0 0 0 0 0 0 0 0
0 0 0 0 0 0 0 1 0 0 0 0 0 0 0
0 0 0 0 0 0 0 1 0 0 0 0 0 0 0
0 0 0 0 0 0 0 1 1 0 0 0 0 0 0
0 0 0 0 0 1 1 1 1 1 0 0 0 0 0
0 0 1 1 1 1 1 2 2 1 0 0 0 0 0
0 0 0 0 0 1 3 3 3 3 1 0 0 0 0
0 0 0 0 2 2 3 3 3 2 2 0 0 0 0
0 0 0 0 1 2 3 3 3 2 1 1 1 0 0
0 0 0 0 1 2 2 3 3 1 2 0 0 0 0
0 0 0 0 1 2 1 1 2 2 2 1 0 0 0
0 0 0 0 1 3 2 1 1 1 1 0 0 0 0
0 0 0 0 0 0 0 0 0 1 1 0 0 0 0
0 0 0 0 0 0 0 0 0 1 1 0 0 0 0
0 0 0 0 0 0 0 0 0 0 1 0 0 0 0
2.2099223495
0.5769057637
0.2663424679
0.5210672984
-0.9040566991
0.3031801534
-0.1657503082
-0.1347463917
-0.0487515966
0.0458527115
0.3390631849
-0.8920904723
0.4458715431
-0.6475509191
-0.7185386140
-0.4829995813
0.9660392997
-1.6541603312
0.3008166443
0.3254756796
-0.8207927012
-0.0232406244
-0.4012401840
0.2393496941
0.4505398214
-1.1724257784
-1.1206855083
1.1164092208
0.6271603016
0.1905155200
-1.8156125313
-0.8260577690
0.0978269942
0.7789706368
-0.6498624847
-0.6413636614
-0.1194515373
0.3914417425
-0.7741700789
-0.0284468439
-1.1369284017
-0.2520230732
1.1870827132
-0.6328902955
0.3369024695
-0.9786368424
0.3608823914
-0.2491602424
-0.9647837891
0.0989808737
0.0841974453
1.7955055300
-0.1370178327
-0.9431166341
-2.0800999464
0.1756802842
2.0149331092
-2.1341152205
-0.4017995327
0.2379098780
-0.7646814341
0.2788937593
1.5658266965
-1.5155752880
0.4437465830
0.5070497855
-0.4603620405
-0.2127921011
-0.3512219769
0.1164364072
-0.0741162722
1.1951198147
0.0369011401
-1.3166693192
-0.0957131038
-1.0574495853
0.2924375924
0.1004152189
-0.3662869101
1.9411138920
0.6301539906
0.0920269064
0.6718851538
0.8275315276
0.3307254500
-1.7781811121
-2.3343149584
-1.3565812854
0.3108285219
-0.0434447079
-0.0888411786
-1.3295900932
-0.0824111966
2.5798413314
0.2158347657
-1.9365360216
0.3069001819
0.3484264564
-0.6151385587
1.4816289579
0.3554944605
2.0759951337
-0.0513355189
-0.3899567473
-1.1307138784
0.2707731065
0.6053884267
0.5817807001
0.7722722969
0.8455203698
-0.5858171462
2.2352584936
-1.1266243625
-2.0699520820
-1.1220448535
-0.2274860367
-0.8129168236
0.4074316349
-1.4168661889
-1.3669079974
-1.1928410845
0.6216640804
-0.3130258416
1.7303411063
0.9352226520
-0.1935669700
0.3527258395
0.6753424431
-0.0448410962
-0.5512238564
-1.2190475052
-0.7226285558
0.6241303069
-1.2701328145
-1.1988599404
0.1057904011
0.2219723529
-0.1201693463
-0.1055573093
0.5971126669
0.2288014620
-0.0721813100
-1.1354685575
0.7132714081
-0.8387604652
0.0643563474
-2.0099176815
2.0430049283
-0.0899816650
1.5897748943
0.9155651944
-0.3967786994
-0.7372336057
2.0933328341
0.9023386231
-0.4077780958
-0.0015263539
0.1919143347
0.8165314899
1.7940681039
0.3924203501
-0.6664821093
1.3807126664
0.4234399911
-0.0962240283
0.0272883294
0.2279365375
0.0001699641
-1.9256790937
-0.3602177433
-0.9443378243
0.0708282017
0.0508127081
0.1922466487
0.0712659503
0.2186779578
0.9456598949
0.1637985561
-1.4677364396
-0.1987539252
2.5563537652
-0.4626338451
-0.5185382722
0.0239863736
1.2699767614
0.2884809892
-1.1542884683
-1.8954179669
0.1287526883
1.3792121517
-1.8023717231
-1.8715486568
1.1756254476
0.3135887079
1.6503272605
0.2044594972
0.0640825832
-1.0280312389
1.4589220440
-1.6043180657
-0.3956077343
-1.3851217848
1.0576518824
0.6084917493
-0.3875799825
0.8750391670
0.3401883026
-0.5080329158
2.0197769077
0.4722869209
-0.7392172189
0.4970582626
-0.4528432586
0.2453899840
-0.2359850013
1.8455467007
1.4403009177
0.5759460046
0.4028870895
0.9025952640
0.1909798631
-0.5183797774
-0.5125957089
0.4300855980
0.1787338894
1.3405507274
0.0700038149
-0.4942436986
-1.2818387080
1.0488122157
0.1575738245
-1.7642689567
0.6101375215
-0.5431318023
1.0521100840
0.4179756429
-0.7516926180
-0.2840400385
-0.2161579250
0.8278963712
-0.5944512474
-0.1978663085
-1.1808675267
-1.4311165429
0.1790366068
-0.5389768783
-0.7000335846
-0.2455274681
0.3992284444
-0.7356995298
1.2342743317
0.9932754587
-0.4821796075
-1.1800525317
0.7792420915
1.1773479104
0.8465014239
-1.6395896141
2.4339499850
-0.7629837823
0.9310756349
0.7771203564
-1.2941258033
-1.2533413910
1.2008794600
-1.9658989620
-0.8588201246
-0.4939254082
-0.2630205632
-0.8085678080
1.5221613343
-2.1851859482
0.7260881669
-0.7425285438
0.9747345572
0.3458909172
-1.0456935689
-0.8035474759
0.6084641676
0.6826416309
-1.9230812328
-0.4376272753
1.3159128441
0.8020002534
-2.0348205724
-0.3877285955
-0.1251568884
0.2202568710
-1.0656323561
0.6769177687
-0.7853416692
0.7118955804
-0.6395236485
-0.2198792014
-0.1501417431
-0.1875373903
0.7414646812
-0.5181770227
-0.3791785491
0.6783497565
0.1239352670
0.1454134026
-0.1060871232
1.5829912247
0.0526993926
0.3735252731
1.2529978534
0.0380570293
0.2015505756
-0.9813013743
0.0808058363
-1.1228339866
1.0439236690
0.0894702421
0.4864567619
1.2523264272
-0.2468880312
-0.7960260178
0.8810344747
1.9009022323
-0.2275132669
0.6386871319
1.5919896588
-0.0761258785
-1.3853870435
-1.2459822246
-0.2929874092
-0.5967488728
-0.1655224525
-0.3160782195
0.5622802122
-1.0540971506
-1.3410088419
-0.3494369673
-0.7270479447
-1.3580574481
-0.2949066415
2.0776284407
0.5867164833
0.2554563462
0.2049830634
-0.3689640919
-1.0760033875
1.3138424433
1.7052398796
-0.0821810146
1.6899390120
0.2601437833
-0.9460374739
0.7515085996
-0.5410351119
1.1130318951
-0.4915780904
0.8028746126
-1.4296414040
-1.2452465690
-0.1940056896
-2.1367967169
-0.1060818998
-0.5732193092
0.2130982480
0.7649516961
0.1182468821
-0.0803779025
-1.1423019172
-0.1782291971
0.8991352686
-0.4857669510
1.2310653507
-2.1824279792
-0.2430457371
-0.5067497617
-0.4169514622
1.4718933160
1.1793281673
0.5831388198
-0.4369174089
0.0402455592
0.6791709665
-0.0714503166
-0.7772238098
-1.9813209599
-0.7922134264
-1.7137548369
0.7376528046
0.1139313989
-0.6606478283
-0.0031225968
-0.2288353984
0.6059009128
0.1819052325
0.8491082705
2.8574675636
0.2974841506
0.6287395333
0.3066913744
0.5967721330
1.4112379252
-0.0510255003
0.1316325532
-0.9255236319
1.4912793685
0.6887729154
0.8723693663
0.4137969117
1.7725352464
0.7937757340
-0.5953674138
0.7734159753
-1.5404308939
0.5026456664
-1.0661722220
0.0017477716
2.5805529099
-0.2214095950
-0.5481348447
-2.5492569545
2.0640073067
-0.1049504037
-1.3258675389
0.0270474863
1.0975560294
-1.6706612413
-1.9165275389
0.9974890148
0.8988262764
-0.5584402116
-0.4151010353
0.6330505326
0.3819594399
0.8548961030
-0.3763099269
-0.2972025573
0.0730320085
-1.3611063945
0.3355930716
0.7180373914
0.2544587621
-1.0050090492
0.5934128799
-0.4457814451
0.2665459674
-0.2326059390
0.7185238867
-0.0679435007
-0.0775152131
0.7450678708
1.6437521223
0.5792767488
0.3271462805
