15 3 0.13
42 0 0 0 1 0 2 1 0 1 1 1 2 1 4 2 2 2 3 2 4 3 0 3 1 3 2 3 3 3 4 3 5 4 1 4 3 4 5 4 6 5 2 5 3 5 4 5 5 5 6 5 7 6 3 6 4 6 5 6 6 6 7 7 2 7 3 7 4 7 5 7 6 8 2 8 3 8 4 8 5 9 4 9 5
31 0 0 0 1 0 2 1 0 1 1 1 2 1 3 1 4 2 0 2 1 2 2 2 3 2 4 3 2 3 3 3 4 3 5 3 6 3 7 4 0 4 2 4 5 4 6 5 0 5 1 5 2 5 4 5 5 6 5 7 4 7 5
40 0 2 0 4 0 5 1 2 1 4 2 0 2 1 2 2 2 3 2 4 2 5 3 1 3 2 3 3 3 4 3 5 4 1 4 2 4 3 4 4 4 5 4 6 5 2 5 3 5 5 5 6 5 7 5 8 6 1 6 2 6 3 6 4 6 5 6 6 6 7 7 2 7 3 7 4 7 5 8 2
3 5
4 4
2 2
0 0 0 0 0 0 0 0 0 0 0 0 0 0 0
0 0 0 0 0 0 0 0 0 0 0 0 0 0 0
0 0 0 0 1 0 1 1 0 0 0 0 0 0 0
0 0 0 0 1 1 2 1 0 0 0 0 0 0 0
0 0 1 1 2 3 3 2 0 1 0 0 0 0 0
0 0 0 1 2 2 2 3 2 1 0 0 0 0 0
0 0 0 1 2 3 3 3 3 1 1 0 0 0 0
0 0 0 0 1 1 2 2 3 2 3 2 0 0 0
0 0 0 1 2 1 2 2 2 3 2 1 1 0 0
0 0 0 0 2 2 2 1 2 2 1 1 1 0 0
0 0 0 0 1 0 0 1 1 2 1 1 0 0 0
0 0 0 0 0 0 0 1 2 2 1 0 0 0 0
0 0 0 0 0 0 0 0 0 1 1 0 0 0 0
0 0 0 0 0 0 0 0 0 0 0 0 0 0 0
0 0 0 0 0 0 0 0 0 0 0 0 0 0 0
0.1213858937
-0.2418177110
0.1205207093
0.1082798434
-0.0008629040
1.5998224597
-0.0281410602
-0.8616414423
1.2709819402
0.4656314406
-0.6447076617
-1.2115376240
0.8747240320
-2.0955849939
1.8837302755
0.9598803597
-0.5503183285
-0.6780010607
0.6409828068
0.8815395253
0.1677400483
-0.3581748042
-0.6662082463
1.9483939886
1.3013305356
0.3699772579
0.8370739846
0.5962848520
-0.6006017670
-0.2565032268
-1.2255839193
-0.4166620180
-0.4721110900
1.0851191183
0.1325004480
-0.4832143793
-1.5064134796
-0.4610827477
1.5837082074
0.6846655025
0.3567399260
-0.4760108187
-0.0898872837
-1.8425853727
1.0691842503
-0.2763630524
0.6696570528
-0.8846603059
0.6052951534
1.0407524453
1.2870754288
-0.9369538716
-0.5805567471
0.1909895645
-0.1818411706
0.9370430768
0.7024148845
-2.0718416935
-0.1432444935
0.5387203788
-0.5062726648
0.1973617352
-0.6197688987
0.2078993016
-0.5101535480
0.8256728496
0.2514614537
-2.0935633409
-1.3705781649
-0.3488662503
1.0968838819
0.9950218317
-0.1867813325
1.2461833372
-1.1479528283
-0.3752518002
0.3653461344
1.7597045522
1.5800405470
-1.6231442792
-0.7409837388
-0.8541772829
-0.1137542265
-0.1435931223
-1.2141853753
0.6397304747
0.4718912564
0.1992457389
-0.4154400252
0.3179841153
-0.8481245192
0.2174445917
-1.5076995484
-0.0234515791
-0.4087537343
1.1434968650
0.5825516825
-1.7056601299
-0.6158431754
0.3022489631
0.0744869265
0.4030691723
-0.2833072662
-0.1647160429
-0.6993102486
0.1539721468
-0.0946702359
0.1358853519
1.5253829767
-0.0569333419
-0.9796325318
-0.5974307856
-0.6755721155
0.4833988091
0.1370418664
-0.9660181248
0.6247594841
0.7617563314
1.8237694312
-0.5477614086
0.1760131344
-1.0884617750
-1.0881556205
0.6710616203
0.2442755556
0.8204504806
1.2069447729
0.3778707872
0.2985883232
0.9072913935
-0.1436714464
1.1300250337
-0.1545691101
1.5708606490
-2.6583162738
-1.0249469039
-0.4914084544
-1.0855179893
-1.4454870480
-0.8819657073
-1.0386808926
0.2502913309
0.6894965806
0.2123827599
-0.7886844178
-1.9535576332
-2.7336718008
0.6408419740
-1.5689253093
-0.6360097853
1.7284154550
0.6865355607
-0.3712659452
0.2368301155
0.2372264783
-1.8190294200
0.0041776400
0.2654381075
0.7736110610
0.3659527921
1.9659654538
0.1417504382
0.2175516314
-1.1045113912
-0.3739973611
1.2614596987
1.9890571228
0.4030704097
-1.3890275491
1.4863886441
1.9964755235
-0.5720910094
-0.3250828242
-1.0301910486
1.4373122305
-0.4149342669
-0.9345144049
-0.0178668760
-1.5853900794
1.8760165692
0.1139139387
0.7163898255
0.0261651224
0.4698967171
2.4067106156
-2.1641473506
-1.7132946487
1.4090229200
-0.4195864800
-0.8846488640
-0.1994839520
-0.4688374917
0.6667283955
1.9372991749
2.1261154800
0.7825733589
-0.9317761197
0.9773029708
-0.5140161634
0.3314412084
-0.6779240463
-0.4920012531
0.1920760885
-0.5970008710
-0.3212359387
0.3624542376
0.9140061109
0.0578674650
1.7170968227
-1.2765309128
-0.7171495419
0.7657300456
0.7521622884
0.9230167535
0.7709371961
-0.0784556576
-0.3201939327
1.4061054125
0.6978960783
0.7565049414
2.2054967035
-0.1135692019
-0.5385804773
-1.3140574954
-1.7316305791
0.8286186664
0.8938715883
0.4560588857
0.6916096510
1.3671492081
-2.0102676095
-0.5398519743
-1.2552739196
-0.7307707416
0.5344200676
-0.2884288176
1.6170434609
-0.1896028744
0.8685993141
-1.4939907971
-0.0094749532
1.1596499373
-0.3204347768
-0.6105423823
-0.4979659221
0.5463344995
-0.4114065744
-0.0161587168
0.8822206047
-0.1512516530
-0.6630133969
0.1359088302
1.0761377631
-0.3561817171
-1.3819757155
-1.0092042298
0.9952520274
-0.6844725513
1.3285338621
1.1041311223
0.1797464528
0.4236676071
1.1599027606
-0.7628262487
0.1304135647
0.3044287273
-1.8892296404
0.3750092607
0.4510731210
0.1781996685
0.9348365126
-1.4208449884
-0.4765026563
0.0665427749
0.0270593596
-0.4266447890
0.3261782077
0.2676347833
1.5823245898
1.0927425552
0.6307732038
0.6395628088
0.3529421392
0.7339754858
-2.6434788205
-1.3508187083
-0.5989562158
-1.1022060097
-0.4117632728
-1.3893596083
-0.2799271090
0.1904087858
-2.1887267002
-0.6248273783
1.5259873250
-0.9630907114
-2.8163363293
0.3245295333
1.4067082066
1.4249396358
0.0242795956
0.1252885492
0.1237915278
1.5945659741
0.4927406155
-0.4694225868
1.8592736442
-0.0923160552
0.6306005700
-0.2711253752
-0.5543557687
0.6712657227
0.6945236426
0.2068654858
-0.8775284436
1.0660466171
0.0826894984
0.4985788172
-1.1609541873
0.5149905069
0.9928237632
0.3485527935
0.5398978639
-1.4835959076
-0.3187938500
-3.1610880060
1.0029961252
0.6678633701
1.0297219053
0.1733155511
-0.6252922850
1.3662891525
0.3987997779
0.2937367850
-0.0938738974
-0.5589044659
-0.0608271512
0.7662675570
-0.4277873097
0.5302247749
-0.4339965372
-0.6211155288
0.6810370965
-0.1931196109
-0.1212493911
0.8761137489
-2.1243931956
1.1135582067
1.7145828602
-0.9980416952
0.9884303503
0.0050334135
0.6018029283
0.2054974035
-0.6190205694
-0.0102519002
-0.5127681271
-0.8978760801
-0.8181545426
-1.8349920771
-1.0158625200
-0.6211350608
1.1474491212
0.6034318226
0.3825964533
1.9432276825
1.2384971169
0.4224472537
-0.0777091594
1.2325392772
-0.3888766184
-2.4752649173
0.1839594959
-0.5323467983
-0.5058794740
0.7988981429
0.7160279308
0.0302748555
-0.2768557240
-0.9087305338
-0.2051543044
-0.7353778885
1.0529181534
1.3073640287
0.1087398565
-1.4049768024
3.2603442715
0.7274844825
-0.1317346159
2.1426323856
-1.3845871399
-0.8628016900
-1.2981679713
-0.5843449010
1.0922268013
0.3460613999
-0.6740942567
-0.0940381389
1.1954126584
0.3609491228
-0.6198012052
0.0275921360
-1.5489355081
-0.0046578154
1.0030380668
0.3876309203
0.3632508923
-1.3947298198
1.2948226655
0.4758361378
-1.0496266992
0.7130159357
1.5647711607
0.8087426568
-0.0809128682
1.0573090227
0.3891015416
-1.8409299138
-0.7511679869
-1.2387162595
0.6072251182
-0.5182460022
-0.5329617903
0.6995587150
0.8866223475
1.6880662398
1.1828393382
-1.9376668213
-0.2641519118
-0.1828470853
1.6469836711
1.0295687416
-0.2954782741
0.0349572735
0.5082139814
-0.5523544216
1.1844874403
-0.4423334883
-1.1435770820
0.9037554116
-1.4344316908
0.8738313042
-0.8746585287
-0.1829267317
-1.3781122728
-0.1401777556
-1.4962045666
1.4723411745
1.4994738193
0.8615019266
