15 3 0.12
40 0 7 1 7 2 5 2 7 3 3 3 4 3 5 3 6 3 7 3 8 4 2 4 3 4 4 4 5 4 6 4 7 4 9 5 2 5 3 5 4 5 5 5 7 5 8 5 9 6 0 6 1 6 2 6 3 6 4 6 5 6 6 6 7 7 1 7 2 7 3 7 4 7 5 7 7 8 3 8 4
33 0 1 0 2 0 3 0 4 1 0 1 1 1 2 1 3 1 4 2 0 2 1 2 2 2 3 3 0 3 1 3 2 3 3 3 4 4 0 4 1 4 2 4 4 5 1 5 2 5 3 5 4 5 5 5 6 6 1 6 3 6 4 7 3 7 4
40 0 2 0 3 1 1 1 2 1 3 1 4 1 5 2 0 2 1 2 2 2 3 2 4 2 5 3 2 3 3 3 4 3 5 3 6 3 7 4 1 4 2 4 4 4 5 4 6 4 7 5 2 5 3 5 4 5 6 5 7 6 2 6 3 6 4 6 7 7 2 7 3 7 4 7 6 7 7 8 6
6 3
0 5
2 7
0 0 0 0 0 0 1 1 1 1 0 0 0 0 0
0 0 0 0 0 1 1 1 1 1 0 0 0 0 0
0 0 0 0 0 1 1 1 1 1 1 0 0 0 0
0 0 0 0 0 1 1 1 2 2 1 1 1 0 0
0 0 0 0 0 1 1 2 1 2 1 1 1 0 0
0 0 0 0 0 0 1 1 1 2 2 2 1 1 1
0 0 0 0 0 0 1 0 2 2 1 1 1 1 1
0 0 0 0 0 0 0 0 1 2 2 1 0 1 1
0 0 0 0 0 0 0 0 1 1 2 1 0 0 1
0 0 0 0 0 0 1 1 1 2 2 2 0 1 1
0 0 0 0 0 1 1 1 1 1 1 0 1 1 0
0 0 0 0 0 1 1 1 1 0 1 1 1 0 0
0 0 0 1 1 1 1 1 1 1 1 0 0 0 0
0 0 0 0 1 1 1 1 1 0 1 0 0 0 0
0 0 0 0 0 0 1 1 0 0 0 0 0 0 0
0.3249412685
0.5719666612
-0.5377276183
0.9147526173
-0.9901155952
0.0039508918
-0.4320120038
-0.3136992104
0.5904891179
0.8893830653
0.4329632337
-1.5099061409
-0.2542292255
-0.1075218992
0.3790514754
0.7189534667
0.2667298531
-0.4279627916
-0.8534853867
-0.9063672830
2.1238359088
-1.1561211849
0.0686254445
1.4675688657
-0.0694262821
0.1647558806
-0.0924131149
-0.0988204066
2.0986242639
-0.2234261348
-0.4839048852
1.4249355419
2.4408447173
1.7292982001
0.4133058247
-0.6770310751
-0.3544954183
0.3767255103
0.9063557060
0.6335241163
-0.6826675526
-0.1311285326
-1.4371745975
-1.6530821638
-0.0013356576
-0.7893558046
0.0681363055
-0.2075799091
0.2747048231
1.0224584491
-0.6222942781
0.8711134470
-0.0713665523
-1.6252519696
-2.4178321915
0.3034929499
0.3737222375
0.8793240029
-0.0281519976
-0.4066560044
0.4886602621
1.0973440591
0.1797020938
1.0290404391
-0.8411276237
-0.3209773234
0.4910351297
-0.4737192535
0.3978634432
0.0195116982
-0.1439311050
-0.3413102094
-0.3257391649
-0.6571175748
1.6911569991
-0.7410019038
0.3789812389
1.0454844693
-0.3002467472
0.4413882629
-1.4589542930
-0.8594525944
1.4102822677
-0.5717192206
-0.8746911640
-0.6623424931
0.1610129680
-1.4428736366
-0.0979345788
-0.1315939999
-2.1731632503
0.0524631052
0.0556819305
1.2184255471
-0.4209025619
0.9306716561
-1.4070382585
0.1545705808
0.9019644060
-1.5040526538
-0.8006874632
1.1087386629
-0.1164600627
1.1120439587
0.7079929221
-0.4735923934
-2.3015508237
-1.2477491667
-0.1381540758
0.4366048210
0.9279817703
-1.5546171334
-0.8357209801
-1.5385959290
-1.1173368944
1.0886476181
1.5444306533
-0.9059553189
-0.0023833605
-0.4643242941
1.0988664309
1.0941835620
0.7181231370
0.5399888415
2.5126627210
-0.5023770479
1.9497193946
0.0345146775
-1.7160921119
1.4150513324
3.7590771940
-0.1407270382
0.7890131972
0.3948817137
-0.2423716924
-0.6933968321
0.9662392155
0.3765014071
-1.3189260568
1.0611156358
-1.4392985253
-0.7384510473
0.8677445950
0.0417262192
-0.3989607085
-0.1239148995
0.6774609598
0.0093002143
0.9885578266
1.7332978261
-0.4728377600
-1.4988587210
0.3782636564
0.3053432602
1.2479767146
-0.7667007545
-2.0685354616
0.5488458123
1.2608938811
-0.7347753804
1.2605801456
0.2337221668
1.0211421921
0.2709730132
0.3406519814
-0.4346032627
-1.8473885543
1.4134267444
-0.0091374126
-0.4571940370
-1.0633040252
0.5514810302
-0.3183191847
-0.2807895413
-0.4465104597
-1.4150919595
-0.5850299064
0.5224997372
0.4407017886
2.0368913127
0.9473359386
0.2729769473
-0.9923729926
1.0790304652
-0.6405805628
0.4773431179
-1.3040484860
0.1549170405
2.1660614417
0.5958439928
-0.5828100369
-0.8952800802
-0.9495037205
-0.9418645232
0.2790020442
-0.9761570169
-1.6194114924
-1.2855083819
1.7521609109
-0.4062094697
0.1691725902
-0.5923638509
-1.1281319629
1.1600181739
-0.1589109988
0.7625098741
-0.5770732776
0.4708454052
-1.2661864070
1.8378485205
0.2463170091
0.1263920769
0.9621026062
-0.7376449797
-0.4644900575
0.7828401166
0.3179627540
-0.1667838225
1.9158686750
-0.4808597547
1.5023024200
0.4639610608
-0.9233846816
-1.5228207180
0.6126601365
-0.2394422573
1.9288885451
0.8254189236
-0.0775780078
0.1280925960
0.6287828886
0.2518046989
0.3068380987
-0.6003082619
1.9805541495
0.2608269698
0.4548605126
1.3627952563
-0.6412439819
0.6155411066
-1.5123615627
-0.1374561540
-1.3168344811
-0.5803268496
0.9482357143
-1.1595539592
0.0427665175
0.2995495959
0.7569874324
-1.5534070132
-1.3224444180
-1.2080666698
-0.8623960454
-0.9113167684
-1.0785364371
0.7786061256
-1.1766958393
1.2729894883
-0.0915341376
-0.6447711822
-0.6087027448
1.2674610545
0.2283685331
-0.2583952581
1.3270400784
0.0147090857
0.5051648247
-0.3527731171
-0.1285908878
-0.4492682151
0.0219228184
-0.4768270946
-1.7953413353
0.9138144459
1.5075481200
-0.3830125776
-0.7774209907
1.7039538623
2.6732467127
-0.2689168752
-0.7308070398
-0.7436211969
-0.7171931674
0.6002859662
-0.2936376300
-0.7307225846
-1.2034600478
1.3205142958
0.9094901974
-0.5904558402
-0.4520014457
0.4218762379
0.0457615639
0.4174311342
1.1149870910
-0.7782957105
0.4058015800
-1.9152634849
0.1784305300
-0.2816472799
1.0020015997
1.2683119810
-0.9925173474
1.8068410054
0.3976731400
0.2647289901
1.0406725911
-0.7954800473
-0.0720150435
0.8651053932
0.4210340344
-0.7178372698
-0.2348577760
-0.3219936643
0.9071828116
0.0357699124
-1.0678371415
-0.0692533548
0.4515653781
-1.3038464114
1.0059261094
0.8333677134
0.0611979938
-0.4738190204
-0.5824184159
0.9651082900
1.1269836497
-1.2408693238
-0.4602597719
0.8291601464
0.4062063723
-0.2100540792
0.0192292162
1.3786302872
1.0950393626
0.2425716962
0.4308122480
0.7733343248
-0.8452666543
0.1970307466
0.8422698679
1.1367498135
1.6550536279
1.0478132743
0.4128479308
1.2474878859
-0.0321228384
-0.4737746226
0.5386256235
0.0916919974
0.2224575651
1.1967287897
-2.1900398082
-0.6172757004
-1.1467967823
-1.3887805575
0.2855203795
-0.5382066671
0.9567686466
1.4522462866
1.7910158823
0.5686303835
-1.0437688027
-0.6189741204
-1.0173595678
1.3674978475
0.5850817570
0.2702213891
0.5806547561
0.1081221688
0.1024099042
-0.2726980516
-2.5901148121
-0.3909747305
1.8185172129
-0.9233112965
1.1513151262
1.5100761733
-0.9373674511
0.5057782032
-0.7336988900
0.2315686723
-1.1222340747
0.6742565867
-0.3173623623
1.0818665428
0.7235605428
-0.2163093311
0.6423041234
-0.2131832464
1.6994491526
-0.0838119982
-0.6305201084
-1.6938986108
-1.0238840040
1.1337000184
1.3857191805
0.5531517181
0.9561457725
-2.3372390940
-0.6489086823
0.5719478636
0.1331076410
0.4287248171
1.5435323702
1.6303476900
-0.5470918745
-0.8418199043
0.7250283667
-1.3803767583
-1.2304871643
-1.9790095996
0.8666254611
-0.3240262995
0.0512217944
1.1258506531
-1.5025715722
0.3357353167
-0.8230181263
-0.6968303456
1.0442924930
-0.8667881174
0.5064430219
1.0976299686
-0.5339097067
0.1051410304
-0.8364102516
-1.1196200939
0.1125846667
-0.1798022343
-0.1930719374
0.1246867208
0.2883176982
0.3898477843
0.5030848256
0.7370225168
-0.6058062151
0.4208249571
-1.8201974397
-0.1459240006
-1.5479662567
-0.2216000419
-0.8126973942
-1.4689098795
-0.8833420894
-1.3923952398
1.0835867308
-1.3894985668
-1.7174439551
-1.3838454807
