15 3 0.07
43 0 2 0 6 0 7 1 0 1 2 1 3 1 4 1 5 1 6 1 7 2 0 2 1 2 2 2 3 2 4 2 5 2 6 2 7 3 0 3 1 3 2 3 3 3 4 3 5 3 8 4 2 4 3 4 4 4 5 4 6 4 7 4 8 5 2 5 3 5 4 5 5 5 6 5 7 6 2 6 3 7 3 8 2 8 3
34 0 4 1 3 1 4 1 5 2 3 2 4 2 5 2 6 3 1 3 2 3 3 3 4 3 5 3 6 4 2 4 3 4 4 4 5 4 6 5 1 5 2 5 3 5 4 5 6 6 0 6 1 6 3 6 4 6 5 7 4 7 5 8 3 8 4 9 4
13 0 2 0 3 0 4 1 0 1 1 1 2 1 3 1 4 1 5 2 1 2 3 2 4 3 3
1 1
0 0
10 9
0 0 0 0 1 0 0 0 0 0 0 0 0 0 0
0 0 0 2 1 1 0 1 1 0 0 0 0 0 0
0 1 0 2 2 2 2 1 1 0 0 0 0 0 0
0 2 2 2 2 2 2 1 1 0 0 0 0 0 0
0 1 2 2 2 2 2 0 0 1 0 0 0 0 0
0 1 1 2 2 1 2 1 1 1 0 0 0 0 0
1 1 0 2 2 2 1 1 1 0 0 0 0 0 0
0 0 0 1 2 1 0 0 0 0 0 0 0 0 0
0 0 0 1 2 0 0 0 0 0 0 0 0 0 0
0 0 0 1 2 0 0 0 0 0 0 0 0 0 0
0 0 0 0 0 0 0 0 0 0 0 1 1 1 0
0 0 0 0 0 0 0 0 0 1 1 1 1 1 1
0 0 0 0 0 0 0 0 0 0 1 0 1 1 0
0 0 0 0 0 0 0 0 0 0 0 0 1 0 0
0 0 0 0 0 0 0 0 0 0 0 0 0 0 0
-0.5061254849
1.1310708370
0.5804543201
0.8896428566
1.1537468055
0.3008612317
-0.0400241852
-1.4399274356
-0.6376700533
-0.4604430827
-0.1252261443
-1.5196339375
0.0008713431
-0.2641744464
0.4737391889
0.8028764929
1.8691196845
-1.1244772451
1.2600912450
1.1504279622
0.5558967975
-0.6387661379
1.1473294958
2.1974156375
-0.3524968851
1.7118569576
-0.7258192355
0.8824597156
-0.4885226607
0.5834189207
-1.4335042570
-0.7628198067
0.7665226042
1.4305001345
-2.5729595686
-0.1919953261
-0.2308829604
0.9295995320
-0.4541196911
-0.5234745308
-1.3995427180
-0.5045439698
0.7472971676
-0.5644761230
-0.5549252039
-0.0902253275
-1.2190581143
0.6066896643
-0.4916175249
0.7623206935
-0.5789536549
0.2028260106
-0.6273906275
-0.4435446864
-1.2728101281
0.6718252859
0.5667746383
1.4437519966
0.5615885911
-1.0859519418
0.2032145903
-0.0689124270
-1.0911433142
-0.6097299855
0.0374449614
-1.7948149233
-0.2667667572
-0.0039807634
-0.0514554462
-1.3438226952
-1.1732743588
-0.4170730508
1.3503355236
-0.3189614655
-0.7756743028
0.6082028278
0.0632599133
-0.2179467241
1.0637775547
0.4086096140
1.4912299769
-0.5583470805
1.1175155955
-0.6855802004
-0.9984950842
1.5667181852
0.6545066533
1.4012987777
-1.0349824948
0.7232512749
-0.5384326933
1.2326779261
-1.9298151245
-0.7930295475
-0.5591433675
0.4791540216
0.6641429335
-2.0477534396
-0.0281758692
-1.1027469336
-0.6868845238
0.8908657274
-1.6838760824
0.4539392812
-0.7433013739
0.9009184379
2.0143231993
0.9514708050
-0.8817835212
0.8376789557
0.5658156643
-0.5624243931
0.0418887213
0.7839778121
-0.0717369797
0.3635131214
0.6692070325
-0.7660717041
-0.0402158352
-1.8422823494
1.4647357250
0.2584050573
1.3016198738
0.7187819009
0.3312974243
0.4175966123
-2.0915821928
1.2632082542
0.9542192455
-0.0827458490
-0.1456774996
-0.8552425372
3.3339944549
-1.4156684381
-0.8761848868
0.8302516822
-0.3664014544
0.1568325580
-0.9193980275
1.3264819903
-1.0332969734
-0.3360844705
0.6369690377
0.6141953600
-0.0280419620
-0.0370969973
0.6190494166
-0.4909649012
1.8140323296
-0.4113168235
-1.1367672848
1.1930342329
-0.2643113877
0.7844221868
2.8238974186
0.0953054920
-0.9595798692
-0.6044067340
0.0059699258
0.9032165489
-2.8384145207
-1.6853774292
-0.1120385217
-1.9014260294
-0.3727593698
1.1546681199
-1.0806171379
0.1733639338
1.1141600911
1.6759323854
0.9860316193
-1.0860641196
1.2338751845
0.1669638377
0.0944257600
0.6399038862
-0.1486205973
2.0045211595
0.1661347867
0.4787969758
0.4554511119
-0.5291909284
-0.5930592834
0.8261105496
0.2284090559
0.4070781527
1.9656769674
1.0915526603
-0.5220935032
0.9297631836
-1.7565942913
1.6096276900
-1.8412867435
-0.8231286160
-0.3982059148
-0.4294888443
0.8328281613
-0.5112500169
1.7306937252
1.2539924912
0.8225606759
-0.1164446001
0.8489826414
0.4863101534
1.3054183472
1.1180183117
1.1018144795
-1.0287435480
0.6249856576
0.6725884303
0.1109049959
1.5876593761
0.5473406840
-0.0335382275
1.1403213103
-0.7045538429
0.8835259051
-0.8536502935
0.2119514728
-0.0156538875
-1.7387796196
-0.8789492056
1.4939875229
1.0215213996
0.3216397790
-0.2997094666
1.1381606107
-0.7549457162
0.2509286704
-0.5449793469
0.6231796078
0.2146986610
0.4740677783
0.1086381927
0.5720113803
-1.2421186555
-0.6870545872
-2.5366981240
0.9390315652
1.0406568014
-0.0355653479
-0.3684263857
-0.9424023713
0.4657553622
2.7793053381
-0.9159008851
-0.9895523010
0.9666560088
0.7295659928
0.1661267516
0.0605910998
-0.2421132026
-0.7358301838
-0.3244466407
-0.1119125164
-3.0790676278
-0.0223480277
0.7862109310
-0.3188802399
-0.4953749685
0.1773367761
-0.2923856797
-0.1340985453
-0.5850494855
-0.6737735183
0.0522581480
0.1145144533
-0.0094999085
0.9218824855
-0.7623657664
-2.5593498331
0.5174519274
0.8186146241
-0.2114927214
0.8301020621
-0.1735160583
1.7980753952
-1.4815841992
1.1155071610
-0.8373721404
1.7608356170
-1.4505085512
-1.9619275196
0.1137990924
-1.5774431215
1.2502247599
-0.0366660846
-0.5980680447
1.0508459630
-2.3114992526
-0.1844928893
-0.4278919163
0.9836823111
-1.3285081114
1.3391120050
0.7170375520
0.8284485960
0.9491133628
-0.7829799351
-0.4403386343
0.3765198749
-0.8756609379
-0.0372622227
1.6132098693
0.4854545487
1.5042891950
-0.1472571928
-1.1980151018
0.1472392895
0.2360458764
0.4128193629
1.6932452063
1.7207716551
0.4791531117
-0.3035329323
0.6306529819
0.3936553348
-0.3003826778
1.0092065881
-0.7731183391
0.5105631256
0.1981750452
0.2541248465
0.4903602800
1.3191839222
2.1008980501
-2.0780381527
0.9466229990
0.8012935632
-0.7637303366
2.2215363287
0.4134641670
0.1729315121
0.2027305435
0.5636604623
-0.5545154293
-0.1328440497
1.7343681048
1.6084629813
-0.6710040918
0.8753757875
0.3695268128
-1.1672361832
1.0155295420
-0.5478433510
-1.4773477187
-0.2459600342
-1.2074475540
0.0597517133
-2.5163583836
-0.3564525905
-0.0004174993
-0.6400044314
0.4990205764
0.5456747353
0.0861695512
0.0393759430
0.8068492253
-0.8693661558
0.8724812141
1.9162503653
-0.4611807048
-0.0982974624
-0.4464140126
-0.5392458110
-0.0658044877
-0.0401606480
0.6161146185
-0.1903242143
0.1306548319
-1.9726021836
0.2201844137
0.7080276543
-0.6282788932
0.3909527840
-1.6991879936
0.3999165981
-1.1349966237
0.6365599028
-0.3671948486
-0.6123631703
-0.6682390654
-1.0582063791
2.0641532231
-1.7219287534
1.2086223436
1.1928828147
-1.2741333455
0.1733107311
1.5988513713
0.3745760762
-0.8525069288
0.7301241015
-0.3674664798
1.1773833960
-0.1469066769
-0.4726076019
-1.7496691955
0.7443377212
-0.2129036332
-0.0896868500
1.6501946291
0.9393432116
1.8102674197
-0.3368856432
-0.8032718808
1.7561861035
-0.2373143704
-1.3059254417
1.0827238492
-1.3882729618
-0.3970890687
0.0471919961
0.6045608468
-0.8228284080
-1.4158714962
-0.5992375808
-0.4150699457
-1.1293322175
-0.6523205259
2.0574052958
2.2538080185
1.3199422699
-0.1829397645
1.0033253168
0.3828932059
0.4069268064
1.8359344991
-1.5673697113
-1.1808690177
0.6118268775
-1.1181751866
-1.0278810893
1.3016557258
0.2320346939
0.2690137487
1.3414201381
-0.6341772274
1.6071616005
-2.2323954589
0.3173718856
0.3433426426
0.2950035888
-0.0446462537
0.0012632996
-0.4318057159
0.3274310626
0.4618297532
0.0213410141
0.1697777432
