15 3 0.17
32 0 1 0 2 1 1 1 2 1 3 2 1 2 2 2 3 2 4 3 1 3 2 3 3 3 4 3 5 4 1 4 2 4 3 4 4 4 5 5 0 5 1 5 2 5 4 5 5 6 1 6 3 6 4 6 5 7 1 7 2 7 5 8 5
43 0 1 0 2 1 1 1 2 1 3 1 4 2 4 3 0 3 1 3 2 3 3 3 4 3 5 3 6 3 7 3 8 4 0 4 1 4 2 4 3 4 4 4 5 4 6 4 8 5 3 5 4 5 5 5 6 5 7 5 8 6 1 6 2 6 3 6 5 6 6 6 7 7 3 7 5 7 6 8 5 8 6 8 7 9 6
46 0 3 0 4 0 5 1 4 2 2 2 3 2 4 2 5 3 4 3 6 3 7 4 4 4 5 4 6 5 2 5 3 5 4 5 5 6 3 6 4 6 5 6 6 6 7 7 3 7 5 7 6 7 7 8 0 8 1 8 2 8 4 8 5 8 7 9 2 9 3 9 4 9 5 9 6 9 7 10 2 10 3 10 4 10 6 11 5 11 6 12 6
4 7
2 1
1 0
0 0 0 0 0 0 0 0 0 0 0 0 0 0 0
0 0 0 1 1 1 0 0 0 0 0 0 0 0 0
0 0 1 1 1 0 0 0 0 0 0 0 0 0 0
0 0 2 2 2 2 0 0 0 0 0 0 0 0 0
0 0 0 0 1 1 1 1 1 1 0 0 0 0 0
0 1 1 1 2 2 2 1 2 2 1 0 0 0 0
0 1 2 2 2 2 1 1 1 2 1 1 0 0 0
0 0 0 1 2 2 2 2 2 2 1 1 1 0 0
0 0 1 2 1 1 2 2 2 1 1 1 1 0 0
1 1 1 0 2 1 1 3 1 1 0 1 1 0 0
0 0 1 1 1 1 2 2 2 0 1 1 1 0 0
0 0 1 1 1 0 1 1 1 1 0 0 1 0 0
0 0 0 0 0 1 1 0 0 0 0 0 1 0 0
0 0 0 0 0 0 1 0 0 0 0 0 0 0 0
0 0 0 0 0 0 0 0 0 0 0 0 0 0 0
-1.1724573720
0.4215715359
-0.0274647610
0.4792198548
2.0366085622
-0.1741302972
0.1738152614
0.5738871145
0.6736428023
-0.9600121197
-1.2742603648
-1.9697973081
0.8256116675
-0.8942075480
0.8118271148
1.2298234003
0.7327265233
-0.5536896725
0.1381930690
-1.2483938134
-0.4832647693
-1.6189577104
-0.8297924872
-0.2607059810
1.0405206497
-0.3943238042
-0.7116553667
0.3826567359
-0.6218923752
2.0997215118
-0.2759475571
-0.7988402128
0.6002609724
1.3365728419
0.0331769587
-0.7842737358
-0.4792439933
-0.4573634405
-1.6713806603
1.7672348055
0.3419752428
0.3890867501
-1.4162212023
0.1097722284
1.4131878885
-0.6484832535
0.2828993687
-0.1716461371
-1.2581585509
0.6611017545
-0.9952981996
0.4689479777
-0.3874823888
0.1918968439
-1.2616802193
1.3548343458
0.6918146667
-0.6470047921
1.1382294325
0.2600650803
-0.1579724835
-0.4281283678
1.4157544975
-0.2569935086
-1.9643058023
2.7468612282
-0.1659412188
1.4469017542
-0.5208723929
1.0009176863
1.6745940539
1.0394972365
-0.3666537822
-0.6217702603
-0.4514867430
-1.0490208797
1.5959672270
0.5547119813
1.3153155218
0.5926354884
0.5911569015
-0.2547594246
-1.3634861789
-0.4436317502
-0.0268439066
-0.3723072534
-0.0865920487
1.1417767405
1.7604173352
-1.4163532216
0.9500952772
1.7630958269
1.1950068734
1.2426636550
0.3979563774
-0.9989508312
-2.1283226473
-1.7085788250
-0.2343477720
-1.4904827814
0.2914170469
1.6965210407
1.1414112612
0.6993466038
-0.4130441324
-0.8893996927
0.7396619210
-0.7554066001
1.1806240755
-0.1682509191
-0.1698461888
-1.8438313766
1.8337549859
0.8701894038
0.5757794673
0.2975969264
1.5701628264
0.2743698732
-0.7836224180
-0.1586364717
-0.1682541552
-0.7263591219
-0.6518140143
0.1723040808
1.0070746897
0.1096631720
0.5465349735
-1.6085638692
2.4637734138
-0.7098418171
0.6684225735
0.0837974526
2.0786732545
1.7865873820
0.8258772924
0.3378917872
-0.8254885989
-0.3580822555
1.3071291110
-1.2137235710
-1.4333792944
0.7995319711
-1.8971959670
-1.2946283644
-0.0665731632
0.9016001681
-2.3965110287
0.2041807263
-1.3465601970
0.1901852682
-0.2136042445
-0.3750780871
-0.7440873424
-0.4279110103
1.3643665693
0.1702796989
0.2425007725
1.2961525632
-0.9978257793
-2.7640397169
1.7681288018
0.4607634731
1.3267900759
1.5652658933
2.4257182128
-1.1975679766
-2.2639719060
0.3178814064
-1.7587743401
1.0527830340
0.6325928192
0.0273976768
1.7825282376
0.8031164374
1.3805889522
-2.2031635360
-1.6256200908
-1.3976762233
0.9726915621
0.8561243713
0.3016167755
-1.3935220579
-1.0502457360
-0.5815068531
-0.0476644574
-0.8800642134
0.4477960371
1.6730440181
-1.9594367781
-0.6662357463
0.3232352765
-1.5012306955
0.1928382563
0.4775014334
-1.6846488430
-1.0110589283
-0.7296264879
-0.7473274594
1.3722863158
0.0153339660
0.5966103279
0.3296898408
-0.7302353451
0.3216959037
0.8774488089
0.6800039411
1.9310753424
-1.3204828414
0.6396965910
1.6482025040
0.1866570387
0.7225234842
-1.3098249644
1.0649402571
0.7275674655
0.4338766620
-1.5002265610
-1.8361768828
0.6025254786
-0.1510302355
-1.5287999577
1.0161811700
1.1130002002
-1.2227884558
-0.4315842241
-1.3597553639
-0.1626267337
-0.8323904932
-0.1635362608
1.6556674545
-0.3245518904
-0.2210332195
-0.1167884290
-0.7303546483
-0.5804161556
-0.6511031795
0.1149926475
0.3727359285
0.5956926943
-0.1551752089
1.6297589127
1.0834197034
0.9549020281
1.8388009192
-0.3005012830
2.6513734591
0.4533836231
-0.8475850152
-0.0894128190
-2.1991752812
0.1449181018
-1.5055534451
1.2476694769
-0.9345178760
-1.0911340099
-0.3684933362
-0.5799987937
-0.4760847846
2.4972162840
0.2782026428
1.7707484092
0.4700730889
2.3517899915
-2.9608183546
-0.1230261505
0.4943278863
1.3088575799
-1.1006097536
-0.5214271108
-0.2218886012
0.9834444750
-1.1716408530
0.3105206686
1.6186172771
-0.3204790525
-1.5035961646
-1.0973294050
-0.7596528186
-0.9798795282
-1.2870912246
-0.0282849042
-0.6803610778
-0.9793748257
-0.4909025859
-1.9997393418
-0.5257102457
-0.8065045562
0.4499015037
0.9857083531
0.2649866992
-0.2977534837
0.5943892427
0.9599767128
1.3619308168
-1.0756674472
0.4547188152
0.6355216664
0.7376194037
-1.3175681589
-0.4019389310
-0.4954461661
-0.0223065153
-0.6856368303
-0.3485467677
-0.5847199339
0.4360161137
0.6475809281
0.2792152487
0.4414888633
0.0879934809
0.3410537916
0.6598855333
0.3653865599
1.7518844037
-0.0951772159
0.4803524349
1.4385717358
-0.0716603421
0.2910047801
0.3304222719
0.5706580929
0.3702661559
0.1037470083
-1.5831653882
-0.4922376723
-0.3075089818
0.8088930484
0.4013558488
0.7646942302
0.8309395795
1.2112351558
0.5581226850
2.0524320719
0.0156835087
0.5990042007
0.6842888373
-0.5274415085
-0.4867940126
0.3564955981
0.0820189837
-0.6871779855
0.1354311450
2.3706632229
1.5883894809
1.0733437344
-1.3031801762
1.1382236819
0.1783189906
0.1349286275
-0.8321835088
-1.2398830741
0.4647920047
-0.5321687324
1.6291842621
-1.6288283694
0.6269918014
1.2077282716
0.7128632210
1.0506293136
-0.9971383906
-1.1078580111
-0.4545645100
-0.6265607668
-1.0208096091
-0.5119081705
0.1250537908
0.3888002198
-0.2608649169
0.1925582754
-0.6654613481
0.1365809754
0.2716355796
-1.2759797803
1.8259253108
-0.3847041534
-0.2940132821
-0.9956200066
0.4743299021
0.3025153128
2.2125115990
1.1060779030
0.2558277635
0.4125304893
0.5576516069
-1.4504183264
0.0492818071
-0.5866398588
-1.7116668255
-0.3249246379
0.4130487762
-0.7586585280
-1.0792550463
1.5567333780
-0.1257591403
1.3646455788
0.0089874453
-0.7786320658
-0.1860081396
0.8773486274
0.2695759992
-0.9273187940
0.6501308600
0.7911978573
-0.7168184137
-1.3540201412
-1.6775964093
-0.2867067715
-0.6527970192
0.7006412130
-0.0136621805
-1.4123281220
1.0683902943
-1.3165699762
-0.2615639664
0.4398193462
-0.3210748077
-0.6250894376
0.9333773148
2.9636632413
0.8459739640
-0.4764899031
0.4736164748
-0.1052009509
-0.2190203591
-0.6035290927
-0.1132426844
-0.3663486052
-1.1775262622
-1.0397069573
0.3832339119
-1.1958306419
1.1786579526
-0.1778570882
0.8832417111
1.1349473167
-0.2323074555
-0.2576221614
0.9143211629
-0.5314690996
0.2524067453
0.3009086582
-0.9569478853
1.7898299291
-0.0753598806
-0.9257447351
-1.4115318501
-0.4950305857
-0.3051494993
-1.0336424405
1.7960808793
