15 3 0.13
15 0 1 1 1 2 0 2 1 3 1 3 2 3 3 3 4 4 1 4 2 4 3 5 1 5 2 5 3 6 3
10 0 0 0 1 1 0 1 1 1 2 1 3 2 1 2 2 2 3 3 2
20 0 4 1 1 1 2 1 3 1 4 1 5 2 0 2 1 2 2 2 3 2 4 2 5 2 6 3 1 3 2 3 3 3 5 4 2 4 3 4 5
1 1
11 5
6 5
0 0 0 0 0 0 0 0 0 0 0 0 0 0 0
0 0 1 0 0 0 0 0 0 0 0 0 0 0 0
0 0 1 0 0 0 0 0 0 0 0 0 0 0 0
0 1 1 0 0 0 0 0 0 0 0 0 0 0 0
0 0 1 1 1 1 0 0 0 0 0 0 0 0 0
0 0 1 1 1 0 0 0 0 0 0 0 0 0 0
0 0 1 1 1 0 0 0 0 1 0 0 0 0 0
0 0 0 0 1 0 1 1 1 1 1 0 0 0 0
0 0 0 0 0 1 1 1 1 1 1 1 0 0 0
0 0 0 0 0 0 1 1 1 0 1 0 0 0 0
0 0 0 0 0 0 0 1 1 0 1 0 0 0 0
0 0 0 0 0 1 1 0 0 0 0 0 0 0 0
0 0 0 0 0 1 1 1 1 0 0 0 0 0 0
0 0 0 0 0 0 1 1 1 0 0 0 0 0 0
0 0 0 0 0 0 0 1 0 0 0 0 0 0 0
1.1924441046
0.0249210766
1.8690286590
0.5367955737
-0.0161528384
0.9089051962
-0.1880371505
0.4684198179
0.2559990850
-1.0379610549
-0.1539093413
1.2041890041
0.4953220706
0.1399309668
-1.2421473133
-0.4170323588
0.0890418086
-2.1677778623
1.2770999194
0.6714396429
-0.2665187998
1.8564540435
0.0785403695
-0.3699025873
0.1288861399
-0.6625220755
-0.1616498513
-1.2004190862
-1.5761849529
-2.6793115893
0.1629715075
0.6721721100
0.1553329686
-0.5699452722
0.0458829161
1.1769776533
1.2676547385
-0.3949857337
1.7374847065
-0.9658926164
1.3061821100
-1.3208453861
-0.2864973701
-1.0365870830
0.4161066341
-0.4752639206
-1.2218362673
-1.4332170083
1.2381394788
-0.4772260334
-0.3865494894
-0.8088632465
-2.1304091433
-0.3111077647
0.2388673212
-1.0599798075
-1.1912560980
-0.9962693374
0.8533980210
-1.4185889954
1.2880593246
-0.8453405138
1.8904634250
0.3270311737
-1.0495805973
-0.0537205900
-1.3316544997
1.2636945341
-0.9264285016
-0.5363706320
0.1012256372
0.7359443178
-0.7079721398
-0.3388860424
-0.7909608840
-0.4123001235
-0.9028619897
-1.1103790009
1.1673060145
0.6172064767
0.4084368793
-1.0993240075
1.2320309463
-1.2315850460
-1.9086560432
-0.3225878254
0.0398918319
-0.6228025760
-0.3445764963
-1.0346422856
-0.5711256520
1.1842756720
-0.0671834696
0.9920659358
-1.3796590609
1.3675176557
0.1751399694
-0.5546623348
-0.3862739154
-0.7002618293
-0.1210644317
0.4840922816
0.5058005817
-0.0884013073
-0.4691594201
-0.1471432339
0.4771262721
0.4564279543
-1.0624836549
-1.6234236609
1.6130901953
-1.6665682196
-0.0330347318
0.0888369753
0.4651292833
0.8001029401
-0.1102056568
0.5093168709
-0.1935741368
1.2428195324
0.6485917738
1.0341736446
-1.5441020582
-1.7535165560
0.1420722706
-0.0013243073
0.4082989472
-2.1021453921
0.3420389830
0.4757738877
-0.6372468746
1.9454337415
-0.6055897939
-2.0633161285
-2.5571979398
-1.1207106785
-0.6215861930
1.9926140993
0.2658783442
-0.0302819398
2.8552909501
0.8256997012
0.6965622566
-1.3647727514
0.5420784446
-1.2394078940
0.9575970253
-0.6851468892
-0.4528532737
1.0816747197
2.3541500253
-0.3186303280
0.4143888340
-0.8187365872
0.2843653372
0.5083025978
-0.8582919952
0.5836376986
0.8577289138
-0.5134140080
0.5434823596
-1.9008921632
0.4199301379
0.3929722777
-0.5254308666
-0.6811602771
-0.6670610680
-0.4413840944
-0.1282488485
0.7314417337
-1.0287900465
-1.3511840081
-0.4012275550
0.7146670032
1.7672041078
1.0742025611
-1.9351229956
0.3093717783
-0.7412648665
1.1346077075
0.3497653719
-0.5834492969
1.1784661640
0.1782631713
0.1321523664
0.4607857994
-0.6701133702
-1.4470328574
-0.0193462646
-1.2486395082
0.2637786967
-0.0570724849
0.0223824288
-1.2986092262
0.6399605119
-0.4988496568
-0.8108186026
0.8238204856
-0.8046596762
1.0966596940
2.4458622284
1.6012330908
-0.0382063249
0.1270750467
0.0640673045
-1.1250627111
-2.7867967961
0.3867622630
1.4304722995
-1.1395905822
1.4210978831
-0.8936954071
-1.5357727196
0.0913650038
0.5009697105
1.1640469958
-0.2143248508
0.5945183478
1.2450413732
-2.7803149550
1.0036468299
0.7374204598
0.6674211597
0.7744137832
-0.4912600633
-0.3305859398
1.4879566219
0.4584684259
0.9334211286
0.0815097022
1.0112685827
-0.2711924476
-0.1392809465
2.2174908021
-0.3692180968
1.8263066469
0.2174669176
-0.3430508686
-0.4441778207
0.0637640206
0.1106683146
-0.6184623928
-0.2483036435
-0.6687409499
-0.3693888277
-0.7256659950
-1.9801256450
1.4936071074
0.0502552414
-0.2213721712
0.7674149075
-1.8718100494
-0.3607273384
0.3154183638
-1.6827501280
2.3004399163
1.5407839840
0.4737121342
0.1084670745
-1.2204537646
0.5329201273
1.1698835162
0.0252101590
-0.8618786850
-1.1952534224
0.9215350615
-0.5308043900
0.4854892266
0.8302753092
-2.2286855442
0.1638045591
-0.4936393972
0.8158922120
-0.8563941097
-1.8702773300
1.0439242058
-1.5228739178
0.2478578885
-0.4482998965
0.7895488725
-2.1300650750
-0.3389490387
-0.3787919919
0.7485113655
0.3791664404
0.6671087876
1.2257903748
-0.8421994286
-1.0321901641
1.4450145091
0.3314866930
-0.3557289281
-0.0355387196
-0.3303734235
-0.5076947842
0.1468263624
0.5385090353
0.5580374699
-0.0935421296
0.7352261874
1.2304381326
0.4004114601
-2.2434416392
0.3519806851
-1.8299335565
0.0700540837
0.9314271141
-2.1753750344
0.2586599608
-0.6393112848
-1.2296004712
-0.7014358631
0.2519287664
-1.5107937070
-0.1329023628
-0.3838706610
-1.5037991601
-1.4819102827
0.2382911109
1.2543855269
0.9174201030
-0.9607537665
0.1340311328
0.1148667930
-0.1489585399
-0.2534663950
0.6084755446
1.3933991552
1.2751091090
0.9320776588
-0.5658709487
-0.2767511990
-0.4881044913
-3.4400624828
1.6829781623
-0.7428195995
-2.5449762237
0.2543730889
1.6925724072
-0.1052619816
0.9657736911
-0.0841337910
0.3053256163
0.9808488058
-0.8878828940
-0.7589941621
1.8263251846
-0.9283579634
1.1385811704
0.1116306124
-2.1982574530
-0.8318630299
-0.5773799766
-0.1757905353
0.3153810711
-0.0243120800
-0.5536122407
2.2925166859
0.6596950505
-1.0971506611
1.3384900549
1.0706251975
-0.5828240718
-1.2364398681
-0.2713618329
-0.5215800481
1.8159531810
-0.3231797260
1.2541392642
-1.2137014188
0.4366283589
-0.6524430777
-0.1277609149
0.3828518091
-1.2126139944
0.4059008295
-1.7227563068
0.3482199034
0.0871323018
-0.0466974942
1.1065448515
2.9908446130
2.0262761515
-0.3717532613
1.7699058076
-0.1616312533
1.0586115396
0.1427749530
0.4892170117
-2.1528324683
-0.0178708602
0.7281579057
0.9638555425
1.1778830773
0.7530073282
1.7683923790
0.1293634553
0.0135596569
1.0193382644
0.4786668902
0.1336484316
0.5721672123
0.5445887339
-0.4254451343
-0.1312626224
1.6954401423
-1.0719034581
1.6866375936
-0.2609954786
-0.4270255190
-0.6707855539
-0.6731940535
-1.3636545058
-1.1557471794
-1.3193881658
-1.0405658347
-0.4786904085
-0.9779004468
0.2432473027
-0.2492221799
-1.3587218758
-2.0272661786
1.0884201694
1.4191653210
0.4850448149
0.5830791312
-1.0305390813
-0.2740275548
-3.7971174653
-0.6677722104
-0.3331587633
2.9877126667
-0.6348309110
-0.5364956594
1.0704218074
-0.3205401411
-2.3354165394
0.5823293017
0.6880302716
-0.7498736109
-0.7718377549
-0.8437942681
-0.7509961052
0.0689488421
-1.1258392864
-2.1179817052
-0.9767467811
0.0721640140
-0.1840127133
0.1888643626
