15 3 0.07
21 0 0 0 1 0 2 1 0 1 1 1 2 1 3 1 4 1 5 1 6 2 1 2 2 2 3 2 4 2 5 3 1 3 2 4 2 4 3 4 4 5 2
22 0 2 1 2 2 2 2 3 3 2 3 3 4 1 4 2 4 3 5 0 5 1 5 2 5 3 6 0 6 1 6 2 6 3 6 4 6 5 6 6 7 2 7 3
20 0 3 1 2 1 3 2 0 2 1 2 2 2 3 3 1 3 2 3 3 3 4 4 2 4 4 5 0 5 1 5 2 5 3 5 4 6 1 6 2
4 7
1 6
1 6
0 0 0 0 0 0 0 0 0 0 0 0 0 0 0
0 0 0 0 0 0 0 0 1 1 0 0 0 0 0
0 0 0 0 0 0 0 0 2 1 0 0 0 0 0
0 0 0 0 0 0 1 1 2 2 0 0 0 0 0
0 0 0 0 0 0 0 2 3 3 1 0 0 0 0
0 0 0 0 0 0 0 2 3 2 2 1 1 1 0
0 0 0 0 0 0 2 2 3 3 2 1 1 0 0
0 0 0 0 0 0 1 2 3 2 1 1 1 0 0
0 0 0 0 0 0 0 0 1 2 1 1 0 0 0
0 0 0 0 0 0 0 0 0 1 0 0 0 0 0
0 0 0 0 0 0 0 0 0 0 0 0 0 0 0
0 0 0 0 0 0 0 0 0 0 0 0 0 0 0
0 0 0 0 0 0 0 0 0 0 0 0 0 0 0
0 0 0 0 0 0 0 0 0 0 0 0 0 0 0
0 0 0 0 0 0 0 0 0 0 0 0 0 0 0
-0.5447038996
-1.0735578381
1.1193045721
-0.2566385799
-0.7435442208
-0.7245186673
0.3457152217
-1.1091528600
2.1958069706
0.3308744092
-0.7119685937
-0.4945552333
-1.2540391086
-0.1548102216
0.2469629112
-0.7314383302
0.9991046786
0.2250128585
-0.5663464630
0.9931342354
0.9660649583
-0.8048529386
-0.8481590049
1.2353381815
0.4217220463
-0.0262695103
1.2788935256
1.3833783508
1.2873284682
-1.4577467688
-1.6248650892
0.1584054770
-1.2347678623
-0.4337440732
0.6924643372
-0.6876585348
1.7652145167
1.4833589418
-0.5508643927
1.6988530442
0.6116039397
-0.6455000218
0.9622225372
-0.3440612443
-0.1032669694
-1.2700067412
0.0329846207
-1.3059045303
1.0301901896
-0.2593544442
0.6612033222
-1.9346754128
-0.0043219827
0.8657073028
-1.6980202329
-0.1421186072
-0.7509594506
-1.5791662620
-0.6823492167
0.8390398256
0.9137216532
-0.9272589999
0.9481940560
2.3341117683
0.4895881979
1.8343244175
-0.0534177665
-1.1767950195
1.7940679690
-1.8497304590
2.0841250265
1.2139209997
0.3817958547
-0.2893835115
2.2126440506
-0.7877233211
0.8018132998
-2.6448253989
1.7682426058
-1.0217577610
-0.0115938796
-0.8976939334
1.0829841720
-0.8845101648
-1.6637772373
0.1187989858
-1.1275469551
-0.4671187679
-0.5469462566
-0.6186580390
-1.6609282939
0.3493712634
0.2365690445
1.1719883414
-0.3449149493
-0.0438204947
-0.2148425560
0.8979059534
1.0719973914
-0.4331149224
0.3274500014
0.2352990316
-1.3825622365
-0.6131632869
1.5136032028
0.5697323553
0.9045415755
0.6772611740
-0.1189593091
0.7330733026
0.5071972359
-1.3006985538
-1.3775305190
-0.9918804136
-0.1679672762
-0.7447181685
-1.6317657335
0.0148326667
-1.2606249166
-0.3388695740
0.7167256937
0.7453386576
-0.4145027058
1.4856685514
-1.0164171573
-0.3280432356
0.2928174394
-1.1384872209
0.1430127644
-0.7302396913
-2.2396999957
-0.4429382741
-0.0912903490
-0.1113670374
-1.0218876752
-0.2790725598
-0.0035705492
-0.0007562064
-0.9306522192
0.3588108203
-0.7994681129
0.1395327202
0.0138583646
0.8849275383
0.7723778652
1.9256863490
1.2387200213
0.5430795900
-2.0863747411
1.5665251948
0.3678671067
-0.0463684432
2.2524863247
-2.9530989546
1.3833344458
-0.0933435386
1.2920418209
-0.9137007931
-2.0134657941
2.0110460756
0.9563473791
-0.1532421379
0.4487236059
-1.1422735100
-1.4549304920
0.7451141659
0.9712608670
-0.7734603969
1.0184323744
0.0929866243
-0.3285592337
-0.5322673734
2.1177981647
0.3036440388
-0.1738196023
-0.7782346722
-0.2278166309
0.3234360896
-0.2188650763
0.0248428623
0.5129940163
1.8605255046
1.3782455090
-0.2603943383
-1.3188396805
-0.8511460810
-0.8690106061
-2.0656785144
0.4405412575
-1.4454375560
-2.1866887440
-1.7158899105
-1.0005026904
1.2603058617
-1.2152891999
-0.4469086186
0.7587346949
0.5551500207
-1.0831004550
0.0584275557
-1.2869826299
0.7700855138
2.0159924341
-0.1009498490
0.7596877639
0.9270316450
-0.6305833787
0.1016285040
-0.6136853171
0.7538260601
0.1747015441
1.6531615773
-0.9586798057
-1.7007687121
-1.5784305856
-0.3755580973
-1.5036051201
0.5857145497
-1.4399473546
0.4175402743
-2.0982832165
0.5298147557
-0.5184560717
0.2947874954
0.3617338030
-2.3203379723
-0.2021057005
-0.0936404345
-0.2190918332
-1.0720604307
0.4799551298
-0.0209713013
-0.2741875400
-0.7578942487
-0.4542020947
0.9650546619
-0.2085582215
-0.1329584745
-0.1096381661
0.3736354301
0.6087024487
0.2538298652
-0.5126615522
-0.5052961179
0.3348783138
1.8849878469
-1.3375892355
-1.5304912381
-0.3915309033
0.6180312431
-0.4897084451
0.5656430212
0.4049736044
-0.6738112935
0.2857090265
0.7454066951
-0.1507369619
0.0205843286
1.6190519669
0.0698785593
0.5921699294
0.8281693753
-0.4274643866
1.4325063838
-1.3930596928
-2.4540308442
0.5322108024
-0.0995981877
0.5388482547
0.8046610652
-0.6415808361
0.1823329966
-0.8889712989
0.3404824149
-0.1734911765
0.1110808083
1.6988693243
-1.1678865737
0.8538531995
-0.3546805201
-0.7826094443
-0.3338458609
-1.0058037840
-0.4496522133
-0.8022549383
-0.7665662827
0.0226989621
-0.4640101084
1.0413751145
-1.0057252458
-1.1040832097
1.0979870190
-0.0171265425
-1.1110625293
-0.4636934632
1.1722409640
1.2799605065
-1.4117422525
-0.1677554788
0.3608938538
0.1510009335
-1.9146634463
0.7676827703
-0.0557683937
0.3842172313
-0.6642916955
-0.0302214808
1.1855606100
-0.9165129612
0.8836868784
-0.1428129308
-0.8901620557
0.7566165120
-0.4305569808
0.3946879313
-1.5222154431
-1.5106043006
0.1776452343
0.1019194418
0.8236747831
-0.6363932773
0.4131989043
0.0525248429
0.1723478283
-0.9957452805
1.1253869099
0.0805688430
-0.7695170776
-0.9590396962
-0.5732312453
-0.0571526827
-0.2211291134
0.8125247112
-0.3566158826
-0.0526024112
-0.0460109056
-0.9054637948
-1.9583538348
0.6230108418
-1.7709496778
0.5915752135
0.4637164641
1.8219383885
-1.0661259395
1.1429387229
0.6712051898
0.8206964084
0.6863420225
1.0877365153
1.1043988641
0.4961518884
0.6080917960
-0.6734012391
0.9259409870
-0.3420387139
0.5779324348
-0.1118168136
0.4095583276
-0.4717571195
0.4262454783
-0.3761049491
-1.0358289924
0.7704122609
2.3682116934
-0.1844984757
-0.3468303887
0.1315538832
0.2543888088
-0.5004513154
-1.4154107738
0.7592977907
-1.2071759968
-0.0987548827
-0.2490564254
-0.7193767675
-1.7735975061
-1.5374770715
0.0525443225
-0.0080018332
1.6701512040
0.7283144697
0.6594897589
0.2974257449
0.2636223988
0.1840999088
-1.3029206571
0.3543568000
-0.1204397389
-0.1658936494
-0.2550337161
-1.8805128124
0.7494318709
-0.5458579161
-0.7338231381
-2.2280161606
-1.2935918364
0.1225812100
0.0813058604
-0.2584684903
2.6338578424
-1.4880502648
-1.5246192531
-0.4905145844
0.3951096988
-0.7576074750
-1.6592932089
0.7053216376
0.2893474054
-0.3946415925
-1.0518484327
0.1367065554
-0.5191736167
0.2819595262
-1.2852717815
1.1860906153
-0.4502682970
0.9223798935
0.1867589012
-1.2639411217
0.9984169405
0.9793196573
0.6251613640
0.8900366105
2.1706685798
0.0101895578
0.1062063113
-1.0965542118
-0.5446266745
1.4169797926
1.1066144082
1.6011340189
1.9597574042
0.4722276474
0.1460888443
-2.4758636515
0.1174402725
-0.4333742952
2.1985662272
-0.2382776060
1.5005370828
-0.0183885603
1.0177487616
-0.6663329278
-0.3003798281
0.5462690930
-0.0998937815
-0.5676497234
-0.4677318427
-0.3980068739
1.0408366310
