15 3 0.03
35 0 6 1 2 1 3 1 4 1 5 1 6 1 7 2 3 2 4 2 5 2 6 3 1 3 3 3 4 4 0 4 1 4 2 4 3 4 4 5 0 5 1 5 2 5 3 5 4 6 0 6 1 6 3 7 1 7 2 7 3 7 4 8 2 8 3 9 2 10 2
37 0 5 1 0 1 1 1 2 1 4 1 5 1 6 2 1 2 2 2 3 2 5 2 6 2 7 3 1 3 2 3 3 3 4 3 5 3 6 3 7 3 9 3 10 4 2 4 4 4 5 4 6 4 7 4 8 4 9 4 10 5 3 5 4 5 5 5 6 5 7 5 8 6 8
30 0 5 0 6 1 3 1 5 1 6 2 0 2 1 2 2 2 3 2 4 2 5 2 6 2 7 2 8 3 2 3 3 3 4 3 5 3 6 4 0 4 1 4 2 4 3 4 4 4 5 4 6 5 2 5 4 5 5 6 2
1 4
2 0
0 3
0 0 0 0 0 0 0 0 1 1 0 0 0 0 0
0 0 0 0 0 0 1 0 1 1 1 0 0 0 0
0 0 0 1 1 2 2 2 2 2 2 2 0 0 0
1 1 1 0 1 2 2 2 2 2 1 0 0 0 0
0 1 1 2 1 3 2 3 2 1 0 0 0 0 0
0 1 1 1 2 3 2 3 2 1 1 0 0 0 0
0 0 1 0 2 3 2 2 2 1 1 0 0 0 0
0 0 0 1 2 2 1 2 1 0 0 0 0 0 0
0 0 0 0 0 1 1 1 2 0 0 0 0 0 0
0 0 0 0 0 0 1 1 0 0 0 0 0 0 0
0 0 0 0 0 0 1 0 0 0 0 0 0 0 0
0 0 0 0 0 0 1 0 0 0 0 0 0 0 0
0 0 0 0 0 0 0 0 0 0 0 0 0 0 0
0 0 0 0 0 0 0 0 0 0 0 0 0 0 0
0 0 0 0 0 0 0 0 0 0 0 0 0 0 0
-0.9743589659
-0.8336306008
0.6394027338
-1.1591883934
0.4241086319
-1.7772654891
1.9264390035
-1.2807389355
2.1038733941
-0.4625178099
0.3943605971
-1.1605082757
0.6635155394
1.0801042427
1.5465770380
1.2335379382
0.6092105303
0.8275432152
-0.7646558969
2.0456618502
-0.0963804982
0.1400602140
0.5494293424
-0.7580376279
-0.7218859885
0.7441899038
0.2621211356
1.3725050982
1.4176723764
-0.2055490110
-0.2698144666
-0.3930511998
-0.5883701656
0.3654741108
0.1128692658
0.1472632972
-1.8425256883
0.7154533037
0.1610630241
0.4003442954
0.6083173245
-0.4002250409
0.7378736154
0.7831003397
-0.7198117171
-0.3344152076
-0.9629241438
0.4959361809
-0.2451512165
1.7718963549
-0.6408576694
-0.4069687581
0.1344811507
1.1987151871
0.9380073230
-1.4531827736
0.5063628100
0.9214282557
0.6735372082
0.9669416593
1.4003579329
-0.8271432141
-0.0832115185
1.7887146859
-1.1205391427
-1.4692360715
-0.0730945178
0.2572705728
-0.8718466160
-0.9779521899
-0.2945703437
-1.2779738913
-1.3580246685
-1.6422849937
-0.8906169773
-0.2159124193
1.5971328670
-0.2504528160
-0.7458487723
-0.3109472704
1.3247763008
-0.8597926169
0.5550774590
-1.5837897136
-0.7152831529
1.2184777743
-0.1117200978
0.6849192797
1.3678910071
-1.1458574583
1.5536431638
-0.8563941798
0.6620147733
0.6303423047
-1.1238935709
-0.1225003296
-0.2880382929
0.5196536268
-1.3680685454
-0.4739799733
1.2429964133
0.4176974993
-0.4854619033
0.2939574205
-1.6146806896
1.7171666934
-0.6839806778
0.3906163923
0.7421762499
2.3464264499
-1.1856662181
-1.1410721411
0.8249225453
-1.2064944741
-0.5875091343
-0.6378718585
-0.2454988252
-1.4745818689
-1.0166985432
0.3739952218
-0.6877757235
-1.3296509049
-0.4017898631
0.0023735604
0.6091540982
2.0967874317
-0.1727055834
1.2588323473
-0.2331814511
-0.2023346546
-0.6110141170
-1.2917707947
0.2055258240
1.7102174084
-1.1100973226
-1.2082359306
0.6090281620
-0.4954001721
-1.0642228751
1.2273774018
-0.6128027651
1.4204696065
-1.0302090649
1.1942675483
-0.9167141919
0.3077509641
0.7746221685
-0.3354095520
0.6526161849
-0.3409056895
1.8657918970
-1.2165810520
-0.7746183636
2.0244780044
-1.6984960459
0.9357788197
-1.0215226625
0.5634496736
0.6034948220
-0.4823121679
-1.6403659128
0.8787179701
-0.6657691197
0.7545492401
-0.9782630583
-0.4473982480
-0.1324045398
0.7050586841
0.3120215529
0.7257554760
-0.3637650896
-0.2555183012
1.1297048842
-2.2887361742
0.2275137594
0.2707598877
0.1252491417
-0.1669952521
0.7575647431
0.4888575382
-1.2459148254
1.4012237392
0.0629562189
-0.6480796357
1.3732739003
-0.2932542069
-0.0020131869
0.9049894080
1.3924098688
-0.3427800775
0.7967589081
0.4725738090
0.8419259836
0.8973663327
-0.2759669545
1.3910214259
-0.7097882884
-0.8176751853
2.2264000972
1.7883686599
-0.2588221393
-0.7419112605
-0.0658448759
-0.0719698474
-0.1680745262
-0.6579349963
1.9685288531
0.3241807074
0.6360403040
0.4665215700
-0.4400314096
-0.4151170032
-0.3088999040
-1.1855427104
-0.2970360060
-0.1877599569
-0.0791173461
0.3952519285
-0.1024308717
-0.0530080976
0.4084892832
-0.1118960734
-0.8294411130
-0.6335313838
0.6184197782
0.0387092049
0.5754777309
-0.6452117861
0.8946983403
0.4642802613
0.9088887905
-2.2767461948
-0.1433001010
-1.2374708141
0.4342481960
1.8790557849
1.2605968414
0.5856998026
-0.0299804519
-1.4800834578
-0.1484618857
0.9790877132
-1.3295525856
-0.0813002874
-0.3252601049
0.3089483865
-0.5785072747
-0.0341847716
-1.5814728197
1.1938005565
-0.5714013046
0.1146649797
-0.6388387060
-1.5912990974
-0.2868623164
-0.5619301445
-0.5830749301
-0.1899481203
0.0011453450
0.0735422039
1.1358630010
0.3898961073
-0.5584079684
-1.0716425396
-0.3798042908
0.7364698670
0.1182975337
-0.3185561437
2.3005636172
-0.9780991737
-0.1255426593
-1.2317825355
0.9005452278
-0.0530204318
0.2573019034
1.0401114997
0.6176038305
0.1718730591
-0.3993018519
-0.9597840098
-0.3364715818
-0.3459061912
0.7910664813
0.1401359469
-0.0438836275
0.2129524875
0.3984586040
1.7470952576
-0.4393650379
-0.5191466560
-1.7217842254
-1.0192125879
0.7746261680
-1.7936818968
0.0082092808
-0.0974622657
1.3052426150
-1.2347778221
0.4712829088
-0.3041295280
0.9629377928
-0.7712701305
1.9372865162
-1.5387047411
-0.5172218113
-0.3823287547
0.6590461418
2.0494400517
-2.2114417548
-0.5881812510
-0.1258090951
-1.0609541503
2.0107929549
0.2368902789
-1.0227041787
-1.0069985043
-0.6099962158
1.0571455344
0.9032191680
0.0696031901
-0.1545070817
0.5697874975
-0.3762989818
0.8657720569
-0.3343912093
1.7139567991
-0.7602030931
0.7914326270
-0.2461117113
0.3584220767
-2.6431076099
0.2183075698
-0.8938703599
1.0336502823
-0.6157096698
-0.1131740261
-0.3723773506
-0.5295024373
0.7067407995
-0.7665620423
-0.3142058073
-0.8312677376
-0.0067325665
1.1997021356
1.0166548981
0.0342564227
0.5264046669
0.5566891087
0.7093107444
0.2634646430
0.0675189285
0.2805662001
0.2000352369
0.0032384766
0.7987542379
-0.6738271957
0.7760118581
-1.0963049081
1.1444004160
-0.1496738227
0.4704374203
-0.4418595845
-0.6758603863
1.3962624754
1.2521422853
0.7694798309
-0.7147019383
1.0620626024
0.4820218087
0.8320468872
-0.0099444927
-0.0166134650
1.0516365690
0.8438775847
0.2938679801
1.0070319615
-0.9581057444
1.2664645454
0.4624364474
1.4087965331
-1.7525808754
-0.2157011574
0.6623135267
-0.6064551442
1.5873003616
1.2511343553
0.8209042869
-0.7042990627
0.8702276872
3.1653873091
-0.1071490251
-0.8041351171
1.0054171270
-1.2457913424
-0.1310884028
-0.1677982652
1.5018277700
-0.0173817094
0.4333061466
0.6992579918
0.5459544882
-1.4459220847
0.5955067142
0.6835947510
0.2595659215
1.7851257918
0.6775077369
0.6026692460
0.3040637472
-1.7700216490
-0.3202030613
-0.5572651676
-1.0301539247
0.3252546083
0.7235069112
0.6935881138
0.4289363904
0.0440366587
0.1882001635
-1.4526592391
1.6569445880
2.1945700503
0.4006399604
1.6071420028
-0.1453118266
1.5160239441
0.4803749243
0.7731324886
-1.4291777639
0.7020473850
1.4197260207
0.7745967020
1.4134874034
-0.5572688067
-0.4722891331
0.6141051027
-0.3327526352
0.3632550127
0.4365073724
-2.1328338130
-1.7353693515
-1.5177337253
1.3536294953
-0.6750097535
-0.1552091986
1.1274610256
-0.5565543021
-0.7679779261
-1.5314115983
2.0544803166
