15 3 0.09
36 0 3 0 4 1 0 1 1 1 2 1 3 1 4 2 2 2 3 3 1 3 2 3 3 3 4 3 5 4 0 4 1 4 2 4 3 4 4 4 6 5 1 5 2 5 3 5 4 5 5 5 6 5 7 6 1 6 2 6 3 6 4 7 1 7 2 7 3 7 4 7 5
35 0 3 1 2 1 3 1 4 1 5 1 7 2 0 2 1 2 3 2 4 2 5 2 6 2 7 3 0 3 1 3 2 3 3 3 4 3 5 3 6 3 7 3 8 4 1 4 2 4 3 4 4 4 5 4 8 5 2 5 5 5 8 6 2 6 3 7 2 7 3
36 0 3 1 3 1 4 2 3 2 4 3 2 3 3 3 4 4 1 4 2 4 3 4 4 4 5 5 1 5 2 5 3 5 4 5 5 5 6 6 0 6 1 6 2 6 3 6 5 6 6 7 2 7 3 8 0 8 1 8 2 9 0 9 2 9 3 10 2 10 3 10 4
3 5
1 1
4 1
0 0 0 0 0 0 0 0 0 0 0 0 0 0 0
0 0 0 0 1 0 0 0 0 0 0 0 0 0 0
0 0 0 1 1 1 1 0 1 0 0 0 0 0 0
0 1 1 0 1 1 1 1 2 1 0 0 0 0 0
0 1 1 1 2 2 2 2 2 2 0 0 0 0 0
0 0 1 1 2 2 1 1 1 1 0 0 0 0 0
0 0 0 1 1 1 2 1 1 2 1 0 0 0 0
0 0 0 2 2 2 1 1 1 1 0 1 0 0 0
0 0 1 2 2 1 2 1 1 1 1 1 1 0 0
0 0 1 1 1 1 2 2 1 1 0 0 0 0 0
0 1 1 1 1 0 2 2 1 1 1 0 0 0 0
0 0 0 1 1 0 0 0 0 0 0 0 0 0 0
0 1 1 1 0 0 0 0 0 0 0 0 0 0 0
0 1 0 1 1 0 0 0 0 0 0 0 0 0 0
0 0 0 1 1 1 0 0 0 0 0 0 0 0 0
0.9091860440
0.2049293836
-0.2198708903
0.0236356887
-0.8947146966
0.2372405882
0.3744656062
-0.4242910104
-0.2087129375
0.6750362017
1.0335787480
0.2711980457
-0.3459045028
-0.2530569963
0.0081022991
0.9208587484
0.4427380111
0.5465582590
-1.6891330401
-1.7165417812
0.6762631867
-0.2017425421
0.2615307500
2.1963653947
-0.7805657430
0.0659499312
-0.0638456575
0.7877304346
1.6148809080
-0.4784431646
0.3266453821
-1.0507644381
0.1997214618
1.1519410084
0.3808707702
-0.0181352494
0.6112410101
-0.3121284167
-0.0450834143
0.9904715891
-1.3643771305
-0.7125028021
-2.0778534061
0.3981545219
1.3466573406
-1.8162554000
0.6289157134
-0.7656679378
0.2521389129
0.9966367069
-0.1308364733
-0.4654392764
-1.9653127852
-0.8888022582
0.0881482457
1.3522841037
1.4727718437
0.1305339044
-0.9021680237
0.2012872620
2.1780487318
0.0325009389
-0.1072737582
0.4673448617
0.5678552220
0.8074329026
0.4677424032
0.5556267939
-0.0526015552
1.7697362856
-1.6140978200
-1.1550286154
-0.9401258523
0.2233154376
0.1280048623
-0.6411617825
-0.3286180507
-0.3103329983
-0.1019345355
-1.0468546628
-0.4081664258
-1.2843298125
0.4721875658
0.1441390212
-0.5159933049
0.0543772281
-1.1511678463
2.2446640229
1.2533830552
1.1883932014
-0.4089146570
-1.2390271030
0.2003883835
0.0901201674
-1.9175173963
0.8829236388
1.4148532077
-0.0551662187
1.8844070502
-0.7601901996
-1.3256969982
0.2542796346
-0.7578311962
0.8332277692
-0.6380067491
-1.5775829328
-2.1725840961
-0.4750582895
-0.6943950646
-0.9836339908
-0.8621964236
-0.4541676492
0.6120607538
0.8859798028
-0.6705915009
0.3797187217
-0.3878822937
0.0361480693
0.0891018053
-1.5126204538
0.0450293176
-0.0497322034
1.1089587110
-0.0279614741
0.0047694047
-0.9409806275
-0.4922783419
-0.0188312893
0.8371894347
0.9730241801
0.8558744481
-0.5271770620
0.3441201589
0.2847758580
-1.0624171226
-0.1859734768
-0.2644622463
-1.2059857416
-0.9593820876
1.1472847833
-0.1807830805
1.3670800209
1.3409481923
0.7633960148
-0.3339623674
1.1258254808
1.6249418947
1.5059639934
-1.7932525082
-1.1382458574
-0.1186564260
-0.4003751389
1.3293852891
-3.2711229825
0.0768731566
0.7525049481
-1.3965081358
-0.5838381953
0.7620971033
-1.4127106827
-0.7188129679
-1.1927598174
2.1145873706
0.1793392648
0.0628341913
-1.0196416746
0.2498387605
1.1400080453
1.5878614276
-2.7978859087
-0.2301196413
-1.3958166457
0.2454307917
-0.2437634219
0.5266022104
1.1065843245
0.7377128714
-0.0308423777
0.4525659071
-0.1451215761
-0.5019492472
-1.6539866846
0.0414991713
1.2140172003
0.4074617229
-0.0178171613
-0.7828381211
-0.1068367109
-1.3109680213
0.0998570955
-0.1573592869
-0.5580893383
0.6093071977
-1.1141864126
-0.3138738312
-0.7401980709
0.6374738524
0.5380371806
-0.3027666654
1.2195599241
0.0389529345
0.4418189654
-0.8331247780
1.2522974771
-0.0081579368
-0.5591219586
-0.0874131036
-0.1693995057
-1.6426442189
-1.1319098042
-0.3087440216
-0.3979924781
1.6060486053
-0.8695939724
-1.5607649342
1.6591585642
2.9526218359
-0.4724816459
0.1714316571
1.3799912160
0.4160118248
-0.3876054563
0.0367209400
0.2196761922
-0.1931347565
0.2863363556
-0.9619964869
0.0952715400
-1.3640182742
0.1384430101
1.6600386750
0.1755796117
-0.3005997326
0.2390478398
1.3103925804
-0.5961705112
-0.9094593305
1.1364756340
0.7453291071
0.6148800880
-0.1454466519
-0.0971588572
-1.4672778006
-0.5333788381
0.1014327628
-0.4094887055
-0.5233830338
-1.0955950801
-0.5978947883
1.3283227429
0.8881706475
-0.8056439102
0.5503170527
0.1279720124
-0.6551504587
0.2559871606
1.1063509977
-2.5742680856
1.1706314232
0.4410046054
-1.3628621058
-0.5537787001
0.0047801396
-1.8913265905
-1.2467450842
1.8014808254
-0.6596072885
-1.3792768279
2.6837858202
1.0764987771
0.1156984816
2.4699282289
-0.1164308528
0.0977174281
-1.3058623211
-1.0265125139
-0.4779158964
0.6981609929
-0.8937860256
-0.4053321033
-0.2667333824
0.6586745752
-0.3649907114
1.8688869647
-1.5316532936
1.4342587266
-0.7838177213
1.1352375857
-1.7912169111
-0.2250213743
0.1519012179
-1.8089102811
-0.0141226754
-1.9761644168
-0.7008498511
-1.1802603872
-0.8484381194
-0.4890919472
-0.9726098785
-1.4757722857
-0.0864678609
0.2104907607
-0.5957584402
0.2138934562
-1.3766610638
1.0755352122
-0.3844008957
-0.7614549957
-0.1439924776
-1.1199481969
0.7192182473
-0.4539712766
-1.8132530179
-0.4439436178
0.0464277350
-0.7369908592
-0.6003235294
1.2379665811
-0.2027196519
0.4144755571
-0.8791197926
0.4488679373
0.8056231885
1.1875206191
0.1907745839
0.2412668770
0.7260093483
-0.2684227173
-1.2226531281
-0.2603286624
-0.0052502567
0.5022847311
-0.9459827912
-1.3604945210
-0.1241083186
0.2767230942
0.1303975383
-1.1080460570
0.0586135103
-0.4038946910
0.4193394632
1.1129317170
-1.9123607706
0.2035556807
-0.5689653042
0.9049037851
-0.9729490071
1.3770942025
0.2442052687
1.2433220962
0.3657598600
2.3072605675
-1.4582474625
0.0611449955
-0.4236341010
0.4128122211
-0.1225279259
-0.6538827128
-0.2186913812
0.0742598513
0.6112252558
-0.9056964230
1.4524561324
-0.5926680801
-1.1595119219
-1.3369075251
0.4948413820
-0.6324246019
-0.3126886259
-0.8647536104
-1.6698193064
2.1290088237
-1.0673767474
-0.7522188534
-0.9761612272
0.7147877394
0.4098503027
0.9276729570
0.4859218686
0.7613250815
0.6010941751
0.1131813218
-0.6270930641
-1.0333057341
1.4607202866
1.6925631574
-0.6438690678
-0.1996027362
-0.5391487608
0.0841849282
-1.6434965620
0.7718992362
0.2591612518
-0.5955469309
0.7416023030
-0.5704776388
-0.7426246100
-1.2576129324
-1.4037242736
0.6355000151
0.9594378487
-0.3811268014
0.3000048112
0.0523416895
-0.7044693087
1.3597155042
0.2031426918
-0.8259316468
-0.2976641801
-1.7539151173
-0.6421607703
0.6638809263
0.4067050034
-0.6171631558
0.0795124491
1.6952020808
-0.0632815734
-1.5658550830
-0.8433741192
1.5445373707
-0.2394467478
0.1381420466
-1.4373091628
-1.2811772424
-0.2463219898
0.1886388734
-0.0189318697
0.0355919712
-0.1798697410
1.0625028226
-0.9750473243
-1.1927614952
-1.5431642717
0.3484146313
-1.0734219126
1.7802526528
-0.6578501727
-1.0527545320
0.3511325081
-1.0920527132
0.5770922742
-0.2092025101
1.8715735281
0.4034706858
-0.4370411775
0.7015148570
-0.4318084990
0.9127232123
0.0941910262
-0.4266058494
