15 3 0.09
28 0 4 0 5 1 3 1 4 1 5 1 6 2 0 2 3 2 4 2 5 3 0 3 1 3 2 3 3 3 4 4 1 4 2 4 3 4 4 5 1 5 2 5 3 6 1 6 2 6 3 6 4 6 5 6 6
31 0 5 1 2 1 4 1 5 1 6 2 0 2 1 2 2 2 3 2 4 2 5 2 6 2 7 3 2 3 3 3 4 3 5 3 6 3 7 4 2 4 3 4 4 4 7 5 2 5 3 5 4 5 5 5 6 6 3 6 5 7 3
18 0 3 1 1 1 3 1 4 2 1 2 2 2 3 2 4 2 5 2 6 2 7 3 1 3 2 3 3 3 4 3 5 4 0 4 1
8 1
2 6
9 6
0 0 0 0 0 0 0 0 0 0 0 0 0 0 0
0 0 0 0 0 0 0 0 0 0 0 0 0 0 0
0 0 0 0 0 0 0 0 0 0 0 1 0 0 0
0 0 0 0 0 0 0 0 1 0 1 1 1 0 0
0 0 0 0 0 0 1 1 1 1 1 1 1 1 0
0 0 0 0 0 0 0 0 1 1 1 1 1 1 0
0 0 0 0 0 0 0 0 1 1 1 0 0 1 0
0 0 0 0 0 0 0 0 1 1 1 1 1 0 0
0 0 0 0 0 1 1 0 0 1 0 1 0 0 0
0 0 0 0 1 1 1 1 0 2 0 0 0 0 0
0 1 0 0 1 1 1 1 0 1 1 0 0 0 0
0 1 1 1 1 1 0 1 1 1 1 1 1 1 0
0 0 1 1 1 1 0 1 1 1 1 1 0 0 0
0 0 1 1 1 0 1 1 0 0 0 0 0 0 0
0 0 1 1 1 1 1 1 0 0 0 0 0 0 0
1.4644959192
0.3727117860
1.1399216590
-1.9350836623
0.2802262208
-0.4908505320
-0.0386081586
1.5367391838
1.5249766118
-0.4957746040
-1.1186728351
0.6119369464
0.3425274111
2.2067798197
-0.3981354620
1.6541136237
-0.0525444956
-0.3611040658
1.7166295282
0.8137915461
-1.1932529824
-1.0070459602
1.9999754063
1.7279300386
-1.6158530079
0.7714087456
0.8451066142
0.5195781168
1.2226519274
0.2299958656
-0.2525859650
0.8930767241
0.0182874585
0.2653194755
0.6399290496
0.0185038271
-1.4759972371
-0.9690904392
0.2358949422
0.2966539948
-1.3075975749
-1.1231749497
1.2167062974
0.8062223582
0.0660856715
0.5571093111
-0.3245740718
0.4011408425
-0.4651678113
1.3420514479
0.9299825301
0.6472714882
-0.1158964759
0.5272179756
0.6329247283
2.4236796952
1.3628679072
-0.6560777376
0.7268113048
1.1405159353
1.6289173286
-1.3324568129
-0.0155400594
0.6745858993
-1.0588992309
1.1713244231
-1.4512322699
-0.0051208353
0.4950057402
-1.1272499721
0.8155790552
-0.4885752119
-1.2516725138
2.6283177358
0.0010556724
-0.5569287585
-2.3750303911
-0.0683839770
-0.1184190851
0.6197184060
1.0654551719
0.6583445915
0.2544250808
-0.8200086338
0.4635930463
-0.9956487953
1.2958638708
0.2006797879
0.6622240444
0.5305258558
-2.1685208495
-0.1131855644
-0.9454408121
0.0006362823
0.1960327621
0.7744657702
-1.3478659596
0.5669600486
-1.7124098842
-0.9970836281
1.3139449948
-0.4047871689
1.2246678951
0.6815980324
-0.3905508284
0.4123941854
0.0996038606
-0.9535754211
-0.7039591295
0.0129391729
-0.7691188706
-0.5337584346
-1.2650565634
0.8894731770
-1.1876432393
0.7938159248
1.4446393177
0.4428956135
-0.5367108916
-2.1384198496
-0.4933342121
0.2544088352
1.2398615608
0.7497476336
-0.4897741705
-1.2533064112
-0.5519311175
0.9406582397
2.5971826683
0.3910970758
-0.6270859378
0.5066349421
0.1341707913
0.5751498311
-0.5723670999
-0.3747531999
-1.4414230879
-1.3770490270
0.8713068081
1.3995565146
-1.4023562930
1.0424863229
0.4166812475
-1.8080255492
-0.9983245256
0.1775755009
0.2253290768
0.6178012930
-0.5206959084
0.1221153022
2.2360152396
1.0005643406
0.8946001467
0.0766323529
0.0361260510
0.7416101634
-0.1870495616
0.6887673844
-0.4457822593
-0.5367706198
-1.3778114076
-0.7753012380
0.8643653780
-0.1720268917
1.1305704248
-2.4219072848
-0.7153688593
-0.2225820625
-0.6173771904
0.6823631679
-0.6578101725
0.7430428928
-0.3201366235
1.1419702621
-1.4552942828
-0.2351861829
1.3563757068
0.3106504463
-2.1502136796
-0.1393694876
-1.0024221541
0.2941550963
-0.6224069924
2.1524084404
-0.8019966358
0.4244058067
0.7778474145
0.9991702623
-0.9492197332
-0.0827756132
-1.0492995301
-0.0427185169
-0.1945244278
-1.7160847653
0.5334096416
-1.5660173398
1.1384366545
0.7483110493
1.5325128058
-0.8021713591
-2.3336632538
-0.0835076067
0.1030884772
0.1241717984
-1.6673321937
-2.4328832337
0.0485075554
-0.4782921102
0.5886676289
0.6512084211
-1.1441049226
0.8640161763
-2.0993964741
-0.6300047982
-0.4343855725
-0.2529736857
-0.9658790086
-0.1052171447
-1.0607257713
-0.3581403966
0.7932429424
-0.9894548961
-0.0133040504
0.0897385767
-0.8424239644
-0.4690986148
0.5882766717
1.0521445519
0.0891500648
0.5441483412
-0.5820598029
0.6427645628
-0.8329065890
1.6916002344
0.0576309717
0.1177859838
-1.4459693238
-0.8623918650
0.8647332743
0.2479168784
1.5414676753
0.8691843769
0.6465760516
-0.6345114219
0.8842474963
0.0854222516
-0.1019540071
0.8481463507
0.5955443526
0.3953515834
0.9732829234
-0.0738216141
-0.9804560637
-1.4771321706
1.3263062177
-0.6305822539
-0.3222241499
0.6729984911
-1.5162519388
0.2133171448
-0.9973433078
-0.8185030733
0.2644003229
0.6277842762
1.3358047119
0.2370314879
1.8851229973
0.1658227091
0.7573175799
1.5837347291
-0.1860460012
-0.5102233247
0.1946344108
0.4630574306
0.5400540942
-0.0689241510
0.0858480982
-0.5411094853
-1.8196173254
-0.6811975047
0.1551969538
1.6926333330
1.7444628965
-0.3462165334
-2.2075268120
-1.0938693941
-0.4892211867
0.0840210050
-0.1355144322
-1.8749353773
1.7226788804
0.3342239465
1.0590976946
0.3548397416
-0.3657838712
-0.8108789089
-0.1282508550
1.3707927679
-0.4021527846
-1.6767574258
-1.6827319632
-1.3032024054
-0.6932609108
-0.7699465436
0.4022133862
-0.5877781231
-0.7047586015
0.2607633626
-0.5564258755
-1.4698291950
0.6084734794
-0.4589333399
-0.4794796438
1.1567484134
1.2504626976
0.0916515118
-1.5747478746
0.2995228007
0.3076609726
0.0084320713
0.5296559201
0.2760927042
-0.8554070845
0.7937573121
1.8721510514
1.0320331597
-0.1362229174
0.4179430261
-1.4781753002
1.3364781945
0.1735311075
-0.3132338793
1.3841107617
0.0699945249
-1.9377140094
0.0371376193
0.7152375397
1.1042378967
1.2800799386
0.1616503922
-0.4300977754
-0.2682757957
0.0331158105
0.2026273187
1.7918916872
0.4766964207
0.0931663383
-0.2645920336
-1.2699175316
-0.1460004526
1.1766557227
-1.1835739520
-0.2775029254
-0.1290303429
-0.3266957928
0.0644487019
-0.0405554462
-0.1351993207
-0.5063548713
-0.5457937824
0.2736455254
-1.3490250874
0.3656693394
1.9049289056
-0.8558517026
0.0164031299
2.1769545840
1.2424383232
1.3965161099
2.0150533930
0.2114851590
2.2370479202
-1.0704761134
0.2211774389
-1.0560910959
0.4931728877
-2.2730379652
2.8994082744
-1.2981861318
-0.5831819178
-0.8638925848
1.0059642052
-0.7311887669
-0.5979653859
0.1904237868
-2.9481979730
-0.1812814823
-0.9132677895
1.0505598166
0.5891782375
0.7408578167
0.1720529517
-0.3459071611
0.3539392779
-0.7256744157
-0.1516481906
-1.1146677631
1.1138636574
0.2971362841
0.6662092529
-0.4018272468
0.1793893888
1.3509471160
0.7577664018
-1.1482510211
0.2631264042
-0.7690551728
-0.4790488186
2.6249337702
-0.8917482354
-1.3940092123
0.8627295916
-1.1229760179
-0.6113616270
-0.4644738495
-0.7577242262
1.3872887479
0.5448997977
-2.0233224134
0.0917989651
-0.1488112128
-1.2679246443
-0.0425505494
-0.0944723924
-0.6365159271
0.8395398887
0.1867891987
0.4496806401
-1.6239168562
-2.2627560978
-0.1624516881
0.3136269570
-0.5239979139
-1.3396931502
-0.3226869972
-0.4340709958
-1.3272806494
1.7198693062
1.5150669250
0.4632183735
0.3083663571
0.9866308050
-0.1365619658
0.0720028197
0.3148686281
-1.2495414988
1.0982203500
0.2773177934
-2.0523590069
0.8737591363
