15 3 0.04
26 0 3 0 4 1 2 1 3 1 4 1 5 2 1 2 2 2 3 2 4 2 5 2 6 3 0 3 1 3 2 3 3 3 5 3 6 4 1 4 2 4 3 4 4 4 5 4 6 4 7 5 6
6 0 1 1 0 1 1 2 0 3 0 3 1
10 0 3 0 4 1 0 1 1 1 2 1 3 2 1 2 2 2 3 3 3
3 6
5 13
7 2
0 0 0 0 0 0 0 0 0 0 0 0 0 0 0
0 0 0 0 0 0 0 0 0 0 0 0 0 0 0
0 0 0 0 0 0 0 0 0 0 0 0 0 0 0
0 0 0 0 0 0 0 0 0 1 1 0 0 0 0
0 0 0 0 0 0 0 0 1 1 1 1 0 0 0
0 0 0 0 0 0 0 1 1 1 1 1 1 0 1
0 0 0 0 0 0 1 1 1 1 0 1 1 1 1
0 0 0 0 0 1 1 1 1 1 1 1 1 2 0
0 0 1 1 1 1 0 0 0 0 0 0 1 1 1
0 0 0 1 1 1 0 0 0 0 0 0 0 0 0
0 0 0 0 0 1 0 0 0 0 0 0 0 0 0
0 0 0 0 0 0 0 0 0 0 0 0 0 0 0
0 0 0 0 0 0 0 0 0 0 0 0 0 0 0
0 0 0 0 0 0 0 0 0 0 0 0 0 0 0
0 0 0 0 0 0 0 0 0 0 0 0 0 0 0
-0.6700420289
0.2258093289
-1.0119802782
-0.1253925954
0.0392271095
-0.7916832729
-1.2202951823
-0.3027044940
0.6337608801
-0.0466919391
0.2935859121
-0.3016393563
-0.3648541201
-0.0110100933
0.9422123156
-0.5000301976
-2.0533280130
0.1375946374
-2.0389426003
-0.9096775503
0.8313728502
-0.8156173512
-1.2918327289
-1.1131977588
-0.2975019733
0.5885051545
1.2278689837
-0.4038017243
0.7312871454
-0.5308849358
1.1083593803
0.1392648914
-0.7716686746
0.0558802414
0.5503285992
-0.2550984257
0.9474304144
-0.7734571954
-0.0566904725
-0.2346075320
0.3834264004
0.4290965640
0.7982276410
-1.5296352500
0.3181347822
-0.4564754385
-0.3235774519
-0.6050435297
-1.9545847458
-0.5396021009
-1.8878976257
0.3631307359
-0.1190831644
-0.0095937253
0.3583317300
0.0233783302
-0.1209429574
0.1435962226
0.6595122956
-0.3892492014
0.1509008460
-1.1214742813
1.5021937624
-0.2902771427
-1.1009206910
-0.8454138199
0.1892175411
0.4117264371
-0.3965611797
0.1439460740
-1.0498406922
0.2075397210
1.0127049692
-0.4963960741
-1.0206621415
-0.2000372586
-0.6644759746
-1.0192021342
2.1516507148
1.1091368146
-0.8913206439
0.7556109457
1.0441437810
-0.4958956552
0.9147249459
0.7312345575
-0.7446553408
-0.4911180750
0.1059194096
-0.4916576399
-0.6192333252
-0.1463330997
0.2155175546
0.1631463367
0.1062896939
0.1550992755
-1.0900626042
1.5360063395
-0.9678121790
1.3085562219
0.4248076681
-0.1235490120
1.5002927035
-0.2938862074
-0.8608571779
0.7049978963
-0.4622605742
0.0928074283
-0.1904899951
-0.2926019314
1.8323998818
0.6803347193
-0.3411194393
0.7910298631
0.9777507152
0.3917096130
0.2650999501
-0.7894790692
2.5894736494
-1.1775698423
-0.0114114587
-0.5269672964
-0.3134614999
1.3089009770
-0.0864378877
-0.0040690194
-2.1382626226
0.7732242853
2.1891970662
0.0131774057
-0.1510930023
-2.2517635439
-0.8438844310
-2.3846915347
0.4589279398
0.0865410744
-0.6718187425
0.6379434866
-1.0879501431
-0.0021422434
-0.2786576790
-0.5258438402
1.3559338558
-0.1096188040
0.1055392688
-1.6651203479
0.3563448705
-0.9231936362
-0.3302649335
-0.2923975716
1.6839959177
0.8281417350
-0.1150804079
-0.5748920537
-0.1469665714
3.2024375462
0.1722097490
-0.5546861051
0.8006277777
0.9611974776
1.5498465755
-2.4217482464
2.3566592469
-0.3596315014
1.5018596175
1.1066267654
-0.6517452423
0.4905670115
-1.0749999938
1.0850175121
0.9378846350
0.0221450119
-0.4427875991
0.2393605815
0.5160035873
1.9102254220
-0.1358397701
-2.0025437242
1.0575714373
0.3540009134
1.9788217470
0.5321644904
0.7543704764
-0.0233182053
0.6076965366
-2.1319335657
0.5189072856
2.9604399984
-0.0972664037
-1.0584336956
-0.6215886996
-1.2043090123
-2.0910279477
0.4958667688
0.1999478508
0.0313230918
0.2847922258
-1.1972373285
0.5475363037
0.0418590670
0.1074302914
-1.0258897763
0.2115611990
0.6119523247
1.3174703615
1.1703938734
-0.4801322891
-1.2057939551
0.2825706789
-2.0434008632
0.2647241171
1.1876200939
-0.0185488330
-0.6724476055
2.1661439330
-0.7142760784
-1.3432619009
-0.4236328182
-1.4535328135
0.3572682837
0.5682172978
0.1404028860
1.0819706214
0.9164359896
0.1426342076
0.5458365744
0.6142177908
-2.7902052384
-1.3956042939
-0.5659869806
-0.1138936950
1.6296474047
0.2722014435
-1.2323242554
-1.2722689212
-0.3092686854
0.0217938862
0.0327871113
-0.0997190397
-0.0128836353
-0.7521011427
-0.6932355225
-1.6357238738
0.1531171297
1.8154848749
0.4862163203
-0.7926097306
0.7750791370
-0.0167141340
-1.0941392960
-0.4127162416
1.2087132910
-1.7399646338
-0.0061583292
-0.0083965899
-0.7804268101
-1.3017231599
0.4413760141
0.7330842000
-0.8052985376
-0.1297117002
-0.5984806162
0.9105568022
1.4770064419
-0.3771660155
0.1477415225
1.0468946911
-0.0507310204
-0.0689330161
-0.9267275794
-0.9145447405
0.8585729355
-1.6003919729
0.2363484210
-0.4282721543
-1.1399361037
0.8250274548
1.1849109632
0.2634177171
-0.6368649124
-1.4280996192
0.6577397232
-1.7193306374
-2.5936500887
-0.1068637953
0.4167697483
-1.4781841656
-0.7417333561
0.7155420316
-0.5944575019
-1.1062532357
0.9785342013
0.1190527223
0.7879910793
-0.3176824029
-1.3091377107
0.8924781309
-0.5640370901
-1.7082496356
-2.0123277885
-1.9945201150
0.6834592402
0.9874886667
1.5590980391
2.0243639649
-0.2629107220
-1.4976209486
1.1885603542
-1.7269130231
2.4563329435
0.8297793888
-0.1337589545
0.3517159366
-0.1005762561
-1.4042056949
0.5050441234
0.5944452896
-1.7352705884
-0.9755019302
1.1136214292
-0.4316104172
0.3983475600
-0.1979604659
0.0962877281
0.5348357301
-1.3725613243
0.8130646168
0.7868263870
0.1044924754
-2.8515713247
-0.1976506184
0.5715188675
-0.5128522544
0.4865020843
1.5756518030
-0.6501752809
0.8228816983
0.8157604445
0.8745468002
0.9076590060
-0.1152579113
-0.7647807553
0.7946373842
-1.6212732803
0.2339227320
0.5833555142
1.2035742512
-0.4210247970
-1.4544176729
-1.7183976759
0.5984661427
-0.4674068413
-0.8345595727
0.7050859144
-0.5563524350
0.5672728095
-0.3404265563
-0.1773933046
0.9168636475
2.1348127111
-0.3398977161
-0.0362257588
0.1167044765
0.6078317567
-1.9241785698
-0.0496231854
0.2267283885
-0.3172351202
-0.3724169259
-0.0573611345
-0.7872201593
0.7046515128
-1.3836515926
0.5200390578
-1.0875218223
-1.6249895203
1.3850308501
0.0957525449
0.7247161069
0.5768887614
-1.4106566246
1.6770757944
0.9789075112
1.2860735863
-0.7676625615
-0.2963837633
-1.3908620905
-0.5290484161
1.5473905849
-0.4945037264
-0.1793955700
0.2761287034
0.2005381984
-0.1329567018
0.8133089486
-0.5452484076
1.7038288325
0.4277871601
-1.3167454259
-1.2252635948
1.2336186429
1.2001083140
-1.1430988232
-1.4229745479
-0.7715048656
-0.0495287959
1.1709212384
0.8557294699
-0.9814161751
0.4572334950
0.8161926791
0.8048094630
0.9103562625
0.1072565871
-0.4646844333
0.9698749761
1.7325041044
0.6317840336
-2.2498466858
1.0334327286
-1.1079168529
0.3462228025
-2.0771074414
-1.4253034768
-0.1357214844
-0.4147076962
-0.9459573060
-1.4408907409
-0.3341098847
0.2047465524
0.3174066716
-0.8522600660
0.2163068002
0.4190135520
0.3692757711
0.2585320807
0.1890373877
0.1295052909
1.1116766228
-1.5975424814
-1.2460028343
1.7990418952
-0.3862306489
-1.1900234610
-0.1503080093
1.0483759501
-1.1699114619
0.6787102241
-0.4731334385
0.4421218772
