15 3 0.16
18 0 0 1 0 1 1 1 2 2 2 2 5 2 6 2 7 3 2 3 3 3 4 3 5 3 6 4 2 4 3 5 3 5 4 6 3
14 0 1 0 2 1 1 2 0 2 1 3 1 3 2 4 0 4 1 4 2 4 3 5 1 5 2 6 1
18 0 2 1 2 2 0 2 1 2 2 2 3 3 0 3 1 3 2 3 3 3 4 4 0 4 3 4 4 4 5 5 3 5 4 5 5
6 2
5 3
5 4
0 0 0 0 0 0 0 0 0 0 0 0 0 0 0
0 0 0 0 0 0 0 0 0 0 0 0 0 0 0
0 0 0 0 0 0 0 0 0 0 0 0 0 0 0
0 0 0 0 0 0 0 0 0 0 0 0 0 0 0
0 0 0 0 0 0 0 0 0 0 0 0 0 0 0
0 0 0 0 1 1 1 0 0 0 0 0 0 0 0
0 0 1 0 1 0 1 0 0 0 0 0 0 0 0
0 0 1 2 3 1 1 1 0 0 0 0 0 0 0
0 0 0 0 3 2 1 2 2 1 0 0 0 0 0
0 0 0 1 3 2 2 2 2 1 0 0 0 0 0
0 0 0 0 2 2 0 1 1 1 0 0 0 0 0
0 0 0 0 1 1 1 0 0 0 0 0 0 0 0
0 0 0 0 0 1 0 0 0 0 0 0 0 0 0
0 0 0 0 0 0 0 0 0 0 0 0 0 0 0
0 0 0 0 0 0 0 0 0 0 0 0 0 0 0
1.0679839248
-0.5725112549
2.7990757503
0.3888516355
-0.2835158260
1.3130565893
0.4493507089
0.3910696676
0.3722309471
-0.1411384057
-1.1455163831
-0.0058512700
-0.8960844031
2.1249868762
0.5090826048
-0.3648188086
-0.2834651723
0.2356325442
0.8817252533
1.1670492411
-0.7403900027
-2.1218585599
-1.2093912840
-0.0046175200
-1.0455132335
-1.5457022145
1.3108396871
0.1669526626
0.4499235701
0.9192416966
1.5467938242
0.6689040872
-0.7755779104
0.1456609976
0.1222471520
-0.7430117980
-2.1329163186
1.0434338998
0.8648935313
1.2830434305
-0.8557031489
-1.7263541474
-1.0758836325
0.1649961912
1.7096634079
-0.4022143618
-0.5920099731
0.0379551007
-1.2908615075
-1.4772738107
-1.2849929449
1.3740641474
1.5325295388
-1.7750478420
-1.4309816433
0.4167392829
-1.7990750261
-0.3638991132
0.1150088486
-0.7601951922
-0.5170797697
-1.2349048955
-0.5578809062
-0.8641384125
-0.2103444658
-1.4874023588
-1.3724800177
1.0607202431
0.1803960704
1.1568877509
-0.9842113792
1.8985251220
0.0810656896
-0.1250863750
-0.0019900220
0.9195558175
-0.8973665562
0.0170777010
-0.2505602964
0.4509850046
-0.1768690795
-0.8162879763
-0.1055056226
0.8387910620
1.1345902266
-0.1290649387
-0.1230708767
0.6890243984
-0.8535217710
-0.3675163325
2.2563308892
-0.6295837606
0.5050251782
1.0998490473
-0.4003046839
-0.6584034549
-0.0077653513
0.7708287933
-1.0622557500
-1.1964207944
0.5963534738
1.5299610512
-0.3489752765
0.7638451035
0.2812610158
-0.8297188628
-0.0004478986
-1.4979498630
-0.2579580573
1.0428853569
0.4727024102
0.6522587223
0.5401556016
1.7272060004
2.1277091596
-1.0373405580
1.2205596925
-0.6153785743
1.7825932773
0.4868551543
-0.2053557012
-2.1541464762
0.5637604537
0.7899563976
-1.3941211389
-0.3507546533
0.1448236184
2.1343290225
-0.1963527706
-0.2841558828
-0.9502676071
0.5647774316
0.8076196353
1.0603809202
-0.9179685695
1.3472296390
0.4681733320
-1.6684619037
-0.5713824539
-0.2029873572
-0.2978911563
0.8585112717
0.8723887196
1.0559220976
0.2313891947
0.2498627838
0.1945647874
0.4690697593
0.0127617177
-1.0004030268
1.3551458912
-0.2032262787
0.7647636794
0.2004247188
0.3494396266
1.1229657956
0.8062054369
0.9479609161
0.6322479566
-0.8195313377
0.2694594065
0.8728391778
-0.1049393664
-1.7603196893
0.8761003711
1.2541537104
-0.1265174970
1.0979378682
-0.5371440228
-1.3908456149
0.0196516727
0.0342734897
-0.2064613044
-1.3533777576
0.2470281519
-0.6557470467
0.0287541704
-0.4369350227
1.0038246252
0.9873196749
-0.4302418852
-1.0914707578
0.0951667870
-1.4840842920
-1.3298180541
-0.7933239923
-1.3644488053
-0.8344515593
-0.9369323012
0.0231228616
-3.4806952866
-0.0449110126
-1.2600718017
0.4635627586
-0.1312661618
0.2680767355
1.2688104224
-0.6398775748
-0.5647919419
0.2486475018
-0.9147386677
0.0621795315
-0.3649341071
-0.2020019547
-0.3960264263
-1.1969797450
-1.5539920528
-0.1365335322
-0.9717597151
-3.0060195996
0.5285765152
0.3720856283
1.0864468062
-0.5063533182
-0.2732658063
-0.5990343809
0.4131755645
0.4902562720
-2.4479397034
1.0657181668
2.1476293677
-0.1291752529
0.7748142982
0.3380310094
-1.0865133185
1.7796438116
0.1433957613
0.5145709890
0.4131814143
-0.9336186398
0.3963337327
-1.3645860921
-0.6690674428
-0.6581957134
-1.5713065533
-0.3650150022
-0.4642416113
-0.4207336731
-0.0346956969
0.8716095935
0.8806085898
-1.2840021383
-0.8110887861
0.4801921930
0.4245774114
-0.0198237105
0.0979125535
-0.9095930551
1.2180274043
0.1447983839
1.0927082473
-0.5900953536
0.1083978408
0.0311913593
-0.4640945161
-0.9343693758
-0.1741445629
0.4391403656
-1.7608367864
-0.8732718459
0.3278524066
0.6430105757
-0.8902461149
-2.6003190675
1.7515545103
-0.2355381605
-0.2799964582
1.4978851690
0.3834245476
-1.2196861973
-1.9475891629
0.9057763023
-0.3167591371
-1.3601496277
2.1601830330
-0.8887042356
0.9499850313
-0.9037155620
1.0667183174
1.6813173645
-0.1577837017
2.4127046253
-0.0688802565
0.1148752160
-0.0396188463
-0.4502316931
0.0065977267
1.0706399330
-0.4072682166
-0.2828764426
0.1681692314
0.4099008505
-1.1826159198
0.1019258152
-0.9420207361
1.0003918975
1.6938501481
0.9133654009
1.6495504667
0.4891351833
-0.2734145730
-0.4300634203
0.5371788451
-0.9948949722
-1.5538865341
-1.5835162236
1.1850663561
-1.9985337007
-0.4333422830
-2.5945963248
-0.4036455201
0.3151341000
0.4123139491
-1.2768452563
0.5583376060
-0.8050670658
-0.5264423926
-0.6904536488
-0.0838347432
1.2290466633
-0.8787401368
0.8308437907
-0.7781627532
0.4660893223
0.0454166012
-0.8937979386
0.7170947642
0.0226254970
1.7100495953
-0.8153871931
2.6050168168
0.6291866031
-0.2502792989
1.2438031551
-0.4202880439
1.9016659368
-0.2674658382
1.7868994623
-0.7762303090
-0.7542598945
0.6876382090
0.7439945287
0.7300721716
-0.7117853805
-0.8310261849
0.4715860784
0.4582575445
-1.1944589242
0.3068332919
-0.7307315851
-0.2762481671
1.5673820287
-0.8929288665
1.5625005287
0.8547199862
-0.1126304897
0.1968416381
0.7674025795
0.2206213543
0.9185736210
1.4134528016
0.0500640913
-0.0849829663
-0.7996223935
-1.1728425353
-1.4708098423
-0.1674127674
1.0155274368
0.2733214349
0.4995086351
-1.7222303771
-0.3198244320
0.0241819477
-0.8853931710
-0.7925132266
0.3427328947
0.0533452193
-0.7530413590
0.8151998093
-1.0463782596
-0.6699740269
-0.1450752698
-0.3400624886
0.8828178715
-1.1109474634
-0.5163083435
-0.5024190370
0.2745394711
0.8038631260
0.0885034514
0.3377866100
-0.8734912322
0.3840042175
-1.4466207671
-0.7009946403
-0.6342283044
0.5637815397
-1.7666738347
0.5560804636
1.6753417518
1.1167988981
0.3648381602
0.9812927447
-0.4153151588
-0.1930278078
0.2573162071
-0.2088443947
-0.3331398758
-2.1498496536
-1.2423304561
-1.2744662432
1.2089820482
-0.6279488785
-0.7090718486
-0.7147848315
-0.6296636328
0.7374831982
-0.5646033059
-0.6972040141
-1.8312155768
0.2847693070
-2.4923453629
0.3755517305
0.7083836041
-0.3219208850
-0.6545783570
-0.7040271970
-0.3157075918
0.7753087444
1.2129991429
0.4025973027
0.8710745278
1.1189325267
-0.2946334293
-0.8274110016
-1.5871863412
-0.3125893365
-0.4851106116
1.0154317113
-0.2096647198
-0.3654152196
0.7684498646
0.7673847219
-0.4217881098
0.9761161662
-1.4667654677
0.5683726931
-3.0660633383
-0.0895957355
1.9677526268
