15 3 0.16
52 0 8 1 8 1 9 2 6 2 7 2 8 2 9 2 10 3 5 3 6 3 7 3 8 4 2 4 3 4 4 4 5 4 7 4 8 4 9 5 1 5 2 5 4 5 5 5 6 5 7 5 8 6 1 6 2 6 4 6 5 6 6 6 7 6 8 7 1 7 2 7 3 7 4 7 5 8 0 8 1 8 2 8 3 8 4 8 5 8 6 9 3 9 4 9 5 10 2 10 3 10 4 11 3
39 0 4 1 4 2 2 2 3 2 4 2 5 2 6 2 7 3 1 3 5 3 6 3 7 4 0 4 1 4 2 4 3 4 4 4 5 4 6 4 7 5 1 5 2 5 3 5 4 5 5 5 6 5 7 6 1 6 2 6 3 6 4 7 1 7 2 7 3 7 4 8 1 8 4 9 1 10 1
43 0 5 1 4 1 5 1 8 2 5 2 6 2 7 2 8 3 4 3 5 3 6 3 7 3 8 3 9 4 3 4 4 4 5 4 6 4 7 5 1 5 2 5 3 5 4 5 5 5 6 5 7 6 1 6 2 6 3 6 4 6 5 7 0 7 1 7 2 7 3 7 4 7 5 7 6 8 1 8 3 8 4 9 1 9 4
1 1
1 6
0 3
0 0 0 0 0 0 0 0 1 0 0 0 0 0 0
0 0 0 0 0 0 0 1 1 1 1 1 0 0 0
0 0 0 0 0 0 0 0 1 2 3 1 0 0 0
0 0 0 0 0 0 0 2 3 3 3 3 2 1 0
0 0 0 0 0 0 2 3 2 2 1 1 1 1 0
0 0 0 1 2 2 3 2 3 3 3 1 1 1 0
0 0 1 1 1 2 2 3 3 2 1 1 1 1 0
0 0 1 2 1 2 2 3 3 3 1 0 0 0 0
0 0 1 1 2 1 2 2 1 1 1 0 0 0 0
0 1 1 1 2 1 1 3 0 0 1 0 0 0 0
0 0 0 0 1 1 1 1 0 0 0 0 0 0 0
0 0 0 1 1 1 0 1 0 0 0 0 0 0 0
0 0 0 0 1 0 0 0 0 0 0 0 0 0 0
0 0 0 0 0 0 0 0 0 0 0 0 0 0 0
0 0 0 0 0 0 0 0 0 0 0 0 0 0 0
0.7124232867
0.1772682267
1.6693311308
0.7942784512
0.5460954517
-0.6464346938
-0.4268705554
0.3857867442
-1.5926068039
0.4987859368
-0.2307507140
-0.3154508548
0.4235652795
1.3516336710
0.9779665164
0.5372943195
1.7464724955
0.5632288690
-0.8527527121
1.0004081675
-1.8379294579
-1.5330815358
0.6331885327
-0.8567340327
-0.3080822456
-0.7132018574
-0.5175037061
-0.0093790402
0.6215667585
-0.0020399148
0.5997481695
1.1565584865
2.6513979154
-0.0952560958
0.0394023630
-0.4087425120
-1.1200688855
0.8989390448
-0.0247466279
-2.1380814686
1.2467719034
0.3599065722
1.3944893177
0.9541090459
0.3348610926
-0.7973678439
0.3178710460
-1.5914187837
-0.2290039379
0.6490227414
0.8341818712
0.8700016494
-0.6272691596
0.4899852373
0.8930939818
-0.5405040138
1.4855418983
-0.4130240814
1.1218582646
0.9161907576
0.6378639665
0.0889813637
0.4739440845
0.0289664153
-1.3153887628
-0.2427372174
-1.3088745672
-0.6894284487
0.2260626316
2.6022378842
-1.1133049390
0.3544631241
-0.5719629527
0.3833940319
0.1761758426
-0.1211438474
-1.9342560089
1.4752128460
0.6527108511
-0.5685870817
-0.1451801899
0.6329903001
0.5650733435
1.9313723515
1.1413035396
-0.8851278274
-0.5680229786
0.3557565100
-2.0786948613
1.5844129401
-0.6079348675
-0.6974153709
-0.6940021008
0.6512197668
0.2591396954
0.5233845910
-0.0188802849
-1.4135877222
-0.9856134820
-0.2434117889
-0.2059419126
-0.2464957017
0.3997026915
-0.8853451070
-0.0153693762
0.1595565218
0.5175934301
0.2833660758
-0.2832655503
-0.5911095535
-1.1571860434
0.6539614890
-0.9969812404
1.5064514960
0.5639774981
0.3635074717
2.2948123694
-0.1024638477
-1.7922606258
-1.4144176559
0.1675372633
-0.7225104986
-0.8946028431
1.7758836800
0.0918766735
-0.4193526992
0.7287438952
-2.2444385341
-2.2361758444
-0.4580874489
-2.2372734291
1.5404909885
1.4818495594
-0.9590857646
-0.6352620700
1.6193854408
0.8424063635
0.4856203456
0.2557935546
-1.1532761972
0.1205323170
-0.7511039831
-0.3771105160
-1.3748592948
-1.0849137642
1.7489488968
-1.0045993786
-0.3451792778
1.1696185463
1.3688465387
1.9361267062
0.6949716455
0.2158361279
0.2696464241
0.0947301244
1.7939684518
1.0570439590
-0.2523114293
0.3811307005
0.3260434925
-1.9549396489
-1.1461066514
0.7022877449
0.2810428775
0.0788900992
0.2535075651
0.9892272474
0.5433473285
-0.4563501696
-0.0305278053
-0.9324456231
0.6860457207
1.2084883646
0.6823862518
0.1452019052
0.1179246280
0.8647180718
-0.3298962100
-0.2318100504
0.8442845770
-0.6949084371
0.7732039816
-0.3325324395
0.2817850090
0.8743717907
-0.5113536402
-0.1868974244
1.7504167787
-1.2504519750
0.2862817917
1.6125628563
0.6980500000
0.0014297910
0.7540525983
0.9322121892
-0.2554306323
0.1442403183
1.0663736563
0.9337264477
-0.5659573189
-0.9517443669
1.0948825827
2.1893099334
-0.3953681984
1.1525792522
-0.7516651672
-1.3272199185
-0.3809561417
0.8086968149
-0.3730605950
0.6697675128
0.1940931237
-1.7404929201
-0.9520507536
0.6720245555
1.4086719953
1.3737951885
-0.1195629729
1.0353989872
-0.5598566825
0.0208071795
-1.6993949881
-0.0321694464
0.0426892503
-1.8861462694
-1.3502599550
0.4089028152
-1.0973486760
-0.0298195862
-0.4993880267
-0.6926567852
-1.0756623798
-0.0460348023
0.6850406932
0.2244687288
-0.6292336374
-0.7586927672
1.0246799349
1.3290025320
0.5677471354
0.3968091153
-1.2334567748
0.2047526157
0.6340938767
-0.4251902558
1.2341182657
-1.6979104671
-0.6643701640
-1.5338840455
-1.3521654526
0.1003127642
2.5871640177
1.9288881553
0.7753501017
1.0736390804
0.3744943139
-1.0103312241
-0.2862396880
0.9189238417
-0.7320287769
-2.4427548414
1.3102529359
0.1019725400
-0.9009063237
-1.3258899239
0.6907453618
0.7947369934
0.7197287418
-1.6694385599
-1.1418044483
0.6383418807
1.0696588385
1.5894386469
0.2349463026
1.1033046758
-0.1373681953
0.0352667226
0.8169600061
0.0394841552
-1.8541748218
0.4554140280
-1.7151747876
0.0603563690
1.1718612622
0.2987491331
1.1808893002
-1.2586905454
0.4096159352
-1.0347135831
1.1661093129
1.0319939120
-1.1773401236
1.0186212400
0.3029305858
-1.2117483909
0.4269039556
-1.0803444632
-0.0159428711
0.5339309468
0.4589312987
1.5235519288
0.1917956986
0.0318778782
-1.9257555112
1.9571913812
1.4241640192
-1.6101813908
1.1197619402
-0.9620421352
0.9778911306
-0.5385080600
0.5662863917
-1.8561884585
-0.2151608691
-0.1740019801
-0.1660775301
-0.8429432257
1.2017491640
-0.1968570628
1.1011524881
0.2437976513
0.9242474613
1.7755525975
0.6023994215
1.8687527691
2.6025844415
0.0906649718
-0.4738732865
-0.1267730083
0.8449029449
1.4370067142
0.3042005442
1.5275189156
-0.3634796525
-0.3746431876
0.7245681315
0.2417809754
-0.4951571064
0.1823810799
0.8619487499
1.6024364327
-0.3430877297
-0.1649579538
1.5671848028
-0.1968088947
0.8195729834
-1.4573639844
-1.1336592295
-0.4545476122
-0.7605150297
0.6832340665
1.0587055999
0.7625165622
0.3707256621
0.6642520627
0.9952280628
1.2154414894
1.1730145298
-0.0673839377
-1.4712321750
-0.4143997685
2.0463272121
-0.6954779451
-0.3775945665
-0.1976896971
-0.6520118388
-1.1128978186
-1.4585126876
2.1665627804
-1.1282574711
-1.1081620373
1.4197337347
0.4284319782
0.1958662873
-1.4261671692
-1.5048843827
0.3500477120
-0.9155297390
-1.8518680101
0.0325167228
-0.8171600551
-1.8037431499
1.4058789737
-0.6875968312
0.6967308352
-0.7944667499
-1.5014906727
0.4633778481
-1.0233383328
-0.4377714386
-0.3217446203
0.9960678451
1.3463213608
0.0604524918
-1.0802275504
-1.1522599334
-0.0468386027
0.9415805164
-1.3124540074
-0.5981617768
-1.1503758100
-0.2337334028
0.8086947570
0.5161064957
-0.9268305064
-0.3856184641
2.6030725940
0.8836391689
0.0487143865
0.0932413038
-1.0020358370
0.6615992994
-0.0973979203
2.4963225227
-0.6015246509
0.4014600403
1.7714495713
0.1414392543
-1.6077615452
1.0944158964
0.6919438374
0.7180619938
-0.1932328997
1.4302837692
0.4838572697
0.8820033534
-0.4873777296
-0.1941945936
-2.3891422730
-0.8176099680
-0.3822283543
-2.5292001503
-1.0720439810
-0.3465623573
1.6800326868
-0.9140391208
-0.3388784321
0.9971893080
-1.7637193047
-0.0037156815
-1.9629253327
0.4617408734
-0.7794060421
-2.4742101008
-0.1048579927
-1.4728783924
-1.3840268946
0.4573691060
-0.4400419256
0.6790537281
