15 3 0.13
30 0 2 0 3 1 0 1 3 1 4 2 0 2 1 2 2 2 3 2 4 2 5 3 3 3 4 3 5 4 2 4 3 4 4 4 5 5 2 5 3 5 4 6 2 6 3 7 2 7 3 7 4 8 2 9 2 9 3 9 4
34 0 1 0 3 1 0 1 1 1 2 1 3 2 2 2 3 2 4 3 0 3 1 3 2 3 3 3 4 3 5 4 1 4 2 4 3 5 0 5 1 5 2 5 3 5 4 6 0 6 1 6 2 6 3 7 0 7 1 7 2 7 3 7 4 8 0 8 3
34 0 5 1 5 1 6 2 4 2 5 2 6 3 4 3 5 3 6 4 0 4 1 4 2 4 3 4 4 4 5 4 6 4 7 4 8 5 2 5 3 5 4 5 5 5 6 6 2 6 3 6 5 6 6 6 7 7 2 7 3 7 5 7 6 7 7 8 5
2 3
1 4
4 1
0 0 0 0 0 0 0 0 0 0 0 0 0 0 0
0 0 0 0 0 1 0 1 0 0 0 0 0 0 0
0 0 0 0 1 2 2 1 0 0 0 0 0 0 0
0 0 0 1 0 0 2 2 1 0 0 0 0 0 0
0 0 0 1 2 2 3 2 2 1 0 0 0 0 0
0 0 0 0 0 1 3 3 1 0 0 0 0 0 0
0 0 0 0 1 3 3 3 2 0 0 0 0 0 0
0 0 0 0 1 3 3 3 0 0 0 0 0 0 0
0 1 1 1 2 3 3 2 2 1 0 0 0 0 0
0 0 0 1 2 2 2 3 0 0 0 0 0 0 0
0 0 0 1 1 1 1 1 1 0 0 0 0 0 0
0 0 0 1 1 1 2 2 1 0 0 0 0 0 0
0 0 0 0 0 0 1 0 0 0 0 0 0 0 0
0 0 0 0 0 0 0 0 0 0 0 0 0 0 0
0 0 0 0 0 0 0 0 0 0 0 0 0 0 0
0.7199998879
-1.2004474852
-0.9184486222
1.5875751588
0.4679550520
1.5843013070
-0.1540538308
-0.9547631471
-1.8862421395
0.4011551726
0.8323212679
0.6971458987
0.8435743594
-0.0206756903
-0.5084555329
1.5598254239
0.6096097397
-2.1013609930
0.9140418358
-0.8302596002
-0.0941889632
0.4466321536
0.1329148955
1.0683339400
-0.3547444489
0.4162639641
0.8365635778
-0.2688916274
0.0132897134
1.0411043973
-0.8040331294
0.7800498328
0.8607939015
0.4118076831
0.0058300539
0.5054758937
0.5171223268
-1.5929810654
2.0529430980
2.2085376374
-0.8663138273
0.0414046405
-0.1310192186
0.6188825785
0.7279395370
1.4730680401
0.1171392872
-0.3110672317
-0.1915520808
-0.9058475817
0.6164289931
-0.6429675690
-0.1491203525
1.4612110486
0.6143983232
1.2693196268
1.2996233161
0.6854816335
0.6323700463
1.5016241283
0.9520711631
-1.2767990322
0.1819678442
0.9894755204
0.0217978284
0.7893886010
-0.7350784775
-0.3808495655
0.4593632380
0.4750484093
-0.7417526580
-1.8248304538
0.2925330168
1.1947343165
-0.5138853080
0.6242993737
0.3088240321
1.1142166889
-1.6131222454
0.0196786146
-0.4591665824
0.7760969735
1.2169497095
-0.1334805916
-0.2758752448
-0.0013377440
0.4054356553
-0.3735497793
-1.0811528260
-2.3027035107
-0.5477128514
0.6033502422
-1.5495002003
-1.6945872467
-1.0773115830
2.7154253299
1.7152719620
-1.0932848179
-0.3035335161
-1.2410961087
0.3511487258
1.6418554118
-0.3964793629
-0.8719449861
-1.4218702758
-0.1747679800
-0.4781342229
1.5857068523
1.6321080752
0.1704597491
0.0707504756
-0.9166442077
1.0320363962
-0.8455837814
1.2585742721
-0.3179341544
-0.1486933092
-1.1907693017
-0.7489432347
-0.8581394948
-1.0700188361
2.1454487940
0.3607582738
0.1014385786
0.6160379385
1.5230322695
0.5711305753
-0.6303181742
-0.6566320003
1.8146104622
0.7378381042
0.0048685081
0.6018656864
-0.3951068910
1.1530445457
0.0144803520
0.3808442548
1.1472623126
0.2011965655
-0.3020960482
-0.4072775646
-0.8494676377
-0.4342282040
-1.0212476221
0.0739230098
-0.2150265636
-0.1634796025
0.1421002386
-0.3267204950
0.8265017331
0.4767110124
0.1622445741
1.3933592135
-0.9174451458
-0.5081839279
1.1347456894
-0.5148691803
-1.2100039884
-1.4302379290
0.4480845621
0.5199681737
2.6466875850
-0.2967138113
-1.1637991966
0.5365976887
0.2559029200
-1.0063850011
0.9690664769
-1.9001173873
0.1254034246
1.2471037283
0.1274346944
-0.6606297002
0.7680045018
1.0065331334
1.6259789191
1.7349689128
0.3414507001
0.4619238683
1.0459474945
-0.3495687245
1.1590626263
-0.1978179282
1.5179263666
0.5681805349
-1.5418432420
0.4641050202
-1.7080105206
-0.1861105266
-0.0692349285
0.0450275356
0.5687374135
0.4987453332
0.0206540498
-0.5315306373
1.0501955941
-0.2340218165
-0.8422227279
-2.0913070025
-0.6779749233
-0.2801434690
0.9540014484
0.1375596542
-0.7307384743
-0.8400531904
0.5321077162
-0.0618678146
0.0332167365
-0.6164564559
-0.1434779450
0.5122007832
0.7275665560
1.0067284800
-1.1089219218
1.1505365333
0.1172703294
0.9467156520
-0.3169422622
-0.5873934660
-0.3539157013
-0.3662730710
0.4937319960
-1.3856890611
-0.8837654466
-0.0258471913
0.7805734025
0.3578799386
-0.2820404825
2.8934801717
1.6529305626
0.5236834151
-0.7757998220
0.2755938420
-0.2830105848
1.3804544494
1.3090230875
1.0973787637
0.1851774682
1.3655389995
-0.5475975465
-0.6882972533
0.2885857972
-0.4690803293
-0.3789892044
0.0090223193
-0.6984728909
0.7941156888
0.1919755544
0.6140397947
0.3486079832
-0.7884656786
0.6607087336
0.2191661700
0.9664348850
0.2800499923
-0.4107528944
0.5155378325
0.0928613451
-0.3648268935
-1.2421992164
-0.5686323019
0.0100308275
-0.0733332933
-0.6478721024
-0.2721590299
0.7759861309
1.0165137529
-0.8093548158
0.5843562992
-0.1939436044
0.2541582193
-0.3429550764
1.0476542542
-0.7226942061
1.5084090330
0.3294165167
0.3112497966
-0.2706386183
-0.9566701100
1.1415792246
0.1125700744
1.7360263357
0.5943950344
0.5859085842
0.3260164129
1.0496003921
0.4443663884
0.0003502627
1.0059126724
-0.3455193581
0.8804041320
0.4505137103
1.2631011372
1.9934934454
0.9647336595
-0.6154071529
0.8881471159
-0.6224973304
-0.7290287360
-0.5826792887
1.5417288888
-0.9619471789
-0.1516417222
1.8633180069
0.1773772637
1.4160226316
-1.4311036437
-0.3782455399
-1.2804097229
-1.3593885733
-0.3800824483
0.3225798511
-0.0351446349
0.6301592867
-0.0854383315
0.9683081387
0.4650127829
-1.7587184886
0.5120052354
0.8563502654
-0.7666712859
0.9751045053
1.5259913303
2.0117163654
-0.5010366261
1.8854140021
0.7579485482
0.7397778681
0.5557241864
1.4041354796
-0.8361384568
-0.0545219464
-0.2998213706
1.4108223219
-0.9244981159
2.0571464581
-0.1871558579
0.5647047403
-0.1888924376
0.0938597116
-0.1161686589
0.6282252245
-0.1023091299
1.8104514530
0.3437000494
1.0622214255
-2.4808820980
0.0332603236
-0.9488872249
-0.5283438615
2.6102999191
-1.2482275417
0.3646844728
0.5978004656
2.0928954394
1.7755099844
-0.5501367385
-1.0133078275
1.6072572834
-0.7921236136
-1.2254494314
-0.0598480470
1.2683824467
-1.8102354091
0.5864793206
1.6835447310
0.1975845988
-0.6466585059
-0.4991453994
-1.3720498741
-0.8252767071
-0.9632853051
0.4738148867
-1.3891698570
0.2807317745
-1.2547743883
-0.2720068939
0.3590365852
-0.5457368589
-0.0700596164
1.2320521416
1.1127426822
0.1492245132
2.6635020555
-0.8887799265
0.7403651581
-0.7241305027
-0.0497329249
-1.1335835997
-0.7561440802
-0.5874228978
-0.9611680687
-1.5597138162
-3.6650584422
0.3246787347
-0.1675882423
0.8155733048
0.1231174392
-0.2394086460
-0.9821376028
-0.7000005031
0.7537234504
0.4604557138
2.0073531829
0.4787631182
1.8631219878
-0.0933785432
-0.7315906837
0.2006693109
-0.5333713010
0.2688514036
0.4685177068
-0.0366673311
-0.7131456790
1.0631225624
-0.1043712526
0.5356128985
0.8635894567
-0.2969243387
1.3879094375
-0.0857519138
0.9018755547
-0.0826948993
2.5309530795
-0.3003880689
-0.4815441567
0.9571582965
-1.1650892753
0.2830699391
-1.2504350947
1.2438642408
-2.2774136350
-0.6144279449
1.5322227224
0.8731701556
-0.6014664484
-0.0316722075
1.2906003216
-0.6571577733
-0.8204482747
0.2363088922
-1.2813454662
2.1604289037
0.9005835394
-0.0522966324
-0.8551302982
-0.6183806130
0.6186019266
0.1847989639
0.4504585270
