15 3 0.02
33 0 6 1 4 1 5 1 6 2 1 2 3 2 5 2 7 3 1 3 3 3 4 3 5 3 6 3 7 4 1 4 2 4 3 4 4 4 5 5 0 5 1 5 2 5 3 5 4 5 5 5 6 6 1 6 2 6 3 6 5 6 6 7 0 7 1
35 0 3 0 4 0 5 1 3 1 4 2 0 2 1 2 2 2 3 2 4 2 5 2 6 3 1 3 4 3 5 3 6 3 7 3 8 4 3 4 4 4 5 4 6 4 7 4 8 4 9 5 2 5 3 5 4 5 5 5 6 5 7 6 3 6 4 7 4 8 4
34 0 2 0 3 1 2 1 3 1 4 1 5 1 6 1 7 2 0 2 1 2 2 2 3 2 4 2 5 2 6 2 8 3 3 3 4 3 5 3 6 3 7 3 8 4 3 4 4 4 5 4 6 5 3 5 4 5 5 5 6 6 3 6 4 6 6 7 6
4 0
1 1
4 2
0 0 0 0 0 0 0 0 0 0 0 0 0 0 0
0 0 0 0 1 1 1 0 0 0 0 0 0 0 0
0 0 0 0 1 1 0 0 0 0 0 0 0 0 0
0 1 1 1 1 1 1 1 0 0 0 0 0 0 0
0 0 1 0 1 2 2 1 1 1 0 0 0 0 0
0 0 0 0 3 3 3 2 2 2 1 0 0 0 0
0 1 1 3 2 3 2 3 2 0 1 0 0 0 0
0 1 0 1 2 3 2 2 1 1 1 0 0 0 0
0 1 1 1 1 3 1 1 1 0 0 0 0 0 0
1 1 1 1 1 3 2 1 1 0 0 0 0 0 0
0 1 1 1 0 2 2 0 1 0 0 0 0 0 0
1 1 0 0 0 0 0 0 1 0 0 0 0 0 0
0 0 0 0 0 0 0 0 0 0 0 0 0 0 0
0 0 0 0 0 0 0 0 0 0 0 0 0 0 0
0 0 0 0 0 0 0 0 0 0 0 0 0 0 0
-0.4763616253
1.4604082770
-0.9134047403
0.4318266849
-1.1383870843
-0.2575366357
0.4783955214
-0.8456650097
0.2214398813
-2.5106765915
-0.8222151657
-0.2860997102
-0.7757057427
0.8509540454
-1.0095848225
-1.6802182735
-0.3601972615
-0.8652636872
2.5267034134
0.5529535775
0.8213691276
-0.9789065807
0.3940961010
-0.2025909945
2.3225170441
-1.2036016789
0.2726086768
2.1934694886
1.0729620147
-1.0214756976
-1.6093214820
0.5816851656
-0.4575392426
2.1526461794
0.0926248437
-0.0101178172
-0.4138230055
1.4968137059
-1.1840535659
2.2089577942
-1.2855906166
1.4153915236
-1.2499447245
-0.1900819428
1.1207995239
-1.2621480592
0.2127183150
-0.6645035787
0.3150523084
0.1626034420
-1.2748046166
0.3426441279
0.1805369276
-1.8435519092
1.0144962831
-0.3583893844
-0.8279562957
1.0283010544
0.6120690345
-0.6962082263
-0.0514416299
0.4005689397
-0.9330336853
-0.4463452808
0.9413951790
0.9150119382
1.0264951126
-0.2347753069
0.0134353675
-0.2613878068
-1.7195766171
0.9864381914
-0.6238756079
0.2731019671
-0.7720729945
1.3154006587
0.5997316322
0.0273831536
-0.4407002230
-0.9369813856
-1.5425619174
0.3622806023
0.0813345253
0.7507179583
-2.8955648060
-0.8313392538
0.5100933282
-0.2519013605
-1.8613961026
-0.7625905954
-1.6622849775
-1.3909280299
1.0940594012
1.2508795298
-0.6590114528
0.1408954542
0.4299574316
0.0374794387
0.3830740738
2.1460806646
1.4745902404
-2.4571165841
0.9550187602
-2.3708477864
-0.7870973850
0.5387014699
-0.7633017013
-0.2570184450
0.5424427482
-0.8674084328
1.4314849158
-0.5594808038
-1.8548898992
1.7649812086
1.9957099319
-0.3490822836
-1.5209339048
-0.0313627220
0.5057984050
0.2879895228
-0.1185668004
-0.7435942049
-1.1542902275
-0.6260195671
0.3679517041
-0.6401824034
0.4207121299
0.5247273103
-0.7988878556
-0.7836281792
0.4093597347
0.3807228399
0.0942183205
1.3223697015
1.7090067408
1.2582456440
-0.2613541852
0.5167623092
-0.0341315815
0.2744738077
0.2477034799
-1.1043613038
0.4601686970
-1.5901839589
0.7577849880
0.2317504343
0.9194484952
-0.0930988681
-1.0400243485
1.3697273836
0.7343682136
-0.8253865392
0.7659233510
0.2860634448
-0.8035720690
1.0855186808
0.1896068244
-0.4436113178
-0.5084879842
-0.1972390610
0.1407927054
3.2136950665
0.7336305962
-0.2439571669
-0.1093981578
-1.0362823650
0.5438628996
1.0629751155
1.6195129777
-0.2394418691
1.4914830375
-0.2226847760
-0.2146236768
-0.0900722995
0.1641899053
1.7106170390
-0.8611311384
0.3302692179
-0.5860243937
-0.6046202285
0.0711752645
2.1037442369
-0.4770952931
0.7651187184
0.1193394411
0.9304409376
-0.4911921116
-0.0562758025
1.4669675399
-0.9177058338
-0.5179303901
0.0524863750
0.3059740717
1.2809193767
-0.4975219123
0.5689825371
0.9687629537
-0.6196092403
1.1264236683
-0.0744973337
0.1039690208
-2.1306447291
0.9948494719
-0.4275519444
-0.8591798812
0.0115933825
-0.2519517851
0.1185635576
0.6162536937
0.2203340358
-0.7015152750
0.2783716972
0.1729936154
-0.6864989630
0.4197114949
0.1668776518
-0.4398796947
-0.0524788129
-2.1834235009
-0.8860465381
-0.9372876326
-0.8179288359
-0.0520792072
0.9364472217
1.2023111871
0.1800852928
-0.8086310100
-0.2324590392
0.1584483596
0.2562476198
0.2920593308
1.4913620007
0.3547006241
-0.5870363825
-1.1063566510
0.8715588995
1.2234601173
-0.7790625905
0.9031595358
-0.2857199515
0.5339375914
-0.8064399457
-0.5492891200
-1.5854566343
-1.4730061732
-0.5564519273
0.0778611789
-0.8448423155
-0.9378288873
-1.4635698704
-0.7563282091
-0.3673406375
-1.5687593651
0.8034656114
0.8673716424
0.6387721997
1.0772889429
0.1927163139
-0.1621476632
-0.6673127208
0.1774807429
0.2973175878
0.5719339781
0.1701273851
-0.3544037310
0.0189914003
0.0745389534
0.7478683102
0.3699758739
0.5282651691
0.0562276298
-0.1847696371
-0.7248100146
0.4816686992
-0.9849904224
0.2127321507
-0.4373354081
-1.6242870703
0.9577041303
0.1112216847
-0.2115331403
-1.2447594252
-1.1021814472
0.3620703418
-0.0718642289
-0.3747822354
-0.5521312180
-0.2603142040
-1.2614885388
1.1813941214
0.2470124988
-0.8236690305
0.6082859642
0.7754921460
-0.0191279483
-1.0471749189
0.0508812870
1.1544468833
0.9697672198
-0.7759640531
0.6849767395
0.1198562754
-0.7559574448
0.0274717346
-0.3192454288
0.1489576011
0.1789244633
1.1200555873
0.7934732384
-0.2603447597
-1.0757306865
0.6357551461
0.4883738719
0.8867161764
1.2944900477
0.2023896109
0.9880298023
-0.3997085614
0.9616603837
0.5225458484
-0.0490784387
0.0019334876
2.5744743398
-0.0414598980
-0.8849573486
0.0965762753
0.9387507352
0.3305503446
0.9289631529
0.8942847654
0.0754310557
1.2484955861
-1.2646393262
-0.5536108046
0.8966062961
0.2160754379
-1.6408324052
1.1513723301
-1.4780305514
-0.0524373137
0.2105565265
0.4737793781
0.6082772917
0.2864955033
1.2804235527
1.3409797477
0.3445469243
0.5406702728
0.3577543545
0.5111660672
1.0495704570
-0.3646327573
-0.5108016620
0.2464799619
-0.3146573078
1.7074146495
0.3168186021
-1.3513664263
0.2899631608
0.0455304845
2.3494577911
0.2803241749
-0.5328863984
0.0601033243
1.1199343833
0.9290756529
-0.6881514153
-0.2970891474
0.1113125743
-0.1467839498
0.2680807656
-1.2524081806
0.2720045848
-0.0135329989
-1.4332596861
-0.4296152856
-0.2027637688
0.2488430168
0.0814978519
-0.5370639778
-1.3045285086
-1.0351163563
1.7586369715
1.5701370740
2.1703608166
0.1993419102
-0.6973447980
-0.5548739409
2.1946629331
-0.2636060611
-0.6537540488
-1.2530876375
0.4418537091
1.2892262386
0.2655845568
-1.1638850874
0.2819329808
-1.2891947375
-0.2044203076
0.6339865482
0.2656383285
0.2710287236
0.7946491166
-0.1094588640
0.1057982727
-1.6527405843
-0.0787330148
0.4575614863
0.9633361900
0.1854860061
-0.2436598277
-0.8087277578
0.7831459594
-1.1616705141
1.3984733028
0.2576749766
-1.8420599818
0.7187266580
-2.1250140204
0.8605491618
-0.1639573578
1.3182279533
-0.6377994040
-2.3839006947
-1.1822437282
0.9127721798
-1.2899137442
0.8897575137
0.3533695085
-1.3809687691
1.9285084469
-0.6178646205
-0.3475162493
-0.4603284684
-2.5066808129
1.8638912769
0.1603438635
0.4580866070
-0.6651984335
1.0794390061
-1.5892714563
-0.7348199110
-0.2213018783
-1.4265904024
-1.4003559266
0.6484025774
-1.1477536474
3.0602337090
1.1600213664
-2.2346217683
