15 3 0.09
19 0 3 1 2 1 3 2 1 2 2 2 3 2 4 3 2 3 3 4 0 4 1 4 2 4 3 4 4 5 0 5 1 5 3 5 4 6 3
27 0 1 0 2 1 1 1 2 1 3 2 1 2 2 2 3 2 4 3 1 3 2 3 3 4 0 4 1 4 2 4 3 4 4 5 1 5 3 5 4 6 0 6 1 6 2 7 1 8 0 8 1 9 1
18 0 0 0 1 0 4 0 5 1 1 1 2 1 3 1 4 1 5 1 6 2 2 2 3 2 5 2 6 3 3 3 5 3 6 4 3
8 3
1 8
10 6
0 0 0 0 0 0 0 0 0 0 0 0 0 0 0
0 0 0 0 0 0 0 0 0 1 1 0 0 0 0
0 0 0 0 0 0 0 0 0 1 1 1 0 0 0
0 0 0 0 0 0 0 0 0 1 1 1 1 0 0
0 0 0 0 0 0 0 0 0 1 1 1 0 0 0
0 0 0 0 0 0 0 0 1 1 1 1 1 0 0
0 0 0 0 0 0 0 0 0 1 0 1 1 0 0
0 0 0 0 0 0 0 0 1 1 1 0 0 0 0
0 0 0 0 0 0 1 0 0 1 0 0 0 0 0
0 0 0 0 0 1 1 0 1 1 0 0 0 0 0
0 0 0 0 1 1 2 2 0 1 1 1 0 0 0
0 0 0 0 0 1 1 1 1 1 1 1 1 0 0
0 0 0 1 1 1 1 1 1 1 0 1 1 0 0
0 0 0 1 1 0 1 1 0 1 0 1 1 0 0
0 0 0 0 0 0 1 0 0 1 0 0 0 0 0
0.3938429774
0.3578826977
2.0604891569
-1.5392267397
-0.6487384047
0.3412895878
-0.3871944775
-0.0517363614
1.0085069683
-0.7065419628
0.2347320050
-1.0110208739
-0.6864282549
0.5875145338
1.2332026221
-0.4933905340
-0.0233130587
0.0754780119
0.5114195919
0.3338289601
0.8928148781
0.7554615008
0.8383547250
2.0671322113
2.9465411131
-0.6736217518
0.8623560883
0.2397234820
0.4215511327
0.1962145973
-1.6954048485
-1.4764848043
0.5412061139
-0.0417094846
-0.2333099630
-1.0455926672
-0.7921894050
1.8109682476
-1.6613999972
0.0173007303
0.4343707656
1.1136958665
0.3205433715
-1.0641397606
0.1213033786
0.0722200872
-0.4975835497
0.3427217031
-1.3375963019
-0.1149141510
-0.4763713906
0.1843961000
-0.1175169750
0.0029683439
-0.3089695097
-0.7532903066
1.9999122646
-0.5015646863
2.0875404386
1.5522708346
0.4612669256
0.9386837300
0.3723442646
-0.0783658197
-0.3329857846
0.3279073301
1.6973968582
-0.8227498902
0.9635091708
-0.8070926078
-0.2345009591
-1.7968171205
-0.3692398058
-0.7519273181
-0.6409890004
1.5081173051
0.3152040802
0.5309518536
0.3589085247
-0.1193156286
0.8539315543
-0.0173693045
-1.1117969968
1.1672601184
-1.5365742815
0.4157508102
-0.0170092039
0.0785060037
-1.2371078244
-0.8679553386
-0.5573381924
1.6771492379
-0.7224696902
0.2662278155
1.0567046002
0.0878068792
0.7239510543
-0.0916688953
-0.9562059369
-1.6013548029
1.2332728726
0.1976847469
1.4484708162
0.4476630737
0.9001249270
-2.4846113859
-0.1478300748
1.8074246779
0.3313323125
-0.1049331201
-2.2976458427
-1.2460786504
-2.6431847421
-0.0248485535
1.7670221368
0.9778341419
1.1035961155
-0.3879515621
1.3458181762
-1.3074828649
-0.9757401488
0.5893815627
0.6068092391
1.3559497301
-0.0073267526
2.2411293380
0.1212723322
2.3579638608
0.3927705066
-0.3108447185
0.3329585678
-0.1926330400
-0.1810049018
1.3894511306
1.6564778247
0.1166405254
1.6508162778
-0.9802105777
-0.1561396389
0.3277799381
1.5299224414
-0.9560435794
0.7761589118
0.6403544783
0.6673400950
-0.4975274845
0.7408697024
-0.4811773151
1.6054933123
-0.3448139712
1.1101658311
-0.6897507176
0.6362332205
-1.8282330105
1.6223639532
-0.9604203708
1.1111024071
1.0393462805
0.3760522175
-0.8665228717
-0.7413368199
0.0791488300
-0.1414446685
0.6611393173
-1.8786729302
-1.3240391471
0.3534892289
0.9866897246
-1.2219587022
-0.0286306652
2.5944241514
-1.5972390609
0.1826360513
0.6658063195
0.1573422329
-0.7939535546
-1.0401970396
-0.7174253530
-0.6534984587
-0.0889690685
-0.7126318887
-1.5863535649
-0.1290589979
-1.0247455762
0.1382153849
0.4904484148
-0.3875335872
-2.6620908753
-0.5494925932
0.3326267048
-0.6724201357
1.1710766526
-1.2314349425
-0.8639210184
0.6750798264
0.6883194977
-0.6150482758
0.1279443800
-3.2640971214
-0.1398741675
2.5085293899
-0.2133934380
-1.7829024713
1.6889530494
-0.6401771321
0.5601950475
1.7394730674
-0.3090031876
1.3270174996
0.7678404650
0.7909532355
1.5241781403
-0.7613600477
2.0952961973
-0.5517996066
0.2199978430
0.0565842718
2.0605851672
-1.4050352562
1.8853293127
0.5113267911
-0.4296048413
0.7980171092
-0.5219035746
1.2080882429
-0.2162942688
0.9395889387
-0.0699933588
-0.0630181077
-2.6849922113
-0.3042724849
-0.2624413044
0.8551857319
-1.0204905653
-0.2859000174
0.6378378371
-0.9963243983
-1.2395875695
0.4893692229
0.3405212451
-0.6158971798
-0.5671075403
0.4351223114
-0.3521676473
-0.3651962717
-0.1748443773
0.5516232644
-0.1814138173
0.1636316451
-2.2719100734
-1.7987559018
0.0697833663
1.0740608799
-0.3424257795
0.3306813844
0.8434744067
-0.9501247218
-2.1777732330
-0.1058666882
-1.4485037767
0.1824449841
0.4916037533
-0.9813056923
0.1269940251
1.7754956544
0.4668722219
-1.9896074334
0.3334607912
-0.7146005239
-0.0109955269
-0.3321632223
-0.0243660767
0.4550045270
-0.3144674093
0.1501665529
-0.7231586023
0.5942804106
0.6526559475
-1.0351576588
-1.3529953671
-0.5114695471
-0.6313835771
-2.0334870333
0.1065857029
0.0807310313
0.4907485103
-0.9316612078
-0.2967418797
-0.0834563400
1.0756450595
-0.8038677294
1.0351651264
-1.6865944696
-0.1774982708
0.1797649632
0.7673632598
0.0079970087
-1.0274515037
0.2044450381
-1.3263001556
-1.7444780358
-0.1466877030
0.8061557976
2.3172186012
0.4518615592
0.6000250828
-1.8404496064
-0.3073624775
0.1084164817
1.0883077299
0.7015558990
-0.2347866551
-0.4230576035
0.4597304445
1.2010758881
-1.8085718899
0.5773924864
-1.5125259564
0.3067286087
0.8242412499
0.7725798194
1.5855696924
0.9328548331
-0.4869417101
-2.1119766927
-0.2159310607
0.1297051182
0.6666972335
0.9630468574
-0.5262515618
-0.5563685607
-1.2545128620
-0.1756945297
-0.0637219222
0.8599377454
0.7486495919
1.5784494995
-0.0348781309
-1.0207691835
-0.1258577700
1.1615910877
0.3767932769
0.4444738266
0.5252409648
-1.0679563677
-0.7130109287
-1.1488753168
0.6815128805
-0.0283048576
0.6047811477
-0.3408928221
-0.4388238896
0.8643079974
0.4557319366
-0.2863017621
-1.1258628284
-1.0769374707
1.3194623276
0.2150316035
-0.3845355029
0.3566557490
-0.1304823579
1.5912213542
-0.1396409937
0.6197926658
0.0322628685
-0.3253355693
-1.4178271571
-0.8613327553
0.9791441806
-0.7228335367
-1.7567180678
-0.0357572226
-0.4948857039
-0.2831941578
0.7812705165
0.0871245564
0.0261008907
1.0581678626
0.2364342540
-1.7480735318
0.0909903643
0.5736595076
0.4786763718
0.4640912260
-1.8256724501
-0.9723905322
0.8571545666
-0.1477811670
-0.5251496202
0.4295503076
0.4531704802
1.2545058876
-1.9483786341
0.2146796227
0.1425994072
0.3512054252
0.4206705143
-0.2675687422
-1.6582058815
0.6539303738
1.1439934865
-0.2605630519
-0.5519679655
-1.6152105956
3.0847358797
-0.9451374299
-0.2507280965
-0.7400802533
-0.7157871859
0.4934629476
0.6772442626
1.3876398200
1.1823936488
0.4671644995
1.3489333690
-1.0451015029
-1.3408247251
-0.0519912325
-1.7348554210
0.8974121687
0.9293053390
0.2619821258
0.0906536745
1.3470208520
-0.7299849141
-0.1606363163
0.9192666216
-2.3403662459
0.4213907278
-0.5825170581
0.1760797040
0.5439848451
1.2592617732
-0.2284540714
-0.8331854420
-2.2824118118
-0.1669530720
1.7546865374
1.3796647674
-1.1535073937
-0.6925270920
-0.4258463041
1.6482662623
0.1349709702
0.7643968392
-2.6244518787
-1.3413370262
0.4683507007
-0.8103463520
