15 3 0.06
16 0 2 1 1 1 2 1 3 1 4 1 5 1 6 2 0 2 1 2 2 2 3 2 4 3 2 3 3 4 3 4 4
36 0 1 1 1 2 0 2 1 2 2 2 4 3 0 3 1 3 2 3 3 3 4 4 0 4 1 4 2 4 3 5 0 5 1 5 2 5 3 5 4 5 5 6 0 6 1 6 2 6 3 6 4 7 1 7 2 7 3 7 4 7 5 8 2 8 3 8 4 8 5 9 3
24 0 4 0 5 0 6 0 7 1 3 1 4 1 6 2 3 2 4 2 6 2 7 3 0 3 1 3 2 3 3 3 4 3 5 3 6 4 0 4 1 4 3 4 4 4 5 4 6
6 8
4 9
4 2
0 0 0 0 0 0 0 0 0 0 0 0 0 0 0
0 0 0 0 0 0 0 0 0 0 0 0 0 0 0
0 0 0 0 0 0 0 0 0 0 0 0 0 0 0
0 0 0 0 0 0 0 0 0 0 0 0 0 0 0
0 0 0 0 0 0 1 1 1 1 1 0 0 0 0
0 0 0 0 0 1 1 0 1 0 1 0 0 0 0
0 0 0 0 0 1 1 0 1 2 2 1 0 1 0
0 0 1 1 1 1 1 1 1 2 2 2 2 2 1
0 0 1 1 0 1 1 1 2 2 2 2 2 0 0
0 0 0 0 0 0 0 0 0 1 2 2 1 1 1
0 0 0 0 0 0 0 0 0 1 1 2 2 1 0
0 0 0 0 0 0 0 0 0 0 1 1 1 1 1
0 0 0 0 0 0 0 0 0 0 0 1 1 1 1
0 0 0 0 0 0 0 0 0 0 0 0 1 0 0
0 0 0 0 0 0 0 0 0 0 0 0 0 0 0
0.5440731938
-0.8766963682
1.5549319583
-0.2864520046
-2.5492662288
-0.0347359076
-1.3998220995
-0.8437342954
-0.7125412240
1.4072216226
-0.0748417451
-0.5887276296
-0.8348709319
-0.9975215096
-0.5326733792
1.5428429608
0.7493600372
0.1295140945
1.0589396029
-0.1700392723
-1.0963836092
0.0716606590
0.6047736736
-0.8102600044
-0.7623732776
0.3642002642
-1.2235005982
1.7453349610
0.0836519450
-1.1793584878
-1.1527277727
-0.5797153955
1.7214369058
-0.4775247451
0.1700187523
0.4520883661
1.0271918110
-0.0940936288
1.1054464469
-0.5536034903
-1.5799711383
0.3771007715
-0.5498423446
2.0287994886
1.0852347008
-0.8226499591
0.0565900758
0.3515850273
0.1265429725
2.2433314612
0.4417862147
-0.0916324764
0.0128656101
-1.3531772965
-0.4801476167
0.2310315416
0.5274957815
-0.4750638356
0.1937082167
0.7245842501
0.5946632023
-0.3191910753
-0.3914708307
0.7907882249
-1.2316340471
1.7979949161
0.0346379904
-1.2764597864
-1.1124546833
0.1909790527
2.1662407143
-0.5474758752
-0.5461530244
0.1489129880
-0.9255496270
-2.2253629580
-0.6121711881
-0.6136756602
0.9387905465
-0.4743944317
-0.6345276000
1.6538258665
1.1590058518
0.0263096671
-0.6011939023
-1.2275770544
-0.2823277287
-0.5747044989
0.3958953586
0.7938219255
-0.1609952421
0.8919597500
-1.7273302993
-1.4446249252
-0.8991397991
0.0300982087
0.0363579467
-0.8028272850
-0.6048155695
-0.5751409469
-0.4071869527
-0.5876821005
-0.9567079245
0.6234086374
1.0726919353
0.1822109630
1.0878688256
-1.7037780205
1.3100027814
1.2440497646
-1.7513303899
-1.3917981673
-0.4004806477
0.0317207404
-0.0820866661
-0.3419426768
-0.4391920682
0.1962095907
0.4089904030
-1.6349376505
-1.1605097141
-0.2495307082
0.5202872331
-1.3884210476
0.4284986102
1.5493155783
0.5719318499
0.2992291187
0.7615312811
-1.0654385395
-0.5486610982
-1.6995445689
0.3339349715
-2.1278286995
-0.3413638291
1.2358197525
1.3547377399
-0.7036815724
-0.4343623514
-1.4596025357
0.7519322173
0.4892749494
-0.5972385586
2.6216811945
-1.0463477540
1.2007454301
-1.1934895161
0.8141001930
-0.6628897094
0.6917648976
-0.0708368898
-1.8229804829
-0.1507625384
-0.0191860956
0.5133219046
1.2563264737
0.5963694100
0.0083186368
-0.3452161731
1.0836551454
-0.1922425020
0.4237716409
-0.4082374849
-1.7913768706
-0.5847265923
-0.4543051740
-0.2933372873
1.5439458500
-0.2125701267
-0.4598939189
-0.1010938111
-0.1553655407
-0.6966606585
-0.7013187972
-0.2483498266
-0.1017955145
1.1165018734
-0.2413896646
1.5531571765
0.6796419706
1.1297305235
1.1408588422
-2.5055861614
-0.2163926493
-0.4467945564
1.6558981468
-0.4479697604
0.4140615619
1.2493467876
-0.9626462623
-0.5493942088
0.3444427953
-0.2044592299
-2.7539437343
-0.6968280042
-1.2071584966
-1.7444026640
-0.3530709076
-0.2041413842
-0.8656311810
0.1067858028
-0.3365097270
0.8647524338
1.4103041735
0.1942230046
0.3588262811
1.9692069672
0.2878192928
1.5823376321
-0.3781206648
1.1370134933
-0.7317855507
1.3542417943
0.5214223192
-0.2394941510
-0.6004439137
0.9427627030
-0.4837958635
-0.5940550049
0.6181698578
0.5741139949
1.0446594813
-0.5340237070
-1.4893166301
-2.9622490678
0.7314962613
0.4839617322
-0.8783748238
-1.9280462883
-0.5085083349
-1.1296106383
0.4466612522
-1.6379369534
1.2342649865
-0.7643890144
0.6299295151
0.9438902007
-1.1034696353
-1.2669728248
0.3438379111
0.5309653861
0.1371785735
-1.0067096020
1.5048863865
0.8849109942
1.6938774280
0.8645697958
1.0650787990
0.4298879077
1.3992111701
-0.5122688018
-1.4169625566
-0.2582321603
-1.1079709496
2.3306090869
-1.9625294830
0.5892148994
-0.9784157005
0.2640612928
2.4646720761
-0.2386304965
0.7879121841
-0.2818370577
-2.4374750564
2.1045445908
0.6177627480
-0.3814282470
-0.0832991460
-0.5610053247
-0.3060448502
-0.2195518012
-0.2558216160
0.6074268049
0.4880583548
-0.5763444718
-0.4484231136
1.4811418020
1.6923205759
2.3260303533
0.6595695502
-0.0138349249
1.3393635437
2.0835388922
-0.9743322105
2.6581032410
0.1029898952
-1.0920344722
0.9188232643
0.2263270664
1.5718265486
1.0591511882
-0.7360865402
-2.5822513934
0.4945121014
-1.1832453199
0.4558438208
2.1115867539
-1.0290979638
2.3096332030
1.4284161752
0.1955627927
-0.0344257769
-0.4698772906
-1.3122640504
0.5490204889
-0.0561735257
-0.2858764832
0.3582824009
1.4421532182
-0.7661160850
0.3324985935
1.0110082120
-0.0130170343
-0.2735894581
0.2508094737
0.1630384835
-1.4065116822
0.2452223197
1.6801451242
-2.6434949194
-1.1877154958
1.1372660934
-1.3076160841
-0.3716588970
-1.1143469840
1.7504510211
1.1880260641
0.5963987000
0.7658374743
-0.0150367816
-0.2016787408
-1.1946190032
-0.9254906116
-0.3576354053
-0.8842689601
-0.0606006511
1.1648244648
1.1624348678
-1.3222779236
-0.3626095122
-0.0454748769
-0.1788579448
-0.0320923781
-1.5103528944
-0.3669033588
-0.3966145592
-0.2818201378
-0.3440186316
0.1574048346
-0.0910385875
0.6882995245
1.1650076729
0.1525688436
0.7281038919
1.3978727826
0.2303539541
-0.5681434292
0.9495731982
-1.0536994072
-1.8541315405
-0.1027223766
0.3625829236
0.2478691899
1.1974602284
-0.1026894146
-0.1465191463
-0.0236971671
1.2625855619
-1.0918906229
3.0001878393
-0.2472342177
0.0523995687
0.7982830252
1.2761260411
-0.3670124729
0.4198534918
0.9011249988
2.1255105465
1.2429279056
-0.3774142893
1.3189120558
-0.6495940961
-0.7787103693
-0.7360846154
0.9309661719
-0.2637000264
-1.3091924653
0.1922550205
0.8769611930
-0.1375893609
-0.4514205714
1.5227694539
-0.8545111778
0.7256290854
-1.3095879965
-0.0448658640
0.7050744860
-0.2878285724
-1.9159000184
0.6764480147
0.0337798323
2.1974341193
0.4745799519
-1.2678066888
1.2494111795
-0.0985115570
-1.5043485170
-0.3909369534
1.1647507834
1.0240381683
1.0486537024
-0.6144087331
0.0818711299
0.6780952160
0.0376234089
1.2799141190
-0.3562228589
-0.8555647515
-1.8959579269
0.1618997575
0.1390442469
-0.8465137206
0.4646617503
-0.1562443349
-1.1636593654
1.3225383603
-1.4808482277
0.2149537020
-0.9404382915
0.7565707695
-0.8462188189
0.0464928722
0.0544899730
2.1576107275
-0.2700235330
-0.7030610784
-0.1316546277
-1.1863984710
-0.3800942688
0.3606071703
1.2373794630
-1.1742605790
-2.1784447599
1.4798137332
-1.3632975597
-0.4166376986
0.3062774652
-1.4867741421
0.6851665744
-0.4518395319
