15 3 0.17
35 0 6 1 6 2 5 2 6 2 7 3 4 3 6 4 4 4 5 4 6 4 7 5 3 5 4 5 5 5 6 5 7 5 8 6 4 6 6 6 7 6 8 7 3 7 4 7 5 7 6 8 0 8 1 8 2 8 3 8 4 8 6 9 3 10 2 10 3 11 2
29 0 3 1 3 1 6 2 3 2 6 3 3 3 4 3 5 3 6 4 3 4 4 4 5 4 6 5 3 5 4 5 5 6 0 6 1 6 2 6 3 6 4 6 5 7 2 7 3 7 4 7 5 8 2 8 3 8 4
24 0 2 0 3 1 3 1 4 1 5 2 2 2 3 2 5 3 2 3 3 3 4 3 5 3 6 3 7 4 0 4 1 4 2 4 3 5 1 5 2 5 3 6 1 6 2 6 3
2 1
5 5
3 4
0 0 0 0 0 0 0 0 0 0 0 0 0 0 0
0 0 0 0 0 0 0 0 0 0 0 0 0 0 0
0 0 0 0 0 0 0 1 0 0 0 0 0 0 0
0 0 0 0 0 0 1 2 0 0 0 0 0 0 0
0 0 0 0 0 0 1 2 2 1 0 0 0 0 0
0 0 0 0 0 1 1 2 1 1 0 0 0 0 0
0 0 0 0 0 1 2 2 3 1 1 2 0 0 0
0 0 0 0 2 2 2 2 2 1 0 1 0 0 0
0 0 0 0 0 2 1 2 2 2 1 1 0 0 0
0 0 0 0 1 2 2 2 1 1 1 1 0 0 0
0 1 1 1 1 1 0 1 1 1 1 0 0 0 0
0 0 0 0 1 1 1 1 1 1 1 0 0 0 0
0 0 0 1 1 0 0 1 1 1 1 0 0 0 0
0 0 0 1 0 0 0 1 1 1 0 0 0 0 0
0 0 0 0 0 0 0 0 0 0 0 0 0 0 0
-0.5551647729
0.1189872780
0.6523162636
-0.5363996682
-0.4673404962
-0.1457799833
0.2019443908
0.5639340695
0.5261302379
-1.6257819193
-0.1679960629
0.6651985305
-0.2432670752
1.5531034369
1.3461499995
-0.5722611845
-1.0780852461
-1.1019698049
-0.2497660346
1.0410149695
-0.2872825317
1.2792902457
-0.9137644297
0.7565171747
-0.5392214524
-1.3901659221
-0.6865004117
0.3607878005
-0.4696932494
-0.9801592617
1.2922375249
-0.6142727541
1.6331305923
1.6644725892
1.4896709874
0.5091519477
0.0686742352
-0.8997551808
1.5241909256
-0.6499888911
-0.6512538663
-0.3986520286
-0.8956337095
0.0113619172
-0.1752758433
0.2288871191
-0.5361866226
0.1968006064
-0.0984322577
0.5888759688
0.1748081919
0.2772701348
-2.2199250393
0.3112894719
0.1716441576
-0.9440917032
-0.2015660734
-1.5233236608
-1.4990439761
0.4825037506
-0.9994733004
0.2571320468
-1.7491519446
0.8749765722
-1.6655013634
0.7753534665
0.1365343441
0.9287179099
-1.1256337348
0.1724632623
-0.7598533773
-0.6271842552
0.5294933413
-0.3753667190
0.3597033203
-0.0952622216
0.0367919424
-2.2418240432
0.6472962413
-1.0637122561
-2.1628622753
0.2706760106
-0.4924151776
-1.5029520828
-0.7366514035
0.7076867746
0.6636845483
-0.7917055316
0.0065798743
-0.0565879563
-0.9013974276
-0.2549554659
-0.5305793555
-0.0136906973
0.2068896174
0.3460521246
-0.6258647194
-0.0823560412
0.2454964498
-1.6567170507
-1.1736071746
-0.1576131547
0.3818142303
-1.2157622683
-0.5259238629
-0.1020464993
0.3738409083
-1.1021136589
-0.2187149674
-2.0025019226
-1.0329673441
-1.5978750155
-0.2218438129
0.9357810303
0.3927954288
-0.1169577878
-0.2071160887
-0.2502320345
0.0739256362
-0.3021118008
-0.4491208108
-0.6008642353
0.3555835857
0.5225990825
1.7616561704
0.6267397707
0.4623559363
-0.5219316308
-1.3342931851
0.3364855193
0.9185805593
2.8984157808
-1.5387607275
0.4621094472
1.1650373228
-0.1130751147
-0.7306105356
0.2111462220
0.9532994044
2.2177065777
1.0728197948
-2.4900478380
-0.8142497073
0.7903598689
1.0266472065
-0.9764289319
0.2927232610
-1.5096967655
-0.4597483318
-1.1148075533
0.2625215405
-0.1013416825
-0.6552702552
-0.9641648146
-0.3066148755
0.7814843677
0.6076902515
-0.9842830418
1.1078606692
-1.5404800848
0.2749902487
0.0977863812
-0.5517115192
1.2164488028
-0.6590095668
0.0693713966
-0.7580001969
1.4118963312
2.1114972369
0.1596317346
0.3235858198
-0.3759077637
0.3626147953
0.2004561649
0.3846166417
-0.8072536839
-0.5972464202
0.6503957693
-0.1564801352
0.9590762709
-0.1046903935
1.5851113518
-0.2088419390
1.2427658955
0.2116854808
0.8326109751
-0.9722100817
0.3044242416
0.7604284543
1.3123699994
-0.0954024545
-0.5715006140
0.3149169137
-1.3210656761
-0.6432760084
2.1320652504
-0.7506618314
-1.2698380641
1.4392256882
0.0205413355
-0.8084338039
-0.5915465411
0.1356497973
0.6422822263
1.2091336157
-0.4718364473
0.4939430213
1.7402988576
0.8129551982
-1.5571043874
0.9970305031
-0.0311077117
-0.2104212231
0.7719149956
-0.9897968961
-2.0407098061
-0.2809973279
0.3494307718
0.8063437241
-1.0146940723
0.3307342991
0.5973762134
0.2855454110
1.2257605763
-1.0582679548
-0.6113654079
1.3083424412
1.6114644474
0.6924014174
-0.1981444156
-0.8135580169
0.7687524496
-0.8232134349
-1.2047808414
-0.0041356751
-0.8307147170
-0.3530690756
0.3634439221
-1.4750106912
-1.1076630232
0.4962258293
0.5846325938
-0.4901690641
-0.8446137228
-0.8747238831
0.4593819749
-1.1405212781
1.0379013466
0.5836260667
-0.4100628598
0.4007646219
0.0220794482
0.3810197036
0.7895896224
-0.1339242587
1.2396763728
0.3358090127
-1.0606920210
-1.4918447272
0.6163003536
1.6575113147
-2.4290226017
-0.7468431244
-0.6267669966
0.9222189894
-0.1634774828
0.9281640905
0.8234281525
-0.1558450676
0.1618187747
-0.3969997732
-0.1465803451
0.6487256475
0.7449871810
0.3801154225
0.4694668955
1.1487011186
-1.2543271874
2.1033382462
0.5703701247
0.8546980921
0.0060254798
0.5821934519
0.0473225088
0.4605582854
-0.7847896138
-0.1756145474
-0.9898238435
0.1556977177
0.4084625768
-0.9329762358
-0.1547988728
0.5974814734
0.8877759204
0.9163699925
1.0252921745
-0.1587532490
0.0549291589
1.0024413013
-2.0569011389
-0.6477526972
0.0978400922
0.3551791688
-0.2720186981
0.8298664527
-0.9844612568
0.6103476848
0.6800286582
-0.2400678807
-0.2792674430
-0.2261895303
-0.4535808294
-0.7512019039
0.5200885607
0.3186834207
0.2822034896
0.6361954753
1.4154197729
0.3634929558
-0.3429286966
-2.8546873405
0.0052318561
0.4336133911
-0.5485267768
-0.5190721769
1.0545762012
-1.2361127368
3.8126863596
-0.2771269036
0.2631974089
-1.9364791566
-0.4944478365
-0.5432164655
-0.7615938594
-1.8035856238
-0.0744473287
-1.6558722085
-0.5713800160
-2.3743350617
1.2387418414
-1.2293442051
0.2301036925
1.7224686478
0.0499652538
1.3100728192
-0.7988452620
-0.2683252033
-0.9900364952
0.0750274367
-1.0819606989
-1.6959342334
-0.1608248221
-0.6145727599
1.0251356853
1.5175781196
-0.1775259538
0.0249322919
-0.2721763093
-1.0902549845
-1.0207449631
0.2879280248
0.7886705794
0.4882073281
-0.3279122468
-1.0599510087
0.5582337490
0.0415659070
0.7779144192
0.1155311000
0.0838055422
-2.0051600529
-1.8257043090
-0.7747679957
1.2833506525
1.7766399606
0.1704991523
0.5024495327
0.6102322314
-0.9568747490
0.5486111063
-0.2638720623
-1.1288905585
0.0312403742
-1.7442738669
1.6541982643
-0.9624275676
-0.8102523399
-0.6801240591
1.1966512784
0.6823445647
-0.5278902353
-1.9147341015
0.4774155531
-1.3715706243
-0.0995980425
1.1841542714
-0.8063166025
0.8099620791
-1.7494886427
0.1527606235
-1.2204292029
0.4131483722
0.0381201001
-0.6203510443
1.4512407146
-0.0662838417
0.7881516250
-0.3291840752
1.5855544509
-0.0931736291
0.3469273196
-0.5059478752
-0.0088192309
-0.8015233467
1.4742795921
1.2028117209
-0.1324458832
1.3365422749
-0.1107014949
1.6587485939
-0.6730661614
-0.4423857212
-1.2561300174
-1.6799968071
-0.5781344701
1.0091200059
-1.9003197211
-1.2878628565
2.3601342643
0.8756824038
1.4688023490
0.8635820337
-0.5588743453
1.2676754605
0.8474543206
0.1760323644
0.5186973575
2.7238600106
0.7905127755
-0.6575866850
0.2570062777
-1.1291017289
-1.0183061217
-1.4118026080
1.0164159866
-0.2316522407
0.7974177684
-1.8476273271
-0.1275857266
1.9476395298
