15 3 0.07
26 0 2 0 3 0 4 1 3 1 4 1 5 2 2 2 3 2 4 2 5 3 0 3 1 3 2 3 3 3 4 3 5 3 6 4 1 4 2 4 3 4 4 4 5 5 2 5 3 6 3 7 3
30 0 4 0 5 0 6 0 7 1 0 1 1 1 2 1 3 1 4 1 5 1 6 1 7 2 1 2 4 2 6 2 7 3 4 3 5 3 6 3 7 3 8 3 9 3 10 4 5 4 6 4 8 4 9 5 4 5 5 5 8
26 0 4 0 5 0 6 1 1 1 2 1 3 1 4 1 5 1 6 2 2 2 3 2 4 2 5 3 1 3 2 3 3 3 4 3 5 3 6 4 0 4 1 4 3 4 4 4 5 5 0 5 1
4 2
7 3
8 6
0 0 0 0 0 0 0 0 0 0 0 0 0 0 0
0 0 0 0 0 0 0 0 0 0 0 0 0 0 0
0 0 0 0 0 0 0 0 0 0 0 0 0 0 0
0 0 0 0 0 0 0 0 0 0 0 0 0 0 0
0 0 0 0 1 1 1 0 0 0 0 0 0 0 0
0 0 0 0 0 1 1 1 0 0 0 0 0 0 0
0 0 0 0 1 1 1 1 0 0 0 0 0 0 0
0 0 1 1 1 1 1 2 2 1 1 0 0 0 0
0 0 0 2 2 2 2 2 1 1 2 1 1 0 0
0 0 0 0 2 1 0 2 1 2 2 1 1 0 0
0 0 0 0 0 1 0 1 2 2 2 2 1 1 0
0 0 0 0 0 1 0 1 2 2 1 2 2 0 0
0 0 0 0 0 0 1 2 1 1 1 2 0 0 0
0 0 0 0 0 0 1 1 0 0 0 0 0 0 0
0 0 0 0 0 0 0 0 0 0 0 0 0 0 0
0.3852971641
-1.3603423011
0.5486129598
-1.2919722667
-1.3730694262
1.0536784083
0.8226702136
-1.4168640433
1.1970426019
-1.1387639163
0.0918949394
0.0930517169
1.1768389413
-1.2906918234
-0.3534218104
0.1230438112
0.8436918903
-1.9520564062
-1.5710867704
-0.2284432605
-0.7955126737
-0.2117427942
-0.5906355698
-1.7237661936
0.3440231962
-0.5589189199
-0.1323909548
-0.0256148600
-1.0902574498
0.2738148950
-0.9786853007
-0.0332750753
-0.6705990754
-0.8639647212
0.5298603958
-0.1531770978
0.0107220349
-0.7677085255
-0.2973526084
-1.2438567728
-0.4184051216
0.0091448888
1.4773354004
0.7287888730
0.7455296735
1.1732651574
-0.0465717319
-0.4151757284
1.2507986823
0.8584948930
-1.2697743293
-0.5817746925
0.2206836326
0.5782663255
-1.1263664630
2.0828173979
-0.6237341160
-0.1638076712
0.6743770593
1.2127104464
1.5494018960
1.6631787212
-0.8994322897
1.5950894191
-0.7201797225
0.3601828048
-1.6319159648
0.3202308269
-0.9001999132
-0.2919202994
0.1998634024
0.1279002826
0.8058670032
-0.0896870264
0.7498853629
1.5524189019
0.9197201670
0.8856249752
-0.2146581738
0.0459215014
-0.6350678716
-0.0067344385
-1.9558471955
-0.4866053186
-1.0961117287
-0.5395335684
-0.7850510584
-1.4593999470
-0.1268202447
0.2131892799
0.1574879739
-0.8895889849
0.7081890250
2.1615540527
0.0932083251
-0.1186093201
1.4363345765
1.2597656499
-0.3163386393
-1.1674047842
-0.2281243778
0.2289124396
-1.6327655639
-2.4409021104
0.3310155730
0.9445394435
0.0178808706
-0.2132503696
-0.3953172582
-1.5117048292
1.0212125246
-1.0906667397
1.1797488349
1.2687829000
1.1250839549
-0.4240262559
0.8484293846
-1.0337766075
0.2093111365
-0.9960265094
0.8972951663
-0.5438054322
1.0648603526
0.9491035319
-0.0700144999
1.3014352826
-0.7987296487
0.7960208533
-0.4701000073
0.7639207938
0.0202257070
0.6219371022
-1.7979116403
0.1140713615
1.5016691229
0.2100987638
-0.4249115339
-0.0199887686
2.2279647498
-0.6539516852
-1.6474059142
1.4548885256
0.4920278754
-0.0475953400
0.2482188283
-0.9490456769
0.3960608512
-0.1457082247
1.1864367817
-1.0403954743
1.3963703151
0.0592273077
0.4806110469
-1.6006621643
0.1652356699
-0.9633324656
0.2930213320
-0.8591865941
2.8621642354
0.3814807656
0.4181214304
-0.2964642207
0.6572285884
-1.1115391394
0.6397788605
0.2773604454
-0.3069012872
0.9300944102
2.1137309697
-1.4398053067
2.9952096738
-0.5254509424
0.8279124611
0.1572686931
1.2265333327
-0.3086690116
1.0888742940
-1.3045991438
1.7780694579
0.3957440152
0.0476482078
1.0317027805
0.0381684373
-0.0786028032
-0.1363247535
0.4504661054
-0.7084269505
-0.4963007214
1.2547417059
-0.1261118249
1.1218627258
1.6705806010
0.3641446610
0.3038709594
1.0063792425
2.0226829769
0.8678862682
-1.5233682471
-0.1091633060
0.2135951994
2.5540970220
-0.5332738886
-0.2708050702
1.2748973734
0.2948463196
0.1144783950
-0.1741446329
-0.1447605019
0.8347589343
-0.8698200773
1.3022585758
-0.1331485429
-0.0988105365
-1.6434021663
-1.0391017538
1.4270377609
-0.1052868686
0.9370500441
0.9227698864
0.9221737171
2.8875472618
-0.8965562218
-0.1222625088
1.5042549600
1.0746900570
1.0622346983
1.2441205121
0.7787430359
0.5969130118
-3.3581954983
0.6683858835
1.6215392351
0.4434728730
1.9955678089
0.5619342909
0.0822742491
0.9869993341
-0.1266420075
-1.5061080176
0.3172232471
-1.2642481044
1.4883176637
1.0871455592
0.7622763778
1.5510736527
1.3355509057
0.7337448648
-1.4743916398
0.6693515347
-0.1411901554
-0.4461887598
2.1990942583
-0.3374627295
0.7862974447
-0.1238170279
1.0106864063
0.4582062031
-0.8334884669
1.4629540381
0.1360793792
-0.6333153139
0.1351820005
0.9302080324
-0.8560663643
-1.5921544991
0.2517868732
1.3810361976
0.9689569393
-2.1652752302
-0.3357202076
-1.0272279232
0.3763885654
-0.0157493656
-0.0953010292
-0.9461812032
-0.9873557207
-0.4025389293
-1.1964021575
1.2983352762
0.9355251991
0.1007353148
0.5940157379
0.5274187334
-1.5282072192
1.1715549258
-0.5186716824
0.2706263203
0.2740098437
-0.4854421382
-1.0825649946
0.6313301574
0.4286449870
-1.0923514744
-0.5649440623
-0.7196006534
-0.2837051003
0.8309207509
-1.4112869768
0.5552842624
1.5698004039
-0.0524017996
-0.8920163281
1.4260969695
0.3358386242
1.0352605273
-0.1067185784
0.7143128474
-0.7282389349
-0.6595442339
-2.2694612809
-0.5941318035
-0.4395884101
1.0502464608
-0.4511035477
-1.1669290777
0.3809952561
0.7269391387
2.5153984109
-1.4089648279
0.0078978341
0.9285942748
-0.0652926084
-0.2374874871
0.3766221907
-0.2787437413
0.5477122344
0.8004000335
-0.3775199713
0.8230147999
-0.1740191221
1.2890223902
-0.9604012845
0.7561540523
-0.3847162979
0.8100956569
1.2770418029
0.0815806736
-0.2690866181
-2.1776845830
2.5549627272
0.5206730761
-0.3243476709
0.7604108287
1.9870971621
-0.9104672352
1.0972623944
1.1727128882
-0.4143749047
0.6684090207
0.3449433315
-0.4567699571
-0.3195236456
0.0203239143
-1.9219027895
1.1633046354
0.0558354488
-1.1798635483
1.3962853139
1.0848963580
0.2225695242
-0.7526213392
-0.5975690680
-0.2376912991
-0.9280481116
0.3323526551
-3.1571027689
0.0533982041
-0.0553247765
0.9128979527
0.8091979056
-0.5756736282
-0.7089907901
-0.6741729984
0.1164896992
0.2311098449
-1.0829550726
1.7352516409
-0.9865985021
1.5476195919
1.3515961547
1.0926139157
-1.0115962706
0.0159356243
-0.9927282323
-0.8040717643
0.6814067158
0.5388200917
0.5852510242
-0.1870108126
-0.4471017331
-1.9120841640
0.3334497693
0.2776508109
0.3915969901
0.0141748785
-1.6081849681
-0.5322786412
-1.2143646506
0.5939335723
0.5993001604
1.8795794497
0.2666186945
-1.5597145067
2.2057673514
0.9324207938
0.8293242535
-0.7429026799
2.3424171979
-0.6743547479
0.9826134631
-0.2421902390
0.5160818722
0.1584561242
0.6179818042
1.4002717104
-0.4551461867
-0.6050048554
0.0733760395
0.7876260603
-1.6117309677
-0.3292969433
0.0994151493
0.3925478392
0.4089209706
-0.2308034684
-0.2647415802
-0.0051853449
0.8243227150
-0.3215050524
-0.0561205602
-0.6345373795
-0.4752047021
-0.0837462320
0.3844070918
0.3860528051
0.1341872868
0.4204817658
0.9905528705
-1.4402524485
1.1369445451
-0.1253431948
-0.6866076094
1.9069022377
-1.3805033980
-0.0039215632
-0.6603306967
-1.3518217003
0.8125718037
1.2040344856
-0.5650533227
