15 3 0.19
43 0 7 1 7 2 6 2 7 3 2 3 5 3 7 3 8 4 1 4 2 4 5 4 6 4 7 4 8 5 0 5 1 5 2 5 3 5 4 5 5 5 6 5 7 5 8 6 1 6 2 6 3 6 4 6 5 6 7 6 8 6 9 7 1 7 2 7 4 7 5 7 6 7 7 7 9 8 2 8 3 8 6 8 7 9 6
23 0 3 1 1 1 2 1 3 1 4 2 2 2 3 2 4 3 0 3 1 3 2 3 3 3 4 3 5 3 6 4 0 4 1 4 2 4 3 5 1 5 2 5 3 5 4
22 0 0 0 1 1 1 1 2 1 3 2 0 2 1 2 2 2 3 3 0 3 1 4 0 4 1 4 2 5 1 5 2 5 3 5 4 6 1 6 4 7 1 7 2
5 2
9 0
1 7
0 0 0 0 0 0 0 0 0 0 0 0 0 0 0
0 0 0 0 0 0 0 1 1 0 0 0 0 0 0
0 0 0 0 0 0 0 0 1 1 1 0 0 0 0
0 0 0 0 0 0 0 1 1 1 1 0 0 0 0
0 0 0 0 0 0 0 1 1 0 0 0 0 0 0
0 0 0 0 0 0 0 1 1 2 0 0 0 0 0
0 0 0 0 0 0 0 0 1 2 1 1 0 0 0
0 0 0 0 0 0 0 0 2 1 0 1 0 0 0
0 0 0 0 1 0 0 1 1 2 1 0 0 0 0
0 0 0 2 1 0 0 1 1 1 1 0 0 0 0
0 1 2 2 2 1 1 1 1 1 1 0 0 0 0
0 0 1 2 2 1 1 1 0 1 1 1 0 0 0
1 1 1 2 2 1 2 1 1 1 0 1 0 0 0
1 1 1 1 1 1 0 0 1 1 0 0 0 0 0
0 1 1 1 1 0 0 0 1 0 0 0 0 0 0
-1.3320426849
-0.9330284931
-0.6306359874
-0.7540656685
-0.3004236011
0.0870779769
-0.4471216595
-1.6529671116
1.4881680569
-0.8384154063
2.1263176438
-0.8473508232
2.4003738398
-0.3482228752
1.0870100841
0.6525331085
-0.8222239416
-0.0882171144
0.6048274705
-0.4689649026
-0.3853408932
-0.0873574115
0.6972959363
-0.9479126882
-0.0529969165
-0.3530684283
-0.5506138543
-1.7523669777
-0.7725769212
0.3679922454
-0.0105379404
-1.6695678890
0.0723623276
-0.5869957431
-0.9625122840
1.7676935691
-0.6529682818
0.4802722462
-0.8356491474
-1.8506042628
-0.9535675318
1.4694936233
-0.1777504448
0.5189892080
0.5137844749
-1.1524313682
-0.3002796447
0.8959150398
1.8128917810
-0.0224920620
0.3522765516
0.4771962394
-0.4196627327
0.1039281097
0.3327218075
0.2364489525
0.7806105925
0.1667901208
-0.7586399114
-2.3959027184
-1.3545756879
-0.6725007877
0.4196758958
-1.3202630856
0.5503642194
-0.4888440992
-0.0784784172
0.3675195735
0.0539629667
-2.1351199852
-1.0595301599
1.1403244983
-0.4481239593
0.9738570137
-1.4730698613
-0.6844362515
-0.1514326934
1.2315747897
-1.3194789534
-1.4872471502
1.6092312272
1.2720147015
-1.0981650620
-0.2236729370
-0.3858407407
-0.3195811141
-0.5355474142
1.8618543063
-0.1954397928
0.1130869207
-0.5076172474
-0.6605082060
0.4958845902
0.9361720388
-0.3919388887
-0.2091899238
-0.9876721656
0.7463585810
0.0019402293
0.8643066783
2.2383616098
-0.0841949650
0.6350573048
-1.1887138500
0.2757847806
1.0035737016
0.7448126324
-1.6111230255
-1.0649582477
-0.6054855789
-0.7695058351
0.2234593690
-2.0307841616
0.0741067295
0.4380503042
0.5025522239
-0.3558626753
0.1661340862
-1.0065738911
-1.1581909169
-0.8466006005
2.3491039048
0.8141681185
-0.7985457077
-0.2917266354
0.2477344076
0.2870268552
-1.2527571161
1.2943380604
3.3346830003
-0.3412477981
0.0025275020
-0.0861945304
1.1833764586
-1.1972801925
-2.5158395382
-0.6416582165
-1.3678183991
0.2053977343
-0.8888294045
-0.0298131118
-0.7327277047
-2.2669212446
-1.4818077901
0.0386794474
-1.2115156645
-0.2385610764
-1.6500516280
2.0832551911
1.0127439971
-0.2978788885
0.4590800563
-0.3246360103
0.3497811934
0.3251301008
0.7216696434
0.9377125302
0.9518758437
-0.7666173437
0.6285869098
0.3689506788
0.4409592990
2.0055104644
0.4060805634
1.3314075585
-1.1195314779
-0.2925947518
-0.6940728627
0.8119823177
0.6258089696
-0.1265332442
-1.5847759031
0.0850757026
0.9883193997
-0.1882610440
-1.7878675704
-1.2513774327
-0.7253725885
-0.4293114225
-0.8121043009
0.6713055975
2.9301646776
-0.0750271332
0.5447021014
-0.4019407777
-0.1484993381
-0.8942906475
0.9023860257
-0.9909147259
0.8592753117
-0.4458425046
0.7767159379
-0.9874707489
0.2361175685
0.7405363824
1.6923165103
0.3222473277
1.2195386540
0.0899862420
-0.8522445555
-0.2117736880
0.8787740559
-1.4725142863
0.3724053589
0.0789513104
0.0567602863
-0.4203927299
0.2047161446
0.1815221724
0.9178836013
0.3181578787
-2.3541036085
0.1259779461
2.2839732770
0.7491268870
0.1440482388
-1.6115682578
0.0914683446
0.0721689901
-0.8893695933
-2.0315748156
0.1518580495
1.5201924769
0.4014844226
0.9606009189
0.5293898616
-1.9978755692
0.9098554034
-1.2713602036
-1.9302358937
1.0362998029
0.8782069762
-1.0559135743
-0.6357429509
-0.4727616579
0.0969396284
0.6376820685
-0.8988689544
0.4648153804
-1.8511696204
1.7142840920
-0.1466621050
1.2511126040
0.2571986406
-0.9136132199
1.8627838567
0.7208607516
0.1481346750
-1.2311142861
0.9264104394
0.8862229347
-0.9565156148
1.2935952168
1.8377794664
1.0667322776
-2.0239578216
2.0568199296
-1.0545635918
-1.5902173868
-1.0826984511
0.0652311772
-0.0089517383
0.7284345430
-1.5969534809
-0.9483345725
1.1596147362
0.4134019928
0.1523978657
-1.4393174625
-0.1221335961
0.9667321610
-0.2713908751
0.2056928584
0.0603587815
-1.0944083485
-0.7294176965
0.1497690813
-0.0091321784
-0.9244707819
-1.1611000020
-1.4926042708
-0.7432007181
0.5375220886
0.5153084991
-1.5097423721
-1.9712691770
0.1580886712
1.8722396132
1.8972406697
-0.7053119979
0.5178519412
-0.8214819853
-0.1482415218
0.4110438974
-0.4484386053
-1.1048157454
0.0944511870
-1.0041367540
1.1832532942
0.4773256060
-0.3210337564
0.3803639776
-0.7616826639
-2.3408272973
0.4708258361
-1.8274946614
0.6988051318
0.2159985412
-1.3999457756
0.5435500982
-0.2228469422
0.5209563669
-0.5474921645
1.9648507814
0.2421236110
-1.1388922397
1.0430585262
1.1954418840
-0.9029398832
0.5187712470
1.0257412057
0.8337763464
-2.3375239398
0.9679989111
-0.1847106431
0.5044053223
0.0610944292
2.1740491980
0.7798019249
2.0164472426
0.6777179672
-0.3302329080
-2.0986120026
0.1724490474
0.8569180181
0.3112081562
0.6270573861
-0.1386655546
-1.4108598942
0.6893231185
-0.2932965004
0.8551711172
-0.0565830112
-0.1233179766
0.6320298073
-1.4919438857
-2.3106363041
0.8696999563
-0.3001024113
0.7214146328
-0.5158005326
0.3654760375
-0.3853690189
-1.4049730340
-1.0184961681
-1.0923826993
-0.6899762599
0.8635017120
-0.3641483301
-0.8610146565
0.2764908068
0.0060525959
1.7901627701
0.2076889726
-0.9161738494
0.4801015752
-0.3218116690
0.4395449069
0.5730135073
-0.5439303211
-1.6900569581
-2.4611252348
1.1250339899
0.2537057788
0.4737964513
0.8994224163
-0.0910827585
-2.2178750676
0.8883375918
-0.9621030806
-0.5691459501
-0.1893031310
-0.4346517696
1.1367590409
-1.4585873374
1.3419301325
0.7308432676
-0.6216780115
1.1857285404
0.1999503823
-0.4671053082
-1.8282222161
0.5157368370
0.2344683891
-0.1744223245
-0.9051587179
-0.2653172120
0.0696614873
0.0318734183
1.0787972456
-0.1007576953
0.3471581687
-0.3684097370
-0.3850619150
-1.3249454771
-0.3622599708
-1.5975268917
1.4607747183
1.4135897834
0.6398444722
-0.3541992476
0.0810104385
2.1948586106
-0.3355230552
0.0256518577
1.7902065019
-2.2663710053
1.0670631160
0.6137979847
-1.7318852541
0.0270022595
-1.6035797228
1.4899316576
0.4686221137
-0.5441228754
-0.1333626228
0.2158501125
0.2957406505
0.1308954661
-0.1321215210
0.8047318737
-1.3544973230
-0.1485131739
0.4850220219
1.2585472732
1.3053972532
0.1917977307
-0.2012911040
-1.9855528100
0.1219712543
0.0802051868
0.1458464000
0.6602179029
1.8338773692
-0.1138740096
-0.7503595541
0.1759242802
0.8533401101
-0.4614192346
2.0151554663
