15 3 0.17
36 0 4 1 1 1 2 1 3 1 4 1 5 1 6 1 7 2 2 2 4 2 6 3 2 3 3 3 4 3 5 3 6 3 7 3 8 4 1 4 2 4 3 4 4 4 5 4 6 4 7 4 8 5 0 5 1 5 3 5 4 5 6 5 7 5 8 6 3 6 4 6 5
36 0 4 0 6 1 4 1 5 1 6 1 7 1 8 2 0 2 1 2 2 2 3 2 4 2 5 3 1 3 2 3 3 3 4 3 5 3 6 4 1 4 2 4 3 4 4 4 5 4 6 5 0 5 1 5 4 5 5 5 6 6 1 6 4 6 5 7 4 7 5 8 5
37 0 2 0 4 1 2 1 3 1 4 1 5 2 0 2 1 2 2 2 3 2 4 2 5 3 1 3 2 3 3 3 4 3 5 3 6 3 7 3 8 4 2 4 4 4 5 4 6 4 7 4 8 5 3 5 4 5 6 5 7 6 3 6 4 6 5 6 6 6 7 7 3 7 5
6 4
5 0
1 1
0 0 0 0 0 0 0 0 0 0 0 0 0 0 0
0 0 0 1 0 1 0 0 0 0 0 0 0 0 0
0 0 0 1 1 1 1 0 0 0 0 0 0 0 0
0 1 1 1 1 1 1 0 0 0 0 0 0 0 0
0 0 1 1 1 1 1 1 1 1 0 0 0 0 0
0 0 0 1 1 1 2 1 1 1 0 0 0 0 0
0 0 0 0 2 2 1 2 3 0 0 0 0 0 0
1 1 1 1 2 3 2 2 2 1 1 1 0 0 0
0 1 1 1 2 1 3 0 1 0 1 0 0 0 0
0 1 1 1 1 1 2 1 1 1 1 1 1 0 0
1 1 0 0 1 2 2 1 1 1 1 1 1 0 0
0 1 0 0 2 2 0 1 1 0 1 1 1 0 0
0 0 0 0 1 1 0 1 1 1 0 0 0 0 0
0 0 0 0 0 1 0 0 0 0 0 0 0 0 0
0 0 0 0 0 0 0 0 0 0 0 0 0 0 0
0.9534189706
0.2863862456
1.1507484551
0.1543789094
-0.8547777106
-3.6318522234
0.2584793251
-0.2965337216
0.2195435673
0.9345040792
1.1360169002
0.9677032192
-1.0894886496
1.0370918665
-0.4707412164
-0.1359766334
-0.4498385601
-0.0121097558
-0.4276909291
0.9634943911
0.9858242121
-0.5543794029
-0.8289404603
-1.4526279597
0.5560297782
0.8658853623
-0.9043636848
-0.5225692908
-0.1456135793
1.0682035976
-0.4791126731
1.3913576419
0.5185812905
0.7505293966
-0.3306473258
0.4936119761
0.8808423872
0.7806284559
-0.4650783724
0.4666343977
0.4949880899
0.1278126893
1.1014212219
0.5638955776
-0.6535742938
-1.7956295245
0.9705451750
-0.0590914587
-2.1941315666
0.0126898609
-0.6049047355
-0.0506292729
0.5747709020
-1.4597595475
1.2516344401
1.3335544896
1.4737048778
1.0978353873
0.7560672925
-0.2986363217
-0.6179103489
1.2065110622
-0.7149361589
-1.2366051919
1.0628786638
-1.1002856705
-0.7484585459
1.0305496234
0.0638597830
0.8852546645
1.3985292213
-0.2296335695
-2.2609189363
1.2231057169
-0.9434053796
-0.9002318178
-1.3758609279
-1.1735646760
0.4444955460
-0.1318761648
0.7108908746
-1.8283900058
-0.8688396729
-1.0725258442
-0.1598843505
-1.6194452759
-0.3837114780
-0.5848806236
0.4646255365
-0.1857241652
0.2429597851
-0.4341785330
0.0603240496
0.2478360594
-1.7276431440
-1.8003078149
0.7754670516
0.3245735221
-0.4485862914
-1.7628014552
-0.2947482761
0.1165605805
0.3158333005
-0.2182471059
0.5529837230
1.4167542266
-1.0477525782
-0.0461536902
-0.1840576606
-2.4233846154
-1.9472470181
0.7522573810
-1.0552303174
1.1678332270
-0.4095657761
-0.3933371143
-0.9733532565
-0.3598022495
-0.1341349225
0.5884287155
2.0044724772
-1.2715962253
2.5954350685
0.2906161354
2.1627472485
0.2773934606
-0.8491994103
-1.3954551259
-0.6556396460
2.7693152486
0.1118465994
-0.9221706708
-1.2466009725
-0.8537844605
-0.2360401858
1.3648470807
0.3914669993
-2.4587564942
1.1951407254
0.8005345975
-1.0631578264
-1.0312218552
1.1202077210
0.0008230602
0.2558452953
0.8317189378
-0.4226519572
2.3020712078
0.2874237569
-0.8912160521
0.3708837245
2.4275570492
0.9139223672
1.2280074259
0.5604036795
-0.1464491366
-1.2413540546
0.0595652804
1.0308455219
0.5753099253
0.5157012017
-1.5278637019
-0.3232741996
0.0639003440
-0.2424950704
-0.6511798608
0.6651302973
1.1113951289
0.6584287424
-0.6492150650
-1.2537609377
-0.9148714555
0.1495379710
-0.0885537768
-0.1765766927
-0.2664993034
-0.5560694415
0.3652401999
0.1072823191
-0.9685263966
-1.4963600516
1.4443069982
0.2638157951
0.2932556299
-1.3923526455
0.1255591003
0.2885811154
0.2180451964
-0.4189831050
0.0422850947
0.0377310152
0.6692389801
0.1057699695
2.0532864257
-0.4670605132
0.7594520100
-0.8089827978
0.1252029103
-1.5836418815
0.1083106360
-1.8245619939
-0.9751439944
-1.1509440812
1.7698609190
1.9230225065
1.4973971348
1.1752373533
-0.1756136201
0.9687821363
-0.6103401163
0.1787470274
1.3137525772
0.1213625205
1.1955609330
0.5426489184
-1.0734377836
-0.0715195171
-2.4528539862
-1.3406368374
-1.0637464969
0.2102634258
1.5201662311
1.0710545373
-0.5809929097
1.1097906424
0.8205388358
1.0427128391
-0.3985414263
0.9497961941
0.0250951593
-0.7155928171
-0.5853706028
-1.3264439637
-0.4288649526
0.2229137356
0.1567455999
0.2729158011
0.0880851591
-0.5138106702
-1.8988172374
0.7227820515
0.4384159394
-0.0132100565
1.2087919526
-1.9233390343
-0.8825309158
-0.9529263807
-0.3826842280
1.2262472167
0.4785412124
-0.1314648183
-3.0314323185
-0.9661542526
-0.0358809303
1.4616361213
1.4089769023
-0.3547993592
0.0209321731
-1.1162127594
0.9852746335
1.1890902410
-0.0285623408
-0.8261197512
-0.7899501124
0.4629452234
0.1858843053
0.1742518433
-0.1002469552
0.0310270071
-0.4507814410
0.1967332151
-0.7704872260
0.1718867970
1.1983145365
1.1101681020
-1.0220833909
-1.2684838981
-0.2997922685
-0.8117732545
0.9796648139
-1.1554739848
-0.6981271021
0.1795490786
0.3593016018
0.0386290490
-0.9567846550
-2.5164883275
1.3602617415
1.4949164824
0.2737458017
-0.3686960567
-0.7466185027
0.1057855476
0.5596692449
0.1143137299
0.2279123315
-1.3594770131
-0.8759168337
-0.1465060740
0.3393300653
1.3069262186
2.0411136619
-0.2392515277
-0.9723241521
-0.5408702381
-1.0182291646
0.5817029952
-0.7566273755
0.9658384028
-0.6947285092
-0.4923445836
1.1250467590
-0.8215610853
-1.1665083391
-0.5381706389
0.9826808467
-0.7700567494
0.0178116931
-1.3108877529
-0.5079672982
0.4656767311
1.4806122849
0.4384658331
-0.5648073606
-0.7399558770
0.2971726139
-0.2565161370
0.5047735970
0.3634247756
-0.5352741932
0.8228552194
-0.8884613325
0.4097095657
-1.4117125369
0.2346218953
-1.6146607938
-0.9855667898
0.2231860203
-2.2678056872
0.0090615017
1.2895650094
0.1335699246
0.6751083406
-0.7596311634
0.4598723137
-0.2818983583
-0.7768824582
0.3651118992
0.3083101956
-1.8019476724
0.2000668279
-1.2683573020
-0.0787564444
-0.1251804661
0.4833597773
1.4421143981
0.1456042708
1.7864253429
-0.3813413561
2.0097689770
-0.0682361105
0.3411265135
-0.3885161982
-0.7505904511
-0.0724419424
0.8879511819
1.9130993866
2.2013027830
-1.1200151353
0.8598382973
-0.4342985622
0.5395739462
-0.9510180857
0.6915827982
0.1931490286
1.2701586559
1.3476245974
-2.1295171457
0.0242521825
1.1358600559
0.0919878377
-0.0241025376
-0.1904737937
0.0356319138
0.3103536559
0.9134000135
-2.2648980140
0.1319956462
0.3394581187
-1.0078677043
1.6134689719
0.2880656303
0.9285143107
-1.0829815251
0.2583338720
-0.7266587082
0.2314894652
-0.1773777074
1.2985692620
-1.3462730594
1.7518473789
0.8304725394
-0.3830338237
-1.0149488537
-0.1302794142
1.2120141542
1.4955279242
0.3976048083
1.5996796094
-0.6276123744
0.4694433973
-0.1105576668
-0.1139570525
0.6462534823
-0.1860660558
0.8983303626
-1.9592625445
0.8616894512
0.7337313660
-0.0245368495
0.6416872138
-0.1318808628
-0.6901400711
0.0211883333
-1.3073792309
-1.2498729082
0.0632554751
0.1659840894
-0.0576010720
1.3289083671
0.6122301349
1.2971401649
-1.0471400882
1.6600332516
-0.6775478893
0.2197930779
0.8455876323
-0.4262658614
-0.0392053486
-0.3226302742
1.9942194429
-0.8769316950
0.5970347400
1.7609860961
1.0813147704
-0.3573199071
1.6019762506
-0.0449720480
1.1096550183
0.1968417155
