15 3 0.01
12 0 2 1 2 2 2 2 3 2 4 3 0 3 1 3 2 3 3 4 1 4 2 4 3
23 0 2 0 3 1 1 1 2 2 0 2 1 2 2 2 3 3 0 3 1 4 0 4 1 5 0 5 1 5 2 6 0 6 1 6 2 6 3 6 4 6 5 7 2 7 3
23 0 4 1 4 2 3 2 4 3 0 3 1 3 2 3 3 4 1 4 2 4 3 4 4 4 5 5 3 5 4 5 5 5 6 6 4 6 5 6 6 6 7 6 8 7 5
7 1
1 5
0 5
0 0 0 0 0 0 0 0 0 1 0 0 0 0 0
0 0 0 0 0 0 0 1 1 1 0 0 0 0 0
0 0 0 0 0 0 1 1 1 1 0 0 0 0 0
0 0 0 0 0 2 2 2 2 0 0 0 0 0 0
0 0 0 0 0 1 2 1 1 1 1 0 0 0 0
0 0 0 0 0 1 1 0 1 1 1 1 0 0 0
0 0 0 0 0 1 1 1 0 1 1 1 1 1 0
0 0 0 1 0 1 1 1 1 1 2 0 0 0 0
0 0 0 1 0 0 0 1 1 0 0 0 0 0 0
0 0 0 1 1 1 0 0 0 0 0 0 0 0 0
0 1 1 1 1 0 0 0 0 0 0 0 0 0 0
0 0 1 1 1 0 0 0 0 0 0 0 0 0 0
0 0 0 0 0 0 0 0 0 0 0 0 0 0 0
0 0 0 0 0 0 0 0 0 0 0 0 0 0 0
0 0 0 0 0 0 0 0 0 0 0 0 0 0 0
-0.3383705344
2.4699870408
0.3482740987
-1.1387232306
-0.8911760195
0.3753710125
0.8651690303
0.4905056588
0.3299884096
-1.0384722608
0.1666100104
-0.3113551398
0.6094164711
-1.9847423887
0.0102265004
-0.7206248748
-2.2797848033
-1.3513505879
0.4146555494
1.0446501501
-0.4209569133
1.4681293144
1.5129540114
0.3591921836
1.8371915557
-0.4922006009
0.9073115059
-0.3236190739
-1.2311165611
-0.1472120341
-0.4780638885
-0.5077334680
0.9685369162
-0.4688157677
1.6596508658
0.6427291486
0.5268591817
-1.9025108044
1.5928483511
-1.1594715538
-0.6908327376
1.2452999135
0.4177916152
-1.5985174068
-0.0011285722
0.3637144082
1.5221761489
-1.6811695911
0.7621728548
0.0193458078
-1.2782933624
2.5343572479
-1.8628799109
0.0752944282
-1.2471535414
-0.0276680265
-0.2771212550
-0.4068910128
0.5054809050
0.3797242488
-1.4172143958
-0.7082246508
0.0903044660
0.2514896483
-0.8751273870
0.4574872121
0.2378417615
0.6399223132
-1.6307353637
-0.7065333539
0.4444368412
0.5235744637
-0.5012476749
0.7732281582
-0.1394358607
-0.2989824618
-0.9472165573
0.5347273319
-0.6532145952
0.6571146156
0.0697800270
-0.7010163077
1.0056026614
-2.1658697200
1.6016294745
1.0204430911
-0.9289860962
-0.2784956891
-1.4858076958
-1.5873376920
0.2778519202
0.6680414579
-0.3041398793
-1.3657499878
1.4749159846
-1.1196488516
-1.4601141329
0.1313808022
1.4626394490
-1.4542287900
-0.9284379084
0.0003661268
1.2612957383
-1.9969715229
0.8689655046
0.2386507825
1.3594669870
1.2127409242
0.8692316249
-0.3094074679
-0.0663043646
-1.6370518313
-2.0273418621
-0.8011643371
-0.5111073939
0.3647629692
-1.2892773053
-0.1389037677
0.1343741297
-1.3056783802
1.4386597962
-0.2635003883
-0.7298794130
0.0996243702
1.2210325837
0.8252001542
-0.1431889778
0.4221778025
1.6883401651
-0.8728653532
1.9086636662
-1.0040628751
-0.7529468203
2.1217697715
0.0918308145
2.2623384459
0.5201997509
-0.1596426828
0.9129613590
-0.5807695902
0.5127125682
0.8234733891
-1.1794810933
0.3667798696
1.1687599624
0.8636256298
-1.2870677056
0.5555859924
0.2020750774
-0.6027124478
-2.3203817134
0.1674088082
0.5870517195
0.2726143658
-0.0612598886
0.0739956572
-2.2222889183
-0.4289374741
-2.2519495089
0.0109515949
0.8294610774
0.2720996283
0.8843231785
-0.7173153123
-1.4080636672
0.0715542263
0.4058286671
-0.3022591709
-0.4551946089
-1.2123111275
-0.5783621278
0.3631725671
0.3421761075
0.1933714533
-0.0257471070
0.8543855304
-0.7500984784
2.5799239746
0.0341962949
-0.6352016918
-1.5388026404
1.0959004823
0.4480102458
0.3270992947
-1.5603496614
-1.1157053517
-0.0084612220
0.6564513232
2.5279575580
0.1532024201
-0.0048681516
-0.0364636133
-0.1989146362
-1.4098605507
0.0938819845
-0.3186888260
0.6999442789
0.1699854925
0.3590358485
1.4002770565
1.2714866639
0.8766229234
0.7538398245
1.9891819815
1.4294404588
0.0150157011
-0.5188242068
-1.7561543063
-0.6201598726
0.2298077289
-1.1940813798
0.1798509804
-1.7495607192
1.1093048914
-0.8045008530
-1.3413955524
-0.0513380606
2.1855487685
1.7720656144
-0.6309901330
0.8138763436
-0.9678563090
-0.9770753523
-0.2958783569
0.4414089223
-1.5169908763
-0.7785535964
0.7537444787
0.0295338465
0.0547763232
1.1018436323
-0.8925519696
-0.4161895339
0.1227001079
0.0351933156
0.0156613915
1.5154753530
-0.7081177589
-0.3114320972
0.2138510194
0.5529555319
0.2784228479
0.3303965381
0.9354208453
-1.7763632923
0.3920684744
0.7428226466
-0.4707256535
0.3747140619
0.0715007607
-1.0230654432
-0.4506784803
-0.1755076345
-1.4218209820
-0.4198699450
-0.2703779864
0.6273661958
-0.4150480435
-0.4120102915
0.9652524579
-0.1822668936
-0.1689189272
-0.0931666552
1.3154196882
-0.1230975907
0.1887986715
-1.6393319018
0.4476916635
0.7614607669
0.4360789558
-0.5804486365
-0.3092431325
-0.0499110393
-0.2972734631
-1.2465983912
0.8771902305
1.0574663734
-0.9440903164
0.1079371102
0.1150826415
-1.5799617100
0.6035220235
0.7996143946
0.2964122474
0.2535003594
0.2882893098
-0.0157564734
-1.7982481576
0.3923450884
-1.4994886094
0.4908435467
-0.4729962044
-0.1577370931
-0.9068174111
-0.1254383802
-0.6930407914
0.1156629332
-1.6077455027
0.1674640218
0.0702395895
1.7870106616
0.1055180467
-0.0803971071
0.6631472881
2.3517604014
1.1390316226
-0.2930739305
-0.8894479637
0.5001386010
0.1473926960
-0.3673857811
0.3237568596
0.8602621436
-0.4246637032
0.0494409625
-0.0240184123
0.8283759138
-0.6279510358
1.0354812809
1.0586046770
-0.3608955704
-1.0554362902
-0.4814693591
-1.1327154189
1.7220433689
0.6669598591
-0.7526394734
-0.3432065654
0.1144152881
-0.2097704526
-0.2725616213
-1.8238362936
1.0365151578
0.5949214205
1.6136843881
0.7122308165
-1.0055066461
-1.2568654999
-0.4170184313
-0.0836457005
1.0869727801
-0.3408926753
0.4368461989
-1.0876996782
-1.0071576242
-0.0747586672
-0.9893695246
1.1533923268
-1.0661315636
0.2536591818
-0.8583245817
-1.9303260970
0.5826488213
-1.3800984638
-1.3077814032
-0.7989830204
0.1283410570
0.7082644222
-1.4266405002
0.4326996531
-0.7616872977
-0.7915555693
-0.4085806210
-0.8938045434
0.2363441727
-0.0975927399
-0.2764082719
-1.5673211152
0.4461456888
-0.2927112047
0.0218158182
-0.2397016258
0.6598319646
2.2641618976
1.0856649818
1.1509404447
1.0845393084
-0.1222738551
0.9892889147
0.1639260215
0.8567454119
0.6656561847
0.0094766722
0.5855482211
0.0004927072
-0.8734463358
-0.1465846397
0.6192660111
1.3391270680
-1.5523926085
-0.6374346839
1.8942294515
-0.0637608236
-0.0245362261
-0.5391922378
0.5661893462
0.4470520343
3.0180654592
-0.6195366385
-1.0677316007
1.0538451283
-0.7402670748
2.7347168154
-1.0888763873
0.1832472108
-0.5660570349
1.9714199684
-1.0421197650
-1.3872949880
0.0359842440
1.0409273527
-1.4139927862
0.1897857737
0.7091848229
-0.1704493285
0.5322771617
-0.5234842448
-0.5318030863
-0.5005409275
0.8427996085
-0.3709605370
-0.1298133742
-1.8149936930
0.5710794877
0.9276406368
0.1592413994
0.0131781322
-0.5833897580
-1.4857444718
-0.9635173151
-1.1116906121
-1.1285613506
-1.4075000828
1.4584321493
1.3180019088
-0.2378418491
0.2314608902
1.0557582973
-2.1069817503
0.0512148502
-0.0843356047
0.6349694809
-1.0231533945
-0.1276498752
0.9899963245
-1.3926551031
-1.5669113874
-0.5979411023
-0.0468877417
0.6445651543
