15 3 0.07
33 0 4 1 4 2 3 2 4 3 1 3 2 3 3 3 4 3 5 4 2 4 3 4 4 4 5 4 6 5 0 5 1 5 2 5 3 5 4 5 5 5 6 5 7 6 2 6 3 6 4 6 5 7 3 7 5 8 3 8 5 9 3 9 5 10 5
40 0 3 1 0 1 1 1 2 1 3 1 4 2 0 2 2 2 3 2 4 2 5 3 3 3 5 3 6 4 0 4 1 4 2 4 3 4 4 4 5 5 1 5 2 5 3 5 4 5 5 5 6 5 7 6 0 6 1 6 2 6 3 6 4 6 5 6 7 7 1 7 3 7 5 7 6 8 5 8 6
39 0 0 1 0 1 1 1 2 1 3 1 4 2 1 2 2 2 3 2 4 2 7 2 8 3 1 3 2 3 3 3 5 3 6 3 7 4 0 4 1 4 2 4 3 4 4 4 5 4 6 4 7 5 1 5 2 5 3 5 4 5 5 5 6 6 2 6 3 6 4 6 5 7 1 7 2 7 4
3 0
3 4
0 2
0 0 1 0 0 0 0 0 0 0 0 0 0 0 0
0 0 1 1 1 1 1 0 0 0 0 0 0 0 0
0 0 0 1 1 1 1 0 0 1 1 0 0 0 0
0 0 0 1 2 1 0 2 1 1 0 0 0 0 0
0 0 1 1 3 2 2 2 2 1 0 0 0 0 0
0 0 0 2 3 1 2 2 2 1 0 0 0 0 0
0 1 1 1 2 2 1 2 0 1 1 0 0 0 0
0 0 1 2 3 2 3 1 1 1 0 0 0 0 0
1 1 1 1 1 2 2 2 1 1 1 1 0 0 0
0 0 1 1 2 2 1 1 1 1 0 1 0 0 0
0 0 0 1 0 2 0 1 0 1 1 0 0 0 0
0 0 0 1 0 1 0 0 0 1 1 0 0 0 0
0 0 0 1 0 1 0 0 0 0 0 0 0 0 0
0 0 0 0 0 1 0 0 0 0 0 0 0 0 0
0 0 0 0 0 0 0 0 0 0 0 0 0 0 0
-1.6699935739
-0.1381990274
-0.9121197373
0.2059323986
0.5739213353
-0.2970747651
0.2429465837
-0.7837521324
0.5067047498
0.7407548425
-0.5237162827
-1.0471035701
-0.8988383453
2.7389107174
-1.7113419883
0.8667066615
-0.2094646759
0.8017359619
0.0333758285
-1.0774934642
0.1859064625
-1.3111368801
-1.3242756183
-0.5102904841
-2.3526757965
-0.2592700449
1.2002715361
-0.0754394381
0.7264239592
0.6391683990
0.8593789220
0.7202238935
1.3133273010
0.8392522777
0.9388152002
1.7169423470
-1.3741462721
-0.4955413343
0.4741987520
1.3352269653
0.0664255711
-0.7089174228
1.5970398620
-0.7289560012
0.6026817866
0.5257984207
0.0084017997
1.1910865818
-0.2800461553
0.3136606657
-1.2188634490
0.1621376502
1.0007038637
-0.5918511205
-2.1149924800
-0.5077027415
0.5644308181
0.1466060403
0.7322281224
0.5603557366
0.9517087998
-0.1438757850
0.2838353315
-0.7339558259
-1.6020528042
-0.7772200236
0.4780358631
-1.3221775314
0.1497545086
-1.7535943991
0.6192271104
0.6614993799
-0.6414061423
0.1796861809
-0.6031566600
0.9640974145
-0.1089820072
-0.7350683630
-0.2467337277
-0.6078082108
1.4666906360
-0.2042069205
-0.0140862001
1.5829467918
0.8381918366
-0.8977169430
0.7023673193
1.2122918884
-0.2912554073
-0.1785340461
-0.2885738722
3.1151565646
1.8632394442
-0.7312451208
-1.7353789319
-0.6549913117
0.6468276322
-0.0912273273
-1.1441493431
-1.4329771114
-1.2021837578
1.1360357201
1.0676550892
1.9910430484
-0.8588562190
2.2603565581
0.3383972586
1.5552662698
1.0193587971
-0.6794023799
0.6726347451
0.8398064369
-0.1427394869
-0.1478225033
0.2545105317
-1.2184845822
1.3789649828
0.2401067856
-0.1053218578
0.4915813425
-0.1088694632
0.2241336931
-0.2407411027
-1.7823546516
-0.6312035005
1.2496753833
0.5809094477
-1.4360393447
0.9005908182
0.4306820727
-0.0245007758
0.1776612536
0.1616674180
-0.0516199355
0.8646332892
-2.0563207009
-0.9796771672
1.1532862711
1.6129418717
2.3929996775
2.0942904021
-0.5676442029
-0.7313599836
1.3097402231
0.3782115984
-0.5558799471
-0.3519161970
-2.0043793975
0.3950429841
0.1709193039
0.4575672942
0.2915165907
-0.1999935225
-2.6079949503
0.0807041235
1.5956121635
-0.9296841708
0.5174502595
-0.0793627211
0.3296683084
-0.2766612453
-1.9795353016
-0.0929342087
0.1130874301
-0.7422835496
-0.3570229877
1.5050021109
0.5600990397
-0.9705399221
-0.0940509261
-2.0311636944
0.2414064978
-0.1375368303
-0.1913398924
0.2214960437
0.1451657742
-0.6136605681
-0.1953124343
-0.7279119683
-0.7596555229
-0.0780345630
0.4157122397
-2.0703980321
0.0033399293
-1.1263312126
1.7456952116
1.1169184347
-0.0850431066
-0.6903924657
0.3960826676
-0.2766229747
0.4863726597
0.7764636334
0.1356814247
0.6373408144
-0.3513011636
0.0435994495
-0.4383842608
-0.0003138733
-0.3185218200
1.0868388797
-0.8790224462
0.4650843218
0.6598943299
0.9583797695
-0.0688828721
0.2381227959
-1.0726579887
0.6957727392
0.0589989106
-1.4094521892
1.5247567569
0.5931057294
-1.1379154287
-0.6025400198
0.1681016835
0.5858139984
-1.4678441212
0.1576342259
0.4911132757
-0.7079014142
-1.6155921208
-2.8637668162
0.5747362072
0.6402444335
-0.0430756709
0.4292366689
-0.1300802690
0.7008261085
-2.7126224800
0.8029963946
-1.3037438135
-0.1186280266
-0.0441112073
0.4430955892
0.4117189749
-0.5909791602
-0.4289595613
-0.3915337548
-1.6889155413
-1.3816839639
0.4096383429
2.4704811619
-0.7622255636
-1.1861855350
-0.6686422954
0.5528551584
0.1085667977
-0.0321821228
-0.1941278064
-0.9399445354
0.5275526538
0.7192725714
-0.5418967575
-1.1054484390
-1.2511792634
0.7425666420
-0.8739024176
-0.1594975699
-0.6932300063
0.1226843834
-1.8682526046
0.5721440786
0.3189101698
-0.0091034093
0.1608175864
0.1127740735
2.4387458358
2.5500538225
-0.1286739382
1.2864374541
-1.8584437750
-0.2306946570
0.9626493008
0.6871247063
0.7259049852
-1.1645153795
0.9223024026
-0.6931356508
-0.3750753776
-0.8493082638
-0.1021592230
-0.0022427229
-0.4444006494
2.4403849620
0.2815433510
0.5267531597
0.1722705957
-0.6052415511
-0.3701788900
-0.3436866033
0.5636792772
-1.8392433865
0.2251134421
0.2536103204
-0.7450581665
-1.1643136629
-1.1731122724
-0.0363380458
-0.8361750408
-0.5337302275
0.2308569322
-1.0383716978
-0.9234550414
-1.4045278915
-0.3038111357
-0.5631910079
1.4291293145
1.3160136269
-0.2724650099
1.6942753289
0.2123754443
-0.8842049875
-0.5260187481
0.0647058979
0.9933116702
-0.3931152835
0.6096367755
-0.7898270653
2.4770779116
0.7750706987
-0.5846279337
1.0062937178
-0.3393755649
-1.5343617896
1.3683756615
-1.0254625908
-0.0900378552
1.4399446835
-0.7237243130
1.6768726093
0.4089142441
-0.2957172267
1.2741067419
-1.5919973877
1.1422743439
0.4469562667
-0.2504192286
0.4460353776
-0.3105840303
1.6760242811
-1.6160151867
-0.0868251962
0.0179206975
0.9490749354
0.1370386408
-1.2830350908
-0.2230791075
0.8864940546
0.9286567159
-3.2586646291
-0.4235072521
-1.5170916951
0.9670941500
-1.6713814542
-0.0649701962
0.1846240691
-2.3301008830
-0.2407883864
-0.3634395839
-0.8887232498
0.4940055061
1.7599369165
0.5758263639
0.2965997976
2.0864279393
-1.2378322738
-0.9157796343
0.0164014129
0.3525945170
0.0976069333
1.4192880375
0.0241897464
-0.2676992400
-1.4951381108
0.1573590775
-1.2031737072
0.6947331771
1.1657241030
0.0905017156
-0.1665998802
0.0243837541
1.3814399339
-0.5826111029
0.2576989625
-0.4585876605
-0.5486320075
0.8911324020
-0.4396659873
-2.0477216022
1.0303041530
-0.8254636524
0.7179624162
0.0836202449
0.9247567284
-0.0025007051
-0.4252139861
-0.4200095524
-0.4795918512
1.3387405741
-1.5119496759
0.2463087287
-0.7879576541
0.6506814821
0.7471369126
0.1358209404
1.7450577448
0.3121086654
-1.2111228174
0.1456429861
0.2101573967
-0.4409095135
-0.3317097195
0.0829889650
-0.4627308243
-0.4601414569
-0.0361258731
1.7619319646
0.9837081316
-0.1821453932
-1.0633354791
0.7089225755
-0.6371955514
-1.5391961419
0.2335332618
-0.7906644459
-1.4003813736
-0.4887058067
-0.1377315426
0.7977736436
-0.1515501828
-1.3682357080
-1.1598313779
0.7326693926
-0.7555771617
0.1431149375
0.1064999191
-1.1116271727
-1.2047850181
0.1608424835
-2.0511960632
0.9788590151
-0.4094266719
1.6882376645
1.8805062409
-0.4893213704
-0.4982680492
0.2099635626
-1.7867436250
-0.0046027447
