19 83
22 9
62 74
36 50
20 44
7 98
92 71
60 27
96 37
99 96
14 62
95 66
53 2
19 27
90 95
18 64
32 23
25 45
45 19
56 1
81 92
0 28
52 77
22 78
84 58
89 38
19 69
63 59
44 65
48 23
74 49
70 3
55 30
56 59
91 12
62 10
89 52
49 69
29 83
32 11
75 38
76 10
38 70
62 53
47 25
27 52
79 84
14 63
79 1
86 85
94 16
83 7
53 60
54 51
94 15
55 18
31 76
9 19
28 14
8 33
68 75
62 46
16 37
34 90
51 94
68 92
78 89
60 69
23 38
56 55
85 97
90 53
11 83
4 25
15 61
50 74
50 42
82 59
90 51
21 30
85 51
49 66
45 20
58 19
93 17
95 2
42 85
53 81
78 18
84 82
75 11
34 5
25 92
96 66
20 39
8 98
41 48
98 87
73 48
81 77
