71 92
9 92
55 97
47 57
41 5
86 56
41 23
5 59
25 55
90 18
23 23
25 19
87 64
52 66
27 87
80 53
12 39
33 21
74 97
37 29
21 26
47 85
38 19
82 68
8 2
56 84
27 13
69 69
37 44
72 59
83 26
78 13
2 71
85 15
8 98
80 32
6 32
64 8
80 70
34 76
43 98
14 84
86 18
72 90
39 25
36 93
93 90
38 40
87 1
6 58
23 51
68 69
64 40
20 79
70 71
61 81
57 19
46 71
32 74
78 67
77 6
14 26
61 26
75 86
48 44
19 53
11 13
97 16
40 89
7 20
46 86
85 31
60 86
98 55
12 10
65 29
8 58
32 12
63 44
71 20
34 38
4 95
68 0
68 2
75 45
1 75
51 2
58 35
71 1
77 15
94 6
5 97
92 7
8 38
12 62
22 85
53 80
49 18
46 17
97 87
