5 2
20 25
38 6
18 76
3 25
91 7
52 90
85 3
28 85
68 16
71 17
90 0
58 23
53 71
75 50
35 58
88 75
10 1
7 56
23 14
42 34
32 57
64 27
58 47
11 67
98 30
84 59
22 13
12 95
19 93
22 38
77 17
45 20
2 92
13 38
29 7
10 4
59 41
8 41
46 60
93 20
19 86
97 69
8 6
50 41
72 71
35 49
78 77
59 33
74 83
48 82
25 52
48 55
83 88
83 25
5 91
10 31
61 54
33 99
81 39
36 48
61 2
32 66
20 24
73 83
9 69
80 60
46 24
4 19
37 94
60 23
21 24
25 6
18 14
69 34
8 4
81 61
84 93
62 49
23 3
39 11
67 14
61 40
35 17
60 42
9 84
39 87
46 80
47 87
88 89
91 78
27 6
44 9
15 16
28 39
17 41
50 83
4 9
14 20
89 23
