1000 38 41
425 897 1691 1964 3744 4288 5008 5522 6873 8527 9258 9828 10203 10722 11179 11522 12453 13317 13493 14509 15590 18520 18643 19581 20041 22658 25557 26600 27229 29979 32145 33265 35052 37068 40084 49718 51069 55680 61039 66110 114078
490 712 1215 2494 3445 4106 4232 4756 5664 5731 6645 6662 7701 7981 11840 11966 13891 15314 16166 16476 16982 17155 17909 18771 22445 23100 24097 25002 26486 26576 26941 33841 33891 35672 39178 42816 56872 60623 61010 64189 75112
557 1280 2254 2313 2958 4057 4716 4720 4934 6043 8189 8356 8476 8502 9174 9895 11237 11608 11751 11820 11938 16695 17268 17791 18152 18266 18324 21537 25096 25686 25773 27004 30677 37566 40137 41156 46457 49484 58301 107133 139870
779 1643 2013 2092 2114 2611 3915 3917 3980 5026 5635 5829 6498 6775 8688 8869 9059 11149 11844 12229 15429 16128 17040 17898 18690 21222 22516 25091 26582 27498 31149 34558 39091 39966 40259 42194 52859 54407 59643 61937 115271
1769 1788 2750 3315 3817 4482 4725 4904 8413 8791 9725 10148 10292 10359 11345 11642 11648 11659 12002 12887 13202 14521 15491 15709 17911 19786 23638 25643 32444 33661 33940 34261 40475 41384 41945 42909 44225 49587 60552 62598 92407
20 626 742 1082 1749 3030 3627 6069 6245 6723 8114 8375 8984 10268 10862 11259 12667 12722 13025 14993 15153 16747 17068 17446 19544 20972 21697 22136 25692 27539 29430 30733 33268 33951 35886 49071 52842 59429 62117 79789 109899
299 1645 1994 2323 2406 3361 4209 5625 6211 7344 8958 8976 9175 9361 9927 10007 11208 12565 12747 13595 16474 17319 19719 20515 20854 21591 21692 22452 22460 25477 27005 27271 34034 35471 35788 42995 50395 51467 89176 91918 96621
907 1275 2055 2742 3883 5277 5405 7170 8843 9281 9382 10092 10235 10495 11541 12243 12778 13181 13262 13810 14433 15531 16248 18266 21159 21296 25360 26159 27323 29927 30272 32438 33284 42886 51230 51370 53901 56825 56857 58575 58838
199 789 1469 1539 1550 2152 2386 3256 3324 3496 5506 6385 6413 6450 7930 8564 10665 11043 13248 13930 13959 14784 14787 15074 16568 17993 19390 23280 23586 25872 26084 28686 29155 35810 42748 45822 66757 69075 71346 98148 102064
411 2222 3329 4501 5518 6535 7110 7890 7910 8169 9039 9598 11597 12327 14579 15529 15847 16084 16152 16542 17091 17381 17755 18301 18382 20851 23623 24824 25194 28044 29953 30982 31896 33246 33897 39387 39953 42795 48828 70147 97736
1030 1188 1811 2714 2958 2984 3075 3081 3744 4215 5503 5593 5827 6209 7719 8315 9685 11390 11558 11575 12645 13043 15576 18406 21604 21618 21747 25028 25427 25502 28297 29005 33994 36985 38206 38481 39504 42529 58205 65627 214081
949 1071 1433 1462 1511 1776 2485 3195 5310 6171 6386 6754 8490 9379 12320 14972 15013 15605 15736 15867 15932 17259 17365 17780 21835 22074 25875 26709 27184 28089 28769 29926 31289 34528 39667 44259 56568 58629 68007 75886 76907
280 570 797 1243 1824 2210 2957 3462 4761 5597 6162 8089 11270 11838 12502 12694 13959 14810 15002 16374 17472 21352 22147 22728 24757 25325 25624 26856 29003 32333 33350 33654 35681 38511 42070 46579 47998 48843 58992 66642 109743
615 723 1005 1282 1567 3236 4449 5075 5098 5381 5550 6082 6100 6907 7669 8668 9670 10802 11143 11589 13017 14337 15113 16443 18119 20654 20773 22892 23403 23696 24143 27244 28499 40843 49618 55672 58097 65257 66483 66930 99261
438 722 782 1507 1623 2381 2424 2425 2693 2951 3629 4476 5913 7690 7851 9424 10359 12208 12445 12649 14021 17847 18212 19646 23617 25907 26262 27546 30292 30816 32666 33293 35089 41362 46916 52775 54663 55805 55895 63779 109752
330 488 569 670 1301 2110 2280 3039 3434 5172 6733 9090 11592 12129 12706 13358 13596 13767 15237 15626 15716 16114 19368 19537 20435 20592 21155 22710 23638 24202 26143 28531 29974 40327 42661 49795 50213 55399 56986 70897 95295
560 803 1141 1203 1357 1791 2424 4445 6440 8664 9205 9813 9838 10489 10995 11190 14826 14953 15028 16290 17792 18658 21167 21543 21996 22628 22826 23208 23687 24281 25941 29124 29871 35954 37325 41045 49777 54920 58103 72676 107288
2 454 484 1035 1318 1974 2303 2989 3489 3750 4771 6925 7532 7703 8452 8921 8967 11397 12049 12554 12701 15752 15894 17010 17782 18011 18424 22184 29407 30517 34192 35997 41267 48333 49330 51843 54966 59735 61554 66099 71823
871 2947 3144 3469 3533 4251 4502 5356 5461 5702 6296 6355 7032 9032 9579 9991 10145 10825 12463 13401 14836 16906 17382 17488 18014 18985 19876 22101 23232 24632 26001 26133 29703 41067 42569 44245 50215 63775 68233 74928 91010
753 802 1358 1599 1982 2496 2555 2615 2930 3369 4894 5674 6419 7254 7268 7563 8518 10124 11067 11161 12686 13619 17169 17235 17675 17754 22783 24248 24531 25814 27735 28226 33140 34686 44845 49373 58848 66223 77065 78679 86361
1231 1506 1739 2133 3216 3745 3828 5920 6820 7130 7403 7453 7982 11481 11600 12145 12471 12870 13212 13580 15603 15875 16564 17190 17855 18771 18806 19483 19872 24697 29483 34279 35419 44296 47318 53162 57236 61522 66272 72355 77793
574 1334 1642 3011 3335 3779 4806 6900 8925 9603 9651 11918 12150 12738 12980 13587 13676 14385 14653 15431 15504 16363 17903 20717 21758 25250 27393 29080 32292 34140 35664 36014 36697 39298 39402 40495 42291 49714 56862 58298 79460
185 457 947 3609 5556 5640 6367 7048 7198 7214 8502 9379 10324 10658 11600 11656 12292 14500 15113 15204 16424 16935 17388 17525 19717 20278 21528 21541 21757 24238 24377 26062 26920 39835 42364 46493 51145 57554 60396 63056 108513
453 691 896 1174 1435 2763 3235 3776 4039 4649 4945 5584 5919 7109 8343 8749 8817 9913 10435 10662 10835 11439 11839 12601 13725 13820 15378 23517 24512 27055 27531 29252 39434 39880 45379 46701 49130 54417 74831 100832 117700
337 1208 1587 2746 3490 4840 5207 5693 6504 6625 6775 7237 7785 9677 9915 11655 12709 12721 12728 13408 14014 16211 18345 20858 22259 23051 23764 24740 24741 28786 30430 30817 32517 37129 41879 42320 45187 60207 61398 79725 113246
18 724 1086 1316 2708 3991 5090 5386 7634 9311 10118 12711 12863 13286 14873 15308 15870 16108 16186 16214 16225 16864 16974 17022 17399 18175 18429 18703 20201 25149 26146 28867 31032 34154 40867 46886 50503 52817 69886 84709 111260
157 692 1107 1572 2106 2292 3184 3305 3952 5884 5907 6471 7310 10237 10958 11633 12374 12847 17115 17436 18113 18223 18355 18462 18737 18972 19340 23332 24241 25408 26213 29954 32006 32250 33864 41186 51909 63747 66152 79129 86522
277 482 656 691 929 973 1191 1924 2207 3442 5058 6785 8935 9413 9886 13157 13434 13444 13871 17350 18564 21873 22419 22439 22659 22670 23487 23678 23988 29046 30478 38183 39052 40498 45581 45841 51562 56916 62990 69210 71333
256 635 1986 2614 3367 3947 4346 4607 5984 6928 7877 8012 9262 10238 11289 12105 12989 13358 14481 14867 14989 15362 16720 19536 19781 20109 20998 22195 22420 25378 29981 33482 33561 34535 35388 39359 54329 63174 71091 89605 89802
666 1614 3161 4982 5401 5874 5960 6105 6819 7442 9147 9990 10759 10955 11167 11370 11931 12391 16346 17895 21126 21806 22571 22804 23174 24191 24294 29248 30845 31571 31673 34237 36002 36341 36533 36681 39498 43244 46474 54128 92254
1207 1311 1610 1740 2380 3552 4148 4407 5415 5772 6838 7158 7678 7989 9084 11033 11571 12918 14170 15102 15246 16470 18412 18927 19415 21181 23148 25226 26870 31343 34424 43794 47432 47850 48207 49282 54225 55207 66827 70742 73279
989 1329 1993 2090 2379 2488 2525 3126 4596 5335 6463 6599 7051 7116 8518 8675 8947 9001 9986 10414 14309 15580 17946 19167 19804 22241 22845 24504 27496 32872 34676 37698 37949 38547 41662 46558 46965 54439 71017 80866 108850
231 906 1931 1971 2683 3356 3558 4491 4661 4725 6020 6752 7078 7538 7744 10332 11038 11972 12993 13032 13234 14165 16164 20856 21374 23004 25280 25941 26531 26558 26594 30989 32094 33882 39473 46549 48680 63328 64107 69418 94931
801 1517 2418 2863 3360 4809 5380 6106 7163 7941 9134 10017 10118 10309 10796 11003 11247 11488 12390 15301 16042 16833 16834 16946 17916 18817 22031 24238 25985 26156 28313 31207 34728 41097 46303 50174 53423 57618 58610 65723 105881
452 1461 1926 2727 3139 4276 4296 4312 4934 5317 5469 5772 6258 8730 9497 9690 10462 10540 10858 11894 12178 12293 14303 16549 16690 17364 18199 19221 19296 30247 33047 35164 38870 39446 41448 45876 47494 49362 58162 80563 124295
73 279 316 354 1210 2059 3225 5213 6149 6571 8004 10258 11094 13266 14867 15365 15406 15593 15802 16106 16406 17118 17763 19325 19449 20669 21918 22797 22821 24328 24388 28309 28869 29152 42963 47099 48220 49815 70603 71564 81841
1282 1375 1614 1981 3063 3464 4231 5185 5330 5968 6118 6340 7233 8756 10127 11208 11392 11776 12105 12843 13026 16544 17318 18788 19749 21473 23772 24076 24262 26349 32937 33042 33365 37287 41248 44280 53338 57780 60094 70126 74905
33 136 897 2367 4103 4387 4550 4723 4913 5024 5878 6453 6603 7347 8951 11558 11562 11664 12783 14371 14425 15786 17013 18744 19323 23069 25609 26533 27009 28000 28983 32724 34258 35611 43544 47840 57447 59700 59741 79359 85123
