1000 40 22
8254 8952 9058 10867 14126 16616 26895 27486 27782 29057 29285 30202 36972 43410 54879 62184 67078 77460 83633 85896 86036 97839
4009 8109 9688 10097 10247 11402 11664 15260 20543 23230 30852 31691 36627 39672 43300 54474 66228 68319 83011 92842 101096 135079
1466 12625 16160 20630 22602 24088 27058 33587 33677 33928 39441 40169 41677 47401 52786 55609 57314 57750 66449 71245 75398 78904
343 4876 7320 7337 11382 11688 21755 24501 25029 26997 31675 32639 33514 40164 50475 52966 63379 85226 88233 93481 113590 119936
145 1801 3345 12439 14812 17259 18661 18666 20063 21006 27186 39024 47318 47331 56405 62622 65907 71431 74867 78774 91382 154730
1802 3013 3771 5348 8529 9871 11029 11723 13552 19136 21685 46475 47863 51345 58588 59488 66922 74847 88113 96230 101851 108183
4815 5522 6203 11375 11595 13088 13412 16997 21286 25443 31775 33523 40210 43182 52121 55193 70795 71837 75160 76671 114733 148327
681 1358 2428 3102 5779 8159 9941 10897 16558 16576 16747 18121 25847 32870 34224 34498 36754 46775 64014 68456 135247 325583
7887 12471 15315 17083 22155 26142 27001 29572 31437 37373 38506 40618 50555 55294 58770 59709 61652 63672 66674 67136 71780 73350
3877 4211 6957 8933 9252 14331 15587 17872 20031 21714 22637 31059 32757 43785 50024 55923 57974 58363 65410 106006 113675 156623
1830 4053 6138 7877 8467 11883 14652 15563 15699 17636 18191 23502 40480 40693 42609 43239 64929 79064 99309 106836 111590 142041
878 1505 3128 3563 10096 12582 14402 19622 20044 20702 22715 26232 30721 30992 36531 38703 66582 99371 108996 113437 127966 144452
2893 3162 6114 7905 10702 11753 12306 16053 23600 24300 29391 31879 46155 49764 53470 54630 70557 82643 87172 99307 104326 112528
4500 8416 9534 10320 14090 22219 24144 26183 26291 26808 26915 28759 32477 36147 37910 49453 56015 80552 84443 94372 97259 120828
1925 4465 5694 7289 7995 8817 9158 9781 11265 12163 13725 17559 24554 30936 44552 55795 70364 88593 97490 122051 133792 136145
386 6955 9566 9863 9899 13330 15293 16388 20853 21845 21895 22878 23779 50833 59406 63612 66717 79319 91460 111038 113858 120290
458 869 2942 4571 5047 5314 6058 11163 12202 13847 20841 21533 23688 25680 26254 31648 64458 74014 127464 130786 155970 180803
597 741 6332 8381 8563 17120 18172 23562 24967 27082 27190 27533 34076 41242 50357 50968 52251 58300 69817 81860 163669 170045
1000 4177 4484 6171 14919 16720 22035 22488 27810 28314 28335 28647 33120 34916 36621 38639 79705 84243 85734 90143 119191 135427
70 3876 6675 9067 11543 15649 18993 28121 29335 30716 32642 33270 34454 41996 44491 50531 57248 58060 63472 90276 104114 164243
224 3127 6171 7291 8170 9144 10246 11536 12537 21795 25655 36271 40119 40889 53738 60747 65007 73485 75416 108071 127134 151062
2897 6510 14425 17286 21131 21672 22692 26062 27577 27721 31126 31945 36385 41720 41900 49966 50927 58269 65010 82316 97215 133905
1730 4506 9162 12244 12314 15268 19084 19138 20334 22111 23114 23143 25311 37307 38225 40000 43668 54959 75707 101860 141629 192675
109 5915 6894 13755 17343 20242 20422 26735 29457 36451 40646 42880 45194 46466 55614 63137 63393 65214 69691 73778 80020 96158
2214 5804 8504 11275 16571 19193 19514 21439 23534 24009 24896 31677 32822 38883 39271 39667 42180 65324 84546 89133 122209 169681
881 1461 3404 3536 12631 13829 14482 14575 14947 27145 27675 35816 39155 40536 49210 52863 57170 62964 71235 81200 110945 205034
6080 7849 9500 19057 20423 22762 23616 24321 26217 34607 35205 38522 38612 43533 45623 47171 49735 55161 57972 85616 106587 113693
4998 8685 8796 8866 9861 10673 13060 14501 15843 16983 21426 21491 29785 33107 40856 47725 58873 85792 91410 92962 104525 187840
139 311 339 2169 8763 11414 16023 21452 21962 27833 30552 31927 37637 47831 50673 50997 52972 53097 70887 77134 162212 177413
3277 3428 3683 5366 5850 13019 18865 20167 20330 24229 28740 28931 34288 46804 53224 54344 56079 78426 81816 95212 104406 130891
77 376 1903 6054 9109 14674 18342 20435 25707 25851 27902 29280 33653 40213 40226 47230 48861 54066 60014 87906 93756 253416
2739 5326 5545 9565 14616 18609 19203 23951 24792 24895 28036 28254 31090 43721 53810 56518 57361 62781 64229 70204 81627 196337
145 1002 4981 8106 13078 14956 23823 28875 38237 38379 41886 42282 44933 52762 58410 59697 66620 67160 79196 86295 87533 104862
347 1093 1164 2448 4683 7078 9266 10593 14362 17106 19282 19568 20934 22193 43326 50325 66601 73038 78464 93588 148792 250634
1340 1450 1634 3077 5068 5768 7889 21432 23136 31147 35469 37811 40791 41941 46502 58536 63985 81348 90929 97936 102799 111813
42 4643 5160 6237 6302 11546 11975 15716 28760 35876 41052 45340 47453 50981 51560 61197 62151 78712 81101 81331 96628 134883
1071 3973 8592 9541 15283 15736 16215 16821 18605 19307 24805 36906 38621 40424 48924 51262 56324 87640 89926 92812 100411 128868
4190 4803 5850 9568 10703 11911 12546 15217 17935 18204 20786 34197 34393 36838 43681 46122 50503 66669 68631 82607 121506 192009
644 1643 2129 2789 5427 11312 12551 16942 24231 32911 33727 49020 52589 56987 57860 59297 59462 67791 75012 81918 92604 126342
1025 1404 7972 8744 9423 10543 17751 22012 24166 26661 28116 33401 35256 39454 51834 59732 63979 78103 94974 98654 116301 131535
