1000 13 37
330 2161 2432 2564 3179 3411 4427 6441 7549 8356 8655 12179 14184 15619 16284 17299 17644 18938 19049 19436 19543 20872 20884 21657 24299 24603 27292 27869 29340 32202 38617 62449 65048 68958 75421 75656 107246
734 737 2646 3514 3693 4426 4623 7117 7538 7760 8112 8112 9846 10021 11620 11769 11865 11898 12561 14279 17415 20537 21297 21420 24822 27134 31233 31988 36162 36610 43470 58720 63719 73851 81388 91358 106954
956 1067 1844 2535 2926 3391 7090 7834 8236 9318 11782 12752 14786 14810 14851 15223 15721 18291 18314 18906 19427 20041 23461 24528 28670 29804 30492 37839 38948 43156 45729 50161 52614 55201 67330 80559 91873
1573 2005 2474 3720 3806 4010 5221 6467 6778 7234 7245 8411 9052 9919 11498 13924 17211 17610 19711 19881 20313 21376 23473 24546 33007 34028 34331 35109 37621 38311 43003 47982 48674 53340 57759 91525 110593
174 246 703 993 1213 1649 4228 6092 6401 6549 7665 11743 14214 14934 15387 16041 17556 17658 17953 20432 21178 21544 24771 24847 27843 31602 37039 39192 42870 47665 49826 49871 56369 57259 67530 70481 89434
1423 1780 3809 6143 6723 6999 7768 8153 8156 9644 10349 11439 11518 11622 12183 12409 12773 13250 14121 15483 18741 21700 21807 22505 23007 27302 28744 29013 36501 38875 44837 49953 51033 65763 72116 79085 144788
2035 2393 4085 4749 5010 5139 5152 5672 6669 7096 7726 8764 8803 9211 13852 15647 15726 18952 19492 19609 22723 24211 28242 28271 28596 30288 31577 31949 43880 44532 48956 49740 50350 51010 72849 74003 81530
755 2442 3012 3140 4124 4725 5118 5403 5467 6350 6909 7506 7993 9065 9864 10697 12015 12077 12781 15244 16137 16689 17100 18159 18364 19774 21278 25361 25839 37936 62603 68362 73614 74595 85116 104612 118431
1380 1960 2612 2730 4314 4768 5829 6831 7684 7780 9173 9284 9319 9655 10930 11539 12018 13119 13342 13899 17591 21875 22359 22607 24037 26513 31470 38563 39641 44339 46088 48256 56669 63043 67063 91247 104971
887 1685 2949 3200 3920 4755 5514 6054 6284 7290 9965 10975 11840 12011 13088 13832 15739 16448 18340 18659 23128 23189 23310 27101 30203 32414 32762 39682 42186 42282 51409 52081 53465 53705 63050 73846 104972
615 1368 2181 2601 4909 5490 6051 6350 7465 7537 9685 9847 10493 11052 11291 11560 11613 11860 11994 14202 19428 20771 22142 24601 26925 27914 30918 32096 33447 39778 42138 45162 48554 65531 87500 108926 116413
399 2940 3771 4170 4360 4956 5189 6614 7443 8352 8589 8616 10535 11881 12432 12787 14006 14290 15529 21541 25522 26159 26628 31630 33854 35271 35365 37413 38721 42975 43534 45084 50558 52012 67236 69216 87758
2387 2957 4384 5412 5420 5678 6430 6951 8081 9373 10676 11418 11801 12469 13279 13282 14863 18898 19030 19382 20551 21729 21802 22096 26519 29540 32357 38166 41520 43369 48286 51869 53502 60172 69621 79027 86766
