1000 22 25
2200 2932 4909 7647 8415 11246 11735 15773 16599 18347 20921 21034 21076 24177 30254 31206 33576 50777 52761 57661 58907 73573 91366 126470 130083
369 1464 1831 2809 11741 14298 15354 17715 21215 23317 28564 28732 36559 37758 40463 43702 45766 53153 57426 57435 57889 59487 63369 66218 145359
1145 1265 1431 3840 4394 7574 9150 12921 14450 14687 19709 21087 22842 26255 35426 41305 45891 47577 60510 67916 75417 77438 79764 104984 123917
4565 4933 5127 7774 8021 14438 15775 21712 21726 21846 22100 25560 25807 40905 42276 43996 48424 53844 54758 57613 64170 69199 87862 95718 111194
1583 7905 11897 12545 12878 12889 16179 19904 20053 25073 25505 25668 31521 35748 38714 41448 43825 45112 53187 53510 58000 61141 70244 93160 105782
598 905 3790 6258 7144 9192 10503 11712 12492 13215 18922 23351 35390 35508 35524 36448 37128 37897 40043 54714 54908 61486 67685 130634 172132
812 2392 6032 6159 6246 7428 8147 18503 21228 21632 25495 26652 28927 31171 33407 33777 34981 47580 54163 60666 62463 65677 95124 109996 125457
1433 1978 3179 9262 9663 13711 15401 16679 19045 20866 21729 32276 32955 33405 35310 35679 35948 36338 39535 43856 51308 69466 105195 105391 165103
281 286 4679 14485 15049 15259 15296 17179 18877 19482 23058 23186 25185 28156 28799 30519 43996 48872 58103 70181 76617 77585 78257 91294 137306
3662 5166 7564 15851 16378 16733 17903 18328 18396 19759 26060 26075 27337 31907 34028 35026 36852 46096 51887 58980 64901 67578 94235 95721 101214
7450 7949 13081 13882 14956 15207 15757 16123 19962 21765 28146 29249 30040 31565 37036 40060 49108 49441 51719 52918 66861 74029 86738 87029 96826
959 1908 7455 8838 9010 13354 13363 18336 24001 26388 28618 32937 39950 40156 45304 49911 51093 56813 59203 59496 59887 65211 66160 69644 104371
111 1647 2752 6224 6817 9149 15276 15363 17267 23105 24010 24944 28917 30106 43834 44235 47264 49739 53177 55663 76458 76673 91874 103493 107945
2228 2909 4760 11113 12088 13137 17588 19463 23611 24893 26576 36775 39108 39573 40309 45032 45057 46891 47437 48269 48589 59153 91002 96277 124978
1324 4457 5078 5138 6484 7385 7713 9738 17859 21143 23538 29872 30170 32239 38044 38999 47178 56153 66275 69962 77092 86478 90583 93513 99713
794 2262 3625 4638 6129 9263 11903 13236 16008 17003 20766 25692 27245 27351 28497 34348 38274 41227 61420 63405 73829 77537 87341 129799 147049
2142 2926 3397 3898 5021 10317 11895 15189 18412 19015 21541 28340 29238 32141 33864 40182 40912 42960 57018 59010 65498 81368 95299 102816 111551
1572 3337 4602 8024 13078 15967 19982 20560 21668 27031 28675 31769 34255 35164 36651 36799 37191 40539 43523 47138 61049 76969 94531 95812 106105
372 2171 5428 7280 7479 10838 13194 13195 16702 18617 19079 22854 26043 29045 35373 35941 37101 43507 51187 58328 77568 81789 90619 100545 116717
1411 1599 2101 8283 11148 11441 12163 15861 17436 18267 19400 32159 32462 32872 34109 35718 37538 49461 53158 57901 58975 64306 77728 130068 133978
3567 9644 10314 12253 12280 13534 22564 24422 26072 26913 27567 30605 32363 32667 34605 36251 41389 50383 54143 63394 64071 69994 74210 77864 89378
2248 2351 2856 3946 4306 6725 7056 9303 10964 12620 15035 17133 21898 25072 28656 45772 46435 55434 55884 56035 57982 79437 95069 131288 133477
