1000 47 27
596 839 2177 2256 3189 6805 10800 10998 13547 24334 25340 27669 29157 29960 31438 34835 36068 39659 48186 48233 51125 57533 66196 68268 76216 91649 120016
652 1093 8233 9262 11968 13481 14903 16188 17459 17515 19474 21727 25334 25629 28281 28356 46322 47872 48359 49020 51197 53311 57759 65786 79466 81609 86514
3065 5991 6055 10924 12165 12427 12492 12688 14293 14752 15909 16917 22268 27097 27817 28223 29893 32972 36444 45136 49529 52387 66966 68749 72653 92593 134274
2495 3184 6981 7014 9677 10534 10861 11696 13125 13524 14377 15023 16323 21684 24467 25357 25555 25561 25954 28140 43087 47532 51288 62208 84067 149750 163020
462 2340 4773 4803 5209 6587 6733 9032 9145 12123 13094 19763 27019 27144 30314 32358 35697 37266 43846 47763 49671 63891 77611 89286 97452 100397 102884
842 846 2359 3026 3148 3193 3888 5774 8036 10932 13191 14145 15472 15977 18387 21857 22940 24833 27022 27790 41252 73945 84834 92057 95643 117883 160828
1154 2148 4574 5035 7298 8568 8833 9322 9502 15127 17445 19776 20256 24996 25897 25928 31488 32485 36765 38758 49759 58187 82962 90693 92318 98859 131485
403 1693 2436 5037 5136 9443 10557 12387 14562 17177 17494 18018 18627 23148 25922 30118 38773 45299 46043 48043 50013 55217 62551 64768 81879 96073 105116
590 1423 3693 3906 3928 5199 6061 13989 15214 15382 15797 16332 17019 17108 17139 18606 20089 43517 46551 47504 53367 68474 69309 77809 78164 113820 132033
1493 2699 3307 4115 4956 6503 8061 11883 11997 12934 14691 15912 16678 17162 17418 29219 29868 42577 49023 53212 65973 66702 76461 78911 83031 103431 124258
4413 4746 4775 5778 7190 9188 14488 16839 18440 19230 21607 24471 25086 28507 29555 31923 31952 32709 40077 44901 48993 50343 59988 64722 74229 87539 91088
688 2264 5739 5810 6975 7025 9120 10251 10508 14731 15219 24811 28230 30480 35700 36745 39079 40676 41070 43674 43692 51080 68362 80121 96635 100639 111843
1192 1694 2817 4538 6138 6513 8506 8631 8650 8989 16773 19030 23127 23938 24338 30969 32313 35582 43304 43926 54292 54613 61206 72022 86377 109145 124129
32 1290 2234 3366 3947 6261 6967 7123 7363 9389 14962 15669 15779 16268 23523 25938 29274 33296 35099 43931 67894 69295 72283 81910 87060 107082 113243
195 1147 2966 4594 4698 5977 8212 8435 10757 12303 13625 14123 18141 19330 21225 21872 23847 26639 27363 32847 33317 52657 79854 114544 114677 115473 117583
3666 3752 3887 5058 7556 8191 16329 17578 23022 23679 25017 25024 26395 26480 26705 28389 31463 33215 34168 38911 41805 54512 65909 70997 80254 82320 99858
264 532 1623 7340 8566 9454 16610 16756 18309 18520 20201 22426 26402 30379 31336 34530 34711 36957 38924 40300 47090 51854 62951 64785 69552 82373 105790
330 442 1089 2189 3365 3471 3515 9106 10388 11247 11361 16915 17106 25941 33850 44387 44573 44937 52819 60241 60612 62369 63653 64724 77723 81190 100097
548 3851 5354 6504 6594 9110 11548 14551 14981 18413 21436 22103 23442 25133 28481 29258 29765 37387 40926 51134 57623 62072 65973 71451 79573 86101 131726
1346 1444 2639 6308 8239 8695 13830 13948 17630 19947 20186 21300 21501 22578 22943 25529 25818 35783 37405 49404 50082 59244 59752 63164 87816 118051 133748
4585 6339 6728 7536 11632 13983 14279 14900 16251 16709 17487 19124 19159 19430 19709 22648 32155 34766 35663 42061 46538 47137 51734 57626 58905 119612 187389
403 915 2324 2875 4484 5062 5493 12374 12655 14409 16950 18079 22342 23605 26967 30330 33214 33683 39636 42579 43581 45859 63223 71583 76447 111412 169309
237 3216 3815 4265 6493 7848 7849 8083 14508 18820 20323 20675 23349 28703 29827 31120 39943 40514 45162 47129 56204 60950 63033 63310 95093 95320 110280
1129 2368 2553 5762 7233 11924 13049 13991 16846 20866 23026 23800 24356 28748 34363 37062 41066 44001 46680 48560 49957 54996 55164 60467 65309 82093 95667
42 100 324 419 690 2859 4570 5051 5961 7610 8296 12544 12608 14311 14878 21296 27092 29358 31887 33766 39058 50044 53860 74752 109439 117169 215538
734 1339 5030 9044 11435 11499 11707 12686 13661 14531 14796 16270 16485 18456 21657 25123 27093 30632 40652 41693 49250 64018 78763 81169 93276 102257 120224
387 627 2517 2931 4356 7744 8473 12334 15639 17070 19271 21001 21206 21908 22547 23932 25344 33094 34611 36799 41814 45711 74987 78988 102831 114767 118941
2844 4750 5148 6597 7310 7389 8780 8941 9414 12553 12689 15268 17665 21200 22153 27399 27644 39648 39684 45537 52974 57474 59219 76595 91379 109314 146565
686 1598 2704 4761 5567 5636 8980 10092 10220 12987 14290 14374 18000 18879 24482 27008 27961 31195 32405 43890 49126 50048 67249 92499 100368 117764 134532
904 2649 5227 5424 5461 7393 8487 14245 14624 17054 18205 21628 22942 23661 24591 24977 29340 32828 33793 44658 45936 46124 55102 55660 73091 139049 147985
654 1244 2374 2617 3570 5217 6986 7018 9495 9698 11702 12524 12633 12661 13462 21689 30130 36953 42330 59231 70299 79506 80002 87838 89112 90750 113264
3377 3851 8559 10046 10117 10321 10468 10804 12077 12442 13291 13368 15687 16126 28774 31386 34188 37147 38855 39873 43156 43888 49355 63417 64548 75006 198301
783 952 2521 7121 8073 9287 13008 14096 14170 15115 16731 20802 26128 26492 27798 28820 29584 30862 31472 47752 52739 70021 76304 77491 89976 90648 100395
1430 4088 6796 12113 12566 18932 20572 20760 21556 22821 23099 24956 25047 26206 28050 29941 30564 33562 33662 34094 40923 48407 55765 65637 69939 86703 94074
646 2382 3851 6960 7420 8129 12053 13566 15240 15721 18371 18957 27109 27646 28394 29578 30321 30631 42587 47280 49100 57044 61430 62243 65126 73282 158981
956 1528 1839 2669 3584 5489 7721 10371 10976 11489 15227 15970 22430 24417 27079 27906 28134 31667 43247 45350 53560 55638 62542 73349 96341 112514 150026
2171 4866 7464 9096 9679 9796 10121 17136 20636 21415 22467 23968 27211 27913 29092 29553 31604 34541 36050 37094 46724 47714 61596 70258 88687 89736 102838
188 1447 2027 5503 6563 6859 7027 9611 9839 12393 17970 23277 23590 26142 26719 26824 27504 31361 31384 35072 45151 46393 47559 89145 94351 118176 153616
285 889 1685 7483 8244 8472 9384 10420 10459 13827 14435 17316 17460 21301 24699 24932 35024 40452 42981 42992 51023 66716 78037 80312 87382 95131 114376
4119 4305 6200 6246 6356 8581 11268 11944 11974 12753 13709 15067 23997 30332 31657 34742 37467 38519 45196 49347 52030 55001 59212 76850 78859 96832 105482
1536 2514 2928 4087 4601 11158 13096 14590 16574 17437 18575 19350 22688 26199 27307 28980 29423 33451 47217 55157 55770 59093 62840 70958 81723 88565 118751
4887 6949 9821 11020 11602 14152 14598 14715 15760 17176 17558 18386 20488 21023 22635 26267 26501 28299 34596 39472 45365 53264 59114 68080 71320 91009 185447
1737 2841 4966 5454 10254 10665 10758 12764 13091 14263 20243 20794 23263 28387 33742 34844 36732 45427 46191 51621 58791 59878 62716 67969 71687 77639 77711
827 2030 2442 7151 12971 13180 13607 14913 14941 15069 16326 20726 22177 25260 27798 27978 34441 36831 41129 47698 49064 55997 71438 72422 81555 98200 99463
3197 5719 6023 6094 8163 8326 9522 9531 9788 10677 11384 12507 13423 14740 28120 29199 33629 36705 54268 55177 56781 63147 65375 74212 86175 110340 112112
1189 1364 1804 2503 6533 10197 10242 10875 12048 16449 19539 22999 24621 25482 29184 29206 30360 39234 40057 40623 61940 68395 72011 76909 87329 93862 114107
948 2279 3087 4029 4086 4279 5603 7104 7681 10837 10991 14997 17639 22514 25217 29449 30673 31027 34626 52021 56883 60182 71092 74989 102627 104087 135137
