1000 24 23
1662 3755 4572 4582 7386 7503 7796 10532 13958 14488 17336 20362 21821 22304 53453 55360 57117 59404 74264 97276 118069 152772 156006
5873 9032 11757 15933 16730 18979 20023 20176 24023 24317 33519 40765 43739 44276 47763 48760 49974 52004 58987 61434 76272 99097 159426
1407 3191 4261 10350 11823 13876 16634 25378 26779 28029 33727 39705 43605 45769 46264 49206 64815 67217 69110 77901 98658 101218 103371
2060 2272 6939 12815 14250 14857 15521 16790 16943 21005 21962 22976 24913 27633 30240 34278 41211 80210 91741 94442 127778 129954 138336
2301 2400 5493 5941 7039 7343 8951 9151 14102 17351 19261 19992 30702 37594 47731 54895 58834 62050 80036 106064 116651 121239 144041
3817 3968 4248 6142 7544 12692 24253 27071 28129 28988 39482 45349 50192 56964 59000 61922 65354 70167 72293 72489 76836 78209 96193
3986 4402 5166 8737 9516 14675 18984 19040 21733 28478 29402 34606 48582 48802 54711 55149 57453 64455 64664 92542 95937 98757 111983
155 3905 3963 6401 9679 16939 20313 20419 25129 27551 30098 31283 37500 45785 45888 46706 50484 60393 60994 71315 86237 129419 156561
306 1277 7218 7892 14469 16259 20764 21377 26060 31734 34483 40261 42620 42717 43446 47324 50605 54067 55731 64362 111943 117321 134386
1301 5405 5414 5573 5790 6416 6950 14636 19876 21957 23200 37660 37851 42681 48180 49376 50946 60917 72506 75236 90458 109203 196514
1471 4420 4963 10286 14013 15237 19097 20785 21635 21641 26014 27545 30131 54820 56430 58818 66587 72215 75959 78911 79075 100885 127228
39 2986 4024 5022 5233 8610 12534 13186 32334 39036 42692 46672 51694 54319 64089 64307 67078 67752 71867 74881 78781 79536 100489
745 2108 3418 4856 10996 13272 13897 14064 18374 26409 28790 42194 44794 51232 58814 65068 73581 74120 74819 76164 79346 91494 110644
3415 5351 6925 7942 8032 8311 12073 14154 23554 31503 36937 38284 39210 43683 61593 63147 64149 65735 72450 78471 86655 87196 121014
1122 4018 6803 7251 8483 9206 9655 9753 14091 14755 25368 27688 33155 36519 36871 37813 40336 52250 101043 116082 120969 123055 153518
353 2398 5291 5604 7418 10061 10684 14322 19465 20583 23371 27387 32039 38219 39207 41599 46430 57732 78626 97129 97737 108170 207359
1869 2292 5338 7160 8206 9900 11019 12589 13428 17684 22937 27727 29151 29378 30142 47998 49839 52836 73077 74078 131416 152279 170816
1627 2487 4481 11141 12507 14374 14875 20148 20319 23456 23649 24414 27068 28831 48409 50885 58042 68177 68603 88747 99760 119530 147075
2476 5585 5852 6555 6814 8780 11623 13809 22144 30006 31946 32743 37020 37132 53032 54733 58878 66875 70250 72182 73247 97443 181317
2672 4202 6421 8285 10798 14651 15366 16246 24077 25813 25870 33676 41180 45254 49218 51408 54128 57278 58999 80744 86985 113472 151036
6304 7725 8018 13851 15561 16687 18215 18335 24010 24715 33042 33678 48457 48467 52319 55136 73075 74074 75265 77430 80386 86922 87185
1203 4360 6766 7031 8413 10459 12193 14326 16730 17565 18867 23975 27044 38482 45356 47874 49210 73733 86574 89144 91453 132065 168582
2286 8127 9737 14722 19800 20089 22322 22391 23434 24149 30521 31734 42870 46200 53815 56354 56589 63417 67636 77403 79164 91183 117930
4011 6951 7269 8149 9704 15209 19499 25089 25277 26782 39053 40459 44595 45971 48705 49704 51464 52129 56033 90400 97678 99734 126916
