1000 18 25
644 1677 3017 7536 9016 9208 9512 11086 11197 20377 24040 25007 29609 30350 32039 33020 36476 48267 54796 57218 58078 78095 101925 119231 167653
2119 2456 6760 9783 15390 15857 16423 17948 18896 26607 30708 34734 37139 37578 42811 44995 45904 57618 59976 68548 76281 76555 78027 80811 81349
1317 3299 5030 5677 6139 9390 9783 10314 11553 12242 13515 14352 21521 29089 33315 35390 38740 43247 47856 51304 71985 108130 111175 135573 145727
1827 4228 6753 7147 8721 11340 12497 12977 17888 18302 18800 26610 28223 28429 35885 41944 44882 47348 53574 54933 61121 71686 108290 114119 143473
686 4116 4683 4845 7417 9736 13880 17458 21027 24062 32027 32371 36907 37793 38465 39309 52629 53338 55207 59387 63948 76099 89865 98884 111410
416 1031 1188 2863 3955 10762 11461 13392 14984 16208 22116 26119 34407 43257 51437 52313 52528 57616 58842 64566 67595 70826 72938 100567 131136
639 1248 5638 6979 7829 8320 8731 15668 19463 21604 23584 29292 31917 39771 45987 48069 50934 58088 58766 59976 67873 68923 73149 73763 151723
1193 4682 5897 9726 9869 10592 11748 13839 14339 18985 19500 23701 31905 31968 34696 35205 38100 47459 52339 52758 93374 98171 99250 111074 114334
3929 4385 4837 4940 10436 10625 18186 23320 24459 27086 27288 28950 33845 34380 35128 39303 41647 56881 59926 60696 62064 62219 65717 99674 134046
475 3788 4569 5844 7577 13572 14539 17219 17267 19512 20000 20868 23397 25336 28583 33034 50576 54927 56042 65423 75214 80660 90121 91463 157835
1270 5250 5986 6618 8440 13057 13685 13738 14750 16157 17234 18503 22912 26737 27260 33724 37551 72808 75544 75766 76763 79575 85161 88115 140942
2271 2853 6976 10823 12064 13483 13800 17896 18195 18724 19625 26183 27021 30305 34283 38595 45190 48735 54267 58315 62683 72062 77156 121070 149118
712 2607 3500 5598 7281 14767 16108 16709 17027 19774 22517 22883 28640 33428 34308 34633 42070 52881 57099 57735 59674 85041 90871 110127 145678
1212 2964 5401 5809 8299 8885 9739 12765 13078 13783 14136 14402 15043 22895 26084 48638 56568 56576 62460 83105 92386 95261 99045 102919 117088
2965 3303 3812 3997 4245 8877 10313 12466 13171 13537 16739 24397 29528 33910 37808 40455 40600 43808 45518 55102 66547 79590 86323 103321 203700
3333 3508 9260 9487 10645 13822 14238 16133 17930 23345 24271 30176 30833 33092 35199 35749 36848 37496 52353 55192 55767 94782 98388 105714 142343
1120 1650 2478 4129 4785 5440 6801 10208 11872 19283 21650 22505 24918 31609 35536 47041 47522 56085 61596 66999 76781 84592 104054 107640 126362
330 2388 4141 4315 4405 5125 6693 16721 18841 19314 20152 22046 23185 25296 26356 30040 44312 45733 54066 58178 93715 98785 106823 116354 132370
