1000 14 44
17 354 1280 1347 2380 2437 4281 5705 6254 7354 7495 7837 8070 8288 8459 9080 9342 12521 13001 13237 13775 15145 17789 19825 21033 22826 23961 24441 24593 24851 24934 24941 27628 28081 36316 39310 39579 40124 40476 40727 46510 50049 54081 65719
462 503 1148 1378 2053 2265 2468 2488 2508 3271 3295 3999 4155 5022 6394 6410 7394 8387 9471 11712 14480 14624 15225 15923 16263 18621 23266 24227 24780 25240 26287 27908 31315 32948 33279 37808 42921 43600 43968 55586 67798 73187 82825 82942
1143 1748 1988 2265 2674 3395 3567 4767 6902 7033 7231 8335 10009 12011 12491 12626 13649 14227 14269 14272 16115 18408 18625 20755 21044 21328 21813 22405 22848 23946 25274 26278 28349 30928 32652 33931 37085 40873 46557 49678 49807 50006 51107 71471
229 593 600 2826 2830 3443 3530 3784 4925 5528 6286 7079 7406 9078 12382 13848 14227 14648 14772 16462 16489 16577 19728 20142 21387 22969 23154 24106 24862 25030 25831 28645 33316 33637 34214 37836 38244 38991 41189 41808 43596 45442 53570 81625
372 1133 1423 2814 3257 5224 5651 6007 6734 6826 7175 8731 8946 9522 9725 10330 10577 12304 12404 14180 15028 16083 16639 18625 19578 19781 20971 21042 22429 22595 25607 26713 31843 31877 32084 35752 36280 36625 37821 48943 51464 57705 58694 65083
809 1034 1672 1882 2752 3206 3418 3901 4937 5505 6819 7202 8173 8521 9147 9187 11459 11997 13204 14307 14738 15612 17362 17440 18663 18755 22126 22258 22351 22497 23973 26405 30072 31534 32084 32586 32881 33763 38122 41606 56086 70360 73058 74396
157 351 990 2233 2235 2624 2703 3802 4913 5080 6065 6534 7043 7100 7205 8609 9586 9653 10045 10744 12576 13468 15064 19709 19980 20816 21005 21975 22288 22896 23126 23453 26978 28236 28748 33428 47291 49159 52920 60958 61459 62877 74891 86951
201 256 3042 3149 3390 4552 5409 6381 7320 8028 8459 8496 10607 10900 11098 13582 14064 15768 16216 18241 18538 19698 19916 21791 22339 22344 23151 25480 25652 26259 27982 28750 29587 32889 33261 33870 36627 36887 39930 42119 43246 45323 46531 47231
1057 1769 1814 1891 5270 5616 5915 6228 6467 7654 8650 10562 10935 11033 11043 11715 12502 12580 14094 14391 15520 16015 16252 16368 19039 20350 21109 21766 22449 23894 26057 29524 32188 32478 33444 35735 37146 40984 42629 43583 43624 46598 49963 65086
1140 3436 4106 4261 4645 4873 6040 6075 6090 6961 7406 7522 10450 11444 12177 12217 12370 15666 15849 17238 17450 17553 18095 18130 18897 18936 18936 19596 21333 22579 23522 26285 26780 27117 27344 28114 32600 33123 34803 43840 47704 63033 63148 63935
651 753 994 1211 1281 2923 3194 3529 3594 6133 6208 6461 6481 6799 7559 8923 10247 11177 11185 12452 13332 13910 13919 14624 15138 15528 16521 17979 18347 22281 23542 26791 28862 29084 34434 37169 40581 47953 49537 59405 63985 72912 78213 91444
1632 1913 3397 3911 4355 4599 5719 5989 6263 7545 7785 9775 10047 10091 11360 12724 12959 13471 13687 13861 14414 15803 17269 18321 18422 20841 22955 23228 24551 25647 27115 28268 29287 30065 31774 32217 32766 34754 38190 45573 54020 61567 69120 84588
324 347 1415 1837 2743 3057 3079 3135 3885 5728 5952 6029 6845 8431 8604 9375 10143 11662 12399 12819 13195 13942 14334 15184 16747 16816 17108 20661 20881 20900 22506 23121 24288 25096 25546 26580 27501 35722 40739 44191 51497 55678 131778 138315
571 1273 1318 1430 2065 3014 4316 5105 6002 6502 6508 8056 8328 8577 9230 10078 11208 11762 12401 13444 13520 14627 16455 17259 17677 18135 18659 20219 22669 23026 23332 23731 27436 31174 37395 37875 40360 40994 42278 44972 61996 62382 77665 77991
