1000 44 5
1183 85689 98055 154669 517834
6800 11583 222693 229161 367100
22913 49077 180234 206562 368469
24998 124718 139332 236335 395098
55985 166274 213558 214563 255200
97833 146460 165037 175310 304320
26157 60488 104170 204583 435720
66344 77385 191583 247212 301349
33931 125401 145347 178225 407032
26948 72562 104005 180504 452865
7540 112259 215343 249144 345546
26803 29653 70645 270908 474651
9248 24953 113768 199535 471932
35960 64271 159669 204166 402453
12228 68113 98424 172091 535146
18430 61059 84492 225299 496466
17720 27919 58641 65970 735083
3511 13593 98077 207951 566957
19022 71139 117318 249983 416596
48879 57707 190076 251100 323218
91073 148159 151771 181566 260216
42849 51097 116314 319118 388333
46916 104932 106898 193339 442867
51955 75308 115326 255771 331530
3291 20899 191760 260019 348313
15357 162587 166264 221431 310606
7594 33210 190587 230749 359323
63401 77052 117328 246519 364401
21668 77436 216945 219284 365213
32921 107193 131441 132001 512533
2268 62200 71792 212620 524144
58029 58039 110540 324878 368784
59373 97733 115187 152730 388587
10994 47285 185171 268521 385810
4037 28767 182636 249536 435721
42339 71068 130447 228136 375178
39586 44257 177899 184498 423855
26956 114544 121014 241995 337506
6276 22422 25262 117346 645433
22420 37276 114381 157266 545417
10623 120735 160514 219759 331460
1835 3363 21150 183105 627253
8973 107128 121760 305464 318456
7908 31110 160920 164020 521270
