1000 44 25
5370 9595 9637 10136 11187 11962 13541 14172 17197 17674 24501 24517 36520 40529 43417 45287 48571 49612 50440 56474 58770 61399 65450 85400 108568
584 1382 4381 6535 7289 10129 10957 14094 14291 16456 16991 22756 26129 27173 31363 35800 36750 48556 50776 57169 61592 102138 108182 108309 120787
3562 5663 6825 8473 10692 10814 11451 12133 12184 14202 14327 20497 22264 23398 33184 35445 35624 42071 47294 54175 75718 82428 86004 95031 176972
1757 1935 4270 8508 8659 9157 11378 13452 13898 18113 20964 21660 30443 31345 38491 38635 38897 41750 44327 68212 72923 96782 97583 110016 118226
2885 3192 3376 3712 4233 6557 15379 17555 19799 20320 23919 29126 33319 37752 44607 57331 58783 61773 62383 64309 64678 66466 73526 87799 98859
5659 6136 14215 14431 19423 20067 21498 24048 29051 29440 31957 32221 32510 36854 38366 41909 45552 45579 48172 56907 59747 60731 63146 91679 94826
334 2590 4128 10166 10582 11239 11316 13570 15903 16857 17130 17992 19770 24848 30129 35789 38522 42187 43421 49857 62353 62877 98842 125536 135591
466 2991 3751 6417 7446 9924 13463 13548 14433 18172 24904 27558 30820 39178 40101 40725 41487 42680 45510 56808 62670 64696 79257 84588 135389
982 1954 4043 8693 10642 11312 14345 15636 19465 20066 20610 22179 24515 25435 25891 27035 32601 37532 67063 76613 81916 84859 89233 98111 135503
98 1369 4940 6154 7343 7993 12412 13661 15036 16474 21073 21624 29099 33935 34773 36131 44670 47571 50017 55594 74838 79398 97965 102560 110234
241 2346 4800 5548 8122 8911 9039 13650 14094 16461 27864 30058 32175 36337 44516 45137 46404 51143 57847 64467 71776 74855 76709 89793 94645
1135 5543 6412 7873 9897 13093 17123 18556 20600 21471 28782 29334 34058 38988 39142 43008 43196 45090 45799 49645 50563 52597 52622 86749 204341
621 812 954 4664 6619 6998 7988 8096 8285 8418 10098 16436 23022 27228 34290 34575 34663 42202 49360 66723 72374 87249 106056 121220 124664
88 572 4246 5258 9016 9222 9952 10379 13452 17187 21103 21408 25609 26476 26503 31044 33539 45181 54386 56678 70063 82032 108273 116244 146182
3298 3787 3878 4363 4978 8211 10003 11479 19217 24253 25607 26089 27732 28349 28908 30951 35146 47382 47935 57114 58539 83426 101664 109823 119533
2994 3521 5869 5905 14155 16499 20846 25322 26806 27290 27510 28544 30241 32364 38034 40996 42516 42516 46262 62364 63089 64361 77491 96660 118061
1960 2586 5921 6541 9638 10663 11669 12530 14635 14931 15032 18828 21475 23671 26448 30519 35122 37450 45218 46110 66461 87863 99731 100774 194556
32 1589 3293 3643 3666 3728 8777 9570 11530 11604 15751 16826 18210 21148 27796 38750 39735 51187 56427 72260 96023 97152 103191 115975 127035
2391 3401 3652 5105 7349 7922 10380 11257 11258 20527 22986 24113 25512 26332 29992 30491 32798 49605 51110 54139 72222 79406 92093 108141 175270
519 719 758 869 2962 8225 9755 9923 11165 11175 13736 16763 17081 27704 37845 38734 42619 44533 51552 63421 92543 93213 104630 106645 116397
536 2069 3659 5051 5807 12086 16081 20848 25543 27022 29492 29681 33216 34197 35184 36129 37500 42684 44781 47295 59717 76576 100599 116302 117305
195 469 1713 2971 6152 6393 10886 18780 20415 20754 22133 22158 22262 28216 28218 34125 42444 45786 48136 53036 66992 72385 98395 105079 122134
868 1381 2624 3193 4439 4480 6390 7251 7771 11816 21158 21179 27868 31342 42814 45462 48907 51740 54984 70878 78558 90361 97329 98682 112034
1079 1559 4408 5240 5904 6092 6715 6760 7007 12109 15978 24573 30321 33969 39381 44633 45631 48766 53635 54305 65446 72406 100483 116006 158609
1613 2790 8902 13277 13609 15478 18515 21842 22670 26874 29828 31354 32632 33501 34010 36253 40377 45508 52055 52604 64497 66739 82364 83257 96297
1592 2959 4511 4948 6632 6741 7381 7873 16647 17828 20296 21177 30482 37887 41586 43126 45532 47297 48289 48643 50404 79291 83331 116947 164010
501 2091 4976 6037 8334 8881 9029 9065 9341 13605 14314 15207 15684 15810 17442 22248 23407 31164 33942 51756 63914 74875 78475 120465 279160
1727 1733 2846 3422 3694 6831 11729 11895 17948 25947 26282 30723 31289 35955 37106 37564 38378 42034 56793 62861 67811 70170 94939 102025 120816
4664 6615 7135 11851 13595 15964 19683 21347 23791 25415 29626 30896 32097 34869 35029 35625 36679 45388 46424 57706 68833 77395 84514 90371 96329
1472 3732 5183 7191 8674 9147 9373 14394 14786 15980 21159 21733 22728 35158 37509 40528 44542 45203 50149 51592 62055 63797 70676 121046 141443
963 1047 1277 2341 2950 4097 6579 6729 13911 18043 22592 23079 24726 26409 26590 29109 34429 49213 53268 81211 90490 90659 98174 116611 133568
4034 4288 4903 6684 9821 12792 15893 17933 20846 25245 26793 28443 28774 28942 36337 36409 36982 41682 42607 55397 58662 64583 71116 96578 158256
208 1449 3037 4143 11844 12368 13698 16449 18016 20177 20627 21656 23815 28262 29444 29786 30138 37935 38059 38234 50262 78109 95119 151076 171896
1999 4518 5935 12000 16029 17510 17590 18493 19162 19522 20344 20696 22132 40233 44911 45360 51769 53665 56152 57705 57889 78123 79522 86257 101040
2278 4212 5028 9068 10462 11132 11383 13606 18554 19108 19172 21685 27692 31225 32198 33581 34381 44850 45405 48050 72200 88385 92950 97339 132900
14 1065 2969 3145 5730 6035 8187 13395 13909 14387 14519 21542 23163 26375 41348 41783 45201 46134 48433 58341 58735 75691 83895 96606 195909
5263 6197 12020 13279 13532 14151 14380 16028 20246 25718 27231 28716 29598 30512 35496 36934 39128 40690 45972 53104 58655 58762 80047 89202 115864
13246 14260 15937 18114 20310 20392 21306 22851 27428 27595 33024 33806 34822 34929 37628 42021 42145 42152 43478 45706 50237 67412 69760 77031 77987
379 2140 4890 8877 9431 18817 19145 20063 21694 21830 27802 29910 32145 34575 35738 41264 42692 45113 47358 55636 58671 73651 85991 98371 127240
1619 6438 7022 7571 7679 7815 11124 12668 12773 13764 16448 17674 17813 22743 25388 28186 34217 38959 53868 59361 68954 76183 96582 105484 189075
859 1349 1409 2490 4083 4682 7410 9329 9833 13300 20239 22265 27006 28993 32763 35495 43218 53717 57591 60537 63056 63737 82485 96267 197462
1358 1611 1804 3102 3917 6342 6997 12194 15193 16950 17930 25603 31188 33786 38405 40043 40751 42958 45660 47260 51322 74525 94812 147916 157137
157 408 3288 5912 7893 8083 9196 10119 12149 12602 17877 18824 22790 25682 37211 38856 46050 49508 65579 65696 70003 77125 87693 112718 113570
750 2645 4154 4820 6708 6994 8741 10337 13730 17726 17791 21619 22958 28889 30815 43475 46483 50663 58016 58107 63655 94220 95939 110596 122565
