1000 17 33
1176 2416 3089 3481 4419 4642 6051 7386 7885 9957 12161 12840 15777 18679 18790 20233 21464 23474 24475 29222 29775 30161 31609 33608 40557 44706 49853 52828 57896 70073 71468 100876 108301
3281 4427 4695 4978 6063 6117 7629 8309 9273 10402 10967 13243 14517 18145 18691 20650 21338 21877 22111 23059 26550 33403 35199 45414 45899 53888 54411 58851 61270 69039 69634 77079 93821
219 3224 5208 5241 5504 7794 8840 10164 11327 11340 12493 13435 15101 16208 16473 19677 20007 23971 25912 26913 28993 32179 33236 33877 34073 37397 51129 53958 64570 70424 85702 92065 103414
275 952 3004 6157 8054 8615 8902 15481 16548 16561 16945 17410 17418 17663 19458 21138 21486 21710 23469 23677 24524 25428 27416 29308 35623 44936 50346 56981 61048 61622 67334 85246 130668
712 1268 1906 2464 3480 3898 4089 4771 5230 6338 12110 13397 15449 16000 18254 18426 19403 25266 26115 26558 29800 33863 33901 44869 45182 46383 60695 63420 65682 70364 71141 82612 96386
646 746 942 1992 2118 2780 3411 6166 8463 8530 9550 14048 16277 17204 18187 18255 19737 22265 24316 27266 28082 31485 33294 33660 36012 37227 43713 49837 53404 56274 63260 102165 176405
1148 1270 1752 2230 3005 3210 3726 4434 8112 10838 12712 13780 16384 17500 17954 18338 19095 19354 19602 21161 24654 25482 33611 46136 46397 47716 53913 56362 57667 61791 75330 108646 130674
1811 2261 3361 5748 6159 8010 8406 8724 9636 11532 13113 13131 14741 15523 16180 16515 18312 23363 25015 25612 36032 40414 42600 45190 45397 46994 48398 51079 53716 58675 69547 77081 110825
768 6332 6605 9800 9986 10011 10052 10919 14754 16425 18885 22627 22836 23000 23254 24005 26427 26639 26833 27764 29136 29598 29961 35289 38255 38749 39598 42342 47044 62296 72008 72126 96936
4091 4266 7551 8663 9601 11052 11526 11642 13125 13284 13711 16149 16862 17693 21118 24309 25303 25605 25611 26326 30453 31470 31833 35109 36797 44470 45618 54073 54147 59983 61432 78686 103015
1100 1287 1874 5407 5901 6230 7492 7753 8294 9031 9295 14284 17038 17838 18899 20064 20176 21010 21416 23294 26674 26943 27995 33392 33898 45922 56108 59981 62154 80333 83452 90628 121227
300 956 1384 2146 2244 2508 4553 4908 5585 9202 9539 9650 9937 12020 12285 12805 18475 19265 26722 31530 32295 36201 36323 38497 38869 43594 44124 44818 46675 56623 68790 75213 222447
28 328 514 816 2138 3635 4468 7348 7517 8100 8166 9835 10255 11396 11656 17315 17487 23745 28036 30642 32123 32493 34651 37252 37573 46185 64216 66833 68770 70348 77962 86852 116775
874 1420 1931 2006 2666 4902 4931 5085 5166 6450 7276 8315 8824 8908 12009 16832 18375 21507 23042 23711 28223 29089 29549 32994 38530 42811 65289 68466 70227 74973 76400 89547 132493
769 1023 1253 1651 2368 2653 2901 4261 5618 7209 9177 13150 14613 15528 18118 19869 26091 26445 28066 30501 30925 38854 41936 42015 42679 43289 51314 54050 54654 69561 82442 97655 106037
1054 1190 1517 1558 3950 4876 5528 6823 7028 10812 13724 16772 18486 20975 22059 22336 23220 28255 29331 30753 34751 36081 38214 38814 39077 39300 40921 47149 50738 78934 80740 91637 93665
103 1275 1492 1582 1734 2912 5649 6802 7078 8468 9299 9907 10067 10775 12335 15215 21436 21504 22592 23053 26017 27887 32607 36907 40733 43582 45221 57226 60331 61620 73228 103493 165388
