1000 29 15
1738 11914 18296 19135 31445 48139 48878 54155 67525 71126 83777 98841 111572 122684 132064
2111 12776 20174 25548 27633 30876 41655 48215 56596 60125 63971 65338 101842 159228 192651
5522 9764 11226 11529 23883 44324 49225 56776 60062 68239 69686 96468 131185 149273 158020
4007 4298 5275 8620 19006 22831 26131 27647 27652 54258 87883 103094 132947 199249 207311
726 12842 23310 32870 35559 42164 43111 45607 55020 68469 72761 73546 89306 143656 188605
6166 9368 13179 19843 22693 23420 23870 24937 37018 44963 61822 91055 98063 165081 285231
2123 3786 24881 29182 30229 33577 37844 46832 68092 75697 79133 85474 90572 124809 214748
228 1333 1728 5017 14735 21389 24896 28730 44549 85023 94650 118500 145000 169677 171065
1583 6737 7993 14486 19077 32434 37860 40126 43069 44542 75727 110804 115320 176163 235604
8360 10530 19109 23563 35773 39491 39567 56596 63764 67007 78050 86112 122853 145490 150221
684 23935 25415 28716 29167 38289 45789 50184 50665 68431 69340 84965 112036 141688 147959
1576 2057 5168 8266 11385 14240 16608 28295 29708 66012 67890 123519 129605 172274 249403
9179 15049 22456 34426 41475 49292 49920 57827 60844 75713 83569 86634 107075 118382 146121
2540 5963 8839 9389 13538 14693 41416 41752 54983 76472 78812 95796 130893 142352 224365
1179 2290 15872 16759 18053 35706 37902 48973 59234 69012 74734 105006 120817 133116 177970
726 1457 5813 10557 11973 18373 25742 33085 34585 55639 71046 85430 127947 189577 257325
3470 17465 19251 19806 25524 34698 38065 61380 67942 73558 76641 87275 122251 133090 140747
7869 12550 13062 16859 34736 35989 38168 49810 62236 65784 74443 87240 93145 127604 191240
2820 5533 5727 13706 20881 24865 33560 35352 40512 71761 85589 114091 126209 176649 180672
2162 13617 16226 19191 24299 30336 52919 61939 65769 71089 80948 102634 120463 120517 176508
340 4263 16050 16614 19899 39487 43846 50888 51457 53035 88236 119782 145957 146935 151622
4455 6075 8062 11060 16876 27643 32672 50736 57557 67343 76817 107101 109707 123610 209436
4689 6857 11881 17605 18615 21390 25899 26716 32519 37013 77442 86131 131535 217518 218947
4637 7238 13717 23762 37283 40929 44241 56850 58070 73543 91610 92443 110540 123295 131345
1508 2330 2967 11756 21038 25574 29196 30661 48198 66315 93207 112959 121397 153242 237048
2342 2713 8444 25232 25727 29025 36006 37183 49986 68989 77350 128162 131556 162682 169279
18271 32137 33039 33055 34453 35617 41573 55001 57980 75520 82782 85403 90663 121916 136353
9063 15121 15235 18396 26910 29189 32417 33142 33272 37167 67900 91202 114547 121729 265707
4339 12129 17375 27675 33906 35050 36305 36635 47292 48176 52511 78706 94620 120115 299379
