1000 24 16
334 3537 6542 21128 27903 33197 33439 39764 53313 56492 65608 66671 83865 89620 116637 202326
143 3655 4107 8768 8861 13051 13767 15510 43792 50723 68914 78782 79228 150873 152901 179083
2610 6408 10096 11942 15336 21259 21594 42081 47181 62000 64002 69999 88273 96397 154220 168922
2662 4631 10389 10462 10660 16033 19840 27947 58237 64959 70286 91050 91884 101439 106425 166249
7328 16188 24044 27181 38947 40756 48989 51371 55456 57077 66756 68457 71583 76066 76794 126614
12807 13190 20823 23828 32633 34307 42220 47234 49885 66128 67046 76216 84615 91881 95402 98840
2025 3251 5344 5789 8755 10756 16222 29116 50332 70683 76018 97032 97804 101113 160561 190781
152 1643 3226 5154 8409 17747 18002 34560 38592 65785 72215 82469 106994 138499 164009 172331
1267 3062 7881 15414 17273 18456 19253 23611 33997 50871 59012 61185 76533 92774 173830 177250
1464 1541 1644 5555 6109 18433 21486 32503 38564 40979 63660 64303 65597 115681 167356 199094
4102 5337 9432 11032 12325 12818 14076 17122 22623 33695 38246 39512 74498 153041 180188 247635
2687 15474 15531 30066 30371 31243 31887 41202 42984 50098 57331 86196 89214 97449 101781 206915
1056 4360 7974 16809 24656 24783 25260 27456 35782 44992 48750 55226 99199 135875 136624 141326
1228 9948 12684 16463 20001 27910 29422 32026 33136 50952 56546 57471 81854 83439 103570 268638
821 2300 4669 20456 20529 26575 29166 34565 47962 51389 59134 64714 68122 82044 103867 216211
1539 6151 11765 12999 13882 16928 40510 43797 46700 54536 64943 83274 113423 116531 141817 163299
809 1995 5335 5800 9249 12558 13069 18708 31948 43268 55174 84708 105665 133001 134918 203278
342 6224 11458 13255 18853 21444 35635 36045 36445 47275 52215 73179 76748 120416 133530 240244
6823 8166 9407 9921 11394 11488 36805 50748 50933 63848 70424 70478 89890 95400 138175 160561
3674 3977 4167 17247 19580 21094 22960 25540 41516 42527 44906 58740 92915 127575 132570 176967
11612 15975 16006 17227 25561 29123 30038 32346 33491 37280 39777 65474 76136 89802 172982 176718
1318 1891 13888 14301 15629 21389 22764 25836 27502 27964 30192 42798 81130 141151 166392 216691
205 4617 5200 7428 9320 16327 19136 21133 34704 39305 64651 92436 111208 116435 120532 279758
363 8542 14680 15345 15775 19631 26169 29423 38144 52505 54851 59404 93587 96888 142142 208689
