1000 36 35
1433 2423 2810 4413 4592 4610 4771 6599 6607 6857 8475 9526 10049 11943 13252 13278 13876 14402 14599 15832 16018 16248 16434 20264 21354 25377 26722 27781 29518 34172 48200 51798 51926 56341 72747
932 2542 2905 3313 3352 3648 5167 6714 7853 7896 8832 10101 11837 13075 13329 13968 14369 15995 18158 19789 20002 21333 22927 24030 26331 27308 29162 29778 30708 35880 41049 46353 47509 54917 96177
697 1424 1780 2464 2762 3984 4934 5263 6072 6618 8802 9550 10626 11207 11386 11505 11534 12574 15711 17623 18125 20322 20691 24019 24274 25181 25251 25943 26216 37467 42135 50967 57418 75508 77604
1195 2268 3459 4596 4706 5598 5625 5920 5937 7323 7364 7821 9263 11228 11946 15584 17371 18658 19162 22425 22559 22684 24905 27295 27548 27897 30955 32258 33004 40178 44842 59102 63965 73467 77883
358 1368 1455 2286 2352 2542 4417 4463 4615 5387 6248 6306 6698 7451 9587 9675 10852 12934 13745 14379 15262 17544 20098 20390 22031 24444 24545 26562 27216 29418 35977 37821 80594 85186 108299
358 827 1437 2337 2591 2901 3367 4085 4390 6038 6201 9050 9814 10186 10191 10216 12681 16039 17487 17636 18356 18422 18908 19070 21005 23053 23407 27736 33968 40619 42237 43599 48278 61559 74643
159 421 433 1188 2891 3284 3705 4370 4553 4826 6432 7193 9657 9740 12376 14006 14031 16063 16418 18462 20826 21435 21797 22540 25655 28028 28303 28624 31044 33398 39672 40189 43731 48427 59880
697 739 1047 1909 2733 3853 6080 7322 11105 12476 14392 14467 15070 15504 16343 16690 18951 21412 23941 24058 24817 24848 27175 29484 29979 33288 34170 37844 39913 40991 45353 47150 48468 51747 95612
1184 1260 4849 4911 5458 5820 6945 7032 8068 9418 10115 10308 10375 11037 12963 12996 13248 14789 15749 16728 19240 22734 23598 24978 28511 30109 32712 33148 43973 44170 48828 51971 55965 67157 100637
8 1452 1820 2202 2255 3168 3314 4142 4522 5211 6247 6558 9259 9970 10034 10580 12329 13566 13588 14844 15693 16938 17403 17989 19904 20856 27865 28360 30215 45242 46025 47679 57911 62174 89860
700 1231 1401 2885 3104 3149 3496 5024 6745 6871 7723 8845 11253 12297 12477 13934 15059 15317 16868 22619 23589 24661 30141 30529 32419 33915 35290 36605 39415 46325 50113 50641 57169 58829 93985
66 160 1489 1774 2756 3029 3755 4557 5032 5537 7373 7522 7884 9246 9281 9473 9560 13322 13425 17991 21377 22136 23925 26899 30376 31317 31976 38440 42453 45317 54834 56231 59602 62811 103705
818 1167 1642 2075 3270 3363 3397 4217 4882 7698 8558 9097 9381 12249 13585 15734 16355 17874 19769 24342 24654 28287 29785 30096 30149 32525 32895 34529 36840 36889 40222 48653 49100 69879 121454
49 1195 1634 3540 3639 4050 5424 5732 6157 7292 9228 9400 9500 10552 10697 11764 12820 14329 14576 17001 17654 17762 18488 21781 23028 26004 27818 29087 31877 34557 35537 54360 60502 70128 86875
659 836 854 2427 3520 3666 3859 4101 4575 5850 7459 9625 10249 11003 11937 15028 15363 15583 16108 16896 22402 22604 25772 28157 28413 30961 32901 34174 35107 37131 44586 47931 55971 56498 72426
821 1921 2054 2390 3076 3546 3657 4188 4487 4566 4846 5723 5885 6205 6590 9127 10708 17797 20231 24800 27400 30976 31440 32936 33916 34207 38807 44361 45654 49643 56847 60243 63399 77586 87411
1232 1781 1783 1803 2083 2092 2110 2778 2919 5519 5545 6192 8308 8351 9869 13083 16338 16895 17060 17099 18744 21241 22355 29232 29621 35399 38195 46400 48078 50940 61304 64238 64692 81183 92687
168 2296 3088 3348 3592 3918 4969 5662 5812 5912 6562 6982 9319 11397 13132 13853 14203 16638 17618 17862 19380 20691 20772 24384 25785 28682 30857 31031 33431 34775 35407 42541 61769 67895 77790
41 324 1101 4236 5115 5434 5767 6049 6197 6580 6701 6825 7517 8065 8680 8756 12336 17514 18174 18505 19913 21953 23480 25415 27613 31077 31286 34461 36466 53151 54073 63790 64761 67422 81962
148 215 781 1105 1401 1452 2550 3005 3434 7552 8418 9102 9249 9909 10638 10931 12430 14289 14838 16259 19546 20722 27101 28171 28180 28830 29467 30466 32892 37548 42444 44905 48928 51744 84836
673 822 835 1345 1416 2148 4223 5449 6551 7168 8945 9296 10102 11060 11220 13003 13441 15095 16564 17756 20185 20484 22100 22751 22859 23118 31067 34037 36508 39826 43615 46855 51400 60184 80560
592 1098 1362 3067 3252 4547 5091 5660 7714 8620 9600 9770 11412 11645 11918 13280 13378 14093 14104 14247 15004 17676 18551 18657 19413 20392 21119 24888 25903 37238 41116 41531 47016 138683 146668
1109 2033 2711 3445 3676 4405 4608 5146 5734 5900 6198 6900 7128 7650 8232 8521 8730 8802 10049 11392 11936 12096 13840 14893 17064 17409 21225 24648 28126 35626 57260 59780 63038 68823 85892
501 914 1326 1469 2429 2525 5904 6265 7272 7516 8105 8686 9997 12867 13175 14871 15483 15905 17906 17995 18410 18835 20863 23934 24990 26329 26812 31218 32147 46641 47166 51276 60445 71624 80300
1246 1491 5219 5484 6107 6754 6900 7438 8542 10395 10498 10750 12236 12647 14335 14673 15009 15745 15770 15851 18417 19680 20837 21819 27999 31704 36968 42130 42387 50281 51324 60842 67188 74891 78502
698 3466 3794 4608 5335 5636 5756 6748 7880 8185 9539 10160 10334 10453 12365 12802 13081 14307 14419 14658 15081 16332 19987 22340 23998 29657 30820 44857 45972 46617 49122 49759 58491 69259 76452
1265 1426 1580 3060 3261 3498 3668 4159 6311 6382 7366 7797 8071 8507 9114 9139 10500 10793 11399 12343 18842 20086 21505 24978 25624 26496 26651 27404 32498 40685 44100 45033 54127 55425 59188
391 408 572 1157 2700 3298 4103 5283 8829 12057 12204 12302 13055 13654 14031 15847 17130 17544 21114 22964 24525 26685 28390 29062 29096 32719 32774 38263 39030 40712 42813 46850 49970 82722 95467
2255 2561 3118 3414 3888 4222 5544 6754 7630 10805 11023 11464 11824 12719 14096 15400 17859 18302 18330 19007 20175 20297 20492 20511 22229 25007 26245 27670 33917 37198 38833 46523 49999 61060 78998
886 972 1366 1484 3051 4421 4800 5045 5861 7887 9483 9721 10399 11067 11516 15076 15378 15733 15873 16399 17097 18831 23388 24390 28083 28563 33175 33588 34696 37729 38438 47498 53744 68645 108109
150 233 2077 2276 3006 3856 4030 4601 4790 4916 6871 7018 7935 8400 8935 9533 10295 12794 14014 14856 15507 17660 20530 23770 26449 27441 31957 32999 34980 40506 51736 53828 55038 65996 76374
939 1275 1668 2000 3238 4047 5258 5446 6410 6442 6661 6743 6838 7539 7649 9024 9860 12043 13385 15275 21432 25219 27420 32187 32320 35518 37450 40236 41875 50188 51470 56019 56666 60651 80847
546 971 1902 2766 2858 3128 4889 5805 6936 7379 7488 8367 9271 10219 12589 12963 13100 16624 18367 19245 21167 23695 26298 26862 28714 31301 31689 39118 41751 50571 55642 65086 71165 73978 84793
708 1208 1259 2301 2832 3051 3762 4199 6454 6572 6762 7565 8891 9695 11874 12722 14803 15339 15503 15594 19691 21500 21929 24002 25682 27467 27687 30180 30405 40794 48568 62801 70875 77237 78517
308 1584 2187 3219 4678 4951 5928 5990 6248 6417 6617 11350 12167 13467 14387 14522 16358 16496 16724 21597 24059 25015 27542 32300 32316 33812 35567 37254 43206 43718 48486 49078 51653 85688 98458
2093 2802 3265 4873 5152 5182 5346 5880 6086 6138 7968 9401 9584 9721 12030 13046 14104 15627 18136 18577 18692 20434 20851 25645 27392 28363 28383 31397 46543 47789 49233 52475 59481 60952 76382
