1000 12 45
1144 1242 1555 1707 2050 2553 4572 4580 4588 4631 5646 6082 6318 7309 7828 8085 8171 9792 11603 12025 12478 12965 13552 14039 14184 15114 20426 23726 23919 25592 25786 27107 28389 29004 31212 34231 38126 42232 44649 52057 58861 63863 64487 65900 66210
277 1515 1649 3131 4073 4801 5165 5713 6337 6479 6567 7564 8651 9262 9801 9816 10347 12074 13506 14559 15680 16282 18568 19802 19826 21062 23102 24647 25768 25959 26360 26420 30067 31001 35134 35281 35705 36473 37137 42809 45673 50261 50433 55983 72080
224 646 1068 1081 1226 2363 2801 5931 7074 7205 7214 7314 7663 8099 8561 8769 9546 9936 10045 13791 13920 15713 15935 16633 16772 16853 17720 18297 20516 23928 24284 24289 25671 26599 26783 27535 30539 32850 43961 44365 52340 54242 80735 80806 96057
1350 1676 2075 2550 2788 3754 4528 4659 5702 6618 7017 7453 8661 9356 9697 10115 11300 11553 12712 12789 13020 13887 14366 15549 16281 16524 21319 21402 24541 24624 25403 25637 29039 30707 32700 36158 36809 39572 42566 43585 47859 48603 52595 53576 122888
217 662 1251 1431 1741 2273 2560 3433 4393 5031 5117 5979 6137 6185 7263 7603 7821 7980 9985 10378 10747 11241 11388 11642 11916 12902 13408 14132 17142 19094 22058 23009 27525 32915 42154 44746 46920 50939 51362 53069 59668 64311 70192 72020 77851
532 995 1571 1599 1705 1968 2107 3294 3919 4053 4112 5853 6226 6257 6486 6528 7314 7347 7971 8342 8477 8680 9240 9271 18922 19866 22003 24064 26139 28177 29615 30637 32448 35895 37329 38822 44969 46048 49741 49860 50003 53273 63465 72479 84732
661 1095 1616 2433 2975 3034 3250 3283 3937 4434 5300 6409 6510 9352 9525 9629 10295 11888 12137 14738 14892 15802 15963 16814 18414 22024 24824 25844 27586 28126 28531 28953 29894 29972 31446 33169 35661 37283 41237 41310 42990 51648 53582 66672 75346
616 709 721 2202 2746 2889 3182 4554 5678 6260 6916 7427 8039 9040 9204 9866 10021 10707 12690 12703 13144 13235 14295 15656 17315 18201 19550 23268 24013 25396 25598 25765 29845 30438 31109 34760 36912 37027 38250 40477 45977 46208 66355 77632 92200
121 502 1733 1738 2252 2372 2783 3042 3537 3647 3853 4650 8216 9073 10149 10525 10921 10947 12428 13176 13571 13877 16029 16203 18867 18882 20666 21153 21889 22665 23120 24332 25828 28161 28444 30304 30772 31510 34219 38470 42382 46382 74776 85448 120184
241 267 655 1104 2492 2999 3246 4248 4631 6406 6457 6466 7119 8068 8561 9247 9335 9992 12748 13234 13405 16040 16332 18789 21051 21397 22417 23108 24462 25850 26107 27810 28001 31007 31665 34849 43360 44065 45917 51412 52080 54978 57781 63708 69290
60 495 543 1329 1996 2299 2686 3240 4942 4965 5348 5518 5734 7182 7400 12506 13141 15093 16014 16459 16748 17322 17324 19066 19413 20229 20639 20831 20952 21391 21888 22324 22600 23719 25629 25861 27598 27694 33092 35913 39761 51815 53876 88137 155518
568 1715 2372 2569 3334 3663 3953 5140 5959 6907 7106 8068 8102 8397 8460 9802 10601 10880 10969 12753 16020 18269 18329 18702 19396 20022 24740 24962 26468 28810 28856 31163 31210 32237 33906 35821 37204 38530 39571 43175 43232 44634 49485 53326 73795
