1000 49 49
1192 1354 1543 2306 2383 2514 2621 2933 3659 4436 4572 5094 6203 6640 6845 6893 8844 8849 9277 9646 9668 10448 10688 10884 11073 12240 13177 14361 14651 14781 14841 15552 16229 17070 17539 17685 20905 21236 21288 23492 29513 29810 33274 35232 45368 48531 56895 57144 73297
186 231 366 615 1061 2170 2702 3095 3530 3664 3962 4092 4568 5035 5256 6309 6952 7407 8360 8757 8801 8869 9593 9679 9914 9936 10050 10798 11252 11310 13070 13402 13608 14461 14725 14855 16559 18579 20263 24112 24406 28197 35342 37793 43015 48835 50893 81788 153090
1015 1075 2119 2389 2493 2917 3340 3525 4514 4786 4881 5865 5962 7091 7336 7448 7503 7535 8407 9790 9945 10472 10583 11184 11777 11961 13313 13575 14014 14079 14092 14468 15151 16119 16659 17584 18933 22466 26202 28626 31641 35080 36318 37497 42164 50046 58403 59017 76996
1008 1140 1176 1606 1780 1888 1897 2064 2810 2946 3261 3382 3635 3724 3865 4384 6170 6718 6789 7323 7669 7947 8322 9153 9296 11004 11742 11904 12066 13425 14899 14944 15920 19188 19407 19929 20798 22872 24237 25379 26364 31029 33897 35630 38908 43489 51224 55944 56253
23 690 1412 1949 2707 3246 3339 3346 3529 4204 4661 4986 5095 5447 6154 6229 6561 6604 7140 7954 8325 8454 8638 9289 9727 9796 10791 10833 10942 11244 11726 14754 14849 15405 17842 17986 18054 22111 22986 25882 26753 28388 30621 31748 33441 33675 38227 41241 43252
774 975 1036 1717 2120 2189 3068 3300 3500 3512 3577 3705 4967 5505 5862 6173 6276 7946 8068 9071 9281 9799 10255 10265 11533 12428 12685 13729 13946 15306 15735 15964 16161 16378 16859 16860 16995 18157 19599 20360 27434 31759 37766 38012 44798 48261 48449 69898 77001
283 696 970 1745 1961 1992 2129 2485 2629 3390 4050 4638 5583 5734 6068 6589 6757 6954 7611 8550 8695 9052 9080 10054 13176 13740 13901 14354 14579 15097 17702 18365 19838 21330 22788 23148 24835 25073 25137 25161 25169 26977 28372 28783 29218 31269 35405 37087 63205
126 254 839 888 2369 2398 2821 2956 3058 3189 4207 4787 4821 4997 5503 5605 6264 6331 6386 6472 6737 6847 7231 7358 8716 9902 10578 10990 13006 13614 14596 14998 15195 15370 15819 16389 16625 19689 21977 23805 25172 29784 31339 32354 34736 36032 39719 41710 47800
331 2304 2510 4109 4373 4739 4808 5252 5328 5863 6084 6383 6662 7414 7446 8143 9652 9895 10437 10701 11125 11169 11482 11573 11650 12556 12760 13291 13662 14154 14341 14546 15744 17125 21476 21706 22084 23768 24170 31883 32312 32481 37226 41741 42325 47757 49643 53919 59241
90 310 491 499 1547 1890 2458 2829 2911 4111 4517 4542 5169 6278 6301 6947 7688 8978 9163 9249 9415 10304 11747 12160 12394 13683 14210 14589 15084 15473 16581 17260 20592 20777 21193 21963 22949 24529 24896 26270 27570 31854 40502 41497 45292 47599 48094 49370 106373
326 363 564 692 727 1726 2604 2761 2900 3249 3624 3900 4196 4708 4783 4854 5105 5193 5202 5503 6511 7179 7241 8123 8184 8913 9636 9902 11347 12110 15167 16122 16879 17482 20647 20806 23348 25021 25582 25638 26361 29632 33515 33880 37050 39376 39964 44658 46941
559 1052 1586 1964 2006 2285 2829 3230 3308 3360 3395 3725 3891 4269 4479 5477 5620 5859 6485 7222 7693 8339 9888 10539 11848 11923 12106 12134 12293 13006 14266 14596 15129 15486 17175 17792 19163 19371 20359 20454 21330 21898 22311 29208 31100 35182 43489 50743 61539
247 287 603 784 808 966 1271 1399 1761 2214 2361 2935 2986 3865 3958 4728 4830 5646 6326 7267 7809 8218 8742 10112 11136 11472 11515 11604 13539 13723 13826 14800 16344 18357 19470 20287 20371 23498 25429 26448 27354 30262 30601 30612 39922 41168 42408 53410 84344
65 312 364 956 1039 1120 1389 1471 1902 2405 2465 4319 4571 4644 5833 5985 6448 6490 6732 7396 7419 7919 10168 10536 10859 11467 11891 11931 12356 12477 14499 15342 15375 15861 16417 17678 18850 22783 23771 24435 28083 29880 30046 30568 31250 38095 57052 57192 64181
42 273 373 651 1486 1864 2160 2246 3021 3499 4124 5052 5350 5373 5629 5656 5897 6182 6319 7317 7905 8067 8099 8383 8532 8644 8874 8936 11792 12273 12870 13961 14568 15112 16727 18252 20225 20486 23211 23897 24699 26371 34337 37017 42364 47663 50729 62035 78392
637 971 1514 1623 1925 2366 2542 2714 3247 3652 3947 4126 4857 5163 5309 5520 6714 6951 8586 8750 8784 9073 9990 10199 12161 12630 12743 12862 13211 14663 15057 15447 16021 17489 20057 20926 22750 24414 28294 29728 30093 30868 32609 37213 43774 47899 54306 57433 83412
264 448 1392 1453 1463 1648 1996 2163 3983 4194 4828 5146 5220 5338 5605 5712 5821 6653 7432 7849 8373 8574 8849 9700 11048 11320 11479 11869 12395 13402 13469 15880 16879 18243 20135 20266 20566 20732 22238 22705 24685 26387 28355 30240 37450 38360 51688 62166 62948
102 281 1079 1191 1238 1852 2176 3181 3346 3884 3922 4176 4181 4263 4516 5042 6485 6709 7634 7980 8062 8935 9140 9435 10048 13975 14198 15971 15998 16848 17736 18526 18657 18708 23472 23774 27821 28437 29038 29163 29854 31302 32741 36190 36981 36982 39992 47695 65818
708 719 792 1860 1863 2848 2861 3578 3625 3887 3945 4893 6107 6137 6162 6942 7865 8184 9192 10234 11053 11180 11244 11506 12628 12778 13101 13825 15985 17738 18472 18481 19214 19835 20756 21454 21533 24186 28623 29921 30080 31141 34754 37903 39679 42630 47168 47994 80407
36 598 647 1274 1321 1967 2122 2477 3107 3633 3841 4211 4941 5754 6100 7177 7746 8298 8558 9640 10259 11044 11152 11948 13286 13446 14940 15913 16690 17549 18434 18917 19498 20424 23168 23778 23813 25314 26933 28124 28579 29273 29701 29926 30114 33232 44932 51746 52295
325 380 487 546 546 1236 1436 2892 3393 3436 3582 4038 4166 4398 4741 4757 4881 4925 5162 5376 6857 8823 8848 9049 9478 10111 10609 11404 12618 14822 15480 15587 17732 18020 18456 18557 18915 19135 20180 23863 24124 25449 25745 25757 28057 30424 42625 47556 58053
549 747 756 1101 1175 1714 1905 1981 3175 3438 3652 3669 4645 4755 5341 5765 6046 6275 6512 6743 6745 7027 7699 7739 7757 8339 10048 10115 10678 10710 11261 15517 17094 19181 21257 23097 24021 25264 26353 28280 29560 33591 34080 34192 34358 37601 44841 45348 48979
23 322 940 1040 1121 1358 1431 1775 1946 2220 2328 3093 3621 4643 6486 7254 7697 9113 9294 9636 10520 10858 11052 11546 12460 12848 13619 13750 13923 13988 14635 15379 15802 20535 20644 21744 21857 23122 23842 24139 25273 26941 28223 33216 36613 37879 51230 65341 76755
387 491 531 578 615 622 1163 1215 1542 1899 2226 2298 2638 2792 2896 3087 3251 4096 4102 5074 5244 5250 5424 6312 7298 8007 9430 9664 9962 11767 13379 15795 15931 16118 16330 16514 16714 17541 17980 22537 24790 27061 29201 30564 40395 48984 51012 70801 71367
107 146 469 947 1047 1760 2649 3891 3924 5034 6136 6181 6735 8161 9380 10053 10647 11188 12083 12188 12251 12477 12511 12632 13492 14124 14303 14959 15041 15696 15941 16303 16651 17165 18145 18869 19775 19834 20933 23571 25573 26726 30492 33003 33502 34985 38114 40435 51897
254 1117 1366 2044 2158 2255 2444 3024 3095 3300 3774 4625 4713 4971 5502 5585 6006 6497 6881 6946 8433 9000 9123 9189 10142 12194 12595 12770 12831 14100 14383 15639 16488 16632 17201 18249 18270 20741 20785 24872 25802 26765 31079 34131 38123 44257 45999 64230 64254
521 1509 1519 1965 1984 2767 3451 4027 4184 4405 4595 5285 5286 5457 6010 6253 6287 6580 6642 8042 8695 8701 9183 9613 10414 10482 10519 11777 12080 12524 12822 13043 15815 16671 17388 17618 17644 17930 19999 21585 27524 27874 28123 29571 36177 36281 40490 41333 42342
169 257 327 431 555 1273 1496 1745 2485 3891 4175 5266 5680 5731 5951 6195 6411 6837 7663 7987 8113 8477 8691 10752 11729 13258 14937 16004 16469 16866 16871 18596 19718 20069 20332 21593 21779 22879 24830 27641 27885 29709 29775 31843 32166 35376 42755 51591 58610
907 952 1158 1529 1712 2370 2371 2556 2867 3128 3465 5068 5365 5631 5652 5989 6610 6911 7293 8096 8282 8337 8482 8527 9261 12416 12530 12577 12620 12924 13634 13634 13791 14256 14366 15545 16741 18189 20115 20272 21844 26492 27652 28532 32690 35759 39026 49336 83668
445 946 1649 2278 3396 3422 3615 3994 5801 6426 6834 6994 7031 7340 7558 8651 9077 10244 10523 10907 10975 11582 12386 12422 12824 15354 17614 17863 18420 18690 19891 20119 20497 20943 22771 23522 23939 24409 24979 27195 30442 30592 31012 31098 31666 35211 37723 55049 79162
35 57 196 1511 1691 1700 1777 2214 2568 3648 4066 4222 5066 5163 5522 5752 6263 6700 6906 6930 7841 9006 9341 12416 12830 14845 15294 17118 17735 18148 19145 20913 21173 21394 22867 23139 23934 25032 25178 27532 29230 29597 32062 35248 42965 44081 44554 50709 70414
481 1003 1824 2292 2663 2951 3217 3464 4743 4848 5508 5711 6391 6653 7727 7846 8180 8344 8938 9866 10111 10319 10319 10679 10760 10922 12055 13144 13578 13610 14616 14755 16743 16764 16835 20219 20443 20648 22804 24664 27909 28456 31533 44922 49037 49107 49577 55122 60952
29 502 1737 1905 2175 2913 2990 3890 4150 4473 5615 6478 7650 8167 9010 10323 10751 10994 11067 11365 11607 11616 11717 11918 12569 12804 13380 13488 14188 16391 17696 19561 20570 20602 21172 22195 22382 24727 25303 26671 28707 31703 32695 33048 33634 34516 38719 52542 99887
23 197 200 315 548 907 1034 1385 1729 2728 2924 3148 4289 4422 5287 5593 5943 7457 7799 8695 8814 9066 9665 10840 12100 12799 13312 14146 15950 16242 18372 18447 18789 20633 21137 21679 21807 22576 23264 24163 26724 29505 30702 34784 39973 50032 62896 70149 96855
142 462 697 828 1298 1310 1885 2190 2325 2776 2878 3640 4553 5177 6705 6707 7075 7847 8392 8671 11133 11728 12128 12826 14205 15384 15569 15830 16820 17541 19164 21710 22184 22720 24254 24336 24735 27187 29797 31830 32504 34364 36125 38614 38670 38998 50497 54270 63486
45 851 980 1327 1463 1526 2172 2269 2713 3003 3117 3212 3505 3589 4256 4388 4910 4910 4992 5158 5827 6022 6503 6867 7681 9931 10557 12289 12600 12723 13508 14104 15904 16273 16855 16895 17415 19444 21466 21734 30951 31245 34670 40795 50979 51593 53831 66255 67074
160 160 210 335 888 1431 1561 1911 1998 2523 3510 3632 3670 3702 3971 4126 4874 5542 6011 6420 6952 6973 8833 9782 10413 11041 12485 12939 13229 13539 14813 15626 16272 16615 17026 17752 18705 20655 21885 24541 25037 25121 26332 28270 29475 30778 34662 40626 97771
375 1836 1925 2425 3313 3373 3883 4055 4264 4754 4765 4986 5084 6288 6308 6400 6755 8367 8703 8888 9904 10250 10693 10923 10970 11234 11330 11701 11716 12085 12164 13002 13137 13159 13224 13437 15192 18803 20450 23294 23424 25097 26365 26758 31618 35229 36904 40411 45306
302 877 1487 1731 1753 2052 2242 2401 2415 2589 3638 4176 4966 5160 5514 5779 6075 7790 9336 10241 10985 11607 12279 13338 14450 14650 16820 16934 17330 18350 18442 19050 20747 21686 21828 21889 29080 29129 29271 30661 30740 31130 32504 32921 44384 49639 50188 57668 70149
127 1001 1177 1666 1723 2156 2889 3093 3497 4236 4654 4689 4862 5092 5121 5590 5878 6028 6034 6901 7627 7941 8807 10656 10676 10812 11058 11923 14131 14597 14936 15796 15932 18378 18658 18726 20511 20597 23140 23197 24720 26452 26766 30446 32113 42424 43627 48822 88438
506 1333 2285 2610 2691 3523 4178 4285 4337 4454 4653 4695 4971 4991 5906 8841 9450 9691 10352 10505 11322 11680 14145 15208 15733 16136 16233 16441 16579 17221 17510 20274 20532 20547 23321 25484 26073 26242 26646 27694 29717 31541 36693 36881 36931 37960 40578 40721 48455
1985 2139 2812 2987 3415 3579 3658 5012 5776 6313 6377 6786 6802 7200 7509 7543 7861 7982 7999 8103 9606 9940 10475 12770 13269 13528 13835 14227 15148 15808 16564 16994 17032 18386 18941 19264 20642 20911 21991 23894 24869 24952 26766 28212 36641 38933 41805 52029 56357
123 560 679 947 949 1809 1889 2018 2172 3046 3619 3787 4063 4314 4377 4404 4499 5257 5257 5769 6035 7003 7778 7922 8305 13435 14696 14795 16483 17071 17397 17535 17825 18907 20277 20747 21619 23344 26345 32022 32539 33222 34837 36338 39289 41116 45144 45226 52147
451 585 702 785 1190 1700 2116 2214 2234 2604 2843 3480 3657 3837 4697 4910 5365 6262 6477 7611 8687 9117 9635 10199 10504 10647 10685 10840 12045 13027 13234 13358 13473 13555 13679 15068 17228 22095 22788 23282 23433 23537 23599 25484 34697 38628 39692 42549 62406
373 484 820 890 1196 2740 2953 2991 3065 3506 3587 3734 4227 4436 5239 5379 6440 7155 7493 8293 8887 9282 9436 9859 11724 12215 13112 13257 14089 14191 14417 14585 15257 15274 15426 17682 18241 19290 19360 19432 20525 23417 24339 25811 29447 30478 41680 43554 46951
417 480 493 643 1596 1662 2343 2503 2655 2660 3112 3593 4668 4713 4739 4840 5415 6956 7302 7534 8275 8310 9323 9734 10050 10559 10576 10670 11639 11859 13351 13449 14980 16063 16399 16675 18484 19515 22940 23182 23902 25072 25877 27998 30845 35068 45208 45834 62309
64 299 493 602 1065 1263 2386 3022 4538 4862 5242 6253 6404 6530 6535 6591 6860 7592 8038 8101 9401 10380 10563 12127 12662 12923 13304 13392 13987 14328 14927 16185 16669 16997 18158 19253 19516 19533 20191 20262 20411 20711 21430 21728 25167 26125 26258 46021 62064
401 434 788 1185 1216 1228 1321 1668 1836 1973 3023 4088 4188 4455 4687 5536 5809 5932 6618 7413 7860 8005 8993 9490 9538 9904 11736 12858 12939 13783 14165 14346 14516 15062 17572 17819 18070 19657 19751 20222 20342 23067 25518 25762 28285 32069 43303 49383 59585
19 719 834 1514 1798 1821 2520 2526 2929 3113 4021 4105 4204 4714 5654 6345 6486 7597 7629 7897 9289 9754 10445 10984 11038 12130 14820 15582 16362 16561 17018 17183 18339 18774 18879 19077 20291 21345 21774 23001 23482 23805 30389 30602 32404 35458 41543 41671 69003
