1000 41 5
56743 102182 106812 197776 518201
4614 135744 221811 240644 373700
3405 44397 67906 238471 632083
4474 20676 85598 316451 558211
7966 8183 138550 302742 525653
30834 101054 142345 175709 533780
55654 90640 95675 159423 580855
34572 140999 142928 293348 374152
112916 185166 197830 228781 258780
44820 53910 163563 301620 409779
35509 40869 232622 256903 399704
26341 35698 131997 370036 411313
21725 168472 181199 245812 352513
30952 36093 103587 293823 501660
11465 21590 158963 317961 470306
86276 138037 185123 234947 321897
5668 78989 120970 140540 637431
133992 145953 156116 180352 350139
76974 89548 175907 270947 356509
28441 39748 170029 272508 468390
1493 11316 32031 242866 692434
41246 71131 117140 355667 396754
18148 71059 137760 189348 568370
10667 92261 119981 339853 415464
100824 153222 172281 234821 324691
147273 159599 193954 196497 285274
6010 28579 33077 328362 584963
19277 59945 116632 210649 573744
82518 189050 197995 200756 306274
13076 15110 56094 257661 636799
17166 19850 132697 254577 560259
65965 74320 128929 275034 432303
29267 102573 232614 273425 337992
40353 116222 199785 207427 423180
66449 97461 121712 200568 494283
40883 142498 153575 225090 419742
26121 64075 90021 155800 636318
89998 122229 144562 304059 304458
56253 133106 224785 244706 314105
6031 30307 164279 356460 423142
23211 52240 130884 222524 553489
