1000 24 25
1745 2521 2935 5941 8857 9337 9709 12174 12325 13707 18228 19822 22641 25101 25670 30825 31018 31858 33608 38425 42657 46150 53614 78659 95274
360 2086 5795 6669 11461 12243 12379 12417 13426 13723 16228 16719 19659 20157 26908 32219 33954 34359 39234 42796 44288 52197 65255 79281 192150
3363 4460 5131 5136 6896 7994 9907 10425 11659 12317 12533 12610 14005 17599 17850 21058 25114 31007 31554 39262 54239 57295 68788 81138 102876
734 1041 3786 5042 6261 7643 10073 10775 11123 12330 14512 17356 18492 20575 21294 26452 28729 30046 33459 47361 48823 57031 61564 65129 114629
45 400 1031 1864 2099 2381 6157 10259 11271 13238 14649 19183 20531 23747 27002 33708 36032 36670 37555 47399 51286 60938 65843 78422 158258
3169 6115 7396 7503 7752 8044 8254 9075 10452 11509 12752 14676 15746 16848 17157 23698 24860 25175 26619 33268 37345 38759 43797 116236 146894
3057 3671 5187 8716 9469 11856 13469 16474 19203 23255 23883 24120 24505 25784 34623 38448 41276 47491 48227 48301 56142 63887 78141 94575 98151
325 2284 2754 6829 6901 10865 14761 21944 22292 22458 22495 24610 29137 34917 36837 40935 42354 47862 50373 53292 53483 55150 74689 87273 111147
2766 3512 4547 4615 5779 7315 7848 8828 8829 8860 12199 16134 28416 32868 35849 36428 44248 46550 59778 67378 67618 78334 78493 79949 135914
1694 3183 4375 4958 6735 13850 18473 19034 21777 22326 24727 25335 26071 31193 35301 35874 41909 49850 53947 55424 56014 63340 67062 67441 82344
27 523 4710 4831 5757 6942 7858 8098 10462 14312 16804 18199 24484 24904 26124 27817 39604 40716 50960 54954 61302 71004 75903 91346 142094
898 902 5151 5573 6971 7360 10464 12273 15774 16629 22345 22505 29888 35968 37373 37764 39636 44951 47838 48914 56843 65568 70161 72920 78455
1045 5389 13593 13647 14361 16823 17964 18693 19181 19752 19764 19949 22610 25706 29932 35200 35448 35741 38508 51063 53362 62068 65968 66878 148426
79 313 1947 4429 4891 6457 12331 14451 15140 15923 17325 17619 18105 19647 27877 29077 39818 40501 41306 43230 43580 47605 57530 95072 99258
631 4888 5916 6896 7384 7795 9386 9871 14381 23649 24436 26183 26270 35132 37136 41001 44306 45430 49784 52552 55198 63176 75308 78394 86337
1206 1429 1992 3198 9544 9742 10410 12349 15523 15709 16502 17440 17476 22682 23906 24198 27023 27651 28333 31788 32620 36183 46630 98839 325302
634 1298 1625 2308 3389 4827 7911 8116 10618 11783 17840 18007 27204 32359 34617 35958 38878 39588 50797 54652 64525 76331 90625 91333 150345
1460 2230 2370 2689 3185 4754 5776 7318 9911 10490 13114 15043 20023 21121 23450 23715 28913 46316 53332 58460 60249 69613 75139 111251 167247
186 2149 4984 5018 6225 6489 10851 11492 11541 13138 13244 15677 17036 19381 19946 20811 27337 33437 37285 40910 48369 76585 93547 140601 186466
89 2439 3003 5841 12294 14331 19716 21182 21664 22142 22655 23275 25337 27561 27804 30845 37862 38460 39165 41869 46274 48640 63564 82929 142903
1722 4228 8554 10721 10747 11302 11684 12119 13068 15431 16719 19392 20731 21499 27046 32890 34711 35573 42007 43722 44761 46825 55374 67106 144266
2137 2485 2637 4205 4865 7314 7968 10076 11160 12609 16294 18564 20907 21186 22229 23994 28803 30467 32455 41164 46078 50384 61441 83766 109680
1350 1592 3860 8831 9411 9466 9686 10137 14807 16163 18348 22141 23780 30773 32693 35812 38275 39777 41028 41827 43722 54085 77476 83956 90679
244 1934 2419 6183 7164 10470 12062 16836 19111 20520 21563 21575 23962 28583 30218 32219 35654 37756 37948 48687 49276 49316 68457 71677 89312
