1000 12 24
206 3864 5245 7029 10473 13477 16992 17431 17672 23049 31067 31121 31573 35169 36288 37111 44360 45600 47727 54180 56185 90816 146610 184804
2180 9066 12203 12332 15967 17135 19656 19746 20719 21282 22597 23087 23851 26848 37457 41128 45427 48080 53456 74135 92635 95867 115404 143501
2037 3201 6083 7448 9644 10080 10363 12691 15019 16095 24538 26686 27574 31713 37600 39394 56049 58848 63136 68262 70828 96183 114435 182754
1440 2582 3113 4300 5519 7536 8013 11295 14852 14969 15678 16042 34564 34653 37265 46326 50997 53632 76531 90016 92439 100725 130423 136784
192 6741 7665 16088 16337 17772 21158 21897 23131 23877 24871 25383 26672 28072 40450 42427 42585 42673 43538 55727 92885 96416 120962 149244
543 1428 3094 3605 4563 9517 9576 17878 25842 26047 27547 32512 35450 37528 41341 43124 46660 58078 58958 72783 76885 99381 110487 150931
929 2252 5371 6121 6589 8682 10369 11179 14249 17781 17828 18799 21824 26210 33716 37336 38051 60424 66016 81838 85741 89239 150261 175534
2375 2785 4790 5144 6167 9336 11284 12981 16098 18321 24226 25024 30429 30855 33157 37802 39123 54764 60379 69092 78742 100878 112916 202977
2578 3325 4009 4105 5521 6188 9199 9615 10227 14974 16676 21692 22375 28744 36581 48613 53181 62196 63769 71889 82088 120289 143262 144881
2715 2998 4391 7094 7132 7978 10566 16883 20536 22210 23177 23958 24961 32098 34581 45105 59263 59497 62308 76137 96169 110198 112315 130336
451 2494 6601 6606 9483 13331 14610 19215 22307 24852 25480 27088 33517 34454 36332 45528 49132 55279 65212 77375 80607 95935 107630 133185
4404 6524 7556 7900 7919 8669 9558 13262 14534 14599 16782 23128 24909 25064 33036 49704 57863 66441 70665 70813 88555 120800 124191 127539
