1000 17 41
359 447 843 3761 4064 4782 5578 6641 7643 8092 8687 8756 8957 11250 11650 12323 12785 12983 13187 13632 14436 16638 17672 17848 18652 21317 26068 28814 31125 34763 36251 37091 43883 48633 52477 54112 55584 61064 63053 73029 73935
317 935 1477 1485 1600 2445 2886 2921 2979 6849 7060 8447 9047 11172 11218 12283 12630 13140 13537 13550 17711 17750 18853 20371 20434 20461 21157 23123 27562 29747 30269 31507 35155 36041 40995 44430 45403 46561 78031 103663 146710
36 355 1307 1883 2571 2703 4330 5051 6373 7323 7739 8010 8412 8793 9354 9551 10363 13011 13643 14414 15089 15230 16113 19020 19306 20923 25632 26206 26285 30689 41195 42611 44869 45415 45442 52094 59817 62023 67483 73721 103480
301 334 710 1928 2503 3867 3876 4539 6059 6766 7857 9113 9878 12617 12720 13035 13917 14750 17596 18418 21053 22023 22064 23057 23657 25068 26874 28078 32495 32819 33599 36257 36731 39169 46078 47173 53581 54378 54964 68024 96317
1866 2390 2604 2854 3022 3634 4655 5949 6608 7839 8131 8195 8468 8691 8875 10726 10738 11802 12069 13072 16608 17124 19183 20548 23053 23389 25338 26269 28358 28478 34451 34901 38108 43163 56104 57995 59774 63925 64246 79288 90100
537 578 764 1015 1031 1844 3113 7615 7724 8587 9142 9613 9926 11606 12277 12972 15873 17738 17868 18540 23253 23355 23401 23568 24145 24307 26539 27256 29669 30432 32309 35135 36101 37178 40714 40766 45430 48403 60517 74067 111632
411 784 944 1443 1753 3239 3336 4536 4755 5395 5568 5778 6014 6045 6553 8731 10706 11897 12135 12146 12656 16333 16922 17486 21748 22931 27734 29012 33196 33477 34110 37365 42384 44855 46278 47737 49769 63182 68052 96987 116854
2090 2242 3313 3926 4152 4649 5275 6616 6754 7125 7358 8282 8458 9288 9815 10999 11840 12189 14071 15000 15942 16621 18241 19434 19568 25632 27438 28222 31154 34197 36071 38553 39548 45513 45829 47029 47806 49202 63837 64679 114624
968 1014 2303 3317 3586 4406 7224 7275 7370 7946 8310 8364 8914 9247 9660 10182 12911 14217 14973 15182 15230 19352 20160 22110 22509 26953 29483 31741 32759 33962 34077 36150 37498 37850 38350 38518 38898 39424 50568 102215 119326
379 384 852 1503 1936 2147 2233 2488 3490 3832 4554 5549 6146 7587 7739 9307 9999 10235 10238 11221 14555 15852 16589 18347 19428 19589 22156 27271 31441 31772 33346 33981 38900 44580 51918 53882 57053 59884 78040 95446 126276
352 1224 3288 4656 5032 5231 6280 8305 8388 8766 8873 9543 9705 11608 12172 12693 13446 14458 14826 15402 17026 17215 20762 20871 22039 25528 25599 27275 27560 28843 30224 30897 37710 42421 43208 43783 44473 55107 57381 80825 115723
528 1205 2306 3767 4638 5020 5056 5433 5535 6811 8788 9015 9648 9833 9961 11176 12342 13684 13957 14201 14682 15901 17053 21550 21563 25854 26602 27180 31444 33280 33951 34692 34754 36830 39686 42008 48612 53016 57432 66744 152465
1669 2132 2316 2925 3723 4107 4758 4964 5636 6185 6474 6638 7981 8630 9066 9566 10676 13245 13915 16250 18506 21803 22317 23301 23449 23919 25577 26165 28741 31649 31771 31822 32236 33780 39365 55584 56433 59603 79034 80332 98766
930 1701 1945 2613 2983 3356 3405 3629 5134 6011 6264 7041 8692 8762 10063 12088 12110 12200 12654 12766 14300 14333 14791 15317 19040 20753 24406 31534 33842 35004 36902 38146 40523 42942 51000 54026 61478 63656 66838 76840 93958
396 935 1121 2435 2446 2916 3791 4722 5122 5358 6023 7084 9487 9865 10394 10710 10866 11594 12452 12621 15459 15608 15680 19647 19844 24172 24343 26267 27351 29184 32946 35040 36785 41910 49102 55365 63759 66836 71217 83814 101840
523 785 816 2050 3116 3356 3468 3932 5007 6292 8068 8303 8943 9421 9723 9949 11177 11303 12185 12224 13295 15561 18545 19270 19619 20606 20654 23322 28269 29499 32740 40223 42853 49395 52105 54080 55570 63986 74104 79716 99574
1061 2773 2856 3097 3190 5974 6790 7166 7264 7736 7828 8418 9259 9545 10977 11641 14985 15033 16064 16399 17028 17277 18265 18281 20787 21210 21789 22832 23544 28824 28935 30277 31730 33869 38815 39953 40039 45293 55583 112078 144879
