1000 50 31
1926 2964 3314 5018 5863 6041 10006 10880 12210 12635 12983 13766 16531 17317 17846 20775 21666 25257 34757 40825 40985 43619 44484 51124 51790 53864 58924 65823 69171 94077 113232
607 2303 2654 3264 5168 5943 6104 9606 10956 11898 12876 12995 13282 17082 24044 33997 35331 37580 38215 40857 43794 44119 47983 51689 61954 62587 63807 67239 67628 72387 80121
1503 2992 6088 6331 6333 13513 13714 14109 14982 14992 16307 16437 16972 17267 17791 22858 25870 26437 29850 31177 32698 35423 36982 42390 52647 52815 52956 53793 84494 90062 134709
278 2056 3360 3474 3475 4090 4591 6368 7726 9771 9777 10858 11420 14500 15592 17584 19999 21724 29015 30700 31050 37844 45151 45541 47622 50794 57441 84388 103903 121178 132197
1484 2162 2481 4142 5677 6228 6308 8481 11916 12215 13349 15945 16396 17305 20987 21616 28296 31768 35058 35922 36636 37517 43923 47770 58837 58953 59033 70580 71687 83054 102385
623 924 1059 4742 8339 8717 10473 10553 12336 13224 13252 15758 19702 20587 21462 21761 25836 26486 27352 29544 31444 34622 42127 42164 48223 52351 56600 63218 71273 75072 162114
1056 1305 3593 4278 4312 9992 10430 10748 10877 13747 15302 15976 18468 20009 20714 20906 22251 23682 24810 26137 36477 40632 42856 43722 51208 51405 54822 70871 73581 104690 135025
1198 2244 2455 3277 3348 5281 7540 8025 9298 9616 13929 19439 21107 21428 22362 25246 28836 29639 33580 35854 36210 36877 48468 49654 52591 54086 56109 58087 59105 99025 129260
1491 3113 3906 6724 8052 8194 9003 10686 12997 13012 15611 23952 25349 28664 31850 32738 34120 35137 38835 39496 43160 43778 43787 44851 45177 47548 56783 57006 68392 69522 74981
1868 1996 2333 8560 9261 11057 12162 12273 13450 15357 16301 16433 18876 21256 24622 29079 29391 29553 31513 35665 36876 38759 44458 46935 49682 50098 51940 53052 70303 97528 105801
941 1548 1829 4428 5115 5848 7986 8632 9647 10125 10189 11321 11727 15854 16478 19820 20797 24360 25667 26778 32119 32585 38115 48786 53052 57898 62511 70879 73298 88835 179435
918 1272 1854 2817 2833 4076 6618 7855 10830 10862 11223 11357 13130 13823 16646 16830 17770 19777 22478 28054 28056 28516 29277 29289 35161 44246 51874 60514 71563 81866 305837
817 874 2630 3932 4024 4178 4959 6479 7388 10087 12516 13092 15276 17438 19644 26698 31410 31713 31877 34093 35495 38536 39153 45429 50116 54650 70856 76075 78515 102994 109957
146 301 2052 4619 4728 14089 17385 18595 18946 19172 20980 21132 23257 27559 31330 32327 32997 33673 34065 35255 36401 36952 37167 37661 49693 49879 52698 64539 65192 72654 75314
1390 3188 3219 3293 4641 5046 6756 12958 12969 14448 16484 17229 19177 20265 21001 21964 22469 24980 25513 25820 27983 30910 37143 40507 44988 51441 66229 68344 84735 103078 132833
202 3483 5266 6127 6617 7758 8967 9982 10954 11621 12431 18777 18915 21514 22063 22486 22734 25933 27239 28026 31432 37288 43917 45338 45613 50192 69883 81998 88855 92172 101464
188 1050 1068 4952 5923 7520 8234 8248 8498 10889 11218 12060 12480 13401 17673 18980 19628 27949 31471 35856 37286 38924 41089 41802 42261 44578 52384 76011 79770 84802 187990
73 1039 1781 4486 5446 6895 8178 8862 11154 12260 12322 12689 13047 13532 14768 15985 16651 22902 27507 29256 31105 37132 39074 49069 51421 51458 58278 71939 81911 128041 138190
1375 4159 4297 4333 4345 6327 8105 8201 10053 11115 11141 15721 16708 18769 24268 24537 27192 28566 31138 33637 37553 39332 41469 45561 45856 59314 60541 73602 76088 89737 107938
196 2729 3427 4891 6350 6901 7883 8124 10346 11659 12748 13806 15572 16776 16836 25124 27076 31005 32651 34965 40629 42267 46957 53496 56936 57202 62975 73732 74826 85104 98873
2329 5889 7500 7614 8022 11303 11324 13090 13107 15068 16079 16306 18339 20236 20610 21118 23826 25637 25989 28652 38769 40957 41571 43627 47985 57447 59824 64585 67144 99306 105838
538 1155 1253 1587 3845 4267 5294 8515 8560 10698 11340 12396 20236 24817 32356 32463 38478 38881 41828 42434 44618 44914 45211 45887 47987 48516 56553 64436 70408 73103 92436
3127 3780 4899 6663 7029 8938 9269 11685 13662 15364 16189 17866 18373 18832 19011 21097 21822 26964 30531 32832 42782 43305 44896 45136 45428 48419 56911 73490 78380 83563 102366
1889 3086 5560 6182 7367 8241 8791 9539 10111 11326 12437 13004 14785 15300 21687 24158 25568 32218 33068 33486 33725 35136 42530 43547 43752 53630 56396 62376 93649 100815 124811
175 1815 2389 3671 4601 5422 6332 9660 12292 13943 14122 15550 16399 17363 24152 24213 25331 29382 30564 35526 42389 48148 50265 52586 53359 55339 61655 68301 76775 79016 101207
356 1240 5292 7795 8446 8876 10165 14028 15759 15812 16762 16843 18118 20409 25021 30035 31773 33936 35921 36052 37744 38341 40003 45036 45940 49906 50021 64978 65692 76239 114291
407 1261 3337 5747 5896 6558 7920 8517 12114 12222 13677 14211 14766 17714 18585 21239 24764 24980 25206 29354 32382 32656 34874 36971 38061 38751 53224 62487 107226 120829 147528
4970 5550 6012 8730 10504 10834 11487 11489 11875 13645 14095 14352 15233 16112 16930 16937 27340 31014 35522 37647 39174 40319 43510 50057 56635 57643 60485 66024 67761 71737 94158
1005 4050 4999 7563 10934 11568 12182 15466 16908 19752 19991 24734 24762 25763 26036 28559 34251 35242 36238 37881 40204 40549 41036 43590 45744 45929 46638 53964 54652 60040 98246
1374 2944 4425 4757 5606 9158 9203 9526 10749 12411 12619 16843 20076 22042 23257 30782 34232 38440 38827 39815 41492 43392 43735 47962 48535 54307 58666 61027 62911 78035 78841
548 3174 4233 10259 12716 13338 13997 14700 16645 18419 20450 21824 22798 24272 24621 27871 28806 29261 30021 32246 32848 35138 37870 42884 48737 52228 60871 67893 73404 73436 90061
1001 2379 2636 4814 4855 4963 5106 6668 7454 9940 13108 13181 13276 15049 15660 16198 21214 24448 25807 27557 28334 29849 33197 44289 51854 78796 80248 89126 94898 97018 124122
2186 4152 5314 5723 5909 6016 7382 8692 9659 9827 9967 11219 17000 17265 17466 19177 19545 21954 24215 24508 30369 31664 32692 33248 37669 44744 51694 70147 72227 148746 175345
1090 1526 1602 3035 3209 5044 6062 8654 9456 9591 10313 11721 13713 13996 14353 16217 18753 19400 20780 26710 27239 28472 44914 58921 63473 64703 71842 77601 97258 110553 119103
732 968 1560 1929 5321 6915 8207 8853 9137 10245 10607 11205 12556 14103 16929 17855 18159 23898 26646 27541 30608 37904 39745 46468 48561 53982 67560 73320 78269 98969 178655
1229 2750 3152 4659 7903 8450 11018 13420 13863 15941 16406 16474 16767 18165 18187 18534 19466 22225 22509 25800 32960 40760 42927 43663 49788 53874 63319 73046 90698 98271 99264
372 692 2467 2841 3733 4488 7490 10064 11669 14585 18003 20982 21664 23037 23287 25309 26133 32842 33667 35152 37088 37450 39686 53796 58975 63020 65562 65578 72374 73741 85315
111 356 2347 3493 4862 8140 8784 8805 11195 12042 19882 21636 21690 22573 26564 26917 28829 30045 31182 33717 38879 40911 40922 41383 53648 56265 60219 60992 65739 102272 103158
1235 3791 6101 7109 8116 8461 10231 13312 19902 21212 22382 25044 25842 27204 27328 27957 29302 30040 31386 34660 36434 45314 45407 48350 48760 54504 56328 60738 64872 66365 68431
611 5201 8260 9544 9657 10497 12088 16612 16888 17297 18977 19058 21100 21294 22564 24117 24928 28186 29048 29368 29847 33069 39088 42606 45163 49495 52355 56935 73919 102518 114003
432 577 753 2950 4297 5124 5705 6621 8666 9334 9960 11737 13678 14900 24305 25742 26018 28492 29579 30091 30249 34833 40054 41335 58787 64073 64308 67293 89659 95982 126360
916 3371 6242 6450 6912 7003 7442 7884 8531 8696 9378 11054 11746 16963 17029 19825 22673 25144 26950 31242 33172 36823 40325 45627 58480 58987 59700 70214 73809 101553 153162
1287 1745 2414 2565 3829 5261 5662 5884 9019 9523 9995 13339 14019 15461 20355 22850 30164 31072 31181 31763 31900 31939 32820 38714 56774 67323 77938 79743 83254 89166 110608
227 2212 2449 4703 5312 5944 6506 10968 11123 13431 15188 16440 27279 27284 28940 31754 33242 33510 34093 34266 34363 34398 34782 35252 38348 47894 49656 67828 78091 88540 129005
808 1391 1729 2735 2912 6928 10619 14222 14702 16009 16794 17949 21533 21714 22330 23481 24509 25722 31037 32528 39115 40008 40929 41338 47487 58159 59788 73263 79906 91958 96308
2826 2878 3943 6273 6325 7791 9102 9354 12377 14243 14459 14480 20462 20686 22125 24687 26101 27066 27546 31532 36898 38966 48397 48477 57356 57751 59611 71972 73036 81005 87849
2202 2545 2617 3812 4068 5932 7713 8996 9335 10467 10916 11539 12172 12818 13702 18608 23136 25220 28686 32274 33207 35522 36371 42468 46805 50058 56096 69082 80450 99828 179228
1554 1650 2089 3285 4770 4814 6583 10296 10350 10563 11797 14016 14331 15846 16066 16639 17844 19229 21316 22988 27822 28059 36868 38297 45206 47536 54281 83636 102506 116745 164294
1945 2297 5528 5879 7404 7808 8206 8653 8692 11686 12207 14566 14842 21409 21814 21968 24498 27764 29284 29660 32711 36650 39984 40274 41444 53090 67334 76514 78412 103997 121849
1309 2376 2943 4043 4380 4442 4449 7306 10204 10318 11082 12723 13983 15525 16536 17313 17412 24725 25310 29738 40551 45247 49974 52947 56243 64071 69183 77490 81656 91793 100003
