1000 15 12
6500 12787 16638 50611 64566 84718 89651 91551 125861 131286 137656 145237
2566 3959 8703 19418 24437 36685 48282 54132 75060 113329 246989 278665
12356 16470 19086 21307 25687 33721 56855 91124 125141 134531 155050 225637
9704 13094 20100 38644 50750 51347 79508 79571 95218 108020 181411 198446
1741 6640 10573 25013 35433 67037 88404 88868 93375 152340 159801 188898
4467 6059 11854 20757 35970 50077 95270 119759 129822 136114 141387 150667
1110 11256 18733 42300 49004 55996 60018 65250 86243 141274 144789 241972
395 17179 19086 19172 44566 53226 78903 82762 147775 148004 148401 194201
2637 3446 9516 10709 29458 75463 91621 115595 117314 145181 157521 161011
2632 2769 3881 7414 10765 22649 56851 64144 77411 115880 216653 318229
6127 8975 21282 35578 50711 52071 71354 74223 90773 113808 196821 223499
4544 16440 20512 27425 41463 44305 73458 90162 92407 103387 121073 274291
698 4962 10266 13588 55960 67350 78887 82130 87270 93513 141803 300547
16952 49476 57418 58256 65510 69023 79749 83661 87219 94928 103260 132402
11329 12773 24494 41842 52456 79000 81369 83821 96597 103296 143730 224610
