1000 47 49
736 788 1110 1267 1581 1646 1686 2779 3060 3380 3616 5207 5563 5853 5950 6210 6591 7064 7156 7223 8270 9683 9856 10087 10444 10826 11863 13308 19886 20148 22039 22208 23348 25686 25730 25775 27010 29749 29958 30212 31085 35420 36310 36316 40352 46034 54244 55068 69377
212 454 566 794 1532 1676 1985 2039 2105 2684 3294 3497 3706 3897 4057 4472 6217 7003 7502 7646 9776 10217 11004 12055 13474 15095 17138 17425 17872 18619 18798 19191 19444 21912 22955 23008 23329 23352 25472 26872 27285 30593 34272 34544 35758 47022 48854 66654 82104
444 560 598 682 768 1825 2207 2319 2327 3536 4019 4340 4359 6288 6627 6768 6880 7103 7224 7810 9195 9832 10001 11991 12709 12891 13216 14160 14378 14405 15528 18724 18858 18931 19756 21070 23341 24228 26823 28651 29406 30247 34506 37831 40051 42448 44415 51083 78589
171 1273 1739 2139 2169 2205 2527 2569 2689 2772 2935 4038 4057 5663 5732 6254 6990 7000 7037 7098 8619 8899 9191 11353 12110 13569 14726 15298 15977 18132 20114 21321 22381 24622 25130 26850 26899 27499 28222 28987 30322 38980 46484 48333 49525 50048 55393 55886 65391
288 532 721 1084 1404 1413 1914 1983 2155 2515 2563 2618 3398 4037 4175 4249 4783 4794 4945 5972 7007 7144 7420 7576 8211 8744 8827 10820 10965 13519 13543 15311 15599 16108 18878 19642 20217 25886 26217 26602 28041 34664 37542 37601 47826 53114 60310 80207 97534
63 76 784 899 970 1470 1926 2016 2261 2381 2636 3406 3599 4120 4245 4374 4647 4786 5051 6228 6328 7704 7814 8071 9295 10596 11529 11759 11998 12658 12921 13648 13894 15735 15870 16537 17381 23327 24028 25700 29573 30046 34913 39271 41885 45201 57177 59717 69178
185 454 724 849 1068 1481 1652 1819 2552 2733 3104 4055 4419 4866 5044 5292 5448 6014 6527 6734 6770 7020 7076 7955 9151 9196 10716 13533 13947 14916 16096 16191 16445 17028 17856 18905 20890 21138 25427 26230 27201 28516 28836 28867 42196 45329 58289 60263 62236
377 389 794 815 947 1667 2201 2641 2705 2715 3541 3560 3778 3917 4168 5822 5934 6016 6115 6317 6716 6772 7147 7310 7348 7548 8096 8412 8425 9034 10019 11245 12927 14174 14902 19289 24338 24443 27054 31361 31507 31844 33463 33782 34200 36745 53410 53892 86804
106 739 1176 1323 1579 1610 2862 3168 3589 4094 4647 5029 5034 5151 5622 7171 7654 7858 8296 8437 8907 10017 11014 13450 13727 15010 15536 18259 18868 18898 19955 20264 21077 21489 21855 22834 25158 28784 31786 32059 32275 33467 33996 43514 45949 47567 50686 52250 84465
543 938 1386 1481 1616 1752 2694 2743 2866 2899 2932 2984 3369 3409 4538 4818 6173 6829 6986 7179 7313 7992 7998 8223 9664 12388 13179 13476 13609 14408 14792 15797 19058 19135 19284 19374 20753 21083 24365 26181 26526 26787 30345 30821 31149 37935 44251 45391 63311
17 783 1431 1505 2159 3049 4121 5318 5454 5538 5658 5678 5823 6933 7776 9117 9194 9202 9269 10970 10997 11787 12419 12513 13849 13890 14418 15028 16210 16982 18190 18383 18480 20187 20258 22271 24606 26387 27948 28521 34737 34746 37787 39733 45081 46719 48572 63798 67283
77 578 1796 1947 1986 2241 3309 3491 4577 4924 5365 5511 5748 5815 6994 8917 9396 10313 10581 11531 11699 12457 13311 15132 16549 16896 17322 17464 18009 18426 18724 19133 20493 20707 21583 23772 23867 24506 26108 27718 27792 29295 31725 31781 32858 33153 37757 44655 46579
87 473 682 1143 1581 2164 2800 2978 3320 3465 3621 3972 4468 4855 4893 5743 5769 7718 7978 7985 9168 10050 10534 11023 11539 11693 12984 14284 14603 16181 17554 17862 19401 21133 21222 21258 25498 26164 27350 27564 28005 30980 31126 35505 35866 43337 48321 55665 67994
1213 1313 1395 1419 1883 2415 2449 2795 2861 3089 5082 5797 5849 6161 6671 7502 7665 8111 8149 9776 10205 10614 10948 11044 11170 12224 12652 13586 14871 16445 16792 17299 18380 18456 19971 22383 22416 22527 22653 22682 23353 25295 27084 28815 36379 45061 49501 53837 75412
112 248 333 647 1201 1996 2163 2562 2625 2849 3096 4169 4266 4957 6098 6181 7490 7828 7923 7949 11249 12764 14292 14696 14774 14905 14957 15337 15750 16809 16963 17350 18091 18099 21069 26351 27177 32027 32288 32666 36163 40387 41890 42536 45111 47785 53135 57330 64128
198 1268 1606 1893 1993 2000 2893 3145 3155 3183 3354 3499 3629 3884 3965 4198 7339 8275 9251 10084 10530 10712 11652 12697 13466 15753 15834 16294 16387 16848 16924 17250 17362 17489 19374 19714 20392 21658 21795 26527 28430 29815 31792 32146 34839 34957 35996 41149 76918
218 304 603 1324 1606 2107 2499 3496 3668 3896 4635 5273 5628 5737 5837 6239 7220 7333 7483 7621 9013 9069 9294 10023 10270 11975 12630 12760 13827 14448 16577 17921 19536 20462 24238 26140 26451 28033 28812 29437 34441 37592 41832 46656 50632 55230 61528 61902 63175
418 1090 2497 3295 3480 4139 4266 4910 5172 5292 6071 6074 6287 6400 6696 7144 7433 7673 8024 8234 8558 9378 10120 11812 11990 12829 13433 13533 14660 17497 18068 18172 18528 19149 19615 19960 20875 20983 23437 24245 24350 26800 26977 36628 38824 45133 54987 84661 85792
345 616 808 1180 1196 2832 3955 3979 4031 4223 4647 4714 5608 5654 5919 6229 6874 7247 7537 7954 8543 8857 9081 9266 9353 9733 9893 9898 10295 10464 10484 12485 12809 13342 15722 18797 18983 24578 25271 25333 27653 29834 30059 38424 41083 41827 45328 54162 54920
89 1106 1614 1974 2691 2996 4104 4321 4392 4815 4844 5294 5383 5780 6160 6467 8669 8690 10205 10285 10491 11207 11768 12023 12090 13327 13348 13675 13773 14992 16060 16906 17113 17429 17764 17982 18438 18447 21105 24075 26636 27109 30483 32434 34474 37982 46125 47339 63104
87 228 1031 1271 1276 1411 1490 1538 2135 2923 2945 2994 3464 3651 3997 4230 4876 4894 4940 5742 5959 6140 7659 10101 11321 12876 13395 14507 15192 15951 17019 17024 17029 18130 19285 19379 22648 22831 24095 25009 27685 29790 30073 31219 32121 34420 47073 50178 88497
781 817 1164 1216 1553 1747 1785 2514 3313 3512 3897 5315 6485 7675 8942 9894 10246 11439 12369 12481 13276 13881 14005 15078 16364 16619 18091 18763 20200 20473 22598 23188 23402 24255 24998 25174 25585 26317 29094 29280 29895 32055 32242 36049 37052 40674 45109 52545 53086
348 530 1072 1364 2108 2116 2223 2235 2889 2966 3398 3783 3893 4622 4734 4892 6848 7144 7976 7981 8366 9226 10434 10436 12920 14680 14680 15177 15669 16706 19601 19956 20244 20402 21487 22878 24518 25251 28545 28586 29164 31809 37976 42112 45261 48184 63255 64231 65627
448 485 661 1309 1360 2415 2584 3130 3660 3782 3949 4347 4398 4660 4997 5327 6210 7315 7792 8580 9151 9266 9518 11070 11824 11894 12214 12909 13128 13473 14211 14291 14621 15372 15933 16373 17434 17667 20503 21533 23689 25650 27430 29776 35523 36752 38762 66754 70363
172 317 608 1034 1143 1318 1553 1934 2492 3316 3664 3671 3789 4042 4149 4790 4799 4873 5024 5122 5281 6379 7880 8497 10284 10339 11011 11432 12236 12287 13647 13880 14436 15698 16109 16817 18855 19149 20373 23981 26259 26890 27537 28625 36061 36709 39052 74745 86531
272 869 1032 1050 1346 1382 1757 2470 3172 3429 3688 4261 4737 5037 5109 5215 6073 6277 6713 6893 8357 8730 9323 10606 10643 10944 11913 13465 14210 14980 15267 16261 17355 17567 19190 20182 20283 21285 21306 24538 26035 28761 38699 39724 42984 46873 55281 64682 83367
259 691 828 863 973 1023 1247 1308 1669 2325 3092 4494 5577 7573 7883 8292 8449 9856 10033 10184 12340 12754 13021 13088 13152 13166 13323 13783 14566 15439 16040 16509 17713 18648 22882 23077 23610 24112 25006 27106 29304 34223 35757 40248 40492 42930 55554 60567 67603
621 1050 1510 1531 1987 2883 3249 3297 3776 4187 5115 5187 6595 7001 7822 8371 8560 8708 10201 12545 12679 14047 14875 15039 15817 15828 15995 16024 17099 17403 17718 17831 18102 18339 18401 19760 20259 21133 23722 28122 29328 29810 30004 30264 30982 32359 39822 41041 94561
953 1062 1639 2988 3129 3724 3912 3918 4066 4133 4388 5415 6151 6248 6557 7172 7615 8157 8203 8327 8432 8784 10459 10996 12589 13011 13253 14089 15210 15663 17195 17707 19434 19540 19577 21032 23548 23690 23813 26533 28375 30252 30488 31210 33669 37292 41634 55939 61377
424 804 1007 1042 1975 1989 2155 2202 2708 2861 2865 2999 3208 4846 5712 5814 6001 7739 8194 8324 8447 9012 10362 10567 10702 11633 13474 13617 14539 14618 14717 14755 15022 16934 17767 18426 19398 20673 20718 22803 30594 31749 32038 32791 33054 33480 40236 55784 60451
158 482 964 964 1037 1083 1677 2489 2964 3070 3369 3615 4876 5219 5278 5861 6189 6339 6523 6598 7355 8434 8714 9960 10062 10964 11233 11578 12315 13447 15049 15324 18504 19165 20554 20656 23094 26457 29851 34052 34474 35883 36380 38125 40411 45492 48822 52283 72771
63 673 1197 1573 2874 2986 3092 3851 5813 6139 6372 6611 7283 7444 7897 7917 8022 8211 8327 8428 8923 10070 10194 10679 11346 11688 12807 13049 13296 13868 16709 17023 17287 17562 17602 18864 19188 19768 20668 22294 27182 27841 30316 31646 34607 39993 76340 77422 107102
140 1116 1544 1548 1982 2025 2274 3200 3788 3895 4126 5181 5209 8622 8752 8985 9650 9733 9984 10350 10918 11300 12336 12539 14161 14623 14692 15904 16595 17797 18303 18835 18997 20745 21554 21999 22056 23503 23723 23744 26405 27585 27763 30144 32188 38004 44339 54329 66992
244 672 695 1315 1726 1822 1981 2574 2606 2962 4402 4974 5207 5306 5959 6727 7175 8462 9369 9912 9923 9938 10060 11158 12362 13123 13848 14435 15328 15450 16953 17770 18594 20897 21025 21728 22344 22571 23235 24921 33582 35001 37012 40092 41926 44654 51072 63115 66154
78 579 849 2429 2812 3216 3403 4365 4564 4638 4795 4998 5519 5690 5892 6805 7583 7642 8200 8283 9340 10316 10746 11114 11562 11704 11943 13642 14217 14668 16523 16690 18163 18933 26136 31903 32241 33686 34053 35677 37265 38544 40231 40482 45340 45922 49830 56020 56397
40 419 575 773 1009 1142 1577 1878 2655 3622 3804 3841 4190 4730 5516 5961 6509 6853 7132 7868 8300 8301 8526 8644 9174 9739 9793 10924 11448 12232 12337 12622 15805 17506 17936 19098 20946 22462 23248 25054 25442 27176 30528 38357 42688 49155 51527 58739 66639
115 446 514 992 1248 1611 2138 2184 2869 3195 3552 3675 3871 4420 5128 5435 5954 6003 6045 7845 9339 9346 9394 9921 11563 13350 13467 15524 16029 16327 16689 17685 18578 19684 20662 27287 27542 28715 29632 30072 32161 32544 41147 42812 45259 45798 54813 85947 89622
9 742 1081 1449 1757 1777 2158 2442 3649 4389 4633 4891 5074 5140 5748 6669 6833 7039 7530 7608 8218 8422 11640 11653 11813 11856 11965 12512 15029 15223 15283 15836 16131 19298 19563 20834 22439 22568 25869 26057 27728 28053 28959 35509 35563 42963 49348 58633 119363
1 196 909 923 1326 1351 1370 1572 1850 2221 2747 3513 3894 4474 4793 5308 6386 6615 7361 8211 8578 9060 9672 9896 10787 11445 11606 12081 13367 17122 17431 17568 18114 19009 19169 19370 19833 21321 25093 26667 26676 28700 29694 29818 30735 32555 59052 69213 79863
547 1116 2143 2556 2860 4531 4533 5081 5293 5573 6484 6670 6699 6788 7156 7492 7804 7953 8431 8530 8559 10148 10850 10952 10989 11150 11599 12094 12302 13088 15093 15911 15926 16328 18091 19631 21931 22655 23749 24311 26726 27337 28938 30524 33209 35190 50885 61564 84275
890 1040 1353 1490 1584 2740 3347 3565 3621 3680 4256 4344 4654 5517 5592 6239 7191 7904 8265 8343 9241 9361 10203 10350 10673 11213 11941 13050 13220 13774 14206 15150 18054 21362 21770 22509 24542 25254 26423 26688 29565 29857 34973 37762 41330 42464 44083 59946 73527
118 678 1013 1043 1054 1830 1935 2097 2504 2521 2806 3030 3138 3207 3492 3597 4733 5935 7087 7162 7237 7863 8235 8970 9037 9625 13194 13944 14511 15346 15485 16125 17630 23623 25037 26165 28212 29877 31326 34305 36576 39862 46977 48375 49216 54771 55161 62983 73011
553 577 645 1353 2411 3889 4020 4370 4501 4752 5074 5381 6257 6387 6457 6909 7188 8529 10174 10516 10597 10656 11150 11221 11696 12119 13963 14457 14499 16590 16614 17469 18000 20022 20812 21155 21439 21794 21843 22298 25285 26389 27510 27744 29393 30952 34249 36839 40516
75 205 260 1250 1537 2069 3327 4234 4482 4718 4772 5322 5989 6189 6346 7015 7065 7405 7654 7859 8946 9652 10748 11669 12861 14095 14165 14999 16468 16961 17349 17525 21277 23533 24413 26176 26408 31067 32113 34392 37015 38139 38655 39525 42927 44622 48183 50149 86612
455 954 1335 1364 2148 2248 2513 3079 3582 4027 4684 4719 4891 4940 5493 5920 6077 6861 7083 7853 9586 11147 11229 12819 13096 13975 14194 14529 15095 15943 16025 16449 19821 19940 21338 21938 23450 25262 25665 26724 26851 30474 30530 31112 36452 37989 38714 39122 59407
308 447 785 1213 1760 1789 2577 2822 3276 3527 3717 4133 4340 5580 5620 6435 7373 8174 8771 9022 10296 10783 10807 11116 11533 11724 11952 12420 12894 13763 13898 14292 14811 15227 15239 16135 17851 18804 22087 23063 23536 29381 30212 32564 32844 34228 36780 50241 73465
1180 1248 1257 2119 2329 2354 4063 4165 4990 5528 5633 5660 5805 6535 8364 9442 9492 9682 10167 10716 10779 10926 11092 11355 12524 12600 12721 12725 14782 14937 15584 16034 16624 20461 20919 21263 22892 23227 23506 25485 26475 32277 33106 33452 40980 42098 44943 64051 70771
