1000 34 11
2348 14554 15105 23095 39229 67549 72659 130810 147854 202206 203082
18994 23821 26614 51133 53754 54521 70803 72270 91034 138783 310708
2000 12081 13466 23494 28290 29846 34567 110605 165917 182144 313959
7197 14573 38562 43739 51344 57491 64437 80421 98148 110370 388534
28933 30732 35817 40016 60985 67596 69125 89872 96371 102342 302108
12331 13540 29738 44303 48667 68980 85257 104148 145432 174395 196545
2143 25355 26708 43270 44138 55831 55877 69591 97115 135227 390007
22197 31002 41402 52236 71971 84714 91614 103060 122060 129574 175080
1064 8357 35331 42322 44311 48586 52914 77172 117370 213214 268948
10690 19561 30254 41569 57398 63436 96145 104473 113133 151962 237627
14973 18768 50995 62685 69551 76078 92079 95488 121837 130251 190895
9617 9791 14331 22161 34308 35023 51046 74979 85276 210765 358822
333 17754 19796 26119 42427 59898 68873 94681 143803 144133 286457
925 8934 14883 16618 24288 52523 52883 122357 148924 242244 249157
15967 19705 26639 28690 59145 63251 73774 80176 108203 116232 302872
11752 22359 27752 34371 50550 54803 56374 108316 147980 160486 216650
21337 41504 56591 57215 79608 83037 86540 90634 112835 139179 151841
1239 12857 16391 22269 74948 79801 80836 114218 114709 163871 233887
5607 6987 9796 26434 71439 73126 85410 111178 129661 166939 214846
9291 23681 25100 27713 49700 58466 66092 82397 153856 161560 258998
4296 6849 18786 37746 42219 68429 72130 112355 137855 174296 225460
13877 20046 24969 32870 38229 38903 92654 121066 158314 168930 187461
17256 30961 36686 43135 52869 72817 86732 125916 145046 155786 158093
3546 8573 14253 25141 32816 44046 60894 96914 102559 187216 317233
24497 24716 24959 29178 40068 43214 64067 71208 94832 191195 300964
1693 19613 20580 34315 45473 47475 76355 110031 141715 200060 221324
2072 20037 28385 29866 54237 61832 62915 92829 93853 159611 308631
25911 49254 49284 58091 63550 69066 89934 97374 102723 137520 205589
4094 19053 24373 24535 41415 99656 109267 118830 133399 138801 225264
17157 35282 44406 56684 79221 81866 83421 87526 88517 119124 254800
1168 3647 11131 33017 46827 72554 98758 102851 158075 190820 238335
21277 22739 36434 36819 40230 40456 48290 56199 124839 248145 268011
18569 39761 64556 65646 85901 103327 109423 110038 114701 120498 129114
2319 7034 39901 47566 89128 90909 95167 106721 112866 159517 187112
