1000 28 21
797 899 966 2754 7912 9536 10649 17495 19337 32790 36137 46132 48705 49904 50961 67567 94839 108296 110661 119323 129726
428 1104 1156 2950 3228 4843 6055 7945 19952 26662 33362 35167 38324 41570 42869 47064 49032 68883 82462 115112 318876
2482 3739 5355 7531 14738 15532 18894 20260 29566 31752 36241 36730 43770 46594 49572 52390 53474 67817 115527 128310 135840
2334 2601 4995 6070 10742 11527 15203 16079 16512 17975 19487 21145 21339 21790 49411 81804 98260 98663 116169 141845 143405
2172 2606 3240 4828 6234 8384 8996 13682 17528 19557 22735 35440 36331 44439 56548 79273 91522 94023 102666 131827 177222
393 1324 8352 9798 10457 13110 17499 21213 22073 36461 36657 38551 51525 55056 56000 59859 63642 70193 92197 96765 171822
1269 2607 3075 8861 12420 22017 26698 30221 31674 38295 41741 44598 44684 46342 56202 56284 61568 76941 84539 118414 128065
1457 3417 12276 20245 23570 25907 27916 30632 31686 31731 35893 36071 36363 37340 58913 59640 61275 83694 84505 98385 120444
853 2196 7656 9130 12095 12555 15664 17942 21622 25552 38681 49007 51203 54914 55556 63758 77950 83782 94232 108825 117749
131 1381 4703 5342 9182 21720 24223 24525 26265 36481 37482 38625 41782 46450 54716 59755 71049 72700 75198 90603 199458
4162 6212 10717 11200 17159 17425 18619 21058 22099 24297 29697 30981 33331 45804 48528 58516 62856 69178 73653 109707 219988
2809 7320 8615 9269 15253 24854 25077 28519 32125 32719 40212 42106 47887 58077 58145 65730 73596 75341 81768 81823 107162
713 1134 2037 6596 13145 16965 18273 19889 25249 27128 31040 31575 39218 45011 60789 63400 72123 80680 84311 133488 173793
2640 3725 3854 7395 13105 14349 17644 24588 24895 27187 41196 52295 53187 56594 62786 68436 70126 86199 95099 105794 115894
41 4279 4616 5326 10483 16364 19828 20956 22899 24607 32349 32546 35367 40467 42249 51531 55705 87634 93955 146005 183744
1156 5650 7283 17447 18453 21151 23830 24466 27154 28869 30836 35022 36855 40255 40651 48083 73587 97402 106927 109463 158551
3422 6585 9658 13848 15215 18106 19837 19955 23526 31404 40144 41857 43987 46136 51954 53899 66082 80383 83656 84698 176396
164 923 1060 2417 4883 7096 8409 10469 20239 20593 22623 24195 56107 62893 63969 68651 77542 79838 117733 118022 152472
4141 7473 8285 8468 10327 18244 21232 21826 24879 25194 25682 27960 30361 32745 58019 59161 70686 82007 82701 92873 204658
253 4912 4987 5589 5702 12032 15620 16660 26700 31605 35016 47072 57149 62530 70796 79008 81431 81930 87850 93771 98080
1619 2541 3624 3803 14880 17591 20199 22575 23310 23649 23799 32238 36630 42637 53153 55151 89699 94740 112449 119212 124987
6637 7664 8738 9942 17475 17975 21832 24498 28883 29784 33280 40569 40581 43874 53687 55253 61618 68153 85696 125504 152555
1968 4208 6863 8951 12089 12102 16166 16666 18855 29533 30959 37400 42121 58707 61092 67622 86004 100426 101109 115433 130205
803 4336 6334 17193 18630 21239 25889 32851 33317 35673 38937 44452 45555 48943 59368 60187 60407 64155 85829 87136 142297
2585 4601 7828 8203 9466 12746 15935 19148 25899 26327 27036 36283 43124 43236 51749 67504 69065 88999 97273 122356 159777
1338 1615 6101 6623 8499 8900 9929 16847 23836 28580 33873 37961 39660 47381 53144 61870 63066 79961 112509 123736 160782
1801 2775 6974 12390 13613 13781 17994 20371 20416 20842 30996 31026 38549 43448 54601 60577 64525 72933 87466 157752 162403
949 1121 1434 1818 1860 2849 5010 11579 13584 15648 17553 29376 32787 40052 48295 79673 94172 106284 124491 154161 156276
