1000 15 25
1045 4063 6017 6425 14518 14776 15483 20011 20469 23934 29445 34896 35496 36157 38862 39645 40242 47919 50512 52121 52774 54689 55911 56582 148909
392 2457 4813 7036 7860 8414 9499 10038 13534 15010 15117 17007 17336 26209 26254 26575 31304 32461 42244 49155 58883 67321 86927 116870 230988
394 2023 3351 3416 4086 5075 6646 13082 14605 15658 18473 20794 22591 23514 24991 34517 35435 45973 63932 65908 69194 72764 82710 87883 169430
221 930 2813 4402 8316 14239 16248 16265 20200 21409 23264 29526 33326 37856 39640 44006 45951 53168 55347 59485 60457 61589 78133 83125 88974
412 1075 1207 4258 9804 12040 13548 15380 19002 19421 21075 27498 33035 33081 36805 47892 48796 49448 50593 54523 57717 63981 79553 108436 120670
254 581 966 1038 2244 3203 4136 4672 4969 11291 11473 24248 29437 30627 35886 45249 48606 59583 67259 67481 75222 79650 86453 114141 148544
5879 6496 7497 8945 11747 11928 13556 14688 18566 19838 20741 22570 22649 31586 32008 32408 39904 43096 48522 49653 61184 92083 94063 96744 111820
852 868 910 2815 3522 5953 10425 10655 11653 16762 18561 22783 27239 39066 44550 44839 56322 56859 58372 63386 65517 70132 72288 102848 151788
938 2635 3032 3095 3174 4382 4502 4754 4919 6547 6629 10860 11707 13032 16620 22322 32026 50326 52582 56198 72014 88823 93707 107744 243183
3155 3256 3947 4865 5503 8723 13758 19734 20269 20789 21316 22767 23279 28962 32208 32426 37906 41479 47653 58839 66231 80165 97804 111061 126445
589 1926 2842 2869 6737 7344 7696 7955 8982 9270 9934 11348 36590 38736 46325 46999 47085 51485 54506 61592 62236 77511 79377 123226 126734
292 3219 3243 3785 4150 4340 8309 9020 13562 14520 15724 20077 21890 22113 26919 29073 29450 38606 40112 75529 78308 87502 101762 104397 166500
898 1021 1075 1183 2327 3318 5605 6393 13263 15810 23043 34436 34901 35205 42173 44548 45951 57863 58298 64931 65752 69870 90376 98966 114366
3522 4703 5460 5666 14383 14868 15936 17122 18739 20078 20381 21203 22227 24703 25759 27830 30923 44502 46315 58312 60708 80749 101371 109210 112996
872 7161 13067 15073 15200 15825 17031 20169 20426 20774 21663 22752 23902 25800 26568 26725 43257 46759 55010 58672 68860 81734 85501 103013 121455
