1000 25 23
183 2884 9089 11933 13398 15334 16208 19277 21241 22104 25665 34705 38425 40230 46550 50195 50977 53623 60268 66464 67924 82575 166640
232 290 1384 5148 8029 9283 15174 23862 24252 24298 26277 31023 32943 43681 49801 57162 59530 60804 65569 82786 101248 111052 122603
346 4448 8525 11555 12103 14911 15974 16224 17708 21767 25763 31687 33579 42105 42599 42974 46688 54023 66467 76064 101694 102774 125398
2818 6117 7153 12561 14394 15886 16264 20666 22879 22895 25304 27993 37344 41310 41766 42132 57243 61091 66772 83860 101233 110410 120572
823 1010 1801 4759 4938 5635 10966 15457 16710 17793 18246 18839 21576 37170 38260 42982 49178 52117 70361 93441 124938 135919 153468
426 5453 7286 7417 14960 18011 18527 19487 25883 27855 28548 30890 31152 32005 34090 40253 43601 43930 44277 76905 82024 146760 152819
360 3149 7133 7575 7925 8117 10225 15624 21074 31331 32026 34302 40886 48207 50181 52054 60916 61800 67360 72064 94566 96801 123097
1177 3922 4964 5931 8864 10522 16204 16924 17291 18612 21895 25464 26340 31241 34820 38477 40887 55474 67604 88060 113617 132181 158165
4600 7309 10240 13329 13637 15622 18956 20139 21353 21619 22762 27995 30173 30533 35427 48499 52446 56536 62430 62926 91741 97735 153296
1913 2293 2611 4234 4756 5791 6134 13972 14555 15869 21169 21788 24204 29720 44792 44943 48990 49628 63574 64059 64739 67778 305626
1853 4796 5291 6228 7976 10642 10683 20582 27265 32775 33417 41245 43073 47536 55357 60368 60454 60474 65103 72427 92544 100906 106253
2842 3078 5499 12704 19029 22587 23184 24704 26023 28903 30242 30948 34735 36295 37961 59047 62266 69525 71354 72543 87716 92488 103252
538 2181 3710 5836 8590 8720 12832 18322 18911 21884 25087 26870 26963 27168 27197 32629 38889 44490 70855 105777 106427 125060 149868
3569 10498 10792 10950 14492 17914 20611 22642 23486 27336 28328 28595 29564 33300 33506 39892 46484 56620 63974 65361 67243 111546 174920
2649 6681 8281 8313 10788 11783 17728 22749 23963 25337 25882 30005 30894 31353 40096 50228 57230 62404 66760 93422 106686 110156 115298
6543 6548 9470 12756 12926 15966 18587 23440 26375 31555 31932 32231 34585 35913 39519 40257 55334 57432 62268 72102 86468 110195 111504
508 1796 2443 3554 4505 16927 19936 19958 20490 21347 24285 26233 31091 46230 49447 55303 57557 69880 70457 74157 75762 108341 135417
583 1671 2863 4190 4916 6962 15071 15399 15816 16378 24668 24838 30878 31008 34591 36417 36599 54623 57932 85547 106659 164653 166105
1845 4059 4616 5082 5547 10119 11425 12320 16096 18237 19291 21423 21693 22006 24340 24678 26180 42161 63248 64445 64898 122728 308426
357 1648 2534 7306 11599 12381 13429 16106 18791 19759 23534 26638 27244 33997 36778 39404 41470 41503 45864 46198 47177 185106 213454
220 1298 1457 7920 7988 9114 13411 15075 15714 15953 22660 23371 33350 39007 44412 55362 59753 67193 69475 81970 96630 117142 124620
1978 4275 5100 10293 11269 12087 12953 15481 17482 24673 29477 30277 32561 36753 38902 46134 56498 60971 64306 92698 94287 95599 127222
1629 2386 5231 7744 12716 12745 17115 17272 19269 20360 25982 28565 31909 39284 49736 55980 61650 69945 70791 74293 75864 79177 141671
1277 1815 5611 7392 10861 11613 16139 18633 18900 20655 22212 24706 26035 27551 33896 45726 61705 62964 67107 80486 89012 104039 157049
2048 4466 6025 7823 10395 12818 13238 14642 15066 20192 22289 23024 24232 29864 33143 40194 40954 47211 52461 64602 74924 164872 190280
