1000 42 11
16471 32357 47078 56220 60313 64207 73972 100921 104780 122167 212891
3952 4458 24143 24453 44081 71485 74073 140066 182050 186494 194068
25919 27886 30847 63086 68144 72426 77336 93060 147373 156041 185321
10403 34146 36578 45630 57622 65955 79929 87199 114316 121261 304028
2675 4067 14521 20805 28173 72442 111876 115213 131994 155231 269431
19959 21027 28448 36443 43848 52254 52921 81040 97877 180757 341308
30214 37445 46604 56436 60902 75662 93935 95358 112360 113167 157230
921 15974 20580 20752 62133 93785 112397 116154 135775 160657 168818
7660 8309 21362 60233 74549 94746 99686 123160 127729 164512 170752
15621 18273 25683 30998 69057 91153 104907 105767 123368 154056 186098
11777 12105 32509 34486 44250 84611 89460 95532 148949 178756 203744
2730 3200 44447 44921 78449 98980 99293 104179 114685 132144 167217
1971 4444 10332 29526 75207 93383 100287 113717 138739 154686 167409
1000 1249 7688 29830 49869 67450 100689 140705 141641 160604 178816
2174 5844 7057 46890 81177 88344 90032 114926 139712 140938 228958
7101 28138 35101 42770 48440 50282 81638 82707 121845 126599 255170
2188 15838 16734 20601 42117 70467 96485 121088 140213 155154 251491
4494 23925 31405 50276 68541 84528 95565 112028 112177 173770 190011
1683 1892 6409 19735 42685 53454 78040 84142 138780 156760 339219
7749 13771 33387 40167 44328 65751 87689 125907 137619 145493 248505
21754 21853 22136 26330 32593 41862 76618 98675 98861 170954 276438
5928 8305 19492 34217 45465 48776 61144 70058 192995 193736 261388
8052 41172 43333 50494 51199 65059 68816 70899 85218 176937 256500
550 15865 21005 40780 51004 56464 59793 94576 113821 136780 345560
125 5690 14369 27626 35487 42625 48612 103613 134296 253645 276249
1466 5065 5354 19073 20024 50353 138968 139398 139728 145792 240763
6451 8894 31958 34315 42640 50395 55185 76720 92810 106902 394475
2848 20024 20765 38385 43843 66590 107049 113499 123254 126163 273534
5715 36807 46467 50282 71719 75130 83276 86157 118924 152228 158173
1736 15800 20966 30608 52149 55010 68228 79127 117213 221235 292466
270 806 4118 29650 59185 61180 105597 113257 127353 150276 253019
10792 23639 26488 34980 54214 79298 85603 100104 154312 154828 210936
7879 15097 29321 39740 52979 73591 109221 126501 129107 143313 169762
2928 20979 27517 29168 40382 101152 112856 116806 139551 143059 184227
3637 7309 10028 15477 28617 31361 90809 134656 145226 195564 233511
4900 23325 35023 35337 39965 86935 87268 118369 130710 142519 203476
4512 12124 45689 54174 56559 57010 72059 102157 140449 169768 171163
8331 14615 33222 37537 39817 45696 53248 72208 142970 165378 278649
16744 41664 47288 48305 54071 56157 89472 90590 125775 146809 179536
2286 13793 33419 62106 67749 93295 103364 103824 113698 118434 230136
1583 4770 10944 26746 50234 81794 125111 130298 135641 174738 197962
12245 18172 21151 21763 45730 49683 81000 85704 111511 177128 253270
