1000 37 13
9424 11093 12181 22691 36319 37967 43570 87976 99538 125198 141204 141413 226467
11209 14507 18959 28981 29040 47280 65455 66224 73915 94394 161298 162242 220121
625 17791 21628 22971 34216 37335 48263 71741 82842 111672 152417 154620 239124
2018 2259 11399 14906 27953 39742 40595 45703 80371 88080 173849 217608 250170
6982 23739 37308 43151 58466 58490 58773 59313 59702 94349 98201 184709 210531
367 2971 4255 14810 15419 19109 36090 45240 132522 149606 163688 179532 232643
4627 6647 8323 8338 11807 27165 31905 37993 79931 110193 161872 187596 317796
2226 10190 30742 31060 31638 35396 46726 52360 55220 100412 110216 197321 293365
2225 17983 26768 36566 42489 52361 53988 65136 82299 111342 120902 125512 256387
1857 10813 12837 16998 36910 37283 51796 64079 70555 110883 151819 175210 253846
2788 15923 20965 45936 57952 65745 74181 77578 83330 99694 102143 131272 218745
7877 11374 24391 28728 30906 34735 50377 113114 121569 124492 129106 142726 178191
542 1529 18056 19702 20772 60629 70717 83623 86541 97812 113501 172762 249012
6202 9434 12847 24559 25785 33028 40846 63663 103274 134610 147970 194853 199621
5719 13716 17460 17734 32012 37056 44809 59422 75544 90153 132296 135422 335843
9406 10318 15981 18368 21066 26622 46731 52851 55715 89990 106759 202408 339884
7860 16574 30463 30957 34516 52955 54795 57976 97616 104834 118664 142282 244859
14884 21778 26444 41709 46429 47030 60338 63668 71870 72114 89321 200788 237191
10105 11422 16788 23704 35046 36621 45989 50654 54859 68560 111258 165688 365619
1099 18870 20690 30324 30913 32718 46508 57341 100170 125848 129105 134239 267951
2119 17001 17601 19402 29452 40268 49700 75988 86769 89275 104064 129192 335896
3165 28261 56856 58827 61807 72238 75001 80673 83741 98124 100166 107542 167860
3029 3829 6394 7884 16865 27493 28447 31669 33510 120402 123732 144849 446329
12151 14195 15985 34779 48631 64342 66544 66832 94337 95578 98117 142874 242723
12 12532 19968 27295 50766 61639 68503 78355 82706 83871 153776 156999 199944
6950 9349 13829 19860 25414 40146 48114 52018 62540 112660 185239 192298 228198
5971 26149 27298 28795 38230 58165 67623 82240 87707 97289 113336 152900 210351
608 24733 25128 28482 34603 42808 60737 65103 66901 87468 136790 148965 272585
3122 14625 25921 47701 58748 66517 73663 88822 95023 103186 111486 117175 189463
8894 9237 32143 34208 40663 46469 58021 87578 102317 110418 114228 147671 202799
4771 6899 13824 24538 31221 32659 34391 44702 57687 66212 98700 226723 351730
7463 14325 16914 21944 22601 29040 44836 52968 76342 112973 116540 125853 354771
23408 27777 38079 45298 50105 52472 57841 59639 64933 66689 84691 208178 216595
5077 14561 15907 19175 23389 30624 57886 59704 71784 75402 132322 137278 354522
10715 12726 13596 21168 22098 24877 35833 36189 71903 75649 80006 151354 439576
4531 12450 12824 16838 26650 35076 46232 80238 105169 116834 142567 157177 240595
2951 3741 9294 13450 22654 34636 40544 55692 70758 91728 119425 176183 355662
