1000 44 23
1036 3559 4500 6537 8553 10441 11245 11833 12111 12862 17961 24776 28586 28597 36373 38209 62525 70940 89036 106911 107112 110426 160085
960 1143 1151 6773 7789 11038 11651 12073 17939 21286 24657 24968 29318 37287 47022 50083 57073 64631 66524 66801 84219 156309 175874
805 2038 3344 5203 5630 6039 10493 10526 15418 22962 29708 31470 38100 39602 40485 49564 57843 66380 66762 79987 93940 131200 166104
2741 3175 6707 7710 8517 11520 20158 20666 25285 29541 30629 32396 39107 40043 46058 54923 54961 60975 82316 86135 89030 101080 117956
113 607 3007 3237 4227 8453 16045 18393 19296 19778 19865 21208 25989 34149 45714 58851 69221 82155 91967 93786 102098 109930 125117
1057 1801 1857 2062 2314 5947 6320 10534 12001 13566 18743 20462 21841 22903 53145 55944 64894 72832 87890 88907 101839 148620 149229
1808 2873 4542 4901 4940 7627 9121 9626 10704 22359 23319 27543 32086 35266 43335 51301 55326 55759 70304 104494 106045 112795 183004
2198 2263 2434 2708 3000 5555 7129 8818 10179 11791 12977 26815 31812 32323 39548 55950 63454 78991 80416 98508 118654 129235 140315
783 3551 4748 6090 11117 14997 15409 16564 18869 21010 22083 25028 30233 34572 49257 52002 56361 58534 71679 74644 84129 85028 229000
3707 6309 8310 9452 11698 15531 16642 21104 26736 26883 29604 37590 38385 39152 40536 46738 69436 70256 73366 85399 87544 91137 111734
672 2788 8102 9253 9850 10414 10896 18830 20377 25548 28944 30234 30531 32522 35206 36637 49239 67247 68366 73228 98330 102279 191458
4208 5749 7852 8499 8543 11059 12433 18924 29111 31594 33858 35799 37227 40484 40702 41898 48660 51208 58275 71618 96084 119176 156167
808 8266 10261 12548 14513 16353 20802 23774 25505 27005 29615 32781 33659 38574 40799 45416 51142 51583 85419 94432 101881 102196 105838
4294 4750 8508 9526 14397 17064 17230 20628 21794 25815 28075 36412 41982 43817 44157 46957 57792 57852 65645 89134 93858 101853 130818
1731 8697 9515 10182 10404 11124 11309 12360 13838 14869 17820 21945 25442 26879 30988 35388 48062 50208 62422 93310 113523 144134 200883
846 1030 1711 3558 7442 8188 8295 10371 10484 11198 12389 19621 27212 29881 40885 49525 66256 83120 85153 92587 127710 128947 140783
8163 9316 10069 10585 10767 13559 15140 22500 23714 24002 38452 45147 46461 52065 53684 54173 56025 58721 72059 72649 81607 98054 103261
1621 7303 10329 10876 11172 11442 16932 17706 19837 27724 34752 35152 36432 37793 40605 45788 54252 56430 59367 72248 99870 117296 144344
2741 4813 7489 8264 14881 18684 19471 23112 25826 27627 30691 32453 33373 33401 43521 44010 51175 55515 62073 72610 111160 129858 131462
304 5076 17248 17796 18864 19596 21098 23581 27877 30436 33694 33803 41461 43215 49233 50842 51246 52507 54632 62757 65891 98226 147975
143 3325 7189 10007 13028 16311 17726 19245 19875 25473 26337 38372 38653 45533 48561 58387 59303 59364 62229 73229 89225 98651 134900
1788 4273 7004 8099 13859 14207 22046 23166 27852 28358 31711 32364 33310 36678 43688 45582 60623 61858 63585 65907 98700 104968 131155
552 1149 6136 6563 6601 9803 11449 12345 15225 16494 18387 21031 21300 34797 38420 64397 69157 93565 100592 101118 105753 105944 123891
3449 4086 4273 7047 10547 12901 19752 20050 20075 23390 24152 29411 31861 37538 37682 39075 64446 66533 68812 75492 102751 115830 149795
3736 4219 5358 5517 8880 13882 27574 32978 39834 40533 41012 42346 43617 45979 47346 55226 55362 57506 74929 75502 76532 81469 82103
33 84 620 6285 13149 14675 15200 16955 22962 27107 27653 27697 31704 40503 40922 42410 48379 61289 74056 86237 89068 143305 143553
1520 6009 6335 8108 8190 10650 11641 20790 26946 31526 37845 37895 41541 48628 49474 55489 59895 67781 69793 70598 81351 99478 132985
4980 6856 9005 9702 10961 17202 19251 22946 24509 26109 26777 28894 33682 35143 36960 39552 44206 57588 70265 72456 79987 138285 164878
2089 2249 6041 6341 15742 20232 22340 23376 23754 24155 26096 28536 30376 35052 38357 50259 54182 57089 79967 98638 105221 114059 119523
436 2592 3009 3812 4037 7855 12803 20873 27531 27534 29610 30022 30875 34618 37431 43960 44890 51637 74801 82999 99767 132437 157738
1280 3835 4142 5371 8737 8789 10395 11736 12306 12441 22482 30237 30879 31702 31926 34771 34978 38534 44236 49988 93936 212938 249988
3181 4137 6883 6978 8294 13199 14210 17396 20745 21469 23339 26701 38389 40258 41663 44139 49541 49679 53273 104526 113302 116441 149603
474 3106 3341 10247 12551 13618 13796 16975 19132 27255 29640 30204 31055 31295 33157 52152 59770 60208 61470 64550 64880 144899 181822
492 1869 2636 7509 7735 8260 12763 18286 19097 19320 19740 24537 26033 27898 33848 43226 44457 57247 63259 85149 96404 129587 218997
1664 1937 3009 5832 9390 9919 11681 14832 18553 20107 32030 33599 34372 37680 38137 42932 46864 53407 55757 58303 85023 124516 243620
843 1991 7191 10001 14040 15909 18002 18464 19412 20878 22057 24865 37796 40335 42645 44559 62435 67779 72669 98842 101415 102865 128677
680 9253 12593 14157 16668 21589 24159 28627 33399 33538 36558 36709 37554 38814 46263 46879 49814 59801 69172 69758 72960 92334 126769
472 1669 5230 5589 5724 7686 7898 9967 14602 14843 16591 17328 19732 39176 42148 43775 63384 68917 78513 80261 84907 103010 241745
1271 2089 6323 8359 16803 17445 18480 20611 21925 22892 24396 26997 31222 34624 37032 45390 54619 60045 77332 85885 104034 118027 131838
2435 3602 5727 6112 7353 8118 8530 10111 10958 13272 14478 18834 19822 22341 24545 28830 67674 80501 85193 95130 113155 125408 207041
5483 6257 6676 7610 8065 11154 16152 24801 25333 26649 28201 35893 43898 45126 46827 50331 52567 71788 80057 84499 84739 89107 110103
247 4640 10168 10551 11352 12306 12411 16481 16854 19300 25527 41418 45809 46312 51084 54750 56437 57255 72818 89450 98125 98137 133020
1808 3450 3463 5323 11288 16885 19281 19862 20362 23464 26645 29577 32983 33744 36199 38552 50273 53277 61672 66175 93875 139690 193569
3880 5009 5830 8014 10803 12329 14744 14932 16711 31069 34097 34398 34942 38569 47392 48121 50989 76677 77759 85337 97751 108116 125087
