1000 12 13
720 2269 8314 18212 22515 24742 28039 29636 33233 34139 81437 171643 246482
2457 2700 9587 12330 22939 29188 31662 32424 52451 75751 102536 149031 183200
1824 3094 9650 13186 17623 20334 44768 64921 73384 75405 86302 118494 176154
3201 4042 9220 17008 25195 36993 40374 72757 79850 90202 106863 141872 238280
1953 12192 14184 17029 22749 23221 33639 47116 53941 54699 54892 113070 304525
2116 9412 18659 26919 27126 33849 35986 41508 82473 91895 96481 106537 205585
6282 8753 15613 18902 19160 19903 21390 42963 60613 85825 125898 187546 192849
12548 21158 22664 23472 23809 40765 48661 63883 85701 104101 122027 137157 152046
9991 17280 19549 25811 26371 32670 46954 63764 77775 80588 100730 110773 113686
3137 8227 13256 32981 33150 33509 34823 41517 41927 45785 47027 133597 295310
150 6031 17351 18608 34952 36941 41216 42757 43695 70636 94756 109881 167602
7355 8688 22467 27208 43365 44234 53281 63152 86618 89914 108543 117743 180000
