1000 50 15
6289 7675 8071 10988 12532 14411 41289 42498 42685 47110 57349 57442 121332 133495 225406
13545 15788 18084 18100 18870 30607 36857 45142 56038 62540 75647 87301 94390 101265 167694
3093 10974 17372 26857 28645 28979 29726 44480 65674 67600 74490 76689 84803 129075 221878
10437 14896 23986 29892 30471 34356 41969 45206 46508 54590 59971 77013 95562 134223 154766
6771 12858 13218 19397 19434 20543 21621 41450 41862 78828 83771 86866 87044 96732 241717
10359 11513 12494 13595 18449 31206 38798 53302 61888 85579 91478 106067 108655 121446 164012
1480 6088 8221 28099 32981 35186 36422 47577 50640 61691 76926 77142 91797 123939 137106
14540 17264 21971 23857 26322 27712 38646 41352 42084 66451 77599 88717 113997 118904 171666
3284 3860 5360 17714 18191 29085 35726 36344 56733 70865 85572 88573 122879 146836 182355
1234 3584 7655 8236 19015 21965 23008 24263 30963 32207 60603 85366 129137 165707 219737
6381 9250 11830 17165 28246 30624 43014 49570 58755 68899 79752 88869 112651 112726 168842
876 5203 9706 15228 16209 22291 22664 37685 55393 71126 79911 90654 102771 114158 279962
2631 10721 13611 16311 16437 32605 38522 45509 46284 47937 50599 70703 92665 124442 233571
3687 4173 7866 9658 12460 15993 20125 41078 49864 57265 77530 105211 125247 148458 165694
46 999 11878 18986 35122 43277 46519 52340 69932 72612 73031 75628 100687 129391 130605
3982 7327 8645 16421 22024 32476 36708 54239 60932 68985 92253 93074 113057 114191 200863
745 3522 6552 12936 30998 43623 43868 64390 70473 72947 89806 96132 97650 128644 160969
2832 5460 14260 14497 17987 18371 19096 34037 38717 46731 51200 53698 61806 160454 275699
1326 5329 11668 12140 32080 36401 45199 53302 54539 80819 82506 94411 99470 137740 162892
3373 6302 8502 26982 34955 34967 38824 41002 55681 62303 74222 104623 107474 117122 125733
7929 16845 17264 17470 18359 20072 24986 25470 54080 63556 72218 77761 97604 125705 173849
158 7315 16724 19254 19324 22066 28567 49938 60710 75763 80173 115132 115867 124122 151910
449 10215 17099 18608 21315 28057 28355 30286 39581 41337 49062 86347 93429 94163 360629
1990 3006 8400 29678 30991 40380 50445 62369 66244 78808 79104 86189 101448 110697 146745
9779 11500 17272 18338 20630 22874 28882 35034 70586 72666 92909 112782 118139 122336 177231
864 1258 1719 6139 7352 10448 11191 34038 37382 42692 71236 79047 85697 187168 229911
51 10929 12757 17591 17679 30055 44075 57487 76639 91011 94106 101794 104496 117234 123923
66 9673 10716 16289 17636 18243 25940 54984 58687 61714 71520 73615 82320 157845 237522
2014 9580 9706 9897 10122 20955 22281 25580 30975 38586 56233 70522 80917 209203 210529
402 3387 8060 9823 13792 19703 27413 29413 37080 42081 49240 65599 104441 224050 244388
4588 7405 12729 18168 20349 26589 28492 31695 32396 34247 36738 53869 116025 201095 267623
7848 11147 12988 19410 21832 35635 37826 43444 46121 46438 69329 81782 86925 90396 229553
3623 10782 18917 20250 22139 27477 38581 45675 50216 51910 70572 88091 128256 151254 201825
1980 5009 6614 14063 19515 26791 31751 37066 46283 56540 65148 66780 97647 168820 183888
1968 2562 14416 30534 36207 47645 53103 61465 62014 63620 70032 71060 86087 108648 124985
5969 7749 15307 20666 21960 22382 25787 41580 50899 80629 83781 96630 102928 115644 189969
2761 6973 11189 12481 15766 16044 17788 34088 34530 41911 57645 110511 129850 130029 304020
1611 5755 9200 9417 10665 10805 13214 14800 49465 57643 66682 76367 141672 204276 237188
6078 12471 14807 27974 36096 40726 52524 54114 54567 67250 78631 79691 85065 142108 162041
10880 11434 14681 15594 19726 26620 37758 45323 50337 60420 61512 67367 107913 175640 179056
497 1408 12356 22699 38977 40542 43147 46610 50192 65258 74038 74154 81706 106644 162462
2099 6488 6864 6933 14818 24389 28414 33733 40955 44905 46245 69146 78778 105745 336618
4901 12650 22715 22742 22898 33916 43544 50872 52617 66344 81274 82005 93035 117930 178826
225 9702 29129 29409 40365 42220 56951 61367 64787 70424 74331 83232 93423 122328 140679
937 5484 6554 9633 10385 25130 27684 35206 36375 83522 89195 94671 129202 152169 221357
682 5899 9092 13470 22088 23309 26337 29180 55067 68262 82053 89231 102301 144451 155858
6550 7214 14764 27788 29805 40227 52404 56389 56949 68785 72878 96785 112616 138529 139597
1759 12280 29283 29414 31724 42683 52681 55284 65995 67766 67959 72236 73621 153732 170348
1078 2656 6409 6834 12748 17202 23538 37229 38176 40871 46562 47091 53074 169277 322654
1669 2109 2433 2452 15725 21526 31896 33433 43583 44263 45944 91341 128308 134714 254149
