1000 36 47
320 337 448 2162 3799 4040 4225 4668 4779 4792 5921 6035 6132 6456 7034 9477 10200 10786 10910 11120 11405 11652 12106 13027 13639 15843 16900 17086 18007 18682 19787 20514 22244 22891 24708 26205 27094 27772 27947 30289 31361 32471 38317 39127 40157 42939 84470
145 1016 1578 2045 2350 2758 2772 3288 4137 4347 5092 5304 5508 6087 6142 6377 6947 6977 8818 9554 9760 10337 10960 12101 12176 12622 14253 14387 14864 15662 15925 16227 16608 18428 20437 23254 24342 27243 28948 30988 33932 34557 34728 37623 41159 51345 52681
414 532 680 1064 2295 3445 3669 3852 4880 5124 6468 6632 6980 8394 8468 8578 10744 10928 11886 12142 13219 13491 13694 13756 14084 14413 16872 17359 18171 18271 18479 19454 21541 23966 26083 26291 26557 26756 29146 31884 32626 40576 50889 57671 58769 67365 70915
789 860 1372 1756 1888 2127 2326 2978 3249 3277 3400 3466 3557 3957 4410 6113 6219 6711 7195 7412 8598 8779 10608 10622 10748 12453 12718 12805 12936 17005 17495 19433 21357 21412 22026 22871 23769 25598 25659 27143 32726 33088 33641 41280 46569 49416 67894
213 297 867 1190 1227 1386 1633 1805 1918 2663 3999 4384 4803 6479 7558 7902 8275 10033 10970 11036 11150 11759 12892 12947 13212 13231 14087 15617 16347 16797 17369 20030 21230 23062 24062 24771 25825 27907 32907 36625 37232 38194 45182 46369 61127 61967 80139
24 777 1272 1577 1593 2223 2417 2529 2648 2936 3114 3545 3568 5226 5425 6581 7019 7039 7092 7198 7786 8769 8905 9575 9673 10854 11227 14733 15060 18074 18175 19233 21672 24724 24896 26038 27997 28496 29124 29223 31913 42207 45206 48026 49095 65462 81347
53 606 800 1187 1690 2090 2422 2583 3039 5468 6435 6656 7325 7938 8837 9808 10549 11291 11294 12385 12615 12639 13309 14882 17063 17546 17894 18678 19403 19692 20281 20432 22567 24291 28028 28861 28924 29479 29727 30145 31839 33823 39475 43872 47096 48130 53552
110 345 731 1004 1466 2439 2704 3158 3201 3489 3643 4734 5306 5411 5890 6814 7282 7292 8058 8333 8501 8948 9097 9394 11326 12351 12368 12428 13010 15243 18302 18761 20190 21799 25038 25079 25357 25879 27917 28793 31313 35670 40585 41676 43300 46347 48505
353 494 1529 2382 2524 3488 4007 4275 4431 5423 6109 6294 6729 7648 8171 9008 9136 10800 10963 11210 11262 11608 11637 11989 12019 12421 13784 14443 15905 17018 17989 19623 20573 22917 23468 23759 24601 25580 30565 31251 35917 39168 42622 42811 44924 45376 87984
813 1851 1864 1881 1996 2399 2694 3032 3035 5805 5887 6075 6143 7130 9126 9778 9917 11651 12479 12511 12723 13072 13340 13541 13559 14339 15328 15989 16258 16354 19346 20035 20250 20650 20955 21674 22250 23072 23681 24323 26093 28230 29525 32758 37959 39122 70471
201 245 732 1109 1346 1495 1933 3321 3323 3495 4603 5015 5264 5634 5723 6996 7925 9204 9283 9448 10624 11724 12988 13987 14002 14450 14533 16891 17300 18639 19013 19452 19787 19798 22345 23115 23690 24170 27541 31044 32045 32923 35478 42344 46601 60191 83669
75 296 635 1800 2352 2832 3131 5323 5382 6435 7211 7790 7898 8044 10195 11825 11891 12074 12814 12899 12937 13792 16011 16755 16849 17035 17378 18290 19498 19592 19646 19703 19994 23414 24062 24091 24457 26214 26751 26881 33067 35359 37875 37962 40373 43753 47463
633 1157 1330 1464 1527 1587 2811 3159 3206 3652 4769 4900 5224 5281 5372 6215 6452 6684 7124 7135 7545 7605 8339 9357 9623 9625 10889 11935 12802 13558 15725 17456 17586 17597 18227 20884 21739 29619 30672 32826 39707 54774 61317 62487 64443 78661 112622
58 376 535 1049 1749 2439 2767 2779 2789 2999 3690 4250 5891 6132 6440 6583 6597 8786 8869 9315 9650 10194 10276 10467 10756 11069 11168 11265 11980 12128 12692 15003 16195 17270 17754 22272 23593 25051 28267 37736 37891 44115 44605 46795 54152 56668 100007
428 1061 1120 1886 1908 2246 2633 3642 4264 4468 5072 5098 5705 6920 7048 7296 7586 7927 8302 9518 9694 9856 10317 11694 12829 13281 13838 14071 14438 14523 14947 15139 17816 20601 21983 22368 22786 24890 25775 26811 29177 32873 33902 36901 38245 71970 132181
303 817 1373 1509 2367 2855 3406 3433 3982 4149 4216 4495 5840 6608 7055 8241 8264 8845 9082 9434 9455 9743 10833 11743 12043 12507 16017 16184 17064 17854 20555 22208 22402 22997 25900 26077 27213 27314 29536 30408 31309 31575 33214 33261 38796 62430 70502
460 864 1155 1768 1785 2240 2319 2348 2726 2974 3258 4134 4733 4934 5096 5519 5719 6557 7921 8678 8988 9534 10660 11127 12498 12582 13744 16184 16448 16612 18472 19171 20242 24449 25099 27155 27726 28218 33292 33537 33640 37235 37846 38517 41440 52334 75374
599 600 1056 1057 1720 2668 2948 3160 3703 3867 4779 4939 5638 6050 6787 6789 7942 8087 9892 9939 10280 10357 10548 10678 13406 14413 15885 16072 17079 18419 18863 19903 20348 22990 23228 23498 26823 27398 30373 32013 34430 34764 37499 40614 48177 50981 88450
276 392 406 1187 1246 1929 3124 4192 4257 4548 5202 6311 6455 6530 7338 7497 7785 8219 9109 9301 10754 10755 12645 13597 13637 14179 15657 16366 17006 18441 21139 21584 23246 23884 26224 30034 31706 35751 38136 38934 39822 43708 44308 46579 48969 67791 71190
400 685 1049 1153 1212 1630 1784 2653 3779 4020 4360 4740 4819 4895 5922 7004 7424 7545 10735 10994 11694 11708 12749 12860 13109 13191 13397 14042 14973 17162 18006 20811 21028 21832 22502 24130 24464 26325 26617 27260 34260 35470 36872 41666 42199 50417 58312
512 524 586 1845 1934 2181 2647 2680 2724 2986 3382 4906 4985 6137 6946 7058 7345 7423 8993 10868 11427 11752 12280 12612 12673 12715 12730 13748 16191 17440 17903 18243 18353 21023 23466 23918 24795 26061 27461 28183 31034 31752 37032 38182 40846 46144 50855
328 370 583 962 1667 2626 3768 5000 5001 5535 5944 7178 8200 8202 8867 9019 9720 9839 10222 11297 11686 12597 12723 12923 13249 14481 15166 15974 16943 17163 19039 19548 19870 20706 22058 22606 24154 25746 26891 28812 30924 35809 38818 48050 51188 63434 63567
485 607 937 974 1234 1308 2831 3170 3426 3784 4338 5132 5151 6725 7289 7610 8126 8612 8854 10944 11089 11357 11450 12210 13289 14153 14799 15066 15266 15690 15847 16738 16934 17779 18117 22996 24085 24157 27869 28011 31131 31720 31743 33740 42145 44212 65460
219 658 763 1326 2028 2090 2182 2426 2428 3835 6518 6986 7125 7326 7477 7700 8736 8917 9618 9805 10505 12159 12287 12387 12591 13675 14149 14605 16157 16488 17386 17472 17566 18191 19136 19565 21477 24627 26006 35045 37551 37985 38174 42391 45987 51973 58322
23 247 368 1130 1845 2109 3739 3921 4209 4499 6381 7535 8568 8840 9374 9475 9804 10047 11195 11221 11976 12703 12973 13630 14873 14914 15890 16625 16696 16885 18040 18345 19071 19187 24283 24474 26035 28115 29322 29694 30778 32357 40381 43019 48962 72596 88047
83 1144 1215 1403 2836 2875 3010 3761 4996 5022 5442 5485 5540 6713 7553 7568 7717 9600 10519 12140 12731 13523 13962 14419 15229 15465 15624 17212 19292 19572 19842 19953 20643 21575 26245 27455 31191 31705 32495 33155 35804 40755 43177 49180 61130 64504 75147
581 1517 2988 3526 3731 3856 3885 4124 4429 4578 4640 4949 5011 5344 5663 5766 6187 6340 6453 7218 7786 8025 8324 8441 9463 9880 9950 12291 12379 13899 13909 15488 16455 16567 21262 21713 22920 26321 35752 39801 40353 42307 42347 43049 46312 47119 49458
706 731 814 859 1012 1239 1352 2017 2482 2741 3019 3183 3695 3919 4838 5073 5184 5867 6223 6454 6776 6951 8275 9045 9878 10388 11501 12252 16622 16673 17005 18848 19883 20579 21453 22588 27297 32244 35475 39474 41236 43785 49707 52330 54627 58068 73064
539 815 983 1317 1787 2858 3030 3338 4223 4725 4787 4823 6256 6508 6546 7068 7338 7847 8321 8477 9114 9365 10959 11666 11780 12674 13937 14285 17143 19343 20241 21597 24200 25228 26345 26658 27465 27500 27962 29298 31997 34104 34412 37203 40128 43107 63354
173 260 724 1260 2202 2282 2366 2547 4140 4467 5042 5103 5354 5373 5385 5673 6085 6094 7100 8699 10043 10651 11053 11372 11670 11929 12121 12123 12461 14270 15005 15092 15351 15682 19425 20205 23241 27336 29032 29733 30081 33168 33600 44761 48595 53777 56743
271 907 939 1044 2157 2332 3249 3264 3668 4729 5434 6091 6392 6588 6789 6825 8010 8542 9070 9262 9267 10961 11210 11332 11740 11752 12921 13811 13887 14254 14609 17000 19850 20136 24489 27266 30693 33504 36923 39404 41168 41756 42477 48721 62589 63592 80236
617 691 889 1093 1143 1712 1971 2185 2247 2424 2743 3008 4798 5028 5760 5974 6493 7037 7403 8065 8637 9788 10514 11069 11542 13709 13829 14102 15476 16357 17656 18402 19735 20357 20473 21007 21048 23647 30737 32879 36239 39996 42368 46991 50129 62391 77815
63 1002 1329 1432 2306 2333 3441 4920 5446 5491 5660 6503 7156 7531 8351 8393 8599 8613 8990 9206 9720 10755 11251 12089 12679 13217 14817 16061 16842 16888 18335 18755 25103 26471 28561 31618 31885 33099 34069 35091 40007 40952 42741 45640 48362 49317 65183
374 448 548 1027 3367 4006 5557 5759 6633 7420 8847 9343 9388 9494 9887 10287 10648 10972 12041 12046 12088 12565 12987 12993 13321 14169 14508 14765 20309 21929 23035 24940 27548 30073 30191 30501 30869 32327 33783 34515 34636 36393 38639 40659 44994 49524 65598
157 1218 2008 2020 2140 2380 2785 2910 3396 3611 4004 5274 6061 7344 7998 8286 8445 8951 9197 10156 10444 10455 11848 12195 13118 14016 14426 14543 15933 16344 17903 18955 20231 21002 21916 22148 25567 25870 26348 26497 32967 35919 36458 40445 41431 59573 85186
314 628 1739 1753 2082 2252 2315 2894 3692 3808 4590 5418 5508 5597 6296 7141 7186 7620 7720 8114 8559 8729 10700 10874 11062 11272 12056 12539 13007 13806 14594 14970 16367 24510 24527 28314 28404 28962 29289 32716 33596 37502 40848 42719 49493 54630 65525
