1000 18 17
1219 5381 5438 8676 10407 14444 22353 26041 31568 33883 36405 46529 54054 79756 83299 102539 387112
1282 10470 12577 13639 14574 16406 17366 30730 34582 43526 43681 55735 84639 92448 105131 147041 233719
6057 7931 12546 17581 23838 27416 32865 36911 38646 48735 51983 54867 57948 64418 92718 163910 208554
326 11222 12287 13433 18245 19822 20383 24602 48797 63273 75184 76949 78692 104308 107435 142104 147027
11685 15351 25512 38199 40297 41159 41195 50179 51739 59391 62277 66435 71498 76636 90982 91092 100509
1453 4819 6538 9119 9412 11778 15447 22028 24687 37551 51291 52883 70654 74282 167432 185834 208061
2056 2240 6362 10773 12802 14792 17564 18929 24423 30766 45834 46168 115347 120019 129674 161211 179377
2939 4998 8885 11378 23546 23681 29583 30301 35941 37531 56615 59066 77421 82664 109042 112546 236146
263 3836 5061 8947 12054 18638 19144 26700 54087 54324 55570 62259 64315 66969 126678 147818 177162
55 5810 6478 8887 11601 21725 24190 28461 38632 61263 67172 78558 83511 86614 89475 112573 215505
1208 3935 5742 12860 17401 28169 33488 39619 46346 57147 69488 70228 76499 104123 104204 131414 138111
502 1314 6673 17713 22057 29188 43816 45711 46986 48891 61202 65934 90815 101294 105311 116619 140359
10079 10189 16809 21014 22335 22618 22717 31650 36843 42858 46096 51799 60351 64792 92537 135531 221699
1595 6565 8605 16063 16932 22950 29623 30740 33747 34173 47186 61503 89950 105148 107317 156636 190504
4712 8106 13764 18577 22862 32392 39336 41098 41713 46368 49860 84123 88108 96311 97526 110215 147304
5049 6921 8099 16380 18995 27003 30312 30776 36922 54481 61262 69950 72540 76850 102275 136943 180483
6502 11337 16043 29792 38940 42458 46106 48271 51248 53364 73167 73671 74483 77488 82195 93535 95768
6146 6759 8628 10393 13571 24278 27485 28815 30970 60800 69150 79488 96382 111398 116969 118853 134900
