1000 15 7
2388 39927 78333 134927 137548 236769 286039
29583 40434 53039 60010 153739 258534 359322
69917 85397 109503 115660 121971 192229 253920
24435 78221 146983 147823 156744 173417 241907
47366 63691 93972 124216 127641 253647 254029
25099 36031 45415 62340 101924 192506 491347
27666 40165 47538 171018 189436 215562 238281
40813 88586 135260 140368 160377 166572 190932
21509 34312 51393 80614 129719 266778 335241
12370 96155 98134 120189 157259 197642 287523
39374 48996 79001 130734 141235 238533 291579
15789 55192 67117 110709 129907 130478 460081
2667 17935 26883 77556 79847 229553 484076
31959 38429 79831 88661 96248 149209 448752
17914 54192 59798 67145 166450 167014 391903
