1000 33 16
6535 11637 19654 24381 25162 26043 29493 40501 44470 47969 55182 59076 71039 93413 107190 129580
6951 11353 11537 12122 12244 17137 21941 28943 31764 35151 35177 37227 93616 95341 99226 142168
1045 2632 2893 13188 24147 27538 30840 30913 37032 37952 39966 61565 65251 69949 87153 163351
2089 8606 9232 9814 11959 13955 25419 29432 49610 56520 63487 64939 65125 86382 97600 121180
2091 2420 3401 4233 5722 13417 13809 21088 23503 47117 63236 92415 102512 104890 135855 222701
4338 4759 5930 6342 18401 23210 28786 38664 43177 44781 73917 73932 88725 92002 99242 111481
876 8515 8564 12045 14583 18851 19136 31369 37341 38577 44119 60462 67117 93756 127285 139133
788 9226 11840 17222 20524 23183 32265 34204 35131 42319 49714 55133 75537 88505 91306 115000
7094 10448 10651 18324 22605 28009 29964 33552 42362 59539 61155 74740 90961 94517 98355 122114
3132 5446 8494 11744 15791 16318 30440 32756 36360 66637 73476 97277 104530 110177 128386 133311
736 3707 7610 8800 21950 28953 47851 49274 53534 62399 64332 76282 82861 99003 117433 121126
1437 4894 5477 10160 13125 44217 49906 50497 51471 57125 64002 69268 74457 91838 96367 96958
4129 6538 7288 8615 16796 20809 38224 39156 42909 48157 51767 56515 56670 81972 98268 141681
2717 11853 16716 23263 25546 27536 29454 45477 48534 67777 71498 76573 86124 88358 92054 121146
7562 12941 16852 17089 19104 20400 21905 29831 49622 53806 56593 83781 93651 102980 109600 130274
435 5279 10286 16113 22389 22598 27049 27896 28099 35731 48357 71570 85674 86785 101910 169333
854 3380 9018 9397 11493 16666 21162 22810 23985 35027 59702 61705 84897 123119 136390 141106
3229 4615 8364 11983 14821 18266 24375 32189 41909 55186 65883 66282 87408 108259 117727 171970
363 4187 5481 6320 6659 11639 12194 20291 37728 51021 85709 104678 110273 112053 123235 192464
1230 5582 10344 11006 14376 15865 18471 22543 23628 29024 36861 65008 66236 100199 122283 153399
542 1393 6487 10294 16459 19859 30551 37534 38877 43668 49980 53182 60080 86227 88083 224455
7968 13583 19018 19947 26798 27757 29153 34028 35567 35596 39415 45065 64854 65008 111385 120497
6066 10509 16213 20409 29272 32708 34205 34595 34757 40955 48580 50896 65625 74697 100514 126129
325 1738 7627 11920 17819 24334 27752 36648 42660 42993 56180 62740 73854 119767 122856 170845
124 6779 6907 7984 9214 9282 20611 25185 28037 41801 42796 62966 85144 112679 139091 160906
2536 5809 10242 10482 10656 13257 13614 17557 31407 34171 68818 71449 74609 93943 101843 147520
6722 10797 11710 14199 14742 16083 17922 22539 28435 31183 37908 48576 80200 103926 125570 151170
1436 2048 5147 5174 7809 8847 11429 14134 16135 23173 43220 52814 85784 86984 139251 273618
2635 7582 11565 15514 25362 28729 35294 50565 54928 58305 66178 74822 77676 87399 97149 146753
2157 9389 12635 12694 17790 18518 21391 22493 35107 36084 63859 70198 72623 86713 130149 186443
106 11721 22264 24954 25558 27084 32181 35839 44173 48059 49595 51461 63158 71876 85778 168681
2059 3825 4895 12551 22991 28191 33181 42441 47045 48439 48944 75114 75481 78242 98859 252322
278 7256 8101 11155 11997 13576 28849 31200 39421 46432 53305 71487 78928 105386 110379 125364
