1000 13 20
576 4303 7136 12542 15279 15449 18008 19051 32571 44763 47013 48795 51186 62585 66239 75410 98105 99320 125731 136318
2046 10317 11652 15659 16642 17283 17800 18269 24030 28245 28826 30526 32701 41201 44853 48275 135486 142081 155763 162723
1931 7066 9559 18729 22236 22256 25396 28440 28470 34100 38688 50634 54651 66221 67225 71869 84604 90313 107441 128499
988 1755 1854 5213 10674 12678 16196 26783 26954 58895 60372 68667 68851 70101 70975 75330 76674 93219 94917 120963
1216 1982 4396 7338 17653 22263 23914 28388 29233 31288 36001 47141 48641 51531 52670 58847 80522 101914 111921 205581
5255 6605 10387 12062 16384 16424 22344 25693 28843 32977 33346 46168 52421 53114 54418 65060 70511 75083 137589 217854
5861 5918 10402 12949 14598 15688 16439 24307 25495 25878 30513 35785 41973 58477 67031 71291 74711 96483 125365 201855
963 4524 5843 7356 7929 8558 15076 15831 19848 25503 29756 34984 47644 56684 61031 78948 107564 114527 134723 182459
808 4047 4959 5210 6010 12176 20838 29297 29993 30071 39355 47440 52623 61134 64406 88135 91098 95847 143867 149373
2631 3908 6372 7833 9928 10520 14071 19676 24818 27224 45323 52035 66296 67323 69393 82052 82128 123890 125168 142160
1930 3872 5316 7619 14137 18280 23197 27373 28011 28091 32722 43148 48315 50871 57551 61338 83936 89887 109179 250538
4604 5327 11009 16831 17168 19280 22847 26874 38789 38892 41042 48805 49189 52832 65842 73977 86232 96441 129264 139259
4552 10106 10829 13268 17025 18168 21609 22428 24174 29104 38275 39397 46670 49304 52887 61279 103945 109000 152221 156041
