1000 39 49
185 1154 1695 2357 2582 2746 2854 2929 4816 5461 5538 6225 6235 6518 6843 6999 7488 8764 10367 10805 11144 12407 13101 13663 13733 14580 14735 15666 15857 16231 16954 17007 18531 19808 20109 20332 22387 24442 25602 26989 27464 28312 35752 38871 43265 47898 59066 64693 68032
1073 1463 2035 2075 2580 3011 3234 3291 3341 4117 4144 4518 4530 5140 6627 6670 7630 8118 10151 10205 11345 11393 11615 14044 14136 15557 16660 17386 18639 19327 20448 23293 24435 24525 25037 26867 27021 27119 29766 30312 31339 37696 40154 49181 50896 53798 55666 58213 66195
168 207 761 2260 2283 2818 2918 4513 4695 5530 5638 6031 6294 8314 9584 9798 11042 11097 11312 11465 13159 13463 14124 14849 15113 15901 16355 16872 17542 17685 18818 19594 20626 21580 22156 23642 23669 25897 26555 27210 27939 28507 32452 32529 35427 37057 40093 58780 70972
476 527 813 2002 2493 2689 2950 3311 3498 3687 4884 5308 5462 5720 6594 7088 8020 8902 9084 9779 10874 12368 12445 12793 13236 13911 14676 18137 18692 18982 19012 19203 20098 20184 20438 21288 26210 28032 28461 31172 34238 34936 36281 39443 40549 43065 60281 60812 63191
296 606 1105 1306 1330 2811 2884 2889 3018 4257 5716 7635 8122 8157 8352 8692 8794 10171 10179 10373 10488 10968 11372 11482 12023 12194 13695 15414 15667 16009 16015 17521 18384 19208 20228 23126 24270 24630 25703 26274 27794 36268 36499 38036 39239 48397 63340 78940 99688
450 1615 2051 2314 2475 3430 3516 3640 4932 5220 6220 6457 8925 9124 9443 11300 11344 11565 11727 13082 13348 13709 13794 14761 15043 15420 15546 16859 16863 17981 18950 21000 21970 24591 25177 25355 25619 26834 27010 28712 29650 31449 31540 38633 45399 45421 52841 61111 64804
351 705 823 1033 1602 2030 2055 2534 2570 3008 3099 3789 5298 6968 7228 7576 7755 8105 8456 9686 10297 10411 10788 12065 12558 13727 14026 14711 16269 16551 16838 17587 18482 20060 20591 20798 21350 32260 32341 32438 32692 39045 39554 43128 48425 53909 56477 61017 65367
329 537 1316 1385 1680 1814 2539 2680 3885 3969 4679 5890 8071 8275 10220 10472 10868 11678 12838 12983 13449 14649 14752 14931 15018 15220 15482 17954 18352 19082 19157 19482 19975 23663 25078 25620 26092 26961 30034 31894 32745 35904 38515 40187 40229 43027 43270 48244 73758
16 447 653 745 1332 2627 2633 3002 4117 4357 4374 4517 4701 4882 5150 5654 5845 6209 6976 7263 8840 9669 10007 11852 11902 14287 14848 15555 17547 17704 17799 18040 19502 20137 20677 21060 21076 21250 27732 28648 31878 33144 36362 42750 46751 62093 71349 77200 88232
582 800 1321 1721 2016 2807 2842 3164 3379 3594 3638 3643 3829 3924 4454 4697 6378 6877 7488 8889 9818 10104 10366 13159 13324 13995 14944 15521 17767 18337 18921 19376 19814 19874 19981 20336 20976 24507 26649 28827 29518 29900 34716 34820 36275 45636 67917 73387 99245
114 623 2341 2909 3066 3397 4260 4370 4857 5019 5196 5691 6064 6897 6908 7043 7505 8410 9495 10202 10303 10867 12031 12346 13218 13925 14389 14551 16767 18055 18248 18461 19114 19895 20895 21004 22278 22371 23244 29031 33499 36335 41296 43108 43970 44945 47900 48902 97074
94 145 185 1238 2393 2442 2763 2869 3624 3742 3859 4692 4765 5331 5693 5947 6190 7332 7392 7423 7580 7762 8106 8589 9134 11090 12578 13271 13947 14201 21351 21709 22541 26399 27222 27314 27498 27615 29137 30597 32704 34431 34722 35286 43652 44988 57533 65613 74602
17 440 764 1107 2275 2625 3654 4050 4627 5210 6471 6958 7131 7176 8104 8268 8313 8946 9044 9302 9686 9736 9937 10715 12317 12689 14462 14717 16713 16942 20367 20936 22143 26655 27014 28362 29341 29452 33905 34030 37093 38844 41355 41568 42237 43882 46657 62138 66160
120 176 367 755 1126 1691 2668 3412 3491 3771 4331 5922 6276 6299 7579 8357 9064 9504 10500 11252 12326 13561 13796 13836 14241 15023 15120 16292 17689 19248 19307 20553 21259 22028 23909 24314 24644 25490 25869 30986 31498 32941 34300 35316 35531 37951 61318 71989 76182
403 657 711 758 1334 1567 2134 2221 2582 2726 3121 3316 3506 3899 4588 4851 4967 6095 6200 6302 8213 8717 10923 11785 12839 13903 14525 15030 15312 15463 18273 18827 19129 19373 21475 23229 30594 30935 31095 31144 34313 34923 39978 43645 45676 45828 50751 72913 84346
88 256 981 1051 1458 1562 2037 2462 3382 3493 3570 4317 4449 4634 5502 6034 6630 8026 8126 9097 9444 10127 10341 10920 12352 14140 14811 16777 19738 20761 21124 22247 22353 22474 25529 25796 26126 26387 26881 27629 30243 33663 36717 38238 45925 51244 55649 56581 70346
359 572 1996 2231 2270 2341 2673 3000 3081 3291 3462 3598 4001 4740 5609 7253 8706 8984 9578 9960 11127 11133 12213 12244 12317 13842 14220 15018 15394 17611 19142 20540 22049 22244 23161 23712 25467 28082 29998 32026 37445 38945 41466 51424 52433 54190 54250 67102 80399
710 998 1529 2073 2157 2437 3042 3505 3623 4814 5033 5728 5928 6485 7026 8589 9630 9818 9909 11066 11573 11615 11779 11856 12527 12634 13631 13661 14351 15195 15203 15403 15626 15840 23591 24082 24489 25444 27547 30093 35710 36250 37638 38419 43592 55139 60610 61471 83086
278 366 427 479 1426 1690 1840 2003 2305 2555 3946 4417 5248 5756 6969 7663 8640 8686 8945 9152 9345 9563 10121 10136 10522 10724 11790 12363 12597 16197 17822 18724 22638 23024 24792 26443 30340 30665 35129 36634 37057 42646 44677 44825 47340 49867 53763 62362 72249
515 572 589 1159 1743 1871 2403 2810 3335 4053 4644 4939 5351 7102 7398 7842 7932 8545 8942 9210 9825 10043 10151 10247 10767 11363 11532 13057 14720 15143 15181 15938 17628 22060 22874 24533 25761 28304 29100 29511 32333 34055 35597 42937 43360 43748 51927 82626 106369
200 936 1235 1606 2035 2191 2849 2867 3271 3381 3583 4134 5705 5764 5827 6685 6962 7129 7217 7235 7532 9872 10438 10594 12525 12874 13711 14372 14840 15543 15566 16114 18156 18381 19145 20046 20142 26571 27155 28486 34000 35038 36889 37486 40108 54747 58925 91837 122472
344 543 1410 2016 3327 3385 3861 4265 4279 4614 5733 6093 6299 6409 7099 7388 7999 8453 9577 11451 11455 12948 14086 14356 15823 15993 16477 17939 17983 18863 18963 19820 21815 22049 24130 24946 26595 29403 29484 30161 31825 33171 35178 36151 38518 42286 59927 61312 92015
267 355 379 572 1047 1194 1343 1366 1609 1875 2143 2873 3119 3324 4782 7657 8788 8799 8845 9215 10124 10516 11916 12105 12423 12486 12629 13830 14688 14812 15118 15355 19496 20402 22087 27454 28635 28911 29824 30351 30612 31617 32871 40335 46126 48759 56233 61305 76306
237 2281 2948 3001 3290 4843 6088 6174 6189 6735 7280 8028 8171 8459 9273 9940 10168 10760 10788 11202 11564 13513 14084 14118 14611 14801 16863 17347 17762 18668 19773 21420 22197 22723 25087 26374 26587 27832 31624 32750 35251 35258 39004 40728 40817 46805 51633 51989 64521
105 517 566 1626 2109 2296 2523 3341 3501 4054 4483 4498 4798 6819 7826 8711 8762 9894 10037 10640 11059 11210 13083 13104 13699 13869 14232 14243 15318 18055 19596 21235 22500 23954 24164 25803 26897 28282 29205 29567 30345 31289 31841 33980 35552 40275 47157 60608 65156
9 184 288 331 2326 2806 3075 3092 3914 4833 5672 6024 6486 6544 6889 6911 7227 7263 7739 8920 9046 9065 9256 10181 10686 13133 13538 13753 13841 14254 14292 20999 21313 21575 23673 24698 24795 25459 27069 27589 28580 29013 30952 36514 45550 56688 67556 84747 106637
745 1090 1130 1238 1607 1964 2476 2500 2983 3985 4011 4114 5703 5837 6065 6184 6725 7659 7945 8218 8559 9462 11251 11522 11586 11756 12528 13238 15372 15373 17065 18839 21111 23814 24194 24964 27414 29060 29241 29739 31903 34958 36061 42911 43497 49370 59275 69744 107573
242 1157 1189 1573 2067 2276 2368 2460 3789 4197 4944 5163 6214 6535 7261 7380 7719 9236 9276 11262 13102 13319 13586 13975 14170 14193 14865 15200 16304 16338 16370 17958 18308 18547 19395 19860 22336 22495 25854 27067 27782 29280 43519 51023 51219 51667 54125 55265 57958
456 534 1234 1669 2116 2318 2746 2819 2846 4199 6158 6557 6559 6958 7915 8883 10375 11207 11928 11953 12170 13248 14640 15116 15168 15311 15715 16538 18764 20708 22757 24511 25010 26260 26450 27572 29056 33405 33809 33830 34912 36951 37928 39786 40107 47095 49280 52033 52937
1376 1434 1447 4484 4775 5825 5910 6192 7022 7361 8119 8250 9506 9701 9853 9894 10683 11250 11722 12257 12606 13114 13149 13357 13804 13828 15011 15174 15347 15493 16031 16695 17113 17544 17666 17854 21683 23989 27359 27692 28313 30836 38651 41708 48380 50680 53442 61321 62293
704 1815 2173 2207 2507 3086 3387 4536 5279 5470 5600 5831 5965 6371 6547 8312 9054 9175 10861 11295 11716 13180 13990 14162 15071 15463 15564 15645 15877 16735 17566 19587 19890 20985 21297 22030 26798 28465 30997 31361 35677 44620 48109 48502 49429 51026 51714 56231 64334
155 536 620 1259 1742 1952 2259 2875 3137 3975 4425 4735 5058 6234 6295 6297 7559 7761 8642 9046 9088 9112 9919 10481 11162 12255 12615 14336 14853 15657 17437 18655 19407 20852 21415 24798 25182 27484 28582 30052 30370 32480 34737 35411 44523 46780 49972 59089 98237
171 502 979 996 1845 3804 3878 5073 5726 5757 7060 7254 7636 7682 7761 8889 9833 10313 10332 10536 11048 11177 11661 12370 12899 12970 13205 13952 14173 14242 14708 15013 15136 17685 19035 19129 22485 25005 27903 28454 33996 35587 38077 40554 45281 52928 56170 57362 72524
65 364 638 825 2609 2948 2966 3541 3758 4286 5866 5924 6033 6561 6706 6863 6988 7620 9674 10207 10554 11836 12156 12168 12906 15430 16278 16550 16998 18934 20173 20559 20568 21533 22335 22876 23210 23230 23603 23717 28976 37506 40595 41670 42217 42707 44828 73342 79169
20 129 1052 1269 1364 1666 1804 2168 3192 5896 6745 7010 7530 8136 8403 8454 9231 10680 11002 11950 12175 13153 15059 16572 16717 17381 17732 17987 18259 18990 19717 19894 20142 20431 22020 23696 24694 26394 26563 27039 30798 31019 33649 38862 39220 43853 58999 60458 66239
203 350 636 826 877 1644 2189 2396 2842 3076 4940 5067 5473 5871 6679 8295 8770 8792 10849 11126 11163 11852 12647 12734 13098 13110 14667 15338 17177 17766 18378 20291 21742 21980 22159 25002 25064 29403 30199 31188 34195 43606 46098 46552 49426 50671 55731 58918 71203
216 489 537 1420 1497 3267 4266 5521 6057 6096 6854 7190 7517 8041 8425 9088 9659 9961 10175 10847 10890 10980 11273 11605 13540 13789 14049 14306 14482 17458 17643 17730 18133 19357 19870 20344 20641 20678 23325 25864 28502 28977 30463 39154 42138 56631 58797 75091 84192
1071 1259 1372 1605 2167 2540 3366 3467 3658 3857 4707 4875 5785 5832 6977 7436 8026 8446 8881 9511 9515 9937 10102 10560 11644 11771 11945 12267 12319 12638 13713 14393 14500 16501 16970 17991 18950 23823 23976 33234 33919 39285 40710 40905 44932 53505 61090 68070 77647
307 909 1402 1914 2050 3295 3761 3958 4108 4612 4737 6042 6502 6976 8595 8701 8766 9166 11159 11574 11740 11880 12045 12067 12528 12550 13083 14131 14385 14564 15780 17112 18947 20309 25127 25675 32350 32499 34670 34867 35123 37527 39044 43076 43097 51670 53514 54370 65760
