1000 23 45
203 1122 1825 1954 2123 2159 3067 3279 3529 3771 5583 6360 6528 9810 11134 11223 13243 14439 14595 14784 15104 15162 15606 15671 17328 19573 21497 22906 23320 23394 24050 24591 27998 28375 30682 31053 36157 36607 37210 38697 47983 48747 54434 70034 76119
2447 2739 3189 3711 4223 4551 4751 4758 6443 7321 7771 7867 7966 8797 9007 9678 10093 10111 10443 11055 11105 11173 12465 12697 13204 14624 15901 16573 22001 22089 22510 25037 25179 26143 29024 29294 29933 31032 32838 34888 41925 50010 66961 84968 89646
509 997 1201 2219 2851 2898 3254 3656 4096 4203 4293 4627 4727 4811 5375 6154 7291 7450 9775 10010 10825 11819 12060 14623 15142 17471 18055 18876 19302 19357 20052 26897 27281 27931 37046 37397 38926 39086 40598 43063 47351 51687 57176 71599 96271
196 1283 1597 1982 2090 2614 3388 4093 4183 4947 5500 5904 6509 6779 6947 7181 8096 9215 11198 11369 13856 15100 15973 16088 16619 17597 20637 21448 22355 22803 26184 27443 29258 29550 29989 31279 32247 33627 33767 34613 34614 48515 56211 68629 122386
591 975 1144 1677 1846 2449 2754 3223 3802 4089 4708 6234 7488 8693 9044 9165 9719 9852 11316 11923 12409 12962 15830 16875 17296 17625 17661 17724 20228 20290 21341 21730 21857 22486 31252 33265 33420 37393 37576 41351 43776 48349 51738 55083 137426
179 473 761 1390 1624 1780 2293 2392 3224 3442 3773 4458 5531 5585 6497 7392 8650 9796 10802 12052 12951 15809 16439 17975 19633 19776 20247 22264 22301 22710 22768 24565 26188 26732 29989 31235 35098 37508 42792 44485 61778 63136 73219 79659 82177
206 388 2733 3517 3943 4446 5116 5351 6282 6737 8033 8407 8457 8750 9825 10653 11273 11673 11945 12024 13758 14398 14619 15256 17271 19088 20964 22306 23333 24169 24812 29248 31105 32782 35035 35883 40820 41306 41365 41381 44366 46028 50831 60044 77459
600 1004 1258 1617 1724 1800 2144 2882 3078 3473 3833 4171 5344 5703 5936 7717 8003 9112 9902 11281 11926 12114 14088 14574 15679 16305 16720 19153 19452 19495 20169 22069 24054 27316 27965 30455 43440 43754 48658 52025 52912 54226 63224 63714 75742
639 1025 1102 2207 2349 2429 2730 2966 3107 5692 5731 6309 6944 8051 8390 9429 11215 11353 11543 11960 12381 12674 15115 15465 15771 16362 18930 19381 20677 21196 23608 23775 25946 26126 27474 30772 31960 34539 45612 49949 55118 55646 62169 63404 75202
247 1014 3125 3494 3738 4026 4131 5088 5262 5882 6247 6385 7266 7780 9174 9394 10583 14204 14672 16229 16942 17187 17632 17780 19567 19575 19833 21429 21769 22653 24120 24129 24448 26391 27073 33034 36055 36315 36770 39351 41155 42644 45980 58530 124615
150 922 1285 1831 1860 2069 3118 3950 3975 4206 4550 5153 5352 5376 6932 6941 6981 7493 8925 9525 9554 10531 11094 14814 16082 21559 22670 23490 23635 25561 28299 29782 30137 30832 33289 33838 34070 38678 41208 42754 44505 45995 60531 62208 92830
325 1064 1129 1161 2406 4288 4801 6035 6728 6810 6973 7022 7153 10021 10297 11395 11577 12622 12660 12817 13145 13623 14995 17277 17699 19946 20419 20869 21836 21849 24152 25499 25563 27621 30424 31080 35140 35988 37540 39356 44160 46650 49807 83698 97369
488 589 659 958 1335 1620 1660 1957 2715 2848 3499 4457 5113 6430 9225 11224 11583 11880 12712 13083 13782 14490 14955 14978 15152 16048 18397 19326 21185 23776 24004 24592 26253 31204 31978 42664 43328 44479 44622 44685 48747 49240 53100 64794 82287
14 483 1929 2133 2395 2860 3020 4042 4128 5255 5936 6073 6076 7010 8002 8129 8654 9118 9596 10423 11698 12045 14113 16664 16833 16914 17672 17819 17896 18234 18811 21083 21647 25139 26004 27889 29004 29814 33972 34442 42389 48528 78723 81921 129627
471 1007 1890 2365 2374 3778 3880 4097 4888 5379 5649 7247 7419 9330 9755 11077 11365 11508 12447 13056 15449 16251 17400 18061 18080 18312 19786 20773 21399 21729 22429 25984 26910 29091 32310 35903 36166 38621 39296 39959 43386 43919 59918 75259 77857
936 1347 1683 1774 3071 3171 3841 3918 5151 6488 7145 7281 8072 8454 8494 9136 9328 9589 11909 12097 13420 13491 16173 17429 17904 18689 19315 22376 23760 25029 25775 27084 29059 29670 31638 34062 34110 36737 37887 38256 44280 45378 47882 60469 89390
282 880 2234 3046 3885 4014 5071 6084 6231 6601 6712 6936 7081 7995 8282 9102 9796 9853 11819 12759 13146 13468 13974 14433 16246 16251 16523 16970 20104 21621 24369 27762 28690 30323 31835 35082 37462 37905 39144 39860 39987 50154 53683 65934 68100
187 1303 1816 3340 3833 4824 7429 7878 7880 8065 8516 8734 8895 9075 9709 9737 10141 11333 12041 14806 15830 17939 19238 19915 21752 24196 24467 24797 25057 25185 25443 25585 25868 26360 26438 26859 28918 29839 36820 37281 45646 48521 54415 61737 67752
167 755 1172 2661 2881 3566 3731 3781 3784 3914 4408 4727 5087 6640 6938 8084 9180 9440 11299 11311 12120 12681 13034 13364 14324 14332 16604 17384 17505 17698 19081 19223 21613 22714 23654 24887 26394 33272 37964 39533 45884 49881 65208 109155 133246
1284 1316 2152 2316 2774 2789 2903 4132 5285 5316 5678 6716 10245 10642 12035 12892 14536 15253 15742 15754 16004 18126 18258 18314 18348 19180 21357 22451 23592 23626 23934 24751 25411 25580 26143 28259 28744 29026 32176 35493 35919 38860 43226 78018 112253
186 371 478 480 540 1094 1533 2329 3151 4155 4382 5467 6172 8564 9982 10147 10271 10529 10549 11830 12709 15074 18578 19293 20221 20454 20779 20836 22120 22641 22915 23014 23499 26532 26645 28063 34569 35228 35919 40613 45666 51879 56194 67737 84062
46 137 313 317 516 667 1167 1555 3748 5082 5116 5953 6772 7053 7086 9139 9264 11424 12855 13392 13451 15589 15887 16348 18218 19016 19384 19824 21339 26251 27192 28414 31340 37539 38158 39228 40057 41802 42007 42405 44826 52629 57310 58761 91621
4 643 737 1846 2221 2250 2899 3790 5089 6283 6341 7515 7615 8097 8535 9407 9653 11210 11697 11770 11869 13468 14568 15393 17599 22472 24553 26398 28337 28864 28883 30349 30864 31187 33092 34877 39889 39983 42553 42708 46084 48358 55456 64790 72427
