1000 37 12
3036 11724 13244 15343 21809 30199 40847 58889 71443 104415 231433 379622
3805 9366 18124 23955 37208 55163 78406 88139 91460 163982 175362 234469
6262 12133 21788 27657 35409 41066 42447 47527 97032 128023 164255 344518
4364 10899 13537 13588 36019 50459 52371 85870 92740 99197 171336 351537
1147 4039 6582 17246 24940 37760 39033 62117 123776 135336 237088 280345
1996 9800 17019 52500 52979 53623 79900 102344 105524 109334 119503 277232
13994 17855 31603 33034 51322 74093 78294 79368 97959 110592 144281 245048
3251 17234 48551 57970 59819 61578 62499 64897 94165 95916 112259 296496
2679 2732 13120 13603 30334 48277 84188 95591 130956 146842 154010 260389
4207 4329 4519 21694 36989 41405 55048 68251 87448 103246 223795 322118
14702 15150 18505 47539 60641 60866 63974 80241 106640 108068 149642 238880
10720 17728 20452 26438 29155 39833 47916 56162 63901 86131 242490 317857
1975 2886 16176 28909 48284 67052 68174 82875 94659 149994 183535 217625
10123 14905 30677 42418 50322 55333 67996 68827 87693 123845 148811 268087
9088 10525 12443 14109 47114 49969 80898 86460 96530 123542 202707 228029
6262 11771 15732 21978 24889 32279 84905 90271 113345 129390 202965 232820
4084 8900 20541 44186 47977 86081 90121 93476 98877 147609 160209 182031
9057 9791 15157 41666 72224 76522 82489 95408 104988 107875 125530 236494
636 11728 11767 21456 27661 30853 69252 85054 85252 99609 132520 401099
10180 13792 17268 29456 40115 46649 86358 88756 90868 94911 136729 316193
4327 29426 30319 33082 57815 60095 68595 70224 98170 105205 179542 238184
7064 8262 18827 27442 44437 56906 58763 76307 105282 113183 119242 327751
1999 37111 38054 46213 47246 54304 54332 64040 93357 124765 171854 238579
9890 20975 27075 30193 31912 51462 54047 90966 100930 123369 194825 223647
9150 13555 14583 15607 33941 47744 49850 71464 79100 98658 104510 428363
5904 6478 12259 17495 18748 31024 61036 73818 79672 110478 147999 394604
5961 10072 16283 35882 39784 62614 63071 80032 126142 156930 179449 184673
5930 16819 17433 18469 29867 43504 46309 65718 119566 148918 174358 283095
4322 6073 6474 25740 55023 83091 89983 102062 130026 139095 151451 178331
2337 22068 31004 31649 35513 45138 51515 54876 61649 123308 140157 382154
1479 6891 32653 38936 53666 61514 71595 81337 100004 135390 154603 237270
5951 6416 6998 8810 31866 38748 54658 79865 82344 106166 225891 314376
7482 22711 27791 30093 46247 60862 62429 78696 111846 142764 155398 214713
16902 20239 22120 32844 72151 72989 73078 86142 88552 126033 177888 188314
16755 40765 42453 51431 54452 56198 77255 83060 117307 124623 135945 166095
19247 32729 40134 43451 47237 52171 59189 61194 83986 102702 195230 225538
2841 3713 3725 4260 5532 15369 33946 61033 86418 86562 266159 411075
