1000 39 38
158 2244 2557 2794 3164 3498 3589 3642 3975 4441 4557 4925 6100 7869 9514 10274 12113 13860 14974 15593 18646 20624 24395 25656 27363 27628 29179 34963 37124 39406 43841 45247 46384 47421 71081 72623 88751 123134
1217 1282 2732 5308 6170 7135 9275 9899 10024 10540 11579 11966 12645 12997 14882 16031 16709 17356 18480 18763 19927 20585 21493 22533 22857 22978 25186 28345 29723 30442 33996 34446 34572 35956 46203 49248 95055 139608
951 1265 2101 4002 6168 6524 7738 8030 8227 8386 9656 9943 10360 12976 13860 13958 15959 17097 17257 23211 23532 23804 24561 29642 30072 32812 33616 34110 38351 40137 41334 44135 47398 51201 51720 53946 65063 69212
1475 1739 2068 2182 3514 3707 6964 7222 7907 9601 10169 13070 13098 14134 14566 14894 14992 15450 15587 15801 18286 19629 22220 23508 23764 27645 28406 34463 36083 38787 39858 42499 48849 56453 58422 59889 64059 73564
699 958 1488 3813 4605 5050 6013 7187 8101 9006 9149 9241 10302 10603 12257 13315 13737 14409 16333 17785 20270 24319 24325 26664 27118 27291 27757 28935 31331 33548 37873 37972 40811 47065 57812 67433 72341 94925
350 427 701 1297 1300 1390 1472 3753 4959 5720 6593 10418 11501 11593 11737 13168 16836 16843 17647 17872 21444 22501 23253 24069 24652 25460 29956 30137 31245 33570 34980 46250 48954 51295 57910 70840 82451 91703
1782 1907 3518 4856 6207 6730 7054 7620 10147 13276 13866 14055 14427 14952 15443 16635 16730 17837 18377 23008 23391 24548 24698 26461 26974 27280 29500 31338 31800 33397 38161 39158 49584 51091 54860 57766 68363 82055
657 845 847 2317 3315 3367 3419 4036 4993 5183 5585 8044 10539 10697 11224 12026 12308 12501 13386 13757 13764 15207 20068 20541 21879 23913 25887 35049 40733 45640 46583 46957 48032 58346 61648 77470 83468 90444
119 323 497 662 1967 1979 4279 5171 6217 6574 6983 7618 9070 9280 10341 12381 12465 13435 13891 14287 14997 18104 25291 25765 26684 28747 29440 35789 37173 39470 43954 51593 52611 56475 58609 66116 71184 81215
78 81 552 580 1169 1389 1996 2932 3111 5315 8093 8322 9016 9023 11722 12278 12464 12797 12800 19836 20197 24516 24584 25755 28186 29674 30429 30611 31718 38142 41607 47517 51515 66661 74243 80297 86795 92501
2009 3198 3361 3419 3642 4253 4371 5895 7748 8159 8284 9427 11391 12052 12959 13515 13875 18452 19389 20649 21939 23168 25502 25618 27573 33161 33987 36444 38571 40116 47438 49921 52575 58680 58993 60068 65714 73764
1265 2794 3075 3615 4745 4822 5005 6292 6618 7996 8005 8093 8961 9234 10708 11045 11313 12669 14067 14365 15919 18308 18912 22874 23654 28689 28962 29445 32419 39825 42791 45024 58825 65112 70635 70670 74292 96899
1097 1975 2470 3141 3266 4456 5803 5807 6765 7309 7572 7871 8256 10245 10567 12868 13737 16396 17130 18354 18762 19035 22880 22956 26879 27538 28294 30425 31078 33180 34528 35390 36724 45782 48223 71775 128392 131683
718 832 3163 3539 3954 4773 6110 6676 7838 8372 9463 11666 11971 12437 14550 15927 15993 16271 16472 16807 19296 24255 25088 25231 25555 28303 33916 35438 36493 38544 44185 44325 45108 52181 52772 54875 58542 68410
149 779 1365 1456 1540 2351 2909 3692 4908 7450 7840 8595 9331 9558 10779 12286 12909 13269 14364 16243 17336 18553 20757 22073 25764 28396 30335 31474 34627 37119 37684 39658 42418 61715 72867 83215 85709 90567
489 627 2103 2126 2350 3007 4584 4959 4975 5020 6678 6754 14745 15213 15873 18496 21043 21082 21578 22463 24459 27198 27928 29057 29495 30668 32131 35715 37570 40687 41448 41490 45760 50937 53018 54172 60081 67480
314 844 1014 1384 3057 3120 3769 3811 5020 5332 5580 7014 9283 10033 10589 11243 11582 12759 12789 12803 13571 14042 14520 15191 18507 23220 23503 26180 31026 32214 32811 44808 50053 54260 81997 94469 105501 122489
699 701 1746 2420 3276 3852 4911 5946 7437 7738 10056 10943 12019 12180 12617 13618 13942 14066 15338 15523 17135 19883 21309 21520 28303 32605 36492 38057 41550 41674 46335 49240 49972 50440 56803 58499 64244 87532
317 1975 2117 2966 3562 3792 4933 5301 5785 5918 7390 7460 7878 10102 10230 10292 10338 12831 14418 18870 20027 20684 21063 23248 24511 24747 27274 31575 34392 36925 40233 47743 48800 55342 79544 80147 81750 91866
680 5519 5745 6680 6695 7152 7860 8736 8822 11873 12804 13120 14575 16251 16379 16539 16807 16981 18193 18285 18630 20108 20117 21493 21801 26602 28137 30156 31787 31890 32904 33565 37127 41251 58544 66508 66725 97528
736 2153 2974 2987 4232 4608 5474 5593 6810 7850 8789 9994 10540 11951 12455 12932 13773 15199 16061 16254 18841 19778 20109 20170 22802 24007 28907 29115 29840 30923 33819 46430 52731 73626 74378 75057 81963 89064
1879 2703 2925 3120 3667 4418 6573 7478 7629 8115 8667 10873 11860 12672 12750 12887 13292 13562 13698 13840 14106 15169 15630 16038 16338 19640 24683 25299 26620 32025 32391 34113 47850 64101 66271 69636 118816 120001
63 702 1857 2249 2318 3746 5256 6080 6552 7199 8578 8784 10498 11453 11453 14703 15401 15723 16270 19297 19743 22520 23736 24556 24998 27118 27344 29243 35546 37695 39516 43135 46630 60977 66629 73790 78794 102406
68 1384 1679 1978 2216 2299 2557 5061 5801 7297 7626 7966 8462 10128 13140 13156 14128 15937 17234 18109 20130 20885 23183 25617 29548 30221 32072 40690 41169 42030 43092 43813 46412 47790 52030 63160 64396 78361
999 1877 2329 4492 5367 5394 6175 7223 7863 8529 9258 10399 12462 12998 14381 15095 15611 16425 18771 19119 20685 20800 23344 23895 24327 24918 26503 27110 29078 33746 35709 37459 39066 42412 42652 65799 76066 126814
268 2046 3171 3240 3442 4468 4931 5161 6363 6369 6743 7134 9019 9946 9995 11269 11685 12287 12362 13386 15423 17549 17859 18603 19278 27617 30706 31614 41104 41851 42000 44039 44719 46244 65422 73368 73829 152601
331 900 1754 2293 2769 2855 3241 4151 4345 4358 4860 6395 8195 8410 9269 9725 9882 11496 12018 12905 13125 13167 13646 14270 17786 19554 22031 22735 25090 34946 36711 49831 71732 74385 77225 81355 93732 105405
190 1239 1242 2365 2662 3305 4171 4914 5589 6128 7090 8101 10477 11539 11674 13021 13248 14437 15879 18187 19227 19401 20280 21420 22297 27572 27671 35689 35873 37111 43739 48407 50219 60122 60858 66293 69168 114014
91 1729 2447 2744 4227 5085 5321 5882 7264 7324 7468 9216 9817 10135 11138 11354 12611 15566 15800 15852 17963 18508 21188 22947 24277 24660 26505 26736 31749 37735 38368 46768 47293 49352 57038 63300 92802 109590
700 2037 2461 3900 3998 4217 4989 5239 6839 8732 8970 9235 9790 11191 13391 14186 14930 15478 15495 16550 18002 20581 22038 22083 24340 24731 25949 26252 27639 30636 40420 48204 48882 51106 73781 86085 90004 94166
646 998 1348 1717 3390 3538 4482 4748 5157 7968 9357 9486 9669 10183 10893 11182 11407 12027 14726 14848 16965 18008 20488 21244 27517 31737 34193 37061 38779 41356 43281 43600 45926 48546 51689 69391 74920 97873
1827 1881 4181 6479 6690 6889 8178 8342 8773 10148 10309 11194 11266 11570 12073 12090 13898 19003 20264 22373 22611 23811 25294 26233 27424 34098 34296 36665 38983 39907 40985 43868 44034 45500 51963 60784 71910 84827
390 1110 1401 2353 2500 2744 3815 4136 4902 6438 9239 9400 13000 14886 15328 15692 16207 17575 19843 21248 25266 25304 27249 29093 31704 33372 34089 35180 36667 37065 38633 38774 39126 49851 57432 69028 74486 88025
796 916 2611 3028 3577 3730 3868 6289 7451 7680 7990 8735 8835 9387 9698 14226 14612 16021 18426 18944 19302 19540 19766 23052 28943 30872 30966 31227 31740 31836 36608 39654 44129 54806 66107 69692 69773 125028
345 1616 1746 2021 2351 2802 2856 3636 7136 8506 10757 11640 12673 12990 13173 13531 13674 14264 14382 15955 16387 16785 18315 18389 21894 25251 26455 31353 33232 34021 37673 43639 47483 48781 50051 70512 84408 121926
931 3501 4403 5763 6037 9653 10975 12144 12150 13168 13170 13285 14958 16346 16840 18241 18580 18843 18876 18950 19119 21255 21563 22678 23282 23634 27281 28198 32251 37245 37731 40131 43939 48156 49206 53971 66140 95435
675 1116 2675 4670 5636 5773 7266 7348 7951 8108 12026 16388 16503 17126 17780 18008 18460 18698 18772 18805 21101 22375 22487 23240 24972 25678 27523 28309 29724 30590 40257 43514 43761 44133 54940 71356 75521 88204
395 1411 1633 2211 4382 4526 5240 5270 6896 7620 8151 10351 10352 11660 12949 12969 13175 13309 13847 14058 15150 16854 17291 19099 22179 22558 23982 24384 29845 38389 39589 51378 59033 59185 60824 64955 88862 93915
1694 2195 3504 3596 3631 3732 4564 5658 6153 7345 8510 10030 11780 11802 11908 12497 15215 15530 16477 19459 20529 20728 21485 22540 23194 27274 34343 36052 38512 39756 42187 45627 51038 55979 59752 62922 70657 78201
