1000 22 33
291 522 859 1194 1197 1844 2544 3322 4038 4298 4462 4998 5263 5277 9311 11368 15508 16423 21491 24411 28566 29065 32227 34585 34818 38538 42477 48327 58038 68626 71112 85168 160774
1546 1725 4308 4866 7263 8127 11321 12060 14618 14872 16433 16472 18411 20655 23146 24182 24971 25580 25710 26923 27474 27496 28124 30308 32917 33958 35552 44547 50905 53374 71420 73022 85155
233 2099 2323 5593 5658 5943 6760 11409 11742 12243 13179 13250 15393 15428 17831 19384 20045 21385 24380 24436 24840 25488 26752 27768 36385 37570 42611 46947 51329 62799 80732 89870 122503
68 1447 3165 3637 4168 4682 6093 7236 8062 11145 11404 16588 16632 17673 18729 18806 19059 19975 21766 21997 29043 37661 37798 39562 40427 49694 50184 50339 52176 57383 60394 85317 94779
1915 3237 4854 4896 5694 8052 8719 9412 12296 14687 15986 16399 16762 17386 17907 18301 18400 18617 19525 20281 20716 23404 26995 33753 39707 41090 43460 46064 48777 50310 64940 65661 72329
462 2168 5361 6008 6511 7603 9127 9613 12389 13166 15572 16247 19407 22660 23058 25484 25624 26760 28618 28957 30826 31973 32136 32457 33022 35714 36065 38110 40027 56658 62751 75717 91197
104 2562 3388 5146 5186 6755 6784 6877 11858 12374 12681 14928 15071 16236 16767 18231 20143 22384 23995 24406 28337 32280 37990 40931 41180 43644 43814 50051 51376 57731 57828 63782 71815
369 500 992 2210 3299 4566 5027 5468 7391 8773 9037 9669 11220 15705 16192 17029 17349 17373 19432 19924 20582 20921 21109 29158 39217 47280 54130 63756 64354 67552 72192 75297 112039
1552 2241 2442 3337 3548 3598 4846 7077 9799 11983 12027 13379 14270 15879 16130 22302 22345 22852 23070 23957 25721 27185 29791 35501 41172 43864 49492 51160 53024 57230 58397 93330 100975
767 1111 1800 4247 5640 6237 7294 7350 10201 11033 12791 16719 17272 19798 22369 22827 26688 26799 28080 28815 29805 31995 36261 37525 44069 48134 49240 49988 54207 54446 56300 66655 79156
681 1488 2047 2885 2968 3127 4334 4734 5571 7571 8306 8739 12876 12980 13513 14244 14311 15250 15441 22423 22440 23133 23151 25423 26288 35733 36339 44985 50728 53878 95591 99122 161902
864 1164 6046 7006 7311 8525 10982 15284 15360 15696 17848 17970 18796 19614 19885 20342 23196 24184 24925 26051 26343 28999 29224 32427 32631 33349 37391 38705 38967 40016 41957 71475 113012
485 1453 1462 2413 2635 4084 5596 7338 8180 8540 10979 12530 12877 13322 14767 15625 16009 17166 17833 18815 20579 26318 28744 30566 38671 43388 44557 44958 58281 70463 85704 88175 125030
2906 2982 3108 3673 4771 6140 6260 7179 7750 9048 10452 10609 10754 13458 15007 15058 16320 16328 16962 16964 17085 21381 28502 31815 35285 37288 48052 53322 77564 78345 84526 88541 92234
117 3079 3801 3812 4381 5018 5704 5838 6060 7324 8000 9971 10740 11340 11860 13833 14774 15579 17353 20201 20317 23351 25097 26884 27417 43513 44215 46061 52186 53889 73029 110781 134319
142 592 1239 1626 2132 2548 2712 4131 4751 8915 12294 15144 15632 21678 23819 24067 25172 26418 27849 28812 30029 32368 32563 33650 34664 36231 39308 41593 46845 50780 77345 103286 122861
766 1381 8110 10119 10455 10982 11157 11247 11569 11783 11812 12065 12175 12721 14098 14538 17752 17752 18368 19594 21167 21320 22930 30492 30972 31723 33030 43998 50452 57755 73611 80683 86767
223 357 1458 3678 4446 5164 6582 8710 12264 15228 15376 17715 21776 25946 26595 27613 28764 29221 30137 30639 31245 32199 33080 35200 35384 38713 40184 42942 43242 49501 65797 72829 85906
2271 2605 2912 4688 5512 5764 6104 6743 9584 10036 10198 10226 11577 13569 13945 17903 18606 19150 20134 21528 24464 28528 31882 37205 38370 39071 40549 46092 47840 49368 83893 115340 124032
1312 2143 3338 3897 3975 4001 4106 6558 6699 8719 10623 11354 11773 14114 14661 18376 18977 22033 22223 28657 29301 29599 30601 31528 36396 36622 39756 47671 50131 71695 73701 88431 98576
2268 3188 4861 5777 7216 7371 9106 9662 10254 10346 11614 12656 12940 13316 14471 14506 17271 20123 21849 22239 27889 29774 32840 33803 35385 37649 38265 39415 43081 64321 71676 85345 99622
1960 2209 3858 4124 4512 4555 4572 5008 5243 6242 7885 8160 9045 9934 11077 15386 15890 17520 18204 20085 27484 31264 31722 32711 35994 48427 63259 63675 63945 68613 75823 78894 90520
