1000 17 13
3903 19644 26028 28246 32550 67126 68449 71610 90474 106892 117380 132393 139945
2865 6819 6855 13291 13805 30113 30444 57008 80864 102454 105799 183525 280381
7973 13367 17004 19411 22291 31568 45861 51306 56441 76699 91177 177035 325046
2964 4214 13038 14670 15641 45785 65578 79336 94711 101664 103248 138355 238302
3973 3982 7136 22651 50771 69968 72024 74600 87935 122084 129189 130399 136776
8078 9318 20213 21858 22679 23656 30789 34198 61024 82253 83987 103240 354222
2725 6492 20830 27471 34784 35093 46582 48568 55937 62785 74966 146607 361155
4635 12664 15999 23691 26853 28995 29763 36019 44236 98339 118559 127422 311703
7098 24140 29532 36544 41920 50740 58728 61992 71410 83736 102516 123248 196160
4135 9878 10892 23710 47933 51270 52898 69534 77621 99173 111688 123168 188986
2581 4141 11928 15602 32630 33903 66390 73685 76816 79704 113608 158341 169783
14502 25401 27372 40892 42323 43481 64188 68900 70907 88748 89340 90727 235238
2562 4920 5925 14588 17029 22639 56663 65650 67510 83377 129962 151600 215133
8437 16551 18107 25162 39159 41404 60891 67569 77786 80396 104828 149986 153156
2109 21951 28555 34908 43566 44670 62327 70353 74901 122491 128562 129256 132300
489 10255 11433 21756 27818 28149 31169 63762 65921 67359 96548 130149 294539
584 5040 19401 25639 31534 49073 54288 56716 58543 75382 84493 114644 288202
