1000 15 17
4570 7541 10008 11047 13209 20106 28368 30335 30755 34411 36234 39870 71006 76350 84649 91865 169815
4931 13499 14938 18579 19523 28474 30598 32488 35928 49955 52122 57084 63096 66315 71694 101475 111752
4164 8033 8575 13516 15013 15623 17461 25687 35563 39446 49667 50163 65039 66087 66580 69086 208353
57 290 431 4784 7104 7874 13984 29403 31979 41471 53004 77401 97781 112025 121139 123423 144983
1096 1379 2602 5899 6567 6632 25465 27690 28348 34125 34545 41693 94234 97171 107281 109101 133243
959 5858 6829 9221 10053 10246 13091 24596 34895 40664 59189 63090 93784 113741 118635 142635 149575
1605 4557 4718 6024 9150 15528 15649 15705 34645 46175 58212 60287 68510 70861 105433 143103 187977
8473 9499 12352 14276 23171 25320 29767 38251 40964 47336 54226 55834 63044 63284 65104 97447 228395
1077 1642 14616 19753 20334 21559 22481 23502 23534 24870 35115 41118 66398 105076 105638 130786 137078
253 1945 7289 11159 18626 19327 29492 32744 39161 41102 42801 43947 48709 101679 115502 144512 181016
912 5816 15255 16330 18282 19221 23306 23503 27098 36686 48517 54112 56433 73313 84824 134729 163384
1081 2019 3449 10571 17752 24138 24900 36379 40296 48176 51410 57385 63804 65691 85743 92930 142659
259 798 2803 5144 5781 5824 6462 13087 25675 46925 62327 66508 79412 94929 96203 110196 122875
5230 5812 8404 10889 11920 18022 25383 27099 35118 44355 52187 68711 88309 93161 93460 103880 131796
5138 5687 7433 9921 12296 12370 15298 28460 43255 45150 47222 70042 71794 80429 84546 101365 148014
