1000 10 16
9728 11136 15790 18740 21216 22985 24459 31772 31945 49625 53364 66527 86589 115382 116790 156644
2147 4076 4295 9350 11261 16727 17085 33949 39645 55718 57816 65656 100893 113887 114360 128012
465 1930 3017 4009 19929 20450 20655 24665 28930 39523 44073 45788 46290 49163 170888 236490
40 12021 16663 19109 19939 21544 26887 27773 50018 50546 53615 55445 59524 92682 115960 195839
3441 3604 8757 20782 25387 28009 32411 34461 45728 53990 56851 84453 87799 95174 105722 129870
1368 3612 6890 11060 19716 23252 28357 40337 40455 44363 49738 91796 92000 107197 146420 204101
5251 5608 11343 28049 28472 29638 31506 42946 49203 56326 57615 59762 60504 67027 88553 186424
10755 15698 17756 19872 20070 34721 47992 49004 49739 53102 55224 63093 74142 78628 80943 88010
2445 6472 9059 13752 23304 24137 26020 28461 32339 35687 39019 47979 96507 123021 132298 185871
445 888 3614 11125 11783 12747 27253 28176 32459 41682 43829 89321 93005 96604 115738 154408
