1000 33 31
194 466 2336 6382 7311 7439 8895 11317 13287 13841 14001 14069 14433 14465 15443 15457 15495 15930 16111 16975 18835 19674 24017 24151 32242 39121 39821 84002 95003 102684 130294
38 1029 1267 1884 2174 2368 2802 4239 6737 6838 7007 7716 8786 9105 10763 14683 16077 16238 17629 20264 23761 24724 36411 37170 53172 59172 61963 76515 117598 122965 126213
425 970 2323 3904 4497 5138 5242 5698 6432 7678 10266 10858 11058 12100 14027 16379 17047 19775 21796 24480 26043 30179 30439 32335 36536 45867 48299 53386 70050 86758 91133
129 1720 5242 5325 5537 5751 5799 6469 7259 7399 8771 9355 9879 12444 12576 12998 13186 13377 14193 21737 29938 31800 35348 43733 47250 52488 54434 60877 64740 75232 80443
556 702 1686 2252 3145 3798 5687 10282 10304 12067 12911 13834 15625 15894 16324 16517 18517 19183 23294 23545 24144 25316 29790 30079 31482 34099 40239 41177 42048 121999 135126
5357 5465 6583 7602 10308 11204 11901 13686 15474 17378 17696 18112 18619 20538 21349 21862 22696 24278 27218 27888 28616 37186 39223 41668 42152 43802 44681 44812 51619 54645 66032
2182 2436 2672 3474 7002 7070 9379 10863 11778 11901 12986 13162 15283 21410 21435 22846 23003 24054 24611 26336 27773 30275 33370 37165 48345 52630 54043 56191 75530 81698 84767
91 655 1076 3267 3389 3450 3864 7072 8207 9132 9400 10609 11649 12314 12586 14503 14872 15949 17555 21293 21946 21995 23042 31112 49948 52515 55980 69616 81412 82778 85183
342 3263 4111 4784 4988 6228 6431 6648 7940 9347 9978 12103 12515 12690 15468 16804 18945 23286 24756 26117 26242 26540 29267 29734 34418 45432 49136 54459 97047 104644 151378
44 2813 3289 3750 5201 6808 6833 7467 7561 7763 9351 19688 20843 23209 23427 25338 26930 27027 27316 30260 33317 34060 36812 39619 48452 49908 59854 60022 66643 74146 78217
538 1703 2090 2768 3038 3751 3768 4656 4831 5399 5641 5781 5848 6473 6714 14157 14845 18270 25084 33147 40334 41215 47588 48219 48312 49626 55361 56065 57236 62674 104540
65 460 3243 3990 4055 4134 4563 5130 6518 8870 10811 12529 15441 18320 18983 21862 22698 26318 29766 30996 35600 37610 40832 44656 53287 56073 61032 77220 78295 79807 99774
299 1954 3660 3855 4208 5707 7226 7812 9382 10739 11491 15296 15899 17088 19780 23605 26754 27766 28659 28799 30498 41232 42160 47762 48527 51365 56433 63402 68424 69760 69859
1482 2147 2286 3589 3589 3771 7616 10255 10847 11080 12192 12946 15632 16007 16634 17611 18533 19021 22458 23549 24460 24997 26725 30624 38624 40709 41984 42284 63400 72385 105215
1870 2126 3017 5026 6789 7499 7900 8521 8629 9136 10237 11393 11772 14981 15572 22747 26966 28520 29203 29393 32103 36178 36351 37964 45223 46334 47897 49165 49782 66822 96505
739 1818 4112 4918 5226 5657 9547 10481 12938 15018 17161 17300 17725 18348 20280 20511 21055 22096 25204 25389 28508 29783 37269 39623 40183 52240 59728 65639 71259 88036 88246
9 4269 5234 6307 7635 7740 8035 10338 12055 12720 14336 14605 16631 16707 18458 19710 20365 20756 21551 25716 27134 27154 35982 42567 45008 51033 55128 57031 69468 103720 119147
3 537 1884 1891 1981 3092 4312 4658 4769 4922 6341 6755 12254 12907 13270 18099 19122 19142 23762 26059 30273 31373 38239 39019 45761 49997 58200 66819 68135 74218 144280
541 1915 4642 5397 7471 7591 8630 9063 11312 11365 11830 13324 14539 15683 17688 19949 20123 21590 22477 22816 27381 30269 34124 37508 38598 39234 39471 41924 62747 66641 88179
63 1233 1594 2186 5254 7940 8425 10697 12957 13076 14347 15916 17062 19885 22631 23851 24372 29285 29746 30883 35889 36318 37292 38740 39871 44937 45262 53423 64039 70264 103272
226 468 1275 3499 5140 10144 11060 11503 12139 16573 16597 16991 17134 17960 18078 18651 19456 19873 20401 21375 29776 31891 32624 32720 33552 35534 40472 52453 74430 106383 151781
831 1873 2934 4314 5701 5805 5975 6073 6163 6748 7692 7980 11643 12134 14996 15738 19190 19830 21132 21628 24409 25983 30119 33487 34845 41969 43090 57115 86019 90378 97049
803 1150 3770 4069 4191 4324 4859 5134 6337 7244 9050 10576 11217 15774 17158 19278 21032 22694 26865 28059 31661 35386 35389 38500 47295 48098 51300 62454 64537 66244 67792
846 869 1414 2758 4296 4689 4728 6075 7303 10458 13886 14329 15790 17151 18527 19268 23014 25351 28683 31778 31886 36165 42126 44568 44948 46782 49549 65640 67282 75508 121403
1039 1397 1551 2291 2428 2602 3305 4080 4338 4432 4565 5202 10092 11583 13887 15463 20610 22235 26190 32131 32240 32245 33317 39573 40312 42232 46354 49808 54914 106352 155384
89 2079 2764 2868 2906 4181 4465 4927 6494 8410 9528 11855 12643 14035 14467 16111 18458 20866 21464 23045 24754 27024 29058 36322 44544 45027 52169 53220 65492 77220 139834
276 410 1978 2278 2702 4446 5683 5789 7094 7607 8851 9049 10862 12715 13394 14980 20591 23592 28045 37674 40778 41292 42169 46228 48733 55862 62409 62670 70694 91058 118730
241 861 1289 1974 4705 5889 6892 7525 8038 9031 9394 10812 11417 14922 15195 19201 19745 22242 24872 29422 31777 35332 39367 42069 43908 48887 52784 59291 83179 99427 113547
588 984 1231 1464 1822 2907 4539 4944 8818 8989 9184 9820 11828 12301 14855 16955 17387 20177 21165 22132 24302 25208 29526 30189 40368 41536 54244 55164 62255 81221 147867
132 1479 2867 5561 5941 6776 10139 11234 11734 12287 14173 14998 15832 20056 20451 22783 24386 26750 27837 27888 28076 30129 34230 37964 38465 40432 42742 46652 49088 65572 77685
1143 2375 2490 2765 2804 2826 4291 4813 5518 6005 6046 7846 11674 17132 19289 19989 21030 21320 22216 25224 28085 34442 45819 46465 47151 59408 60215 64141 75925 79391 91957
389 479 703 1580 1865 4178 5492 5869 6479 6905 7891 8273 8361 8590 9197 10990 11078 12467 15532 16940 25348 34856 35630 35819 43479 47587 52969 60649 83753 86457 109625
588 789 2937 3616 3745 5956 6150 7202 7316 8020 9479 10530 10820 11901 12848 15089 18073 19530 20086 20883 22777 28632 33607 36010 37246 39225 39529 55276 88595 104569 113606
