1000 28 18
3955 5613 7308 7629 10227 11028 13489 14793 15195 23855 37615 46494 76841 86779 129829 165968 169817 170513
4236 5514 5523 6846 10079 24072 31141 37122 38598 38963 52098 61291 72901 76003 77567 122100 137042 195696
4633 7391 11929 21273 29900 30148 34806 37795 45660 52344 66154 67022 72536 74279 94766 101289 112222 131582
14754 17359 17452 20591 21605 27424 29651 29845 34169 42389 42893 58270 69355 73436 81070 82217 124031 206516
2190 2392 5306 5498 5731 9695 21268 28753 30643 37114 37892 47900 65123 85690 86219 89134 191286 239968
2116 4522 6650 10574 13986 16738 18564 18834 28127 30617 57043 69734 73654 76770 102958 120528 165111 176841
3078 6362 7370 8114 12388 15000 18514 27978 28852 39617 48803 68935 77712 103360 105853 115238 121926 187532
6000 6009 9652 10567 19961 21890 25482 27153 29791 31934 33772 34202 59889 68880 81189 100769 103063 326717
1311 5861 8363 10070 13186 15091 17111 29620 29627 32988 47153 52074 60398 106984 122064 138814 148947 156799
247 1671 2109 4289 4585 7575 11364 25560 26334 36714 50007 54473 56069 60558 113409 115231 175024 248058
2972 3390 12444 14112 14269 14584 24106 24577 32023 44412 56877 71116 78893 100461 103063 116590 118428 161479
1344 2030 2093 7214 11659 13031 34710 35783 38088 38679 39289 63013 70554 80309 111108 119099 143450 182930
326 4828 6968 11343 12925 16239 27060 30110 33629 45284 52407 69633 78446 84740 95166 100437 126326 199771
4197 18559 18973 25160 27505 28476 31716 33205 40494 48850 49815 54523 64838 87107 95190 104720 108026 153759
1130 1334 2823 8490 13464 26658 31335 34885 37714 50950 55315 65264 67905 68121 71102 109556 122700 223764
3523 5677 9848 9851 23753 24130 27549 28090 30959 42749 60207 79589 79630 84070 85966 109729 112495 177865
7680 9170 11525 15841 17859 20032 37334 41521 42364 46962 58114 60511 71242 79916 81798 99847 131262 160044
1058 1497 2740 12375 15513 16001 19387 21402 31442 42184 61366 69433 81271 106247 114006 115045 139177 143255
450 824 1367 3057 3263 6656 16265 18060 35155 43988 46487 50412 81614 91542 111143 133369 159170 191064
1395 3682 5306 10888 12841 22252 35874 36231 40570 49748 59338 72241 88304 89611 92028 102908 124798 148574
527 3463 7364 9722 12305 16475 18162 23659 31200 41654 47338 51887 61026 64573 90122 121400 189350 201715
9177 9617 10943 19501 21938 25346 29590 29767 44459 46986 46995 69527 71194 100990 102565 104239 119765 130421
1068 2327 8294 9334 12798 13078 14485 18048 21386 31746 50091 60560 74911 85587 90701 105685 142422 252269
2268 3270 6586 15399 20012 20564 27860 35459 37464 42944 64808 71231 76845 77209 97053 113647 122788 159705
2755 6354 13094 17590 26746 27478 30458 36021 46029 46944 51781 56921 68800 72113 77803 116183 142770 151974
4784 5327 5949 9814 12547 17861 19497 20953 34251 41641 44721 44792 49288 103029 116750 132273 153939 176521
5142 10126 11482 13338 15057 17542 19895 22141 24891 41365 47268 48945 79073 79409 85378 91285 106786 276391
2488 3753 7852 11997 15542 18718 32331 32383 35710 43748 54133 73176 75024 87368 88751 101300 110496 200401
