q 1 13 15
q 1 11 15
q 1 5 2
q 1 8 2
q 1 11 17
q 1 5 8
q 1 9 12
q 1 10 2
q 1 12 6
q 1 7 2
q 1 16 8
q 1 11 9
q 1 7 6
q 1 7 12
q 1 12 12
q 1 9 13
q 1 7 1
q 1 14 2
q 1 2 9
q 1 16 13
q 1 10 13
q 1 2 5
q 1 15 16
q 1 2 16
q 1 3 13
q 1 16 11
q 1 15 6
q 1 15 17
q 1 4 16
q 1 6 16
q 1 15 18
q 1 4 11
q 1 16 16
q 1 7 17
q 1 2 2
q 1 8 9
q 1 4 12
q 1 16 4
q 1 17 15
q 1 13 5
q 1 13 9
q 1 9 7
q 1 2 8
q 1 17 16
q 1 18 15
q 1 5 4
q 1 12 4
q 1 8 10
q 1 16 17
q 1 5 12
q 1 1 15
q 1 9 3
q 1 5 10
q 1 7 14
q 1 13 4
q 1 16 15
q 1 4 7
q 1 3 14
q 1 17 14
q 1 17 1
q 1 18 1
q 1 15 13
q 1 15 15
q 1 2 11
q 1 16 1
q 1 18 17
q 1 6 10
q 1 7 9
q 1 16 2
q 1 10 5
q 1 10 11
q 1 3 18
q 1 17 7
q 1 14 9
q 1 17 12
q 1 7 3
q 1 9 10
q 1 3 9
q 1 4 1
q 1 15 9
q 1 7 4
q 1 16 14
q 1 9 14
q 1 5 7
q 1 14 14
q 1 14 8
q 1 17 9
q 1 17 10
q 1 14 16
q 1 8 1
q 1 13 17
q 1 8 15
q 1 14 11
q 1 4 10
q 1 3 10
q 1 4 9
q 1 18 13
q 1 9 11
q 1 18 5
q 1 3 6
q 1 8 11
q 1 11 1
q 1 2 17
q 1 17 2
q 1 9 18
q 1 10 8
q 1 2 10
q 1 11 11
q 1 15 1
q 1 12 3
q 1 3 3
q 1 17 17
q 1 14 3
q 1 17 18
q 1 10 10
q 1 10 12
q 1 2 6
q 1 5 18
q 1 13 7
q 1 6 1
q 1 17 13
q 1 1 10
q 1 17 0
q 1 11 10
q 1 1 17
q 1 1 1
q 1 15 14
q 1 4 6
q 1 17 3
q 1 3 17
q 1 11 18
q 1 8 13
q 1 13 11
q 1 2 13
q 1 9 16
q 1 11 4
q 1 8 0
q 1 5 14
q 1 2 18
q 1 18 10
q 1 12 2
q 1 5 11
q 1 14 15
q 1 8 6
q 1 5 13
q 1 12 10
q 1 18 11
q 1 1 4
q 1 14 1
q 1 18 16
q 1 18 2
q 1 11 5
q 1 1 8
q 1 1 18
q 1 19 1
q 1 16 10
q 1 16 0
q 1 5 15
q 1 18 9
q 1 15 5
q 1 13 8
q 1 6 5
q 1 6 9
q 1 18 14
q 1 14 17
q 1 3 8
q 1 15 10
q 1 3 7
q 1 5 16
q 1 9 4
q 1 17 11
q 1 10 14
q 1 8 3
q 1 3 11
q 1 3 12
q 1 0 16
q 1 9 9
q 1 0 12
q 1 18 3
q 1 16 12
q 1 4 15
q 1 19 15
q 1 15 0
q 1 15 8
q 1 19 11
q 1 8 12
q 1 2 7
q 1 15 7
q 1 17 6
q 1 13 13
q 1 18 0
q 1 19 16
q 1 12 5
q 1 6 3
q 1 16 18
q 1 4 5
q 1 8 19
q 1 11 12
q 1 6 14
q 1 1 6
q 1 12 16
q 1 14 10
q 1 10 3
q 1 6 15
q 1 14 5
q 1 4 14
q 1 4 8
q 1 13 10
q 1 9 0
q 1 7 10
q 1 4 0
q 1 19 10
q 1 0 2
q 1 5 9
q 1 4 19
q 1 2 15
q 1 9 1
q 1 15 12
q 1 10 9
q 1 11 8
q 1 13 16
q 1 1 7
q 1 13 6
q 1 19 6
q 1 6 13
q 1 14 6
q 1 2 12
q 1 12 19
q 1 14 19
q 1 18 12
q 1 10 18
q 1 12 11
q 1 8 14
q 1 14 7
q 1 10 19
q 1 14 12
q 1 19 2
q 1 7 15
q 1 6 7
q 1 1 9
q 1 11 19
q 1 12 9
q 1 12 1
q 1 2 1
q 1 2 19
q 1 9 19
q 1 7 0
q 1 10 4
q 1 4 13
q 1 6 11
q 1 13 19
a 101 8 2 9 12 7 2 9 13 7 1 2 9 16 13 15 16 2 16 15 17 4 11 16 16 4 12 17 15 13 5 17 16 18 15 12 4 8 10 16 17 5 10 16 15 4 7 17 14 17 1 18 1 15 15 16 1 6 10 10 11 14 9 17 12 7 3 9 10 3 9 15 9 16 14 9 14 14 8 17 10 14 16 8 1 4 10 3 10 9 11 3 6 2 17 17 2 2 10 11 11 15 1 12 3 17 17 10 10 17 0 11 10 1 17 15 14 8 13 11 4 5 14 2 18 18 10 12 10 18 11 18 16 18 2 16 10 16 0 5 15 3 8 3 7 5 16 17 11 3 11 3 12 16 12 15 8 2 7 18 0 19 16 12 5 6 14 14 10 6 15 14 5 4 14 15 12 10 9 1 7 13 6 12 19 18 12 10 18 12 11 8 14 14 7 10 19 11 19 2 19 13 19
