q 1 1 12
q 1 7 16
a 91 0 12 1 11 1 12 1 13 2 10 2 11 2 12 3 11 3 12 4 12 5 3 5 4 5 7 5 8 6 3 6 4 6 6 6 7 6 8 6 19 7 2 7 7 7 14 7 18 7 19 8 2 8 3 8 6 8 7 8 14 8 15 8 19 9 2 9 3 9 4 9 5 9 6 9 7 9 14 10 3 10 4 10 5 10 6 10 7 10 9 10 10 10 11 11 3 11 4 11 6 11 8 11 9 11 11 11 17 12 9 12 10 12 12 12 15 12 16 12 17 12 18 13 6 13 8 13 9 13 10 13 12 13 15 13 16 13 17 13 18 14 5 14 6 14 8 14 9 14 10 14 12 14 13 14 14 15 3 15 4 15 5 15 6 16 5 17 18 18 16 18 17 18 18 19 16 19 17 19 18 19 19
q 1 2 6
a 86 1 9 1 10 1 12 1 13 2 7 2 8 2 9 2 10 2 12 2 13 2 14 3 7 3 8 3 14 3 15 3 16 4 13 4 14 4 15 4 16 4 17 4 18 5 1 5 2 5 3 5 13 5 14 5 15 6 3 6 13 6 14 6 15 7 2 7 3 7 4 7 11 7 12 7 14 8 3 8 12 8 13 9 3 9 12 9 13 10 2 10 3 11 3 12 3 13 2 13 3 13 7 14 2 14 3 14 7 14 11 14 13 14 14 14 15 14 17 15 0 15 1 15 7 15 8 15 9 15 10 15 11 15 13 15 14 15 15 15 16 15 17 16 0 16 1 16 5 16 6 16 7 16 9 16 10 16 14 16 15 17 6 17 7 17 15 17 16 18 7 18 15
q 1 15 15
q 1 3 12
q 1 14 7
q 1 17 7
q 1 14 16
q 1 5 11
q 1 6 4
q 1 7 3
q 1 12 3
q 1 2 18
q 1 3 9
q 1 16 17
q 1 3 3
q 1 8 7
q 1 16 1
q 1 9 11
q 1 16 3
q 1 14 13
q 1 3 14
q 1 2 15
q 1 14 2
q 1 13 17
q 1 5 3
q 1 15 4
q 1 8 2
q 1 7 9
q 1 18 11
q 1 10 9
q 1 3 18
q 1 11 9
q 1 7 4
q 1 6 5
q 1 8 14
q 1 10 5
q 1 9 2
q 1 12 13
q 1 17 13
q 1 15 12
q 1 5 5
q 1 11 12
q 1 13 10
q 1 10 17
q 1 6 1
q 1 12 5
q 1 16 9
q 1 17 4
q 1 17 14
q 1 7 2
q 1 6 18
q 1 6 8
q 1 5 13
q 1 16 13
q 1 10 12
q 1 4 17
q 1 10 14
q 1 18 12
q 1 4 15
q 1 12 12
q 1 6 12
q 1 10 7
q 1 6 3
q 1 15 5
q 1 5 14
q 1 7 12
q 1 16 2
q 1 8 4
q 1 18 17
q 1 12 14
q 1 18 6
q 1 4 7
q 1 18 14
q 1 1 1
q 1 11 11
q 1 5 2
q 1 6 13
q 1 15 14
q 1 12 11
q 1 17 10
q 1 13 4
q 1 15 18
q 1 0 15
q 1 16 15
q 1 2 4
q 1 6 14
q 1 9 9
q 1 2 17
q 1 11 7
q 1 8 1
q 1 2 10
q 1 9 15
q 1 12 7
q 1 12 1
q 1 1 8
q 1 6 6
q 1 9 6
q 1 17 2
q 1 11 18
q 1 5 4
q 1 1 13
q 1 7 13
q 1 4 4
q 1 8 12
q 1 15 3
q 1 7 11
q 1 16 6
q 1 10 3
q 1 12 15
q 1 18 3
q 1 12 8
q 1 3 1
q 1 2 12
q 1 11 13
q 1 8 18
q 1 13 8
q 1 18 9
q 1 6 11
q 1 6 2
q 1 10 11
q 1 11 8
q 1 5 17
q 1 1 14
q 1 14 9
q 1 12 6
q 1 13 12
q 1 1 11
q 1 5 9
q 1 4 5
q 1 4 0
q 1 10 13
q 1 5 12
q 1 1 4
q 1 14 4
q 1 16 12
q 1 8 10
q 1 7 5
q 1 17 11
q 1 14 14
q 1 8 3
q 1 7 1
q 1 10 1
q 1 12 9
q 1 10 8
q 1 17 18
q 1 18 16
q 1 2 19
q 1 15 9
q 1 16 14
q 1 9 8
q 1 13 7
q 1 3 19
q 1 4 13
q 1 1 18
q 1 1 17
q 1 2 8
q 1 13 19
q 1 8 17
q 1 5 1
q 1 7 6
q 1 1 3
q 1 3 10
q 1 14 0
q 1 14 15
q 1 15 11
q 1 12 16
q 1 11 10
q 1 17 3
q 1 13 9
q 1 4 14
q 1 16 4
q 1 12 10
q 1 9 13
q 1 1 19
q 1 18 1
q 1 4 3
q 1 0 12
q 1 7 0
q 1 6 15
q 1 11 14
q 1 15 2
q 1 11 15
q 1 2 13
q 1 9 7
q 1 8 13
q 1 9 12
q 1 11 6
q 1 10 19
q 1 13 13
q 1 11 0
q 1 15 8
q 1 13 14
q 1 4 2
q 1 10 10
q 1 4 18
q 1 5 10
q 1 10 15
q 1 10 6
q 1 0 7
q 1 8 5
q 1 9 10
q 1 13 15
q 1 2 2
q 1 11 4
q 1 18 13
q 1 4 12
q 1 7 14
q 1 3 4
q 1 19 7
q 1 19 4
q 1 4 8
q 1 3 16
q 1 1 5
q 1 1 10
q 1 10 16
q 1 14 3
q 1 15 16
q 1 19 10
q 1 19 8
q 1 6 0
q 1 18 19
q 1 17 5
q 1 17 15
q 1 18 15
q 1 18 0
q 1 19 11
q 1 1 0
q 1 3 6
q 1 9 5
q 1 6 10
q 1 11 17
q 1 10 2
q 1 0 18
q 1 0 10
q 1 15 13
q 1 5 15
q 1 9 16
q 1 7 18
q 1 19 12
q 1 0 13
q 1 13 6
q 1 16 5
q 1 14 8
q 1 9 14
q 1 18 10
a 82 1 12 15 15 6 4 7 3 2 18 16 3 5 3 15 4 8 2 18 11 10 9 3 18 7 4 6 5 12 13 17 13 11 12 6 1 17 14 7 2 5 13 16 13 10 12 12 12 6 12 10 7 6 3 5 14 7 12 16 2 11 11 6 13 15 14 11 7 12 7 5 4 1 13 7 13 4 4 15 3 7 11 12 8 2 12 11 13 13 8 6 2 11 8 10 13 5 12 7 5 14 14 7 1 12 9 10 8 2 19 1 18 14 15 11 10 17 3 13 9 4 14 16 4 9 13 4 3 0 12 11 14 11 15 8 13 13 13 13 14 10 10 10 15 10 6 8 5 13 15 3 4 19 10 17 15 19 11 0 18 15 13 18 10
