q 1 9 7
q 1 3 2
q 1 12 11
q 1 8 3
q 1 3 14
q 1 17 9
q 1 9 17
q 1 13 5
q 1 7 9
q 1 3 6
q 1 2 11
q 1 13 10
q 1 13 9
q 1 4 5
q 1 2 4
q 1 3 16
q 1 12 3
q 1 16 12
q 1 4 15
q 1 7 3
q 1 9 12
q 1 14 13
q 1 9 13
q 1 7 15
q 1 2 8
q 1 6 12
q 1 15 7
q 1 9 14
q 1 5 2
q 1 8 15
q 1 16 5
q 1 17 16
q 1 11 8
q 1 1 14
q 1 17 3
q 1 12 16
q 1 14 10
q 1 2 9
q 1 4 9
q 1 11 4
q 1 8 12
q 1 5 7
q 1 3 13
q 1 4 11
q 1 10 12
q 1 14 2
q 1 3 8
q 1 14 16
q 1 2 10
q 1 12 18
q 1 11 14
q 1 2 16
q 1 13 17
q 1 9 11
q 1 10 13
q 1 14 6
q 1 10 15
q 1 12 14
q 1 5 10
q 1 9 3
q 1 11 13
q 1 5 18
q 1 7 5
q 1 14 8
q 1 17 14
q 1 9 5
q 1 11 16
q 1 5 16
q 1 12 13
q 1 1 7
q 1 7 6
q 1 12 17
q 1 2 12
q 1 14 18
q 1 11 3
q 1 8 2
q 1 10 1
q 1 6 6
q 1 3 17
q 1 3 11
q 1 17 11
q 1 9 2
q 1 17 6
q 1 8 9
q 1 1 9
q 1 2 3
q 1 2 17
q 1 6 8
q 1 11 1
q 1 17 5
q 1 8 1
q 1 15 15
q 1 16 17
q 1 17 1
q 1 14 4
q 1 8 13
q 1 11 11
q 1 7 4
q 1 1 10
q 1 11 2
q 1 7 1
q 1 10 2
q 1 18 8
q 1 11 18
q 1 6 5
q 1 9 1
q 1 2 14
q 1 12 7
q 1 17 7
q 1 13 7
q 1 10 14
q 1 4 13
q 1 4 6
q 1 12 6
q 1 10 3
q 1 10 18
q 1 2 6
q 1 13 15
q 1 7 17
q 1 18 6
q 1 18 16
q 1 8 4
q 1 11 6
q 1 13 16
q 1 18 4
q 1 18 13
q 1 7 13
q 1 18 7
q 1 6 14
q 1 13 8
q 1 3 4
q 1 17 8
q 1 16 9
q 1 9 0
q 1 18 9
q 1 11 7
q 1 13 2
q 1 2 5
q 1 1 2
q 1 10 9
q 1 12 8
q 1 7 2
q 1 7 12
q 1 7 7
q 1 4 18
q 1 1 12
q 1 16 2
q 1 1 5
q 1 8 11
q 1 12 15
q 1 1 17
q 1 14 5
q 1 6 1
q 1 19 6
q 1 2 7
q 1 16 7
q 1 3 9
q 1 10 4
q 1 18 18
q 1 5 4
q 1 8 10
q 1 7 11
q 1 10 11
q 1 8 14
q 1 3 5
q 1 4 7
q 1 11 12
q 1 14 11
q 1 3 7
q 1 15 13
q 1 13 18
q 1 16 6
q 1 10 10
q 1 10 6
q 1 10 5
q 1 8 19
q 1 4 16
q 1 7 10
q 1 9 4
q 1 12 2
q 1 15 1
q 1 13 6
q 1 12 5
q 1 3 10
q 1 3 1
q 1 7 14
q 1 18 5
q 1 18 10
q 1 13 14
q 1 18 2
q 1 12 9
q 1 10 0
q 1 11 19
q 1 11 17
q 1 14 7
q 1 9 15
q 1 3 15
q 1 2 15
q 1 15 6
q 1 13 12
q 1 3 18
q 1 4 8
q 1 12 12
q 1 8 5
q 1 16 8
q 1 15 5
q 1 19 7
q 1 4 14
q 1 8 7
q 1 5 9
q 1 13 13
q 1 19 13
q 1 1 8
q 1 5 6
q 1 6 11
q 1 12 4
q 1 15 17
q 1 11 15
q 1 2 13
q 1 15 4
q 1 1 15
q 1 8 17
q 1 8 0
q 1 16 19
q 1 4 1
q 1 6 16
q 1 11 5
q 1 19 8
q 1 1 6
q 1 13 3
q 1 1 13
q 1 1 16
q 1 12 10
q 1 7 0
q 1 5 5
q 1 0 1
q 1 19 15
q 1 0 16
q 1 6 13
q 1 12 19
q 1 3 12
q 1 1 11
q 1 19 1
q 1 13 11
a 100 8 3 3 14 3 6 2 11 13 10 13 9 3 16 12 3 9 12 9 13 2 8 9 14 12 16 2 9 4 9 8 12 3 13 10 12 2 10 12 18 11 14 2 16 13 17 10 13 14 6 12 14 9 3 11 13 7 5 7 6 12 17 2 12 11 3 8 2 10 1 6 6 3 17 9 2 17 6 1 9 8 1 8 13 7 4 11 2 7 1 10 2 18 8 11 18 9 1 12 7 17 7 13 7 10 14 4 6 12 6 10 3 2 6 13 15 18 6 11 6 7 13 18 7 13 8 17 8 2 5 7 12 8 11 2 7 16 7 3 9 10 4 8 10 7 11 10 11 3 5 4 7 11 12 16 6 10 6 13 6 18 5 13 14 11 19 14 7 3 15 2 15 15 6 13 12 4 8 15 5 4 14 5 6 12 4 2 13 8 0 19 8 1 6 1 16 12 10 13 11
