q 1 4 6
q 1 7 3
a 84 0 13 1 4 1 13 2 3 2 4 2 12 2 13 3 4 3 11 3 12 4 3 4 4 4 5 4 6 4 7 4 12 4 17 4 18 5 4 5 7 5 12 5 18 5 19 6 3 6 4 6 7 6 8 6 15 7 15 8 15 9 11 9 15 9 17 9 18 9 19 10 1 10 11 10 17 10 18 11 1 11 2 11 3 11 6 11 9 11 10 11 11 11 13 12 1 12 3 12 6 12 10 12 11 12 12 12 13 13 0 13 1 13 6 13 12 13 13 14 1 14 5 14 6 14 8 14 13 15 4 15 5 15 6 15 7 15 8 15 13 16 4 16 7 16 8 16 13 16 14 17 7 17 8 17 13 17 14 17 15 17 16 18 8 18 13 18 14
q 1 15 7
q 1 2 11
q 1 3 15
a 85 0 3 1 3 1 11 1 12 2 3 2 10 2 12 2 13 3 2 3 3 3 6 3 8 3 9 3 10 4 6 4 9 4 10 4 11 4 12 4 14 5 6 5 10 5 11 5 13 5 14 5 16 5 17 6 6 6 12 6 13 6 14 6 17 7 12 7 13 7 16 7 17 7 18 8 11 8 12 8 13 8 16 8 17 8 18 8 19 9 12 9 13 9 17 9 18 11 18 12 0 12 6 12 17 12 18 13 0 13 1 13 2 13 6 13 14 13 15 13 16 13 18 14 0 14 2 14 6 14 7 14 10 14 13 14 14 14 15 14 18 15 6 15 9 15 10 15 13 16 6 16 9 16 11 16 12 16 13 17 8 17 12 18 5 18 6 18 7 18 8
q 1 3 8
q 1 3 5
q 1 4 4
q 1 15 8
q 1 5 10
q 1 12 16
q 1 18 8
q 1 9 8
q 1 13 3
q 1 14 10
q 1 6 8
a 90 0 1 1 0 1 1 1 2 1 3 1 4 1 7 2 1 2 2 2 3 2 5 2 6 2 7 3 5 3 6 3 9 4 4 4 5 4 6 4 7 4 8 4 9 4 19 5 9 5 17 5 18 5 19 6 9 6 10 6 11 6 12 6 18 6 19 7 10 7 12 7 13 7 14 7 15 8 3 8 5 8 15 9 3 9 4 9 5 9 7 9 15 9 16 10 3 10 5 10 7 10 8 10 9 10 10 10 15 11 5 11 8 11 15 12 0 12 6 12 7 12 8 12 14 12 15 13 0 13 7 13 8 14 0 14 1 14 5 14 6 14 7 14 8 14 15 15 0 15 1 15 6 15 15 16 0 16 1 16 6 16 7 16 8 16 15 16 19 17 1 17 7 17 15 17 18 17 19 18 19
q 1 10 9
q 1 17 14
q 1 8 15
q 1 7 13
q 1 10 14
q 1 15 5
q 1 5 4
q 1 4 14
q 1 14 2
q 1 12 18
q 1 10 5
q 1 9 1
q 1 16 13
q 1 11 12
q 1 4 5
q 1 8 6
q 1 5 17
q 1 15 15
q 1 6 12
q 1 8 17
q 1 15 12
q 1 5 12
q 1 4 3
q 1 3 3
q 1 5 13
q 1 18 10
q 1 3 16
q 1 9 12
q 1 16 3
q 1 12 1
q 1 5 2
q 1 16 9
q 1 3 4
q 1 6 5
q 1 11 2
q 1 6 13
q 1 11 7
q 1 6 11
q 1 6 17
q 1 8 18
q 1 12 7
q 1 7 11
q 1 10 1
q 1 5 15
q 1 13 8
q 1 17 2
q 1 8 12
q 1 11 5
q 1 10 10
q 1 16 16
q 1 13 12
q 1 3 18
q 1 13 15
q 1 17 17
q 1 12 4
q 1 1 5
q 1 7 1
q 1 3 6
q 1 4 9
q 1 10 18
q 1 5 18
q 1 2 2
q 1 4 12
q 1 1 15
q 1 18 18
q 1 12 17
q 1 2 7
q 1 4 13
q 1 16 4
q 1 13 9
q 1 11 6
q 1 14 11
q 1 1 12
q 1 8 2
q 1 4 11
q 1 8 4
q 1 12 5
q 1 7 17
q 1 15 19
q 1 3 7
q 1 13 13
q 1 5 11
q 1 12 0
q 1 9 16
q 1 15 1
q 1 17 6
q 1 12 10
q 1 9 3
q 1 15 18
q 1 6 14
q 1 2 6
q 1 4 7
q 1 7 7
q 1 15 17
q 1 12 6
q 1 3 12
q 1 18 3
q 1 8 0
q 1 13 6
q 1 7 16
q 1 2 9
q 1 2 3
q 1 17 11
q 1 11 13
q 1 5 6
q 1 5 7
q 1 7 19
q 1 7 14
q 1 4 1
q 1 11 11
q 1 7 10
q 1 4 17
q 1 10 7
q 1 9 5
q 1 8 13
q 1 9 13
q 1 10 2
q 1 9 6
q 1 1 19
q 1 18 16
q 1 11 8
q 1 10 6
q 1 17 4
q 1 14 14
q 1 8 5
q 1 16 18
q 1 9 17
q 1 2 17
q 1 6 15
q 1 3 13
q 1 12 8
q 1 1 1
q 1 1 7
q 1 5 3
q 1 8 14
q 1 1 3
q 1 6 6
q 1 8 1
q 1 13 19
q 1 18 5
q 1 4 2
q 1 18 13
q 1 14 18
q 1 11 1
q 1 5 5
q 1 17 1
q 1 9 14
q 1 7 12
q 1 17 18
q 1 6 4
q 1 6 3
q 1 10 17
q 1 5 14
q 1 12 9
q 1 18 1
q 1 1 10
q 1 7 2
q 1 9 11
q 1 14 9
q 1 13 1
q 1 14 5
q 1 8 9
q 1 18 17
q 1 6 19
q 1 7 0
q 1 17 3
q 1 14 0
q 1 9 7
q 1 11 14
q 1 10 19
q 1 2 5
q 1 17 0
q 1 0 3
q 1 10 13
q 1 2 14
q 1 15 3
q 1 19 1
q 1 16 0
q 1 9 19
q 1 8 7
q 1 3 2
q 1 18 19
q 1 18 0
q 1 16 1
q 1 10 0
q 1 17 7
q 1 3 0
q 1 2 4
q 1 8 19
q 1 15 0
q 1 10 3
q 1 11 19
q 1 9 18
q 1 18 15
q 1 19 0
q 1 11 15
q 1 1 18
q 1 4 8
q 1 18 2
q 1 17 12
q 1 14 1
q 1 9 10
q 1 11 4
q 1 12 2
q 1 11 0
q 1 7 18
q 1 6 16
q 1 11 9
q 1 0 4
q 1 8 16
q 1 11 18
q 1 10 12
q 1 17 9
q 1 3 19
q 1 12 12
q 1 9 0
q 1 7 4
q 1 14 12
q 1 13 2
q 1 13 11
q 1 14 13
q 1 19 4
q 1 1 13
q 1 13 0
q 1 1 2
q 1 1 8
q 1 16 5
q 1 14 16
q 1 16 17
q 1 6 9
q 1 0 16
q 1 14 8
q 1 7 15
q 1 19 9
q 1 13 7
q 1 9 4
q 1 8 10
q 1 9 2
q 1 17 16
q 1 12 11
q 1 2 10
q 1 10 4
q 1 16 2
q 1 18 6
q 1 13 4
q 1 19 2
q 1 13 10
q 1 6 10
a 94 4 6 3 5 4 4 7 13 5 4 10 5 9 1 4 5 5 17 6 12 8 17 5 12 4 3 3 3 5 13 9 12 16 3 12 1 6 13 11 7 6 11 6 17 10 1 13 8 11 5 13 12 17 17 3 6 4 12 2 7 4 13 13 9 11 6 8 2 4 11 7 17 3 7 15 18 6 14 4 7 12 6 8 0 2 3 5 6 7 14 10 7 9 5 8 13 9 13 9 6 11 8 17 4 16 18 9 17 5 3 8 14 1 3 8 1 11 1 5 5 17 1 17 18 6 4 5 14 12 9 18 1 9 11 13 1 17 3 9 7 10 19 17 0 0 3 19 1 16 0 9 19 18 0 16 1 8 19 11 19 9 18 19 0 14 1 12 2 8 16 10 12 12 12 9 0 14 12 13 11 1 2 14 8 16 2 6 10
